Datum von;Datum bis;Preis
01.01.2016 00:00;01.01.2016 01:00;23,86
01.01.2016 01:00;01.01.2016 02:00;22,39
01.01.2016 02:00;01.01.2016 03:00;20,59
01.01.2016 03:00;01.01.2016 04:00;16,81
01.01.2016 04:00;01.01.2016 05:00;17,41
01.01.2016 05:00;01.01.2016 06:00;17,02
01.01.2016 06:00;01.01.2016 07:00;15,86
01.01.2016 07:00;01.01.2016 08:00;18,16
01.01.2016 08:00;01.01.2016 09:00;17,73
01.01.2016 09:00;01.01.2016 10:00;19,77
01.01.2016 10:00;01.01.2016 11:00;23,75
01.01.2016 11:00;01.01.2016 12:00;26,03
01.01.2016 12:00;01.01.2016 13:00;27,06
01.01.2016 13:00;01.01.2016 14:00;26,59
01.01.2016 14:00;01.01.2016 15:00;25,0
01.01.2016 15:00;01.01.2016 16:00;24,43
01.01.2016 16:00;01.01.2016 17:00;28,87
01.01.2016 17:00;01.01.2016 18:00;37,44
01.01.2016 18:00;01.01.2016 19:00;37,41
01.01.2016 19:00;01.01.2016 20:00;35,34
01.01.2016 20:00;01.01.2016 21:00;33,07
01.01.2016 21:00;01.01.2016 22:00;29,52
01.01.2016 22:00;01.01.2016 23:00;30,1
01.01.2016 23:00;02.01.2016 00:00;24,57
02.01.2016 00:00;02.01.2016 01:00;22,2
02.01.2016 01:00;02.01.2016 02:00;16,57
02.01.2016 02:00;02.01.2016 03:00;15,35
02.01.2016 03:00;02.01.2016 04:00;12,77
02.01.2016 04:00;02.01.2016 05:00;11,27
02.01.2016 05:00;02.01.2016 06:00;11,91
02.01.2016 06:00;02.01.2016 07:00;12,62
02.01.2016 07:00;02.01.2016 08:00;13,83
02.01.2016 08:00;02.01.2016 09:00;16,12
02.01.2016 09:00;02.01.2016 10:00;18,12
02.01.2016 10:00;02.01.2016 11:00;19,59
02.01.2016 11:00;02.01.2016 12:00;21,07
02.01.2016 12:00;02.01.2016 13:00;22,54
02.01.2016 13:00;02.01.2016 14:00;19,79
02.01.2016 14:00;02.01.2016 15:00;16,9
02.01.2016 15:00;02.01.2016 16:00;16,97
02.01.2016 16:00;02.01.2016 17:00;19,25
02.01.2016 17:00;02.01.2016 18:00;28,01
02.01.2016 18:00;02.01.2016 19:00;28,36
02.01.2016 19:00;02.01.2016 20:00;26,56
02.01.2016 20:00;02.01.2016 21:00;17,38
02.01.2016 21:00;02.01.2016 22:00;15,83
02.01.2016 22:00;02.01.2016 23:00;16,97
02.01.2016 23:00;03.01.2016 00:00;15,31
03.01.2016 00:00;03.01.2016 01:00;6,99
03.01.2016 01:00;03.01.2016 02:00;-0,01
03.01.2016 02:00;03.01.2016 03:00;0,23
03.01.2016 03:00;03.01.2016 04:00;4,51
03.01.2016 04:00;03.01.2016 05:00;4,12
03.01.2016 05:00;03.01.2016 06:00;6,76
03.01.2016 06:00;03.01.2016 07:00;0,75
03.01.2016 07:00;03.01.2016 08:00;4,27
03.01.2016 08:00;03.01.2016 09:00;9,11
03.01.2016 09:00;03.01.2016 10:00;15,92
03.01.2016 10:00;03.01.2016 11:00;17,06
03.01.2016 11:00;03.01.2016 12:00;19,28
03.01.2016 12:00;03.01.2016 13:00;20,25
03.01.2016 13:00;03.01.2016 14:00;17,66
03.01.2016 14:00;03.01.2016 15:00;18,49
03.01.2016 15:00;03.01.2016 16:00;16,51
03.01.2016 16:00;03.01.2016 17:00;18,76
03.01.2016 17:00;03.01.2016 18:00;22,21
03.01.2016 18:00;03.01.2016 19:00;26,76
03.01.2016 19:00;03.01.2016 20:00;27,08
03.01.2016 20:00;03.01.2016 21:00;25,33
03.01.2016 21:00;03.01.2016 22:00;22,11
03.01.2016 22:00;03.01.2016 23:00;20,91
03.01.2016 23:00;04.01.2016 00:00;14,43
04.01.2016 00:00;04.01.2016 01:00;13,78
04.01.2016 01:00;04.01.2016 02:00;12,77
04.01.2016 02:00;04.01.2016 03:00;10,56
04.01.2016 03:00;04.01.2016 04:00;3,87
04.01.2016 04:00;04.01.2016 05:00;3,2
04.01.2016 05:00;04.01.2016 06:00;8,67
04.01.2016 06:00;04.01.2016 07:00;18,01
04.01.2016 07:00;04.01.2016 08:00;28,52
04.01.2016 08:00;04.01.2016 09:00;34,74
04.01.2016 09:00;04.01.2016 10:00;33,46
04.01.2016 10:00;04.01.2016 11:00;33,24
04.01.2016 11:00;04.01.2016 12:00;35,09
04.01.2016 12:00;04.01.2016 13:00;35,0
04.01.2016 13:00;04.01.2016 14:00;35,0
04.01.2016 14:00;04.01.2016 15:00;34,94
04.01.2016 15:00;04.01.2016 16:00;34,92
04.01.2016 16:00;04.01.2016 17:00;38,0
04.01.2016 17:00;04.01.2016 18:00;41,21
04.01.2016 18:00;04.01.2016 19:00;42,95
04.01.2016 19:00;04.01.2016 20:00;41,96
04.01.2016 20:00;04.01.2016 21:00;34,94
04.01.2016 21:00;04.01.2016 22:00;30,66
04.01.2016 22:00;04.01.2016 23:00;30,0
04.01.2016 23:00;05.01.2016 00:00;23,9
05.01.2016 00:00;05.01.2016 01:00;25,03
05.01.2016 01:00;05.01.2016 02:00;24,42
05.01.2016 02:00;05.01.2016 03:00;22,34
05.01.2016 03:00;05.01.2016 04:00;21,5
05.01.2016 04:00;05.01.2016 05:00;20,0
05.01.2016 05:00;05.01.2016 06:00;23,53
05.01.2016 06:00;05.01.2016 07:00;28,96
05.01.2016 07:00;05.01.2016 08:00;38,32
05.01.2016 08:00;05.01.2016 09:00;41,45
05.01.2016 09:00;05.01.2016 10:00;40,72
05.01.2016 10:00;05.01.2016 11:00;40,66
05.01.2016 11:00;05.01.2016 12:00;40,33
05.01.2016 12:00;05.01.2016 13:00;38,25
05.01.2016 13:00;05.01.2016 14:00;36,98
05.01.2016 14:00;05.01.2016 15:00;34,91
05.01.2016 15:00;05.01.2016 16:00;33,5
05.01.2016 16:00;05.01.2016 17:00;35,1
05.01.2016 17:00;05.01.2016 18:00;42,44
05.01.2016 18:00;05.01.2016 19:00;42,94
05.01.2016 19:00;05.01.2016 20:00;41,74
05.01.2016 20:00;05.01.2016 21:00;36,47
05.01.2016 21:00;05.01.2016 22:00;33,01
05.01.2016 22:00;05.01.2016 23:00;31,75
05.01.2016 23:00;06.01.2016 00:00;26,99
06.01.2016 00:00;06.01.2016 01:00;26,62
06.01.2016 01:00;06.01.2016 02:00;25,58
06.01.2016 02:00;06.01.2016 03:00;24,59
06.01.2016 03:00;06.01.2016 04:00;22,5
06.01.2016 04:00;06.01.2016 05:00;23,16
06.01.2016 05:00;06.01.2016 06:00;24,99
06.01.2016 06:00;06.01.2016 07:00;26,62
06.01.2016 07:00;06.01.2016 08:00;28,03
06.01.2016 08:00;06.01.2016 09:00;29,34
06.01.2016 09:00;06.01.2016 10:00;32,94
06.01.2016 10:00;06.01.2016 11:00;37,71
06.01.2016 11:00;06.01.2016 12:00;40,08
06.01.2016 12:00;06.01.2016 13:00;40,73
06.01.2016 13:00;06.01.2016 14:00;38,26
06.01.2016 14:00;06.01.2016 15:00;35,44
06.01.2016 15:00;06.01.2016 16:00;36,92
06.01.2016 16:00;06.01.2016 17:00;41,28
06.01.2016 17:00;06.01.2016 18:00;44,95
06.01.2016 18:00;06.01.2016 19:00;46,9
06.01.2016 19:00;06.01.2016 20:00;43,95
06.01.2016 20:00;06.01.2016 21:00;39,94
06.01.2016 21:00;06.01.2016 22:00;32,4
06.01.2016 22:00;06.01.2016 23:00;33,51
06.01.2016 23:00;07.01.2016 00:00;30,11
07.01.2016 00:00;07.01.2016 01:00;26,41
07.01.2016 01:00;07.01.2016 02:00;26,05
07.01.2016 02:00;07.01.2016 03:00;24,93
07.01.2016 03:00;07.01.2016 04:00;22,39
07.01.2016 04:00;07.01.2016 05:00;22,32
07.01.2016 05:00;07.01.2016 06:00;24,2
07.01.2016 06:00;07.01.2016 07:00;31,0
07.01.2016 07:00;07.01.2016 08:00;42,47
07.01.2016 08:00;07.01.2016 09:00;42,97
07.01.2016 09:00;07.01.2016 10:00;41,93
07.01.2016 10:00;07.01.2016 11:00;41,62
07.01.2016 11:00;07.01.2016 12:00;41,5
07.01.2016 12:00;07.01.2016 13:00;40,66
07.01.2016 13:00;07.01.2016 14:00;40,33
07.01.2016 14:00;07.01.2016 15:00;36,51
07.01.2016 15:00;07.01.2016 16:00;33,49
07.01.2016 16:00;07.01.2016 17:00;34,19
07.01.2016 17:00;07.01.2016 18:00;40,66
07.01.2016 18:00;07.01.2016 19:00;40,8
07.01.2016 19:00;07.01.2016 20:00;37,19
07.01.2016 20:00;07.01.2016 21:00;31,94
07.01.2016 21:00;07.01.2016 22:00;27,01
07.01.2016 22:00;07.01.2016 23:00;27,52
07.01.2016 23:00;08.01.2016 00:00;23,4
08.01.2016 00:00;08.01.2016 01:00;12,12
08.01.2016 01:00;08.01.2016 02:00;17,23
08.01.2016 02:00;08.01.2016 03:00;13,9
08.01.2016 03:00;08.01.2016 04:00;12,11
08.01.2016 04:00;08.01.2016 05:00;12,99
08.01.2016 05:00;08.01.2016 06:00;16,98
08.01.2016 06:00;08.01.2016 07:00;22,02
08.01.2016 07:00;08.01.2016 08:00;28,4
08.01.2016 08:00;08.01.2016 09:00;29,31
08.01.2016 09:00;08.01.2016 10:00;26,6
08.01.2016 10:00;08.01.2016 11:00;25,55
08.01.2016 11:00;08.01.2016 12:00;25,76
08.01.2016 12:00;08.01.2016 13:00;25,13
08.01.2016 13:00;08.01.2016 14:00;25,58
08.01.2016 14:00;08.01.2016 15:00;27,6
08.01.2016 15:00;08.01.2016 16:00;32,08
08.01.2016 16:00;08.01.2016 17:00;37,16
08.01.2016 17:00;08.01.2016 18:00;45,0
08.01.2016 18:00;08.01.2016 19:00;46,97
08.01.2016 19:00;08.01.2016 20:00;40,09
08.01.2016 20:00;08.01.2016 21:00;34,61
08.01.2016 21:00;08.01.2016 22:00;31,52
08.01.2016 22:00;08.01.2016 23:00;32,5
08.01.2016 23:00;09.01.2016 00:00;26,01
09.01.2016 00:00;09.01.2016 01:00;26,1
09.01.2016 01:00;09.01.2016 02:00;25,1
09.01.2016 02:00;09.01.2016 03:00;24,3
09.01.2016 03:00;09.01.2016 04:00;23,23
09.01.2016 04:00;09.01.2016 05:00;21,96
09.01.2016 05:00;09.01.2016 06:00;22,45
09.01.2016 06:00;09.01.2016 07:00;23,07
09.01.2016 07:00;09.01.2016 08:00;25,0
09.01.2016 08:00;09.01.2016 09:00;32,11
09.01.2016 09:00;09.01.2016 10:00;37,12
09.01.2016 10:00;09.01.2016 11:00;36,13
09.01.2016 11:00;09.01.2016 12:00;35,76
09.01.2016 12:00;09.01.2016 13:00;34,06
09.01.2016 13:00;09.01.2016 14:00;31,54
09.01.2016 14:00;09.01.2016 15:00;27,92
09.01.2016 15:00;09.01.2016 16:00;27,0
09.01.2016 16:00;09.01.2016 17:00;30,5
09.01.2016 17:00;09.01.2016 18:00;36,99
09.01.2016 18:00;09.01.2016 19:00;36,8
09.01.2016 19:00;09.01.2016 20:00;35,0
09.01.2016 20:00;09.01.2016 21:00;29,0
09.01.2016 21:00;09.01.2016 22:00;25,01
09.01.2016 22:00;09.01.2016 23:00;25,1
09.01.2016 23:00;10.01.2016 00:00;22,28
10.01.2016 00:00;10.01.2016 01:00;15,58
10.01.2016 01:00;10.01.2016 02:00;19,05
10.01.2016 02:00;10.01.2016 03:00;16,87
10.01.2016 03:00;10.01.2016 04:00;12,75
10.01.2016 04:00;10.01.2016 05:00;10,81
10.01.2016 05:00;10.01.2016 06:00;10,85
10.01.2016 06:00;10.01.2016 07:00;9,85
10.01.2016 07:00;10.01.2016 08:00;11,92
10.01.2016 08:00;10.01.2016 09:00;15,44
10.01.2016 09:00;10.01.2016 10:00;18,99
10.01.2016 10:00;10.01.2016 11:00;19,66
10.01.2016 11:00;10.01.2016 12:00;21,59
10.01.2016 12:00;10.01.2016 13:00;21,83
10.01.2016 13:00;10.01.2016 14:00;20,82
10.01.2016 14:00;10.01.2016 15:00;20,06
10.01.2016 15:00;10.01.2016 16:00;21,45
10.01.2016 16:00;10.01.2016 17:00;23,92
10.01.2016 17:00;10.01.2016 18:00;27,93
10.01.2016 18:00;10.01.2016 19:00;35,0
10.01.2016 19:00;10.01.2016 20:00;33,0
10.01.2016 20:00;10.01.2016 21:00;30,03
10.01.2016 21:00;10.01.2016 22:00;26,06
10.01.2016 22:00;10.01.2016 23:00;26,93
10.01.2016 23:00;11.01.2016 00:00;23,12
11.01.2016 00:00;11.01.2016 01:00;21,95
11.01.2016 01:00;11.01.2016 02:00;20,04
11.01.2016 02:00;11.01.2016 03:00;19,78
11.01.2016 03:00;11.01.2016 04:00;19,36
11.01.2016 04:00;11.01.2016 05:00;19,56
11.01.2016 05:00;11.01.2016 06:00;21,67
11.01.2016 06:00;11.01.2016 07:00;28,5
11.01.2016 07:00;11.01.2016 08:00;41,61
11.01.2016 08:00;11.01.2016 09:00;45,93
11.01.2016 09:00;11.01.2016 10:00;44,0
11.01.2016 10:00;11.01.2016 11:00;41,94
11.01.2016 11:00;11.01.2016 12:00;41,96
11.01.2016 12:00;11.01.2016 13:00;42,33
11.01.2016 13:00;11.01.2016 14:00;42,1
11.01.2016 14:00;11.01.2016 15:00;39,88
11.01.2016 15:00;11.01.2016 16:00;37,5
11.01.2016 16:00;11.01.2016 17:00;37,95
11.01.2016 17:00;11.01.2016 18:00;44,69
11.01.2016 18:00;11.01.2016 19:00;42,88
11.01.2016 19:00;11.01.2016 20:00;40,0
11.01.2016 20:00;11.01.2016 21:00;33,09
11.01.2016 21:00;11.01.2016 22:00;27,93
11.01.2016 22:00;11.01.2016 23:00;28,0
11.01.2016 23:00;12.01.2016 00:00;24,14
12.01.2016 00:00;12.01.2016 01:00;21,51
12.01.2016 01:00;12.01.2016 02:00;19,81
12.01.2016 02:00;12.01.2016 03:00;19,1
12.01.2016 03:00;12.01.2016 04:00;15,74
12.01.2016 04:00;12.01.2016 05:00;15,54
12.01.2016 05:00;12.01.2016 06:00;20,19
12.01.2016 06:00;12.01.2016 07:00;24,38
12.01.2016 07:00;12.01.2016 08:00;35,92
12.01.2016 08:00;12.01.2016 09:00;40,5
12.01.2016 09:00;12.01.2016 10:00;41,0
12.01.2016 10:00;12.01.2016 11:00;38,66
12.01.2016 11:00;12.01.2016 12:00;36,46
12.01.2016 12:00;12.01.2016 13:00;35,0
12.01.2016 13:00;12.01.2016 14:00;33,3
12.01.2016 14:00;12.01.2016 15:00;32,21
12.01.2016 15:00;12.01.2016 16:00;33,0
12.01.2016 16:00;12.01.2016 17:00;36,08
12.01.2016 17:00;12.01.2016 18:00;41,94
12.01.2016 18:00;12.01.2016 19:00;40,33
12.01.2016 19:00;12.01.2016 20:00;29,69
12.01.2016 20:00;12.01.2016 21:00;26,05
12.01.2016 21:00;12.01.2016 22:00;24,76
12.01.2016 22:00;12.01.2016 23:00;24,03
12.01.2016 23:00;13.01.2016 00:00;21,51
13.01.2016 00:00;13.01.2016 01:00;21,0
13.01.2016 01:00;13.01.2016 02:00;19,66
13.01.2016 02:00;13.01.2016 03:00;18,13
13.01.2016 03:00;13.01.2016 04:00;15,3
13.01.2016 04:00;13.01.2016 05:00;18,05
13.01.2016 05:00;13.01.2016 06:00;20,83
13.01.2016 06:00;13.01.2016 07:00;24,1
13.01.2016 07:00;13.01.2016 08:00;27,87
13.01.2016 08:00;13.01.2016 09:00;29,98
13.01.2016 09:00;13.01.2016 10:00;30,73
13.01.2016 10:00;13.01.2016 11:00;31,45
13.01.2016 11:00;13.01.2016 12:00;33,56
13.01.2016 12:00;13.01.2016 13:00;33,99
13.01.2016 13:00;13.01.2016 14:00;34,09
13.01.2016 14:00;13.01.2016 15:00;34,02
13.01.2016 15:00;13.01.2016 16:00;37,44
13.01.2016 16:00;13.01.2016 17:00;39,58
13.01.2016 17:00;13.01.2016 18:00;43,0
13.01.2016 18:00;13.01.2016 19:00;42,22
13.01.2016 19:00;13.01.2016 20:00;38,86
13.01.2016 20:00;13.01.2016 21:00;29,62
13.01.2016 21:00;13.01.2016 22:00;26,97
13.01.2016 22:00;13.01.2016 23:00;25,88
13.01.2016 23:00;14.01.2016 00:00;23,52
14.01.2016 00:00;14.01.2016 01:00;24,29
14.01.2016 01:00;14.01.2016 02:00;23,06
14.01.2016 02:00;14.01.2016 03:00;22,22
14.01.2016 03:00;14.01.2016 04:00;22,03
14.01.2016 04:00;14.01.2016 05:00;22,53
14.01.2016 05:00;14.01.2016 06:00;23,9
14.01.2016 06:00;14.01.2016 07:00;29,99
14.01.2016 07:00;14.01.2016 08:00;44,07
14.01.2016 08:00;14.01.2016 09:00;44,99
14.01.2016 09:00;14.01.2016 10:00;41,39
14.01.2016 10:00;14.01.2016 11:00;34,95
14.01.2016 11:00;14.01.2016 12:00;33,18
14.01.2016 12:00;14.01.2016 13:00;31,17
14.01.2016 13:00;14.01.2016 14:00;33,52
14.01.2016 14:00;14.01.2016 15:00;39,97
14.01.2016 15:00;14.01.2016 16:00;42,99
14.01.2016 16:00;14.01.2016 17:00;42,34
14.01.2016 17:00;14.01.2016 18:00;45,5
14.01.2016 18:00;14.01.2016 19:00;41,06
14.01.2016 19:00;14.01.2016 20:00;40,02
14.01.2016 20:00;14.01.2016 21:00;38,34
14.01.2016 21:00;14.01.2016 22:00;30,86
14.01.2016 22:00;14.01.2016 23:00;28,16
14.01.2016 23:00;15.01.2016 00:00;25,73
15.01.2016 00:00;15.01.2016 01:00;24,58
15.01.2016 01:00;15.01.2016 02:00;25,03
15.01.2016 02:00;15.01.2016 03:00;24,36
15.01.2016 03:00;15.01.2016 04:00;23,5
15.01.2016 04:00;15.01.2016 05:00;22,94
15.01.2016 05:00;15.01.2016 06:00;23,17
15.01.2016 06:00;15.01.2016 07:00;26,35
15.01.2016 07:00;15.01.2016 08:00;40,9
15.01.2016 08:00;15.01.2016 09:00;45,21
15.01.2016 09:00;15.01.2016 10:00;45,46
15.01.2016 10:00;15.01.2016 11:00;45,99
15.01.2016 11:00;15.01.2016 12:00;46,95
15.01.2016 12:00;15.01.2016 13:00;44,0
15.01.2016 13:00;15.01.2016 14:00;42,05
15.01.2016 14:00;15.01.2016 15:00;39,99
15.01.2016 15:00;15.01.2016 16:00;37,65
15.01.2016 16:00;15.01.2016 17:00;38,0
15.01.2016 17:00;15.01.2016 18:00;45,26
15.01.2016 18:00;15.01.2016 19:00;48,04
15.01.2016 19:00;15.01.2016 20:00;44,36
15.01.2016 20:00;15.01.2016 21:00;34,38
15.01.2016 21:00;15.01.2016 22:00;29,34
15.01.2016 22:00;15.01.2016 23:00;27,17
15.01.2016 23:00;16.01.2016 00:00;25,02
16.01.2016 00:00;16.01.2016 01:00;27,13
16.01.2016 01:00;16.01.2016 02:00;26,37
16.01.2016 02:00;16.01.2016 03:00;25,58
16.01.2016 03:00;16.01.2016 04:00;24,73
16.01.2016 04:00;16.01.2016 05:00;24,08
16.01.2016 05:00;16.01.2016 06:00;25,32
16.01.2016 06:00;16.01.2016 07:00;24,77
16.01.2016 07:00;16.01.2016 08:00;25,03
16.01.2016 08:00;16.01.2016 09:00;27,55
16.01.2016 09:00;16.01.2016 10:00;32,4
16.01.2016 10:00;16.01.2016 11:00;34,21
16.01.2016 11:00;16.01.2016 12:00;33,23
16.01.2016 12:00;16.01.2016 13:00;29,16
16.01.2016 13:00;16.01.2016 14:00;26,31
16.01.2016 14:00;16.01.2016 15:00;25,47
16.01.2016 15:00;16.01.2016 16:00;25,6
16.01.2016 16:00;16.01.2016 17:00;30,15
16.01.2016 17:00;16.01.2016 18:00;39,77
16.01.2016 18:00;16.01.2016 19:00;40,03
16.01.2016 19:00;16.01.2016 20:00;30,99
16.01.2016 20:00;16.01.2016 21:00;26,19
16.01.2016 21:00;16.01.2016 22:00;25,9
16.01.2016 22:00;16.01.2016 23:00;25,53
16.01.2016 23:00;17.01.2016 00:00;24,12
17.01.2016 00:00;17.01.2016 01:00;20,86
17.01.2016 01:00;17.01.2016 02:00;20,25
17.01.2016 02:00;17.01.2016 03:00;20,76
17.01.2016 03:00;17.01.2016 04:00;20,97
17.01.2016 04:00;17.01.2016 05:00;20,89
17.01.2016 05:00;17.01.2016 06:00;20,94
17.01.2016 06:00;17.01.2016 07:00;19,64
17.01.2016 07:00;17.01.2016 08:00;22,35
17.01.2016 08:00;17.01.2016 09:00;23,52
17.01.2016 09:00;17.01.2016 10:00;26,54
17.01.2016 10:00;17.01.2016 11:00;30,11
17.01.2016 11:00;17.01.2016 12:00;36,29
17.01.2016 12:00;17.01.2016 13:00;32,44
17.01.2016 13:00;17.01.2016 14:00;26,93
17.01.2016 14:00;17.01.2016 15:00;26,19
17.01.2016 15:00;17.01.2016 16:00;27,07
17.01.2016 16:00;17.01.2016 17:00;31,94
17.01.2016 17:00;17.01.2016 18:00;39,49
17.01.2016 18:00;17.01.2016 19:00;42,8
17.01.2016 19:00;17.01.2016 20:00;39,23
17.01.2016 20:00;17.01.2016 21:00;33,3
17.01.2016 21:00;17.01.2016 22:00;27,04
17.01.2016 22:00;17.01.2016 23:00;27,05
17.01.2016 23:00;18.01.2016 00:00;24,99
18.01.2016 00:00;18.01.2016 01:00;23,96
18.01.2016 01:00;18.01.2016 02:00;23,47
18.01.2016 02:00;18.01.2016 03:00;23,56
18.01.2016 03:00;18.01.2016 04:00;23,48
18.01.2016 04:00;18.01.2016 05:00;23,51
18.01.2016 05:00;18.01.2016 06:00;24,25
18.01.2016 06:00;18.01.2016 07:00;27,61
18.01.2016 07:00;18.01.2016 08:00;46,01
18.01.2016 08:00;18.01.2016 09:00;49,98
18.01.2016 09:00;18.01.2016 10:00;50,54
18.01.2016 10:00;18.01.2016 11:00;49,91
18.01.2016 11:00;18.01.2016 12:00;48,44
18.01.2016 12:00;18.01.2016 13:00;46,93
18.01.2016 13:00;18.01.2016 14:00;46,32
18.01.2016 14:00;18.01.2016 15:00;45,76
18.01.2016 15:00;18.01.2016 16:00;49,53
18.01.2016 16:00;18.01.2016 17:00;49,66
18.01.2016 17:00;18.01.2016 18:00;62,55
18.01.2016 18:00;18.01.2016 19:00;56,07
18.01.2016 19:00;18.01.2016 20:00;47,18
18.01.2016 20:00;18.01.2016 21:00;35,09
18.01.2016 21:00;18.01.2016 22:00;26,95
18.01.2016 22:00;18.01.2016 23:00;26,94
18.01.2016 23:00;19.01.2016 00:00;25,09
19.01.2016 00:00;19.01.2016 01:00;31,95
19.01.2016 01:00;19.01.2016 02:00;32,16
19.01.2016 02:00;19.01.2016 03:00;28,97
19.01.2016 03:00;19.01.2016 04:00;30,01
19.01.2016 04:00;19.01.2016 05:00;30,45
19.01.2016 05:00;19.01.2016 06:00;27,01
19.01.2016 06:00;19.01.2016 07:00;31,9
19.01.2016 07:00;19.01.2016 08:00;54,1
19.01.2016 08:00;19.01.2016 09:00;64,9
19.01.2016 09:00;19.01.2016 10:00;65,35
19.01.2016 10:00;19.01.2016 11:00;61,31
19.01.2016 11:00;19.01.2016 12:00;61,43
19.01.2016 12:00;19.01.2016 13:00;58,98
19.01.2016 13:00;19.01.2016 14:00;58,53
19.01.2016 14:00;19.01.2016 15:00;55,81
19.01.2016 15:00;19.01.2016 16:00;55,5
19.01.2016 16:00;19.01.2016 17:00;56,21
19.01.2016 17:00;19.01.2016 18:00;70,07
19.01.2016 18:00;19.01.2016 19:00;74,97
19.01.2016 19:00;19.01.2016 20:00;57,56
19.01.2016 20:00;19.01.2016 21:00;48,24
19.01.2016 21:00;19.01.2016 22:00;37,98
19.01.2016 22:00;19.01.2016 23:00;33,67
19.01.2016 23:00;20.01.2016 00:00;29,79
20.01.2016 00:00;20.01.2016 01:00;26,05
20.01.2016 01:00;20.01.2016 02:00;26,17
20.01.2016 02:00;20.01.2016 03:00;26,42
20.01.2016 03:00;20.01.2016 04:00;25,36
20.01.2016 04:00;20.01.2016 05:00;25,76
20.01.2016 05:00;20.01.2016 06:00;26,54
20.01.2016 06:00;20.01.2016 07:00;32,7
20.01.2016 07:00;20.01.2016 08:00;55,08
20.01.2016 08:00;20.01.2016 09:00;61,08
20.01.2016 09:00;20.01.2016 10:00;58,43
20.01.2016 10:00;20.01.2016 11:00;58,97
20.01.2016 11:00;20.01.2016 12:00;56,14
20.01.2016 12:00;20.01.2016 13:00;58,6
20.01.2016 13:00;20.01.2016 14:00;57,58
20.01.2016 14:00;20.01.2016 15:00;54,95
20.01.2016 15:00;20.01.2016 16:00;52,42
20.01.2016 16:00;20.01.2016 17:00;72,01
20.01.2016 17:00;20.01.2016 18:00;92,75
20.01.2016 18:00;20.01.2016 19:00;79,09
20.01.2016 19:00;20.01.2016 20:00;70,03
20.01.2016 20:00;20.01.2016 21:00;50,1
20.01.2016 21:00;20.01.2016 22:00;40,06
20.01.2016 22:00;20.01.2016 23:00;33,52
20.01.2016 23:00;21.01.2016 00:00;29,63
21.01.2016 00:00;21.01.2016 01:00;29,65
21.01.2016 01:00;21.01.2016 02:00;27,82
21.01.2016 02:00;21.01.2016 03:00;26,65
21.01.2016 03:00;21.01.2016 04:00;26,96
21.01.2016 04:00;21.01.2016 05:00;27,47
21.01.2016 05:00;21.01.2016 06:00;29,09
21.01.2016 06:00;21.01.2016 07:00;40,78
21.01.2016 07:00;21.01.2016 08:00;70,01
21.01.2016 08:00;21.01.2016 09:00;85,05
21.01.2016 09:00;21.01.2016 10:00;83,54
21.01.2016 10:00;21.01.2016 11:00;74,94
21.01.2016 11:00;21.01.2016 12:00;70,12
21.01.2016 12:00;21.01.2016 13:00;59,91
21.01.2016 13:00;21.01.2016 14:00;57,69
21.01.2016 14:00;21.01.2016 15:00;57,99
21.01.2016 15:00;21.01.2016 16:00;61,05
21.01.2016 16:00;21.01.2016 17:00;57,43
21.01.2016 17:00;21.01.2016 18:00;77,13
21.01.2016 18:00;21.01.2016 19:00;86,01
21.01.2016 19:00;21.01.2016 20:00;60,13
21.01.2016 20:00;21.01.2016 21:00;50,09
21.01.2016 21:00;21.01.2016 22:00;35,47
21.01.2016 22:00;21.01.2016 23:00;30,36
21.01.2016 23:00;22.01.2016 00:00;26,97
22.01.2016 00:00;22.01.2016 01:00;28,05
22.01.2016 01:00;22.01.2016 02:00;27,92
22.01.2016 02:00;22.01.2016 03:00;26,78
22.01.2016 03:00;22.01.2016 04:00;26,57
22.01.2016 04:00;22.01.2016 05:00;27,02
22.01.2016 05:00;22.01.2016 06:00;28,07
22.01.2016 06:00;22.01.2016 07:00;30,82
22.01.2016 07:00;22.01.2016 08:00;48,46
22.01.2016 08:00;22.01.2016 09:00;52,5
22.01.2016 09:00;22.01.2016 10:00;48,66
22.01.2016 10:00;22.01.2016 11:00;45,11
22.01.2016 11:00;22.01.2016 12:00;44,96
22.01.2016 12:00;22.01.2016 13:00;42,06
22.01.2016 13:00;22.01.2016 14:00;37,02
22.01.2016 14:00;22.01.2016 15:00;32,27
22.01.2016 15:00;22.01.2016 16:00;32,65
22.01.2016 16:00;22.01.2016 17:00;32,84
22.01.2016 17:00;22.01.2016 18:00;34,83
22.01.2016 18:00;22.01.2016 19:00;28,3
22.01.2016 19:00;22.01.2016 20:00;26,88
22.01.2016 20:00;22.01.2016 21:00;25,46
22.01.2016 21:00;22.01.2016 22:00;24,88
22.01.2016 22:00;22.01.2016 23:00;24,28
22.01.2016 23:00;23.01.2016 00:00;22,63
23.01.2016 00:00;23.01.2016 01:00;24,44
23.01.2016 01:00;23.01.2016 02:00;24,02
23.01.2016 02:00;23.01.2016 03:00;23,03
23.01.2016 03:00;23.01.2016 04:00;22,99
23.01.2016 04:00;23.01.2016 05:00;22,68
23.01.2016 05:00;23.01.2016 06:00;22,44
23.01.2016 06:00;23.01.2016 07:00;21,46
23.01.2016 07:00;23.01.2016 08:00;23,35
23.01.2016 08:00;23.01.2016 09:00;24,68
23.01.2016 09:00;23.01.2016 10:00;28,9
23.01.2016 10:00;23.01.2016 11:00;31,32
23.01.2016 11:00;23.01.2016 12:00;34,75
23.01.2016 12:00;23.01.2016 13:00;34,39
23.01.2016 13:00;23.01.2016 14:00;30,45
23.01.2016 14:00;23.01.2016 15:00;28,04
23.01.2016 15:00;23.01.2016 16:00;29,1
23.01.2016 16:00;23.01.2016 17:00;29,7
23.01.2016 17:00;23.01.2016 18:00;36,97
23.01.2016 18:00;23.01.2016 19:00;42,6
23.01.2016 19:00;23.01.2016 20:00;35,83
23.01.2016 20:00;23.01.2016 21:00;28,84
23.01.2016 21:00;23.01.2016 22:00;25,4
23.01.2016 22:00;23.01.2016 23:00;26,27
23.01.2016 23:00;24.01.2016 00:00;27,06
24.01.2016 00:00;24.01.2016 01:00;24,08
24.01.2016 01:00;24.01.2016 02:00;23,99
24.01.2016 02:00;24.01.2016 03:00;24,83
24.01.2016 03:00;24.01.2016 04:00;23,24
24.01.2016 04:00;24.01.2016 05:00;22,54
24.01.2016 05:00;24.01.2016 06:00;23,41
24.01.2016 06:00;24.01.2016 07:00;21,41
24.01.2016 07:00;24.01.2016 08:00;21,4
24.01.2016 08:00;24.01.2016 09:00;22,12
24.01.2016 09:00;24.01.2016 10:00;24,63
24.01.2016 10:00;24.01.2016 11:00;27,05
24.01.2016 11:00;24.01.2016 12:00;32,66
24.01.2016 12:00;24.01.2016 13:00;28,94
24.01.2016 13:00;24.01.2016 14:00;26,04
24.01.2016 14:00;24.01.2016 15:00;24,84
24.01.2016 15:00;24.01.2016 16:00;23,99
24.01.2016 16:00;24.01.2016 17:00;25,04
24.01.2016 17:00;24.01.2016 18:00;32,88
24.01.2016 18:00;24.01.2016 19:00;36,09
24.01.2016 19:00;24.01.2016 20:00;35,87
24.01.2016 20:00;24.01.2016 21:00;31,07
24.01.2016 21:00;24.01.2016 22:00;26,0
24.01.2016 22:00;24.01.2016 23:00;27,09
24.01.2016 23:00;25.01.2016 00:00;22,44
25.01.2016 00:00;25.01.2016 01:00;20,07
25.01.2016 01:00;25.01.2016 02:00;19,65
25.01.2016 02:00;25.01.2016 03:00;19,68
25.01.2016 03:00;25.01.2016 04:00;19,98
25.01.2016 04:00;25.01.2016 05:00;20,33
25.01.2016 05:00;25.01.2016 06:00;21,32
25.01.2016 06:00;25.01.2016 07:00;25,01
25.01.2016 07:00;25.01.2016 08:00;34,94
25.01.2016 08:00;25.01.2016 09:00;35,0
25.01.2016 09:00;25.01.2016 10:00;36,04
25.01.2016 10:00;25.01.2016 11:00;36,62
25.01.2016 11:00;25.01.2016 12:00;35,6
25.01.2016 12:00;25.01.2016 13:00;34,75
25.01.2016 13:00;25.01.2016 14:00;32,26
25.01.2016 14:00;25.01.2016 15:00;30,61
25.01.2016 15:00;25.01.2016 16:00;29,73
25.01.2016 16:00;25.01.2016 17:00;31,17
25.01.2016 17:00;25.01.2016 18:00;34,96
25.01.2016 18:00;25.01.2016 19:00;36,33
25.01.2016 19:00;25.01.2016 20:00;31,96
25.01.2016 20:00;25.01.2016 21:00;26,8
25.01.2016 21:00;25.01.2016 22:00;25,32
25.01.2016 22:00;25.01.2016 23:00;23,93
25.01.2016 23:00;26.01.2016 00:00;18,11
26.01.2016 00:00;26.01.2016 01:00;20,23
26.01.2016 01:00;26.01.2016 02:00;18,02
26.01.2016 02:00;26.01.2016 03:00;15,9
26.01.2016 03:00;26.01.2016 04:00;15,91
26.01.2016 04:00;26.01.2016 05:00;17,1
26.01.2016 05:00;26.01.2016 06:00;21,8
26.01.2016 06:00;26.01.2016 07:00;27,09
26.01.2016 07:00;26.01.2016 08:00;34,13
26.01.2016 08:00;26.01.2016 09:00;38,11
26.01.2016 09:00;26.01.2016 10:00;32,31
26.01.2016 10:00;26.01.2016 11:00;29,99
26.01.2016 11:00;26.01.2016 12:00;29,55
26.01.2016 12:00;26.01.2016 13:00;28,52
26.01.2016 13:00;26.01.2016 14:00;29,33
26.01.2016 14:00;26.01.2016 15:00;27,97
26.01.2016 15:00;26.01.2016 16:00;30,09
26.01.2016 16:00;26.01.2016 17:00;30,62
26.01.2016 17:00;26.01.2016 18:00;32,87
26.01.2016 18:00;26.01.2016 19:00;29,27
26.01.2016 19:00;26.01.2016 20:00;24,94
26.01.2016 20:00;26.01.2016 21:00;23,17
26.01.2016 21:00;26.01.2016 22:00;21,66
26.01.2016 22:00;26.01.2016 23:00;20,24
26.01.2016 23:00;27.01.2016 00:00;13,43
27.01.2016 00:00;27.01.2016 01:00;10,97
27.01.2016 01:00;27.01.2016 02:00;3,18
27.01.2016 02:00;27.01.2016 03:00;0,05
27.01.2016 03:00;27.01.2016 04:00;0,13
27.01.2016 04:00;27.01.2016 05:00;8,82
27.01.2016 05:00;27.01.2016 06:00;13,3
27.01.2016 06:00;27.01.2016 07:00;17,33
27.01.2016 07:00;27.01.2016 08:00;22,97
27.01.2016 08:00;27.01.2016 09:00;23,93
27.01.2016 09:00;27.01.2016 10:00;28,95
27.01.2016 10:00;27.01.2016 11:00;29,94
27.01.2016 11:00;27.01.2016 12:00;25,55
27.01.2016 12:00;27.01.2016 13:00;24,12
27.01.2016 13:00;27.01.2016 14:00;22,95
27.01.2016 14:00;27.01.2016 15:00;20,95
27.01.2016 15:00;27.01.2016 16:00;23,91
27.01.2016 16:00;27.01.2016 17:00;23,97
27.01.2016 17:00;27.01.2016 18:00;28,93
27.01.2016 18:00;27.01.2016 19:00;30,98
27.01.2016 19:00;27.01.2016 20:00;29,07
27.01.2016 20:00;27.01.2016 21:00;21,5
27.01.2016 21:00;27.01.2016 22:00;19,06
27.01.2016 22:00;27.01.2016 23:00;16,34
27.01.2016 23:00;28.01.2016 00:00;13,96
28.01.2016 00:00;28.01.2016 01:00;14,5
28.01.2016 01:00;28.01.2016 02:00;12,83
28.01.2016 02:00;28.01.2016 03:00;12,88
28.01.2016 03:00;28.01.2016 04:00;12,14
28.01.2016 04:00;28.01.2016 05:00;13,2
28.01.2016 05:00;28.01.2016 06:00;17,39
28.01.2016 06:00;28.01.2016 07:00;23,41
28.01.2016 07:00;28.01.2016 08:00;28,49
28.01.2016 08:00;28.01.2016 09:00;30,96
28.01.2016 09:00;28.01.2016 10:00;29,97
28.01.2016 10:00;28.01.2016 11:00;29,07
28.01.2016 11:00;28.01.2016 12:00;25,21
28.01.2016 12:00;28.01.2016 13:00;24,01
28.01.2016 13:00;28.01.2016 14:00;25,56
28.01.2016 14:00;28.01.2016 15:00;26,73
28.01.2016 15:00;28.01.2016 16:00;31,02
28.01.2016 16:00;28.01.2016 17:00;33,58
28.01.2016 17:00;28.01.2016 18:00;39,05
28.01.2016 18:00;28.01.2016 19:00;46,02
28.01.2016 19:00;28.01.2016 20:00;36,56
28.01.2016 20:00;28.01.2016 21:00;32,12
28.01.2016 21:00;28.01.2016 22:00;27,45
28.01.2016 22:00;28.01.2016 23:00;26,31
28.01.2016 23:00;29.01.2016 00:00;20,79
29.01.2016 00:00;29.01.2016 01:00;21,1
29.01.2016 01:00;29.01.2016 02:00;19,53
29.01.2016 02:00;29.01.2016 03:00;19,06
29.01.2016 03:00;29.01.2016 04:00;18,08
29.01.2016 04:00;29.01.2016 05:00;15,96
29.01.2016 05:00;29.01.2016 06:00;18,01
29.01.2016 06:00;29.01.2016 07:00;26,0
29.01.2016 07:00;29.01.2016 08:00;34,89
29.01.2016 08:00;29.01.2016 09:00;36,06
29.01.2016 09:00;29.01.2016 10:00;34,94
29.01.2016 10:00;29.01.2016 11:00;29,91
29.01.2016 11:00;29.01.2016 12:00;25,43
29.01.2016 12:00;29.01.2016 13:00;21,83
29.01.2016 13:00;29.01.2016 14:00;20,03
29.01.2016 14:00;29.01.2016 15:00;19,1
29.01.2016 15:00;29.01.2016 16:00;19,39
29.01.2016 16:00;29.01.2016 17:00;22,54
29.01.2016 17:00;29.01.2016 18:00;27,43
29.01.2016 18:00;29.01.2016 19:00;25,99
29.01.2016 19:00;29.01.2016 20:00;25,18
29.01.2016 20:00;29.01.2016 21:00;21,11
29.01.2016 21:00;29.01.2016 22:00;17,08
29.01.2016 22:00;29.01.2016 23:00;14,6
29.01.2016 23:00;30.01.2016 00:00;10,29
30.01.2016 00:00;30.01.2016 01:00;14,08
30.01.2016 01:00;30.01.2016 02:00;8,4
30.01.2016 02:00;30.01.2016 03:00;0,79
30.01.2016 03:00;30.01.2016 04:00;0,0
30.01.2016 04:00;30.01.2016 05:00;-0,02
30.01.2016 05:00;30.01.2016 06:00;-0,04
30.01.2016 06:00;30.01.2016 07:00;-2,97
30.01.2016 07:00;30.01.2016 08:00;8,51
30.01.2016 08:00;30.01.2016 09:00;12,42
30.01.2016 09:00;30.01.2016 10:00;13,78
30.01.2016 10:00;30.01.2016 11:00;14,22
30.01.2016 11:00;30.01.2016 12:00;14,69
30.01.2016 12:00;30.01.2016 13:00;14,27
30.01.2016 13:00;30.01.2016 14:00;14,6
30.01.2016 14:00;30.01.2016 15:00;14,28
30.01.2016 15:00;30.01.2016 16:00;15,37
30.01.2016 16:00;30.01.2016 17:00;16,03
30.01.2016 17:00;30.01.2016 18:00;18,67
30.01.2016 18:00;30.01.2016 19:00;27,78
30.01.2016 19:00;30.01.2016 20:00;22,16
30.01.2016 20:00;30.01.2016 21:00;18,53
30.01.2016 21:00;30.01.2016 22:00;16,21
30.01.2016 22:00;30.01.2016 23:00;15,49
30.01.2016 23:00;31.01.2016 00:00;12,0
31.01.2016 00:00;31.01.2016 01:00;8,43
31.01.2016 01:00;31.01.2016 02:00;3,04
31.01.2016 02:00;31.01.2016 03:00;5,09
31.01.2016 03:00;31.01.2016 04:00;0,85
31.01.2016 04:00;31.01.2016 05:00;-0,27
31.01.2016 05:00;31.01.2016 06:00;0,03
31.01.2016 06:00;31.01.2016 07:00;0,08
31.01.2016 07:00;31.01.2016 08:00;6,04
31.01.2016 08:00;31.01.2016 09:00;8,33
31.01.2016 09:00;31.01.2016 10:00;10,59
31.01.2016 10:00;31.01.2016 11:00;11,91
31.01.2016 11:00;31.01.2016 12:00;14,68
31.01.2016 12:00;31.01.2016 13:00;16,18
31.01.2016 13:00;31.01.2016 14:00;12,5
31.01.2016 14:00;31.01.2016 15:00;13,96
31.01.2016 15:00;31.01.2016 16:00;13,89
31.01.2016 16:00;31.01.2016 17:00;16,08
31.01.2016 17:00;31.01.2016 18:00;21,44
31.01.2016 18:00;31.01.2016 19:00;26,28
31.01.2016 19:00;31.01.2016 20:00;25,48
31.01.2016 20:00;31.01.2016 21:00;21,34
31.01.2016 21:00;31.01.2016 22:00;18,04
31.01.2016 22:00;31.01.2016 23:00;18,79
31.01.2016 23:00;01.02.2016 00:00;16,45
01.02.2016 00:00;01.02.2016 01:00;16,31
01.02.2016 01:00;01.02.2016 02:00;14,42
01.02.2016 02:00;01.02.2016 03:00;15,07
01.02.2016 03:00;01.02.2016 04:00;13,27
01.02.2016 04:00;01.02.2016 05:00;13,87
01.02.2016 05:00;01.02.2016 06:00;14,26
01.02.2016 06:00;01.02.2016 07:00;23,93
01.02.2016 07:00;01.02.2016 08:00;35,9
01.02.2016 08:00;01.02.2016 09:00;37,99
01.02.2016 09:00;01.02.2016 10:00;36,05
01.02.2016 10:00;01.02.2016 11:00;33,34
01.02.2016 11:00;01.02.2016 12:00;29,24
01.02.2016 12:00;01.02.2016 13:00;24,99
01.02.2016 13:00;01.02.2016 14:00;21,96
01.02.2016 14:00;01.02.2016 15:00;18,34
01.02.2016 15:00;01.02.2016 16:00;17,97
01.02.2016 16:00;01.02.2016 17:00;18,24
01.02.2016 17:00;01.02.2016 18:00;23,37
01.02.2016 18:00;01.02.2016 19:00;23,95
01.02.2016 19:00;01.02.2016 20:00;22,65
01.02.2016 20:00;01.02.2016 21:00;17,75
01.02.2016 21:00;01.02.2016 22:00;14,63
01.02.2016 22:00;01.02.2016 23:00;14,16
01.02.2016 23:00;02.02.2016 00:00;8,44
02.02.2016 00:00;02.02.2016 01:00;4,06
02.02.2016 01:00;02.02.2016 02:00;0,3
02.02.2016 02:00;02.02.2016 03:00;-2,66
02.02.2016 03:00;02.02.2016 04:00;-1,92
02.02.2016 04:00;02.02.2016 05:00;0,09
02.02.2016 05:00;02.02.2016 06:00;9,52
02.02.2016 06:00;02.02.2016 07:00;15,68
02.02.2016 07:00;02.02.2016 08:00;22,92
02.02.2016 08:00;02.02.2016 09:00;22,99
02.02.2016 09:00;02.02.2016 10:00;22,15
02.02.2016 10:00;02.02.2016 11:00;22,16
02.02.2016 11:00;02.02.2016 12:00;22,53
02.02.2016 12:00;02.02.2016 13:00;22,08
02.02.2016 13:00;02.02.2016 14:00;22,09
02.02.2016 14:00;02.02.2016 15:00;22,19
02.02.2016 15:00;02.02.2016 16:00;23,35
02.02.2016 16:00;02.02.2016 17:00;23,31
02.02.2016 17:00;02.02.2016 18:00;28,42
02.02.2016 18:00;02.02.2016 19:00;29,99
02.02.2016 19:00;02.02.2016 20:00;24,61
02.02.2016 20:00;02.02.2016 21:00;22,51
02.02.2016 21:00;02.02.2016 22:00;17,59
02.02.2016 22:00;02.02.2016 23:00;14,18
02.02.2016 23:00;03.02.2016 00:00;9,53
03.02.2016 00:00;03.02.2016 01:00;13,75
03.02.2016 01:00;03.02.2016 02:00;11,58
03.02.2016 02:00;03.02.2016 03:00;8,09
03.02.2016 03:00;03.02.2016 04:00;6,93
03.02.2016 04:00;03.02.2016 05:00;9,04
03.02.2016 05:00;03.02.2016 06:00;13,74
03.02.2016 06:00;03.02.2016 07:00;21,41
03.02.2016 07:00;03.02.2016 08:00;33,25
03.02.2016 08:00;03.02.2016 09:00;35,0
03.02.2016 09:00;03.02.2016 10:00;33,96
03.02.2016 10:00;03.02.2016 11:00;25,44
03.02.2016 11:00;03.02.2016 12:00;22,93
03.02.2016 12:00;03.02.2016 13:00;21,46
03.02.2016 13:00;03.02.2016 14:00;20,95
03.02.2016 14:00;03.02.2016 15:00;22,93
03.02.2016 15:00;03.02.2016 16:00;23,02
03.02.2016 16:00;03.02.2016 17:00;26,4
03.02.2016 17:00;03.02.2016 18:00;32,62
03.02.2016 18:00;03.02.2016 19:00;36,69
03.02.2016 19:00;03.02.2016 20:00;36,19
03.02.2016 20:00;03.02.2016 21:00;30,13
03.02.2016 21:00;03.02.2016 22:00;23,75
03.02.2016 22:00;03.02.2016 23:00;22,41
03.02.2016 23:00;04.02.2016 00:00;17,13
04.02.2016 00:00;04.02.2016 01:00;18,04
04.02.2016 01:00;04.02.2016 02:00;16,38
04.02.2016 02:00;04.02.2016 03:00;15,99
04.02.2016 03:00;04.02.2016 04:00;15,29
04.02.2016 04:00;04.02.2016 05:00;13,93
04.02.2016 05:00;04.02.2016 06:00;17,01
04.02.2016 06:00;04.02.2016 07:00;22,43
04.02.2016 07:00;04.02.2016 08:00;31,96
04.02.2016 08:00;04.02.2016 09:00;30,91
04.02.2016 09:00;04.02.2016 10:00;27,93
04.02.2016 10:00;04.02.2016 11:00;29,19
04.02.2016 11:00;04.02.2016 12:00;30,22
04.02.2016 12:00;04.02.2016 13:00;27,97
04.02.2016 13:00;04.02.2016 14:00;26,87
04.02.2016 14:00;04.02.2016 15:00;25,85
04.02.2016 15:00;04.02.2016 16:00;27,94
04.02.2016 16:00;04.02.2016 17:00;27,81
04.02.2016 17:00;04.02.2016 18:00;35,0
04.02.2016 18:00;04.02.2016 19:00;42,18
04.02.2016 19:00;04.02.2016 20:00;39,01
04.02.2016 20:00;04.02.2016 21:00;32,04
04.02.2016 21:00;04.02.2016 22:00;26,96
04.02.2016 22:00;04.02.2016 23:00;27,83
04.02.2016 23:00;05.02.2016 00:00;23,98
05.02.2016 00:00;05.02.2016 01:00;24,61
05.02.2016 01:00;05.02.2016 02:00;23,0
05.02.2016 02:00;05.02.2016 03:00;22,22
05.02.2016 03:00;05.02.2016 04:00;20,1
05.02.2016 04:00;05.02.2016 05:00;21,18
05.02.2016 05:00;05.02.2016 06:00;21,18
05.02.2016 06:00;05.02.2016 07:00;25,97
05.02.2016 07:00;05.02.2016 08:00;33,92
05.02.2016 08:00;05.02.2016 09:00;37,48
05.02.2016 09:00;05.02.2016 10:00;35,25
05.02.2016 10:00;05.02.2016 11:00;36,5
05.02.2016 11:00;05.02.2016 12:00;35,94
05.02.2016 12:00;05.02.2016 13:00;34,36
05.02.2016 13:00;05.02.2016 14:00;31,95
05.02.2016 14:00;05.02.2016 15:00;27,74
05.02.2016 15:00;05.02.2016 16:00;25,33
05.02.2016 16:00;05.02.2016 17:00;24,78
05.02.2016 17:00;05.02.2016 18:00;29,96
05.02.2016 18:00;05.02.2016 19:00;33,09
05.02.2016 19:00;05.02.2016 20:00;28,01
05.02.2016 20:00;05.02.2016 21:00;25,7
05.02.2016 21:00;05.02.2016 22:00;23,12
05.02.2016 22:00;05.02.2016 23:00;24,55
05.02.2016 23:00;06.02.2016 00:00;22,71
06.02.2016 00:00;06.02.2016 01:00;18,18
06.02.2016 01:00;06.02.2016 02:00;15,55
06.02.2016 02:00;06.02.2016 03:00;16,01
06.02.2016 03:00;06.02.2016 04:00;14,33
06.02.2016 04:00;06.02.2016 05:00;13,78
06.02.2016 05:00;06.02.2016 06:00;13,98
06.02.2016 06:00;06.02.2016 07:00;15,05
06.02.2016 07:00;06.02.2016 08:00;16,08
06.02.2016 08:00;06.02.2016 09:00;18,02
06.02.2016 09:00;06.02.2016 10:00;19,34
06.02.2016 10:00;06.02.2016 11:00;17,1
06.02.2016 11:00;06.02.2016 12:00;16,5
06.02.2016 12:00;06.02.2016 13:00;16,09
06.02.2016 13:00;06.02.2016 14:00;15,11
06.02.2016 14:00;06.02.2016 15:00;13,99
06.02.2016 15:00;06.02.2016 16:00;15,29
06.02.2016 16:00;06.02.2016 17:00;17,01
06.02.2016 17:00;06.02.2016 18:00;19,97
06.02.2016 18:00;06.02.2016 19:00;23,15
06.02.2016 19:00;06.02.2016 20:00;21,02
06.02.2016 20:00;06.02.2016 21:00;16,07
06.02.2016 21:00;06.02.2016 22:00;12,71
06.02.2016 22:00;06.02.2016 23:00;15,04
06.02.2016 23:00;07.02.2016 00:00;11,74
07.02.2016 00:00;07.02.2016 01:00;5,01
07.02.2016 01:00;07.02.2016 02:00;5,98
07.02.2016 02:00;07.02.2016 03:00;5,62
07.02.2016 03:00;07.02.2016 04:00;3,05
07.02.2016 04:00;07.02.2016 05:00;0,93
07.02.2016 05:00;07.02.2016 06:00;0,08
07.02.2016 06:00;07.02.2016 07:00;-0,92
07.02.2016 07:00;07.02.2016 08:00;1,13
07.02.2016 08:00;07.02.2016 09:00;5,74
07.02.2016 09:00;07.02.2016 10:00;8,01
07.02.2016 10:00;07.02.2016 11:00;12,92
07.02.2016 11:00;07.02.2016 12:00;13,79
07.02.2016 12:00;07.02.2016 13:00;13,84
07.02.2016 13:00;07.02.2016 14:00;12,19
07.02.2016 14:00;07.02.2016 15:00;11,76
07.02.2016 15:00;07.02.2016 16:00;10,01
07.02.2016 16:00;07.02.2016 17:00;13,32
07.02.2016 17:00;07.02.2016 18:00;16,64
07.02.2016 18:00;07.02.2016 19:00;22,17
07.02.2016 19:00;07.02.2016 20:00;17,28
07.02.2016 20:00;07.02.2016 21:00;17,88
07.02.2016 21:00;07.02.2016 22:00;13,79
07.02.2016 22:00;07.02.2016 23:00;15,04
07.02.2016 23:00;08.02.2016 00:00;9,29
08.02.2016 00:00;08.02.2016 01:00;10,02
08.02.2016 01:00;08.02.2016 02:00;7,99
08.02.2016 02:00;08.02.2016 03:00;5,24
08.02.2016 03:00;08.02.2016 04:00;1,16
08.02.2016 04:00;08.02.2016 05:00;1,4
08.02.2016 05:00;08.02.2016 06:00;7,32
08.02.2016 06:00;08.02.2016 07:00;12,32
08.02.2016 07:00;08.02.2016 08:00;16,17
08.02.2016 08:00;08.02.2016 09:00;16,55
08.02.2016 09:00;08.02.2016 10:00;16,41
08.02.2016 10:00;08.02.2016 11:00;16,56
08.02.2016 11:00;08.02.2016 12:00;16,61
08.02.2016 12:00;08.02.2016 13:00;16,35
08.02.2016 13:00;08.02.2016 14:00;16,1
08.02.2016 14:00;08.02.2016 15:00;16,15
08.02.2016 15:00;08.02.2016 16:00;16,35
08.02.2016 16:00;08.02.2016 17:00;15,94
08.02.2016 17:00;08.02.2016 18:00;20,88
08.02.2016 18:00;08.02.2016 19:00;27,26
08.02.2016 19:00;08.02.2016 20:00;21,02
08.02.2016 20:00;08.02.2016 21:00;15,24
08.02.2016 21:00;08.02.2016 22:00;12,52
08.02.2016 22:00;08.02.2016 23:00;12,11
08.02.2016 23:00;09.02.2016 00:00;9,72
09.02.2016 00:00;09.02.2016 01:00;-19,94
09.02.2016 01:00;09.02.2016 02:00;-12,34
09.02.2016 02:00;09.02.2016 03:00;-19,95
09.02.2016 03:00;09.02.2016 04:00;-19,3
09.02.2016 04:00;09.02.2016 05:00;-5,52
09.02.2016 05:00;09.02.2016 06:00;2,79
09.02.2016 06:00;09.02.2016 07:00;16,98
09.02.2016 07:00;09.02.2016 08:00;19,75
09.02.2016 08:00;09.02.2016 09:00;23,43
09.02.2016 09:00;09.02.2016 10:00;20,99
09.02.2016 10:00;09.02.2016 11:00;23,9
09.02.2016 11:00;09.02.2016 12:00;24,93
09.02.2016 12:00;09.02.2016 13:00;27,03
09.02.2016 13:00;09.02.2016 14:00;28,69
09.02.2016 14:00;09.02.2016 15:00;27,44
09.02.2016 15:00;09.02.2016 16:00;26,97
09.02.2016 16:00;09.02.2016 17:00;27,24
09.02.2016 17:00;09.02.2016 18:00;31,01
09.02.2016 18:00;09.02.2016 19:00;39,98
09.02.2016 19:00;09.02.2016 20:00;34,06
09.02.2016 20:00;09.02.2016 21:00;28,77
09.02.2016 21:00;09.02.2016 22:00;23,97
09.02.2016 22:00;09.02.2016 23:00;20,78
09.02.2016 23:00;10.02.2016 00:00;15,99
10.02.2016 00:00;10.02.2016 01:00;13,08
10.02.2016 01:00;10.02.2016 02:00;13,68
10.02.2016 02:00;10.02.2016 03:00;13,06
10.02.2016 03:00;10.02.2016 04:00;13,41
10.02.2016 04:00;10.02.2016 05:00;14,3
10.02.2016 05:00;10.02.2016 06:00;16,2
10.02.2016 06:00;10.02.2016 07:00;22,8
10.02.2016 07:00;10.02.2016 08:00;30,59
10.02.2016 08:00;10.02.2016 09:00;32,05
10.02.2016 09:00;10.02.2016 10:00;32,42
10.02.2016 10:00;10.02.2016 11:00;30,94
10.02.2016 11:00;10.02.2016 12:00;29,98
10.02.2016 12:00;10.02.2016 13:00;25,97
10.02.2016 13:00;10.02.2016 14:00;27,74
10.02.2016 14:00;10.02.2016 15:00;27,44
10.02.2016 15:00;10.02.2016 16:00;27,77
10.02.2016 16:00;10.02.2016 17:00;28,68
10.02.2016 17:00;10.02.2016 18:00;32,1
10.02.2016 18:00;10.02.2016 19:00;36,59
10.02.2016 19:00;10.02.2016 20:00;29,44
10.02.2016 20:00;10.02.2016 21:00;23,18
10.02.2016 21:00;10.02.2016 22:00;21,66
10.02.2016 22:00;10.02.2016 23:00;21,94
10.02.2016 23:00;11.02.2016 00:00;18,88
11.02.2016 00:00;11.02.2016 01:00;17,72
11.02.2016 01:00;11.02.2016 02:00;17,46
11.02.2016 02:00;11.02.2016 03:00;16,91
11.02.2016 03:00;11.02.2016 04:00;16,97
11.02.2016 04:00;11.02.2016 05:00;17,66
11.02.2016 05:00;11.02.2016 06:00;18,55
11.02.2016 06:00;11.02.2016 07:00;20,84
11.02.2016 07:00;11.02.2016 08:00;30,82
11.02.2016 08:00;11.02.2016 09:00;25,34
11.02.2016 09:00;11.02.2016 10:00;22,84
11.02.2016 10:00;11.02.2016 11:00;21,12
11.02.2016 11:00;11.02.2016 12:00;24,74
11.02.2016 12:00;11.02.2016 13:00;23,72
11.02.2016 13:00;11.02.2016 14:00;23,01
11.02.2016 14:00;11.02.2016 15:00;21,03
11.02.2016 15:00;11.02.2016 16:00;30,0
11.02.2016 16:00;11.02.2016 17:00;31,58
11.02.2016 17:00;11.02.2016 18:00;36,0
11.02.2016 18:00;11.02.2016 19:00;41,02
11.02.2016 19:00;11.02.2016 20:00;41,34
11.02.2016 20:00;11.02.2016 21:00;32,98
11.02.2016 21:00;11.02.2016 22:00;29,96
11.02.2016 22:00;11.02.2016 23:00;29,46
11.02.2016 23:00;12.02.2016 00:00;26,1
12.02.2016 00:00;12.02.2016 01:00;22,81
12.02.2016 01:00;12.02.2016 02:00;21,59
12.02.2016 02:00;12.02.2016 03:00;21,3
12.02.2016 03:00;12.02.2016 04:00;19,86
12.02.2016 04:00;12.02.2016 05:00;20,69
12.02.2016 05:00;12.02.2016 06:00;21,64
12.02.2016 06:00;12.02.2016 07:00;27,18
12.02.2016 07:00;12.02.2016 08:00;36,43
12.02.2016 08:00;12.02.2016 09:00;37,3
12.02.2016 09:00;12.02.2016 10:00;34,97
12.02.2016 10:00;12.02.2016 11:00;34,7
12.02.2016 11:00;12.02.2016 12:00;33,48
12.02.2016 12:00;12.02.2016 13:00;30,0
12.02.2016 13:00;12.02.2016 14:00;26,93
12.02.2016 14:00;12.02.2016 15:00;25,62
12.02.2016 15:00;12.02.2016 16:00;25,0
12.02.2016 16:00;12.02.2016 17:00;27,18
12.02.2016 17:00;12.02.2016 18:00;34,56
12.02.2016 18:00;12.02.2016 19:00;40,36
12.02.2016 19:00;12.02.2016 20:00;35,56
12.02.2016 20:00;12.02.2016 21:00;29,96
12.02.2016 21:00;12.02.2016 22:00;26,45
12.02.2016 22:00;12.02.2016 23:00;27,18
12.02.2016 23:00;13.02.2016 00:00;25,45
13.02.2016 00:00;13.02.2016 01:00;22,23
13.02.2016 01:00;13.02.2016 02:00;21,1
13.02.2016 02:00;13.02.2016 03:00;20,21
13.02.2016 03:00;13.02.2016 04:00;19,94
13.02.2016 04:00;13.02.2016 05:00;19,9
13.02.2016 05:00;13.02.2016 06:00;19,98
13.02.2016 06:00;13.02.2016 07:00;19,9
13.02.2016 07:00;13.02.2016 08:00;21,48
13.02.2016 08:00;13.02.2016 09:00;28,38
13.02.2016 09:00;13.02.2016 10:00;30,36
13.02.2016 10:00;13.02.2016 11:00;30,09
13.02.2016 11:00;13.02.2016 12:00;29,84
13.02.2016 12:00;13.02.2016 13:00;26,75
13.02.2016 13:00;13.02.2016 14:00;23,93
13.02.2016 14:00;13.02.2016 15:00;21,37
13.02.2016 15:00;13.02.2016 16:00;21,15
13.02.2016 16:00;13.02.2016 17:00;20,96
13.02.2016 17:00;13.02.2016 18:00;24,69
13.02.2016 18:00;13.02.2016 19:00;29,65
13.02.2016 19:00;13.02.2016 20:00;24,61
13.02.2016 20:00;13.02.2016 21:00;19,91
13.02.2016 21:00;13.02.2016 22:00;18,7
13.02.2016 22:00;13.02.2016 23:00;18,47
13.02.2016 23:00;14.02.2016 00:00;16,88
14.02.2016 00:00;14.02.2016 01:00;13,06
14.02.2016 01:00;14.02.2016 02:00;10,28
14.02.2016 02:00;14.02.2016 03:00;8,48
14.02.2016 03:00;14.02.2016 04:00;5,09
14.02.2016 04:00;14.02.2016 05:00;4,21
14.02.2016 05:00;14.02.2016 06:00;4,75
14.02.2016 06:00;14.02.2016 07:00;5,3
14.02.2016 07:00;14.02.2016 08:00;8,76
14.02.2016 08:00;14.02.2016 09:00;11,81
14.02.2016 09:00;14.02.2016 10:00;15,03
14.02.2016 10:00;14.02.2016 11:00;17,46
14.02.2016 11:00;14.02.2016 12:00;18,01
14.02.2016 12:00;14.02.2016 13:00;17,69
14.02.2016 13:00;14.02.2016 14:00;17,34
14.02.2016 14:00;14.02.2016 15:00;16,27
14.02.2016 15:00;14.02.2016 16:00;15,13
14.02.2016 16:00;14.02.2016 17:00;16,96
14.02.2016 17:00;14.02.2016 18:00;21,21
14.02.2016 18:00;14.02.2016 19:00;29,94
14.02.2016 19:00;14.02.2016 20:00;30,38
14.02.2016 20:00;14.02.2016 21:00;23,57
14.02.2016 21:00;14.02.2016 22:00;20,21
14.02.2016 22:00;14.02.2016 23:00;20,33
14.02.2016 23:00;15.02.2016 00:00;17,52
15.02.2016 00:00;15.02.2016 01:00;16,57
15.02.2016 01:00;15.02.2016 02:00;16,0
15.02.2016 02:00;15.02.2016 03:00;14,36
15.02.2016 03:00;15.02.2016 04:00;13,14
15.02.2016 04:00;15.02.2016 05:00;12,68
15.02.2016 05:00;15.02.2016 06:00;14,65
15.02.2016 06:00;15.02.2016 07:00;21,12
15.02.2016 07:00;15.02.2016 08:00;32,18
15.02.2016 08:00;15.02.2016 09:00;30,11
15.02.2016 09:00;15.02.2016 10:00;31,72
15.02.2016 10:00;15.02.2016 11:00;30,91
15.02.2016 11:00;15.02.2016 12:00;29,93
15.02.2016 12:00;15.02.2016 13:00;27,22
15.02.2016 13:00;15.02.2016 14:00;25,39
15.02.2016 14:00;15.02.2016 15:00;24,81
15.02.2016 15:00;15.02.2016 16:00;24,4
15.02.2016 16:00;15.02.2016 17:00;24,93
15.02.2016 17:00;15.02.2016 18:00;28,45
15.02.2016 18:00;15.02.2016 19:00;35,19
15.02.2016 19:00;15.02.2016 20:00;32,19
15.02.2016 20:00;15.02.2016 21:00;30,05
15.02.2016 21:00;15.02.2016 22:00;24,39
15.02.2016 22:00;15.02.2016 23:00;25,87
15.02.2016 23:00;16.02.2016 00:00;22,39
16.02.2016 00:00;16.02.2016 01:00;22,37
16.02.2016 01:00;16.02.2016 02:00;22,32
16.02.2016 02:00;16.02.2016 03:00;22,31
16.02.2016 03:00;16.02.2016 04:00;22,04
16.02.2016 04:00;16.02.2016 05:00;21,83
16.02.2016 05:00;16.02.2016 06:00;22,74
16.02.2016 06:00;16.02.2016 07:00;29,39
16.02.2016 07:00;16.02.2016 08:00;40,43
16.02.2016 08:00;16.02.2016 09:00;42,46
16.02.2016 09:00;16.02.2016 10:00;42,42
16.02.2016 10:00;16.02.2016 11:00;37,91
16.02.2016 11:00;16.02.2016 12:00;35,72
16.02.2016 12:00;16.02.2016 13:00;33,07
16.02.2016 13:00;16.02.2016 14:00;32,77
16.02.2016 14:00;16.02.2016 15:00;31,7
16.02.2016 15:00;16.02.2016 16:00;32,09
16.02.2016 16:00;16.02.2016 17:00;34,88
16.02.2016 17:00;16.02.2016 18:00;39,81
16.02.2016 18:00;16.02.2016 19:00;53,46
16.02.2016 19:00;16.02.2016 20:00;49,71
16.02.2016 20:00;16.02.2016 21:00;33,96
16.02.2016 21:00;16.02.2016 22:00;27,0
16.02.2016 22:00;16.02.2016 23:00;24,98
16.02.2016 23:00;17.02.2016 00:00;21,48
17.02.2016 00:00;17.02.2016 01:00;18,97
17.02.2016 01:00;17.02.2016 02:00;18,86
17.02.2016 02:00;17.02.2016 03:00;18,7
17.02.2016 03:00;17.02.2016 04:00;18,74
17.02.2016 04:00;17.02.2016 05:00;19,58
17.02.2016 05:00;17.02.2016 06:00;19,0
17.02.2016 06:00;17.02.2016 07:00;22,75
17.02.2016 07:00;17.02.2016 08:00;30,97
17.02.2016 08:00;17.02.2016 09:00;31,71
17.02.2016 09:00;17.02.2016 10:00;29,95
17.02.2016 10:00;17.02.2016 11:00;23,53
17.02.2016 11:00;17.02.2016 12:00;24,77
17.02.2016 12:00;17.02.2016 13:00;23,55
17.02.2016 13:00;17.02.2016 14:00;24,72
17.02.2016 14:00;17.02.2016 15:00;25,91
17.02.2016 15:00;17.02.2016 16:00;29,9
17.02.2016 16:00;17.02.2016 17:00;30,67
17.02.2016 17:00;17.02.2016 18:00;38,06
17.02.2016 18:00;17.02.2016 19:00;40,87
17.02.2016 19:00;17.02.2016 20:00;33,96
17.02.2016 20:00;17.02.2016 21:00;29,94
17.02.2016 21:00;17.02.2016 22:00;24,05
17.02.2016 22:00;17.02.2016 23:00;24,25
17.02.2016 23:00;18.02.2016 00:00;22,73
18.02.2016 00:00;18.02.2016 01:00;20,74
18.02.2016 01:00;18.02.2016 02:00;20,57
18.02.2016 02:00;18.02.2016 03:00;18,87
18.02.2016 03:00;18.02.2016 04:00;19,88
18.02.2016 04:00;18.02.2016 05:00;19,89
18.02.2016 05:00;18.02.2016 06:00;20,33
18.02.2016 06:00;18.02.2016 07:00;23,16
18.02.2016 07:00;18.02.2016 08:00;35,53
18.02.2016 08:00;18.02.2016 09:00;39,92
18.02.2016 09:00;18.02.2016 10:00;34,97
18.02.2016 10:00;18.02.2016 11:00;29,92
18.02.2016 11:00;18.02.2016 12:00;25,98
18.02.2016 12:00;18.02.2016 13:00;23,77
18.02.2016 13:00;18.02.2016 14:00;24,53
18.02.2016 14:00;18.02.2016 15:00;25,13
18.02.2016 15:00;18.02.2016 16:00;29,04
18.02.2016 16:00;18.02.2016 17:00;32,0
18.02.2016 17:00;18.02.2016 18:00;38,74
18.02.2016 18:00;18.02.2016 19:00;45,08
18.02.2016 19:00;18.02.2016 20:00;38,06
18.02.2016 20:00;18.02.2016 21:00;32,24
18.02.2016 21:00;18.02.2016 22:00;25,95
18.02.2016 22:00;18.02.2016 23:00;23,09
18.02.2016 23:00;19.02.2016 00:00;21,34
19.02.2016 00:00;19.02.2016 01:00;21,85
19.02.2016 01:00;19.02.2016 02:00;21,44
19.02.2016 02:00;19.02.2016 03:00;21,75
19.02.2016 03:00;19.02.2016 04:00;22,19
19.02.2016 04:00;19.02.2016 05:00;22,37
19.02.2016 05:00;19.02.2016 06:00;19,46
19.02.2016 06:00;19.02.2016 07:00;27,83
19.02.2016 07:00;19.02.2016 08:00;34,98
19.02.2016 08:00;19.02.2016 09:00;38,49
19.02.2016 09:00;19.02.2016 10:00;34,95
19.02.2016 10:00;19.02.2016 11:00;34,95
19.02.2016 11:00;19.02.2016 12:00;37,91
19.02.2016 12:00;19.02.2016 13:00;31,55
19.02.2016 13:00;19.02.2016 14:00;27,93
19.02.2016 14:00;19.02.2016 15:00;25,25
19.02.2016 15:00;19.02.2016 16:00;25,09
19.02.2016 16:00;19.02.2016 17:00;24,84
19.02.2016 17:00;19.02.2016 18:00;30,04
19.02.2016 18:00;19.02.2016 19:00;34,94
19.02.2016 19:00;19.02.2016 20:00;27,99
19.02.2016 20:00;19.02.2016 21:00;23,69
19.02.2016 21:00;19.02.2016 22:00;24,93
19.02.2016 22:00;19.02.2016 23:00;23,38
19.02.2016 23:00;20.02.2016 00:00;18,9
20.02.2016 00:00;20.02.2016 01:00;18,3
20.02.2016 01:00;20.02.2016 02:00;16,82
20.02.2016 02:00;20.02.2016 03:00;11,54
20.02.2016 03:00;20.02.2016 04:00;9,69
20.02.2016 04:00;20.02.2016 05:00;9,52
20.02.2016 05:00;20.02.2016 06:00;5,01
20.02.2016 06:00;20.02.2016 07:00;5,06
20.02.2016 07:00;20.02.2016 08:00;9,09
20.02.2016 08:00;20.02.2016 09:00;8,69
20.02.2016 09:00;20.02.2016 10:00;13,43
20.02.2016 10:00;20.02.2016 11:00;16,36
20.02.2016 11:00;20.02.2016 12:00;17,0
20.02.2016 12:00;20.02.2016 13:00;16,96
20.02.2016 13:00;20.02.2016 14:00;15,94
20.02.2016 14:00;20.02.2016 15:00;15,77
20.02.2016 15:00;20.02.2016 16:00;16,05
20.02.2016 16:00;20.02.2016 17:00;16,15
20.02.2016 17:00;20.02.2016 18:00;18,99
20.02.2016 18:00;20.02.2016 19:00;24,22
20.02.2016 19:00;20.02.2016 20:00;23,49
20.02.2016 20:00;20.02.2016 21:00;18,96
20.02.2016 21:00;20.02.2016 22:00;13,92
20.02.2016 22:00;20.02.2016 23:00;11,79
20.02.2016 23:00;21.02.2016 00:00;7,81
21.02.2016 00:00;21.02.2016 01:00;9,37
21.02.2016 01:00;21.02.2016 02:00;6,52
21.02.2016 02:00;21.02.2016 03:00;5,09
21.02.2016 03:00;21.02.2016 04:00;3,14
21.02.2016 04:00;21.02.2016 05:00;0,46
21.02.2016 05:00;21.02.2016 06:00;0,13
21.02.2016 06:00;21.02.2016 07:00;-0,05
21.02.2016 07:00;21.02.2016 08:00;0,13
21.02.2016 08:00;21.02.2016 09:00;5,62
21.02.2016 09:00;21.02.2016 10:00;10,81
21.02.2016 10:00;21.02.2016 11:00;13,07
21.02.2016 11:00;21.02.2016 12:00;14,94
21.02.2016 12:00;21.02.2016 13:00;14,95
21.02.2016 13:00;21.02.2016 14:00;10,6
21.02.2016 14:00;21.02.2016 15:00;7,71
21.02.2016 15:00;21.02.2016 16:00;4,95
21.02.2016 16:00;21.02.2016 17:00;7,69
21.02.2016 17:00;21.02.2016 18:00;14,34
21.02.2016 18:00;21.02.2016 19:00;18,61
21.02.2016 19:00;21.02.2016 20:00;18,2
21.02.2016 20:00;21.02.2016 21:00;12,0
21.02.2016 21:00;21.02.2016 22:00;12,64
21.02.2016 22:00;21.02.2016 23:00;13,94
21.02.2016 23:00;22.02.2016 00:00;9,31
22.02.2016 00:00;22.02.2016 01:00;-4,93
22.02.2016 01:00;22.02.2016 02:00;-4,98
22.02.2016 02:00;22.02.2016 03:00;-5,08
22.02.2016 03:00;22.02.2016 04:00;-1,02
22.02.2016 04:00;22.02.2016 05:00;-0,97
22.02.2016 05:00;22.02.2016 06:00;7,63
22.02.2016 06:00;22.02.2016 07:00;18,05
22.02.2016 07:00;22.02.2016 08:00;26,38
22.02.2016 08:00;22.02.2016 09:00;27,92
22.02.2016 09:00;22.02.2016 10:00;23,97
22.02.2016 10:00;22.02.2016 11:00;23,11
22.02.2016 11:00;22.02.2016 12:00;23,93
22.02.2016 12:00;22.02.2016 13:00;24,0
22.02.2016 13:00;22.02.2016 14:00;24,52
22.02.2016 14:00;22.02.2016 15:00;23,98
22.02.2016 15:00;22.02.2016 16:00;23,91
22.02.2016 16:00;22.02.2016 17:00;23,92
22.02.2016 17:00;22.02.2016 18:00;27,93
22.02.2016 18:00;22.02.2016 19:00;40,13
22.02.2016 19:00;22.02.2016 20:00;39,45
22.02.2016 20:00;22.02.2016 21:00;29,37
22.02.2016 21:00;22.02.2016 22:00;24,69
22.02.2016 22:00;22.02.2016 23:00;25,08
22.02.2016 23:00;23.02.2016 00:00;19,56
23.02.2016 00:00;23.02.2016 01:00;17,81
23.02.2016 01:00;23.02.2016 02:00;14,28
23.02.2016 02:00;23.02.2016 03:00;17,23
23.02.2016 03:00;23.02.2016 04:00;17,47
23.02.2016 04:00;23.02.2016 05:00;17,83
23.02.2016 05:00;23.02.2016 06:00;19,15
23.02.2016 06:00;23.02.2016 07:00;27,32
23.02.2016 07:00;23.02.2016 08:00;30,62
23.02.2016 08:00;23.02.2016 09:00;31,9
23.02.2016 09:00;23.02.2016 10:00;31,09
23.02.2016 10:00;23.02.2016 11:00;29,19
23.02.2016 11:00;23.02.2016 12:00;30,68
23.02.2016 12:00;23.02.2016 13:00;25,92
23.02.2016 13:00;23.02.2016 14:00;24,96
23.02.2016 14:00;23.02.2016 15:00;23,9
23.02.2016 15:00;23.02.2016 16:00;24,13
23.02.2016 16:00;23.02.2016 17:00;24,36
23.02.2016 17:00;23.02.2016 18:00;30,08
23.02.2016 18:00;23.02.2016 19:00;36,75
23.02.2016 19:00;23.02.2016 20:00;29,94
23.02.2016 20:00;23.02.2016 21:00;22,96
23.02.2016 21:00;23.02.2016 22:00;23,23
23.02.2016 22:00;23.02.2016 23:00;19,76
23.02.2016 23:00;24.02.2016 00:00;17,9
24.02.2016 00:00;24.02.2016 01:00;18,04
24.02.2016 01:00;24.02.2016 02:00;16,59
24.02.2016 02:00;24.02.2016 03:00;13,61
24.02.2016 03:00;24.02.2016 04:00;13,66
24.02.2016 04:00;24.02.2016 05:00;17,43
24.02.2016 05:00;24.02.2016 06:00;18,92
24.02.2016 06:00;24.02.2016 07:00;23,15
24.02.2016 07:00;24.02.2016 08:00;33,69
24.02.2016 08:00;24.02.2016 09:00;30,99
24.02.2016 09:00;24.02.2016 10:00;25,04
24.02.2016 10:00;24.02.2016 11:00;23,41
24.02.2016 11:00;24.02.2016 12:00;22,56
24.02.2016 12:00;24.02.2016 13:00;22,03
24.02.2016 13:00;24.02.2016 14:00;22,05
24.02.2016 14:00;24.02.2016 15:00;22,56
24.02.2016 15:00;24.02.2016 16:00;24,0
24.02.2016 16:00;24.02.2016 17:00;25,05
24.02.2016 17:00;24.02.2016 18:00;31,96
24.02.2016 18:00;24.02.2016 19:00;35,68
24.02.2016 19:00;24.02.2016 20:00;36,41
24.02.2016 20:00;24.02.2016 21:00;30,51
24.02.2016 21:00;24.02.2016 22:00;23,97
24.02.2016 22:00;24.02.2016 23:00;22,96
24.02.2016 23:00;25.02.2016 00:00;20,56
25.02.2016 00:00;25.02.2016 01:00;24,04
25.02.2016 01:00;25.02.2016 02:00;22,58
25.02.2016 02:00;25.02.2016 03:00;21,26
25.02.2016 03:00;25.02.2016 04:00;20,09
25.02.2016 04:00;25.02.2016 05:00;19,94
25.02.2016 05:00;25.02.2016 06:00;21,7
25.02.2016 06:00;25.02.2016 07:00;27,19
25.02.2016 07:00;25.02.2016 08:00;36,04
25.02.2016 08:00;25.02.2016 09:00;38,29
25.02.2016 09:00;25.02.2016 10:00;34,44
25.02.2016 10:00;25.02.2016 11:00;32,12
25.02.2016 11:00;25.02.2016 12:00;30,44
25.02.2016 12:00;25.02.2016 13:00;26,55
25.02.2016 13:00;25.02.2016 14:00;26,01
25.02.2016 14:00;25.02.2016 15:00;25,0
25.02.2016 15:00;25.02.2016 16:00;24,78
25.02.2016 16:00;25.02.2016 17:00;25,39
25.02.2016 17:00;25.02.2016 18:00;31,16
25.02.2016 18:00;25.02.2016 19:00;39,91
25.02.2016 19:00;25.02.2016 20:00;36,51
25.02.2016 20:00;25.02.2016 21:00;31,54
25.02.2016 21:00;25.02.2016 22:00;25,2
25.02.2016 22:00;25.02.2016 23:00;25,1
25.02.2016 23:00;26.02.2016 00:00;23,84
26.02.2016 00:00;26.02.2016 01:00;21,66
26.02.2016 01:00;26.02.2016 02:00;21,69
26.02.2016 02:00;26.02.2016 03:00;21,11
26.02.2016 03:00;26.02.2016 04:00;20,0
26.02.2016 04:00;26.02.2016 05:00;21,02
26.02.2016 05:00;26.02.2016 06:00;22,07
26.02.2016 06:00;26.02.2016 07:00;27,35
26.02.2016 07:00;26.02.2016 08:00;32,93
26.02.2016 08:00;26.02.2016 09:00;36,08
26.02.2016 09:00;26.02.2016 10:00;33,48
26.02.2016 10:00;26.02.2016 11:00;31,68
26.02.2016 11:00;26.02.2016 12:00;29,5
26.02.2016 12:00;26.02.2016 13:00;27,47
26.02.2016 13:00;26.02.2016 14:00;25,06
26.02.2016 14:00;26.02.2016 15:00;24,0
26.02.2016 15:00;26.02.2016 16:00;25,11
26.02.2016 16:00;26.02.2016 17:00;26,94
26.02.2016 17:00;26.02.2016 18:00;33,98
26.02.2016 18:00;26.02.2016 19:00;39,94
26.02.2016 19:00;26.02.2016 20:00;37,55
26.02.2016 20:00;26.02.2016 21:00;31,18
26.02.2016 21:00;26.02.2016 22:00;26,35
26.02.2016 22:00;26.02.2016 23:00;26,86
26.02.2016 23:00;27.02.2016 00:00;25,0
27.02.2016 00:00;27.02.2016 01:00;26,94
27.02.2016 01:00;27.02.2016 02:00;23,02
27.02.2016 02:00;27.02.2016 03:00;21,77
27.02.2016 03:00;27.02.2016 04:00;19,76
27.02.2016 04:00;27.02.2016 05:00;19,83
27.02.2016 05:00;27.02.2016 06:00;20,16
27.02.2016 06:00;27.02.2016 07:00;21,18
27.02.2016 07:00;27.02.2016 08:00;22,76
27.02.2016 08:00;27.02.2016 09:00;25,71
27.02.2016 09:00;27.02.2016 10:00;26,79
27.02.2016 10:00;27.02.2016 11:00;23,24
27.02.2016 11:00;27.02.2016 12:00;21,17
27.02.2016 12:00;27.02.2016 13:00;19,92
27.02.2016 13:00;27.02.2016 14:00;19,49
27.02.2016 14:00;27.02.2016 15:00;19,68
27.02.2016 15:00;27.02.2016 16:00;19,93
27.02.2016 16:00;27.02.2016 17:00;20,21
27.02.2016 17:00;27.02.2016 18:00;24,97
27.02.2016 18:00;27.02.2016 19:00;32,04
27.02.2016 19:00;27.02.2016 20:00;31,91
27.02.2016 20:00;27.02.2016 21:00;25,72
27.02.2016 21:00;27.02.2016 22:00;21,74
27.02.2016 22:00;27.02.2016 23:00;23,1
27.02.2016 23:00;28.02.2016 00:00;20,98
28.02.2016 00:00;28.02.2016 01:00;19,9
28.02.2016 01:00;28.02.2016 02:00;18,39
28.02.2016 02:00;28.02.2016 03:00;18,01
28.02.2016 03:00;28.02.2016 04:00;17,62
28.02.2016 04:00;28.02.2016 05:00;17,31
28.02.2016 05:00;28.02.2016 06:00;17,46
28.02.2016 06:00;28.02.2016 07:00;17,51
28.02.2016 07:00;28.02.2016 08:00;17,58
28.02.2016 08:00;28.02.2016 09:00;17,9
28.02.2016 09:00;28.02.2016 10:00;19,02
28.02.2016 10:00;28.02.2016 11:00;19,01
28.02.2016 11:00;28.02.2016 12:00;19,02
28.02.2016 12:00;28.02.2016 13:00;16,6
28.02.2016 13:00;28.02.2016 14:00;14,06
28.02.2016 14:00;28.02.2016 15:00;12,45
28.02.2016 15:00;28.02.2016 16:00;12,21
28.02.2016 16:00;28.02.2016 17:00;13,26
28.02.2016 17:00;28.02.2016 18:00;19,11
28.02.2016 18:00;28.02.2016 19:00;24,6
28.02.2016 19:00;28.02.2016 20:00;26,98
28.02.2016 20:00;28.02.2016 21:00;21,81
28.02.2016 21:00;28.02.2016 22:00;19,9
28.02.2016 22:00;28.02.2016 23:00;20,44
28.02.2016 23:00;29.02.2016 00:00;19,93
29.02.2016 00:00;29.02.2016 01:00;19,12
29.02.2016 01:00;29.02.2016 02:00;17,77
29.02.2016 02:00;29.02.2016 03:00;17,6
29.02.2016 03:00;29.02.2016 04:00;16,77
29.02.2016 04:00;29.02.2016 05:00;17,01
29.02.2016 05:00;29.02.2016 06:00;18,49
29.02.2016 06:00;29.02.2016 07:00;28,23
29.02.2016 07:00;29.02.2016 08:00;34,72
29.02.2016 08:00;29.02.2016 09:00;32,96
29.02.2016 09:00;29.02.2016 10:00;27,99
29.02.2016 10:00;29.02.2016 11:00;24,92
29.02.2016 11:00;29.02.2016 12:00;23,48
29.02.2016 12:00;29.02.2016 13:00;22,77
29.02.2016 13:00;29.02.2016 14:00;22,2
29.02.2016 14:00;29.02.2016 15:00;22,0
29.02.2016 15:00;29.02.2016 16:00;22,24
29.02.2016 16:00;29.02.2016 17:00;22,57
29.02.2016 17:00;29.02.2016 18:00;26,58
29.02.2016 18:00;29.02.2016 19:00;34,03
29.02.2016 19:00;29.02.2016 20:00;31,21
29.02.2016 20:00;29.02.2016 21:00;27,14
29.02.2016 21:00;29.02.2016 22:00;23,04
29.02.2016 22:00;29.02.2016 23:00;22,55
29.02.2016 23:00;01.03.2016 00:00;19,29
01.03.2016 00:00;01.03.2016 01:00;22,48
01.03.2016 01:00;01.03.2016 02:00;22,08
01.03.2016 02:00;01.03.2016 03:00;19,87
01.03.2016 03:00;01.03.2016 04:00;19,13
01.03.2016 04:00;01.03.2016 05:00;19,33
01.03.2016 05:00;01.03.2016 06:00;20,18
01.03.2016 06:00;01.03.2016 07:00;25,59
01.03.2016 07:00;01.03.2016 08:00;32,93
01.03.2016 08:00;01.03.2016 09:00;37,86
01.03.2016 09:00;01.03.2016 10:00;34,95
01.03.2016 10:00;01.03.2016 11:00;31,9
01.03.2016 11:00;01.03.2016 12:00;30,06
01.03.2016 12:00;01.03.2016 13:00;28,8
01.03.2016 13:00;01.03.2016 14:00;27,96
01.03.2016 14:00;01.03.2016 15:00;25,55
01.03.2016 15:00;01.03.2016 16:00;25,48
01.03.2016 16:00;01.03.2016 17:00;23,97
01.03.2016 17:00;01.03.2016 18:00;26,95
01.03.2016 18:00;01.03.2016 19:00;26,0
01.03.2016 19:00;01.03.2016 20:00;22,63
01.03.2016 20:00;01.03.2016 21:00;21,26
01.03.2016 21:00;01.03.2016 22:00;19,52
01.03.2016 22:00;01.03.2016 23:00;18,39
01.03.2016 23:00;02.03.2016 00:00;17,06
02.03.2016 00:00;02.03.2016 01:00;10,58
02.03.2016 01:00;02.03.2016 02:00;13,56
02.03.2016 02:00;02.03.2016 03:00;12,69
02.03.2016 03:00;02.03.2016 04:00;12,62
02.03.2016 04:00;02.03.2016 05:00;13,27
02.03.2016 05:00;02.03.2016 06:00;15,85
02.03.2016 06:00;02.03.2016 07:00;21,45
02.03.2016 07:00;02.03.2016 08:00;23,08
02.03.2016 08:00;02.03.2016 09:00;25,96
02.03.2016 09:00;02.03.2016 10:00;24,68
02.03.2016 10:00;02.03.2016 11:00;26,7
02.03.2016 11:00;02.03.2016 12:00;28,0
02.03.2016 12:00;02.03.2016 13:00;27,43
02.03.2016 13:00;02.03.2016 14:00;26,0
02.03.2016 14:00;02.03.2016 15:00;25,92
02.03.2016 15:00;02.03.2016 16:00;28,06
02.03.2016 16:00;02.03.2016 17:00;28,56
02.03.2016 17:00;02.03.2016 18:00;31,99
02.03.2016 18:00;02.03.2016 19:00;40,0
02.03.2016 19:00;02.03.2016 20:00;36,87
02.03.2016 20:00;02.03.2016 21:00;30,99
02.03.2016 21:00;02.03.2016 22:00;27,07
02.03.2016 22:00;02.03.2016 23:00;24,27
02.03.2016 23:00;03.03.2016 00:00;21,58
03.03.2016 00:00;03.03.2016 01:00;20,02
03.03.2016 01:00;03.03.2016 02:00;19,29
03.03.2016 02:00;03.03.2016 03:00;18,64
03.03.2016 03:00;03.03.2016 04:00;17,93
03.03.2016 04:00;03.03.2016 05:00;18,26
03.03.2016 05:00;03.03.2016 06:00;19,38
03.03.2016 06:00;03.03.2016 07:00;24,58
03.03.2016 07:00;03.03.2016 08:00;30,93
03.03.2016 08:00;03.03.2016 09:00;31,04
03.03.2016 09:00;03.03.2016 10:00;30,94
03.03.2016 10:00;03.03.2016 11:00;30,57
03.03.2016 11:00;03.03.2016 12:00;31,94
03.03.2016 12:00;03.03.2016 13:00;30,07
03.03.2016 13:00;03.03.2016 14:00;30,53
03.03.2016 14:00;03.03.2016 15:00;30,06
03.03.2016 15:00;03.03.2016 16:00;30,97
03.03.2016 16:00;03.03.2016 17:00;30,96
03.03.2016 17:00;03.03.2016 18:00;32,85
03.03.2016 18:00;03.03.2016 19:00;42,71
03.03.2016 19:00;03.03.2016 20:00;42,92
03.03.2016 20:00;03.03.2016 21:00;33,98
03.03.2016 21:00;03.03.2016 22:00;28,97
03.03.2016 22:00;03.03.2016 23:00;25,92
03.03.2016 23:00;04.03.2016 00:00;23,11
04.03.2016 00:00;04.03.2016 01:00;22,15
04.03.2016 01:00;04.03.2016 02:00;20,03
04.03.2016 02:00;04.03.2016 03:00;19,75
04.03.2016 03:00;04.03.2016 04:00;19,19
04.03.2016 04:00;04.03.2016 05:00;18,99
04.03.2016 05:00;04.03.2016 06:00;20,18
04.03.2016 06:00;04.03.2016 07:00;26,92
04.03.2016 07:00;04.03.2016 08:00;31,73
04.03.2016 08:00;04.03.2016 09:00;33,97
04.03.2016 09:00;04.03.2016 10:00;30,04
04.03.2016 10:00;04.03.2016 11:00;26,69
04.03.2016 11:00;04.03.2016 12:00;23,78
04.03.2016 12:00;04.03.2016 13:00;22,48
04.03.2016 13:00;04.03.2016 14:00;21,78
04.03.2016 14:00;04.03.2016 15:00;21,86
04.03.2016 15:00;04.03.2016 16:00;22,48
04.03.2016 16:00;04.03.2016 17:00;24,17
04.03.2016 17:00;04.03.2016 18:00;29,2
04.03.2016 18:00;04.03.2016 19:00;33,99
04.03.2016 19:00;04.03.2016 20:00;31,06
04.03.2016 20:00;04.03.2016 21:00;27,9
04.03.2016 21:00;04.03.2016 22:00;23,52
04.03.2016 22:00;04.03.2016 23:00;23,8
04.03.2016 23:00;05.03.2016 00:00;21,55
05.03.2016 00:00;05.03.2016 01:00;19,15
05.03.2016 01:00;05.03.2016 02:00;19,17
05.03.2016 02:00;05.03.2016 03:00;19,04
05.03.2016 03:00;05.03.2016 04:00;18,96
05.03.2016 04:00;05.03.2016 05:00;18,88
05.03.2016 05:00;05.03.2016 06:00;19,01
05.03.2016 06:00;05.03.2016 07:00;19,16
05.03.2016 07:00;05.03.2016 08:00;20,75
05.03.2016 08:00;05.03.2016 09:00;24,55
05.03.2016 09:00;05.03.2016 10:00;26,9
05.03.2016 10:00;05.03.2016 11:00;24,78
05.03.2016 11:00;05.03.2016 12:00;24,63
05.03.2016 12:00;05.03.2016 13:00;24,25
05.03.2016 13:00;05.03.2016 14:00;21,14
05.03.2016 14:00;05.03.2016 15:00;20,42
05.03.2016 15:00;05.03.2016 16:00;20,57
05.03.2016 16:00;05.03.2016 17:00;21,25
05.03.2016 17:00;05.03.2016 18:00;25,92
05.03.2016 18:00;05.03.2016 19:00;34,02
05.03.2016 19:00;05.03.2016 20:00;35,0
05.03.2016 20:00;05.03.2016 21:00;27,86
05.03.2016 21:00;05.03.2016 22:00;24,44
05.03.2016 22:00;05.03.2016 23:00;25,18
05.03.2016 23:00;06.03.2016 00:00;20,0
06.03.2016 00:00;06.03.2016 01:00;20,69
06.03.2016 01:00;06.03.2016 02:00;19,94
06.03.2016 02:00;06.03.2016 03:00;19,13
06.03.2016 03:00;06.03.2016 04:00;18,69
06.03.2016 04:00;06.03.2016 05:00;18,58
06.03.2016 05:00;06.03.2016 06:00;18,83
06.03.2016 06:00;06.03.2016 07:00;18,65
06.03.2016 07:00;06.03.2016 08:00;18,78
06.03.2016 08:00;06.03.2016 09:00;19,28
06.03.2016 09:00;06.03.2016 10:00;19,99
06.03.2016 10:00;06.03.2016 11:00;20,26
06.03.2016 11:00;06.03.2016 12:00;20,51
06.03.2016 12:00;06.03.2016 13:00;20,02
06.03.2016 13:00;06.03.2016 14:00;19,14
06.03.2016 14:00;06.03.2016 15:00;18,24
06.03.2016 15:00;06.03.2016 16:00;18,23
06.03.2016 16:00;06.03.2016 17:00;18,73
06.03.2016 17:00;06.03.2016 18:00;20,57
06.03.2016 18:00;06.03.2016 19:00;28,93
06.03.2016 19:00;06.03.2016 20:00;31,62
06.03.2016 20:00;06.03.2016 21:00;29,17
06.03.2016 21:00;06.03.2016 22:00;25,44
06.03.2016 22:00;06.03.2016 23:00;27,44
06.03.2016 23:00;07.03.2016 00:00;21,15
07.03.2016 00:00;07.03.2016 01:00;22,04
07.03.2016 01:00;07.03.2016 02:00;22,05
07.03.2016 02:00;07.03.2016 03:00;20,34
07.03.2016 03:00;07.03.2016 04:00;20,02
07.03.2016 04:00;07.03.2016 05:00;20,09
07.03.2016 05:00;07.03.2016 06:00;21,87
07.03.2016 06:00;07.03.2016 07:00;32,34
07.03.2016 07:00;07.03.2016 08:00;35,97
07.03.2016 08:00;07.03.2016 09:00;37,79
07.03.2016 09:00;07.03.2016 10:00;33,07
07.03.2016 10:00;07.03.2016 11:00;31,98
07.03.2016 11:00;07.03.2016 12:00;29,96
07.03.2016 12:00;07.03.2016 13:00;27,98
07.03.2016 13:00;07.03.2016 14:00;27,44
07.03.2016 14:00;07.03.2016 15:00;27,72
07.03.2016 15:00;07.03.2016 16:00;27,1
07.03.2016 16:00;07.03.2016 17:00;30,07
07.03.2016 17:00;07.03.2016 18:00;33,97
07.03.2016 18:00;07.03.2016 19:00;48,29
07.03.2016 19:00;07.03.2016 20:00;46,65
07.03.2016 20:00;07.03.2016 21:00;30,03
07.03.2016 21:00;07.03.2016 22:00;27,95
07.03.2016 22:00;07.03.2016 23:00;26,96
07.03.2016 23:00;08.03.2016 00:00;24,47
08.03.2016 00:00;08.03.2016 01:00;22,39
08.03.2016 01:00;08.03.2016 02:00;22,91
08.03.2016 02:00;08.03.2016 03:00;22,81
08.03.2016 03:00;08.03.2016 04:00;22,0
08.03.2016 04:00;08.03.2016 05:00;21,67
08.03.2016 05:00;08.03.2016 06:00;22,7
08.03.2016 06:00;08.03.2016 07:00;27,44
08.03.2016 07:00;08.03.2016 08:00;37,73
08.03.2016 08:00;08.03.2016 09:00;39,08
08.03.2016 09:00;08.03.2016 10:00;34,98
08.03.2016 10:00;08.03.2016 11:00;28,61
08.03.2016 11:00;08.03.2016 12:00;25,42
08.03.2016 12:00;08.03.2016 13:00;25,1
08.03.2016 13:00;08.03.2016 14:00;24,64
08.03.2016 14:00;08.03.2016 15:00;24,81
08.03.2016 15:00;08.03.2016 16:00;25,09
08.03.2016 16:00;08.03.2016 17:00;27,92
08.03.2016 17:00;08.03.2016 18:00;33,1
08.03.2016 18:00;08.03.2016 19:00;44,93
08.03.2016 19:00;08.03.2016 20:00;40,58
08.03.2016 20:00;08.03.2016 21:00;31,94
08.03.2016 21:00;08.03.2016 22:00;25,07
08.03.2016 22:00;08.03.2016 23:00;27,2
08.03.2016 23:00;09.03.2016 00:00;22,61
09.03.2016 00:00;09.03.2016 01:00;23,8
09.03.2016 01:00;09.03.2016 02:00;22,03
09.03.2016 02:00;09.03.2016 03:00;20,94
09.03.2016 03:00;09.03.2016 04:00;20,08
09.03.2016 04:00;09.03.2016 05:00;20,01
09.03.2016 05:00;09.03.2016 06:00;21,14
09.03.2016 06:00;09.03.2016 07:00;24,95
09.03.2016 07:00;09.03.2016 08:00;31,92
09.03.2016 08:00;09.03.2016 09:00;29,91
09.03.2016 09:00;09.03.2016 10:00;25,03
09.03.2016 10:00;09.03.2016 11:00;23,43
09.03.2016 11:00;09.03.2016 12:00;23,85
09.03.2016 12:00;09.03.2016 13:00;22,28
09.03.2016 13:00;09.03.2016 14:00;21,96
09.03.2016 14:00;09.03.2016 15:00;22,48
09.03.2016 15:00;09.03.2016 16:00;23,05
09.03.2016 16:00;09.03.2016 17:00;24,83
09.03.2016 17:00;09.03.2016 18:00;33,0
09.03.2016 18:00;09.03.2016 19:00;38,77
09.03.2016 19:00;09.03.2016 20:00;37,99
09.03.2016 20:00;09.03.2016 21:00;29,81
09.03.2016 21:00;09.03.2016 22:00;25,8
09.03.2016 22:00;09.03.2016 23:00;27,51
09.03.2016 23:00;10.03.2016 00:00;23,41
10.03.2016 00:00;10.03.2016 01:00;19,72
10.03.2016 01:00;10.03.2016 02:00;20,17
10.03.2016 02:00;10.03.2016 03:00;20,04
10.03.2016 03:00;10.03.2016 04:00;20,16
10.03.2016 04:00;10.03.2016 05:00;20,94
10.03.2016 05:00;10.03.2016 06:00;21,6
10.03.2016 06:00;10.03.2016 07:00;28,48
10.03.2016 07:00;10.03.2016 08:00;35,44
10.03.2016 08:00;10.03.2016 09:00;31,99
10.03.2016 09:00;10.03.2016 10:00;30,07
10.03.2016 10:00;10.03.2016 11:00;25,53
10.03.2016 11:00;10.03.2016 12:00;24,71
10.03.2016 12:00;10.03.2016 13:00;26,35
10.03.2016 13:00;10.03.2016 14:00;25,0
10.03.2016 14:00;10.03.2016 15:00;25,0
10.03.2016 15:00;10.03.2016 16:00;24,89
10.03.2016 16:00;10.03.2016 17:00;25,03
10.03.2016 17:00;10.03.2016 18:00;29,95
10.03.2016 18:00;10.03.2016 19:00;35,49
10.03.2016 19:00;10.03.2016 20:00;37,79
10.03.2016 20:00;10.03.2016 21:00;30,02
10.03.2016 21:00;10.03.2016 22:00;25,31
10.03.2016 22:00;10.03.2016 23:00;22,72
10.03.2016 23:00;11.03.2016 00:00;21,32
11.03.2016 00:00;11.03.2016 01:00;22,03
11.03.2016 01:00;11.03.2016 02:00;20,85
11.03.2016 02:00;11.03.2016 03:00;21,03
11.03.2016 03:00;11.03.2016 04:00;21,06
11.03.2016 04:00;11.03.2016 05:00;21,75
11.03.2016 05:00;11.03.2016 06:00;22,39
11.03.2016 06:00;11.03.2016 07:00;28,34
11.03.2016 07:00;11.03.2016 08:00;34,47
11.03.2016 08:00;11.03.2016 09:00;38,34
11.03.2016 09:00;11.03.2016 10:00;36,69
11.03.2016 10:00;11.03.2016 11:00;32,91
11.03.2016 11:00;11.03.2016 12:00;31,98
11.03.2016 12:00;11.03.2016 13:00;29,81
11.03.2016 13:00;11.03.2016 14:00;27,03
11.03.2016 14:00;11.03.2016 15:00;25,01
11.03.2016 15:00;11.03.2016 16:00;24,92
11.03.2016 16:00;11.03.2016 17:00;24,88
11.03.2016 17:00;11.03.2016 18:00;27,9
11.03.2016 18:00;11.03.2016 19:00;32,55
11.03.2016 19:00;11.03.2016 20:00;35,69
11.03.2016 20:00;11.03.2016 21:00;30,33
11.03.2016 21:00;11.03.2016 22:00;26,77
11.03.2016 22:00;11.03.2016 23:00;28,2
11.03.2016 23:00;12.03.2016 00:00;25,21
12.03.2016 00:00;12.03.2016 01:00;29,01
12.03.2016 01:00;12.03.2016 02:00;26,1
12.03.2016 02:00;12.03.2016 03:00;25,69
12.03.2016 03:00;12.03.2016 04:00;24,5
12.03.2016 04:00;12.03.2016 05:00;23,26
12.03.2016 05:00;12.03.2016 06:00;24,5
12.03.2016 06:00;12.03.2016 07:00;25,45
12.03.2016 07:00;12.03.2016 08:00;25,51
12.03.2016 08:00;12.03.2016 09:00;28,91
12.03.2016 09:00;12.03.2016 10:00;30,09
12.03.2016 10:00;12.03.2016 11:00;29,26
12.03.2016 11:00;12.03.2016 12:00;28,44
12.03.2016 12:00;12.03.2016 13:00;27,6
12.03.2016 13:00;12.03.2016 14:00;25,01
12.03.2016 14:00;12.03.2016 15:00;23,38
12.03.2016 15:00;12.03.2016 16:00;22,96
12.03.2016 16:00;12.03.2016 17:00;23,67
12.03.2016 17:00;12.03.2016 18:00;27,07
12.03.2016 18:00;12.03.2016 19:00;34,09
12.03.2016 19:00;12.03.2016 20:00;36,97
12.03.2016 20:00;12.03.2016 21:00;35,0
12.03.2016 21:00;12.03.2016 22:00;30,17
12.03.2016 22:00;12.03.2016 23:00;30,91
12.03.2016 23:00;13.03.2016 00:00;30,0
13.03.2016 00:00;13.03.2016 01:00;26,51
13.03.2016 01:00;13.03.2016 02:00;22,65
13.03.2016 02:00;13.03.2016 03:00;21,67
13.03.2016 03:00;13.03.2016 04:00;21,05
13.03.2016 04:00;13.03.2016 05:00;21,12
13.03.2016 05:00;13.03.2016 06:00;21,17
13.03.2016 06:00;13.03.2016 07:00;21,11
13.03.2016 07:00;13.03.2016 08:00;21,08
13.03.2016 08:00;13.03.2016 09:00;21,31
13.03.2016 09:00;13.03.2016 10:00;21,69
13.03.2016 10:00;13.03.2016 11:00;21,73
13.03.2016 11:00;13.03.2016 12:00;21,69
13.03.2016 12:00;13.03.2016 13:00;21,07
13.03.2016 13:00;13.03.2016 14:00;19,4
13.03.2016 14:00;13.03.2016 15:00;17,78
13.03.2016 15:00;13.03.2016 16:00;17,46
13.03.2016 16:00;13.03.2016 17:00;18,08
13.03.2016 17:00;13.03.2016 18:00;20,19
13.03.2016 18:00;13.03.2016 19:00;26,08
13.03.2016 19:00;13.03.2016 20:00;33,55
13.03.2016 20:00;13.03.2016 21:00;31,05
13.03.2016 21:00;13.03.2016 22:00;27,24
13.03.2016 22:00;13.03.2016 23:00;28,93
13.03.2016 23:00;14.03.2016 00:00;26,63
14.03.2016 00:00;14.03.2016 01:00;22,39
14.03.2016 01:00;14.03.2016 02:00;20,7
14.03.2016 02:00;14.03.2016 03:00;20,22
14.03.2016 03:00;14.03.2016 04:00;19,99
14.03.2016 04:00;14.03.2016 05:00;20,36
14.03.2016 05:00;14.03.2016 06:00;21,92
14.03.2016 06:00;14.03.2016 07:00;29,46
14.03.2016 07:00;14.03.2016 08:00;35,43
14.03.2016 08:00;14.03.2016 09:00;35,81
14.03.2016 09:00;14.03.2016 10:00;31,75
14.03.2016 10:00;14.03.2016 11:00;28,82
14.03.2016 11:00;14.03.2016 12:00;24,33
14.03.2016 12:00;14.03.2016 13:00;23,31
14.03.2016 13:00;14.03.2016 14:00;22,84
14.03.2016 14:00;14.03.2016 15:00;22,55
14.03.2016 15:00;14.03.2016 16:00;23,04
14.03.2016 16:00;14.03.2016 17:00;24,8
14.03.2016 17:00;14.03.2016 18:00;30,71
14.03.2016 18:00;14.03.2016 19:00;39,48
14.03.2016 19:00;14.03.2016 20:00;47,92
14.03.2016 20:00;14.03.2016 21:00;34,32
14.03.2016 21:00;14.03.2016 22:00;29,48
14.03.2016 22:00;14.03.2016 23:00;26,37
14.03.2016 23:00;15.03.2016 00:00;22,91
15.03.2016 00:00;15.03.2016 01:00;21,1
15.03.2016 01:00;15.03.2016 02:00;20,76
15.03.2016 02:00;15.03.2016 03:00;21,17
15.03.2016 03:00;15.03.2016 04:00;20,74
15.03.2016 04:00;15.03.2016 05:00;20,91
15.03.2016 05:00;15.03.2016 06:00;22,86
15.03.2016 06:00;15.03.2016 07:00;27,1
15.03.2016 07:00;15.03.2016 08:00;33,69
15.03.2016 08:00;15.03.2016 09:00;38,47
15.03.2016 09:00;15.03.2016 10:00;35,96
15.03.2016 10:00;15.03.2016 11:00;36,09
15.03.2016 11:00;15.03.2016 12:00;34,31
15.03.2016 12:00;15.03.2016 13:00;30,93
15.03.2016 13:00;15.03.2016 14:00;27,44
15.03.2016 14:00;15.03.2016 15:00;24,78
15.03.2016 15:00;15.03.2016 16:00;23,71
15.03.2016 16:00;15.03.2016 17:00;23,3
15.03.2016 17:00;15.03.2016 18:00;25,45
15.03.2016 18:00;15.03.2016 19:00;31,91
15.03.2016 19:00;15.03.2016 20:00;34,13
15.03.2016 20:00;15.03.2016 21:00;29,06
15.03.2016 21:00;15.03.2016 22:00;24,15
15.03.2016 22:00;15.03.2016 23:00;22,52
15.03.2016 23:00;16.03.2016 00:00;20,95
16.03.2016 00:00;16.03.2016 01:00;21,22
16.03.2016 01:00;16.03.2016 02:00;20,92
16.03.2016 02:00;16.03.2016 03:00;20,45
16.03.2016 03:00;16.03.2016 04:00;20,06
16.03.2016 04:00;16.03.2016 05:00;20,49
16.03.2016 05:00;16.03.2016 06:00;21,59
16.03.2016 06:00;16.03.2016 07:00;26,24
16.03.2016 07:00;16.03.2016 08:00;33,94
16.03.2016 08:00;16.03.2016 09:00;32,99
16.03.2016 09:00;16.03.2016 10:00;24,71
16.03.2016 10:00;16.03.2016 11:00;22,48
16.03.2016 11:00;16.03.2016 12:00;22,43
16.03.2016 12:00;16.03.2016 13:00;22,16
16.03.2016 13:00;16.03.2016 14:00;21,85
16.03.2016 14:00;16.03.2016 15:00;21,9
16.03.2016 15:00;16.03.2016 16:00;22,28
16.03.2016 16:00;16.03.2016 17:00;23,67
16.03.2016 17:00;16.03.2016 18:00;29,92
16.03.2016 18:00;16.03.2016 19:00;35,6
16.03.2016 19:00;16.03.2016 20:00;39,2
16.03.2016 20:00;16.03.2016 21:00;32,02
16.03.2016 21:00;16.03.2016 22:00;27,04
16.03.2016 22:00;16.03.2016 23:00;23,7
16.03.2016 23:00;17.03.2016 00:00;22,97
17.03.2016 00:00;17.03.2016 01:00;23,08
17.03.2016 01:00;17.03.2016 02:00;22,3
17.03.2016 02:00;17.03.2016 03:00;22,13
17.03.2016 03:00;17.03.2016 04:00;22,27
17.03.2016 04:00;17.03.2016 05:00;22,24
17.03.2016 05:00;17.03.2016 06:00;23,55
17.03.2016 06:00;17.03.2016 07:00;33,9
17.03.2016 07:00;17.03.2016 08:00;38,16
17.03.2016 08:00;17.03.2016 09:00;34,97
17.03.2016 09:00;17.03.2016 10:00;25,98
17.03.2016 10:00;17.03.2016 11:00;23,11
17.03.2016 11:00;17.03.2016 12:00;22,96
17.03.2016 12:00;17.03.2016 13:00;22,38
17.03.2016 13:00;17.03.2016 14:00;22,2
17.03.2016 14:00;17.03.2016 15:00;22,15
17.03.2016 15:00;17.03.2016 16:00;22,43
17.03.2016 16:00;17.03.2016 17:00;25,85
17.03.2016 17:00;17.03.2016 18:00;31,92
17.03.2016 18:00;17.03.2016 19:00;38,81
17.03.2016 19:00;17.03.2016 20:00;46,69
17.03.2016 20:00;17.03.2016 21:00;37,76
17.03.2016 21:00;17.03.2016 22:00;30,98
17.03.2016 22:00;17.03.2016 23:00;25,48
17.03.2016 23:00;18.03.2016 00:00;21,84
18.03.2016 00:00;18.03.2016 01:00;20,34
18.03.2016 01:00;18.03.2016 02:00;19,47
18.03.2016 02:00;18.03.2016 03:00;19,49
18.03.2016 03:00;18.03.2016 04:00;19,67
18.03.2016 04:00;18.03.2016 05:00;20,14
18.03.2016 05:00;18.03.2016 06:00;21,58
18.03.2016 06:00;18.03.2016 07:00;24,86
18.03.2016 07:00;18.03.2016 08:00;32,69
18.03.2016 08:00;18.03.2016 09:00;29,94
18.03.2016 09:00;18.03.2016 10:00;23,88
18.03.2016 10:00;18.03.2016 11:00;22,43
18.03.2016 11:00;18.03.2016 12:00;22,92
18.03.2016 12:00;18.03.2016 13:00;22,59
18.03.2016 13:00;18.03.2016 14:00;22,53
18.03.2016 14:00;18.03.2016 15:00;22,56
18.03.2016 15:00;18.03.2016 16:00;23,46
18.03.2016 16:00;18.03.2016 17:00;24,42
18.03.2016 17:00;18.03.2016 18:00;27,82
18.03.2016 18:00;18.03.2016 19:00;33,99
18.03.2016 19:00;18.03.2016 20:00;39,3
18.03.2016 20:00;18.03.2016 21:00;33,91
18.03.2016 21:00;18.03.2016 22:00;27,09
18.03.2016 22:00;18.03.2016 23:00;26,92
18.03.2016 23:00;19.03.2016 00:00;23,78
19.03.2016 00:00;19.03.2016 01:00;23,37
19.03.2016 01:00;19.03.2016 02:00;21,68
19.03.2016 02:00;19.03.2016 03:00;21,66
19.03.2016 03:00;19.03.2016 04:00;22,6
19.03.2016 04:00;19.03.2016 05:00;22,71
19.03.2016 05:00;19.03.2016 06:00;22,2
19.03.2016 06:00;19.03.2016 07:00;22,4
19.03.2016 07:00;19.03.2016 08:00;28,93
19.03.2016 08:00;19.03.2016 09:00;29,38
19.03.2016 09:00;19.03.2016 10:00;28,58
19.03.2016 10:00;19.03.2016 11:00;26,96
19.03.2016 11:00;19.03.2016 12:00;24,79
19.03.2016 12:00;19.03.2016 13:00;23,04
19.03.2016 13:00;19.03.2016 14:00;22,04
19.03.2016 14:00;19.03.2016 15:00;21,12
19.03.2016 15:00;19.03.2016 16:00;20,93
19.03.2016 16:00;19.03.2016 17:00;21,3
19.03.2016 17:00;19.03.2016 18:00;24,0
19.03.2016 18:00;19.03.2016 19:00;31,21
19.03.2016 19:00;19.03.2016 20:00;35,42
19.03.2016 20:00;19.03.2016 21:00;26,18
19.03.2016 21:00;19.03.2016 22:00;22,78
19.03.2016 22:00;19.03.2016 23:00;24,69
19.03.2016 23:00;20.03.2016 00:00;21,21
20.03.2016 00:00;20.03.2016 01:00;17,73
20.03.2016 01:00;20.03.2016 02:00;17,04
20.03.2016 02:00;20.03.2016 03:00;18,63
20.03.2016 03:00;20.03.2016 04:00;18,59
20.03.2016 04:00;20.03.2016 05:00;18,71
20.03.2016 05:00;20.03.2016 06:00;18,73
20.03.2016 06:00;20.03.2016 07:00;18,51
20.03.2016 07:00;20.03.2016 08:00;17,05
20.03.2016 08:00;20.03.2016 09:00;16,04
20.03.2016 09:00;20.03.2016 10:00;16,09
20.03.2016 10:00;20.03.2016 11:00;14,33
20.03.2016 11:00;20.03.2016 12:00;16,07
20.03.2016 12:00;20.03.2016 13:00;13,19
20.03.2016 13:00;20.03.2016 14:00;12,44
20.03.2016 14:00;20.03.2016 15:00;12,0
20.03.2016 15:00;20.03.2016 16:00;12,69
20.03.2016 16:00;20.03.2016 17:00;13,59
20.03.2016 17:00;20.03.2016 18:00;19,02
20.03.2016 18:00;20.03.2016 19:00;23,54
20.03.2016 19:00;20.03.2016 20:00;25,86
20.03.2016 20:00;20.03.2016 21:00;22,66
20.03.2016 21:00;20.03.2016 22:00;22,32
20.03.2016 22:00;20.03.2016 23:00;24,03
20.03.2016 23:00;21.03.2016 00:00;20,33
21.03.2016 00:00;21.03.2016 01:00;20,82
21.03.2016 01:00;21.03.2016 02:00;19,9
21.03.2016 02:00;21.03.2016 03:00;19,79
21.03.2016 03:00;21.03.2016 04:00;19,9
21.03.2016 04:00;21.03.2016 05:00;20,4
21.03.2016 05:00;21.03.2016 06:00;23,18
21.03.2016 06:00;21.03.2016 07:00;32,01
21.03.2016 07:00;21.03.2016 08:00;31,72
21.03.2016 08:00;21.03.2016 09:00;30,94
21.03.2016 09:00;21.03.2016 10:00;30,04
21.03.2016 10:00;21.03.2016 11:00;24,9
21.03.2016 11:00;21.03.2016 12:00;24,73
21.03.2016 12:00;21.03.2016 13:00;26,03
21.03.2016 13:00;21.03.2016 14:00;24,53
21.03.2016 14:00;21.03.2016 15:00;23,75
21.03.2016 15:00;21.03.2016 16:00;24,28
21.03.2016 16:00;21.03.2016 17:00;23,91
21.03.2016 17:00;21.03.2016 18:00;26,87
21.03.2016 18:00;21.03.2016 19:00;30,1
21.03.2016 19:00;21.03.2016 20:00;33,49
21.03.2016 20:00;21.03.2016 21:00;29,9
21.03.2016 21:00;21.03.2016 22:00;23,02
21.03.2016 22:00;21.03.2016 23:00;22,11
21.03.2016 23:00;22.03.2016 00:00;20,9
22.03.2016 00:00;22.03.2016 01:00;20,28
22.03.2016 01:00;22.03.2016 02:00;20,08
22.03.2016 02:00;22.03.2016 03:00;20,05
22.03.2016 03:00;22.03.2016 04:00;20,47
22.03.2016 04:00;22.03.2016 05:00;21,0
22.03.2016 05:00;22.03.2016 06:00;22,01
22.03.2016 06:00;22.03.2016 07:00;24,07
22.03.2016 07:00;22.03.2016 08:00;29,99
22.03.2016 08:00;22.03.2016 09:00;31,46
22.03.2016 09:00;22.03.2016 10:00;31,41
22.03.2016 10:00;22.03.2016 11:00;28,9
22.03.2016 11:00;22.03.2016 12:00;30,0
22.03.2016 12:00;22.03.2016 13:00;28,94
22.03.2016 13:00;22.03.2016 14:00;28,99
22.03.2016 14:00;22.03.2016 15:00;29,0
22.03.2016 15:00;22.03.2016 16:00;29,29
22.03.2016 16:00;22.03.2016 17:00;30,08
22.03.2016 17:00;22.03.2016 18:00;34,01
22.03.2016 18:00;22.03.2016 19:00;36,73
22.03.2016 19:00;22.03.2016 20:00;40,64
22.03.2016 20:00;22.03.2016 21:00;38,1
22.03.2016 21:00;22.03.2016 22:00;33,05
22.03.2016 22:00;22.03.2016 23:00;29,86
22.03.2016 23:00;23.03.2016 00:00;23,73
23.03.2016 00:00;23.03.2016 01:00;21,3
23.03.2016 01:00;23.03.2016 02:00;20,51
23.03.2016 02:00;23.03.2016 03:00;20,26
23.03.2016 03:00;23.03.2016 04:00;21,06
23.03.2016 04:00;23.03.2016 05:00;21,38
23.03.2016 05:00;23.03.2016 06:00;21,38
23.03.2016 06:00;23.03.2016 07:00;25,88
23.03.2016 07:00;23.03.2016 08:00;32,9
23.03.2016 08:00;23.03.2016 09:00;32,46
23.03.2016 09:00;23.03.2016 10:00;30,03
23.03.2016 10:00;23.03.2016 11:00;26,53
23.03.2016 11:00;23.03.2016 12:00;26,73
23.03.2016 12:00;23.03.2016 13:00;25,23
23.03.2016 13:00;23.03.2016 14:00;25,0
23.03.2016 14:00;23.03.2016 15:00;24,03
23.03.2016 15:00;23.03.2016 16:00;24,13
23.03.2016 16:00;23.03.2016 17:00;24,18
23.03.2016 17:00;23.03.2016 18:00;28,0
23.03.2016 18:00;23.03.2016 19:00;32,44
23.03.2016 19:00;23.03.2016 20:00;37,16
23.03.2016 20:00;23.03.2016 21:00;34,98
23.03.2016 21:00;23.03.2016 22:00;31,43
23.03.2016 22:00;23.03.2016 23:00;25,02
23.03.2016 23:00;24.03.2016 00:00;22,59
24.03.2016 00:00;24.03.2016 01:00;22,08
24.03.2016 01:00;24.03.2016 02:00;21,5
24.03.2016 02:00;24.03.2016 03:00;21,11
24.03.2016 03:00;24.03.2016 04:00;21,38
24.03.2016 04:00;24.03.2016 05:00;21,75
24.03.2016 05:00;24.03.2016 06:00;22,97
24.03.2016 06:00;24.03.2016 07:00;31,49
24.03.2016 07:00;24.03.2016 08:00;35,0
24.03.2016 08:00;24.03.2016 09:00;34,94
24.03.2016 09:00;24.03.2016 10:00;32,4
24.03.2016 10:00;24.03.2016 11:00;31,69
24.03.2016 11:00;24.03.2016 12:00;31,0
24.03.2016 12:00;24.03.2016 13:00;28,62
24.03.2016 13:00;24.03.2016 14:00;27,27
24.03.2016 14:00;24.03.2016 15:00;26,5
24.03.2016 15:00;24.03.2016 16:00;25,35
24.03.2016 16:00;24.03.2016 17:00;26,6
24.03.2016 17:00;24.03.2016 18:00;30,0
24.03.2016 18:00;24.03.2016 19:00;32,47
24.03.2016 19:00;24.03.2016 20:00;35,18
24.03.2016 20:00;24.03.2016 21:00;33,97
24.03.2016 21:00;24.03.2016 22:00;25,96
24.03.2016 22:00;24.03.2016 23:00;25,06
24.03.2016 23:00;25.03.2016 00:00;22,52
25.03.2016 00:00;25.03.2016 01:00;23,92
25.03.2016 01:00;25.03.2016 02:00;21,07
25.03.2016 02:00;25.03.2016 03:00;21,0
25.03.2016 03:00;25.03.2016 04:00;20,0
25.03.2016 04:00;25.03.2016 05:00;20,01
25.03.2016 05:00;25.03.2016 06:00;20,3
25.03.2016 06:00;25.03.2016 07:00;20,26
25.03.2016 07:00;25.03.2016 08:00;20,39
25.03.2016 08:00;25.03.2016 09:00;21,85
25.03.2016 09:00;25.03.2016 10:00;23,85
25.03.2016 10:00;25.03.2016 11:00;27,26
25.03.2016 11:00;25.03.2016 12:00;28,91
25.03.2016 12:00;25.03.2016 13:00;27,87
25.03.2016 13:00;25.03.2016 14:00;27,06
25.03.2016 14:00;25.03.2016 15:00;26,01
25.03.2016 15:00;25.03.2016 16:00;24,44
25.03.2016 16:00;25.03.2016 17:00;23,5
25.03.2016 17:00;25.03.2016 18:00;26,1
25.03.2016 18:00;25.03.2016 19:00;29,44
25.03.2016 19:00;25.03.2016 20:00;33,08
25.03.2016 20:00;25.03.2016 21:00;32,95
25.03.2016 21:00;25.03.2016 22:00;31,48
25.03.2016 22:00;25.03.2016 23:00;30,12
25.03.2016 23:00;26.03.2016 00:00;30,0
26.03.2016 00:00;26.03.2016 01:00;28,07
26.03.2016 01:00;26.03.2016 02:00;24,08
26.03.2016 02:00;26.03.2016 03:00;21,11
26.03.2016 03:00;26.03.2016 04:00;20,0
26.03.2016 04:00;26.03.2016 05:00;20,0
26.03.2016 05:00;26.03.2016 06:00;20,01
26.03.2016 06:00;26.03.2016 07:00;20,01
26.03.2016 07:00;26.03.2016 08:00;21,69
26.03.2016 08:00;26.03.2016 09:00;22,49
26.03.2016 09:00;26.03.2016 10:00;24,0
26.03.2016 10:00;26.03.2016 11:00;21,6
26.03.2016 11:00;26.03.2016 12:00;19,97
26.03.2016 12:00;26.03.2016 13:00;19,06
26.03.2016 13:00;26.03.2016 14:00;18,07
26.03.2016 14:00;26.03.2016 15:00;16,28
26.03.2016 15:00;26.03.2016 16:00;15,75
26.03.2016 16:00;26.03.2016 17:00;15,85
26.03.2016 17:00;26.03.2016 18:00;19,39
26.03.2016 18:00;26.03.2016 19:00;21,32
26.03.2016 19:00;26.03.2016 20:00;22,12
26.03.2016 20:00;26.03.2016 21:00;20,75
26.03.2016 21:00;26.03.2016 22:00;17,99
26.03.2016 22:00;26.03.2016 23:00;17,91
26.03.2016 23:00;27.03.2016 00:00;14,66
27.03.2016 00:00;27.03.2016 01:00;7,33
27.03.2016 01:00;26.03.2016 02:00;3,04
27.03.2016 03:00;27.03.2016 04:00;6,1
27.03.2016 04:00;27.03.2016 05:00;4,02
27.03.2016 05:00;27.03.2016 06:00;4,02
27.03.2016 06:00;27.03.2016 07:00;0,91
27.03.2016 07:00;27.03.2016 08:00;4,63
27.03.2016 08:00;27.03.2016 09:00;7,5
27.03.2016 09:00;27.03.2016 10:00;8,91
27.03.2016 10:00;27.03.2016 11:00;10,99
27.03.2016 11:00;27.03.2016 12:00;11,16
27.03.2016 12:00;27.03.2016 13:00;11,49
27.03.2016 13:00;27.03.2016 14:00;9,19
27.03.2016 14:00;27.03.2016 15:00;6,49
27.03.2016 15:00;27.03.2016 16:00;6,92
27.03.2016 16:00;27.03.2016 17:00;7,47
27.03.2016 17:00;27.03.2016 18:00;13,06
27.03.2016 18:00;27.03.2016 19:00;14,94
27.03.2016 19:00;27.03.2016 20:00;19,6
27.03.2016 20:00;27.03.2016 21:00;22,86
27.03.2016 21:00;27.03.2016 22:00;20,36
27.03.2016 22:00;27.03.2016 23:00;19,98
27.03.2016 23:00;28.03.2016 00:00;18,5
28.03.2016 00:00;28.03.2016 01:00;12,88
28.03.2016 01:00;28.03.2016 02:00;8,28
28.03.2016 02:00;28.03.2016 03:00;7,43
28.03.2016 03:00;28.03.2016 04:00;6,5
28.03.2016 04:00;28.03.2016 05:00;5,27
28.03.2016 05:00;28.03.2016 06:00;6,28
28.03.2016 06:00;28.03.2016 07:00;5,86
28.03.2016 07:00;28.03.2016 08:00;5,96
28.03.2016 08:00;28.03.2016 09:00;3,99
28.03.2016 09:00;28.03.2016 10:00;3,41
28.03.2016 10:00;28.03.2016 11:00;2,68
28.03.2016 11:00;28.03.2016 12:00;0,07
28.03.2016 12:00;28.03.2016 13:00;-4,01
28.03.2016 13:00;28.03.2016 14:00;-28,68
28.03.2016 14:00;28.03.2016 15:00;-38,45
28.03.2016 15:00;28.03.2016 16:00;-19,92
28.03.2016 16:00;28.03.2016 17:00;-13,82
28.03.2016 17:00;28.03.2016 18:00;-4,2
28.03.2016 18:00;28.03.2016 19:00;7,45
28.03.2016 19:00;28.03.2016 20:00;11,79
28.03.2016 20:00;28.03.2016 21:00;17,02
28.03.2016 21:00;28.03.2016 22:00;11,47
28.03.2016 22:00;28.03.2016 23:00;16,29
28.03.2016 23:00;29.03.2016 00:00;12,98
29.03.2016 00:00;29.03.2016 01:00;11,51
29.03.2016 01:00;29.03.2016 02:00;9,14
29.03.2016 02:00;29.03.2016 03:00;11,95
29.03.2016 03:00;29.03.2016 04:00;9,23
29.03.2016 04:00;29.03.2016 05:00;8,3
29.03.2016 05:00;29.03.2016 06:00;13,49
29.03.2016 06:00;29.03.2016 07:00;25,35
29.03.2016 07:00;29.03.2016 08:00;31,52
29.03.2016 08:00;29.03.2016 09:00;31,43
29.03.2016 09:00;29.03.2016 10:00;26,37
29.03.2016 10:00;29.03.2016 11:00;21,76
29.03.2016 11:00;29.03.2016 12:00;21,06
29.03.2016 12:00;29.03.2016 13:00;20,43
29.03.2016 13:00;29.03.2016 14:00;19,99
29.03.2016 14:00;29.03.2016 15:00;19,08
29.03.2016 15:00;29.03.2016 16:00;19,05
29.03.2016 16:00;29.03.2016 17:00;19,14
29.03.2016 17:00;29.03.2016 18:00;21,48
29.03.2016 18:00;29.03.2016 19:00;30,07
29.03.2016 19:00;29.03.2016 20:00;35,79
29.03.2016 20:00;29.03.2016 21:00;39,54
29.03.2016 21:00;29.03.2016 22:00;32,64
29.03.2016 22:00;29.03.2016 23:00;28,56
29.03.2016 23:00;30.03.2016 00:00;22,72
30.03.2016 00:00;30.03.2016 01:00;24,9
30.03.2016 01:00;30.03.2016 02:00;22,0
30.03.2016 02:00;30.03.2016 03:00;20,87
30.03.2016 03:00;30.03.2016 04:00;19,92
30.03.2016 04:00;30.03.2016 05:00;20,18
30.03.2016 05:00;30.03.2016 06:00;21,65
30.03.2016 06:00;30.03.2016 07:00;29,6
30.03.2016 07:00;30.03.2016 08:00;29,89
30.03.2016 08:00;30.03.2016 09:00;27,95
30.03.2016 09:00;30.03.2016 10:00;31,93
30.03.2016 10:00;30.03.2016 11:00;29,65
30.03.2016 11:00;30.03.2016 12:00;27,16
30.03.2016 12:00;30.03.2016 13:00;26,89
30.03.2016 13:00;30.03.2016 14:00;22,25
30.03.2016 14:00;30.03.2016 15:00;22,3
30.03.2016 15:00;30.03.2016 16:00;22,23
30.03.2016 16:00;30.03.2016 17:00;25,64
30.03.2016 17:00;30.03.2016 18:00;29,04
30.03.2016 18:00;30.03.2016 19:00;31,9
30.03.2016 19:00;30.03.2016 20:00;37,42
30.03.2016 20:00;30.03.2016 21:00;37,0
30.03.2016 21:00;30.03.2016 22:00;34,65
30.03.2016 22:00;30.03.2016 23:00;30,38
30.03.2016 23:00;31.03.2016 00:00;27,25
31.03.2016 00:00;31.03.2016 01:00;23,34
31.03.2016 01:00;31.03.2016 02:00;22,27
31.03.2016 02:00;31.03.2016 03:00;21,5
31.03.2016 03:00;31.03.2016 04:00;21,11
31.03.2016 04:00;31.03.2016 05:00;21,29
31.03.2016 05:00;31.03.2016 06:00;22,86
31.03.2016 06:00;31.03.2016 07:00;29,08
31.03.2016 07:00;31.03.2016 08:00;36,09
31.03.2016 08:00;31.03.2016 09:00;40,96
31.03.2016 09:00;31.03.2016 10:00;36,46
31.03.2016 10:00;31.03.2016 11:00;34,64
31.03.2016 11:00;31.03.2016 12:00;33,95
31.03.2016 12:00;31.03.2016 13:00;30,03
31.03.2016 13:00;31.03.2016 14:00;30,03
31.03.2016 14:00;31.03.2016 15:00;27,92
31.03.2016 15:00;31.03.2016 16:00;25,12
31.03.2016 16:00;31.03.2016 17:00;24,73
31.03.2016 17:00;31.03.2016 18:00;24,93
31.03.2016 18:00;31.03.2016 19:00;27,44
31.03.2016 19:00;31.03.2016 20:00;31,07
31.03.2016 20:00;31.03.2016 21:00;31,99
31.03.2016 21:00;31.03.2016 22:00;25,35
31.03.2016 22:00;31.03.2016 23:00;25,23
31.03.2016 23:00;01.04.2016 00:00;23,22
01.04.2016 00:00;01.04.2016 01:00;21,35
01.04.2016 01:00;01.04.2016 02:00;20,98
01.04.2016 02:00;01.04.2016 03:00;21,19
01.04.2016 03:00;01.04.2016 04:00;20,64
01.04.2016 04:00;01.04.2016 05:00;21,13
01.04.2016 05:00;01.04.2016 06:00;21,78
01.04.2016 06:00;01.04.2016 07:00;29,73
01.04.2016 07:00;01.04.2016 08:00;36,5
01.04.2016 08:00;01.04.2016 09:00;40,44
01.04.2016 09:00;01.04.2016 10:00;38,39
01.04.2016 10:00;01.04.2016 11:00;34,57
01.04.2016 11:00;01.04.2016 12:00;30,55
01.04.2016 12:00;01.04.2016 13:00;25,79
01.04.2016 13:00;01.04.2016 14:00;23,09
01.04.2016 14:00;01.04.2016 15:00;23,13
01.04.2016 15:00;01.04.2016 16:00;23,0
01.04.2016 16:00;01.04.2016 17:00;22,45
01.04.2016 17:00;01.04.2016 18:00;24,28
01.04.2016 18:00;01.04.2016 19:00;31,91
01.04.2016 19:00;01.04.2016 20:00;33,9
01.04.2016 20:00;01.04.2016 21:00;35,85
01.04.2016 21:00;01.04.2016 22:00;31,3
01.04.2016 22:00;01.04.2016 23:00;24,33
01.04.2016 23:00;02.04.2016 00:00;26,03
02.04.2016 00:00;02.04.2016 01:00;21,82
02.04.2016 01:00;02.04.2016 02:00;21,31
02.04.2016 02:00;02.04.2016 03:00;21,1
02.04.2016 03:00;02.04.2016 04:00;19,84
02.04.2016 04:00;02.04.2016 05:00;19,91
02.04.2016 05:00;02.04.2016 06:00;20,09
02.04.2016 06:00;02.04.2016 07:00;20,19
02.04.2016 07:00;02.04.2016 08:00;22,29
02.04.2016 08:00;02.04.2016 09:00;22,51
02.04.2016 09:00;02.04.2016 10:00;22,04
02.04.2016 10:00;02.04.2016 11:00;20,81
02.04.2016 11:00;02.04.2016 12:00;19,55
02.04.2016 12:00;02.04.2016 13:00;18,12
02.04.2016 13:00;02.04.2016 14:00;17,06
02.04.2016 14:00;02.04.2016 15:00;14,06
02.04.2016 15:00;02.04.2016 16:00;16,05
02.04.2016 16:00;02.04.2016 17:00;18,73
02.04.2016 17:00;02.04.2016 18:00;20,12
02.04.2016 18:00;02.04.2016 19:00;23,41
02.04.2016 19:00;02.04.2016 20:00;28,2
02.04.2016 20:00;02.04.2016 21:00;30,43
02.04.2016 21:00;02.04.2016 22:00;30,1
02.04.2016 22:00;02.04.2016 23:00;26,79
02.04.2016 23:00;03.04.2016 00:00;21,43
03.04.2016 00:00;03.04.2016 01:00;19,59
03.04.2016 01:00;03.04.2016 02:00;18,07
03.04.2016 02:00;03.04.2016 03:00;17,5
03.04.2016 03:00;03.04.2016 04:00;15,29
03.04.2016 04:00;03.04.2016 05:00;15,68
03.04.2016 05:00;03.04.2016 06:00;15,59
03.04.2016 06:00;03.04.2016 07:00;13,32
03.04.2016 07:00;03.04.2016 08:00;14,6
03.04.2016 08:00;03.04.2016 09:00;17,48
03.04.2016 09:00;03.04.2016 10:00;18,55
03.04.2016 10:00;03.04.2016 11:00;17,36
03.04.2016 11:00;03.04.2016 12:00;17,67
03.04.2016 12:00;03.04.2016 13:00;15,48
03.04.2016 13:00;03.04.2016 14:00;14,8
03.04.2016 14:00;03.04.2016 15:00;12,75
03.04.2016 15:00;03.04.2016 16:00;12,18
03.04.2016 16:00;03.04.2016 17:00;13,02
03.04.2016 17:00;03.04.2016 18:00;15,77
03.04.2016 18:00;03.04.2016 19:00;21,19
03.04.2016 19:00;03.04.2016 20:00;23,15
03.04.2016 20:00;03.04.2016 21:00;25,28
03.04.2016 21:00;03.04.2016 22:00;25,01
03.04.2016 22:00;03.04.2016 23:00;24,32
03.04.2016 23:00;04.04.2016 00:00;20,9
04.04.2016 00:00;04.04.2016 01:00;21,0
04.04.2016 01:00;04.04.2016 02:00;19,59
04.04.2016 02:00;04.04.2016 03:00;19,15
04.04.2016 03:00;04.04.2016 04:00;18,75
04.04.2016 04:00;04.04.2016 05:00;18,72
04.04.2016 05:00;04.04.2016 06:00;20,39
04.04.2016 06:00;04.04.2016 07:00;29,1
04.04.2016 07:00;04.04.2016 08:00;34,19
04.04.2016 08:00;04.04.2016 09:00;35,42
04.04.2016 09:00;04.04.2016 10:00;33,5
04.04.2016 10:00;04.04.2016 11:00;29,62
04.04.2016 11:00;04.04.2016 12:00;25,1
04.04.2016 12:00;04.04.2016 13:00;23,37
04.04.2016 13:00;04.04.2016 14:00;23,83
04.04.2016 14:00;04.04.2016 15:00;23,93
04.04.2016 15:00;04.04.2016 16:00;23,04
04.04.2016 16:00;04.04.2016 17:00;27,42
04.04.2016 17:00;04.04.2016 18:00;29,25
04.04.2016 18:00;04.04.2016 19:00;32,96
04.04.2016 19:00;04.04.2016 20:00;35,05
04.04.2016 20:00;04.04.2016 21:00;36,1
04.04.2016 21:00;04.04.2016 22:00;35,6
04.04.2016 22:00;04.04.2016 23:00;30,3
04.04.2016 23:00;05.04.2016 00:00;25,96
05.04.2016 00:00;05.04.2016 01:00;21,39
05.04.2016 01:00;05.04.2016 02:00;20,8
05.04.2016 02:00;05.04.2016 03:00;20,76
05.04.2016 03:00;05.04.2016 04:00;20,31
05.04.2016 04:00;05.04.2016 05:00;20,34
05.04.2016 05:00;05.04.2016 06:00;21,79
05.04.2016 06:00;05.04.2016 07:00;27,84
05.04.2016 07:00;05.04.2016 08:00;32,76
05.04.2016 08:00;05.04.2016 09:00;35,18
05.04.2016 09:00;05.04.2016 10:00;34,92
05.04.2016 10:00;05.04.2016 11:00;34,1
05.04.2016 11:00;05.04.2016 12:00;32,93
05.04.2016 12:00;05.04.2016 13:00;29,52
05.04.2016 13:00;05.04.2016 14:00;26,58
05.04.2016 14:00;05.04.2016 15:00;24,74
05.04.2016 15:00;05.04.2016 16:00;24,19
05.04.2016 16:00;05.04.2016 17:00;23,96
05.04.2016 17:00;05.04.2016 18:00;27,05
05.04.2016 18:00;05.04.2016 19:00;29,79
05.04.2016 19:00;05.04.2016 20:00;30,66
05.04.2016 20:00;05.04.2016 21:00;30,04
05.04.2016 21:00;05.04.2016 22:00;28,0
05.04.2016 22:00;05.04.2016 23:00;25,32
05.04.2016 23:00;06.04.2016 00:00;21,97
06.04.2016 00:00;06.04.2016 01:00;20,0
06.04.2016 01:00;06.04.2016 02:00;19,2
06.04.2016 02:00;06.04.2016 03:00;19,06
06.04.2016 03:00;06.04.2016 04:00;18,95
06.04.2016 04:00;06.04.2016 05:00;19,02
06.04.2016 05:00;06.04.2016 06:00;20,0
06.04.2016 06:00;06.04.2016 07:00;24,33
06.04.2016 07:00;06.04.2016 08:00;32,97
06.04.2016 08:00;06.04.2016 09:00;34,24
06.04.2016 09:00;06.04.2016 10:00;25,98
06.04.2016 10:00;06.04.2016 11:00;23,24
06.04.2016 11:00;06.04.2016 12:00;21,97
06.04.2016 12:00;06.04.2016 13:00;21,25
06.04.2016 13:00;06.04.2016 14:00;20,02
06.04.2016 14:00;06.04.2016 15:00;19,75
06.04.2016 15:00;06.04.2016 16:00;19,85
06.04.2016 16:00;06.04.2016 17:00;20,09
06.04.2016 17:00;06.04.2016 18:00;21,59
06.04.2016 18:00;06.04.2016 19:00;23,1
06.04.2016 19:00;06.04.2016 20:00;26,71
06.04.2016 20:00;06.04.2016 21:00;28,26
06.04.2016 21:00;06.04.2016 22:00;23,23
06.04.2016 22:00;06.04.2016 23:00;21,06
06.04.2016 23:00;07.04.2016 00:00;19,01
07.04.2016 00:00;07.04.2016 01:00;16,42
07.04.2016 01:00;07.04.2016 02:00;16,0
07.04.2016 02:00;07.04.2016 03:00;13,46
07.04.2016 03:00;07.04.2016 04:00;12,57
07.04.2016 04:00;07.04.2016 05:00;13,49
07.04.2016 05:00;07.04.2016 06:00;17,37
07.04.2016 06:00;07.04.2016 07:00;22,62
07.04.2016 07:00;07.04.2016 08:00;28,4
07.04.2016 08:00;07.04.2016 09:00;31,31
07.04.2016 09:00;07.04.2016 10:00;26,33
07.04.2016 10:00;07.04.2016 11:00;21,55
07.04.2016 11:00;07.04.2016 12:00;21,56
07.04.2016 12:00;07.04.2016 13:00;22,32
07.04.2016 13:00;07.04.2016 14:00;21,6
07.04.2016 14:00;07.04.2016 15:00;22,57
07.04.2016 15:00;07.04.2016 16:00;21,86
07.04.2016 16:00;07.04.2016 17:00;21,94
07.04.2016 17:00;07.04.2016 18:00;22,73
07.04.2016 18:00;07.04.2016 19:00;28,59
07.04.2016 19:00;07.04.2016 20:00;31,11
07.04.2016 20:00;07.04.2016 21:00;32,68
07.04.2016 21:00;07.04.2016 22:00;29,41
07.04.2016 22:00;07.04.2016 23:00;28,27
07.04.2016 23:00;08.04.2016 00:00;23,54
08.04.2016 00:00;08.04.2016 01:00;23,39
08.04.2016 01:00;08.04.2016 02:00;21,69
08.04.2016 02:00;08.04.2016 03:00;21,18
08.04.2016 03:00;08.04.2016 04:00;20,52
08.04.2016 04:00;08.04.2016 05:00;21,04
08.04.2016 05:00;08.04.2016 06:00;21,72
08.04.2016 06:00;08.04.2016 07:00;29,12
08.04.2016 07:00;08.04.2016 08:00;35,0
08.04.2016 08:00;08.04.2016 09:00;38,2
08.04.2016 09:00;08.04.2016 10:00;37,55
08.04.2016 10:00;08.04.2016 11:00;34,22
08.04.2016 11:00;08.04.2016 12:00;32,96
08.04.2016 12:00;08.04.2016 13:00;29,74
08.04.2016 13:00;08.04.2016 14:00;27,9
08.04.2016 14:00;08.04.2016 15:00;26,36
08.04.2016 15:00;08.04.2016 16:00;24,66
08.04.2016 16:00;08.04.2016 17:00;23,95
08.04.2016 17:00;08.04.2016 18:00;27,03
08.04.2016 18:00;08.04.2016 19:00;29,58
08.04.2016 19:00;08.04.2016 20:00;32,22
08.04.2016 20:00;08.04.2016 21:00;31,96
08.04.2016 21:00;08.04.2016 22:00;30,66
08.04.2016 22:00;08.04.2016 23:00;30,68
08.04.2016 23:00;09.04.2016 00:00;29,0
09.04.2016 00:00;09.04.2016 01:00;28,45
09.04.2016 01:00;09.04.2016 02:00;24,18
09.04.2016 02:00;09.04.2016 03:00;23,28
09.04.2016 03:00;09.04.2016 04:00;21,84
09.04.2016 04:00;09.04.2016 05:00;21,46
09.04.2016 05:00;09.04.2016 06:00;21,72
09.04.2016 06:00;09.04.2016 07:00;22,42
09.04.2016 07:00;09.04.2016 08:00;23,42
09.04.2016 08:00;09.04.2016 09:00;27,21
09.04.2016 09:00;09.04.2016 10:00;25,12
09.04.2016 10:00;09.04.2016 11:00;22,76
09.04.2016 11:00;09.04.2016 12:00;22,58
09.04.2016 12:00;09.04.2016 13:00;21,83
09.04.2016 13:00;09.04.2016 14:00;20,81
09.04.2016 14:00;09.04.2016 15:00;19,94
09.04.2016 15:00;09.04.2016 16:00;20,35
09.04.2016 16:00;09.04.2016 17:00;20,3
09.04.2016 17:00;09.04.2016 18:00;22,27
09.04.2016 18:00;09.04.2016 19:00;26,91
09.04.2016 19:00;09.04.2016 20:00;29,62
09.04.2016 20:00;09.04.2016 21:00;31,81
09.04.2016 21:00;09.04.2016 22:00;29,56
09.04.2016 22:00;09.04.2016 23:00;27,44
09.04.2016 23:00;10.04.2016 00:00;24,0
10.04.2016 00:00;10.04.2016 01:00;21,13
10.04.2016 01:00;10.04.2016 02:00;20,03
10.04.2016 02:00;10.04.2016 03:00;19,25
10.04.2016 03:00;10.04.2016 04:00;18,96
10.04.2016 04:00;10.04.2016 05:00;19,02
10.04.2016 05:00;10.04.2016 06:00;18,88
10.04.2016 06:00;10.04.2016 07:00;19,15
10.04.2016 07:00;10.04.2016 08:00;19,19
10.04.2016 08:00;10.04.2016 09:00;20,22
10.04.2016 09:00;10.04.2016 10:00;20,97
10.04.2016 10:00;10.04.2016 11:00;21,0
10.04.2016 11:00;10.04.2016 12:00;20,59
10.04.2016 12:00;10.04.2016 13:00;19,29
10.04.2016 13:00;10.04.2016 14:00;16,89
10.04.2016 14:00;10.04.2016 15:00;14,25
10.04.2016 15:00;10.04.2016 16:00;13,61
10.04.2016 16:00;10.04.2016 17:00;12,06
10.04.2016 17:00;10.04.2016 18:00;16,67
10.04.2016 18:00;10.04.2016 19:00;20,78
10.04.2016 19:00;10.04.2016 20:00;22,47
10.04.2016 20:00;10.04.2016 21:00;24,55
10.04.2016 21:00;10.04.2016 22:00;23,0
10.04.2016 22:00;10.04.2016 23:00;21,84
10.04.2016 23:00;11.04.2016 00:00;19,57
11.04.2016 00:00;11.04.2016 01:00;16,35
11.04.2016 01:00;11.04.2016 02:00;13,7
11.04.2016 02:00;11.04.2016 03:00;12,81
11.04.2016 03:00;11.04.2016 04:00;10,66
11.04.2016 04:00;11.04.2016 05:00;13,09
11.04.2016 05:00;11.04.2016 06:00;18,55
11.04.2016 06:00;11.04.2016 07:00;25,49
11.04.2016 07:00;11.04.2016 08:00;32,0
11.04.2016 08:00;11.04.2016 09:00;34,61
11.04.2016 09:00;11.04.2016 10:00;28,98
11.04.2016 10:00;11.04.2016 11:00;25,63
11.04.2016 11:00;11.04.2016 12:00;23,1
11.04.2016 12:00;11.04.2016 13:00;22,59
11.04.2016 13:00;11.04.2016 14:00;22,51
11.04.2016 14:00;11.04.2016 15:00;22,12
11.04.2016 15:00;11.04.2016 16:00;21,83
11.04.2016 16:00;11.04.2016 17:00;22,11
11.04.2016 17:00;11.04.2016 18:00;23,68
11.04.2016 18:00;11.04.2016 19:00;28,47
11.04.2016 19:00;11.04.2016 20:00;31,27
11.04.2016 20:00;11.04.2016 21:00;32,56
11.04.2016 21:00;11.04.2016 22:00;31,49
11.04.2016 22:00;11.04.2016 23:00;27,86
11.04.2016 23:00;12.04.2016 00:00;24,8
12.04.2016 00:00;12.04.2016 01:00;22,8
12.04.2016 01:00;12.04.2016 02:00;22,2
12.04.2016 02:00;12.04.2016 03:00;21,69
12.04.2016 03:00;12.04.2016 04:00;21,05
12.04.2016 04:00;12.04.2016 05:00;21,32
12.04.2016 05:00;12.04.2016 06:00;22,15
12.04.2016 06:00;12.04.2016 07:00;28,98
12.04.2016 07:00;12.04.2016 08:00;36,0
12.04.2016 08:00;12.04.2016 09:00;38,94
12.04.2016 09:00;12.04.2016 10:00;37,6
12.04.2016 10:00;12.04.2016 11:00;34,0
12.04.2016 11:00;12.04.2016 12:00;31,02
12.04.2016 12:00;12.04.2016 13:00;27,97
12.04.2016 13:00;12.04.2016 14:00;26,41
12.04.2016 14:00;12.04.2016 15:00;24,59
12.04.2016 15:00;12.04.2016 16:00;24,18
12.04.2016 16:00;12.04.2016 17:00;25,13
12.04.2016 17:00;12.04.2016 18:00;27,26
12.04.2016 18:00;12.04.2016 19:00;31,32
12.04.2016 19:00;12.04.2016 20:00;34,62
12.04.2016 20:00;12.04.2016 21:00;34,95
12.04.2016 21:00;12.04.2016 22:00;32,24
12.04.2016 22:00;12.04.2016 23:00;30,0
12.04.2016 23:00;13.04.2016 00:00;24,1
13.04.2016 00:00;13.04.2016 01:00;22,93
13.04.2016 01:00;13.04.2016 02:00;21,68
13.04.2016 02:00;13.04.2016 03:00;21,68
13.04.2016 03:00;13.04.2016 04:00;21,41
13.04.2016 04:00;13.04.2016 05:00;21,71
13.04.2016 05:00;13.04.2016 06:00;22,77
13.04.2016 06:00;13.04.2016 07:00;31,35
13.04.2016 07:00;13.04.2016 08:00;34,99
13.04.2016 08:00;13.04.2016 09:00;39,41
13.04.2016 09:00;13.04.2016 10:00;35,06
13.04.2016 10:00;13.04.2016 11:00;33,23
13.04.2016 11:00;13.04.2016 12:00;31,94
13.04.2016 12:00;13.04.2016 13:00;28,9
13.04.2016 13:00;13.04.2016 14:00;27,01
13.04.2016 14:00;13.04.2016 15:00;25,96
13.04.2016 15:00;13.04.2016 16:00;26,0
13.04.2016 16:00;13.04.2016 17:00;26,33
13.04.2016 17:00;13.04.2016 18:00;29,0
13.04.2016 18:00;13.04.2016 19:00;32,37
13.04.2016 19:00;13.04.2016 20:00;33,86
13.04.2016 20:00;13.04.2016 21:00;34,42
13.04.2016 21:00;13.04.2016 22:00;31,31
13.04.2016 22:00;13.04.2016 23:00;28,0
13.04.2016 23:00;14.04.2016 00:00;23,59
14.04.2016 00:00;14.04.2016 01:00;23,35
14.04.2016 01:00;14.04.2016 02:00;21,93
14.04.2016 02:00;14.04.2016 03:00;21,18
14.04.2016 03:00;14.04.2016 04:00;20,94
14.04.2016 04:00;14.04.2016 05:00;21,06
14.04.2016 05:00;14.04.2016 06:00;21,74
14.04.2016 06:00;14.04.2016 07:00;27,0
14.04.2016 07:00;14.04.2016 08:00;32,03
14.04.2016 08:00;14.04.2016 09:00;37,28
14.04.2016 09:00;14.04.2016 10:00;34,59
14.04.2016 10:00;14.04.2016 11:00;30,91
14.04.2016 11:00;14.04.2016 12:00;28,08
14.04.2016 12:00;14.04.2016 13:00;26,4
14.04.2016 13:00;14.04.2016 14:00;25,05
14.04.2016 14:00;14.04.2016 15:00;23,83
14.04.2016 15:00;14.04.2016 16:00;23,44
14.04.2016 16:00;14.04.2016 17:00;23,22
14.04.2016 17:00;14.04.2016 18:00;24,2
14.04.2016 18:00;14.04.2016 19:00;27,25
14.04.2016 19:00;14.04.2016 20:00;32,51
14.04.2016 20:00;14.04.2016 21:00;31,98
14.04.2016 21:00;14.04.2016 22:00;31,53
14.04.2016 22:00;14.04.2016 23:00;28,33
14.04.2016 23:00;15.04.2016 00:00;23,9
15.04.2016 00:00;15.04.2016 01:00;22,1
15.04.2016 01:00;15.04.2016 02:00;21,31
15.04.2016 02:00;15.04.2016 03:00;20,45
15.04.2016 03:00;15.04.2016 04:00;20,14
15.04.2016 04:00;15.04.2016 05:00;20,34
15.04.2016 05:00;15.04.2016 06:00;21,08
15.04.2016 06:00;15.04.2016 07:00;25,0
15.04.2016 07:00;15.04.2016 08:00;31,69
15.04.2016 08:00;15.04.2016 09:00;34,7
15.04.2016 09:00;15.04.2016 10:00;33,02
15.04.2016 10:00;15.04.2016 11:00;30,98
15.04.2016 11:00;15.04.2016 12:00;29,94
15.04.2016 12:00;15.04.2016 13:00;28,0
15.04.2016 13:00;15.04.2016 14:00;23,82
15.04.2016 14:00;15.04.2016 15:00;22,81
15.04.2016 15:00;15.04.2016 16:00;21,36
15.04.2016 16:00;15.04.2016 17:00;21,32
15.04.2016 17:00;15.04.2016 18:00;22,51
15.04.2016 18:00;15.04.2016 19:00;23,94
15.04.2016 19:00;15.04.2016 20:00;26,34
15.04.2016 20:00;15.04.2016 21:00;28,08
15.04.2016 21:00;15.04.2016 22:00;27,08
15.04.2016 22:00;15.04.2016 23:00;25,0
15.04.2016 23:00;16.04.2016 00:00;24,69
16.04.2016 00:00;16.04.2016 01:00;21,3
16.04.2016 01:00;16.04.2016 02:00;19,7
16.04.2016 02:00;16.04.2016 03:00;19,24
16.04.2016 03:00;16.04.2016 04:00;18,28
16.04.2016 04:00;16.04.2016 05:00;17,19
16.04.2016 05:00;16.04.2016 06:00;18,76
16.04.2016 06:00;16.04.2016 07:00;19,46
16.04.2016 07:00;16.04.2016 08:00;19,54
16.04.2016 08:00;16.04.2016 09:00;21,14
16.04.2016 09:00;16.04.2016 10:00;21,64
16.04.2016 10:00;16.04.2016 11:00;19,8
16.04.2016 11:00;16.04.2016 12:00;19,06
16.04.2016 12:00;16.04.2016 13:00;18,05
16.04.2016 13:00;16.04.2016 14:00;14,06
16.04.2016 14:00;16.04.2016 15:00;13,77
16.04.2016 15:00;16.04.2016 16:00;13,19
16.04.2016 16:00;16.04.2016 17:00;12,69
16.04.2016 17:00;16.04.2016 18:00;14,08
16.04.2016 18:00;16.04.2016 19:00;17,69
16.04.2016 19:00;16.04.2016 20:00;22,05
16.04.2016 20:00;16.04.2016 21:00;23,7
16.04.2016 21:00;16.04.2016 22:00;24,31
16.04.2016 22:00;16.04.2016 23:00;23,94
16.04.2016 23:00;17.04.2016 00:00;20,83
17.04.2016 00:00;17.04.2016 01:00;19,33
17.04.2016 01:00;17.04.2016 02:00;17,74
17.04.2016 02:00;17.04.2016 03:00;15,85
17.04.2016 03:00;17.04.2016 04:00;15,13
17.04.2016 04:00;17.04.2016 05:00;15,15
17.04.2016 05:00;17.04.2016 06:00;14,57
17.04.2016 06:00;17.04.2016 07:00;14,82
17.04.2016 07:00;17.04.2016 08:00;14,57
17.04.2016 08:00;17.04.2016 09:00;16,48
17.04.2016 09:00;17.04.2016 10:00;18,69
17.04.2016 10:00;17.04.2016 11:00;18,69
17.04.2016 11:00;17.04.2016 12:00;18,94
17.04.2016 12:00;17.04.2016 13:00;18,16
17.04.2016 13:00;17.04.2016 14:00;16,16
17.04.2016 14:00;17.04.2016 15:00;13,82
17.04.2016 15:00;17.04.2016 16:00;12,52
17.04.2016 16:00;17.04.2016 17:00;13,52
17.04.2016 17:00;17.04.2016 18:00;16,16
17.04.2016 18:00;17.04.2016 19:00;19,35
17.04.2016 19:00;17.04.2016 20:00;21,19
17.04.2016 20:00;17.04.2016 21:00;26,4
17.04.2016 21:00;17.04.2016 22:00;29,65
17.04.2016 22:00;17.04.2016 23:00;30,16
17.04.2016 23:00;18.04.2016 00:00;27,25
18.04.2016 00:00;18.04.2016 01:00;20,92
18.04.2016 01:00;18.04.2016 02:00;20,9
18.04.2016 02:00;18.04.2016 03:00;19,7
18.04.2016 03:00;18.04.2016 04:00;18,9
18.04.2016 04:00;18.04.2016 05:00;19,0
18.04.2016 05:00;18.04.2016 06:00;20,6
18.04.2016 06:00;18.04.2016 07:00;30,0
18.04.2016 07:00;18.04.2016 08:00;37,06
18.04.2016 08:00;18.04.2016 09:00;38,79
18.04.2016 09:00;18.04.2016 10:00;29,27
18.04.2016 10:00;18.04.2016 11:00;24,09
18.04.2016 11:00;18.04.2016 12:00;23,28
18.04.2016 12:00;18.04.2016 13:00;21,14
18.04.2016 13:00;18.04.2016 14:00;20,7
18.04.2016 14:00;18.04.2016 15:00;20,65
18.04.2016 15:00;18.04.2016 16:00;20,49
18.04.2016 16:00;18.04.2016 17:00;20,31
18.04.2016 17:00;18.04.2016 18:00;20,94
18.04.2016 18:00;18.04.2016 19:00;23,19
18.04.2016 19:00;18.04.2016 20:00;25,62
18.04.2016 20:00;18.04.2016 21:00;27,92
18.04.2016 21:00;18.04.2016 22:00;29,03
18.04.2016 22:00;18.04.2016 23:00;22,55
18.04.2016 23:00;19.04.2016 00:00;19,31
19.04.2016 00:00;19.04.2016 01:00;19,32
19.04.2016 01:00;19.04.2016 02:00;18,69
19.04.2016 02:00;19.04.2016 03:00;18,04
19.04.2016 03:00;19.04.2016 04:00;17,49
19.04.2016 04:00;19.04.2016 05:00;18,44
19.04.2016 05:00;19.04.2016 06:00;19,8
19.04.2016 06:00;19.04.2016 07:00;26,93
19.04.2016 07:00;19.04.2016 08:00;29,99
19.04.2016 08:00;19.04.2016 09:00;29,68
19.04.2016 09:00;19.04.2016 10:00;21,96
19.04.2016 10:00;19.04.2016 11:00;20,94
19.04.2016 11:00;19.04.2016 12:00;20,42
19.04.2016 12:00;19.04.2016 13:00;17,79
19.04.2016 13:00;19.04.2016 14:00;15,62
19.04.2016 14:00;19.04.2016 15:00;13,6
19.04.2016 15:00;19.04.2016 16:00;13,68
19.04.2016 16:00;19.04.2016 17:00;15,02
19.04.2016 17:00;19.04.2016 18:00;19,24
19.04.2016 18:00;19.04.2016 19:00;20,76
19.04.2016 19:00;19.04.2016 20:00;23,99
19.04.2016 20:00;19.04.2016 21:00;25,95
19.04.2016 21:00;19.04.2016 22:00;24,87
19.04.2016 22:00;19.04.2016 23:00;21,42
19.04.2016 23:00;20.04.2016 00:00;19,33
20.04.2016 00:00;20.04.2016 01:00;19,14
20.04.2016 01:00;20.04.2016 02:00;18,85
20.04.2016 02:00;20.04.2016 03:00;16,5
20.04.2016 03:00;20.04.2016 04:00;17,49
20.04.2016 04:00;20.04.2016 05:00;18,63
20.04.2016 05:00;20.04.2016 06:00;20,0
20.04.2016 06:00;20.04.2016 07:00;25,76
20.04.2016 07:00;20.04.2016 08:00;30,55
20.04.2016 08:00;20.04.2016 09:00;31,91
20.04.2016 09:00;20.04.2016 10:00;26,44
20.04.2016 10:00;20.04.2016 11:00;23,02
20.04.2016 11:00;20.04.2016 12:00;22,43
20.04.2016 12:00;20.04.2016 13:00;21,51
20.04.2016 13:00;20.04.2016 14:00;20,49
20.04.2016 14:00;20.04.2016 15:00;20,89
20.04.2016 15:00;20.04.2016 16:00;21,57
20.04.2016 16:00;20.04.2016 17:00;21,59
20.04.2016 17:00;20.04.2016 18:00;22,89
20.04.2016 18:00;20.04.2016 19:00;27,24
20.04.2016 19:00;20.04.2016 20:00;31,09
20.04.2016 20:00;20.04.2016 21:00;32,16
20.04.2016 21:00;20.04.2016 22:00;30,66
20.04.2016 22:00;20.04.2016 23:00;28,52
20.04.2016 23:00;21.04.2016 00:00;24,5
21.04.2016 00:00;21.04.2016 01:00;22,51
21.04.2016 01:00;21.04.2016 02:00;20,5
21.04.2016 02:00;21.04.2016 03:00;19,93
21.04.2016 03:00;21.04.2016 04:00;19,58
21.04.2016 04:00;21.04.2016 05:00;19,84
21.04.2016 05:00;21.04.2016 06:00;21,11
21.04.2016 06:00;21.04.2016 07:00;29,1
21.04.2016 07:00;21.04.2016 08:00;34,58
21.04.2016 08:00;21.04.2016 09:00;35,38
21.04.2016 09:00;21.04.2016 10:00;32,92
21.04.2016 10:00;21.04.2016 11:00;28,91
21.04.2016 11:00;21.04.2016 12:00;26,12
21.04.2016 12:00;21.04.2016 13:00;23,59
21.04.2016 13:00;21.04.2016 14:00;23,43
21.04.2016 14:00;21.04.2016 15:00;23,47
21.04.2016 15:00;21.04.2016 16:00;23,93
21.04.2016 16:00;21.04.2016 17:00;23,95
21.04.2016 17:00;21.04.2016 18:00;27,61
21.04.2016 18:00;21.04.2016 19:00;30,74
21.04.2016 19:00;21.04.2016 20:00;32,33
21.04.2016 20:00;21.04.2016 21:00;32,34
21.04.2016 21:00;21.04.2016 22:00;32,02
21.04.2016 22:00;21.04.2016 23:00;29,19
21.04.2016 23:00;22.04.2016 00:00;25,0
22.04.2016 00:00;22.04.2016 01:00;21,95
22.04.2016 01:00;22.04.2016 02:00;20,7
22.04.2016 02:00;22.04.2016 03:00;19,59
22.04.2016 03:00;22.04.2016 04:00;19,32
22.04.2016 04:00;22.04.2016 05:00;19,85
22.04.2016 05:00;22.04.2016 06:00;22,94
22.04.2016 06:00;22.04.2016 07:00;28,0
22.04.2016 07:00;22.04.2016 08:00;33,14
22.04.2016 08:00;22.04.2016 09:00;34,61
22.04.2016 09:00;22.04.2016 10:00;31,59
22.04.2016 10:00;22.04.2016 11:00;28,69
22.04.2016 11:00;22.04.2016 12:00;25,22
22.04.2016 12:00;22.04.2016 13:00;23,98
22.04.2016 13:00;22.04.2016 14:00;22,95
22.04.2016 14:00;22.04.2016 15:00;22,24
22.04.2016 15:00;22.04.2016 16:00;22,32
22.04.2016 16:00;22.04.2016 17:00;22,89
22.04.2016 17:00;22.04.2016 18:00;24,75
22.04.2016 18:00;22.04.2016 19:00;28,99
22.04.2016 19:00;22.04.2016 20:00;30,93
22.04.2016 20:00;22.04.2016 21:00;30,94
22.04.2016 21:00;22.04.2016 22:00;29,33
22.04.2016 22:00;22.04.2016 23:00;27,94
22.04.2016 23:00;23.04.2016 00:00;25,04
23.04.2016 00:00;23.04.2016 01:00;27,72
23.04.2016 01:00;23.04.2016 02:00;22,45
23.04.2016 02:00;23.04.2016 03:00;21,47
23.04.2016 03:00;23.04.2016 04:00;20,99
23.04.2016 04:00;23.04.2016 05:00;20,99
23.04.2016 05:00;23.04.2016 06:00;20,9
23.04.2016 06:00;23.04.2016 07:00;21,05
23.04.2016 07:00;23.04.2016 08:00;21,48
23.04.2016 08:00;23.04.2016 09:00;23,62
23.04.2016 09:00;23.04.2016 10:00;27,29
23.04.2016 10:00;23.04.2016 11:00;26,91
23.04.2016 11:00;23.04.2016 12:00;25,76
23.04.2016 12:00;23.04.2016 13:00;23,4
23.04.2016 13:00;23.04.2016 14:00;21,36
23.04.2016 14:00;23.04.2016 15:00;20,42
23.04.2016 15:00;23.04.2016 16:00;18,29
23.04.2016 16:00;23.04.2016 17:00;16,27
23.04.2016 17:00;23.04.2016 18:00;19,13
23.04.2016 18:00;23.04.2016 19:00;21,07
23.04.2016 19:00;23.04.2016 20:00;22,46
23.04.2016 20:00;23.04.2016 21:00;25,0
23.04.2016 21:00;23.04.2016 22:00;27,19
23.04.2016 22:00;23.04.2016 23:00;25,05
23.04.2016 23:00;24.04.2016 00:00;22,1
24.04.2016 00:00;24.04.2016 01:00;18,21
24.04.2016 01:00;24.04.2016 02:00;15,07
24.04.2016 02:00;24.04.2016 03:00;14,31
24.04.2016 03:00;24.04.2016 04:00;12,59
24.04.2016 04:00;24.04.2016 05:00;12,79
24.04.2016 05:00;24.04.2016 06:00;13,62
24.04.2016 06:00;24.04.2016 07:00;12,76
24.04.2016 07:00;24.04.2016 08:00;12,2
24.04.2016 08:00;24.04.2016 09:00;13,75
24.04.2016 09:00;24.04.2016 10:00;12,57
24.04.2016 10:00;24.04.2016 11:00;12,54
24.04.2016 11:00;24.04.2016 12:00;13,79
24.04.2016 12:00;24.04.2016 13:00;14,19
24.04.2016 13:00;24.04.2016 14:00;11,88
24.04.2016 14:00;24.04.2016 15:00;9,44
24.04.2016 15:00;24.04.2016 16:00;9,5
24.04.2016 16:00;24.04.2016 17:00;8,47
24.04.2016 17:00;24.04.2016 18:00;13,04
24.04.2016 18:00;24.04.2016 19:00;20,28
24.04.2016 19:00;24.04.2016 20:00;21,96
24.04.2016 20:00;24.04.2016 21:00;23,94
24.04.2016 21:00;24.04.2016 22:00;24,37
24.04.2016 22:00;24.04.2016 23:00;27,87
24.04.2016 23:00;25.04.2016 00:00;24,04
25.04.2016 00:00;25.04.2016 01:00;22,56
25.04.2016 01:00;25.04.2016 02:00;21,46
25.04.2016 02:00;25.04.2016 03:00;20,82
25.04.2016 03:00;25.04.2016 04:00;20,23
25.04.2016 04:00;25.04.2016 05:00;20,26
25.04.2016 05:00;25.04.2016 06:00;21,1
25.04.2016 06:00;25.04.2016 07:00;29,02
25.04.2016 07:00;25.04.2016 08:00;32,97
25.04.2016 08:00;25.04.2016 09:00;34,48
25.04.2016 09:00;25.04.2016 10:00;30,03
25.04.2016 10:00;25.04.2016 11:00;28,95
25.04.2016 11:00;25.04.2016 12:00;27,94
25.04.2016 12:00;25.04.2016 13:00;28,31
25.04.2016 13:00;25.04.2016 14:00;27,37
25.04.2016 14:00;25.04.2016 15:00;24,39
25.04.2016 15:00;25.04.2016 16:00;23,75
25.04.2016 16:00;25.04.2016 17:00;23,78
25.04.2016 17:00;25.04.2016 18:00;25,95
25.04.2016 18:00;25.04.2016 19:00;28,41
25.04.2016 19:00;25.04.2016 20:00;31,19
25.04.2016 20:00;25.04.2016 21:00;31,46
25.04.2016 21:00;25.04.2016 22:00;30,15
25.04.2016 22:00;25.04.2016 23:00;28,14
25.04.2016 23:00;26.04.2016 00:00;22,97
26.04.2016 00:00;26.04.2016 01:00;21,81
26.04.2016 01:00;26.04.2016 02:00;20,9
26.04.2016 02:00;26.04.2016 03:00;20,96
26.04.2016 03:00;26.04.2016 04:00;20,62
26.04.2016 04:00;26.04.2016 05:00;21,07
26.04.2016 05:00;26.04.2016 06:00;22,73
26.04.2016 06:00;26.04.2016 07:00;29,91
26.04.2016 07:00;26.04.2016 08:00;34,07
26.04.2016 08:00;26.04.2016 09:00;35,14
26.04.2016 09:00;26.04.2016 10:00;32,7
26.04.2016 10:00;26.04.2016 11:00;30,36
26.04.2016 11:00;26.04.2016 12:00;29,78
26.04.2016 12:00;26.04.2016 13:00;26,95
26.04.2016 13:00;26.04.2016 14:00;25,65
26.04.2016 14:00;26.04.2016 15:00;25,29
26.04.2016 15:00;26.04.2016 16:00;25,23
26.04.2016 16:00;26.04.2016 17:00;24,73
26.04.2016 17:00;26.04.2016 18:00;25,29
26.04.2016 18:00;26.04.2016 19:00;28,92
26.04.2016 19:00;26.04.2016 20:00;31,11
26.04.2016 20:00;26.04.2016 21:00;31,61
26.04.2016 21:00;26.04.2016 22:00;31,07
26.04.2016 22:00;26.04.2016 23:00;27,98
26.04.2016 23:00;27.04.2016 00:00;23,99
27.04.2016 00:00;27.04.2016 01:00;23,01
27.04.2016 01:00;27.04.2016 02:00;22,42
27.04.2016 02:00;27.04.2016 03:00;22,53
27.04.2016 03:00;27.04.2016 04:00;22,04
27.04.2016 04:00;27.04.2016 05:00;22,17
27.04.2016 05:00;27.04.2016 06:00;23,77
27.04.2016 06:00;27.04.2016 07:00;28,6
27.04.2016 07:00;27.04.2016 08:00;31,47
27.04.2016 08:00;27.04.2016 09:00;30,27
27.04.2016 09:00;27.04.2016 10:00;28,85
27.04.2016 10:00;27.04.2016 11:00;25,65
27.04.2016 11:00;27.04.2016 12:00;24,91
27.04.2016 12:00;27.04.2016 13:00;24,21
27.04.2016 13:00;27.04.2016 14:00;24,14
27.04.2016 14:00;27.04.2016 15:00;23,56
27.04.2016 15:00;27.04.2016 16:00;23,42
27.04.2016 16:00;27.04.2016 17:00;23,53
27.04.2016 17:00;27.04.2016 18:00;24,03
27.04.2016 18:00;27.04.2016 19:00;28,95
27.04.2016 19:00;27.04.2016 20:00;30,27
27.04.2016 20:00;27.04.2016 21:00;33,0
27.04.2016 21:00;27.04.2016 22:00;31,95
27.04.2016 22:00;27.04.2016 23:00;27,93
27.04.2016 23:00;28.04.2016 00:00;25,51
28.04.2016 00:00;28.04.2016 01:00;23,0
28.04.2016 01:00;28.04.2016 02:00;23,46
28.04.2016 02:00;28.04.2016 03:00;24,55
28.04.2016 03:00;28.04.2016 04:00;23,28
28.04.2016 04:00;28.04.2016 05:00;23,73
28.04.2016 05:00;28.04.2016 06:00;25,59
28.04.2016 06:00;28.04.2016 07:00;31,12
28.04.2016 07:00;28.04.2016 08:00;37,99
28.04.2016 08:00;28.04.2016 09:00;37,99
28.04.2016 09:00;28.04.2016 10:00;34,1
28.04.2016 10:00;28.04.2016 11:00;29,93
28.04.2016 11:00;28.04.2016 12:00;29,39
28.04.2016 12:00;28.04.2016 13:00;26,16
28.04.2016 13:00;28.04.2016 14:00;24,98
28.04.2016 14:00;28.04.2016 15:00;27,39
28.04.2016 15:00;28.04.2016 16:00;26,96
28.04.2016 16:00;28.04.2016 17:00;26,5
28.04.2016 17:00;28.04.2016 18:00;30,0
28.04.2016 18:00;28.04.2016 19:00;34,79
28.04.2016 19:00;28.04.2016 20:00;38,43
28.04.2016 20:00;28.04.2016 21:00;35,75
28.04.2016 21:00;28.04.2016 22:00;37,19
28.04.2016 22:00;28.04.2016 23:00;34,92
28.04.2016 23:00;29.04.2016 00:00;30,3
29.04.2016 00:00;29.04.2016 01:00;26,41
29.04.2016 01:00;29.04.2016 02:00;25,01
29.04.2016 02:00;29.04.2016 03:00;23,99
29.04.2016 03:00;29.04.2016 04:00;22,46
29.04.2016 04:00;29.04.2016 05:00;22,35
29.04.2016 05:00;29.04.2016 06:00;23,47
29.04.2016 06:00;29.04.2016 07:00;26,8
29.04.2016 07:00;29.04.2016 08:00;30,68
29.04.2016 08:00;29.04.2016 09:00;28,51
29.04.2016 09:00;29.04.2016 10:00;22,39
29.04.2016 10:00;29.04.2016 11:00;20,69
29.04.2016 11:00;29.04.2016 12:00;20,05
29.04.2016 12:00;29.04.2016 13:00;19,09
29.04.2016 13:00;29.04.2016 14:00;20,14
29.04.2016 14:00;29.04.2016 15:00;20,86
29.04.2016 15:00;29.04.2016 16:00;22,01
29.04.2016 16:00;29.04.2016 17:00;22,59
29.04.2016 17:00;29.04.2016 18:00;26,01
29.04.2016 18:00;29.04.2016 19:00;30,82
29.04.2016 19:00;29.04.2016 20:00;34,83
29.04.2016 20:00;29.04.2016 21:00;35,18
29.04.2016 21:00;29.04.2016 22:00;33,08
29.04.2016 22:00;29.04.2016 23:00;30,93
29.04.2016 23:00;30.04.2016 00:00;27,35
30.04.2016 00:00;30.04.2016 01:00;24,17
30.04.2016 01:00;30.04.2016 02:00;24,25
30.04.2016 02:00;30.04.2016 03:00;24,54
30.04.2016 03:00;30.04.2016 04:00;25,04
30.04.2016 04:00;30.04.2016 05:00;24,0
30.04.2016 05:00;30.04.2016 06:00;24,0
30.04.2016 06:00;30.04.2016 07:00;24,22
30.04.2016 07:00;30.04.2016 08:00;25,45
30.04.2016 08:00;30.04.2016 09:00;26,81
30.04.2016 09:00;30.04.2016 10:00;28,69
30.04.2016 10:00;30.04.2016 11:00;25,7
30.04.2016 11:00;30.04.2016 12:00;24,05
30.04.2016 12:00;30.04.2016 13:00;22,44
30.04.2016 13:00;30.04.2016 14:00;22,01
30.04.2016 14:00;30.04.2016 15:00;21,48
30.04.2016 15:00;30.04.2016 16:00;21,17
30.04.2016 16:00;30.04.2016 17:00;21,54
30.04.2016 17:00;30.04.2016 18:00;22,34
30.04.2016 18:00;30.04.2016 19:00;25,02
30.04.2016 19:00;30.04.2016 20:00;25,51
30.04.2016 20:00;30.04.2016 21:00;25,61
30.04.2016 21:00;30.04.2016 22:00;28,53
30.04.2016 22:00;30.04.2016 23:00;27,92
30.04.2016 23:00;01.05.2016 00:00;24,03
01.05.2016 00:00;01.05.2016 01:00;20,1
01.05.2016 01:00;01.05.2016 02:00;19,81
01.05.2016 02:00;01.05.2016 03:00;18,72
01.05.2016 03:00;01.05.2016 04:00;17,03
01.05.2016 04:00;01.05.2016 05:00;17,17
01.05.2016 05:00;01.05.2016 06:00;17,92
01.05.2016 06:00;01.05.2016 07:00;17,64
01.05.2016 07:00;01.05.2016 08:00;17,04
01.05.2016 08:00;01.05.2016 09:00;16,82
01.05.2016 09:00;01.05.2016 10:00;17,42
01.05.2016 10:00;01.05.2016 11:00;16,77
01.05.2016 11:00;01.05.2016 12:00;16,97
01.05.2016 12:00;01.05.2016 13:00;15,16
01.05.2016 13:00;01.05.2016 14:00;13,73
01.05.2016 14:00;01.05.2016 15:00;14,29
01.05.2016 15:00;01.05.2016 16:00;13,54
01.05.2016 16:00;01.05.2016 17:00;14,25
01.05.2016 17:00;01.05.2016 18:00;16,21
01.05.2016 18:00;01.05.2016 19:00;21,35
01.05.2016 19:00;01.05.2016 20:00;23,57
01.05.2016 20:00;01.05.2016 21:00;25,08
01.05.2016 21:00;01.05.2016 22:00;25,74
01.05.2016 22:00;01.05.2016 23:00;26,35
01.05.2016 23:00;02.05.2016 00:00;24,48
02.05.2016 00:00;02.05.2016 01:00;21,45
02.05.2016 01:00;02.05.2016 02:00;20,23
02.05.2016 02:00;02.05.2016 03:00;20,03
02.05.2016 03:00;02.05.2016 04:00;19,94
02.05.2016 04:00;02.05.2016 05:00;20,08
02.05.2016 05:00;02.05.2016 06:00;23,47
02.05.2016 06:00;02.05.2016 07:00;31,12
02.05.2016 07:00;02.05.2016 08:00;35,53
02.05.2016 08:00;02.05.2016 09:00;34,96
02.05.2016 09:00;02.05.2016 10:00;31,35
02.05.2016 10:00;02.05.2016 11:00;28,29
02.05.2016 11:00;02.05.2016 12:00;26,91
02.05.2016 12:00;02.05.2016 13:00;25,29
02.05.2016 13:00;02.05.2016 14:00;25,07
02.05.2016 14:00;02.05.2016 15:00;25,02
02.05.2016 15:00;02.05.2016 16:00;25,53
02.05.2016 16:00;02.05.2016 17:00;26,94
02.05.2016 17:00;02.05.2016 18:00;29,06
02.05.2016 18:00;02.05.2016 19:00;33,0
02.05.2016 19:00;02.05.2016 20:00;35,79
02.05.2016 20:00;02.05.2016 21:00;35,76
02.05.2016 21:00;02.05.2016 22:00;34,08
02.05.2016 22:00;02.05.2016 23:00;31,93
02.05.2016 23:00;03.05.2016 00:00;27,05
03.05.2016 00:00;03.05.2016 01:00;23,91
03.05.2016 01:00;03.05.2016 02:00;22,32
03.05.2016 02:00;03.05.2016 03:00;21,84
03.05.2016 03:00;03.05.2016 04:00;21,37
03.05.2016 04:00;03.05.2016 05:00;21,85
03.05.2016 05:00;03.05.2016 06:00;23,26
03.05.2016 06:00;03.05.2016 07:00;30,39
03.05.2016 07:00;03.05.2016 08:00;33,9
03.05.2016 08:00;03.05.2016 09:00;36,48
03.05.2016 09:00;03.05.2016 10:00;35,95
03.05.2016 10:00;03.05.2016 11:00;35,58
03.05.2016 11:00;03.05.2016 12:00;34,9
03.05.2016 12:00;03.05.2016 13:00;31,55
03.05.2016 13:00;03.05.2016 14:00;26,59
03.05.2016 14:00;03.05.2016 15:00;24,9
03.05.2016 15:00;03.05.2016 16:00;24,1
03.05.2016 16:00;03.05.2016 17:00;23,91
03.05.2016 17:00;03.05.2016 18:00;25,17
03.05.2016 18:00;03.05.2016 19:00;28,51
03.05.2016 19:00;03.05.2016 20:00;31,69
03.05.2016 20:00;03.05.2016 21:00;32,1
03.05.2016 21:00;03.05.2016 22:00;32,8
03.05.2016 22:00;03.05.2016 23:00;30,92
03.05.2016 23:00;04.05.2016 00:00;24,59
04.05.2016 00:00;04.05.2016 01:00;22,94
04.05.2016 01:00;04.05.2016 02:00;21,98
04.05.2016 02:00;04.05.2016 03:00;21,95
04.05.2016 03:00;04.05.2016 04:00;21,69
04.05.2016 04:00;04.05.2016 05:00;22,14
04.05.2016 05:00;04.05.2016 06:00;23,59
04.05.2016 06:00;04.05.2016 07:00;31,47
04.05.2016 07:00;04.05.2016 08:00;35,05
04.05.2016 08:00;04.05.2016 09:00;35,97
04.05.2016 09:00;04.05.2016 10:00;32,46
04.05.2016 10:00;04.05.2016 11:00;28,51
04.05.2016 11:00;04.05.2016 12:00;27,14
04.05.2016 12:00;04.05.2016 13:00;25,43
04.05.2016 13:00;04.05.2016 14:00;24,37
04.05.2016 14:00;04.05.2016 15:00;24,01
04.05.2016 15:00;04.05.2016 16:00;23,64
04.05.2016 16:00;04.05.2016 17:00;23,88
04.05.2016 17:00;04.05.2016 18:00;25,1
04.05.2016 18:00;04.05.2016 19:00;28,96
04.05.2016 19:00;04.05.2016 20:00;31,73
04.05.2016 20:00;04.05.2016 21:00;32,0
04.05.2016 21:00;04.05.2016 22:00;32,9
04.05.2016 22:00;04.05.2016 23:00;31,93
04.05.2016 23:00;05.05.2016 00:00;27,8
05.05.2016 00:00;05.05.2016 01:00;23,69
05.05.2016 01:00;05.05.2016 02:00;21,86
05.05.2016 02:00;05.05.2016 03:00;21,26
05.05.2016 03:00;05.05.2016 04:00;20,26
05.05.2016 04:00;05.05.2016 05:00;19,79
05.05.2016 05:00;05.05.2016 06:00;19,79
05.05.2016 06:00;05.05.2016 07:00;19,95
05.05.2016 07:00;05.05.2016 08:00;20,07
05.05.2016 08:00;05.05.2016 09:00;20,0
05.05.2016 09:00;05.05.2016 10:00;19,57
05.05.2016 10:00;05.05.2016 11:00;19,01
05.05.2016 11:00;05.05.2016 12:00;17,76
05.05.2016 12:00;05.05.2016 13:00;16,97
05.05.2016 13:00;05.05.2016 14:00;13,42
05.05.2016 14:00;05.05.2016 15:00;10,85
05.05.2016 15:00;05.05.2016 16:00;10,49
05.05.2016 16:00;05.05.2016 17:00;13,06
05.05.2016 17:00;05.05.2016 18:00;17,77
05.05.2016 18:00;05.05.2016 19:00;20,67
05.05.2016 19:00;05.05.2016 20:00;24,2
05.05.2016 20:00;05.05.2016 21:00;24,08
05.05.2016 21:00;05.05.2016 22:00;24,87
05.05.2016 22:00;05.05.2016 23:00;25,79
05.05.2016 23:00;06.05.2016 00:00;21,62
06.05.2016 00:00;06.05.2016 01:00;20,73
06.05.2016 01:00;06.05.2016 02:00;19,08
06.05.2016 02:00;06.05.2016 03:00;18,46
06.05.2016 03:00;06.05.2016 04:00;17,87
06.05.2016 04:00;06.05.2016 05:00;19,11
06.05.2016 05:00;06.05.2016 06:00;20,0
06.05.2016 06:00;06.05.2016 07:00;24,44
06.05.2016 07:00;06.05.2016 08:00;30,33
06.05.2016 08:00;06.05.2016 09:00;30,99
06.05.2016 09:00;06.05.2016 10:00;29,98
06.05.2016 10:00;06.05.2016 11:00;24,28
06.05.2016 11:00;06.05.2016 12:00;22,58
06.05.2016 12:00;06.05.2016 13:00;19,66
06.05.2016 13:00;06.05.2016 14:00;14,24
06.05.2016 14:00;06.05.2016 15:00;11,92
06.05.2016 15:00;06.05.2016 16:00;14,96
06.05.2016 16:00;06.05.2016 17:00;17,93
06.05.2016 17:00;06.05.2016 18:00;21,85
06.05.2016 18:00;06.05.2016 19:00;27,99
06.05.2016 19:00;06.05.2016 20:00;30,94
06.05.2016 20:00;06.05.2016 21:00;28,8
06.05.2016 21:00;06.05.2016 22:00;27,86
06.05.2016 22:00;06.05.2016 23:00;25,43
06.05.2016 23:00;07.05.2016 00:00;21,42
07.05.2016 00:00;07.05.2016 01:00;19,73
07.05.2016 01:00;07.05.2016 02:00;16,9
07.05.2016 02:00;07.05.2016 03:00;14,95
07.05.2016 03:00;07.05.2016 04:00;14,64
07.05.2016 04:00;07.05.2016 05:00;14,96
07.05.2016 05:00;07.05.2016 06:00;15,2
07.05.2016 06:00;07.05.2016 07:00;16,27
07.05.2016 07:00;07.05.2016 08:00;19,32
07.05.2016 08:00;07.05.2016 09:00;19,94
07.05.2016 09:00;07.05.2016 10:00;19,41
07.05.2016 10:00;07.05.2016 11:00;13,1
07.05.2016 11:00;07.05.2016 12:00;10,54
07.05.2016 12:00;07.05.2016 13:00;6,12
07.05.2016 13:00;07.05.2016 14:00;5,32
07.05.2016 14:00;07.05.2016 15:00;3,05
07.05.2016 15:00;07.05.2016 16:00;3,84
07.05.2016 16:00;07.05.2016 17:00;8,67
07.05.2016 17:00;07.05.2016 18:00;13,49
07.05.2016 18:00;07.05.2016 19:00;19,92
07.05.2016 19:00;07.05.2016 20:00;21,43
07.05.2016 20:00;07.05.2016 21:00;19,93
07.05.2016 21:00;07.05.2016 22:00;19,81
07.05.2016 22:00;07.05.2016 23:00;19,72
07.05.2016 23:00;08.05.2016 00:00;18,22
08.05.2016 00:00;08.05.2016 01:00;14,2
08.05.2016 01:00;08.05.2016 02:00;10,01
08.05.2016 02:00;08.05.2016 03:00;7,98
08.05.2016 03:00;08.05.2016 04:00;5,07
08.05.2016 04:00;08.05.2016 05:00;4,0
08.05.2016 05:00;08.05.2016 06:00;3,0
08.05.2016 06:00;08.05.2016 07:00;2,91
08.05.2016 07:00;08.05.2016 08:00;2,79
08.05.2016 08:00;08.05.2016 09:00;4,0
08.05.2016 09:00;08.05.2016 10:00;2,35
08.05.2016 10:00;08.05.2016 11:00;-1,63
08.05.2016 11:00;08.05.2016 12:00;-7,09
08.05.2016 12:00;08.05.2016 13:00;-76,09
08.05.2016 13:00;08.05.2016 14:00;-100,06
08.05.2016 14:00;08.05.2016 15:00;-130,09
08.05.2016 15:00;08.05.2016 16:00;-82,06
08.05.2016 16:00;08.05.2016 17:00;-76,0
08.05.2016 17:00;08.05.2016 18:00;-0,6
08.05.2016 18:00;08.05.2016 19:00;10,4
08.05.2016 19:00;08.05.2016 20:00;19,35
08.05.2016 20:00;08.05.2016 21:00;19,4
08.05.2016 21:00;08.05.2016 22:00;20,02
08.05.2016 22:00;08.05.2016 23:00;20,12
08.05.2016 23:00;09.05.2016 00:00;18,66
09.05.2016 00:00;09.05.2016 01:00;14,28
09.05.2016 01:00;09.05.2016 02:00;12,68
09.05.2016 02:00;09.05.2016 03:00;12,09
09.05.2016 03:00;09.05.2016 04:00;9,57
09.05.2016 04:00;09.05.2016 05:00;11,0
09.05.2016 05:00;09.05.2016 06:00;14,18
09.05.2016 06:00;09.05.2016 07:00;28,57
09.05.2016 07:00;09.05.2016 08:00;32,95
09.05.2016 08:00;09.05.2016 09:00;34,69
09.05.2016 09:00;09.05.2016 10:00;31,24
09.05.2016 10:00;09.05.2016 11:00;24,23
09.05.2016 11:00;09.05.2016 12:00;22,15
09.05.2016 12:00;09.05.2016 13:00;17,08
09.05.2016 13:00;09.05.2016 14:00;12,01
09.05.2016 14:00;09.05.2016 15:00;10,85
09.05.2016 15:00;09.05.2016 16:00;18,63
09.05.2016 16:00;09.05.2016 17:00;21,0
09.05.2016 17:00;09.05.2016 18:00;23,71
09.05.2016 18:00;09.05.2016 19:00;27,12
09.05.2016 19:00;09.05.2016 20:00;31,46
09.05.2016 20:00;09.05.2016 21:00;31,28
09.05.2016 21:00;09.05.2016 22:00;30,0
09.05.2016 22:00;09.05.2016 23:00;24,92
09.05.2016 23:00;10.05.2016 00:00;21,83
10.05.2016 00:00;10.05.2016 01:00;22,55
10.05.2016 01:00;10.05.2016 02:00;21,09
10.05.2016 02:00;10.05.2016 03:00;19,61
10.05.2016 03:00;10.05.2016 04:00;19,33
10.05.2016 04:00;10.05.2016 05:00;19,87
10.05.2016 05:00;10.05.2016 06:00;21,56
10.05.2016 06:00;10.05.2016 07:00;28,5
10.05.2016 07:00;10.05.2016 08:00;31,87
10.05.2016 08:00;10.05.2016 09:00;36,66
10.05.2016 09:00;10.05.2016 10:00;34,61
10.05.2016 10:00;10.05.2016 11:00;29,96
10.05.2016 11:00;10.05.2016 12:00;25,54
10.05.2016 12:00;10.05.2016 13:00;23,46
10.05.2016 13:00;10.05.2016 14:00;23,34
10.05.2016 14:00;10.05.2016 15:00;23,41
10.05.2016 15:00;10.05.2016 16:00;27,6
10.05.2016 16:00;10.05.2016 17:00;28,21
10.05.2016 17:00;10.05.2016 18:00;30,69
10.05.2016 18:00;10.05.2016 19:00;31,93
10.05.2016 19:00;10.05.2016 20:00;32,5
10.05.2016 20:00;10.05.2016 21:00;32,25
10.05.2016 21:00;10.05.2016 22:00;31,99
10.05.2016 22:00;10.05.2016 23:00;29,96
10.05.2016 23:00;11.05.2016 00:00;22,34
11.05.2016 00:00;11.05.2016 01:00;22,4
11.05.2016 01:00;11.05.2016 02:00;20,54
11.05.2016 02:00;11.05.2016 03:00;19,92
11.05.2016 03:00;11.05.2016 04:00;19,11
11.05.2016 04:00;11.05.2016 05:00;19,87
11.05.2016 05:00;11.05.2016 06:00;21,84
11.05.2016 06:00;11.05.2016 07:00;28,96
11.05.2016 07:00;11.05.2016 08:00;35,27
11.05.2016 08:00;11.05.2016 09:00;39,6
11.05.2016 09:00;11.05.2016 10:00;34,94
11.05.2016 10:00;11.05.2016 11:00;29,41
11.05.2016 11:00;11.05.2016 12:00;24,58
11.05.2016 12:00;11.05.2016 13:00;22,19
11.05.2016 13:00;11.05.2016 14:00;20,87
11.05.2016 14:00;11.05.2016 15:00;20,74
11.05.2016 15:00;11.05.2016 16:00;21,73
11.05.2016 16:00;11.05.2016 17:00;22,54
11.05.2016 17:00;11.05.2016 18:00;23,36
11.05.2016 18:00;11.05.2016 19:00;25,87
11.05.2016 19:00;11.05.2016 20:00;31,32
11.05.2016 20:00;11.05.2016 21:00;29,94
11.05.2016 21:00;11.05.2016 22:00;25,09
11.05.2016 22:00;11.05.2016 23:00;22,23
11.05.2016 23:00;12.05.2016 00:00;19,44
12.05.2016 00:00;12.05.2016 01:00;19,5
12.05.2016 01:00;12.05.2016 02:00;17,81
12.05.2016 02:00;12.05.2016 03:00;14,67
12.05.2016 03:00;12.05.2016 04:00;14,0
12.05.2016 04:00;12.05.2016 05:00;13,02
12.05.2016 05:00;12.05.2016 06:00;18,08
12.05.2016 06:00;12.05.2016 07:00;24,08
12.05.2016 07:00;12.05.2016 08:00;30,93
12.05.2016 08:00;12.05.2016 09:00;34,05
12.05.2016 09:00;12.05.2016 10:00;30,96
12.05.2016 10:00;12.05.2016 11:00;28,93
12.05.2016 11:00;12.05.2016 12:00;26,95
12.05.2016 12:00;12.05.2016 13:00;25,24
12.05.2016 13:00;12.05.2016 14:00;24,15
12.05.2016 14:00;12.05.2016 15:00;24,75
12.05.2016 15:00;12.05.2016 16:00;25,07
12.05.2016 16:00;12.05.2016 17:00;25,14
12.05.2016 17:00;12.05.2016 18:00;27,47
12.05.2016 18:00;12.05.2016 19:00;29,79
12.05.2016 19:00;12.05.2016 20:00;32,91
12.05.2016 20:00;12.05.2016 21:00;32,85
12.05.2016 21:00;12.05.2016 22:00;31,84
12.05.2016 22:00;12.05.2016 23:00;29,98
12.05.2016 23:00;13.05.2016 00:00;25,14
13.05.2016 00:00;13.05.2016 01:00;23,07
13.05.2016 01:00;13.05.2016 02:00;21,41
13.05.2016 02:00;13.05.2016 03:00;21,04
13.05.2016 03:00;13.05.2016 04:00;20,55
13.05.2016 04:00;13.05.2016 05:00;21,13
13.05.2016 05:00;13.05.2016 06:00;23,0
13.05.2016 06:00;13.05.2016 07:00;28,07
13.05.2016 07:00;13.05.2016 08:00;36,14
13.05.2016 08:00;13.05.2016 09:00;40,21
13.05.2016 09:00;13.05.2016 10:00;38,23
13.05.2016 10:00;13.05.2016 11:00;35,37
13.05.2016 11:00;13.05.2016 12:00;35,45
13.05.2016 12:00;13.05.2016 13:00;30,94
13.05.2016 13:00;13.05.2016 14:00;27,99
13.05.2016 14:00;13.05.2016 15:00;25,28
13.05.2016 15:00;13.05.2016 16:00;23,8
13.05.2016 16:00;13.05.2016 17:00;23,53
13.05.2016 17:00;13.05.2016 18:00;24,01
13.05.2016 18:00;13.05.2016 19:00;26,37
13.05.2016 19:00;13.05.2016 20:00;29,0
13.05.2016 20:00;13.05.2016 21:00;27,1
13.05.2016 21:00;13.05.2016 22:00;25,03
13.05.2016 22:00;13.05.2016 23:00;26,96
13.05.2016 23:00;14.05.2016 00:00;23,02
14.05.2016 00:00;14.05.2016 01:00;13,76
14.05.2016 01:00;14.05.2016 02:00;13,1
14.05.2016 02:00;14.05.2016 03:00;11,51
14.05.2016 03:00;14.05.2016 04:00;9,71
14.05.2016 04:00;14.05.2016 05:00;10,37
14.05.2016 05:00;14.05.2016 06:00;10,21
14.05.2016 06:00;14.05.2016 07:00;9,91
14.05.2016 07:00;14.05.2016 08:00;11,24
14.05.2016 08:00;14.05.2016 09:00;15,57
14.05.2016 09:00;14.05.2016 10:00;14,86
14.05.2016 10:00;14.05.2016 11:00;11,99
14.05.2016 11:00;14.05.2016 12:00;11,37
14.05.2016 12:00;14.05.2016 13:00;10,27
14.05.2016 13:00;14.05.2016 14:00;8,14
14.05.2016 14:00;14.05.2016 15:00;7,01
14.05.2016 15:00;14.05.2016 16:00;4,95
14.05.2016 16:00;14.05.2016 17:00;4,92
14.05.2016 17:00;14.05.2016 18:00;9,91
14.05.2016 18:00;14.05.2016 19:00;15,01
14.05.2016 19:00;14.05.2016 20:00;20,71
14.05.2016 20:00;14.05.2016 21:00;20,46
14.05.2016 21:00;14.05.2016 22:00;19,3
14.05.2016 22:00;14.05.2016 23:00;23,6
14.05.2016 23:00;15.05.2016 00:00;20,52
15.05.2016 00:00;15.05.2016 01:00;20,0
15.05.2016 01:00;15.05.2016 02:00;12,98
15.05.2016 02:00;15.05.2016 03:00;11,94
15.05.2016 03:00;15.05.2016 04:00;9,13
15.05.2016 04:00;15.05.2016 05:00;9,19
15.05.2016 05:00;15.05.2016 06:00;9,56
15.05.2016 06:00;15.05.2016 07:00;7,1
15.05.2016 07:00;15.05.2016 08:00;5,63
15.05.2016 08:00;15.05.2016 09:00;5,5
15.05.2016 09:00;15.05.2016 10:00;4,57
15.05.2016 10:00;15.05.2016 11:00;3,5
15.05.2016 11:00;15.05.2016 12:00;3,63
15.05.2016 12:00;15.05.2016 13:00;0,73
15.05.2016 13:00;15.05.2016 14:00;-9,25
15.05.2016 14:00;15.05.2016 15:00;-35,02
15.05.2016 15:00;15.05.2016 16:00;-8,24
15.05.2016 16:00;15.05.2016 17:00;-2,97
15.05.2016 17:00;15.05.2016 18:00;2,49
15.05.2016 18:00;15.05.2016 19:00;14,45
15.05.2016 19:00;15.05.2016 20:00;21,41
15.05.2016 20:00;15.05.2016 21:00;21,69
15.05.2016 21:00;15.05.2016 22:00;22,95
15.05.2016 22:00;15.05.2016 23:00;24,28
15.05.2016 23:00;16.05.2016 00:00;22,36
16.05.2016 00:00;16.05.2016 01:00;17,85
16.05.2016 01:00;16.05.2016 02:00;16,86
16.05.2016 02:00;16.05.2016 03:00;16,06
16.05.2016 03:00;16.05.2016 04:00;15,04
16.05.2016 04:00;16.05.2016 05:00;14,06
16.05.2016 05:00;16.05.2016 06:00;15,93
16.05.2016 06:00;16.05.2016 07:00;16,42
16.05.2016 07:00;16.05.2016 08:00;19,43
16.05.2016 08:00;16.05.2016 09:00;22,54
16.05.2016 09:00;16.05.2016 10:00;22,91
16.05.2016 10:00;16.05.2016 11:00;23,11
16.05.2016 11:00;16.05.2016 12:00;23,35
16.05.2016 12:00;16.05.2016 13:00;22,9
16.05.2016 13:00;16.05.2016 14:00;18,23
16.05.2016 14:00;16.05.2016 15:00;16,09
16.05.2016 15:00;16.05.2016 16:00;16,26
16.05.2016 16:00;16.05.2016 17:00;17,15
16.05.2016 17:00;16.05.2016 18:00;18,27
16.05.2016 18:00;16.05.2016 19:00;24,0
16.05.2016 19:00;16.05.2016 20:00;27,16
16.05.2016 20:00;16.05.2016 21:00;28,37
16.05.2016 21:00;16.05.2016 22:00;31,93
16.05.2016 22:00;16.05.2016 23:00;29,99
16.05.2016 23:00;17.05.2016 00:00;24,99
17.05.2016 00:00;17.05.2016 01:00;30,0
17.05.2016 01:00;17.05.2016 02:00;24,0
17.05.2016 02:00;17.05.2016 03:00;22,82
17.05.2016 03:00;17.05.2016 04:00;21,6
17.05.2016 04:00;17.05.2016 05:00;21,73
17.05.2016 05:00;17.05.2016 06:00;22,91
17.05.2016 06:00;17.05.2016 07:00;29,95
17.05.2016 07:00;17.05.2016 08:00;36,36
17.05.2016 08:00;17.05.2016 09:00;38,0
17.05.2016 09:00;17.05.2016 10:00;30,93
17.05.2016 10:00;17.05.2016 11:00;28,99
17.05.2016 11:00;17.05.2016 12:00;32,22
17.05.2016 12:00;17.05.2016 13:00;31,61
17.05.2016 13:00;17.05.2016 14:00;30,08
17.05.2016 14:00;17.05.2016 15:00;29,93
17.05.2016 15:00;17.05.2016 16:00;30,0
17.05.2016 16:00;17.05.2016 17:00;30,02
17.05.2016 17:00;17.05.2016 18:00;30,14
17.05.2016 18:00;17.05.2016 19:00;34,64
17.05.2016 19:00;17.05.2016 20:00;34,92
17.05.2016 20:00;17.05.2016 21:00;36,76
17.05.2016 21:00;17.05.2016 22:00;37,44
17.05.2016 22:00;17.05.2016 23:00;33,22
17.05.2016 23:00;18.05.2016 00:00;29,0
18.05.2016 00:00;18.05.2016 01:00;24,91
18.05.2016 01:00;18.05.2016 02:00;24,29
18.05.2016 02:00;18.05.2016 03:00;23,89
18.05.2016 03:00;18.05.2016 04:00;22,92
18.05.2016 04:00;18.05.2016 05:00;23,31
18.05.2016 05:00;18.05.2016 06:00;24,57
18.05.2016 06:00;18.05.2016 07:00;31,12
18.05.2016 07:00;18.05.2016 08:00;37,06
18.05.2016 08:00;18.05.2016 09:00;39,48
18.05.2016 09:00;18.05.2016 10:00;35,31
18.05.2016 10:00;18.05.2016 11:00;32,58
18.05.2016 11:00;18.05.2016 12:00;30,98
18.05.2016 12:00;18.05.2016 13:00;31,12
18.05.2016 13:00;18.05.2016 14:00;30,9
18.05.2016 14:00;18.05.2016 15:00;30,87
18.05.2016 15:00;18.05.2016 16:00;30,85
18.05.2016 16:00;18.05.2016 17:00;31,32
18.05.2016 17:00;18.05.2016 18:00;31,69
18.05.2016 18:00;18.05.2016 19:00;33,08
18.05.2016 19:00;18.05.2016 20:00;34,94
18.05.2016 20:00;18.05.2016 21:00;34,64
18.05.2016 21:00;18.05.2016 22:00;34,95
18.05.2016 22:00;18.05.2016 23:00;33,09
18.05.2016 23:00;19.05.2016 00:00;27,2
19.05.2016 00:00;19.05.2016 01:00;24,88
19.05.2016 01:00;19.05.2016 02:00;22,91
19.05.2016 02:00;19.05.2016 03:00;22,23
19.05.2016 03:00;19.05.2016 04:00;21,85
19.05.2016 04:00;19.05.2016 05:00;22,29
19.05.2016 05:00;19.05.2016 06:00;23,9
19.05.2016 06:00;19.05.2016 07:00;31,58
19.05.2016 07:00;19.05.2016 08:00;39,4
19.05.2016 08:00;19.05.2016 09:00;46,0
19.05.2016 09:00;19.05.2016 10:00;44,13
19.05.2016 10:00;19.05.2016 11:00;45,0
19.05.2016 11:00;19.05.2016 12:00;44,91
19.05.2016 12:00;19.05.2016 13:00;40,07
19.05.2016 13:00;19.05.2016 14:00;38,96
19.05.2016 14:00;19.05.2016 15:00;35,0
19.05.2016 15:00;19.05.2016 16:00;33,06
19.05.2016 16:00;19.05.2016 17:00;31,91
19.05.2016 17:00;19.05.2016 18:00;32,35
19.05.2016 18:00;19.05.2016 19:00;34,0
19.05.2016 19:00;19.05.2016 20:00;36,08
19.05.2016 20:00;19.05.2016 21:00;34,96
19.05.2016 21:00;19.05.2016 22:00;33,85
19.05.2016 22:00;19.05.2016 23:00;32,08
19.05.2016 23:00;20.05.2016 00:00;29,14
20.05.2016 00:00;20.05.2016 01:00;24,73
20.05.2016 01:00;20.05.2016 02:00;23,42
20.05.2016 02:00;20.05.2016 03:00;21,5
20.05.2016 03:00;20.05.2016 04:00;21,34
20.05.2016 04:00;20.05.2016 05:00;21,52
20.05.2016 05:00;20.05.2016 06:00;23,23
20.05.2016 06:00;20.05.2016 07:00;27,71
20.05.2016 07:00;20.05.2016 08:00;33,07
20.05.2016 08:00;20.05.2016 09:00;34,97
20.05.2016 09:00;20.05.2016 10:00;31,91
20.05.2016 10:00;20.05.2016 11:00;27,5
20.05.2016 11:00;20.05.2016 12:00;26,27
20.05.2016 12:00;20.05.2016 13:00;24,99
20.05.2016 13:00;20.05.2016 14:00;24,3
20.05.2016 14:00;20.05.2016 15:00;24,22
20.05.2016 15:00;20.05.2016 16:00;24,2
20.05.2016 16:00;20.05.2016 17:00;24,57
20.05.2016 17:00;20.05.2016 18:00;28,9
20.05.2016 18:00;20.05.2016 19:00;32,69
20.05.2016 19:00;20.05.2016 20:00;33,92
20.05.2016 20:00;20.05.2016 21:00;34,06
20.05.2016 21:00;20.05.2016 22:00;33,21
20.05.2016 22:00;20.05.2016 23:00;33,66
20.05.2016 23:00;21.05.2016 00:00;27,98
21.05.2016 00:00;21.05.2016 01:00;24,36
21.05.2016 01:00;21.05.2016 02:00;23,49
21.05.2016 02:00;21.05.2016 03:00;22,6
21.05.2016 03:00;21.05.2016 04:00;21,75
21.05.2016 04:00;21.05.2016 05:00;21,26
21.05.2016 05:00;21.05.2016 06:00;20,5
21.05.2016 06:00;21.05.2016 07:00;20,66
21.05.2016 07:00;21.05.2016 08:00;22,88
21.05.2016 08:00;21.05.2016 09:00;23,06
21.05.2016 09:00;21.05.2016 10:00;22,55
21.05.2016 10:00;21.05.2016 11:00;20,32
21.05.2016 11:00;21.05.2016 12:00;18,95
21.05.2016 12:00;21.05.2016 13:00;16,19
21.05.2016 13:00;21.05.2016 14:00;15,24
21.05.2016 14:00;21.05.2016 15:00;15,09
21.05.2016 15:00;21.05.2016 16:00;13,29
21.05.2016 16:00;21.05.2016 17:00;17,42
21.05.2016 17:00;21.05.2016 18:00;19,06
21.05.2016 18:00;21.05.2016 19:00;23,9
21.05.2016 19:00;21.05.2016 20:00;26,28
21.05.2016 20:00;21.05.2016 21:00;30,94
21.05.2016 21:00;21.05.2016 22:00;31,49
21.05.2016 22:00;21.05.2016 23:00;28,94
21.05.2016 23:00;22.05.2016 00:00;23,42
22.05.2016 00:00;22.05.2016 01:00;17,79
22.05.2016 01:00;22.05.2016 02:00;10,38
22.05.2016 02:00;22.05.2016 03:00;7,62
22.05.2016 03:00;22.05.2016 04:00;4,6
22.05.2016 04:00;22.05.2016 05:00;2,81
22.05.2016 05:00;22.05.2016 06:00;0,13
22.05.2016 06:00;22.05.2016 07:00;-1,0
22.05.2016 07:00;22.05.2016 08:00;0,5
22.05.2016 08:00;22.05.2016 09:00;2,59
22.05.2016 09:00;22.05.2016 10:00;-0,94
22.05.2016 10:00;22.05.2016 11:00;-1,11
22.05.2016 11:00;22.05.2016 12:00;-0,9
22.05.2016 12:00;22.05.2016 13:00;-5,68
22.05.2016 13:00;22.05.2016 14:00;-25,72
22.05.2016 14:00;22.05.2016 15:00;-10,97
22.05.2016 15:00;22.05.2016 16:00;-7,82
22.05.2016 16:00;22.05.2016 17:00;-5,19
22.05.2016 17:00;22.05.2016 18:00;2,02
22.05.2016 18:00;22.05.2016 19:00;21,33
22.05.2016 19:00;22.05.2016 20:00;23,65
22.05.2016 20:00;22.05.2016 21:00;25,32
22.05.2016 21:00;22.05.2016 22:00;26,11
22.05.2016 22:00;22.05.2016 23:00;27,22
22.05.2016 23:00;23.05.2016 00:00;22,9
23.05.2016 00:00;23.05.2016 01:00;22,61
23.05.2016 01:00;23.05.2016 02:00;20,89
23.05.2016 02:00;23.05.2016 03:00;19,51
23.05.2016 03:00;23.05.2016 04:00;18,91
23.05.2016 04:00;23.05.2016 05:00;19,46
23.05.2016 05:00;23.05.2016 06:00;20,69
23.05.2016 06:00;23.05.2016 07:00;28,05
23.05.2016 07:00;23.05.2016 08:00;34,51
23.05.2016 08:00;23.05.2016 09:00;35,93
23.05.2016 09:00;23.05.2016 10:00;33,99
23.05.2016 10:00;23.05.2016 11:00;36,0
23.05.2016 11:00;23.05.2016 12:00;35,94
23.05.2016 12:00;23.05.2016 13:00;33,91
23.05.2016 13:00;23.05.2016 14:00;33,54
23.05.2016 14:00;23.05.2016 15:00;32,5
23.05.2016 15:00;23.05.2016 16:00;32,78
23.05.2016 16:00;23.05.2016 17:00;31,96
23.05.2016 17:00;23.05.2016 18:00;31,68
23.05.2016 18:00;23.05.2016 19:00;32,49
23.05.2016 19:00;23.05.2016 20:00;33,09
23.05.2016 20:00;23.05.2016 21:00;33,97
23.05.2016 21:00;23.05.2016 22:00;31,97
23.05.2016 22:00;23.05.2016 23:00;24,47
23.05.2016 23:00;24.05.2016 00:00;22,71
24.05.2016 00:00;24.05.2016 01:00;21,99
24.05.2016 01:00;24.05.2016 02:00;21,75
24.05.2016 02:00;24.05.2016 03:00;20,48
24.05.2016 03:00;24.05.2016 04:00;20,0
24.05.2016 04:00;24.05.2016 05:00;20,72
24.05.2016 05:00;24.05.2016 06:00;22,61
24.05.2016 06:00;24.05.2016 07:00;26,13
24.05.2016 07:00;24.05.2016 08:00;34,38
24.05.2016 08:00;24.05.2016 09:00;37,09
24.05.2016 09:00;24.05.2016 10:00;36,19
24.05.2016 10:00;24.05.2016 11:00;36,94
24.05.2016 11:00;24.05.2016 12:00;36,06
24.05.2016 12:00;24.05.2016 13:00;33,09
24.05.2016 13:00;24.05.2016 14:00;33,0
24.05.2016 14:00;24.05.2016 15:00;32,69
24.05.2016 15:00;24.05.2016 16:00;30,92
24.05.2016 16:00;24.05.2016 17:00;29,12
24.05.2016 17:00;24.05.2016 18:00;29,8
24.05.2016 18:00;24.05.2016 19:00;31,25
24.05.2016 19:00;24.05.2016 20:00;32,2
24.05.2016 20:00;24.05.2016 21:00;31,64
24.05.2016 21:00;24.05.2016 22:00;32,38
24.05.2016 22:00;24.05.2016 23:00;30,43
24.05.2016 23:00;25.05.2016 00:00;24,98
25.05.2016 00:00;25.05.2016 01:00;22,97
25.05.2016 01:00;25.05.2016 02:00;22,57
25.05.2016 02:00;25.05.2016 03:00;21,57
25.05.2016 03:00;25.05.2016 04:00;21,0
25.05.2016 04:00;25.05.2016 05:00;21,63
25.05.2016 05:00;25.05.2016 06:00;22,99
25.05.2016 06:00;25.05.2016 07:00;30,92
25.05.2016 07:00;25.05.2016 08:00;35,8
25.05.2016 08:00;25.05.2016 09:00;39,2
25.05.2016 09:00;25.05.2016 10:00;34,99
25.05.2016 10:00;25.05.2016 11:00;34,16
25.05.2016 11:00;25.05.2016 12:00;33,07
25.05.2016 12:00;25.05.2016 13:00;31,02
25.05.2016 13:00;25.05.2016 14:00;28,95
25.05.2016 14:00;25.05.2016 15:00;30,13
25.05.2016 15:00;25.05.2016 16:00;30,12
25.05.2016 16:00;25.05.2016 17:00;30,9
25.05.2016 17:00;25.05.2016 18:00;32,92
25.05.2016 18:00;25.05.2016 19:00;35,8
25.05.2016 19:00;25.05.2016 20:00;36,61
25.05.2016 20:00;25.05.2016 21:00;36,76
25.05.2016 21:00;25.05.2016 22:00;35,49
25.05.2016 22:00;25.05.2016 23:00;34,92
25.05.2016 23:00;26.05.2016 00:00;28,06
26.05.2016 00:00;26.05.2016 01:00;25,74
26.05.2016 01:00;26.05.2016 02:00;24,16
26.05.2016 02:00;26.05.2016 03:00;23,42
26.05.2016 03:00;26.05.2016 04:00;23,27
26.05.2016 04:00;26.05.2016 05:00;23,33
26.05.2016 05:00;26.05.2016 06:00;23,79
26.05.2016 06:00;26.05.2016 07:00;26,15
26.05.2016 07:00;26.05.2016 08:00;30,96
26.05.2016 08:00;26.05.2016 09:00;30,97
26.05.2016 09:00;26.05.2016 10:00;27,94
26.05.2016 10:00;26.05.2016 11:00;25,57
26.05.2016 11:00;26.05.2016 12:00;24,79
26.05.2016 12:00;26.05.2016 13:00;25,46
26.05.2016 13:00;26.05.2016 14:00;24,71
26.05.2016 14:00;26.05.2016 15:00;24,69
26.05.2016 15:00;26.05.2016 16:00;25,16
26.05.2016 16:00;26.05.2016 17:00;25,76
26.05.2016 17:00;26.05.2016 18:00;28,07
26.05.2016 18:00;26.05.2016 19:00;34,0
26.05.2016 19:00;26.05.2016 20:00;35,27
26.05.2016 20:00;26.05.2016 21:00;34,95
26.05.2016 21:00;26.05.2016 22:00;32,94
26.05.2016 22:00;26.05.2016 23:00;33,1
26.05.2016 23:00;27.05.2016 00:00;26,94
27.05.2016 00:00;27.05.2016 01:00;24,43
27.05.2016 01:00;27.05.2016 02:00;23,42
27.05.2016 02:00;27.05.2016 03:00;21,95
27.05.2016 03:00;27.05.2016 04:00;20,61
27.05.2016 04:00;27.05.2016 05:00;21,69
27.05.2016 05:00;27.05.2016 06:00;23,45
27.05.2016 06:00;27.05.2016 07:00;27,88
27.05.2016 07:00;27.05.2016 08:00;32,99
27.05.2016 08:00;27.05.2016 09:00;35,48
27.05.2016 09:00;27.05.2016 10:00;34,26
27.05.2016 10:00;27.05.2016 11:00;32,95
27.05.2016 11:00;27.05.2016 12:00;32,91
27.05.2016 12:00;27.05.2016 13:00;30,37
27.05.2016 13:00;27.05.2016 14:00;27,2
27.05.2016 14:00;27.05.2016 15:00;26,64
27.05.2016 15:00;27.05.2016 16:00;26,86
27.05.2016 16:00;27.05.2016 17:00;27,68
27.05.2016 17:00;27.05.2016 18:00;30,96
27.05.2016 18:00;27.05.2016 19:00;32,91
27.05.2016 19:00;27.05.2016 20:00;33,2
27.05.2016 20:00;27.05.2016 21:00;32,19
27.05.2016 21:00;27.05.2016 22:00;31,85
27.05.2016 22:00;27.05.2016 23:00;30,23
27.05.2016 23:00;28.05.2016 00:00;25,99
28.05.2016 00:00;28.05.2016 01:00;28,92
28.05.2016 01:00;28.05.2016 02:00;24,38
28.05.2016 02:00;28.05.2016 03:00;22,79
28.05.2016 03:00;28.05.2016 04:00;22,14
28.05.2016 04:00;28.05.2016 05:00;21,69
28.05.2016 05:00;28.05.2016 06:00;21,91
28.05.2016 06:00;28.05.2016 07:00;22,56
28.05.2016 07:00;28.05.2016 08:00;24,02
28.05.2016 08:00;28.05.2016 09:00;26,57
28.05.2016 09:00;28.05.2016 10:00;26,95
28.05.2016 10:00;28.05.2016 11:00;24,46
28.05.2016 11:00;28.05.2016 12:00;23,49
28.05.2016 12:00;28.05.2016 13:00;22,87
28.05.2016 13:00;28.05.2016 14:00;22,06
28.05.2016 14:00;28.05.2016 15:00;21,47
28.05.2016 15:00;28.05.2016 16:00;20,42
28.05.2016 16:00;28.05.2016 17:00;20,0
28.05.2016 17:00;28.05.2016 18:00;22,01
28.05.2016 18:00;28.05.2016 19:00;25,57
28.05.2016 19:00;28.05.2016 20:00;26,42
28.05.2016 20:00;28.05.2016 21:00;27,1
28.05.2016 21:00;28.05.2016 22:00;25,69
28.05.2016 22:00;28.05.2016 23:00;23,37
28.05.2016 23:00;29.05.2016 00:00;22,31
29.05.2016 00:00;29.05.2016 01:00;18,03
29.05.2016 01:00;29.05.2016 02:00;13,15
29.05.2016 02:00;29.05.2016 03:00;12,97
29.05.2016 03:00;29.05.2016 04:00;13,17
29.05.2016 04:00;29.05.2016 05:00;8,9
29.05.2016 05:00;29.05.2016 06:00;6,16
29.05.2016 06:00;29.05.2016 07:00;10,58
29.05.2016 07:00;29.05.2016 08:00;13,87
29.05.2016 08:00;29.05.2016 09:00;14,67
29.05.2016 09:00;29.05.2016 10:00;15,23
29.05.2016 10:00;29.05.2016 11:00;12,87
29.05.2016 11:00;29.05.2016 12:00;14,03
29.05.2016 12:00;29.05.2016 13:00;10,46
29.05.2016 13:00;29.05.2016 14:00;8,57
29.05.2016 14:00;29.05.2016 15:00;4,6
29.05.2016 15:00;29.05.2016 16:00;3,78
29.05.2016 16:00;29.05.2016 17:00;5,32
29.05.2016 17:00;29.05.2016 18:00;8,42
29.05.2016 18:00;29.05.2016 19:00;18,08
29.05.2016 19:00;29.05.2016 20:00;21,88
29.05.2016 20:00;29.05.2016 21:00;22,77
29.05.2016 21:00;29.05.2016 22:00;23,04
29.05.2016 22:00;29.05.2016 23:00;23,1
29.05.2016 23:00;30.05.2016 00:00;19,73
30.05.2016 00:00;30.05.2016 01:00;18,07
30.05.2016 01:00;30.05.2016 02:00;13,87
30.05.2016 02:00;30.05.2016 03:00;12,27
30.05.2016 03:00;30.05.2016 04:00;11,28
30.05.2016 04:00;30.05.2016 05:00;11,86
30.05.2016 05:00;30.05.2016 06:00;18,01
30.05.2016 06:00;30.05.2016 07:00;26,16
30.05.2016 07:00;30.05.2016 08:00;34,94
30.05.2016 08:00;30.05.2016 09:00;35,25
30.05.2016 09:00;30.05.2016 10:00;35,43
30.05.2016 10:00;30.05.2016 11:00;34,79
30.05.2016 11:00;30.05.2016 12:00;34,25
30.05.2016 12:00;30.05.2016 13:00;29,0
30.05.2016 13:00;30.05.2016 14:00;26,33
30.05.2016 14:00;30.05.2016 15:00;25,08
30.05.2016 15:00;30.05.2016 16:00;24,67
30.05.2016 16:00;30.05.2016 17:00;25,06
30.05.2016 17:00;30.05.2016 18:00;25,47
30.05.2016 18:00;30.05.2016 19:00;28,74
30.05.2016 19:00;30.05.2016 20:00;28,99
30.05.2016 20:00;30.05.2016 21:00;25,48
30.05.2016 21:00;30.05.2016 22:00;24,68
30.05.2016 22:00;30.05.2016 23:00;23,9
30.05.2016 23:00;31.05.2016 00:00;21,94
31.05.2016 00:00;31.05.2016 01:00;21,17
31.05.2016 01:00;31.05.2016 02:00;19,25
31.05.2016 02:00;31.05.2016 03:00;16,44
31.05.2016 03:00;31.05.2016 04:00;16,09
31.05.2016 04:00;31.05.2016 05:00;17,31
31.05.2016 05:00;31.05.2016 06:00;20,98
31.05.2016 06:00;31.05.2016 07:00;24,52
31.05.2016 07:00;31.05.2016 08:00;32,93
31.05.2016 08:00;31.05.2016 09:00;35,81
31.05.2016 09:00;31.05.2016 10:00;35,47
31.05.2016 10:00;31.05.2016 11:00;34,94
31.05.2016 11:00;31.05.2016 12:00;35,8
31.05.2016 12:00;31.05.2016 13:00;32,78
31.05.2016 13:00;31.05.2016 14:00;30,94
31.05.2016 14:00;31.05.2016 15:00;30,57
31.05.2016 15:00;31.05.2016 16:00;28,82
31.05.2016 16:00;31.05.2016 17:00;29,26
31.05.2016 17:00;31.05.2016 18:00;32,37
31.05.2016 18:00;31.05.2016 19:00;34,94
31.05.2016 19:00;31.05.2016 20:00;35,92
31.05.2016 20:00;31.05.2016 21:00;32,95
31.05.2016 21:00;31.05.2016 22:00;31,98
31.05.2016 22:00;31.05.2016 23:00;30,78
31.05.2016 23:00;01.06.2016 00:00;26,15
01.06.2016 00:00;01.06.2016 01:00;24,0
01.06.2016 01:00;01.06.2016 02:00;22,23
01.06.2016 02:00;01.06.2016 03:00;21,07
01.06.2016 03:00;01.06.2016 04:00;20,08
01.06.2016 04:00;01.06.2016 05:00;20,18
01.06.2016 05:00;01.06.2016 06:00;23,1
01.06.2016 06:00;01.06.2016 07:00;29,9
01.06.2016 07:00;01.06.2016 08:00;37,49
01.06.2016 08:00;01.06.2016 09:00;40,87
01.06.2016 09:00;01.06.2016 10:00;41,0
01.06.2016 10:00;01.06.2016 11:00;40,44
01.06.2016 11:00;01.06.2016 12:00;40,51
01.06.2016 12:00;01.06.2016 13:00;36,64
01.06.2016 13:00;01.06.2016 14:00;32,11
01.06.2016 14:00;01.06.2016 15:00;30,9
01.06.2016 15:00;01.06.2016 16:00;28,96
01.06.2016 16:00;01.06.2016 17:00;28,12
01.06.2016 17:00;01.06.2016 18:00;30,11
01.06.2016 18:00;01.06.2016 19:00;32,66
01.06.2016 19:00;01.06.2016 20:00;32,92
01.06.2016 20:00;01.06.2016 21:00;30,95
01.06.2016 21:00;01.06.2016 22:00;29,57
01.06.2016 22:00;01.06.2016 23:00;30,9
01.06.2016 23:00;02.06.2016 00:00;26,64
02.06.2016 00:00;02.06.2016 01:00;21,96
02.06.2016 01:00;02.06.2016 02:00;20,75
02.06.2016 02:00;02.06.2016 03:00;20,06
02.06.2016 03:00;02.06.2016 04:00;20,0
02.06.2016 04:00;02.06.2016 05:00;20,0
02.06.2016 05:00;02.06.2016 06:00;22,37
02.06.2016 06:00;02.06.2016 07:00;29,03
02.06.2016 07:00;02.06.2016 08:00;37,97
02.06.2016 08:00;02.06.2016 09:00;39,54
02.06.2016 09:00;02.06.2016 10:00;37,98
02.06.2016 10:00;02.06.2016 11:00;37,09
02.06.2016 11:00;02.06.2016 12:00;36,37
02.06.2016 12:00;02.06.2016 13:00;32,08
02.06.2016 13:00;02.06.2016 14:00;28,67
02.06.2016 14:00;02.06.2016 15:00;26,68
02.06.2016 15:00;02.06.2016 16:00;25,95
02.06.2016 16:00;02.06.2016 17:00;25,92
02.06.2016 17:00;02.06.2016 18:00;28,22
02.06.2016 18:00;02.06.2016 19:00;31,84
02.06.2016 19:00;02.06.2016 20:00;32,96
02.06.2016 20:00;02.06.2016 21:00;31,96
02.06.2016 21:00;02.06.2016 22:00;29,46
02.06.2016 22:00;02.06.2016 23:00;29,16
02.06.2016 23:00;03.06.2016 00:00;24,59
03.06.2016 00:00;03.06.2016 01:00;24,1
03.06.2016 01:00;03.06.2016 02:00;21,68
03.06.2016 02:00;03.06.2016 03:00;21,22
03.06.2016 03:00;03.06.2016 04:00;20,64
03.06.2016 04:00;03.06.2016 05:00;20,9
03.06.2016 05:00;03.06.2016 06:00;22,5
03.06.2016 06:00;03.06.2016 07:00;27,46
03.06.2016 07:00;03.06.2016 08:00;35,45
03.06.2016 08:00;03.06.2016 09:00;40,08
03.06.2016 09:00;03.06.2016 10:00;39,93
03.06.2016 10:00;03.06.2016 11:00;36,44
03.06.2016 11:00;03.06.2016 12:00;35,64
03.06.2016 12:00;03.06.2016 13:00;30,92
03.06.2016 13:00;03.06.2016 14:00;27,77
03.06.2016 14:00;03.06.2016 15:00;25,28
03.06.2016 15:00;03.06.2016 16:00;25,26
03.06.2016 16:00;03.06.2016 17:00;25,49
03.06.2016 17:00;03.06.2016 18:00;28,0
03.06.2016 18:00;03.06.2016 19:00;31,82
03.06.2016 19:00;03.06.2016 20:00;33,61
03.06.2016 20:00;03.06.2016 21:00;31,98
03.06.2016 21:00;03.06.2016 22:00;30,66
03.06.2016 22:00;03.06.2016 23:00;32,16
03.06.2016 23:00;04.06.2016 00:00;28,94
04.06.2016 00:00;04.06.2016 01:00;23,72
04.06.2016 01:00;04.06.2016 02:00;23,21
04.06.2016 02:00;04.06.2016 03:00;21,63
04.06.2016 03:00;04.06.2016 04:00;21,29
04.06.2016 04:00;04.06.2016 05:00;21,26
04.06.2016 05:00;04.06.2016 06:00;21,3
04.06.2016 06:00;04.06.2016 07:00;21,53
04.06.2016 07:00;04.06.2016 08:00;23,5
04.06.2016 08:00;04.06.2016 09:00;27,49
04.06.2016 09:00;04.06.2016 10:00;28,98
04.06.2016 10:00;04.06.2016 11:00;26,56
04.06.2016 11:00;04.06.2016 12:00;26,91
04.06.2016 12:00;04.06.2016 13:00;25,73
04.06.2016 13:00;04.06.2016 14:00;22,78
04.06.2016 14:00;04.06.2016 15:00;21,58
04.06.2016 15:00;04.06.2016 16:00;21,41
04.06.2016 16:00;04.06.2016 17:00;21,53
04.06.2016 17:00;04.06.2016 18:00;25,29
04.06.2016 18:00;04.06.2016 19:00;28,19
04.06.2016 19:00;04.06.2016 20:00;30,07
04.06.2016 20:00;04.06.2016 21:00;29,87
04.06.2016 21:00;04.06.2016 22:00;29,88
04.06.2016 22:00;04.06.2016 23:00;30,99
04.06.2016 23:00;05.06.2016 00:00;28,88
05.06.2016 00:00;05.06.2016 01:00;24,43
05.06.2016 01:00;05.06.2016 02:00;22,0
05.06.2016 02:00;05.06.2016 03:00;20,08
05.06.2016 03:00;05.06.2016 04:00;19,08
05.06.2016 04:00;05.06.2016 05:00;18,03
05.06.2016 05:00;05.06.2016 06:00;16,61
05.06.2016 06:00;05.06.2016 07:00;16,09
05.06.2016 07:00;05.06.2016 08:00;17,78
05.06.2016 08:00;05.06.2016 09:00;17,89
05.06.2016 09:00;05.06.2016 10:00;17,08
05.06.2016 10:00;05.06.2016 11:00;17,84
05.06.2016 11:00;05.06.2016 12:00;18,48
05.06.2016 12:00;05.06.2016 13:00;17,94
05.06.2016 13:00;05.06.2016 14:00;15,15
05.06.2016 14:00;05.06.2016 15:00;14,47
05.06.2016 15:00;05.06.2016 16:00;14,03
05.06.2016 16:00;05.06.2016 17:00;14,54
05.06.2016 17:00;05.06.2016 18:00;18,62
05.06.2016 18:00;05.06.2016 19:00;23,91
05.06.2016 19:00;05.06.2016 20:00;26,92
05.06.2016 20:00;05.06.2016 21:00;28,85
05.06.2016 21:00;05.06.2016 22:00;29,14
05.06.2016 22:00;05.06.2016 23:00;30,74
05.06.2016 23:00;06.06.2016 00:00;27,93
06.06.2016 00:00;06.06.2016 01:00;24,59
06.06.2016 01:00;06.06.2016 02:00;22,76
06.06.2016 02:00;06.06.2016 03:00;21,87
06.06.2016 03:00;06.06.2016 04:00;21,19
06.06.2016 04:00;06.06.2016 05:00;21,15
06.06.2016 05:00;06.06.2016 06:00;22,71
06.06.2016 06:00;06.06.2016 07:00;29,98
06.06.2016 07:00;06.06.2016 08:00;36,16
06.06.2016 08:00;06.06.2016 09:00;37,82
06.06.2016 09:00;06.06.2016 10:00;34,94
06.06.2016 10:00;06.06.2016 11:00;32,57
06.06.2016 11:00;06.06.2016 12:00;31,93
06.06.2016 12:00;06.06.2016 13:00;28,63
06.06.2016 13:00;06.06.2016 14:00;28,08
06.06.2016 14:00;06.06.2016 15:00;28,78
06.06.2016 15:00;06.06.2016 16:00;29,63
06.06.2016 16:00;06.06.2016 17:00;30,99
06.06.2016 17:00;06.06.2016 18:00;34,68
06.06.2016 18:00;06.06.2016 19:00;38,76
06.06.2016 19:00;06.06.2016 20:00;41,06
06.06.2016 20:00;06.06.2016 21:00;37,31
06.06.2016 21:00;06.06.2016 22:00;34,2
06.06.2016 22:00;06.06.2016 23:00;33,81
06.06.2016 23:00;07.06.2016 00:00;28,79
07.06.2016 00:00;07.06.2016 01:00;24,85
07.06.2016 01:00;07.06.2016 02:00;23,34
07.06.2016 02:00;07.06.2016 03:00;22,59
07.06.2016 03:00;07.06.2016 04:00;21,58
07.06.2016 04:00;07.06.2016 05:00;21,67
07.06.2016 05:00;07.06.2016 06:00;22,09
07.06.2016 06:00;07.06.2016 07:00;29,68
07.06.2016 07:00;07.06.2016 08:00;35,82
07.06.2016 08:00;07.06.2016 09:00;39,48
07.06.2016 09:00;07.06.2016 10:00;34,49
07.06.2016 10:00;07.06.2016 11:00;29,15
07.06.2016 11:00;07.06.2016 12:00;28,8
07.06.2016 12:00;07.06.2016 13:00;25,94
07.06.2016 13:00;07.06.2016 14:00;25,59
07.06.2016 14:00;07.06.2016 15:00;25,18
07.06.2016 15:00;07.06.2016 16:00;26,41
07.06.2016 16:00;07.06.2016 17:00;27,53
07.06.2016 17:00;07.06.2016 18:00;32,13
07.06.2016 18:00;07.06.2016 19:00;36,02
07.06.2016 19:00;07.06.2016 20:00;38,48
07.06.2016 20:00;07.06.2016 21:00;34,9
07.06.2016 21:00;07.06.2016 22:00;32,97
07.06.2016 22:00;07.06.2016 23:00;32,59
07.06.2016 23:00;08.06.2016 00:00;27,54
08.06.2016 00:00;08.06.2016 01:00;25,98
08.06.2016 01:00;08.06.2016 02:00;23,89
08.06.2016 02:00;08.06.2016 03:00;22,83
08.06.2016 03:00;08.06.2016 04:00;21,68
08.06.2016 04:00;08.06.2016 05:00;21,54
08.06.2016 05:00;08.06.2016 06:00;23,38
08.06.2016 06:00;08.06.2016 07:00;28,21
08.06.2016 07:00;08.06.2016 08:00;35,07
08.06.2016 08:00;08.06.2016 09:00;41,31
08.06.2016 09:00;08.06.2016 10:00;37,33
08.06.2016 10:00;08.06.2016 11:00;34,25
08.06.2016 11:00;08.06.2016 12:00;32,99
08.06.2016 12:00;08.06.2016 13:00;28,52
08.06.2016 13:00;08.06.2016 14:00;27,6
08.06.2016 14:00;08.06.2016 15:00;27,18
08.06.2016 15:00;08.06.2016 16:00;26,37
08.06.2016 16:00;08.06.2016 17:00;26,0
08.06.2016 17:00;08.06.2016 18:00;28,24
08.06.2016 18:00;08.06.2016 19:00;30,68
08.06.2016 19:00;08.06.2016 20:00;32,9
08.06.2016 20:00;08.06.2016 21:00;32,12
08.06.2016 21:00;08.06.2016 22:00;32,55
08.06.2016 22:00;08.06.2016 23:00;30,9
08.06.2016 23:00;09.06.2016 00:00;26,5
09.06.2016 00:00;09.06.2016 01:00;23,67
09.06.2016 01:00;09.06.2016 02:00;21,87
09.06.2016 02:00;09.06.2016 03:00;20,81
09.06.2016 03:00;09.06.2016 04:00;20,58
09.06.2016 04:00;09.06.2016 05:00;21,11
09.06.2016 05:00;09.06.2016 06:00;23,06
09.06.2016 06:00;09.06.2016 07:00;28,03
09.06.2016 07:00;09.06.2016 08:00;33,97
09.06.2016 08:00;09.06.2016 09:00;43,08
09.06.2016 09:00;09.06.2016 10:00;44,0
09.06.2016 10:00;09.06.2016 11:00;42,89
09.06.2016 11:00;09.06.2016 12:00;41,4
09.06.2016 12:00;09.06.2016 13:00;34,99
09.06.2016 13:00;09.06.2016 14:00;33,93
09.06.2016 14:00;09.06.2016 15:00;30,2
09.06.2016 15:00;09.06.2016 16:00;27,34
09.06.2016 16:00;09.06.2016 17:00;27,01
09.06.2016 17:00;09.06.2016 18:00;28,84
09.06.2016 18:00;09.06.2016 19:00;32,95
09.06.2016 19:00;09.06.2016 20:00;34,94
09.06.2016 20:00;09.06.2016 21:00;33,7
09.06.2016 21:00;09.06.2016 22:00;31,51
09.06.2016 22:00;09.06.2016 23:00;30,49
09.06.2016 23:00;10.06.2016 00:00;25,89
10.06.2016 00:00;10.06.2016 01:00;23,55
10.06.2016 01:00;10.06.2016 02:00;21,57
10.06.2016 02:00;10.06.2016 03:00;21,03
10.06.2016 03:00;10.06.2016 04:00;19,91
10.06.2016 04:00;10.06.2016 05:00;19,16
10.06.2016 05:00;10.06.2016 06:00;20,97
10.06.2016 06:00;10.06.2016 07:00;27,25
10.06.2016 07:00;10.06.2016 08:00;33,94
10.06.2016 08:00;10.06.2016 09:00;35,95
10.06.2016 09:00;10.06.2016 10:00;30,97
10.06.2016 10:00;10.06.2016 11:00;24,68
10.06.2016 11:00;10.06.2016 12:00;24,47
10.06.2016 12:00;10.06.2016 13:00;22,52
10.06.2016 13:00;10.06.2016 14:00;21,37
10.06.2016 14:00;10.06.2016 15:00;21,06
10.06.2016 15:00;10.06.2016 16:00;21,8
10.06.2016 16:00;10.06.2016 17:00;23,09
10.06.2016 17:00;10.06.2016 18:00;26,29
10.06.2016 18:00;10.06.2016 19:00;30,01
10.06.2016 19:00;10.06.2016 20:00;32,85
10.06.2016 20:00;10.06.2016 21:00;32,06
10.06.2016 21:00;10.06.2016 22:00;31,67
10.06.2016 22:00;10.06.2016 23:00;32,86
10.06.2016 23:00;11.06.2016 00:00;29,45
11.06.2016 00:00;11.06.2016 01:00;26,14
11.06.2016 01:00;11.06.2016 02:00;24,2
11.06.2016 02:00;11.06.2016 03:00;23,01
11.06.2016 03:00;11.06.2016 04:00;21,57
11.06.2016 04:00;11.06.2016 05:00;21,71
11.06.2016 05:00;11.06.2016 06:00;21,25
11.06.2016 06:00;11.06.2016 07:00;21,82
11.06.2016 07:00;11.06.2016 08:00;22,85
11.06.2016 08:00;11.06.2016 09:00;26,06
11.06.2016 09:00;11.06.2016 10:00;29,47
11.06.2016 10:00;11.06.2016 11:00;29,46
11.06.2016 11:00;11.06.2016 12:00;30,03
11.06.2016 12:00;11.06.2016 13:00;28,49
11.06.2016 13:00;11.06.2016 14:00;25,69
11.06.2016 14:00;11.06.2016 15:00;23,85
11.06.2016 15:00;11.06.2016 16:00;23,8
11.06.2016 16:00;11.06.2016 17:00;24,06
11.06.2016 17:00;11.06.2016 18:00;27,92
11.06.2016 18:00;11.06.2016 19:00;30,23
11.06.2016 19:00;11.06.2016 20:00;31,47
11.06.2016 20:00;11.06.2016 21:00;31,85
11.06.2016 21:00;11.06.2016 22:00;29,47
11.06.2016 22:00;11.06.2016 23:00;30,94
11.06.2016 23:00;12.06.2016 00:00;27,73
12.06.2016 00:00;12.06.2016 01:00;22,74
12.06.2016 01:00;12.06.2016 02:00;18,6
12.06.2016 02:00;12.06.2016 03:00;18,58
12.06.2016 03:00;12.06.2016 04:00;18,58
12.06.2016 04:00;12.06.2016 05:00;18,54
12.06.2016 05:00;12.06.2016 06:00;17,5
12.06.2016 06:00;12.06.2016 07:00;17,58
12.06.2016 07:00;12.06.2016 08:00;19,16
12.06.2016 08:00;12.06.2016 09:00;21,57
12.06.2016 09:00;12.06.2016 10:00;22,91
12.06.2016 10:00;12.06.2016 11:00;21,19
12.06.2016 11:00;12.06.2016 12:00;25,3
12.06.2016 12:00;12.06.2016 13:00;22,94
12.06.2016 13:00;12.06.2016 14:00;19,16
12.06.2016 14:00;12.06.2016 15:00;18,53
12.06.2016 15:00;12.06.2016 16:00;19,07
12.06.2016 16:00;12.06.2016 17:00;21,06
12.06.2016 17:00;12.06.2016 18:00;23,93
12.06.2016 18:00;12.06.2016 19:00;27,52
12.06.2016 19:00;12.06.2016 20:00;29,78
12.06.2016 20:00;12.06.2016 21:00;31,33
12.06.2016 21:00;12.06.2016 22:00;29,4
12.06.2016 22:00;12.06.2016 23:00;29,81
12.06.2016 23:00;13.06.2016 00:00;23,24
13.06.2016 00:00;13.06.2016 01:00;21,34
13.06.2016 01:00;13.06.2016 02:00;19,46
13.06.2016 02:00;13.06.2016 03:00;17,63
13.06.2016 03:00;13.06.2016 04:00;18,37
13.06.2016 04:00;13.06.2016 05:00;18,57
13.06.2016 05:00;13.06.2016 06:00;21,03
13.06.2016 06:00;13.06.2016 07:00;27,31
13.06.2016 07:00;13.06.2016 08:00;33,49
13.06.2016 08:00;13.06.2016 09:00;37,13
13.06.2016 09:00;13.06.2016 10:00;39,91
13.06.2016 10:00;13.06.2016 11:00;38,17
13.06.2016 11:00;13.06.2016 12:00;39,09
13.06.2016 12:00;13.06.2016 13:00;34,23
13.06.2016 13:00;13.06.2016 14:00;32,32
13.06.2016 14:00;13.06.2016 15:00;31,68
13.06.2016 15:00;13.06.2016 16:00;30,89
13.06.2016 16:00;13.06.2016 17:00;29,38
13.06.2016 17:00;13.06.2016 18:00;30,45
13.06.2016 18:00;13.06.2016 19:00;31,75
13.06.2016 19:00;13.06.2016 20:00;32,97
13.06.2016 20:00;13.06.2016 21:00;32,58
13.06.2016 21:00;13.06.2016 22:00;29,98
13.06.2016 22:00;13.06.2016 23:00;29,31
13.06.2016 23:00;14.06.2016 00:00;26,14
14.06.2016 00:00;14.06.2016 01:00;24,82
14.06.2016 01:00;14.06.2016 02:00;22,76
14.06.2016 02:00;14.06.2016 03:00;21,88
14.06.2016 03:00;14.06.2016 04:00;21,64
14.06.2016 04:00;14.06.2016 05:00;22,04
14.06.2016 05:00;14.06.2016 06:00;23,0
14.06.2016 06:00;14.06.2016 07:00;27,4
14.06.2016 07:00;14.06.2016 08:00;35,29
14.06.2016 08:00;14.06.2016 09:00;38,39
14.06.2016 09:00;14.06.2016 10:00;38,44
14.06.2016 10:00;14.06.2016 11:00;37,25
14.06.2016 11:00;14.06.2016 12:00;35,83
14.06.2016 12:00;14.06.2016 13:00;32,0
14.06.2016 13:00;14.06.2016 14:00;29,37
14.06.2016 14:00;14.06.2016 15:00;27,55
14.06.2016 15:00;14.06.2016 16:00;27,38
14.06.2016 16:00;14.06.2016 17:00;28,64
14.06.2016 17:00;14.06.2016 18:00;32,51
14.06.2016 18:00;14.06.2016 19:00;35,08
14.06.2016 19:00;14.06.2016 20:00;37,5
14.06.2016 20:00;14.06.2016 21:00;36,0
14.06.2016 21:00;14.06.2016 22:00;32,01
14.06.2016 22:00;14.06.2016 23:00;30,1
14.06.2016 23:00;15.06.2016 00:00;26,59
15.06.2016 00:00;15.06.2016 01:00;26,19
15.06.2016 01:00;15.06.2016 02:00;25,34
15.06.2016 02:00;15.06.2016 03:00;24,32
15.06.2016 03:00;15.06.2016 04:00;23,73
15.06.2016 04:00;15.06.2016 05:00;23,52
15.06.2016 05:00;15.06.2016 06:00;25,31
15.06.2016 06:00;15.06.2016 07:00;28,37
15.06.2016 07:00;15.06.2016 08:00;35,91
15.06.2016 08:00;15.06.2016 09:00;38,79
15.06.2016 09:00;15.06.2016 10:00;36,2
15.06.2016 10:00;15.06.2016 11:00;35,91
15.06.2016 11:00;15.06.2016 12:00;35,51
15.06.2016 12:00;15.06.2016 13:00;30,21
15.06.2016 13:00;15.06.2016 14:00;28,29
15.06.2016 14:00;15.06.2016 15:00;27,99
15.06.2016 15:00;15.06.2016 16:00;27,73
15.06.2016 16:00;15.06.2016 17:00;29,12
15.06.2016 17:00;15.06.2016 18:00;31,0
15.06.2016 18:00;15.06.2016 19:00;34,53
15.06.2016 19:00;15.06.2016 20:00;36,91
15.06.2016 20:00;15.06.2016 21:00;35,49
15.06.2016 21:00;15.06.2016 22:00;33,25
15.06.2016 22:00;15.06.2016 23:00;33,02
15.06.2016 23:00;16.06.2016 00:00;27,33
16.06.2016 00:00;16.06.2016 01:00;26,46
16.06.2016 01:00;16.06.2016 02:00;25,64
16.06.2016 02:00;16.06.2016 03:00;24,6
16.06.2016 03:00;16.06.2016 04:00;23,61
16.06.2016 04:00;16.06.2016 05:00;23,99
16.06.2016 05:00;16.06.2016 06:00;24,95
16.06.2016 06:00;16.06.2016 07:00;29,84
16.06.2016 07:00;16.06.2016 08:00;37,82
16.06.2016 08:00;16.06.2016 09:00;39,74
16.06.2016 09:00;16.06.2016 10:00;35,43
16.06.2016 10:00;16.06.2016 11:00;34,88
16.06.2016 11:00;16.06.2016 12:00;33,76
16.06.2016 12:00;16.06.2016 13:00;29,71
16.06.2016 13:00;16.06.2016 14:00;26,98
16.06.2016 14:00;16.06.2016 15:00;27,44
16.06.2016 15:00;16.06.2016 16:00;28,47
16.06.2016 16:00;16.06.2016 17:00;31,75
16.06.2016 17:00;16.06.2016 18:00;33,03
16.06.2016 18:00;16.06.2016 19:00;34,71
16.06.2016 19:00;16.06.2016 20:00;35,2
16.06.2016 20:00;16.06.2016 21:00;35,28
16.06.2016 21:00;16.06.2016 22:00;33,02
16.06.2016 22:00;16.06.2016 23:00;31,05
16.06.2016 23:00;17.06.2016 00:00;26,62
17.06.2016 00:00;17.06.2016 01:00;25,9
17.06.2016 01:00;17.06.2016 02:00;23,73
17.06.2016 02:00;17.06.2016 03:00;22,16
17.06.2016 03:00;17.06.2016 04:00;21,37
17.06.2016 04:00;17.06.2016 05:00;21,72
17.06.2016 05:00;17.06.2016 06:00;22,45
17.06.2016 06:00;17.06.2016 07:00;27,85
17.06.2016 07:00;17.06.2016 08:00;35,3
17.06.2016 08:00;17.06.2016 09:00;39,7
17.06.2016 09:00;17.06.2016 10:00;37,5
17.06.2016 10:00;17.06.2016 11:00;34,94
17.06.2016 11:00;17.06.2016 12:00;33,25
17.06.2016 12:00;17.06.2016 13:00;28,81
17.06.2016 13:00;17.06.2016 14:00;24,97
17.06.2016 14:00;17.06.2016 15:00;23,92
17.06.2016 15:00;17.06.2016 16:00;23,01
17.06.2016 16:00;17.06.2016 17:00;23,06
17.06.2016 17:00;17.06.2016 18:00;26,55
17.06.2016 18:00;17.06.2016 19:00;30,72
17.06.2016 19:00;17.06.2016 20:00;32,15
17.06.2016 20:00;17.06.2016 21:00;30,59
17.06.2016 21:00;17.06.2016 22:00;28,16
17.06.2016 22:00;17.06.2016 23:00;29,08
17.06.2016 23:00;18.06.2016 00:00;26,07
18.06.2016 00:00;18.06.2016 01:00;23,06
18.06.2016 01:00;18.06.2016 02:00;22,45
18.06.2016 02:00;18.06.2016 03:00;21,02
18.06.2016 03:00;18.06.2016 04:00;20,09
18.06.2016 04:00;18.06.2016 05:00;20,06
18.06.2016 05:00;18.06.2016 06:00;18,75
18.06.2016 06:00;18.06.2016 07:00;20,73
18.06.2016 07:00;18.06.2016 08:00;22,75
18.06.2016 08:00;18.06.2016 09:00;24,47
18.06.2016 09:00;18.06.2016 10:00;23,0
18.06.2016 10:00;18.06.2016 11:00;21,64
18.06.2016 11:00;18.06.2016 12:00;21,08
18.06.2016 12:00;18.06.2016 13:00;16,04
18.06.2016 13:00;18.06.2016 14:00;12,85
18.06.2016 14:00;18.06.2016 15:00;15,93
18.06.2016 15:00;18.06.2016 16:00;18,67
18.06.2016 16:00;18.06.2016 17:00;21,49
18.06.2016 17:00;18.06.2016 18:00;23,38
18.06.2016 18:00;18.06.2016 19:00;26,53
18.06.2016 19:00;18.06.2016 20:00;27,28
18.06.2016 20:00;18.06.2016 21:00;26,83
18.06.2016 21:00;18.06.2016 22:00;26,97
18.06.2016 22:00;18.06.2016 23:00;28,0
18.06.2016 23:00;19.06.2016 00:00;24,48
19.06.2016 00:00;19.06.2016 01:00;20,64
19.06.2016 01:00;19.06.2016 02:00;15,16
19.06.2016 02:00;19.06.2016 03:00;13,04
19.06.2016 03:00;19.06.2016 04:00;10,88
19.06.2016 04:00;19.06.2016 05:00;15,04
19.06.2016 05:00;19.06.2016 06:00;13,1
19.06.2016 06:00;19.06.2016 07:00;10,16
19.06.2016 07:00;19.06.2016 08:00;10,13
19.06.2016 08:00;19.06.2016 09:00;14,29
19.06.2016 09:00;19.06.2016 10:00;16,98
19.06.2016 10:00;19.06.2016 11:00;17,55
19.06.2016 11:00;19.06.2016 12:00;19,08
19.06.2016 12:00;19.06.2016 13:00;17,12
19.06.2016 13:00;19.06.2016 14:00;11,63
19.06.2016 14:00;19.06.2016 15:00;9,04
19.06.2016 15:00;19.06.2016 16:00;8,9
19.06.2016 16:00;19.06.2016 17:00;11,79
19.06.2016 17:00;19.06.2016 18:00;19,04
19.06.2016 18:00;19.06.2016 19:00;22,97
19.06.2016 19:00;19.06.2016 20:00;26,95
19.06.2016 20:00;19.06.2016 21:00;27,8
19.06.2016 21:00;19.06.2016 22:00;29,88
19.06.2016 22:00;19.06.2016 23:00;29,26
19.06.2016 23:00;20.06.2016 00:00;27,14
20.06.2016 00:00;20.06.2016 01:00;24,92
20.06.2016 01:00;20.06.2016 02:00;21,6
20.06.2016 02:00;20.06.2016 03:00;20,4
20.06.2016 03:00;20.06.2016 04:00;17,45
20.06.2016 04:00;20.06.2016 05:00;17,05
20.06.2016 05:00;20.06.2016 06:00;19,99
20.06.2016 06:00;20.06.2016 07:00;28,97
20.06.2016 07:00;20.06.2016 08:00;34,42
20.06.2016 08:00;20.06.2016 09:00;34,94
20.06.2016 09:00;20.06.2016 10:00;29,44
20.06.2016 10:00;20.06.2016 11:00;26,84
20.06.2016 11:00;20.06.2016 12:00;26,95
20.06.2016 12:00;20.06.2016 13:00;25,51
20.06.2016 13:00;20.06.2016 14:00;25,24
20.06.2016 14:00;20.06.2016 15:00;25,44
20.06.2016 15:00;20.06.2016 16:00;25,49
20.06.2016 16:00;20.06.2016 17:00;25,19
20.06.2016 17:00;20.06.2016 18:00;27,74
20.06.2016 18:00;20.06.2016 19:00;32,97
20.06.2016 19:00;20.06.2016 20:00;34,96
20.06.2016 20:00;20.06.2016 21:00;33,57
20.06.2016 21:00;20.06.2016 22:00;31,76
20.06.2016 22:00;20.06.2016 23:00;30,74
20.06.2016 23:00;21.06.2016 00:00;25,38
21.06.2016 00:00;21.06.2016 01:00;24,23
21.06.2016 01:00;21.06.2016 02:00;23,37
21.06.2016 02:00;21.06.2016 03:00;22,34
21.06.2016 03:00;21.06.2016 04:00;21,23
21.06.2016 04:00;21.06.2016 05:00;21,89
21.06.2016 05:00;21.06.2016 06:00;23,93
21.06.2016 06:00;21.06.2016 07:00;29,54
21.06.2016 07:00;21.06.2016 08:00;38,73
21.06.2016 08:00;21.06.2016 09:00;40,78
21.06.2016 09:00;21.06.2016 10:00;42,59
21.06.2016 10:00;21.06.2016 11:00;41,79
21.06.2016 11:00;21.06.2016 12:00;43,73
21.06.2016 12:00;21.06.2016 13:00;39,59
21.06.2016 13:00;21.06.2016 14:00;37,64
21.06.2016 14:00;21.06.2016 15:00;35,84
21.06.2016 15:00;21.06.2016 16:00;34,16
21.06.2016 16:00;21.06.2016 17:00;32,45
21.06.2016 17:00;21.06.2016 18:00;33,05
21.06.2016 18:00;21.06.2016 19:00;34,94
21.06.2016 19:00;21.06.2016 20:00;35,91
21.06.2016 20:00;21.06.2016 21:00;37,44
21.06.2016 21:00;21.06.2016 22:00;34,98
21.06.2016 22:00;21.06.2016 23:00;33,93
21.06.2016 23:00;22.06.2016 00:00;30,0
22.06.2016 00:00;22.06.2016 01:00;28,06
22.06.2016 01:00;22.06.2016 02:00;24,95
22.06.2016 02:00;22.06.2016 03:00;23,95
22.06.2016 03:00;22.06.2016 04:00;23,14
22.06.2016 04:00;22.06.2016 05:00;22,97
22.06.2016 05:00;22.06.2016 06:00;24,06
22.06.2016 06:00;22.06.2016 07:00;29,98
22.06.2016 07:00;22.06.2016 08:00;40,0
22.06.2016 08:00;22.06.2016 09:00;42,0
22.06.2016 09:00;22.06.2016 10:00;40,0
22.06.2016 10:00;22.06.2016 11:00;37,27
22.06.2016 11:00;22.06.2016 12:00;36,62
22.06.2016 12:00;22.06.2016 13:00;33,6
22.06.2016 13:00;22.06.2016 14:00;30,29
22.06.2016 14:00;22.06.2016 15:00;28,94
22.06.2016 15:00;22.06.2016 16:00;28,93
22.06.2016 16:00;22.06.2016 17:00;30,31
22.06.2016 17:00;22.06.2016 18:00;33,7
22.06.2016 18:00;22.06.2016 19:00;38,12
22.06.2016 19:00;22.06.2016 20:00;39,8
22.06.2016 20:00;22.06.2016 21:00;38,3
22.06.2016 21:00;22.06.2016 22:00;37,39
22.06.2016 22:00;22.06.2016 23:00;35,98
22.06.2016 23:00;23.06.2016 00:00;30,35
23.06.2016 00:00;23.06.2016 01:00;28,09
23.06.2016 01:00;23.06.2016 02:00;25,64
23.06.2016 02:00;23.06.2016 03:00;24,38
23.06.2016 03:00;23.06.2016 04:00;23,3
23.06.2016 04:00;23.06.2016 05:00;23,24
23.06.2016 05:00;23.06.2016 06:00;24,14
23.06.2016 06:00;23.06.2016 07:00;28,16
23.06.2016 07:00;23.06.2016 08:00;35,91
23.06.2016 08:00;23.06.2016 09:00;35,91
23.06.2016 09:00;23.06.2016 10:00;34,97
23.06.2016 10:00;23.06.2016 11:00;29,78
23.06.2016 11:00;23.06.2016 12:00;27,95
23.06.2016 12:00;23.06.2016 13:00;25,62
23.06.2016 13:00;23.06.2016 14:00;25,08
23.06.2016 14:00;23.06.2016 15:00;25,37
23.06.2016 15:00;23.06.2016 16:00;25,71
23.06.2016 16:00;23.06.2016 17:00;27,31
23.06.2016 17:00;23.06.2016 18:00;30,83
23.06.2016 18:00;23.06.2016 19:00;35,92
23.06.2016 19:00;23.06.2016 20:00;40,06
23.06.2016 20:00;23.06.2016 21:00;38,04
23.06.2016 21:00;23.06.2016 22:00;32,72
23.06.2016 22:00;23.06.2016 23:00;30,77
23.06.2016 23:00;24.06.2016 00:00;26,99
24.06.2016 00:00;24.06.2016 01:00;26,03
24.06.2016 01:00;24.06.2016 02:00;24,56
24.06.2016 02:00;24.06.2016 03:00;24,08
24.06.2016 03:00;24.06.2016 04:00;23,36
24.06.2016 04:00;24.06.2016 05:00;23,91
24.06.2016 05:00;24.06.2016 06:00;26,43
24.06.2016 06:00;24.06.2016 07:00;31,86
24.06.2016 07:00;24.06.2016 08:00;37,03
24.06.2016 08:00;24.06.2016 09:00;38,84
24.06.2016 09:00;24.06.2016 10:00;34,46
24.06.2016 10:00;24.06.2016 11:00;31,96
24.06.2016 11:00;24.06.2016 12:00;30,01
24.06.2016 12:00;24.06.2016 13:00;29,93
24.06.2016 13:00;24.06.2016 14:00;28,27
24.06.2016 14:00;24.06.2016 15:00;28,66
24.06.2016 15:00;24.06.2016 16:00;28,38
24.06.2016 16:00;24.06.2016 17:00;29,63
24.06.2016 17:00;24.06.2016 18:00;31,65
24.06.2016 18:00;24.06.2016 19:00;34,98
24.06.2016 19:00;24.06.2016 20:00;35,53
24.06.2016 20:00;24.06.2016 21:00;34,95
24.06.2016 21:00;24.06.2016 22:00;33,28
24.06.2016 22:00;24.06.2016 23:00;34,12
24.06.2016 23:00;25.06.2016 00:00;32,04
25.06.2016 00:00;25.06.2016 01:00;30,14
25.06.2016 01:00;25.06.2016 02:00;28,97
25.06.2016 02:00;25.06.2016 03:00;26,64
25.06.2016 03:00;25.06.2016 04:00;24,28
25.06.2016 04:00;25.06.2016 05:00;23,35
25.06.2016 05:00;25.06.2016 06:00;23,0
25.06.2016 06:00;25.06.2016 07:00;24,0
25.06.2016 07:00;25.06.2016 08:00;26,93
25.06.2016 08:00;25.06.2016 09:00;30,25
25.06.2016 09:00;25.06.2016 10:00;32,96
25.06.2016 10:00;25.06.2016 11:00;33,86
25.06.2016 11:00;25.06.2016 12:00;32,95
25.06.2016 12:00;25.06.2016 13:00;30,06
25.06.2016 13:00;25.06.2016 14:00;27,81
25.06.2016 14:00;25.06.2016 15:00;25,08
25.06.2016 15:00;25.06.2016 16:00;24,43
25.06.2016 16:00;25.06.2016 17:00;24,43
25.06.2016 17:00;25.06.2016 18:00;27,31
25.06.2016 18:00;25.06.2016 19:00;29,42
25.06.2016 19:00;25.06.2016 20:00;30,53
25.06.2016 20:00;25.06.2016 21:00;29,8
25.06.2016 21:00;25.06.2016 22:00;28,81
25.06.2016 22:00;25.06.2016 23:00;29,61
25.06.2016 23:00;26.06.2016 00:00;27,02
26.06.2016 00:00;26.06.2016 01:00;17,29
26.06.2016 01:00;26.06.2016 02:00;12,78
26.06.2016 02:00;26.06.2016 03:00;14,25
26.06.2016 03:00;26.06.2016 04:00;13,35
26.06.2016 04:00;26.06.2016 05:00;13,08
26.06.2016 05:00;26.06.2016 06:00;12,43
26.06.2016 06:00;26.06.2016 07:00;11,53
26.06.2016 07:00;26.06.2016 08:00;12,63
26.06.2016 08:00;26.06.2016 09:00;13,46
26.06.2016 09:00;26.06.2016 10:00;13,51
26.06.2016 10:00;26.06.2016 11:00;9,79
26.06.2016 11:00;26.06.2016 12:00;12,86
26.06.2016 12:00;26.06.2016 13:00;12,08
26.06.2016 13:00;26.06.2016 14:00;9,29
26.06.2016 14:00;26.06.2016 15:00;8,05
26.06.2016 15:00;26.06.2016 16:00;9,19
26.06.2016 16:00;26.06.2016 17:00;11,67
26.06.2016 17:00;26.06.2016 18:00;15,79
26.06.2016 18:00;26.06.2016 19:00;23,76
26.06.2016 19:00;26.06.2016 20:00;26,79
26.06.2016 20:00;26.06.2016 21:00;29,97
26.06.2016 21:00;26.06.2016 22:00;28,46
26.06.2016 22:00;26.06.2016 23:00;31,91
26.06.2016 23:00;27.06.2016 00:00;28,12
27.06.2016 00:00;27.06.2016 01:00;24,1
27.06.2016 01:00;27.06.2016 02:00;20,99
27.06.2016 02:00;27.06.2016 03:00;19,04
27.06.2016 03:00;27.06.2016 04:00;16,29
27.06.2016 04:00;27.06.2016 05:00;16,12
27.06.2016 05:00;27.06.2016 06:00;19,02
27.06.2016 06:00;27.06.2016 07:00;27,75
27.06.2016 07:00;27.06.2016 08:00;33,07
27.06.2016 08:00;27.06.2016 09:00;34,26
27.06.2016 09:00;27.06.2016 10:00;31,02
27.06.2016 10:00;27.06.2016 11:00;26,57
27.06.2016 11:00;27.06.2016 12:00;26,29
27.06.2016 12:00;27.06.2016 13:00;24,82
27.06.2016 13:00;27.06.2016 14:00;25,38
27.06.2016 14:00;27.06.2016 15:00;24,87
27.06.2016 15:00;27.06.2016 16:00;25,95
27.06.2016 16:00;27.06.2016 17:00;25,92
27.06.2016 17:00;27.06.2016 18:00;28,08
27.06.2016 18:00;27.06.2016 19:00;34,98
27.06.2016 19:00;27.06.2016 20:00;39,05
27.06.2016 20:00;27.06.2016 21:00;38,31
27.06.2016 21:00;27.06.2016 22:00;36,52
27.06.2016 22:00;27.06.2016 23:00;36,4
27.06.2016 23:00;28.06.2016 00:00;31,69
28.06.2016 00:00;28.06.2016 01:00;26,84
28.06.2016 01:00;28.06.2016 02:00;24,4
28.06.2016 02:00;28.06.2016 03:00;24,09
28.06.2016 03:00;28.06.2016 04:00;23,13
28.06.2016 04:00;28.06.2016 05:00;22,76
28.06.2016 05:00;28.06.2016 06:00;24,19
28.06.2016 06:00;28.06.2016 07:00;30,0
28.06.2016 07:00;28.06.2016 08:00;40,08
28.06.2016 08:00;28.06.2016 09:00;41,91
28.06.2016 09:00;28.06.2016 10:00;41,98
28.06.2016 10:00;28.06.2016 11:00;38,94
28.06.2016 11:00;28.06.2016 12:00;37,88
28.06.2016 12:00;28.06.2016 13:00;35,36
28.06.2016 13:00;28.06.2016 14:00;34,08
28.06.2016 14:00;28.06.2016 15:00;32,62
28.06.2016 15:00;28.06.2016 16:00;31,37
28.06.2016 16:00;28.06.2016 17:00;30,89
28.06.2016 17:00;28.06.2016 18:00;36,04
28.06.2016 18:00;28.06.2016 19:00;39,85
28.06.2016 19:00;28.06.2016 20:00;41,74
28.06.2016 20:00;28.06.2016 21:00;38,99
28.06.2016 21:00;28.06.2016 22:00;34,56
28.06.2016 22:00;28.06.2016 23:00;33,84
28.06.2016 23:00;29.06.2016 00:00;28,34
29.06.2016 00:00;29.06.2016 01:00;24,03
29.06.2016 01:00;29.06.2016 02:00;22,14
29.06.2016 02:00;29.06.2016 03:00;20,64
29.06.2016 03:00;29.06.2016 04:00;19,91
29.06.2016 04:00;29.06.2016 05:00;19,17
29.06.2016 05:00;29.06.2016 06:00;19,99
29.06.2016 06:00;29.06.2016 07:00;24,58
29.06.2016 07:00;29.06.2016 08:00;32,91
29.06.2016 08:00;29.06.2016 09:00;34,94
29.06.2016 09:00;29.06.2016 10:00;31,82
29.06.2016 10:00;29.06.2016 11:00;26,05
29.06.2016 11:00;29.06.2016 12:00;24,71
29.06.2016 12:00;29.06.2016 13:00;23,92
29.06.2016 13:00;29.06.2016 14:00;23,6
29.06.2016 14:00;29.06.2016 15:00;23,4
29.06.2016 15:00;29.06.2016 16:00;23,96
29.06.2016 16:00;29.06.2016 17:00;23,71
29.06.2016 17:00;29.06.2016 18:00;26,54
29.06.2016 18:00;29.06.2016 19:00;33,46
29.06.2016 19:00;29.06.2016 20:00;38,99
29.06.2016 20:00;29.06.2016 21:00;37,49
29.06.2016 21:00;29.06.2016 22:00;34,98
29.06.2016 22:00;29.06.2016 23:00;34,94
29.06.2016 23:00;30.06.2016 00:00;29,96
30.06.2016 00:00;30.06.2016 01:00;25,16
30.06.2016 01:00;30.06.2016 02:00;23,34
30.06.2016 02:00;30.06.2016 03:00;22,08
30.06.2016 03:00;30.06.2016 04:00;20,11
30.06.2016 04:00;30.06.2016 05:00;19,82
30.06.2016 05:00;30.06.2016 06:00;21,58
30.06.2016 06:00;30.06.2016 07:00;26,61
30.06.2016 07:00;30.06.2016 08:00;34,94
30.06.2016 08:00;30.06.2016 09:00;39,86
30.06.2016 09:00;30.06.2016 10:00;38,24
30.06.2016 10:00;30.06.2016 11:00;38,49
30.06.2016 11:00;30.06.2016 12:00;36,0
30.06.2016 12:00;30.06.2016 13:00;30,69
30.06.2016 13:00;30.06.2016 14:00;27,63
30.06.2016 14:00;30.06.2016 15:00;25,8
30.06.2016 15:00;30.06.2016 16:00;26,17
30.06.2016 16:00;30.06.2016 17:00;26,28
30.06.2016 17:00;30.06.2016 18:00;29,77
30.06.2016 18:00;30.06.2016 19:00;34,23
30.06.2016 19:00;30.06.2016 20:00;38,28
30.06.2016 20:00;30.06.2016 21:00;34,91
30.06.2016 21:00;30.06.2016 22:00;31,11
30.06.2016 22:00;30.06.2016 23:00;32,38
30.06.2016 23:00;01.07.2016 00:00;27,72
01.07.2016 00:00;01.07.2016 01:00;29,36
01.07.2016 01:00;01.07.2016 02:00;24,69
01.07.2016 02:00;01.07.2016 03:00;23,42
01.07.2016 03:00;01.07.2016 04:00;21,91
01.07.2016 04:00;01.07.2016 05:00;20,19
01.07.2016 05:00;01.07.2016 06:00;22,44
01.07.2016 06:00;01.07.2016 07:00;26,84
01.07.2016 07:00;01.07.2016 08:00;33,58
01.07.2016 08:00;01.07.2016 09:00;35,78
01.07.2016 09:00;01.07.2016 10:00;29,8
01.07.2016 10:00;01.07.2016 11:00;24,0
01.07.2016 11:00;01.07.2016 12:00;23,26
01.07.2016 12:00;01.07.2016 13:00;22,56
01.07.2016 13:00;01.07.2016 14:00;22,09
01.07.2016 14:00;01.07.2016 15:00;22,09
01.07.2016 15:00;01.07.2016 16:00;24,22
01.07.2016 16:00;01.07.2016 17:00;27,0
01.07.2016 17:00;01.07.2016 18:00;28,75
01.07.2016 18:00;01.07.2016 19:00;32,43
01.07.2016 19:00;01.07.2016 20:00;33,95
01.07.2016 20:00;01.07.2016 21:00;32,67
01.07.2016 21:00;01.07.2016 22:00;30,07
01.07.2016 22:00;01.07.2016 23:00;31,91
01.07.2016 23:00;02.07.2016 00:00;27,59
02.07.2016 00:00;02.07.2016 01:00;22,03
02.07.2016 01:00;02.07.2016 02:00;20,38
02.07.2016 02:00;02.07.2016 03:00;19,4
02.07.2016 03:00;02.07.2016 04:00;17,09
02.07.2016 04:00;02.07.2016 05:00;16,79
02.07.2016 05:00;02.07.2016 06:00;16,58
02.07.2016 06:00;02.07.2016 07:00;17,99
02.07.2016 07:00;02.07.2016 08:00;20,05
02.07.2016 08:00;02.07.2016 09:00;21,41
02.07.2016 09:00;02.07.2016 10:00;23,71
02.07.2016 10:00;02.07.2016 11:00;22,04
02.07.2016 11:00;02.07.2016 12:00;22,03
02.07.2016 12:00;02.07.2016 13:00;21,87
02.07.2016 13:00;02.07.2016 14:00;20,86
02.07.2016 14:00;02.07.2016 15:00;19,4
02.07.2016 15:00;02.07.2016 16:00;18,52
02.07.2016 16:00;02.07.2016 17:00;17,95
02.07.2016 17:00;02.07.2016 18:00;19,96
02.07.2016 18:00;02.07.2016 19:00;23,11
02.07.2016 19:00;02.07.2016 20:00;25,33
02.07.2016 20:00;02.07.2016 21:00;25,48
02.07.2016 21:00;02.07.2016 22:00;25,03
02.07.2016 22:00;02.07.2016 23:00;25,97
02.07.2016 23:00;03.07.2016 00:00;22,4
03.07.2016 00:00;03.07.2016 01:00;18,07
03.07.2016 01:00;03.07.2016 02:00;9,32
03.07.2016 02:00;03.07.2016 03:00;7,88
03.07.2016 03:00;03.07.2016 04:00;6,97
03.07.2016 04:00;03.07.2016 05:00;8,82
03.07.2016 05:00;03.07.2016 06:00;7,77
03.07.2016 06:00;03.07.2016 07:00;8,14
03.07.2016 07:00;03.07.2016 08:00;8,82
03.07.2016 08:00;03.07.2016 09:00;12,2
03.07.2016 09:00;03.07.2016 10:00;9,92
03.07.2016 10:00;03.07.2016 11:00;8,92
03.07.2016 11:00;03.07.2016 12:00;8,86
03.07.2016 12:00;03.07.2016 13:00;8,92
03.07.2016 13:00;03.07.2016 14:00;7,09
03.07.2016 14:00;03.07.2016 15:00;6,98
03.07.2016 15:00;03.07.2016 16:00;7,14
03.07.2016 16:00;03.07.2016 17:00;8,97
03.07.2016 17:00;03.07.2016 18:00;18,08
03.07.2016 18:00;03.07.2016 19:00;22,02
03.07.2016 19:00;03.07.2016 20:00;26,76
03.07.2016 20:00;03.07.2016 21:00;27,97
03.07.2016 21:00;03.07.2016 22:00;30,49
03.07.2016 22:00;03.07.2016 23:00;32,35
03.07.2016 23:00;04.07.2016 00:00;29,37
04.07.2016 00:00;04.07.2016 01:00;25,73
04.07.2016 01:00;04.07.2016 02:00;22,73
04.07.2016 02:00;04.07.2016 03:00;22,26
04.07.2016 03:00;04.07.2016 04:00;21,65
04.07.2016 04:00;04.07.2016 05:00;21,69
04.07.2016 05:00;04.07.2016 06:00;23,37
04.07.2016 06:00;04.07.2016 07:00;31,93
04.07.2016 07:00;04.07.2016 08:00;35,19
04.07.2016 08:00;04.07.2016 09:00;37,93
04.07.2016 09:00;04.07.2016 10:00;33,54
04.07.2016 10:00;04.07.2016 11:00;32,91
04.07.2016 11:00;04.07.2016 12:00;31,68
04.07.2016 12:00;04.07.2016 13:00;29,98
04.07.2016 13:00;04.07.2016 14:00;29,33
04.07.2016 14:00;04.07.2016 15:00;29,75
04.07.2016 15:00;04.07.2016 16:00;29,26
04.07.2016 16:00;04.07.2016 17:00;30,47
04.07.2016 17:00;04.07.2016 18:00;32,9
04.07.2016 18:00;04.07.2016 19:00;35,98
04.07.2016 19:00;04.07.2016 20:00;38,41
04.07.2016 20:00;04.07.2016 21:00;38,65
04.07.2016 21:00;04.07.2016 22:00;35,56
04.07.2016 22:00;04.07.2016 23:00;34,96
04.07.2016 23:00;05.07.2016 00:00;33,98
05.07.2016 00:00;05.07.2016 01:00;29,93
05.07.2016 01:00;05.07.2016 02:00;27,0
05.07.2016 02:00;05.07.2016 03:00;25,46
05.07.2016 03:00;05.07.2016 04:00;23,88
05.07.2016 04:00;05.07.2016 05:00;23,43
05.07.2016 05:00;05.07.2016 06:00;25,31
05.07.2016 06:00;05.07.2016 07:00;30,28
05.07.2016 07:00;05.07.2016 08:00;34,94
05.07.2016 08:00;05.07.2016 09:00;36,46
05.07.2016 09:00;05.07.2016 10:00;35,05
05.07.2016 10:00;05.07.2016 11:00;32,54
05.07.2016 11:00;05.07.2016 12:00;31,46
05.07.2016 12:00;05.07.2016 13:00;28,6
05.07.2016 13:00;05.07.2016 14:00;26,52
05.07.2016 14:00;05.07.2016 15:00;24,34
05.07.2016 15:00;05.07.2016 16:00;22,28
05.07.2016 16:00;05.07.2016 17:00;22,14
05.07.2016 17:00;05.07.2016 18:00;23,01
05.07.2016 18:00;05.07.2016 19:00;24,6
05.07.2016 19:00;05.07.2016 20:00;27,57
05.07.2016 20:00;05.07.2016 21:00;26,9
05.07.2016 21:00;05.07.2016 22:00;23,95
05.07.2016 22:00;05.07.2016 23:00;22,89
05.07.2016 23:00;06.07.2016 00:00;18,96
06.07.2016 00:00;06.07.2016 01:00;8,18
06.07.2016 01:00;06.07.2016 02:00;9,26
06.07.2016 02:00;06.07.2016 03:00;8,17
06.07.2016 03:00;06.07.2016 04:00;5,84
06.07.2016 04:00;06.07.2016 05:00;4,9
06.07.2016 05:00;06.07.2016 06:00;10,72
06.07.2016 06:00;06.07.2016 07:00;20,09
06.07.2016 07:00;06.07.2016 08:00;24,54
06.07.2016 08:00;06.07.2016 09:00;24,15
06.07.2016 09:00;06.07.2016 10:00;20,12
06.07.2016 10:00;06.07.2016 11:00;13,19
06.07.2016 11:00;06.07.2016 12:00;13,15
06.07.2016 12:00;06.07.2016 13:00;9,36
06.07.2016 13:00;06.07.2016 14:00;8,17
06.07.2016 14:00;06.07.2016 15:00;2,55
06.07.2016 15:00;06.07.2016 16:00;9,23
06.07.2016 16:00;06.07.2016 17:00;11,6
06.07.2016 17:00;06.07.2016 18:00;14,73
06.07.2016 18:00;06.07.2016 19:00;23,32
06.07.2016 19:00;06.07.2016 20:00;28,27
06.07.2016 20:00;06.07.2016 21:00;29,32
06.07.2016 21:00;06.07.2016 22:00;29,6
06.07.2016 22:00;06.07.2016 23:00;31,75
06.07.2016 23:00;07.07.2016 00:00;28,84
07.07.2016 00:00;07.07.2016 01:00;29,09
07.07.2016 01:00;07.07.2016 02:00;25,56
07.07.2016 02:00;07.07.2016 03:00;24,21
07.07.2016 03:00;07.07.2016 04:00;22,11
07.07.2016 04:00;07.07.2016 05:00;22,98
07.07.2016 05:00;07.07.2016 06:00;23,74
07.07.2016 06:00;07.07.2016 07:00;30,6
07.07.2016 07:00;07.07.2016 08:00;34,28
07.07.2016 08:00;07.07.2016 09:00;35,71
07.07.2016 09:00;07.07.2016 10:00;31,51
07.07.2016 10:00;07.07.2016 11:00;28,83
07.07.2016 11:00;07.07.2016 12:00;28,79
07.07.2016 12:00;07.07.2016 13:00;26,91
07.07.2016 13:00;07.07.2016 14:00;25,97
07.07.2016 14:00;07.07.2016 15:00;24,66
07.07.2016 15:00;07.07.2016 16:00;25,41
07.07.2016 16:00;07.07.2016 17:00;27,01
07.07.2016 17:00;07.07.2016 18:00;30,42
07.07.2016 18:00;07.07.2016 19:00;34,68
07.07.2016 19:00;07.07.2016 20:00;37,77
07.07.2016 20:00;07.07.2016 21:00;37,91
07.07.2016 21:00;07.07.2016 22:00;32,49
07.07.2016 22:00;07.07.2016 23:00;36,53
07.07.2016 23:00;08.07.2016 00:00;32,8
08.07.2016 00:00;08.07.2016 01:00;28,62
08.07.2016 01:00;08.07.2016 02:00;26,52
08.07.2016 02:00;08.07.2016 03:00;25,04
08.07.2016 03:00;08.07.2016 04:00;23,46
08.07.2016 04:00;08.07.2016 05:00;23,18
08.07.2016 05:00;08.07.2016 06:00;25,02
08.07.2016 06:00;08.07.2016 07:00;30,0
08.07.2016 07:00;08.07.2016 08:00;34,99
08.07.2016 08:00;08.07.2016 09:00;38,62
08.07.2016 09:00;08.07.2016 10:00;35,26
08.07.2016 10:00;08.07.2016 11:00;33,36
08.07.2016 11:00;08.07.2016 12:00;32,93
08.07.2016 12:00;08.07.2016 13:00;30,15
08.07.2016 13:00;08.07.2016 14:00;27,91
08.07.2016 14:00;08.07.2016 15:00;26,53
08.07.2016 15:00;08.07.2016 16:00;25,91
08.07.2016 16:00;08.07.2016 17:00;26,94
08.07.2016 17:00;08.07.2016 18:00;27,38
08.07.2016 18:00;08.07.2016 19:00;28,54
08.07.2016 19:00;08.07.2016 20:00;29,79
08.07.2016 20:00;08.07.2016 21:00;28,1
08.07.2016 21:00;08.07.2016 22:00;26,91
08.07.2016 22:00;08.07.2016 23:00;28,08
08.07.2016 23:00;09.07.2016 00:00;24,61
09.07.2016 00:00;09.07.2016 01:00;20,7
09.07.2016 01:00;09.07.2016 02:00;18,61
09.07.2016 02:00;09.07.2016 03:00;17,39
09.07.2016 03:00;09.07.2016 04:00;19,0
09.07.2016 04:00;09.07.2016 05:00;17,1
09.07.2016 05:00;09.07.2016 06:00;17,01
09.07.2016 06:00;09.07.2016 07:00;18,12
09.07.2016 07:00;09.07.2016 08:00;22,32
09.07.2016 08:00;09.07.2016 09:00;21,99
09.07.2016 09:00;09.07.2016 10:00;21,78
09.07.2016 10:00;09.07.2016 11:00;16,99
09.07.2016 11:00;09.07.2016 12:00;16,99
09.07.2016 12:00;09.07.2016 13:00;15,32
09.07.2016 13:00;09.07.2016 14:00;8,98
09.07.2016 14:00;09.07.2016 15:00;11,64
09.07.2016 15:00;09.07.2016 16:00;11,25
09.07.2016 16:00;09.07.2016 17:00;16,9
09.07.2016 17:00;09.07.2016 18:00;22,0
09.07.2016 18:00;09.07.2016 19:00;27,92
09.07.2016 19:00;09.07.2016 20:00;30,63
09.07.2016 20:00;09.07.2016 21:00;30,25
09.07.2016 21:00;09.07.2016 22:00;29,86
09.07.2016 22:00;09.07.2016 23:00;30,61
09.07.2016 23:00;10.07.2016 00:00;28,0
10.07.2016 00:00;10.07.2016 01:00;23,17
10.07.2016 01:00;10.07.2016 02:00;18,54
10.07.2016 02:00;10.07.2016 03:00;15,04
10.07.2016 03:00;10.07.2016 04:00;11,96
10.07.2016 04:00;10.07.2016 05:00;11,17
10.07.2016 05:00;10.07.2016 06:00;9,91
10.07.2016 06:00;10.07.2016 07:00;10,63
10.07.2016 07:00;10.07.2016 08:00;10,1
10.07.2016 08:00;10.07.2016 09:00;12,36
10.07.2016 09:00;10.07.2016 10:00;10,64
10.07.2016 10:00;10.07.2016 11:00;7,62
10.07.2016 11:00;10.07.2016 12:00;9,12
10.07.2016 12:00;10.07.2016 13:00;6,88
10.07.2016 13:00;10.07.2016 14:00;-0,08
10.07.2016 14:00;10.07.2016 15:00;-0,9
10.07.2016 15:00;10.07.2016 16:00;3,96
10.07.2016 16:00;10.07.2016 17:00;10,14
10.07.2016 17:00;10.07.2016 18:00;19,5
10.07.2016 18:00;10.07.2016 19:00;24,18
10.07.2016 19:00;10.07.2016 20:00;29,93
10.07.2016 20:00;10.07.2016 21:00;30,91
10.07.2016 21:00;10.07.2016 22:00;30,92
10.07.2016 22:00;10.07.2016 23:00;31,49
10.07.2016 23:00;11.07.2016 00:00;29,81
11.07.2016 00:00;11.07.2016 01:00;20,6
11.07.2016 01:00;11.07.2016 02:00;20,56
11.07.2016 02:00;11.07.2016 03:00;21,08
11.07.2016 03:00;11.07.2016 04:00;19,96
11.07.2016 04:00;11.07.2016 05:00;19,77
11.07.2016 05:00;11.07.2016 06:00;22,1
11.07.2016 06:00;11.07.2016 07:00;27,67
11.07.2016 07:00;11.07.2016 08:00;32,03
11.07.2016 08:00;11.07.2016 09:00;32,94
11.07.2016 09:00;11.07.2016 10:00;29,95
11.07.2016 10:00;11.07.2016 11:00;26,28
11.07.2016 11:00;11.07.2016 12:00;24,91
11.07.2016 12:00;11.07.2016 13:00;22,09
11.07.2016 13:00;11.07.2016 14:00;20,4
11.07.2016 14:00;11.07.2016 15:00;20,08
11.07.2016 15:00;11.07.2016 16:00;20,34
11.07.2016 16:00;11.07.2016 17:00;22,23
11.07.2016 17:00;11.07.2016 18:00;25,45
11.07.2016 18:00;11.07.2016 19:00;28,8
11.07.2016 19:00;11.07.2016 20:00;31,25
11.07.2016 20:00;11.07.2016 21:00;31,48
11.07.2016 21:00;11.07.2016 22:00;30,02
11.07.2016 22:00;11.07.2016 23:00;28,5
11.07.2016 23:00;12.07.2016 00:00;26,97
12.07.2016 00:00;12.07.2016 01:00;25,09
12.07.2016 01:00;12.07.2016 02:00;23,98
12.07.2016 02:00;12.07.2016 03:00;22,39
12.07.2016 03:00;12.07.2016 04:00;22,59
12.07.2016 04:00;12.07.2016 05:00;22,58
12.07.2016 05:00;12.07.2016 06:00;24,51
12.07.2016 06:00;12.07.2016 07:00;28,53
12.07.2016 07:00;12.07.2016 08:00;33,63
12.07.2016 08:00;12.07.2016 09:00;34,94
12.07.2016 09:00;12.07.2016 10:00;31,98
12.07.2016 10:00;12.07.2016 11:00;31,96
12.07.2016 11:00;12.07.2016 12:00;32,7
12.07.2016 12:00;12.07.2016 13:00;31,44
12.07.2016 13:00;12.07.2016 14:00;29,99
12.07.2016 14:00;12.07.2016 15:00;30,22
12.07.2016 15:00;12.07.2016 16:00;30,42
12.07.2016 16:00;12.07.2016 17:00;30,32
12.07.2016 17:00;12.07.2016 18:00;31,91
12.07.2016 18:00;12.07.2016 19:00;33,03
12.07.2016 19:00;12.07.2016 20:00;33,61
12.07.2016 20:00;12.07.2016 21:00;33,06
12.07.2016 21:00;12.07.2016 22:00;33,67
12.07.2016 22:00;12.07.2016 23:00;33,38
12.07.2016 23:00;13.07.2016 00:00;30,84
13.07.2016 00:00;13.07.2016 01:00;27,95
13.07.2016 01:00;13.07.2016 02:00;27,16
13.07.2016 02:00;13.07.2016 03:00;26,05
13.07.2016 03:00;13.07.2016 04:00;25,0
13.07.2016 04:00;13.07.2016 05:00;25,1
13.07.2016 05:00;13.07.2016 06:00;26,18
13.07.2016 06:00;13.07.2016 07:00;31,85
13.07.2016 07:00;13.07.2016 08:00;34,94
13.07.2016 08:00;13.07.2016 09:00;40,42
13.07.2016 09:00;13.07.2016 10:00;40,62
13.07.2016 10:00;13.07.2016 11:00;39,36
13.07.2016 11:00;13.07.2016 12:00;39,66
13.07.2016 12:00;13.07.2016 13:00;36,03
13.07.2016 13:00;13.07.2016 14:00;36,05
13.07.2016 14:00;13.07.2016 15:00;35,36
13.07.2016 15:00;13.07.2016 16:00;32,87
13.07.2016 16:00;13.07.2016 17:00;31,94
13.07.2016 17:00;13.07.2016 18:00;32,94
13.07.2016 18:00;13.07.2016 19:00;34,22
13.07.2016 19:00;13.07.2016 20:00;35,06
13.07.2016 20:00;13.07.2016 21:00;33,01
13.07.2016 21:00;13.07.2016 22:00;30,81
13.07.2016 22:00;13.07.2016 23:00;31,4
13.07.2016 23:00;14.07.2016 00:00;27,86
14.07.2016 00:00;14.07.2016 01:00;23,46
14.07.2016 01:00;14.07.2016 02:00;23,24
14.07.2016 02:00;14.07.2016 03:00;22,1
14.07.2016 03:00;14.07.2016 04:00;21,83
14.07.2016 04:00;14.07.2016 05:00;21,06
14.07.2016 05:00;14.07.2016 06:00;22,05
14.07.2016 06:00;14.07.2016 07:00;24,06
14.07.2016 07:00;14.07.2016 08:00;29,42
14.07.2016 08:00;14.07.2016 09:00;32,05
14.07.2016 09:00;14.07.2016 10:00;31,02
14.07.2016 10:00;14.07.2016 11:00;29,8
14.07.2016 11:00;14.07.2016 12:00;30,43
14.07.2016 12:00;14.07.2016 13:00;27,58
14.07.2016 13:00;14.07.2016 14:00;25,06
14.07.2016 14:00;14.07.2016 15:00;22,54
14.07.2016 15:00;14.07.2016 16:00;20,65
14.07.2016 16:00;14.07.2016 17:00;20,66
14.07.2016 17:00;14.07.2016 18:00;22,09
14.07.2016 18:00;14.07.2016 19:00;25,74
14.07.2016 19:00;14.07.2016 20:00;28,95
14.07.2016 20:00;14.07.2016 21:00;27,93
14.07.2016 21:00;14.07.2016 22:00;25,65
14.07.2016 22:00;14.07.2016 23:00;25,56
14.07.2016 23:00;15.07.2016 00:00;21,85
15.07.2016 00:00;15.07.2016 01:00;18,92
15.07.2016 01:00;15.07.2016 02:00;19,87
15.07.2016 02:00;15.07.2016 03:00;17,02
15.07.2016 03:00;15.07.2016 04:00;13,16
15.07.2016 04:00;15.07.2016 05:00;15,06
15.07.2016 05:00;15.07.2016 06:00;18,88
15.07.2016 06:00;15.07.2016 07:00;23,44
15.07.2016 07:00;15.07.2016 08:00;29,08
15.07.2016 08:00;15.07.2016 09:00;30,08
15.07.2016 09:00;15.07.2016 10:00;31,82
15.07.2016 10:00;15.07.2016 11:00;29,94
15.07.2016 11:00;15.07.2016 12:00;29,73
15.07.2016 12:00;15.07.2016 13:00;27,39
15.07.2016 13:00;15.07.2016 14:00;23,8
15.07.2016 14:00;15.07.2016 15:00;22,93
15.07.2016 15:00;15.07.2016 16:00;22,02
15.07.2016 16:00;15.07.2016 17:00;22,82
15.07.2016 17:00;15.07.2016 18:00;27,71
15.07.2016 18:00;15.07.2016 19:00;31,92
15.07.2016 19:00;15.07.2016 20:00;34,67
15.07.2016 20:00;15.07.2016 21:00;32,73
15.07.2016 21:00;15.07.2016 22:00;32,25
15.07.2016 22:00;15.07.2016 23:00;34,94
15.07.2016 23:00;16.07.2016 00:00;33,78
16.07.2016 00:00;16.07.2016 01:00;27,53
16.07.2016 01:00;16.07.2016 02:00;23,82
16.07.2016 02:00;16.07.2016 03:00;23,0
16.07.2016 03:00;16.07.2016 04:00;22,0
16.07.2016 04:00;16.07.2016 05:00;21,91
16.07.2016 05:00;16.07.2016 06:00;21,79
16.07.2016 06:00;16.07.2016 07:00;22,01
16.07.2016 07:00;16.07.2016 08:00;22,47
16.07.2016 08:00;16.07.2016 09:00;23,34
16.07.2016 09:00;16.07.2016 10:00;22,96
16.07.2016 10:00;16.07.2016 11:00;21,99
16.07.2016 11:00;16.07.2016 12:00;21,93
16.07.2016 12:00;16.07.2016 13:00;22,89
16.07.2016 13:00;16.07.2016 14:00;21,98
16.07.2016 14:00;16.07.2016 15:00;21,93
16.07.2016 15:00;16.07.2016 16:00;22,21
16.07.2016 16:00;16.07.2016 17:00;23,36
16.07.2016 17:00;16.07.2016 18:00;25,38
16.07.2016 18:00;16.07.2016 19:00;30,3
16.07.2016 19:00;16.07.2016 20:00;31,92
16.07.2016 20:00;16.07.2016 21:00;30,61
16.07.2016 21:00;16.07.2016 22:00;30,99
16.07.2016 22:00;16.07.2016 23:00;32,16
16.07.2016 23:00;17.07.2016 00:00;27,78
17.07.2016 00:00;17.07.2016 01:00;24,53
17.07.2016 01:00;17.07.2016 02:00;21,04
17.07.2016 02:00;17.07.2016 03:00;21,03
17.07.2016 03:00;17.07.2016 04:00;20,17
17.07.2016 04:00;17.07.2016 05:00;19,57
17.07.2016 05:00;17.07.2016 06:00;19,4
17.07.2016 06:00;17.07.2016 07:00;19,01
17.07.2016 07:00;17.07.2016 08:00;20,96
17.07.2016 08:00;17.07.2016 09:00;21,13
17.07.2016 09:00;17.07.2016 10:00;22,3
17.07.2016 10:00;17.07.2016 11:00;20,77
17.07.2016 11:00;17.07.2016 12:00;21,99
17.07.2016 12:00;17.07.2016 13:00;21,03
17.07.2016 13:00;17.07.2016 14:00;16,19
17.07.2016 14:00;17.07.2016 15:00;13,06
17.07.2016 15:00;17.07.2016 16:00;13,06
17.07.2016 16:00;17.07.2016 17:00;13,02
17.07.2016 17:00;17.07.2016 18:00;20,03
17.07.2016 18:00;17.07.2016 19:00;22,4
17.07.2016 19:00;17.07.2016 20:00;27,37
17.07.2016 20:00;17.07.2016 21:00;28,07
17.07.2016 21:00;17.07.2016 22:00;30,09
17.07.2016 22:00;17.07.2016 23:00;30,57
17.07.2016 23:00;18.07.2016 00:00;29,0
18.07.2016 00:00;18.07.2016 01:00;26,03
18.07.2016 01:00;18.07.2016 02:00;24,05
18.07.2016 02:00;18.07.2016 03:00;23,31
18.07.2016 03:00;18.07.2016 04:00;22,58
18.07.2016 04:00;18.07.2016 05:00;23,02
18.07.2016 05:00;18.07.2016 06:00;23,81
18.07.2016 06:00;18.07.2016 07:00;28,82
18.07.2016 07:00;18.07.2016 08:00;33,09
18.07.2016 08:00;18.07.2016 09:00;35,39
18.07.2016 09:00;18.07.2016 10:00;32,98
18.07.2016 10:00;18.07.2016 11:00;30,53
18.07.2016 11:00;18.07.2016 12:00;30,22
18.07.2016 12:00;18.07.2016 13:00;27,17
18.07.2016 13:00;18.07.2016 14:00;27,92
18.07.2016 14:00;18.07.2016 15:00;26,4
18.07.2016 15:00;18.07.2016 16:00;26,51
18.07.2016 16:00;18.07.2016 17:00;26,76
18.07.2016 17:00;18.07.2016 18:00;29,95
18.07.2016 18:00;18.07.2016 19:00;33,0
18.07.2016 19:00;18.07.2016 20:00;39,39
18.07.2016 20:00;18.07.2016 21:00;40,0
18.07.2016 21:00;18.07.2016 22:00;38,61
18.07.2016 22:00;18.07.2016 23:00;35,9
18.07.2016 23:00;19.07.2016 00:00;30,45
19.07.2016 00:00;19.07.2016 01:00;27,59
19.07.2016 01:00;19.07.2016 02:00;27,09
19.07.2016 02:00;19.07.2016 03:00;26,41
19.07.2016 03:00;19.07.2016 04:00;25,89
19.07.2016 04:00;19.07.2016 05:00;25,61
19.07.2016 05:00;19.07.2016 06:00;26,14
19.07.2016 06:00;19.07.2016 07:00;31,0
19.07.2016 07:00;19.07.2016 08:00;36,99
19.07.2016 08:00;19.07.2016 09:00;40,01
19.07.2016 09:00;19.07.2016 10:00;35,7
19.07.2016 10:00;19.07.2016 11:00;32,99
19.07.2016 11:00;19.07.2016 12:00;32,91
19.07.2016 12:00;19.07.2016 13:00;31,38
19.07.2016 13:00;19.07.2016 14:00;30,91
19.07.2016 14:00;19.07.2016 15:00;30,08
19.07.2016 15:00;19.07.2016 16:00;31,28
19.07.2016 16:00;19.07.2016 17:00;32,4
19.07.2016 17:00;19.07.2016 18:00;35,25
19.07.2016 18:00;19.07.2016 19:00;39,91
19.07.2016 19:00;19.07.2016 20:00;44,0
19.07.2016 20:00;19.07.2016 21:00;37,03
19.07.2016 21:00;19.07.2016 22:00;37,0
19.07.2016 22:00;19.07.2016 23:00;32,92
19.07.2016 23:00;20.07.2016 00:00;27,91
20.07.2016 00:00;20.07.2016 01:00;28,01
20.07.2016 01:00;20.07.2016 02:00;26,32
20.07.2016 02:00;20.07.2016 03:00;25,1
20.07.2016 03:00;20.07.2016 04:00;24,79
20.07.2016 04:00;20.07.2016 05:00;24,83
20.07.2016 05:00;20.07.2016 06:00;25,85
20.07.2016 06:00;20.07.2016 07:00;29,35
20.07.2016 07:00;20.07.2016 08:00;33,52
20.07.2016 08:00;20.07.2016 09:00;36,79
20.07.2016 09:00;20.07.2016 10:00;34,1
20.07.2016 10:00;20.07.2016 11:00;32,39
20.07.2016 11:00;20.07.2016 12:00;31,43
20.07.2016 12:00;20.07.2016 13:00;28,02
20.07.2016 13:00;20.07.2016 14:00;26,63
20.07.2016 14:00;20.07.2016 15:00;25,93
20.07.2016 15:00;20.07.2016 16:00;26,43
20.07.2016 16:00;20.07.2016 17:00;28,08
20.07.2016 17:00;20.07.2016 18:00;31,66
20.07.2016 18:00;20.07.2016 19:00;33,3
20.07.2016 19:00;20.07.2016 20:00;34,48
20.07.2016 20:00;20.07.2016 21:00;33,41
20.07.2016 21:00;20.07.2016 22:00;31,96
20.07.2016 22:00;20.07.2016 23:00;28,94
20.07.2016 23:00;21.07.2016 00:00;25,35
21.07.2016 00:00;21.07.2016 01:00;26,43
21.07.2016 01:00;21.07.2016 02:00;26,46
21.07.2016 02:00;21.07.2016 03:00;25,9
21.07.2016 03:00;21.07.2016 04:00;25,52
21.07.2016 04:00;21.07.2016 05:00;25,55
21.07.2016 05:00;21.07.2016 06:00;27,49
21.07.2016 06:00;21.07.2016 07:00;32,84
21.07.2016 07:00;21.07.2016 08:00;36,61
21.07.2016 08:00;21.07.2016 09:00;39,16
21.07.2016 09:00;21.07.2016 10:00;36,04
21.07.2016 10:00;21.07.2016 11:00;37,02
21.07.2016 11:00;21.07.2016 12:00;36,01
21.07.2016 12:00;21.07.2016 13:00;35,04
21.07.2016 13:00;21.07.2016 14:00;34,24
21.07.2016 14:00;21.07.2016 15:00;32,94
21.07.2016 15:00;21.07.2016 16:00;33,0
21.07.2016 16:00;21.07.2016 17:00;33,31
21.07.2016 17:00;21.07.2016 18:00;34,37
21.07.2016 18:00;21.07.2016 19:00;34,76
21.07.2016 19:00;21.07.2016 20:00;38,38
21.07.2016 20:00;21.07.2016 21:00;35,95
21.07.2016 21:00;21.07.2016 22:00;35,7
21.07.2016 22:00;21.07.2016 23:00;32,92
21.07.2016 23:00;22.07.2016 00:00;31,01
22.07.2016 00:00;22.07.2016 01:00;29,26
22.07.2016 01:00;22.07.2016 02:00;27,24
22.07.2016 02:00;22.07.2016 03:00;27,1
22.07.2016 03:00;22.07.2016 04:00;26,56
22.07.2016 04:00;22.07.2016 05:00;26,5
22.07.2016 05:00;22.07.2016 06:00;28,06
22.07.2016 06:00;22.07.2016 07:00;32,36
22.07.2016 07:00;22.07.2016 08:00;35,99
22.07.2016 08:00;22.07.2016 09:00;36,81
22.07.2016 09:00;22.07.2016 10:00;36,0
22.07.2016 10:00;22.07.2016 11:00;35,16
22.07.2016 11:00;22.07.2016 12:00;34,41
22.07.2016 12:00;22.07.2016 13:00;32,15
22.07.2016 13:00;22.07.2016 14:00;30,78
22.07.2016 14:00;22.07.2016 15:00;30,68
22.07.2016 15:00;22.07.2016 16:00;31,19
22.07.2016 16:00;22.07.2016 17:00;31,62
22.07.2016 17:00;22.07.2016 18:00;32,93
22.07.2016 18:00;22.07.2016 19:00;34,91
22.07.2016 19:00;22.07.2016 20:00;35,96
22.07.2016 20:00;22.07.2016 21:00;33,26
22.07.2016 21:00;22.07.2016 22:00;31,97
22.07.2016 22:00;22.07.2016 23:00;31,96
22.07.2016 23:00;23.07.2016 00:00;29,0
23.07.2016 00:00;23.07.2016 01:00;31,8
23.07.2016 01:00;23.07.2016 02:00;30,83
23.07.2016 02:00;23.07.2016 03:00;29,1
23.07.2016 03:00;23.07.2016 04:00;27,02
23.07.2016 04:00;23.07.2016 05:00;25,77
23.07.2016 05:00;23.07.2016 06:00;25,65
23.07.2016 06:00;23.07.2016 07:00;26,22
23.07.2016 07:00;23.07.2016 08:00;30,32
23.07.2016 08:00;23.07.2016 09:00;31,96
23.07.2016 09:00;23.07.2016 10:00;32,53
23.07.2016 10:00;23.07.2016 11:00;32,26
23.07.2016 11:00;23.07.2016 12:00;31,97
23.07.2016 12:00;23.07.2016 13:00;29,02
23.07.2016 13:00;23.07.2016 14:00;25,25
23.07.2016 14:00;23.07.2016 15:00;24,52
23.07.2016 15:00;23.07.2016 16:00;24,97
23.07.2016 16:00;23.07.2016 17:00;27,72
23.07.2016 17:00;23.07.2016 18:00;30,57
23.07.2016 18:00;23.07.2016 19:00;31,86
23.07.2016 19:00;23.07.2016 20:00;33,62
23.07.2016 20:00;23.07.2016 21:00;32,9
23.07.2016 21:00;23.07.2016 22:00;32,38
23.07.2016 22:00;23.07.2016 23:00;32,14
23.07.2016 23:00;24.07.2016 00:00;29,07
24.07.2016 00:00;24.07.2016 01:00;30,11
24.07.2016 01:00;24.07.2016 02:00;28,11
24.07.2016 02:00;24.07.2016 03:00;25,99
24.07.2016 03:00;24.07.2016 04:00;24,93
24.07.2016 04:00;24.07.2016 05:00;24,25
24.07.2016 05:00;24.07.2016 06:00;23,98
24.07.2016 06:00;24.07.2016 07:00;23,92
24.07.2016 07:00;24.07.2016 08:00;24,79
24.07.2016 08:00;24.07.2016 09:00;25,67
24.07.2016 09:00;24.07.2016 10:00;25,95
24.07.2016 10:00;24.07.2016 11:00;24,87
24.07.2016 11:00;24.07.2016 12:00;25,13
24.07.2016 12:00;24.07.2016 13:00;23,47
24.07.2016 13:00;24.07.2016 14:00;23,82
24.07.2016 14:00;24.07.2016 15:00;23,3
24.07.2016 15:00;24.07.2016 16:00;23,48
24.07.2016 16:00;24.07.2016 17:00;24,76
24.07.2016 17:00;24.07.2016 18:00;26,42
24.07.2016 18:00;24.07.2016 19:00;29,91
24.07.2016 19:00;24.07.2016 20:00;31,94
24.07.2016 20:00;24.07.2016 21:00;32,95
24.07.2016 21:00;24.07.2016 22:00;33,22
24.07.2016 22:00;24.07.2016 23:00;35,93
24.07.2016 23:00;25.07.2016 00:00;33,3
25.07.2016 00:00;25.07.2016 01:00;29,8
25.07.2016 01:00;25.07.2016 02:00;27,32
25.07.2016 02:00;25.07.2016 03:00;26,32
25.07.2016 03:00;25.07.2016 04:00;25,93
25.07.2016 04:00;25.07.2016 05:00;25,92
25.07.2016 05:00;25.07.2016 06:00;27,8
25.07.2016 06:00;25.07.2016 07:00;35,0
25.07.2016 07:00;25.07.2016 08:00;38,08
25.07.2016 08:00;25.07.2016 09:00;39,52
25.07.2016 09:00;25.07.2016 10:00;37,94
25.07.2016 10:00;25.07.2016 11:00;36,47
25.07.2016 11:00;25.07.2016 12:00;36,05
25.07.2016 12:00;25.07.2016 13:00;33,64
25.07.2016 13:00;25.07.2016 14:00;32,95
25.07.2016 14:00;25.07.2016 15:00;32,35
25.07.2016 15:00;25.07.2016 16:00;32,6
25.07.2016 16:00;25.07.2016 17:00;33,32
25.07.2016 17:00;25.07.2016 18:00;35,18
25.07.2016 18:00;25.07.2016 19:00;35,99
25.07.2016 19:00;25.07.2016 20:00;36,59
25.07.2016 20:00;25.07.2016 21:00;36,47
25.07.2016 21:00;25.07.2016 22:00;36,08
25.07.2016 22:00;25.07.2016 23:00;35,47
25.07.2016 23:00;26.07.2016 00:00;30,4
26.07.2016 00:00;26.07.2016 01:00;27,98
26.07.2016 01:00;26.07.2016 02:00;27,5
26.07.2016 02:00;26.07.2016 03:00;26,38
26.07.2016 03:00;26.07.2016 04:00;25,88
26.07.2016 04:00;26.07.2016 05:00;25,91
26.07.2016 05:00;26.07.2016 06:00;26,53
26.07.2016 06:00;26.07.2016 07:00;30,97
26.07.2016 07:00;26.07.2016 08:00;35,9
26.07.2016 08:00;26.07.2016 09:00;39,16
26.07.2016 09:00;26.07.2016 10:00;37,45
26.07.2016 10:00;26.07.2016 11:00;36,46
26.07.2016 11:00;26.07.2016 12:00;37,01
26.07.2016 12:00;26.07.2016 13:00;33,13
26.07.2016 13:00;26.07.2016 14:00;32,91
26.07.2016 14:00;26.07.2016 15:00;31,8
26.07.2016 15:00;26.07.2016 16:00;32,92
26.07.2016 16:00;26.07.2016 17:00;32,26
26.07.2016 17:00;26.07.2016 18:00;34,07
26.07.2016 18:00;26.07.2016 19:00;37,13
26.07.2016 19:00;26.07.2016 20:00;39,3
26.07.2016 20:00;26.07.2016 21:00;37,28
26.07.2016 21:00;26.07.2016 22:00;36,54
26.07.2016 22:00;26.07.2016 23:00;35,81
26.07.2016 23:00;27.07.2016 00:00;30,2
27.07.2016 00:00;27.07.2016 01:00;28,12
27.07.2016 01:00;27.07.2016 02:00;27,61
27.07.2016 02:00;27.07.2016 03:00;26,53
27.07.2016 03:00;27.07.2016 04:00;25,87
27.07.2016 04:00;27.07.2016 05:00;26,0
27.07.2016 05:00;27.07.2016 06:00;26,63
27.07.2016 06:00;27.07.2016 07:00;31,53
27.07.2016 07:00;27.07.2016 08:00;36,43
27.07.2016 08:00;27.07.2016 09:00;39,11
27.07.2016 09:00;27.07.2016 10:00;40,67
27.07.2016 10:00;27.07.2016 11:00;40,92
27.07.2016 11:00;27.07.2016 12:00;41,25
27.07.2016 12:00;27.07.2016 13:00;37,09
27.07.2016 13:00;27.07.2016 14:00;36,53
27.07.2016 14:00;27.07.2016 15:00;33,19
27.07.2016 15:00;27.07.2016 16:00;32,6
27.07.2016 16:00;27.07.2016 17:00;32,7
27.07.2016 17:00;27.07.2016 18:00;33,15
27.07.2016 18:00;27.07.2016 19:00;35,97
27.07.2016 19:00;27.07.2016 20:00;36,61
27.07.2016 20:00;27.07.2016 21:00;36,37
27.07.2016 21:00;27.07.2016 22:00;35,56
27.07.2016 22:00;27.07.2016 23:00;34,04
27.07.2016 23:00;28.07.2016 00:00;29,94
28.07.2016 00:00;28.07.2016 01:00;26,9
28.07.2016 01:00;28.07.2016 02:00;26,39
28.07.2016 02:00;28.07.2016 03:00;25,8
28.07.2016 03:00;28.07.2016 04:00;25,29
28.07.2016 04:00;28.07.2016 05:00;25,26
28.07.2016 05:00;28.07.2016 06:00;26,39
28.07.2016 06:00;28.07.2016 07:00;29,92
28.07.2016 07:00;28.07.2016 08:00;34,91
28.07.2016 08:00;28.07.2016 09:00;36,94
28.07.2016 09:00;28.07.2016 10:00;35,79
28.07.2016 10:00;28.07.2016 11:00;33,93
28.07.2016 11:00;28.07.2016 12:00;33,75
28.07.2016 12:00;28.07.2016 13:00;33,81
28.07.2016 13:00;28.07.2016 14:00;31,79
28.07.2016 14:00;28.07.2016 15:00;30,97
28.07.2016 15:00;28.07.2016 16:00;31,43
28.07.2016 16:00;28.07.2016 17:00;31,43
28.07.2016 17:00;28.07.2016 18:00;32,98
28.07.2016 18:00;28.07.2016 19:00;34,97
28.07.2016 19:00;28.07.2016 20:00;36,72
28.07.2016 20:00;28.07.2016 21:00;35,5
28.07.2016 21:00;28.07.2016 22:00;34,04
28.07.2016 22:00;28.07.2016 23:00;33,93
28.07.2016 23:00;29.07.2016 00:00;29,92
29.07.2016 00:00;29.07.2016 01:00;28,21
29.07.2016 01:00;29.07.2016 02:00;27,04
29.07.2016 02:00;29.07.2016 03:00;26,03
29.07.2016 03:00;29.07.2016 04:00;24,58
29.07.2016 04:00;29.07.2016 05:00;24,84
29.07.2016 05:00;29.07.2016 06:00;25,95
29.07.2016 06:00;29.07.2016 07:00;29,68
29.07.2016 07:00;29.07.2016 08:00;33,99
29.07.2016 08:00;29.07.2016 09:00;36,13
29.07.2016 09:00;29.07.2016 10:00;36,09
29.07.2016 10:00;29.07.2016 11:00;33,75
29.07.2016 11:00;29.07.2016 12:00;33,21
29.07.2016 12:00;29.07.2016 13:00;31,67
29.07.2016 13:00;29.07.2016 14:00;29,5
29.07.2016 14:00;29.07.2016 15:00;27,94
29.07.2016 15:00;29.07.2016 16:00;27,37
29.07.2016 16:00;29.07.2016 17:00;28,09
29.07.2016 17:00;29.07.2016 18:00;29,11
29.07.2016 18:00;29.07.2016 19:00;31,5
29.07.2016 19:00;29.07.2016 20:00;34,13
29.07.2016 20:00;29.07.2016 21:00;32,98
29.07.2016 21:00;29.07.2016 22:00;30,86
29.07.2016 22:00;29.07.2016 23:00;29,81
29.07.2016 23:00;30.07.2016 00:00;28,87
30.07.2016 00:00;30.07.2016 01:00;31,07
30.07.2016 01:00;30.07.2016 02:00;26,51
30.07.2016 02:00;30.07.2016 03:00;25,59
30.07.2016 03:00;30.07.2016 04:00;24,56
30.07.2016 04:00;30.07.2016 05:00;24,17
30.07.2016 05:00;30.07.2016 06:00;24,39
30.07.2016 06:00;30.07.2016 07:00;24,72
30.07.2016 07:00;30.07.2016 08:00;25,46
30.07.2016 08:00;30.07.2016 09:00;26,74
30.07.2016 09:00;30.07.2016 10:00;28,97
30.07.2016 10:00;30.07.2016 11:00;28,38
30.07.2016 11:00;30.07.2016 12:00;27,93
30.07.2016 12:00;30.07.2016 13:00;26,33
30.07.2016 13:00;30.07.2016 14:00;24,79
30.07.2016 14:00;30.07.2016 15:00;23,99
30.07.2016 15:00;30.07.2016 16:00;24,04
30.07.2016 16:00;30.07.2016 17:00;25,04
30.07.2016 17:00;30.07.2016 18:00;26,1
30.07.2016 18:00;30.07.2016 19:00;30,51
30.07.2016 19:00;30.07.2016 20:00;31,92
30.07.2016 20:00;30.07.2016 21:00;32,55
30.07.2016 21:00;30.07.2016 22:00;32,09
30.07.2016 22:00;30.07.2016 23:00;36,02
30.07.2016 23:00;31.07.2016 00:00;32,96
31.07.2016 00:00;31.07.2016 01:00;28,08
31.07.2016 01:00;31.07.2016 02:00;25,36
31.07.2016 02:00;31.07.2016 03:00;23,8
31.07.2016 03:00;31.07.2016 04:00;22,56
31.07.2016 04:00;31.07.2016 05:00;22,14
31.07.2016 05:00;31.07.2016 06:00;21,65
31.07.2016 06:00;31.07.2016 07:00;20,98
31.07.2016 07:00;31.07.2016 08:00;21,99
31.07.2016 08:00;31.07.2016 09:00;23,8
31.07.2016 09:00;31.07.2016 10:00;25,12
31.07.2016 10:00;31.07.2016 11:00;25,28
31.07.2016 11:00;31.07.2016 12:00;26,77
31.07.2016 12:00;31.07.2016 13:00;26,34
31.07.2016 13:00;31.07.2016 14:00;25,56
31.07.2016 14:00;31.07.2016 15:00;24,35
31.07.2016 15:00;31.07.2016 16:00;23,32
31.07.2016 16:00;31.07.2016 17:00;22,78
31.07.2016 17:00;31.07.2016 18:00;25,25
31.07.2016 18:00;31.07.2016 19:00;25,09
31.07.2016 19:00;31.07.2016 20:00;28,23
31.07.2016 20:00;31.07.2016 21:00;28,92
31.07.2016 21:00;31.07.2016 22:00;30,19
31.07.2016 22:00;31.07.2016 23:00;31,39
31.07.2016 23:00;01.08.2016 00:00;27,78
01.08.2016 00:00;01.08.2016 01:00;24,91
01.08.2016 01:00;01.08.2016 02:00;23,79
01.08.2016 02:00;01.08.2016 03:00;22,55
01.08.2016 03:00;01.08.2016 04:00;22,14
01.08.2016 04:00;01.08.2016 05:00;22,42
01.08.2016 05:00;01.08.2016 06:00;23,93
01.08.2016 06:00;01.08.2016 07:00;29,06
01.08.2016 07:00;01.08.2016 08:00;32,17
01.08.2016 08:00;01.08.2016 09:00;35,0
01.08.2016 09:00;01.08.2016 10:00;33,21
01.08.2016 10:00;01.08.2016 11:00;30,13
01.08.2016 11:00;01.08.2016 12:00;29,8
01.08.2016 12:00;01.08.2016 13:00;27,92
01.08.2016 13:00;01.08.2016 14:00;25,93
01.08.2016 14:00;01.08.2016 15:00;27,03
01.08.2016 15:00;01.08.2016 16:00;27,01
01.08.2016 16:00;01.08.2016 17:00;28,48
01.08.2016 17:00;01.08.2016 18:00;32,05
01.08.2016 18:00;01.08.2016 19:00;35,97
01.08.2016 19:00;01.08.2016 20:00;37,15
01.08.2016 20:00;01.08.2016 21:00;38,33
01.08.2016 21:00;01.08.2016 22:00;36,95
01.08.2016 22:00;01.08.2016 23:00;35,99
01.08.2016 23:00;02.08.2016 00:00;31,63
02.08.2016 00:00;02.08.2016 01:00;27,56
02.08.2016 01:00;02.08.2016 02:00;25,79
02.08.2016 02:00;02.08.2016 03:00;25,35
02.08.2016 03:00;02.08.2016 04:00;24,7
02.08.2016 04:00;02.08.2016 05:00;24,27
02.08.2016 05:00;02.08.2016 06:00;25,9
02.08.2016 06:00;02.08.2016 07:00;30,43
02.08.2016 07:00;02.08.2016 08:00;34,87
02.08.2016 08:00;02.08.2016 09:00;36,87
02.08.2016 09:00;02.08.2016 10:00;36,92
02.08.2016 10:00;02.08.2016 11:00;36,97
02.08.2016 11:00;02.08.2016 12:00;38,09
02.08.2016 12:00;02.08.2016 13:00;37,83
02.08.2016 13:00;02.08.2016 14:00;36,85
02.08.2016 14:00;02.08.2016 15:00;35,98
02.08.2016 15:00;02.08.2016 16:00;35,73
02.08.2016 16:00;02.08.2016 17:00;34,92
02.08.2016 17:00;02.08.2016 18:00;35,94
02.08.2016 18:00;02.08.2016 19:00;35,92
02.08.2016 19:00;02.08.2016 20:00;34,95
02.08.2016 20:00;02.08.2016 21:00;32,83
02.08.2016 21:00;02.08.2016 22:00;32,4
02.08.2016 22:00;02.08.2016 23:00;31,19
02.08.2016 23:00;03.08.2016 00:00;28,98
03.08.2016 00:00;03.08.2016 01:00;26,03
03.08.2016 01:00;03.08.2016 02:00;24,53
03.08.2016 02:00;03.08.2016 03:00;23,74
03.08.2016 03:00;03.08.2016 04:00;22,69
03.08.2016 04:00;03.08.2016 05:00;22,48
03.08.2016 05:00;03.08.2016 06:00;23,66
03.08.2016 06:00;03.08.2016 07:00;27,06
03.08.2016 07:00;03.08.2016 08:00;31,82
03.08.2016 08:00;03.08.2016 09:00;33,95
03.08.2016 09:00;03.08.2016 10:00;34,97
03.08.2016 10:00;03.08.2016 11:00;35,02
03.08.2016 11:00;03.08.2016 12:00;34,95
03.08.2016 12:00;03.08.2016 13:00;33,57
03.08.2016 13:00;03.08.2016 14:00;30,04
03.08.2016 14:00;03.08.2016 15:00;28,13
03.08.2016 15:00;03.08.2016 16:00;28,38
03.08.2016 16:00;03.08.2016 17:00;28,45
03.08.2016 17:00;03.08.2016 18:00;29,95
03.08.2016 18:00;03.08.2016 19:00;32,52
03.08.2016 19:00;03.08.2016 20:00;33,0
03.08.2016 20:00;03.08.2016 21:00;31,25
03.08.2016 21:00;03.08.2016 22:00;30,33
03.08.2016 22:00;03.08.2016 23:00;28,99
03.08.2016 23:00;04.08.2016 00:00;26,91
04.08.2016 00:00;04.08.2016 01:00;23,55
04.08.2016 01:00;04.08.2016 02:00;22,43
04.08.2016 02:00;04.08.2016 03:00;20,05
04.08.2016 03:00;04.08.2016 04:00;19,42
04.08.2016 04:00;04.08.2016 05:00;19,83
04.08.2016 05:00;04.08.2016 06:00;22,42
04.08.2016 06:00;04.08.2016 07:00;25,49
04.08.2016 07:00;04.08.2016 08:00;30,01
04.08.2016 08:00;04.08.2016 09:00;33,05
04.08.2016 09:00;04.08.2016 10:00;32,03
04.08.2016 10:00;04.08.2016 11:00;29,01
04.08.2016 11:00;04.08.2016 12:00;27,98
04.08.2016 12:00;04.08.2016 13:00;25,45
04.08.2016 13:00;04.08.2016 14:00;23,58
04.08.2016 14:00;04.08.2016 15:00;23,97
04.08.2016 15:00;04.08.2016 16:00;27,02
04.08.2016 16:00;04.08.2016 17:00;29,29
04.08.2016 17:00;04.08.2016 18:00;32,98
04.08.2016 18:00;04.08.2016 19:00;34,58
04.08.2016 19:00;04.08.2016 20:00;34,9
04.08.2016 20:00;04.08.2016 21:00;34,58
04.08.2016 21:00;04.08.2016 22:00;34,46
04.08.2016 22:00;04.08.2016 23:00;33,91
04.08.2016 23:00;05.08.2016 00:00;29,37
05.08.2016 00:00;05.08.2016 01:00;28,13
05.08.2016 01:00;05.08.2016 02:00;26,83
05.08.2016 02:00;05.08.2016 03:00;25,12
05.08.2016 03:00;05.08.2016 04:00;23,95
05.08.2016 04:00;05.08.2016 05:00;24,07
05.08.2016 05:00;05.08.2016 06:00;26,24
05.08.2016 06:00;05.08.2016 07:00;30,45
05.08.2016 07:00;05.08.2016 08:00;34,01
05.08.2016 08:00;05.08.2016 09:00;37,19
05.08.2016 09:00;05.08.2016 10:00;38,69
05.08.2016 10:00;05.08.2016 11:00;38,54
05.08.2016 11:00;05.08.2016 12:00;38,0
05.08.2016 12:00;05.08.2016 13:00;36,0
05.08.2016 13:00;05.08.2016 14:00;33,96
05.08.2016 14:00;05.08.2016 15:00;31,39
05.08.2016 15:00;05.08.2016 16:00;28,23
05.08.2016 16:00;05.08.2016 17:00;28,46
05.08.2016 17:00;05.08.2016 18:00;31,29
05.08.2016 18:00;05.08.2016 19:00;33,89
05.08.2016 19:00;05.08.2016 20:00;34,4
05.08.2016 20:00;05.08.2016 21:00;34,15
05.08.2016 21:00;05.08.2016 22:00;33,02
05.08.2016 22:00;05.08.2016 23:00;32,3
05.08.2016 23:00;06.08.2016 00:00;28,84
06.08.2016 00:00;06.08.2016 01:00;29,58
06.08.2016 01:00;06.08.2016 02:00;26,68
06.08.2016 02:00;06.08.2016 03:00;25,34
06.08.2016 03:00;06.08.2016 04:00;23,77
06.08.2016 04:00;06.08.2016 05:00;22,4
06.08.2016 05:00;06.08.2016 06:00;22,01
06.08.2016 06:00;06.08.2016 07:00;22,97
06.08.2016 07:00;06.08.2016 08:00;25,02
06.08.2016 08:00;06.08.2016 09:00;26,36
06.08.2016 09:00;06.08.2016 10:00;26,47
06.08.2016 10:00;06.08.2016 11:00;24,94
06.08.2016 11:00;06.08.2016 12:00;23,71
06.08.2016 12:00;06.08.2016 13:00;22,07
06.08.2016 13:00;06.08.2016 14:00;19,81
06.08.2016 14:00;06.08.2016 15:00;18,38
06.08.2016 15:00;06.08.2016 16:00;17,83
06.08.2016 16:00;06.08.2016 17:00;17,18
06.08.2016 17:00;06.08.2016 18:00;22,03
06.08.2016 18:00;06.08.2016 19:00;26,32
06.08.2016 19:00;06.08.2016 20:00;28,96
06.08.2016 20:00;06.08.2016 21:00;28,92
06.08.2016 21:00;06.08.2016 22:00;30,32
06.08.2016 22:00;06.08.2016 23:00;30,44
06.08.2016 23:00;07.08.2016 00:00;28,12
07.08.2016 00:00;07.08.2016 01:00;24,6
07.08.2016 01:00;07.08.2016 02:00;20,05
07.08.2016 02:00;07.08.2016 03:00;17,99
07.08.2016 03:00;07.08.2016 04:00;12,86
07.08.2016 04:00;07.08.2016 05:00;12,38
07.08.2016 05:00;07.08.2016 06:00;12,35
07.08.2016 06:00;07.08.2016 07:00;12,51
07.08.2016 07:00;07.08.2016 08:00;11,93
07.08.2016 08:00;07.08.2016 09:00;12,25
07.08.2016 09:00;07.08.2016 10:00;12,79
07.08.2016 10:00;07.08.2016 11:00;9,95
07.08.2016 11:00;07.08.2016 12:00;8,83
07.08.2016 12:00;07.08.2016 13:00;5,93
07.08.2016 13:00;07.08.2016 14:00;0,02
07.08.2016 14:00;07.08.2016 15:00;0,04
07.08.2016 15:00;07.08.2016 16:00;2,35
07.08.2016 16:00;07.08.2016 17:00;5,67
07.08.2016 17:00;07.08.2016 18:00;12,84
07.08.2016 18:00;07.08.2016 19:00;24,7
07.08.2016 19:00;07.08.2016 20:00;27,77
07.08.2016 20:00;07.08.2016 21:00;30,48
07.08.2016 21:00;07.08.2016 22:00;32,37
07.08.2016 22:00;07.08.2016 23:00;32,65
07.08.2016 23:00;08.08.2016 00:00;26,33
08.08.2016 00:00;08.08.2016 01:00;20,62
08.08.2016 01:00;08.08.2016 02:00;16,44
08.08.2016 02:00;08.08.2016 03:00;12,91
08.08.2016 03:00;08.08.2016 04:00;8,16
08.08.2016 04:00;08.08.2016 05:00;8,12
08.08.2016 05:00;08.08.2016 06:00;8,94
08.08.2016 06:00;08.08.2016 07:00;17,85
08.08.2016 07:00;08.08.2016 08:00;23,71
08.08.2016 08:00;08.08.2016 09:00;26,29
08.08.2016 09:00;08.08.2016 10:00;24,02
08.08.2016 10:00;08.08.2016 11:00;20,26
08.08.2016 11:00;08.08.2016 12:00;18,73
08.08.2016 12:00;08.08.2016 13:00;14,28
08.08.2016 13:00;08.08.2016 14:00;13,41
08.08.2016 14:00;08.08.2016 15:00;12,89
08.08.2016 15:00;08.08.2016 16:00;17,92
08.08.2016 16:00;08.08.2016 17:00;20,82
08.08.2016 17:00;08.08.2016 18:00;26,52
08.08.2016 18:00;08.08.2016 19:00;31,29
08.08.2016 19:00;08.08.2016 20:00;34,39
08.08.2016 20:00;08.08.2016 21:00;33,23
08.08.2016 21:00;08.08.2016 22:00;34,0
08.08.2016 22:00;08.08.2016 23:00;33,93
08.08.2016 23:00;09.08.2016 00:00;31,75
09.08.2016 00:00;09.08.2016 01:00;23,88
09.08.2016 01:00;09.08.2016 02:00;23,06
09.08.2016 02:00;09.08.2016 03:00;22,6
09.08.2016 03:00;09.08.2016 04:00;20,32
09.08.2016 04:00;09.08.2016 05:00;19,94
09.08.2016 05:00;09.08.2016 06:00;22,97
09.08.2016 06:00;09.08.2016 07:00;28,33
09.08.2016 07:00;09.08.2016 08:00;32,86
09.08.2016 08:00;09.08.2016 09:00;34,83
09.08.2016 09:00;09.08.2016 10:00;35,03
09.08.2016 10:00;09.08.2016 11:00;34,6
09.08.2016 11:00;09.08.2016 12:00;34,26
09.08.2016 12:00;09.08.2016 13:00;33,6
09.08.2016 13:00;09.08.2016 14:00;32,78
09.08.2016 14:00;09.08.2016 15:00;30,22
09.08.2016 15:00;09.08.2016 16:00;27,84
09.08.2016 16:00;09.08.2016 17:00;25,97
09.08.2016 17:00;09.08.2016 18:00;28,12
09.08.2016 18:00;09.08.2016 19:00;30,35
09.08.2016 19:00;09.08.2016 20:00;32,02
09.08.2016 20:00;09.08.2016 21:00;30,91
09.08.2016 21:00;09.08.2016 22:00;30,47
09.08.2016 22:00;09.08.2016 23:00;29,1
09.08.2016 23:00;10.08.2016 00:00;26,45
10.08.2016 00:00;10.08.2016 01:00;23,35
10.08.2016 01:00;10.08.2016 02:00;23,11
10.08.2016 02:00;10.08.2016 03:00;22,0
10.08.2016 03:00;10.08.2016 04:00;19,99
10.08.2016 04:00;10.08.2016 05:00;20,19
10.08.2016 05:00;10.08.2016 06:00;23,18
10.08.2016 06:00;10.08.2016 07:00;27,59
10.08.2016 07:00;10.08.2016 08:00;32,21
10.08.2016 08:00;10.08.2016 09:00;33,95
10.08.2016 09:00;10.08.2016 10:00;33,5
10.08.2016 10:00;10.08.2016 11:00;32,01
10.08.2016 11:00;10.08.2016 12:00;31,87
10.08.2016 12:00;10.08.2016 13:00;29,66
10.08.2016 13:00;10.08.2016 14:00;26,91
10.08.2016 14:00;10.08.2016 15:00;25,43
10.08.2016 15:00;10.08.2016 16:00;24,51
10.08.2016 16:00;10.08.2016 17:00;24,31
10.08.2016 17:00;10.08.2016 18:00;27,33
10.08.2016 18:00;10.08.2016 19:00;31,48
10.08.2016 19:00;10.08.2016 20:00;33,68
10.08.2016 20:00;10.08.2016 21:00;33,72
10.08.2016 21:00;10.08.2016 22:00;33,93
10.08.2016 22:00;10.08.2016 23:00;32,93
10.08.2016 23:00;11.08.2016 00:00;28,65
11.08.2016 00:00;11.08.2016 01:00;24,23
11.08.2016 01:00;11.08.2016 02:00;23,01
11.08.2016 02:00;11.08.2016 03:00;22,72
11.08.2016 03:00;11.08.2016 04:00;20,49
11.08.2016 04:00;11.08.2016 05:00;21,48
11.08.2016 05:00;11.08.2016 06:00;22,77
11.08.2016 06:00;11.08.2016 07:00;27,97
11.08.2016 07:00;11.08.2016 08:00;34,09
11.08.2016 08:00;11.08.2016 09:00;35,67
11.08.2016 09:00;11.08.2016 10:00;33,07
11.08.2016 10:00;11.08.2016 11:00;30,86
11.08.2016 11:00;11.08.2016 12:00;30,48
11.08.2016 12:00;11.08.2016 13:00;28,57
11.08.2016 13:00;11.08.2016 14:00;27,17
11.08.2016 14:00;11.08.2016 15:00;24,99
11.08.2016 15:00;11.08.2016 16:00;25,62
11.08.2016 16:00;11.08.2016 17:00;25,69
11.08.2016 17:00;11.08.2016 18:00;31,4
11.08.2016 18:00;11.08.2016 19:00;34,37
11.08.2016 19:00;11.08.2016 20:00;34,95
11.08.2016 20:00;11.08.2016 21:00;35,11
11.08.2016 21:00;11.08.2016 22:00;34,82
11.08.2016 22:00;11.08.2016 23:00;33,87
11.08.2016 23:00;12.08.2016 00:00;28,82
12.08.2016 00:00;12.08.2016 01:00;24,07
12.08.2016 01:00;12.08.2016 02:00;22,97
12.08.2016 02:00;12.08.2016 03:00;21,05
12.08.2016 03:00;12.08.2016 04:00;19,9
12.08.2016 04:00;12.08.2016 05:00;20,05
12.08.2016 05:00;12.08.2016 06:00;22,98
12.08.2016 06:00;12.08.2016 07:00;27,93
12.08.2016 07:00;12.08.2016 08:00;32,55
12.08.2016 08:00;12.08.2016 09:00;33,8
12.08.2016 09:00;12.08.2016 10:00;34,04
12.08.2016 10:00;12.08.2016 11:00;34,91
12.08.2016 11:00;12.08.2016 12:00;35,25
12.08.2016 12:00;12.08.2016 13:00;34,95
12.08.2016 13:00;12.08.2016 14:00;32,1
12.08.2016 14:00;12.08.2016 15:00;29,5
12.08.2016 15:00;12.08.2016 16:00;27,12
12.08.2016 16:00;12.08.2016 17:00;24,2
12.08.2016 17:00;12.08.2016 18:00;26,9
12.08.2016 18:00;12.08.2016 19:00;28,09
12.08.2016 19:00;12.08.2016 20:00;29,06
12.08.2016 20:00;12.08.2016 21:00;29,13
12.08.2016 21:00;12.08.2016 22:00;28,99
12.08.2016 22:00;12.08.2016 23:00;28,34
12.08.2016 23:00;13.08.2016 00:00;24,7
13.08.2016 00:00;13.08.2016 01:00;21,7
13.08.2016 01:00;13.08.2016 02:00;19,97
13.08.2016 02:00;13.08.2016 03:00;18,09
13.08.2016 03:00;13.08.2016 04:00;16,89
13.08.2016 04:00;13.08.2016 05:00;16,1
13.08.2016 05:00;13.08.2016 06:00;14,46
13.08.2016 06:00;13.08.2016 07:00;16,08
13.08.2016 07:00;13.08.2016 08:00;18,05
13.08.2016 08:00;13.08.2016 09:00;20,06
13.08.2016 09:00;13.08.2016 10:00;20,06
13.08.2016 10:00;13.08.2016 11:00;18,06
13.08.2016 11:00;13.08.2016 12:00;15,85
13.08.2016 12:00;13.08.2016 13:00;13,64
13.08.2016 13:00;13.08.2016 14:00;9,07
13.08.2016 14:00;13.08.2016 15:00;9,11
13.08.2016 15:00;13.08.2016 16:00;10,54
13.08.2016 16:00;13.08.2016 17:00;12,52
13.08.2016 17:00;13.08.2016 18:00;18,77
13.08.2016 18:00;13.08.2016 19:00;24,72
13.08.2016 19:00;13.08.2016 20:00;26,88
13.08.2016 20:00;13.08.2016 21:00;27,7
13.08.2016 21:00;13.08.2016 22:00;29,08
13.08.2016 22:00;13.08.2016 23:00;28,31
13.08.2016 23:00;14.08.2016 00:00;25,73
14.08.2016 00:00;14.08.2016 01:00;23,44
14.08.2016 01:00;14.08.2016 02:00;21,18
14.08.2016 02:00;14.08.2016 03:00;19,61
14.08.2016 03:00;14.08.2016 04:00;19,03
14.08.2016 04:00;14.08.2016 05:00;18,05
14.08.2016 05:00;14.08.2016 06:00;18,08
14.08.2016 06:00;14.08.2016 07:00;18,06
14.08.2016 07:00;14.08.2016 08:00;19,14
14.08.2016 08:00;14.08.2016 09:00;19,9
14.08.2016 09:00;14.08.2016 10:00;18,99
14.08.2016 10:00;14.08.2016 11:00;19,74
14.08.2016 11:00;14.08.2016 12:00;20,46
14.08.2016 12:00;14.08.2016 13:00;19,1
14.08.2016 13:00;14.08.2016 14:00;17,41
14.08.2016 14:00;14.08.2016 15:00;15,99
14.08.2016 15:00;14.08.2016 16:00;16,57
14.08.2016 16:00;14.08.2016 17:00;16,89
14.08.2016 17:00;14.08.2016 18:00;20,13
14.08.2016 18:00;14.08.2016 19:00;26,75
14.08.2016 19:00;14.08.2016 20:00;29,57
14.08.2016 20:00;14.08.2016 21:00;31,56
14.08.2016 21:00;14.08.2016 22:00;32,3
14.08.2016 22:00;14.08.2016 23:00;31,56
14.08.2016 23:00;15.08.2016 00:00;28,5
15.08.2016 00:00;15.08.2016 01:00;25,15
15.08.2016 01:00;15.08.2016 02:00;22,94
15.08.2016 02:00;15.08.2016 03:00;21,61
15.08.2016 03:00;15.08.2016 04:00;21,01
15.08.2016 04:00;15.08.2016 05:00;21,5
15.08.2016 05:00;15.08.2016 06:00;23,29
15.08.2016 06:00;15.08.2016 07:00;27,21
15.08.2016 07:00;15.08.2016 08:00;30,82
15.08.2016 08:00;15.08.2016 09:00;32,0
15.08.2016 09:00;15.08.2016 10:00;30,59
15.08.2016 10:00;15.08.2016 11:00;28,65
15.08.2016 11:00;15.08.2016 12:00;28,32
15.08.2016 12:00;15.08.2016 13:00;27,02
15.08.2016 13:00;15.08.2016 14:00;25,0
15.08.2016 14:00;15.08.2016 15:00;23,9
15.08.2016 15:00;15.08.2016 16:00;24,1
15.08.2016 16:00;15.08.2016 17:00;25,54
15.08.2016 17:00;15.08.2016 18:00;30,62
15.08.2016 18:00;15.08.2016 19:00;33,98
15.08.2016 19:00;15.08.2016 20:00;35,88
15.08.2016 20:00;15.08.2016 21:00;34,32
15.08.2016 21:00;15.08.2016 22:00;34,47
15.08.2016 22:00;15.08.2016 23:00;33,22
15.08.2016 23:00;16.08.2016 00:00;30,42
16.08.2016 00:00;16.08.2016 01:00;26,26
16.08.2016 01:00;16.08.2016 02:00;23,99
16.08.2016 02:00;16.08.2016 03:00;22,94
16.08.2016 03:00;16.08.2016 04:00;22,03
16.08.2016 04:00;16.08.2016 05:00;22,1
16.08.2016 05:00;16.08.2016 06:00;24,1
16.08.2016 06:00;16.08.2016 07:00;28,71
16.08.2016 07:00;16.08.2016 08:00;33,63
16.08.2016 08:00;16.08.2016 09:00;34,14
16.08.2016 09:00;16.08.2016 10:00;33,9
16.08.2016 10:00;16.08.2016 11:00;31,73
16.08.2016 11:00;16.08.2016 12:00;30,13
16.08.2016 12:00;16.08.2016 13:00;29,09
16.08.2016 13:00;16.08.2016 14:00;28,93
16.08.2016 14:00;16.08.2016 15:00;28,94
16.08.2016 15:00;16.08.2016 16:00;29,29
16.08.2016 16:00;16.08.2016 17:00;30,58
16.08.2016 17:00;16.08.2016 18:00;33,12
16.08.2016 18:00;16.08.2016 19:00;34,33
16.08.2016 19:00;16.08.2016 20:00;35,79
16.08.2016 20:00;16.08.2016 21:00;34,81
16.08.2016 21:00;16.08.2016 22:00;34,36
16.08.2016 22:00;16.08.2016 23:00;31,25
16.08.2016 23:00;17.08.2016 00:00;27,74
17.08.2016 00:00;17.08.2016 01:00;25,03
17.08.2016 01:00;17.08.2016 02:00;24,01
17.08.2016 02:00;17.08.2016 03:00;23,51
17.08.2016 03:00;17.08.2016 04:00;21,9
17.08.2016 04:00;17.08.2016 05:00;22,56
17.08.2016 05:00;17.08.2016 06:00;25,05
17.08.2016 06:00;17.08.2016 07:00;29,74
17.08.2016 07:00;17.08.2016 08:00;34,75
17.08.2016 08:00;17.08.2016 09:00;36,1
17.08.2016 09:00;17.08.2016 10:00;33,0
17.08.2016 10:00;17.08.2016 11:00;28,54
17.08.2016 11:00;17.08.2016 12:00;28,03
17.08.2016 12:00;17.08.2016 13:00;27,79
17.08.2016 13:00;17.08.2016 14:00;27,72
17.08.2016 14:00;17.08.2016 15:00;27,05
17.08.2016 15:00;17.08.2016 16:00;28,41
17.08.2016 16:00;17.08.2016 17:00;30,47
17.08.2016 17:00;17.08.2016 18:00;35,08
17.08.2016 18:00;17.08.2016 19:00;35,67
17.08.2016 19:00;17.08.2016 20:00;37,07
17.08.2016 20:00;17.08.2016 21:00;36,45
17.08.2016 21:00;17.08.2016 22:00;35,48
17.08.2016 22:00;17.08.2016 23:00;32,42
17.08.2016 23:00;18.08.2016 00:00;28,82
18.08.2016 00:00;18.08.2016 01:00;25,16
18.08.2016 01:00;18.08.2016 02:00;24,12
18.08.2016 02:00;18.08.2016 03:00;23,34
18.08.2016 03:00;18.08.2016 04:00;21,83
18.08.2016 04:00;18.08.2016 05:00;22,49
18.08.2016 05:00;18.08.2016 06:00;25,05
18.08.2016 06:00;18.08.2016 07:00;30,26
18.08.2016 07:00;18.08.2016 08:00;33,79
18.08.2016 08:00;18.08.2016 09:00;35,67
18.08.2016 09:00;18.08.2016 10:00;35,33
18.08.2016 10:00;18.08.2016 11:00;33,38
18.08.2016 11:00;18.08.2016 12:00;30,84
18.08.2016 12:00;18.08.2016 13:00;29,15
18.08.2016 13:00;18.08.2016 14:00;29,44
18.08.2016 14:00;18.08.2016 15:00;29,08
18.08.2016 15:00;18.08.2016 16:00;29,51
18.08.2016 16:00;18.08.2016 17:00;32,78
18.08.2016 17:00;18.08.2016 18:00;35,01
18.08.2016 18:00;18.08.2016 19:00;36,05
18.08.2016 19:00;18.08.2016 20:00;37,34
18.08.2016 20:00;18.08.2016 21:00;36,85
18.08.2016 21:00;18.08.2016 22:00;36,01
18.08.2016 22:00;18.08.2016 23:00;32,74
18.08.2016 23:00;19.08.2016 00:00;28,92
19.08.2016 00:00;19.08.2016 01:00;27,71
19.08.2016 01:00;19.08.2016 02:00;26,62
19.08.2016 02:00;19.08.2016 03:00;25,0
19.08.2016 03:00;19.08.2016 04:00;23,91
19.08.2016 04:00;19.08.2016 05:00;24,96
19.08.2016 05:00;19.08.2016 06:00;26,08
19.08.2016 06:00;19.08.2016 07:00;32,25
19.08.2016 07:00;19.08.2016 08:00;36,25
19.08.2016 08:00;19.08.2016 09:00;37,27
19.08.2016 09:00;19.08.2016 10:00;36,45
19.08.2016 10:00;19.08.2016 11:00;34,48
19.08.2016 11:00;19.08.2016 12:00;31,56
19.08.2016 12:00;19.08.2016 13:00;26,95
19.08.2016 13:00;19.08.2016 14:00;26,01
19.08.2016 14:00;19.08.2016 15:00;25,78
19.08.2016 15:00;19.08.2016 16:00;27,48
19.08.2016 16:00;19.08.2016 17:00;31,76
19.08.2016 17:00;19.08.2016 18:00;34,09
19.08.2016 18:00;19.08.2016 19:00;36,09
19.08.2016 19:00;19.08.2016 20:00;36,46
19.08.2016 20:00;19.08.2016 21:00;34,99
19.08.2016 21:00;19.08.2016 22:00;34,32
19.08.2016 22:00;19.08.2016 23:00;32,22
19.08.2016 23:00;20.08.2016 00:00;28,87
20.08.2016 00:00;20.08.2016 01:00;26,54
20.08.2016 01:00;20.08.2016 02:00;25,04
20.08.2016 02:00;20.08.2016 03:00;23,31
20.08.2016 03:00;20.08.2016 04:00;22,81
20.08.2016 04:00;20.08.2016 05:00;22,32
20.08.2016 05:00;20.08.2016 06:00;22,02
20.08.2016 06:00;20.08.2016 07:00;22,44
20.08.2016 07:00;20.08.2016 08:00;23,08
20.08.2016 08:00;20.08.2016 09:00;26,94
20.08.2016 09:00;20.08.2016 10:00;29,03
20.08.2016 10:00;20.08.2016 11:00;25,79
20.08.2016 11:00;20.08.2016 12:00;24,22
20.08.2016 12:00;20.08.2016 13:00;23,12
20.08.2016 13:00;20.08.2016 14:00;22,09
20.08.2016 14:00;20.08.2016 15:00;21,71
20.08.2016 15:00;20.08.2016 16:00;22,0
20.08.2016 16:00;20.08.2016 17:00;20,95
20.08.2016 17:00;20.08.2016 18:00;22,73
20.08.2016 18:00;20.08.2016 19:00;26,99
20.08.2016 19:00;20.08.2016 20:00;29,34
20.08.2016 20:00;20.08.2016 21:00;30,0
20.08.2016 21:00;20.08.2016 22:00;30,38
20.08.2016 22:00;20.08.2016 23:00;29,11
20.08.2016 23:00;21.08.2016 00:00;25,03
21.08.2016 00:00;21.08.2016 01:00;18,51
21.08.2016 01:00;21.08.2016 02:00;15,01
21.08.2016 02:00;21.08.2016 03:00;12,13
21.08.2016 03:00;21.08.2016 04:00;9,72
21.08.2016 04:00;21.08.2016 05:00;9,83
21.08.2016 05:00;21.08.2016 06:00;9,74
21.08.2016 06:00;21.08.2016 07:00;9,62
21.08.2016 07:00;21.08.2016 08:00;9,13
21.08.2016 08:00;21.08.2016 09:00;11,34
21.08.2016 09:00;21.08.2016 10:00;11,55
21.08.2016 10:00;21.08.2016 11:00;11,59
21.08.2016 11:00;21.08.2016 12:00;11,6
21.08.2016 12:00;21.08.2016 13:00;11,45
21.08.2016 13:00;21.08.2016 14:00;9,09
21.08.2016 14:00;21.08.2016 15:00;7,19
21.08.2016 15:00;21.08.2016 16:00;7,88
21.08.2016 16:00;21.08.2016 17:00;8,94
21.08.2016 17:00;21.08.2016 18:00;10,86
21.08.2016 18:00;21.08.2016 19:00;22,04
21.08.2016 19:00;21.08.2016 20:00;28,13
21.08.2016 20:00;21.08.2016 21:00;30,74
21.08.2016 21:00;21.08.2016 22:00;31,9
21.08.2016 22:00;21.08.2016 23:00;30,59
21.08.2016 23:00;22.08.2016 00:00;23,54
22.08.2016 00:00;22.08.2016 01:00;20,68
22.08.2016 01:00;22.08.2016 02:00;19,04
22.08.2016 02:00;22.08.2016 03:00;18,78
22.08.2016 03:00;22.08.2016 04:00;17,5
22.08.2016 04:00;22.08.2016 05:00;18,07
22.08.2016 05:00;22.08.2016 06:00;20,81
22.08.2016 06:00;22.08.2016 07:00;26,82
22.08.2016 07:00;22.08.2016 08:00;31,42
22.08.2016 08:00;22.08.2016 09:00;34,41
22.08.2016 09:00;22.08.2016 10:00;35,0
22.08.2016 10:00;22.08.2016 11:00;31,66
22.08.2016 11:00;22.08.2016 12:00;29,06
22.08.2016 12:00;22.08.2016 13:00;27,25
22.08.2016 13:00;22.08.2016 14:00;27,19
22.08.2016 14:00;22.08.2016 15:00;27,3
22.08.2016 15:00;22.08.2016 16:00;27,81
22.08.2016 16:00;22.08.2016 17:00;28,49
22.08.2016 17:00;22.08.2016 18:00;32,9
22.08.2016 18:00;22.08.2016 19:00;36,59
22.08.2016 19:00;22.08.2016 20:00;37,71
22.08.2016 20:00;22.08.2016 21:00;37,64
22.08.2016 21:00;22.08.2016 22:00;35,02
22.08.2016 22:00;22.08.2016 23:00;30,99
22.08.2016 23:00;23.08.2016 00:00;27,92
23.08.2016 00:00;23.08.2016 01:00;23,68
23.08.2016 01:00;23.08.2016 02:00;22,35
23.08.2016 02:00;23.08.2016 03:00;21,62
23.08.2016 03:00;23.08.2016 04:00;20,29
23.08.2016 04:00;23.08.2016 05:00;22,01
23.08.2016 05:00;23.08.2016 06:00;23,52
23.08.2016 06:00;23.08.2016 07:00;30,56
23.08.2016 07:00;23.08.2016 08:00;35,24
23.08.2016 08:00;23.08.2016 09:00;37,31
23.08.2016 09:00;23.08.2016 10:00;37,95
23.08.2016 10:00;23.08.2016 11:00;34,94
23.08.2016 11:00;23.08.2016 12:00;32,36
23.08.2016 12:00;23.08.2016 13:00;28,78
23.08.2016 13:00;23.08.2016 14:00;28,07
23.08.2016 14:00;23.08.2016 15:00;27,95
23.08.2016 15:00;23.08.2016 16:00;30,2
23.08.2016 16:00;23.08.2016 17:00;34,63
23.08.2016 17:00;23.08.2016 18:00;37,96
23.08.2016 18:00;23.08.2016 19:00;40,2
23.08.2016 19:00;23.08.2016 20:00;41,6
23.08.2016 20:00;23.08.2016 21:00;42,0
23.08.2016 21:00;23.08.2016 22:00;38,92
23.08.2016 22:00;23.08.2016 23:00;33,38
23.08.2016 23:00;24.08.2016 00:00;27,57
24.08.2016 00:00;24.08.2016 01:00;26,19
24.08.2016 01:00;24.08.2016 02:00;23,9
24.08.2016 02:00;24.08.2016 03:00;22,82
24.08.2016 03:00;24.08.2016 04:00;22,24
24.08.2016 04:00;24.08.2016 05:00;22,25
24.08.2016 05:00;24.08.2016 06:00;24,23
24.08.2016 06:00;24.08.2016 07:00;30,85
24.08.2016 07:00;24.08.2016 08:00;34,9
24.08.2016 08:00;24.08.2016 09:00;36,02
24.08.2016 09:00;24.08.2016 10:00;34,93
24.08.2016 10:00;24.08.2016 11:00;29,96
24.08.2016 11:00;24.08.2016 12:00;27,56
24.08.2016 12:00;24.08.2016 13:00;26,83
24.08.2016 13:00;24.08.2016 14:00;26,24
24.08.2016 14:00;24.08.2016 15:00;26,0
24.08.2016 15:00;24.08.2016 16:00;30,48
24.08.2016 16:00;24.08.2016 17:00;32,97
24.08.2016 17:00;24.08.2016 18:00;34,95
24.08.2016 18:00;24.08.2016 19:00;37,69
24.08.2016 19:00;24.08.2016 20:00;38,44
24.08.2016 20:00;24.08.2016 21:00;37,99
24.08.2016 21:00;24.08.2016 22:00;34,01
24.08.2016 22:00;24.08.2016 23:00;28,61
24.08.2016 23:00;25.08.2016 00:00;24,49
25.08.2016 00:00;25.08.2016 01:00;21,96
25.08.2016 01:00;25.08.2016 02:00;21,86
25.08.2016 02:00;25.08.2016 03:00;20,97
25.08.2016 03:00;25.08.2016 04:00;21,16
25.08.2016 04:00;25.08.2016 05:00;21,45
25.08.2016 05:00;25.08.2016 06:00;23,3
25.08.2016 06:00;25.08.2016 07:00;30,33
25.08.2016 07:00;25.08.2016 08:00;34,2
25.08.2016 08:00;25.08.2016 09:00;35,7
25.08.2016 09:00;25.08.2016 10:00;34,91
25.08.2016 10:00;25.08.2016 11:00;29,26
25.08.2016 11:00;25.08.2016 12:00;27,78
25.08.2016 12:00;25.08.2016 13:00;26,81
25.08.2016 13:00;25.08.2016 14:00;25,42
25.08.2016 14:00;25.08.2016 15:00;24,98
25.08.2016 15:00;25.08.2016 16:00;27,26
25.08.2016 16:00;25.08.2016 17:00;30,17
25.08.2016 17:00;25.08.2016 18:00;34,0
25.08.2016 18:00;25.08.2016 19:00;36,65
25.08.2016 19:00;25.08.2016 20:00;38,78
25.08.2016 20:00;25.08.2016 21:00;37,96
25.08.2016 21:00;25.08.2016 22:00;34,16
25.08.2016 22:00;25.08.2016 23:00;27,98
25.08.2016 23:00;26.08.2016 00:00;24,26
26.08.2016 00:00;26.08.2016 01:00;22,1
26.08.2016 01:00;26.08.2016 02:00;20,34
26.08.2016 02:00;26.08.2016 03:00;20,31
26.08.2016 03:00;26.08.2016 04:00;20,23
26.08.2016 04:00;26.08.2016 05:00;21,25
26.08.2016 05:00;26.08.2016 06:00;23,1
26.08.2016 06:00;26.08.2016 07:00;29,0
26.08.2016 07:00;26.08.2016 08:00;34,47
26.08.2016 08:00;26.08.2016 09:00;35,9
26.08.2016 09:00;26.08.2016 10:00;34,92
26.08.2016 10:00;26.08.2016 11:00;32,55
26.08.2016 11:00;26.08.2016 12:00;28,87
26.08.2016 12:00;26.08.2016 13:00;26,67
26.08.2016 13:00;26.08.2016 14:00;25,13
26.08.2016 14:00;26.08.2016 15:00;24,49
26.08.2016 15:00;26.08.2016 16:00;26,68
26.08.2016 16:00;26.08.2016 17:00;29,73
26.08.2016 17:00;26.08.2016 18:00;34,92
26.08.2016 18:00;26.08.2016 19:00;38,45
26.08.2016 19:00;26.08.2016 20:00;41,99
26.08.2016 20:00;26.08.2016 21:00;39,01
26.08.2016 21:00;26.08.2016 22:00;37,06
26.08.2016 22:00;26.08.2016 23:00;32,09
26.08.2016 23:00;27.08.2016 00:00;27,22
27.08.2016 00:00;27.08.2016 01:00;25,93
27.08.2016 01:00;27.08.2016 02:00;24,05
27.08.2016 02:00;27.08.2016 03:00;23,0
27.08.2016 03:00;27.08.2016 04:00;23,07
27.08.2016 04:00;27.08.2016 05:00;23,28
27.08.2016 05:00;27.08.2016 06:00;23,18
27.08.2016 06:00;27.08.2016 07:00;25,28
27.08.2016 07:00;27.08.2016 08:00;26,84
27.08.2016 08:00;27.08.2016 09:00;29,5
27.08.2016 09:00;27.08.2016 10:00;29,56
27.08.2016 10:00;27.08.2016 11:00;25,14
27.08.2016 11:00;27.08.2016 12:00;23,02
27.08.2016 12:00;27.08.2016 13:00;21,93
27.08.2016 13:00;27.08.2016 14:00;20,03
27.08.2016 14:00;27.08.2016 15:00;19,96
27.08.2016 15:00;27.08.2016 16:00;20,76
27.08.2016 16:00;27.08.2016 17:00;23,03
27.08.2016 17:00;27.08.2016 18:00;28,41
27.08.2016 18:00;27.08.2016 19:00;34,94
27.08.2016 19:00;27.08.2016 20:00;35,36
27.08.2016 20:00;27.08.2016 21:00;34,95
27.08.2016 21:00;27.08.2016 22:00;33,61
27.08.2016 22:00;27.08.2016 23:00;29,92
27.08.2016 23:00;28.08.2016 00:00;24,73
28.08.2016 00:00;28.08.2016 01:00;23,14
28.08.2016 01:00;28.08.2016 02:00;20,98
28.08.2016 02:00;28.08.2016 03:00;21,01
28.08.2016 03:00;28.08.2016 04:00;21,29
28.08.2016 04:00;28.08.2016 05:00;19,85
28.08.2016 05:00;28.08.2016 06:00;19,83
28.08.2016 06:00;28.08.2016 07:00;20,48
28.08.2016 07:00;28.08.2016 08:00;20,18
28.08.2016 08:00;28.08.2016 09:00;22,07
28.08.2016 09:00;28.08.2016 10:00;23,19
28.08.2016 10:00;28.08.2016 11:00;20,07
28.08.2016 11:00;28.08.2016 12:00;20,09
28.08.2016 12:00;28.08.2016 13:00;13,38
28.08.2016 13:00;28.08.2016 14:00;10,05
28.08.2016 14:00;28.08.2016 15:00;8,99
28.08.2016 15:00;28.08.2016 16:00;13,51
28.08.2016 16:00;28.08.2016 17:00;18,15
28.08.2016 17:00;28.08.2016 18:00;22,26
28.08.2016 18:00;28.08.2016 19:00;29,01
28.08.2016 19:00;28.08.2016 20:00;32,95
28.08.2016 20:00;28.08.2016 21:00;33,92
28.08.2016 21:00;28.08.2016 22:00;33,25
28.08.2016 22:00;28.08.2016 23:00;29,97
28.08.2016 23:00;29.08.2016 00:00;23,3
29.08.2016 00:00;29.08.2016 01:00;22,16
29.08.2016 01:00;29.08.2016 02:00;23,02
29.08.2016 02:00;29.08.2016 03:00;22,09
29.08.2016 03:00;29.08.2016 04:00;22,09
29.08.2016 04:00;29.08.2016 05:00;22,61
29.08.2016 05:00;29.08.2016 06:00;24,52
29.08.2016 06:00;29.08.2016 07:00;34,95
29.08.2016 07:00;29.08.2016 08:00;40,26
29.08.2016 08:00;29.08.2016 09:00;41,69
29.08.2016 09:00;29.08.2016 10:00;35,32
29.08.2016 10:00;29.08.2016 11:00;30,98
29.08.2016 11:00;29.08.2016 12:00;28,96
29.08.2016 12:00;29.08.2016 13:00;26,33
29.08.2016 13:00;29.08.2016 14:00;24,95
29.08.2016 14:00;29.08.2016 15:00;22,98
29.08.2016 15:00;29.08.2016 16:00;23,02
29.08.2016 16:00;29.08.2016 17:00;22,99
29.08.2016 17:00;29.08.2016 18:00;30,0
29.08.2016 18:00;29.08.2016 19:00;34,01
29.08.2016 19:00;29.08.2016 20:00;36,64
29.08.2016 20:00;29.08.2016 21:00;37,55
29.08.2016 21:00;29.08.2016 22:00;34,09
29.08.2016 22:00;29.08.2016 23:00;29,29
29.08.2016 23:00;30.08.2016 00:00;24,19
30.08.2016 00:00;30.08.2016 01:00;24,85
30.08.2016 01:00;30.08.2016 02:00;24,15
30.08.2016 02:00;30.08.2016 03:00;23,74
30.08.2016 03:00;30.08.2016 04:00;23,35
30.08.2016 04:00;30.08.2016 05:00;22,74
30.08.2016 05:00;30.08.2016 06:00;24,14
30.08.2016 06:00;30.08.2016 07:00;32,65
30.08.2016 07:00;30.08.2016 08:00;40,59
30.08.2016 08:00;30.08.2016 09:00;43,82
30.08.2016 09:00;30.08.2016 10:00;38,03
30.08.2016 10:00;30.08.2016 11:00;32,0
30.08.2016 11:00;30.08.2016 12:00;30,06
30.08.2016 12:00;30.08.2016 13:00;27,07
30.08.2016 13:00;30.08.2016 14:00;26,97
30.08.2016 14:00;30.08.2016 15:00;26,86
30.08.2016 15:00;30.08.2016 16:00;28,96
30.08.2016 16:00;30.08.2016 17:00;33,33
30.08.2016 17:00;30.08.2016 18:00;37,77
30.08.2016 18:00;30.08.2016 19:00;40,6
30.08.2016 19:00;30.08.2016 20:00;43,71
30.08.2016 20:00;30.08.2016 21:00;44,83
30.08.2016 21:00;30.08.2016 22:00;40,83
30.08.2016 22:00;30.08.2016 23:00;32,96
30.08.2016 23:00;31.08.2016 00:00;26,64
31.08.2016 00:00;31.08.2016 01:00;25,6
31.08.2016 01:00;31.08.2016 02:00;24,02
31.08.2016 02:00;31.08.2016 03:00;23,48
31.08.2016 03:00;31.08.2016 04:00;22,77
31.08.2016 04:00;31.08.2016 05:00;22,79
31.08.2016 05:00;31.08.2016 06:00;25,34
31.08.2016 06:00;31.08.2016 07:00;32,98
31.08.2016 07:00;31.08.2016 08:00;40,46
31.08.2016 08:00;31.08.2016 09:00;42,04
31.08.2016 09:00;31.08.2016 10:00;36,13
31.08.2016 10:00;31.08.2016 11:00;29,59
31.08.2016 11:00;31.08.2016 12:00;28,19
31.08.2016 12:00;31.08.2016 13:00;26,78
31.08.2016 13:00;31.08.2016 14:00;27,06
31.08.2016 14:00;31.08.2016 15:00;26,91
31.08.2016 15:00;31.08.2016 16:00;27,05
31.08.2016 16:00;31.08.2016 17:00;30,79
31.08.2016 17:00;31.08.2016 18:00;35,94
31.08.2016 18:00;31.08.2016 19:00;38,96
31.08.2016 19:00;31.08.2016 20:00;40,94
31.08.2016 20:00;31.08.2016 21:00;39,61
31.08.2016 21:00;31.08.2016 22:00;35,96
31.08.2016 22:00;31.08.2016 23:00;28,38
31.08.2016 23:00;01.09.2016 00:00;24,2
01.09.2016 00:00;01.09.2016 01:00;24,34
01.09.2016 01:00;01.09.2016 02:00;23,73
01.09.2016 02:00;01.09.2016 03:00;23,37
01.09.2016 03:00;01.09.2016 04:00;22,98
01.09.2016 04:00;01.09.2016 05:00;23,59
01.09.2016 05:00;01.09.2016 06:00;25,1
01.09.2016 06:00;01.09.2016 07:00;32,95
01.09.2016 07:00;01.09.2016 08:00;37,97
01.09.2016 08:00;01.09.2016 09:00;41,08
01.09.2016 09:00;01.09.2016 10:00;38,24
01.09.2016 10:00;01.09.2016 11:00;34,92
01.09.2016 11:00;01.09.2016 12:00;32,98
01.09.2016 12:00;01.09.2016 13:00;29,93
01.09.2016 13:00;01.09.2016 14:00;28,68
01.09.2016 14:00;01.09.2016 15:00;27,87
01.09.2016 15:00;01.09.2016 16:00;27,88
01.09.2016 16:00;01.09.2016 17:00;28,96
01.09.2016 17:00;01.09.2016 18:00;34,06
01.09.2016 18:00;01.09.2016 19:00;36,82
01.09.2016 19:00;01.09.2016 20:00;38,96
01.09.2016 20:00;01.09.2016 21:00;40,44
01.09.2016 21:00;01.09.2016 22:00;37,93
01.09.2016 22:00;01.09.2016 23:00;30,43
01.09.2016 23:00;02.09.2016 00:00;26,93
02.09.2016 00:00;02.09.2016 01:00;25,64
02.09.2016 01:00;02.09.2016 02:00;23,89
02.09.2016 02:00;02.09.2016 03:00;23,76
02.09.2016 03:00;02.09.2016 04:00;22,91
02.09.2016 04:00;02.09.2016 05:00;23,1
02.09.2016 05:00;02.09.2016 06:00;25,97
02.09.2016 06:00;02.09.2016 07:00;33,08
02.09.2016 07:00;02.09.2016 08:00;38,41
02.09.2016 08:00;02.09.2016 09:00;40,5
02.09.2016 09:00;02.09.2016 10:00;37,91
02.09.2016 10:00;02.09.2016 11:00;32,84
02.09.2016 11:00;02.09.2016 12:00;29,59
02.09.2016 12:00;02.09.2016 13:00;26,81
02.09.2016 13:00;02.09.2016 14:00;25,69
02.09.2016 14:00;02.09.2016 15:00;25,85
02.09.2016 15:00;02.09.2016 16:00;27,94
02.09.2016 16:00;02.09.2016 17:00;29,17
02.09.2016 17:00;02.09.2016 18:00;34,01
02.09.2016 18:00;02.09.2016 19:00;37,56
02.09.2016 19:00;02.09.2016 20:00;37,98
02.09.2016 20:00;02.09.2016 21:00;38,79
02.09.2016 21:00;02.09.2016 22:00;34,99
02.09.2016 22:00;02.09.2016 23:00;29,09
02.09.2016 23:00;03.09.2016 00:00;27,61
03.09.2016 00:00;03.09.2016 01:00;31,41
03.09.2016 01:00;03.09.2016 02:00;28,04
03.09.2016 02:00;03.09.2016 03:00;25,37
03.09.2016 03:00;03.09.2016 04:00;24,88
03.09.2016 04:00;03.09.2016 05:00;24,02
03.09.2016 05:00;03.09.2016 06:00;24,92
03.09.2016 06:00;03.09.2016 07:00;25,65
03.09.2016 07:00;03.09.2016 08:00;29,44
03.09.2016 08:00;03.09.2016 09:00;31,55
03.09.2016 09:00;03.09.2016 10:00;32,95
03.09.2016 10:00;03.09.2016 11:00;30,35
03.09.2016 11:00;03.09.2016 12:00;29,06
03.09.2016 12:00;03.09.2016 13:00;27,16
03.09.2016 13:00;03.09.2016 14:00;25,09
03.09.2016 14:00;03.09.2016 15:00;25,11
03.09.2016 15:00;03.09.2016 16:00;25,36
03.09.2016 16:00;03.09.2016 17:00;26,85
03.09.2016 17:00;03.09.2016 18:00;30,44
03.09.2016 18:00;03.09.2016 19:00;34,27
03.09.2016 19:00;03.09.2016 20:00;37,56
03.09.2016 20:00;03.09.2016 21:00;38,56
03.09.2016 21:00;03.09.2016 22:00;37,67
03.09.2016 22:00;03.09.2016 23:00;33,01
03.09.2016 23:00;04.09.2016 00:00;28,93
04.09.2016 00:00;04.09.2016 01:00;27,7
04.09.2016 01:00;04.09.2016 02:00;25,02
04.09.2016 02:00;04.09.2016 03:00;23,09
04.09.2016 03:00;04.09.2016 04:00;22,04
04.09.2016 04:00;04.09.2016 05:00;20,81
04.09.2016 05:00;04.09.2016 06:00;20,09
04.09.2016 06:00;04.09.2016 07:00;20,03
04.09.2016 07:00;04.09.2016 08:00;22,02
04.09.2016 08:00;04.09.2016 09:00;22,38
04.09.2016 09:00;04.09.2016 10:00;23,5
04.09.2016 10:00;04.09.2016 11:00;23,58
04.09.2016 11:00;04.09.2016 12:00;24,99
04.09.2016 12:00;04.09.2016 13:00;24,85
04.09.2016 13:00;04.09.2016 14:00;23,49
04.09.2016 14:00;04.09.2016 15:00;20,79
04.09.2016 15:00;04.09.2016 16:00;20,52
04.09.2016 16:00;04.09.2016 17:00;21,26
04.09.2016 17:00;04.09.2016 18:00;22,94
04.09.2016 18:00;04.09.2016 19:00;26,94
04.09.2016 19:00;04.09.2016 20:00;30,31
04.09.2016 20:00;04.09.2016 21:00;33,83
04.09.2016 21:00;04.09.2016 22:00;31,79
04.09.2016 22:00;04.09.2016 23:00;29,53
04.09.2016 23:00;05.09.2016 00:00;25,06
05.09.2016 00:00;05.09.2016 01:00;23,18
05.09.2016 01:00;05.09.2016 02:00;22,3
05.09.2016 02:00;05.09.2016 03:00;22,42
05.09.2016 03:00;05.09.2016 04:00;21,73
05.09.2016 04:00;05.09.2016 05:00;22,96
05.09.2016 05:00;05.09.2016 06:00;24,96
05.09.2016 06:00;05.09.2016 07:00;33,6
05.09.2016 07:00;05.09.2016 08:00;42,98
05.09.2016 08:00;05.09.2016 09:00;44,42
05.09.2016 09:00;05.09.2016 10:00;43,31
05.09.2016 10:00;05.09.2016 11:00;44,97
05.09.2016 11:00;05.09.2016 12:00;48,01
05.09.2016 12:00;05.09.2016 13:00;45,98
05.09.2016 13:00;05.09.2016 14:00;44,22
05.09.2016 14:00;05.09.2016 15:00;42,58
05.09.2016 15:00;05.09.2016 16:00;43,03
05.09.2016 16:00;05.09.2016 17:00;41,9
05.09.2016 17:00;05.09.2016 18:00;41,98
05.09.2016 18:00;05.09.2016 19:00;39,92
05.09.2016 19:00;05.09.2016 20:00;43,12
05.09.2016 20:00;05.09.2016 21:00;44,08
05.09.2016 21:00;05.09.2016 22:00;40,0
05.09.2016 22:00;05.09.2016 23:00;32,96
05.09.2016 23:00;06.09.2016 00:00;28,07
06.09.2016 00:00;06.09.2016 01:00;27,68
06.09.2016 01:00;06.09.2016 02:00;25,98
06.09.2016 02:00;06.09.2016 03:00;24,84
06.09.2016 03:00;06.09.2016 04:00;23,76
06.09.2016 04:00;06.09.2016 05:00;23,92
06.09.2016 05:00;06.09.2016 06:00;26,43
06.09.2016 06:00;06.09.2016 07:00;34,37
06.09.2016 07:00;06.09.2016 08:00;42,97
06.09.2016 08:00;06.09.2016 09:00;44,63
06.09.2016 09:00;06.09.2016 10:00;41,96
06.09.2016 10:00;06.09.2016 11:00;35,9
06.09.2016 11:00;06.09.2016 12:00;33,76
06.09.2016 12:00;06.09.2016 13:00;28,48
06.09.2016 13:00;06.09.2016 14:00;27,98
06.09.2016 14:00;06.09.2016 15:00;28,59
06.09.2016 15:00;06.09.2016 16:00;29,02
06.09.2016 16:00;06.09.2016 17:00;31,46
06.09.2016 17:00;06.09.2016 18:00;37,95
06.09.2016 18:00;06.09.2016 19:00;42,01
06.09.2016 19:00;06.09.2016 20:00;45,16
06.09.2016 20:00;06.09.2016 21:00;43,92
06.09.2016 21:00;06.09.2016 22:00;38,55
06.09.2016 22:00;06.09.2016 23:00;28,0
06.09.2016 23:00;07.09.2016 00:00;26,82
07.09.2016 00:00;07.09.2016 01:00;24,8
07.09.2016 01:00;07.09.2016 02:00;23,64
07.09.2016 02:00;07.09.2016 03:00;23,32
07.09.2016 03:00;07.09.2016 04:00;23,16
07.09.2016 04:00;07.09.2016 05:00;23,18
07.09.2016 05:00;07.09.2016 06:00;25,11
07.09.2016 06:00;07.09.2016 07:00;32,42
07.09.2016 07:00;07.09.2016 08:00;37,97
07.09.2016 08:00;07.09.2016 09:00;38,13
07.09.2016 09:00;07.09.2016 10:00;34,07
07.09.2016 10:00;07.09.2016 11:00;29,95
07.09.2016 11:00;07.09.2016 12:00;28,92
07.09.2016 12:00;07.09.2016 13:00;26,92
07.09.2016 13:00;07.09.2016 14:00;26,41
07.09.2016 14:00;07.09.2016 15:00;27,25
07.09.2016 15:00;07.09.2016 16:00;27,92
07.09.2016 16:00;07.09.2016 17:00;28,93
07.09.2016 17:00;07.09.2016 18:00;36,93
07.09.2016 18:00;07.09.2016 19:00;40,7
07.09.2016 19:00;07.09.2016 20:00;44,35
07.09.2016 20:00;07.09.2016 21:00;41,9
07.09.2016 21:00;07.09.2016 22:00;36,94
07.09.2016 22:00;07.09.2016 23:00;28,85
07.09.2016 23:00;08.09.2016 00:00;26,59
08.09.2016 00:00;08.09.2016 01:00;25,59
08.09.2016 01:00;08.09.2016 02:00;24,07
08.09.2016 02:00;08.09.2016 03:00;23,5
08.09.2016 03:00;08.09.2016 04:00;23,08
08.09.2016 04:00;08.09.2016 05:00;23,1
08.09.2016 05:00;08.09.2016 06:00;24,24
08.09.2016 06:00;08.09.2016 07:00;31,91
08.09.2016 07:00;08.09.2016 08:00;38,71
08.09.2016 08:00;08.09.2016 09:00;39,62
08.09.2016 09:00;08.09.2016 10:00;38,31
08.09.2016 10:00;08.09.2016 11:00;32,92
08.09.2016 11:00;08.09.2016 12:00;28,67
08.09.2016 12:00;08.09.2016 13:00;27,48
08.09.2016 13:00;08.09.2016 14:00;26,28
08.09.2016 14:00;08.09.2016 15:00;26,85
08.09.2016 15:00;08.09.2016 16:00;27,7
08.09.2016 16:00;08.09.2016 17:00;29,51
08.09.2016 17:00;08.09.2016 18:00;35,92
08.09.2016 18:00;08.09.2016 19:00;40,41
08.09.2016 19:00;08.09.2016 20:00;42,59
08.09.2016 20:00;08.09.2016 21:00;41,3
08.09.2016 21:00;08.09.2016 22:00;36,91
08.09.2016 22:00;08.09.2016 23:00;28,65
08.09.2016 23:00;09.09.2016 00:00;25,99
09.09.2016 00:00;09.09.2016 01:00;25,08
09.09.2016 01:00;09.09.2016 02:00;23,81
09.09.2016 02:00;09.09.2016 03:00;23,49
09.09.2016 03:00;09.09.2016 04:00;22,97
09.09.2016 04:00;09.09.2016 05:00;23,26
09.09.2016 05:00;09.09.2016 06:00;24,82
09.09.2016 06:00;09.09.2016 07:00;33,77
09.09.2016 07:00;09.09.2016 08:00;40,22
09.09.2016 08:00;09.09.2016 09:00;41,94
09.09.2016 09:00;09.09.2016 10:00;40,99
09.09.2016 10:00;09.09.2016 11:00;36,88
09.09.2016 11:00;09.09.2016 12:00;34,06
09.09.2016 12:00;09.09.2016 13:00;31,8
09.09.2016 13:00;09.09.2016 14:00;29,04
09.09.2016 14:00;09.09.2016 15:00;27,86
09.09.2016 15:00;09.09.2016 16:00;29,49
09.09.2016 16:00;09.09.2016 17:00;30,29
09.09.2016 17:00;09.09.2016 18:00;35,89
09.09.2016 18:00;09.09.2016 19:00;39,77
09.09.2016 19:00;09.09.2016 20:00;41,92
09.09.2016 20:00;09.09.2016 21:00;41,42
09.09.2016 21:00;09.09.2016 22:00;38,27
09.09.2016 22:00;09.09.2016 23:00;30,73
09.09.2016 23:00;10.09.2016 00:00;28,01
10.09.2016 00:00;10.09.2016 01:00;33,02
10.09.2016 01:00;10.09.2016 02:00;27,11
10.09.2016 02:00;10.09.2016 03:00;27,42
10.09.2016 03:00;10.09.2016 04:00;24,25
10.09.2016 04:00;10.09.2016 05:00;23,75
10.09.2016 05:00;10.09.2016 06:00;24,2
10.09.2016 06:00;10.09.2016 07:00;25,51
10.09.2016 07:00;10.09.2016 08:00;29,04
10.09.2016 08:00;10.09.2016 09:00;29,75
10.09.2016 09:00;10.09.2016 10:00;29,94
10.09.2016 10:00;10.09.2016 11:00;25,22
10.09.2016 11:00;10.09.2016 12:00;23,69
10.09.2016 12:00;10.09.2016 13:00;23,08
10.09.2016 13:00;10.09.2016 14:00;23,06
10.09.2016 14:00;10.09.2016 15:00;23,06
10.09.2016 15:00;10.09.2016 16:00;25,61
10.09.2016 16:00;10.09.2016 17:00;28,65
10.09.2016 17:00;10.09.2016 18:00;31,99
10.09.2016 18:00;10.09.2016 19:00;34,05
10.09.2016 19:00;10.09.2016 20:00;38,7
10.09.2016 20:00;10.09.2016 21:00;38,98
10.09.2016 21:00;10.09.2016 22:00;34,08
10.09.2016 22:00;10.09.2016 23:00;30,65
10.09.2016 23:00;11.09.2016 00:00;26,76
11.09.2016 00:00;11.09.2016 01:00;24,05
11.09.2016 01:00;11.09.2016 02:00;22,87
11.09.2016 02:00;11.09.2016 03:00;22,51
11.09.2016 03:00;11.09.2016 04:00;21,73
11.09.2016 04:00;11.09.2016 05:00;21,1
11.09.2016 05:00;11.09.2016 06:00;22,09
11.09.2016 06:00;11.09.2016 07:00;22,94
11.09.2016 07:00;11.09.2016 08:00;22,93
11.09.2016 08:00;11.09.2016 09:00;24,07
11.09.2016 09:00;11.09.2016 10:00;25,11
11.09.2016 10:00;11.09.2016 11:00;24,96
11.09.2016 11:00;11.09.2016 12:00;25,48
11.09.2016 12:00;11.09.2016 13:00;25,16
11.09.2016 13:00;11.09.2016 14:00;24,54
11.09.2016 14:00;11.09.2016 15:00;23,48
11.09.2016 15:00;11.09.2016 16:00;23,42
11.09.2016 16:00;11.09.2016 17:00;24,01
11.09.2016 17:00;11.09.2016 18:00;28,73
11.09.2016 18:00;11.09.2016 19:00;36,36
11.09.2016 19:00;11.09.2016 20:00;39,85
11.09.2016 20:00;11.09.2016 21:00;42,57
11.09.2016 21:00;11.09.2016 22:00;38,93
11.09.2016 22:00;11.09.2016 23:00;35,94
11.09.2016 23:00;12.09.2016 00:00;31,27
12.09.2016 00:00;12.09.2016 01:00;24,06
12.09.2016 01:00;12.09.2016 02:00;23,45
12.09.2016 02:00;12.09.2016 03:00;22,88
12.09.2016 03:00;12.09.2016 04:00;22,15
12.09.2016 04:00;12.09.2016 05:00;22,75
12.09.2016 05:00;12.09.2016 06:00;24,12
12.09.2016 06:00;12.09.2016 07:00;36,69
12.09.2016 07:00;12.09.2016 08:00;43,0
12.09.2016 08:00;12.09.2016 09:00;42,53
12.09.2016 09:00;12.09.2016 10:00;39,43
12.09.2016 10:00;12.09.2016 11:00;33,5
12.09.2016 11:00;12.09.2016 12:00;30,71
12.09.2016 12:00;12.09.2016 13:00;30,16
12.09.2016 13:00;12.09.2016 14:00;29,61
12.09.2016 14:00;12.09.2016 15:00;31,15
12.09.2016 15:00;12.09.2016 16:00;32,69
12.09.2016 16:00;12.09.2016 17:00;36,66
12.09.2016 17:00;12.09.2016 18:00;41,81
12.09.2016 18:00;12.09.2016 19:00;42,97
12.09.2016 19:00;12.09.2016 20:00;46,73
12.09.2016 20:00;12.09.2016 21:00;42,83
12.09.2016 21:00;12.09.2016 22:00;37,93
12.09.2016 22:00;12.09.2016 23:00;30,65
12.09.2016 23:00;13.09.2016 00:00;26,59
13.09.2016 00:00;13.09.2016 01:00;26,64
13.09.2016 01:00;13.09.2016 02:00;24,8
13.09.2016 02:00;13.09.2016 03:00;24,01
13.09.2016 03:00;13.09.2016 04:00;23,52
13.09.2016 04:00;13.09.2016 05:00;23,55
13.09.2016 05:00;13.09.2016 06:00;26,39
13.09.2016 06:00;13.09.2016 07:00;37,48
13.09.2016 07:00;13.09.2016 08:00;44,44
13.09.2016 08:00;13.09.2016 09:00;42,76
13.09.2016 09:00;13.09.2016 10:00;38,92
13.09.2016 10:00;13.09.2016 11:00;35,91
13.09.2016 11:00;13.09.2016 12:00;32,74
13.09.2016 12:00;13.09.2016 13:00;28,13
13.09.2016 13:00;13.09.2016 14:00;27,62
13.09.2016 14:00;13.09.2016 15:00;28,73
13.09.2016 15:00;13.09.2016 16:00;28,25
13.09.2016 16:00;13.09.2016 17:00;30,23
13.09.2016 17:00;13.09.2016 18:00;37,42
13.09.2016 18:00;13.09.2016 19:00;40,42
13.09.2016 19:00;13.09.2016 20:00;41,93
13.09.2016 20:00;13.09.2016 21:00;38,94
13.09.2016 21:00;13.09.2016 22:00;33,52
13.09.2016 22:00;13.09.2016 23:00;25,76
13.09.2016 23:00;14.09.2016 00:00;24,27
14.09.2016 00:00;14.09.2016 01:00;23,0
14.09.2016 01:00;14.09.2016 02:00;22,17
14.09.2016 02:00;14.09.2016 03:00;21,34
14.09.2016 03:00;14.09.2016 04:00;21,85
14.09.2016 04:00;14.09.2016 05:00;22,74
14.09.2016 05:00;14.09.2016 06:00;23,31
14.09.2016 06:00;14.09.2016 07:00;33,22
14.09.2016 07:00;14.09.2016 08:00;38,98
14.09.2016 08:00;14.09.2016 09:00;39,9
14.09.2016 09:00;14.09.2016 10:00;34,95
14.09.2016 10:00;14.09.2016 11:00;31,8
14.09.2016 11:00;14.09.2016 12:00;31,9
14.09.2016 12:00;14.09.2016 13:00;27,03
14.09.2016 13:00;14.09.2016 14:00;25,23
14.09.2016 14:00;14.09.2016 15:00;26,22
14.09.2016 15:00;14.09.2016 16:00;26,95
14.09.2016 16:00;14.09.2016 17:00;28,55
14.09.2016 17:00;14.09.2016 18:00;35,69
14.09.2016 18:00;14.09.2016 19:00;37,66
14.09.2016 19:00;14.09.2016 20:00;37,44
14.09.2016 20:00;14.09.2016 21:00;34,1
14.09.2016 21:00;14.09.2016 22:00;26,84
14.09.2016 22:00;14.09.2016 23:00;24,27
14.09.2016 23:00;15.09.2016 00:00;22,96
15.09.2016 00:00;15.09.2016 01:00;22,93
15.09.2016 01:00;15.09.2016 02:00;21,88
15.09.2016 02:00;15.09.2016 03:00;21,42
15.09.2016 03:00;15.09.2016 04:00;21,13
15.09.2016 04:00;15.09.2016 05:00;21,35
15.09.2016 05:00;15.09.2016 06:00;23,05
15.09.2016 06:00;15.09.2016 07:00;27,01
15.09.2016 07:00;15.09.2016 08:00;37,08
15.09.2016 08:00;15.09.2016 09:00;37,01
15.09.2016 09:00;15.09.2016 10:00;33,71
15.09.2016 10:00;15.09.2016 11:00;27,96
15.09.2016 11:00;15.09.2016 12:00;26,83
15.09.2016 12:00;15.09.2016 13:00;24,79
15.09.2016 13:00;15.09.2016 14:00;24,71
15.09.2016 14:00;15.09.2016 15:00;23,99
15.09.2016 15:00;15.09.2016 16:00;26,63
15.09.2016 16:00;15.09.2016 17:00;26,99
15.09.2016 17:00;15.09.2016 18:00;32,15
15.09.2016 18:00;15.09.2016 19:00;37,22
15.09.2016 19:00;15.09.2016 20:00;38,86
15.09.2016 20:00;15.09.2016 21:00;37,41
15.09.2016 21:00;15.09.2016 22:00;29,0
15.09.2016 22:00;15.09.2016 23:00;25,06
15.09.2016 23:00;16.09.2016 00:00;23,02
16.09.2016 00:00;16.09.2016 01:00;22,26
16.09.2016 01:00;16.09.2016 02:00;21,24
16.09.2016 02:00;16.09.2016 03:00;21,22
16.09.2016 03:00;16.09.2016 04:00;21,29
16.09.2016 04:00;16.09.2016 05:00;20,35
16.09.2016 05:00;16.09.2016 06:00;22,59
16.09.2016 06:00;16.09.2016 07:00;31,47
16.09.2016 07:00;16.09.2016 08:00;39,96
16.09.2016 08:00;16.09.2016 09:00;40,7
16.09.2016 09:00;16.09.2016 10:00;39,98
16.09.2016 10:00;16.09.2016 11:00;38,98
16.09.2016 11:00;16.09.2016 12:00;37,81
16.09.2016 12:00;16.09.2016 13:00;36,0
16.09.2016 13:00;16.09.2016 14:00;31,95
16.09.2016 14:00;16.09.2016 15:00;29,84
16.09.2016 15:00;16.09.2016 16:00;33,99
16.09.2016 16:00;16.09.2016 17:00;35,61
16.09.2016 17:00;16.09.2016 18:00;38,28
16.09.2016 18:00;16.09.2016 19:00;40,1
16.09.2016 19:00;16.09.2016 20:00;41,75
16.09.2016 20:00;16.09.2016 21:00;40,99
16.09.2016 21:00;16.09.2016 22:00;36,5
16.09.2016 22:00;16.09.2016 23:00;30,74
16.09.2016 23:00;17.09.2016 00:00;25,16
17.09.2016 00:00;17.09.2016 01:00;29,84
17.09.2016 01:00;17.09.2016 02:00;26,32
17.09.2016 02:00;17.09.2016 03:00;24,08
17.09.2016 03:00;17.09.2016 04:00;22,81
17.09.2016 04:00;17.09.2016 05:00;22,25
17.09.2016 05:00;17.09.2016 06:00;22,91
17.09.2016 06:00;17.09.2016 07:00;24,91
17.09.2016 07:00;17.09.2016 08:00;27,92
17.09.2016 08:00;17.09.2016 09:00;31,41
17.09.2016 09:00;17.09.2016 10:00;36,93
17.09.2016 10:00;17.09.2016 11:00;36,91
17.09.2016 11:00;17.09.2016 12:00;36,08
17.09.2016 12:00;17.09.2016 13:00;30,53
17.09.2016 13:00;17.09.2016 14:00;25,1
17.09.2016 14:00;17.09.2016 15:00;24,79
17.09.2016 15:00;17.09.2016 16:00;24,14
17.09.2016 16:00;17.09.2016 17:00;24,93
17.09.2016 17:00;17.09.2016 18:00;27,85
17.09.2016 18:00;17.09.2016 19:00;27,03
17.09.2016 19:00;17.09.2016 20:00;32,52
17.09.2016 20:00;17.09.2016 21:00;31,98
17.09.2016 21:00;17.09.2016 22:00;24,57
17.09.2016 22:00;17.09.2016 23:00;23,51
17.09.2016 23:00;18.09.2016 00:00;23,19
18.09.2016 00:00;18.09.2016 01:00;21,22
18.09.2016 01:00;18.09.2016 02:00;22,39
18.09.2016 02:00;18.09.2016 03:00;21,22
18.09.2016 03:00;18.09.2016 04:00;20,0
18.09.2016 04:00;18.09.2016 05:00;18,43
18.09.2016 05:00;18.09.2016 06:00;19,53
18.09.2016 06:00;18.09.2016 07:00;20,43
18.09.2016 07:00;18.09.2016 08:00;20,73
18.09.2016 08:00;18.09.2016 09:00;22,77
18.09.2016 09:00;18.09.2016 10:00;24,78
18.09.2016 10:00;18.09.2016 11:00;24,56
18.09.2016 11:00;18.09.2016 12:00;24,98
18.09.2016 12:00;18.09.2016 13:00;24,0
18.09.2016 13:00;18.09.2016 14:00;24,1
18.09.2016 14:00;18.09.2016 15:00;23,15
18.09.2016 15:00;18.09.2016 16:00;22,93
18.09.2016 16:00;18.09.2016 17:00;23,2
18.09.2016 17:00;18.09.2016 18:00;27,16
18.09.2016 18:00;18.09.2016 19:00;32,54
18.09.2016 19:00;18.09.2016 20:00;36,11
18.09.2016 20:00;18.09.2016 21:00;34,94
18.09.2016 21:00;18.09.2016 22:00;31,1
18.09.2016 22:00;18.09.2016 23:00;27,94
18.09.2016 23:00;19.09.2016 00:00;25,46
19.09.2016 00:00;19.09.2016 01:00;24,56
19.09.2016 01:00;19.09.2016 02:00;24,15
19.09.2016 02:00;19.09.2016 03:00;23,78
19.09.2016 03:00;19.09.2016 04:00;22,44
19.09.2016 04:00;19.09.2016 05:00;22,05
19.09.2016 05:00;19.09.2016 06:00;23,91
19.09.2016 06:00;19.09.2016 07:00;36,06
19.09.2016 07:00;19.09.2016 08:00;42,31
19.09.2016 08:00;19.09.2016 09:00;44,6
19.09.2016 09:00;19.09.2016 10:00;43,91
19.09.2016 10:00;19.09.2016 11:00;43,95
19.09.2016 11:00;19.09.2016 12:00;43,97
19.09.2016 12:00;19.09.2016 13:00;41,27
19.09.2016 13:00;19.09.2016 14:00;39,31
19.09.2016 14:00;19.09.2016 15:00;37,68
19.09.2016 15:00;19.09.2016 16:00;37,93
19.09.2016 16:00;19.09.2016 17:00;37,78
19.09.2016 17:00;19.09.2016 18:00;39,22
19.09.2016 18:00;19.09.2016 19:00;39,9
19.09.2016 19:00;19.09.2016 20:00;41,99
19.09.2016 20:00;19.09.2016 21:00;40,1
19.09.2016 21:00;19.09.2016 22:00;30,0
19.09.2016 22:00;19.09.2016 23:00;28,01
19.09.2016 23:00;20.09.2016 00:00;26,02
20.09.2016 00:00;20.09.2016 01:00;24,79
20.09.2016 01:00;20.09.2016 02:00;24,83
20.09.2016 02:00;20.09.2016 03:00;23,51
20.09.2016 03:00;20.09.2016 04:00;23,06
20.09.2016 04:00;20.09.2016 05:00;23,44
20.09.2016 05:00;20.09.2016 06:00;25,24
20.09.2016 06:00;20.09.2016 07:00;32,73
20.09.2016 07:00;20.09.2016 08:00;42,96
20.09.2016 08:00;20.09.2016 09:00;43,88
20.09.2016 09:00;20.09.2016 10:00;42,77
20.09.2016 10:00;20.09.2016 11:00;42,18
20.09.2016 11:00;20.09.2016 12:00;41,17
20.09.2016 12:00;20.09.2016 13:00;38,21
20.09.2016 13:00;20.09.2016 14:00;35,6
20.09.2016 14:00;20.09.2016 15:00;34,22
20.09.2016 15:00;20.09.2016 16:00;34,55
20.09.2016 16:00;20.09.2016 17:00;36,08
20.09.2016 17:00;20.09.2016 18:00;39,13
20.09.2016 18:00;20.09.2016 19:00;42,07
20.09.2016 19:00;20.09.2016 20:00;46,8
20.09.2016 20:00;20.09.2016 21:00;41,95
20.09.2016 21:00;20.09.2016 22:00;35,06
20.09.2016 22:00;20.09.2016 23:00;28,54
20.09.2016 23:00;21.09.2016 00:00;26,03
21.09.2016 00:00;21.09.2016 01:00;25,43
21.09.2016 01:00;21.09.2016 02:00;24,94
21.09.2016 02:00;21.09.2016 03:00;24,11
21.09.2016 03:00;21.09.2016 04:00;24,13
21.09.2016 04:00;21.09.2016 05:00;24,09
21.09.2016 05:00;21.09.2016 06:00;25,71
21.09.2016 06:00;21.09.2016 07:00;36,97
21.09.2016 07:00;21.09.2016 08:00;48,19
21.09.2016 08:00;21.09.2016 09:00;49,71
21.09.2016 09:00;21.09.2016 10:00;44,5
21.09.2016 10:00;21.09.2016 11:00;39,98
21.09.2016 11:00;21.09.2016 12:00;36,03
21.09.2016 12:00;21.09.2016 13:00;32,15
21.09.2016 13:00;21.09.2016 14:00;31,92
21.09.2016 14:00;21.09.2016 15:00;30,7
21.09.2016 15:00;21.09.2016 16:00;32,81
21.09.2016 16:00;21.09.2016 17:00;35,36
21.09.2016 17:00;21.09.2016 18:00;42,7
21.09.2016 18:00;21.09.2016 19:00;45,0
21.09.2016 19:00;21.09.2016 20:00;48,75
21.09.2016 20:00;21.09.2016 21:00;43,87
21.09.2016 21:00;21.09.2016 22:00;37,96
21.09.2016 22:00;21.09.2016 23:00;28,49
21.09.2016 23:00;22.09.2016 00:00;27,09
22.09.2016 00:00;22.09.2016 01:00;25,86
22.09.2016 01:00;22.09.2016 02:00;25,09
22.09.2016 02:00;22.09.2016 03:00;24,73
22.09.2016 03:00;22.09.2016 04:00;24,26
22.09.2016 04:00;22.09.2016 05:00;24,24
22.09.2016 05:00;22.09.2016 06:00;26,84
22.09.2016 06:00;22.09.2016 07:00;38,19
22.09.2016 07:00;22.09.2016 08:00;43,34
22.09.2016 08:00;22.09.2016 09:00;42,2
22.09.2016 09:00;22.09.2016 10:00;35,77
22.09.2016 10:00;22.09.2016 11:00;28,79
22.09.2016 11:00;22.09.2016 12:00;27,75
22.09.2016 12:00;22.09.2016 13:00;27,11
22.09.2016 13:00;22.09.2016 14:00;27,06
22.09.2016 14:00;22.09.2016 15:00;27,29
22.09.2016 15:00;22.09.2016 16:00;28,61
22.09.2016 16:00;22.09.2016 17:00;31,87
22.09.2016 17:00;22.09.2016 18:00;39,93
22.09.2016 18:00;22.09.2016 19:00;43,06
22.09.2016 19:00;22.09.2016 20:00;49,06
22.09.2016 20:00;22.09.2016 21:00;45,82
22.09.2016 21:00;22.09.2016 22:00;38,95
22.09.2016 22:00;22.09.2016 23:00;29,97
22.09.2016 23:00;23.09.2016 00:00;26,47
23.09.2016 00:00;23.09.2016 01:00;25,84
23.09.2016 01:00;23.09.2016 02:00;25,03
23.09.2016 02:00;23.09.2016 03:00;24,68
23.09.2016 03:00;23.09.2016 04:00;24,78
23.09.2016 04:00;23.09.2016 05:00;25,14
23.09.2016 05:00;23.09.2016 06:00;26,47
23.09.2016 06:00;23.09.2016 07:00;36,06
23.09.2016 07:00;23.09.2016 08:00;43,04
23.09.2016 08:00;23.09.2016 09:00;43,01
23.09.2016 09:00;23.09.2016 10:00;38,94
23.09.2016 10:00;23.09.2016 11:00;33,83
23.09.2016 11:00;23.09.2016 12:00;28,77
23.09.2016 12:00;23.09.2016 13:00;27,69
23.09.2016 13:00;23.09.2016 14:00;27,54
23.09.2016 14:00;23.09.2016 15:00;26,6
23.09.2016 15:00;23.09.2016 16:00;27,66
23.09.2016 16:00;23.09.2016 17:00;27,68
23.09.2016 17:00;23.09.2016 18:00;31,06
23.09.2016 18:00;23.09.2016 19:00;35,91
23.09.2016 19:00;23.09.2016 20:00;41,83
23.09.2016 20:00;23.09.2016 21:00;39,98
23.09.2016 21:00;23.09.2016 22:00;30,36
23.09.2016 22:00;23.09.2016 23:00;27,7
23.09.2016 23:00;24.09.2016 00:00;26,79
24.09.2016 00:00;24.09.2016 01:00;26,27
24.09.2016 01:00;24.09.2016 02:00;24,68
24.09.2016 02:00;24.09.2016 03:00;24,39
24.09.2016 03:00;24.09.2016 04:00;25,15
24.09.2016 04:00;24.09.2016 05:00;24,65
24.09.2016 05:00;24.09.2016 06:00;24,59
24.09.2016 06:00;24.09.2016 07:00;27,31
24.09.2016 07:00;24.09.2016 08:00;31,15
24.09.2016 08:00;24.09.2016 09:00;34,63
24.09.2016 09:00;24.09.2016 10:00;34,04
24.09.2016 10:00;24.09.2016 11:00;29,0
24.09.2016 11:00;24.09.2016 12:00;25,43
24.09.2016 12:00;24.09.2016 13:00;24,32
24.09.2016 13:00;24.09.2016 14:00;24,26
24.09.2016 14:00;24.09.2016 15:00;24,4
24.09.2016 15:00;24.09.2016 16:00;24,93
24.09.2016 16:00;24.09.2016 17:00;28,01
24.09.2016 17:00;24.09.2016 18:00;34,58
24.09.2016 18:00;24.09.2016 19:00;38,08
24.09.2016 19:00;24.09.2016 20:00;42,63
24.09.2016 20:00;24.09.2016 21:00;40,99
24.09.2016 21:00;24.09.2016 22:00;34,53
24.09.2016 22:00;24.09.2016 23:00;31,15
24.09.2016 23:00;25.09.2016 00:00;25,46
25.09.2016 00:00;25.09.2016 01:00;24,46
25.09.2016 01:00;25.09.2016 02:00;22,06
25.09.2016 02:00;25.09.2016 03:00;20,55
25.09.2016 03:00;25.09.2016 04:00;17,84
25.09.2016 04:00;25.09.2016 05:00;17,7
25.09.2016 05:00;25.09.2016 06:00;19,68
25.09.2016 06:00;25.09.2016 07:00;20,09
25.09.2016 07:00;25.09.2016 08:00;21,47
25.09.2016 08:00;25.09.2016 09:00;22,45
25.09.2016 09:00;25.09.2016 10:00;22,95
25.09.2016 10:00;25.09.2016 11:00;21,09
25.09.2016 11:00;25.09.2016 12:00;21,09
25.09.2016 12:00;25.09.2016 13:00;15,97
25.09.2016 13:00;25.09.2016 14:00;10,93
25.09.2016 14:00;25.09.2016 15:00;11,49
25.09.2016 15:00;25.09.2016 16:00;12,89
25.09.2016 16:00;25.09.2016 17:00;19,76
25.09.2016 17:00;25.09.2016 18:00;26,55
25.09.2016 18:00;25.09.2016 19:00;35,09
25.09.2016 19:00;25.09.2016 20:00;40,95
25.09.2016 20:00;25.09.2016 21:00;40,94
25.09.2016 21:00;25.09.2016 22:00;33,53
25.09.2016 22:00;25.09.2016 23:00;29,57
25.09.2016 23:00;26.09.2016 00:00;24,52
26.09.2016 00:00;26.09.2016 01:00;24,27
26.09.2016 01:00;26.09.2016 02:00;24,2
26.09.2016 02:00;26.09.2016 03:00;23,42
26.09.2016 03:00;26.09.2016 04:00;23,28
26.09.2016 04:00;26.09.2016 05:00;23,49
26.09.2016 05:00;26.09.2016 06:00;25,46
26.09.2016 06:00;26.09.2016 07:00;39,24
26.09.2016 07:00;26.09.2016 08:00;46,53
26.09.2016 08:00;26.09.2016 09:00;49,0
26.09.2016 09:00;26.09.2016 10:00;46,84
26.09.2016 10:00;26.09.2016 11:00;39,97
26.09.2016 11:00;26.09.2016 12:00;37,39
26.09.2016 12:00;26.09.2016 13:00;34,94
26.09.2016 13:00;26.09.2016 14:00;33,95
26.09.2016 14:00;26.09.2016 15:00;32,44
26.09.2016 15:00;26.09.2016 16:00;35,0
26.09.2016 16:00;26.09.2016 17:00;39,87
26.09.2016 17:00;26.09.2016 18:00;44,65
26.09.2016 18:00;26.09.2016 19:00;49,55
26.09.2016 19:00;26.09.2016 20:00;54,12
26.09.2016 20:00;26.09.2016 21:00;51,23
26.09.2016 21:00;26.09.2016 22:00;37,93
26.09.2016 22:00;26.09.2016 23:00;30,52
26.09.2016 23:00;27.09.2016 00:00;28,4
27.09.2016 00:00;27.09.2016 01:00;31,33
27.09.2016 01:00;27.09.2016 02:00;30,74
27.09.2016 02:00;27.09.2016 03:00;29,75
27.09.2016 03:00;27.09.2016 04:00;28,73
27.09.2016 04:00;27.09.2016 05:00;27,84
27.09.2016 05:00;27.09.2016 06:00;29,56
27.09.2016 06:00;27.09.2016 07:00;41,53
27.09.2016 07:00;27.09.2016 08:00;49,0
27.09.2016 08:00;27.09.2016 09:00;50,0
27.09.2016 09:00;27.09.2016 10:00;44,98
27.09.2016 10:00;27.09.2016 11:00;40,22
27.09.2016 11:00;27.09.2016 12:00;33,93
27.09.2016 12:00;27.09.2016 13:00;29,17
27.09.2016 13:00;27.09.2016 14:00;28,28
27.09.2016 14:00;27.09.2016 15:00;27,91
27.09.2016 15:00;27.09.2016 16:00;28,29
27.09.2016 16:00;27.09.2016 17:00;29,33
27.09.2016 17:00;27.09.2016 18:00;38,91
27.09.2016 18:00;27.09.2016 19:00;45,2
27.09.2016 19:00;27.09.2016 20:00;48,97
27.09.2016 20:00;27.09.2016 21:00;41,91
27.09.2016 21:00;27.09.2016 22:00;29,94
27.09.2016 22:00;27.09.2016 23:00;27,82
27.09.2016 23:00;28.09.2016 00:00;24,36
28.09.2016 00:00;28.09.2016 01:00;24,01
28.09.2016 01:00;28.09.2016 02:00;21,03
28.09.2016 02:00;28.09.2016 03:00;16,19
28.09.2016 03:00;28.09.2016 04:00;14,66
28.09.2016 04:00;28.09.2016 05:00;14,91
28.09.2016 05:00;28.09.2016 06:00;19,89
28.09.2016 06:00;28.09.2016 07:00;28,52
28.09.2016 07:00;28.09.2016 08:00;37,94
28.09.2016 08:00;28.09.2016 09:00;38,1
28.09.2016 09:00;28.09.2016 10:00;32,22
28.09.2016 10:00;28.09.2016 11:00;26,0
28.09.2016 11:00;28.09.2016 12:00;23,06
28.09.2016 12:00;28.09.2016 13:00;19,79
28.09.2016 13:00;28.09.2016 14:00;12,94
28.09.2016 14:00;28.09.2016 15:00;12,95
28.09.2016 15:00;28.09.2016 16:00;16,84
28.09.2016 16:00;28.09.2016 17:00;22,67
28.09.2016 17:00;28.09.2016 18:00;26,45
28.09.2016 18:00;28.09.2016 19:00;33,53
28.09.2016 19:00;28.09.2016 20:00;39,59
28.09.2016 20:00;28.09.2016 21:00;34,36
28.09.2016 21:00;28.09.2016 22:00;28,14
28.09.2016 22:00;28.09.2016 23:00;24,41
28.09.2016 23:00;29.09.2016 00:00;22,02
29.09.2016 00:00;29.09.2016 01:00;19,93
29.09.2016 01:00;29.09.2016 02:00;16,1
29.09.2016 02:00;29.09.2016 03:00;18,63
29.09.2016 03:00;29.09.2016 04:00;14,57
29.09.2016 04:00;29.09.2016 05:00;14,15
29.09.2016 05:00;29.09.2016 06:00;21,08
29.09.2016 06:00;29.09.2016 07:00;28,93
29.09.2016 07:00;29.09.2016 08:00;37,97
29.09.2016 08:00;29.09.2016 09:00;37,84
29.09.2016 09:00;29.09.2016 10:00;28,42
29.09.2016 10:00;29.09.2016 11:00;23,59
29.09.2016 11:00;29.09.2016 12:00;21,71
29.09.2016 12:00;29.09.2016 13:00;15,84
29.09.2016 13:00;29.09.2016 14:00;12,65
29.09.2016 14:00;29.09.2016 15:00;11,43
29.09.2016 15:00;29.09.2016 16:00;12,66
29.09.2016 16:00;29.09.2016 17:00;14,78
29.09.2016 17:00;29.09.2016 18:00;24,61
29.09.2016 18:00;29.09.2016 19:00;29,1
29.09.2016 19:00;29.09.2016 20:00;37,91
29.09.2016 20:00;29.09.2016 21:00;32,05
29.09.2016 21:00;29.09.2016 22:00;25,03
29.09.2016 22:00;29.09.2016 23:00;22,69
29.09.2016 23:00;30.09.2016 00:00;16,85
30.09.2016 00:00;30.09.2016 01:00;23,79
30.09.2016 01:00;30.09.2016 02:00;23,32
30.09.2016 02:00;30.09.2016 03:00;23,81
30.09.2016 03:00;30.09.2016 04:00;23,09
30.09.2016 04:00;30.09.2016 05:00;24,02
30.09.2016 05:00;30.09.2016 06:00;25,73
30.09.2016 06:00;30.09.2016 07:00;39,68
30.09.2016 07:00;30.09.2016 08:00;49,66
30.09.2016 08:00;30.09.2016 09:00;49,97
30.09.2016 09:00;30.09.2016 10:00;43,91
30.09.2016 10:00;30.09.2016 11:00;39,96
30.09.2016 11:00;30.09.2016 12:00;39,6
30.09.2016 12:00;30.09.2016 13:00;37,9
30.09.2016 13:00;30.09.2016 14:00;29,65
30.09.2016 14:00;30.09.2016 15:00;29,37
30.09.2016 15:00;30.09.2016 16:00;31,96
30.09.2016 16:00;30.09.2016 17:00;31,19
30.09.2016 17:00;30.09.2016 18:00;31,48
30.09.2016 18:00;30.09.2016 19:00;37,99
30.09.2016 19:00;30.09.2016 20:00;42,91
30.09.2016 20:00;30.09.2016 21:00;38,97
30.09.2016 21:00;30.09.2016 22:00;31,9
30.09.2016 22:00;30.09.2016 23:00;30,93
30.09.2016 23:00;01.10.2016 00:00;28,43
01.10.2016 00:00;01.10.2016 01:00;29,18
01.10.2016 01:00;01.10.2016 02:00;31,06
01.10.2016 02:00;01.10.2016 03:00;26,0
01.10.2016 03:00;01.10.2016 04:00;29,02
01.10.2016 04:00;01.10.2016 05:00;25,94
01.10.2016 05:00;01.10.2016 06:00;29,13
01.10.2016 06:00;01.10.2016 07:00;32,55
01.10.2016 07:00;01.10.2016 08:00;31,3
01.10.2016 08:00;01.10.2016 09:00;38,38
01.10.2016 09:00;01.10.2016 10:00;38,96
01.10.2016 10:00;01.10.2016 11:00;39,94
01.10.2016 11:00;01.10.2016 12:00;39,21
01.10.2016 12:00;01.10.2016 13:00;34,07
01.10.2016 13:00;01.10.2016 14:00;30,53
01.10.2016 14:00;01.10.2016 15:00;29,63
01.10.2016 15:00;01.10.2016 16:00;29,18
01.10.2016 16:00;01.10.2016 17:00;29,44
01.10.2016 17:00;01.10.2016 18:00;34,63
01.10.2016 18:00;01.10.2016 19:00;39,93
01.10.2016 19:00;01.10.2016 20:00;45,03
01.10.2016 20:00;01.10.2016 21:00;40,06
01.10.2016 21:00;01.10.2016 22:00;30,74
01.10.2016 22:00;01.10.2016 23:00;28,84
01.10.2016 23:00;02.10.2016 00:00;32,47
02.10.2016 00:00;02.10.2016 01:00;32,68
02.10.2016 01:00;02.10.2016 02:00;27,04
02.10.2016 02:00;02.10.2016 03:00;26,28
02.10.2016 03:00;02.10.2016 04:00;25,13
02.10.2016 04:00;02.10.2016 05:00;24,9
02.10.2016 05:00;02.10.2016 06:00;25,03
02.10.2016 06:00;02.10.2016 07:00;25,43
02.10.2016 07:00;02.10.2016 08:00;26,09
02.10.2016 08:00;02.10.2016 09:00;29,7
02.10.2016 09:00;02.10.2016 10:00;30,99
02.10.2016 10:00;02.10.2016 11:00;29,88
02.10.2016 11:00;02.10.2016 12:00;32,38
02.10.2016 12:00;02.10.2016 13:00;29,11
02.10.2016 13:00;02.10.2016 14:00;26,64
02.10.2016 14:00;02.10.2016 15:00;25,01
02.10.2016 15:00;02.10.2016 16:00;24,65
02.10.2016 16:00;02.10.2016 17:00;25,06
02.10.2016 17:00;02.10.2016 18:00;31,65
02.10.2016 18:00;02.10.2016 19:00;41,22
02.10.2016 19:00;02.10.2016 20:00;49,35
02.10.2016 20:00;02.10.2016 21:00;42,4
02.10.2016 21:00;02.10.2016 22:00;34,78
02.10.2016 22:00;02.10.2016 23:00;29,94
02.10.2016 23:00;03.10.2016 00:00;25,19
03.10.2016 00:00;03.10.2016 01:00;30,81
03.10.2016 01:00;03.10.2016 02:00;26,11
03.10.2016 02:00;03.10.2016 03:00;25,09
03.10.2016 03:00;03.10.2016 04:00;24,54
03.10.2016 04:00;03.10.2016 05:00;24,59
03.10.2016 05:00;03.10.2016 06:00;25,78
03.10.2016 06:00;03.10.2016 07:00;36,12
03.10.2016 07:00;03.10.2016 08:00;40,96
03.10.2016 08:00;03.10.2016 09:00;38,19
03.10.2016 09:00;03.10.2016 10:00;39,76
03.10.2016 10:00;03.10.2016 11:00;32,6
03.10.2016 11:00;03.10.2016 12:00;33,17
03.10.2016 12:00;03.10.2016 13:00;26,19
03.10.2016 13:00;03.10.2016 14:00;25,33
03.10.2016 14:00;03.10.2016 15:00;24,59
03.10.2016 15:00;03.10.2016 16:00;29,39
03.10.2016 16:00;03.10.2016 17:00;31,04
03.10.2016 17:00;03.10.2016 18:00;33,37
03.10.2016 18:00;03.10.2016 19:00;37,1
03.10.2016 19:00;03.10.2016 20:00;37,74
03.10.2016 20:00;03.10.2016 21:00;32,63
03.10.2016 21:00;03.10.2016 22:00;28,42
03.10.2016 22:00;03.10.2016 23:00;25,74
03.10.2016 23:00;04.10.2016 00:00;24,6
04.10.2016 00:00;04.10.2016 01:00;25,96
04.10.2016 01:00;04.10.2016 02:00;25,28
04.10.2016 02:00;04.10.2016 03:00;24,05
04.10.2016 03:00;04.10.2016 04:00;22,03
04.10.2016 04:00;04.10.2016 05:00;23,25
04.10.2016 05:00;04.10.2016 06:00;25,54
04.10.2016 06:00;04.10.2016 07:00;30,04
04.10.2016 07:00;04.10.2016 08:00;37,1
04.10.2016 08:00;04.10.2016 09:00;40,38
04.10.2016 09:00;04.10.2016 10:00;36,78
04.10.2016 10:00;04.10.2016 11:00;32,37
04.10.2016 11:00;04.10.2016 12:00;28,71
04.10.2016 12:00;04.10.2016 13:00;31,29
04.10.2016 13:00;04.10.2016 14:00;32,08
04.10.2016 14:00;04.10.2016 15:00;31,99
04.10.2016 15:00;04.10.2016 16:00;31,87
04.10.2016 16:00;04.10.2016 17:00;30,49
04.10.2016 17:00;04.10.2016 18:00;35,7
04.10.2016 18:00;04.10.2016 19:00;37,88
04.10.2016 19:00;04.10.2016 20:00;39,09
04.10.2016 20:00;04.10.2016 21:00;30,21
04.10.2016 21:00;04.10.2016 22:00;26,08
04.10.2016 22:00;04.10.2016 23:00;24,78
04.10.2016 23:00;05.10.2016 00:00;24,93
05.10.2016 00:00;05.10.2016 01:00;25,06
05.10.2016 01:00;05.10.2016 02:00;23,67
05.10.2016 02:00;05.10.2016 03:00;22,45
05.10.2016 03:00;05.10.2016 04:00;22,23
05.10.2016 04:00;05.10.2016 05:00;22,71
05.10.2016 05:00;05.10.2016 06:00;24,3
05.10.2016 06:00;05.10.2016 07:00;31,17
05.10.2016 07:00;05.10.2016 08:00;42,45
05.10.2016 08:00;05.10.2016 09:00;41,97
05.10.2016 09:00;05.10.2016 10:00;30,14
05.10.2016 10:00;05.10.2016 11:00;27,58
05.10.2016 11:00;05.10.2016 12:00;27,51
05.10.2016 12:00;05.10.2016 13:00;26,33
05.10.2016 13:00;05.10.2016 14:00;26,98
05.10.2016 14:00;05.10.2016 15:00;28,17
05.10.2016 15:00;05.10.2016 16:00;28,18
05.10.2016 16:00;05.10.2016 17:00;29,99
05.10.2016 17:00;05.10.2016 18:00;35,0
05.10.2016 18:00;05.10.2016 19:00;42,2
05.10.2016 19:00;05.10.2016 20:00;41,08
05.10.2016 20:00;05.10.2016 21:00;33,37
05.10.2016 21:00;05.10.2016 22:00;27,67
05.10.2016 22:00;05.10.2016 23:00;26,98
05.10.2016 23:00;06.10.2016 00:00;25,02
06.10.2016 00:00;06.10.2016 01:00;13,65
06.10.2016 01:00;06.10.2016 02:00;17,1
06.10.2016 02:00;06.10.2016 03:00;16,05
06.10.2016 03:00;06.10.2016 04:00;12,3
06.10.2016 04:00;06.10.2016 05:00;19,55
06.10.2016 05:00;06.10.2016 06:00;24,06
06.10.2016 06:00;06.10.2016 07:00;27,63
06.10.2016 07:00;06.10.2016 08:00;33,19
06.10.2016 08:00;06.10.2016 09:00;32,57
06.10.2016 09:00;06.10.2016 10:00;36,19
06.10.2016 10:00;06.10.2016 11:00;36,45
06.10.2016 11:00;06.10.2016 12:00;36,77
06.10.2016 12:00;06.10.2016 13:00;36,97
06.10.2016 13:00;06.10.2016 14:00;36,44
06.10.2016 14:00;06.10.2016 15:00;34,18
06.10.2016 15:00;06.10.2016 16:00;34,06
06.10.2016 16:00;06.10.2016 17:00;33,42
06.10.2016 17:00;06.10.2016 18:00;42,42
06.10.2016 18:00;06.10.2016 19:00;42,47
06.10.2016 19:00;06.10.2016 20:00;49,69
06.10.2016 20:00;06.10.2016 21:00;40,02
06.10.2016 21:00;06.10.2016 22:00;34,23
06.10.2016 22:00;06.10.2016 23:00;30,68
06.10.2016 23:00;07.10.2016 00:00;28,43
07.10.2016 00:00;07.10.2016 01:00;28,87
07.10.2016 01:00;07.10.2016 02:00;26,9
07.10.2016 02:00;07.10.2016 03:00;26,98
07.10.2016 03:00;07.10.2016 04:00;27,59
07.10.2016 04:00;07.10.2016 05:00;27,96
07.10.2016 05:00;07.10.2016 06:00;29,93
07.10.2016 06:00;07.10.2016 07:00;42,28
07.10.2016 07:00;07.10.2016 08:00;42,0
07.10.2016 08:00;07.10.2016 09:00;45,58
07.10.2016 09:00;07.10.2016 10:00;45,05
07.10.2016 10:00;07.10.2016 11:00;46,53
07.10.2016 11:00;07.10.2016 12:00;52,32
07.10.2016 12:00;07.10.2016 13:00;53,07
07.10.2016 13:00;07.10.2016 14:00;47,11
07.10.2016 14:00;07.10.2016 15:00;44,06
07.10.2016 15:00;07.10.2016 16:00;42,47
07.10.2016 16:00;07.10.2016 17:00;41,98
07.10.2016 17:00;07.10.2016 18:00;38,49
07.10.2016 18:00;07.10.2016 19:00;41,94
07.10.2016 19:00;07.10.2016 20:00;42,46
07.10.2016 20:00;07.10.2016 21:00;33,1
07.10.2016 21:00;07.10.2016 22:00;30,53
07.10.2016 22:00;07.10.2016 23:00;31,12
07.10.2016 23:00;08.10.2016 00:00;32,97
08.10.2016 00:00;08.10.2016 01:00;31,04
08.10.2016 01:00;08.10.2016 02:00;28,78
08.10.2016 02:00;08.10.2016 03:00;29,97
08.10.2016 03:00;08.10.2016 04:00;29,7
08.10.2016 04:00;08.10.2016 05:00;29,99
08.10.2016 05:00;08.10.2016 06:00;29,56
08.10.2016 06:00;08.10.2016 07:00;31,59
08.10.2016 07:00;08.10.2016 08:00;33,39
08.10.2016 08:00;08.10.2016 09:00;40,04
08.10.2016 09:00;08.10.2016 10:00;43,41
08.10.2016 10:00;08.10.2016 11:00;44,94
08.10.2016 11:00;08.10.2016 12:00;42,08
08.10.2016 12:00;08.10.2016 13:00;33,58
08.10.2016 13:00;08.10.2016 14:00;32,48
08.10.2016 14:00;08.10.2016 15:00;33,03
08.10.2016 15:00;08.10.2016 16:00;32,44
08.10.2016 16:00;08.10.2016 17:00;37,02
08.10.2016 17:00;08.10.2016 18:00;42,69
08.10.2016 18:00;08.10.2016 19:00;46,0
08.10.2016 19:00;08.10.2016 20:00;52,75
08.10.2016 20:00;08.10.2016 21:00;42,92
08.10.2016 21:00;08.10.2016 22:00;35,0
08.10.2016 22:00;08.10.2016 23:00;32,44
08.10.2016 23:00;09.10.2016 00:00;31,12
09.10.2016 00:00;09.10.2016 01:00;28,71
09.10.2016 01:00;09.10.2016 02:00;28,45
09.10.2016 02:00;09.10.2016 03:00;29,25
09.10.2016 03:00;09.10.2016 04:00;28,79
09.10.2016 04:00;09.10.2016 05:00;28,72
09.10.2016 05:00;09.10.2016 06:00;28,09
09.10.2016 06:00;09.10.2016 07:00;28,55
09.10.2016 07:00;09.10.2016 08:00;29,11
09.10.2016 08:00;09.10.2016 09:00;31,87
09.10.2016 09:00;09.10.2016 10:00;33,68
09.10.2016 10:00;09.10.2016 11:00;33,34
09.10.2016 11:00;09.10.2016 12:00;34,13
09.10.2016 12:00;09.10.2016 13:00;32,06
09.10.2016 13:00;09.10.2016 14:00;28,81
09.10.2016 14:00;09.10.2016 15:00;28,23
09.10.2016 15:00;09.10.2016 16:00;28,21
09.10.2016 16:00;09.10.2016 17:00;28,8
09.10.2016 17:00;09.10.2016 18:00;32,95
09.10.2016 18:00;09.10.2016 19:00;41,29
09.10.2016 19:00;09.10.2016 20:00;50,52
09.10.2016 20:00;09.10.2016 21:00;45,29
09.10.2016 21:00;09.10.2016 22:00;43,45
09.10.2016 22:00;09.10.2016 23:00;42,24
09.10.2016 23:00;10.10.2016 00:00;34,39
10.10.2016 00:00;10.10.2016 01:00;29,58
10.10.2016 01:00;10.10.2016 02:00;31,87
10.10.2016 02:00;10.10.2016 03:00;33,49
10.10.2016 03:00;10.10.2016 04:00;30,66
10.10.2016 04:00;10.10.2016 05:00;30,19
10.10.2016 05:00;10.10.2016 06:00;31,28
10.10.2016 06:00;10.10.2016 07:00;48,85
10.10.2016 07:00;10.10.2016 08:00;69,24
10.10.2016 08:00;10.10.2016 09:00;75,0
10.10.2016 09:00;10.10.2016 10:00;70,16
10.10.2016 10:00;10.10.2016 11:00;60,13
10.10.2016 11:00;10.10.2016 12:00;55,66
10.10.2016 12:00;10.10.2016 13:00;51,99
10.10.2016 13:00;10.10.2016 14:00;53,21
10.10.2016 14:00;10.10.2016 15:00;52,65
10.10.2016 15:00;10.10.2016 16:00;51,91
10.10.2016 16:00;10.10.2016 17:00;55,0
10.10.2016 17:00;10.10.2016 18:00;57,24
10.10.2016 18:00;10.10.2016 19:00;69,94
10.10.2016 19:00;10.10.2016 20:00;81,93
10.10.2016 20:00;10.10.2016 21:00;57,1
10.10.2016 21:00;10.10.2016 22:00;43,41
10.10.2016 22:00;10.10.2016 23:00;33,48
10.10.2016 23:00;11.10.2016 00:00;30,53
11.10.2016 00:00;11.10.2016 01:00;32,34
11.10.2016 01:00;11.10.2016 02:00;30,23
11.10.2016 02:00;11.10.2016 03:00;29,08
11.10.2016 03:00;11.10.2016 04:00;29,16
11.10.2016 04:00;11.10.2016 05:00;30,18
11.10.2016 05:00;11.10.2016 06:00;31,91
11.10.2016 06:00;11.10.2016 07:00;36,91
11.10.2016 07:00;11.10.2016 08:00;45,93
11.10.2016 08:00;11.10.2016 09:00;49,39
11.10.2016 09:00;11.10.2016 10:00;49,35
11.10.2016 10:00;11.10.2016 11:00;47,58
11.10.2016 11:00;11.10.2016 12:00;45,08
11.10.2016 12:00;11.10.2016 13:00;40,08
11.10.2016 13:00;11.10.2016 14:00;39,91
11.10.2016 14:00;11.10.2016 15:00;37,88
11.10.2016 15:00;11.10.2016 16:00;39,25
11.10.2016 16:00;11.10.2016 17:00;39,96
11.10.2016 17:00;11.10.2016 18:00;42,67
11.10.2016 18:00;11.10.2016 19:00;44,97
11.10.2016 19:00;11.10.2016 20:00;44,54
11.10.2016 20:00;11.10.2016 21:00;35,45
11.10.2016 21:00;11.10.2016 22:00;34,23
11.10.2016 22:00;11.10.2016 23:00;33,03
11.10.2016 23:00;12.10.2016 00:00;30,41
12.10.2016 00:00;12.10.2016 01:00;28,17
12.10.2016 01:00;12.10.2016 02:00;27,93
12.10.2016 02:00;12.10.2016 03:00;28,09
12.10.2016 03:00;12.10.2016 04:00;28,01
12.10.2016 04:00;12.10.2016 05:00;28,16
12.10.2016 05:00;12.10.2016 06:00;29,99
12.10.2016 06:00;12.10.2016 07:00;32,93
12.10.2016 07:00;12.10.2016 08:00;45,07
12.10.2016 08:00;12.10.2016 09:00;46,99
12.10.2016 09:00;12.10.2016 10:00;45,95
12.10.2016 10:00;12.10.2016 11:00;41,59
12.10.2016 11:00;12.10.2016 12:00;44,94
12.10.2016 12:00;12.10.2016 13:00;40,54
12.10.2016 13:00;12.10.2016 14:00;36,77
12.10.2016 14:00;12.10.2016 15:00;34,93
12.10.2016 15:00;12.10.2016 16:00;33,87
12.10.2016 16:00;12.10.2016 17:00;37,44
12.10.2016 17:00;12.10.2016 18:00;44,02
12.10.2016 18:00;12.10.2016 19:00;45,68
12.10.2016 19:00;12.10.2016 20:00;47,82
12.10.2016 20:00;12.10.2016 21:00;38,26
12.10.2016 21:00;12.10.2016 22:00;33,57
12.10.2016 22:00;12.10.2016 23:00;33,99
12.10.2016 23:00;13.10.2016 00:00;30,1
13.10.2016 00:00;13.10.2016 01:00;28,21
13.10.2016 01:00;13.10.2016 02:00;28,15
13.10.2016 02:00;13.10.2016 03:00;28,08
13.10.2016 03:00;13.10.2016 04:00;28,14
13.10.2016 04:00;13.10.2016 05:00;28,12
13.10.2016 05:00;13.10.2016 06:00;28,23
13.10.2016 06:00;13.10.2016 07:00;36,66
13.10.2016 07:00;13.10.2016 08:00;47,91
13.10.2016 08:00;13.10.2016 09:00;49,64
13.10.2016 09:00;13.10.2016 10:00;44,98
13.10.2016 10:00;13.10.2016 11:00;40,02
13.10.2016 11:00;13.10.2016 12:00;37,64
13.10.2016 12:00;13.10.2016 13:00;31,39
13.10.2016 13:00;13.10.2016 14:00;31,06
13.10.2016 14:00;13.10.2016 15:00;30,12
13.10.2016 15:00;13.10.2016 16:00;32,06
13.10.2016 16:00;13.10.2016 17:00;31,63
13.10.2016 17:00;13.10.2016 18:00;38,13
13.10.2016 18:00;13.10.2016 19:00;42,76
13.10.2016 19:00;13.10.2016 20:00;39,96
13.10.2016 20:00;13.10.2016 21:00;30,58
13.10.2016 21:00;13.10.2016 22:00;28,7
13.10.2016 22:00;13.10.2016 23:00;28,2
13.10.2016 23:00;14.10.2016 00:00;27,42
14.10.2016 00:00;14.10.2016 01:00;20,8
14.10.2016 01:00;14.10.2016 02:00;20,02
14.10.2016 02:00;14.10.2016 03:00;14,98
14.10.2016 03:00;14.10.2016 04:00;20,07
14.10.2016 04:00;14.10.2016 05:00;21,72
14.10.2016 05:00;14.10.2016 06:00;25,2
14.10.2016 06:00;14.10.2016 07:00;30,29
14.10.2016 07:00;14.10.2016 08:00;40,53
14.10.2016 08:00;14.10.2016 09:00;40,08
14.10.2016 09:00;14.10.2016 10:00;40,1
14.10.2016 10:00;14.10.2016 11:00;34,13
14.10.2016 11:00;14.10.2016 12:00;29,55
14.10.2016 12:00;14.10.2016 13:00;28,17
14.10.2016 13:00;14.10.2016 14:00;28,1
14.10.2016 14:00;14.10.2016 15:00;28,2
14.10.2016 15:00;14.10.2016 16:00;30,01
14.10.2016 16:00;14.10.2016 17:00;29,0
14.10.2016 17:00;14.10.2016 18:00;37,07
14.10.2016 18:00;14.10.2016 19:00;38,27
14.10.2016 19:00;14.10.2016 20:00;38,52
14.10.2016 20:00;14.10.2016 21:00;32,32
14.10.2016 21:00;14.10.2016 22:00;29,57
14.10.2016 22:00;14.10.2016 23:00;28,2
14.10.2016 23:00;15.10.2016 00:00;28,01
15.10.2016 00:00;15.10.2016 01:00;15,53
15.10.2016 01:00;15.10.2016 02:00;13,1
15.10.2016 02:00;15.10.2016 03:00;13,66
15.10.2016 03:00;15.10.2016 04:00;13,62
15.10.2016 04:00;15.10.2016 05:00;17,99
15.10.2016 05:00;15.10.2016 06:00;15,5
15.10.2016 06:00;15.10.2016 07:00;15,79
15.10.2016 07:00;15.10.2016 08:00;27,62
15.10.2016 08:00;15.10.2016 09:00;30,59
15.10.2016 09:00;15.10.2016 10:00;31,62
15.10.2016 10:00;15.10.2016 11:00;31,89
15.10.2016 11:00;15.10.2016 12:00;33,34
15.10.2016 12:00;15.10.2016 13:00;31,39
15.10.2016 13:00;15.10.2016 14:00;31,36
15.10.2016 14:00;15.10.2016 15:00;32,24
15.10.2016 15:00;15.10.2016 16:00;36,05
15.10.2016 16:00;15.10.2016 17:00;38,03
15.10.2016 17:00;15.10.2016 18:00;42,86
15.10.2016 18:00;15.10.2016 19:00;49,92
15.10.2016 19:00;15.10.2016 20:00;57,05
15.10.2016 20:00;15.10.2016 21:00;48,93
15.10.2016 21:00;15.10.2016 22:00;44,38
15.10.2016 22:00;15.10.2016 23:00;40,02
15.10.2016 23:00;16.10.2016 00:00;32,96
16.10.2016 00:00;16.10.2016 01:00;33,08
16.10.2016 01:00;16.10.2016 02:00;31,1
16.10.2016 02:00;16.10.2016 03:00;31,6
16.10.2016 03:00;16.10.2016 04:00;30,59
16.10.2016 04:00;16.10.2016 05:00;30,66
16.10.2016 05:00;16.10.2016 06:00;30,61
16.10.2016 06:00;16.10.2016 07:00;30,91
16.10.2016 07:00;16.10.2016 08:00;31,51
16.10.2016 08:00;16.10.2016 09:00;36,63
16.10.2016 09:00;16.10.2016 10:00;38,48
16.10.2016 10:00;16.10.2016 11:00;37,39
16.10.2016 11:00;16.10.2016 12:00;34,57
16.10.2016 12:00;16.10.2016 13:00;33,1
16.10.2016 13:00;16.10.2016 14:00;31,54
16.10.2016 14:00;16.10.2016 15:00;30,08
16.10.2016 15:00;16.10.2016 16:00;30,44
16.10.2016 16:00;16.10.2016 17:00;31,05
16.10.2016 17:00;16.10.2016 18:00;36,06
16.10.2016 18:00;16.10.2016 19:00;45,85
16.10.2016 19:00;16.10.2016 20:00;48,93
16.10.2016 20:00;16.10.2016 21:00;34,15
16.10.2016 21:00;16.10.2016 22:00;31,06
16.10.2016 22:00;16.10.2016 23:00;30,57
16.10.2016 23:00;17.10.2016 00:00;28,84
17.10.2016 00:00;17.10.2016 01:00;30,6
17.10.2016 01:00;17.10.2016 02:00;29,56
17.10.2016 02:00;17.10.2016 03:00;29,17
17.10.2016 03:00;17.10.2016 04:00;28,44
17.10.2016 04:00;17.10.2016 05:00;28,53
17.10.2016 05:00;17.10.2016 06:00;30,46
17.10.2016 06:00;17.10.2016 07:00;41,75
17.10.2016 07:00;17.10.2016 08:00;45,11
17.10.2016 08:00;17.10.2016 09:00;48,34
17.10.2016 09:00;17.10.2016 10:00;46,42
17.10.2016 10:00;17.10.2016 11:00;46,48
17.10.2016 11:00;17.10.2016 12:00;46,02
17.10.2016 12:00;17.10.2016 13:00;41,9
17.10.2016 13:00;17.10.2016 14:00;45,21
17.10.2016 14:00;17.10.2016 15:00;48,97
17.10.2016 15:00;17.10.2016 16:00;52,42
17.10.2016 16:00;17.10.2016 17:00;53,97
17.10.2016 17:00;17.10.2016 18:00;50,05
17.10.2016 18:00;17.10.2016 19:00;55,56
17.10.2016 19:00;17.10.2016 20:00;56,08
17.10.2016 20:00;17.10.2016 21:00;46,44
17.10.2016 21:00;17.10.2016 22:00;35,74
17.10.2016 22:00;17.10.2016 23:00;36,87
17.10.2016 23:00;18.10.2016 00:00;32,57
18.10.2016 00:00;18.10.2016 01:00;31,5
18.10.2016 01:00;18.10.2016 02:00;30,82
18.10.2016 02:00;18.10.2016 03:00;30,46
18.10.2016 03:00;18.10.2016 04:00;30,5
18.10.2016 04:00;18.10.2016 05:00;31,11
18.10.2016 05:00;18.10.2016 06:00;32,96
18.10.2016 06:00;18.10.2016 07:00;41,79
18.10.2016 07:00;18.10.2016 08:00;51,33
18.10.2016 08:00;18.10.2016 09:00;54,95
18.10.2016 09:00;18.10.2016 10:00;51,93
18.10.2016 10:00;18.10.2016 11:00;50,35
18.10.2016 11:00;18.10.2016 12:00;50,81
18.10.2016 12:00;18.10.2016 13:00;46,49
18.10.2016 13:00;18.10.2016 14:00;41,16
18.10.2016 14:00;18.10.2016 15:00;35,38
18.10.2016 15:00;18.10.2016 16:00;35,76
18.10.2016 16:00;18.10.2016 17:00;36,8
18.10.2016 17:00;18.10.2016 18:00;44,9
18.10.2016 18:00;18.10.2016 19:00;48,91
18.10.2016 19:00;18.10.2016 20:00;47,47
18.10.2016 20:00;18.10.2016 21:00;37,63
18.10.2016 21:00;18.10.2016 22:00;34,44
18.10.2016 22:00;18.10.2016 23:00;32,7
18.10.2016 23:00;19.10.2016 00:00;30,49
19.10.2016 00:00;19.10.2016 01:00;30,27
19.10.2016 01:00;19.10.2016 02:00;28,99
19.10.2016 02:00;19.10.2016 03:00;28,95
19.10.2016 03:00;19.10.2016 04:00;29,08
19.10.2016 04:00;19.10.2016 05:00;30,32
19.10.2016 05:00;19.10.2016 06:00;30,85
19.10.2016 06:00;19.10.2016 07:00;36,66
19.10.2016 07:00;19.10.2016 08:00;47,5
19.10.2016 08:00;19.10.2016 09:00;48,68
19.10.2016 09:00;19.10.2016 10:00;48,47
19.10.2016 10:00;19.10.2016 11:00;49,29
19.10.2016 11:00;19.10.2016 12:00;49,29
19.10.2016 12:00;19.10.2016 13:00;47,99
19.10.2016 13:00;19.10.2016 14:00;45,92
19.10.2016 14:00;19.10.2016 15:00;42,01
19.10.2016 15:00;19.10.2016 16:00;41,27
19.10.2016 16:00;19.10.2016 17:00;42,12
19.10.2016 17:00;19.10.2016 18:00;48,32
19.10.2016 18:00;19.10.2016 19:00;48,95
19.10.2016 19:00;19.10.2016 20:00;49,0
19.10.2016 20:00;19.10.2016 21:00;44,49
19.10.2016 21:00;19.10.2016 22:00;35,2
19.10.2016 22:00;19.10.2016 23:00;34,99
19.10.2016 23:00;20.10.2016 00:00;31,26
20.10.2016 00:00;20.10.2016 01:00;30,36
20.10.2016 01:00;20.10.2016 02:00;29,99
20.10.2016 02:00;20.10.2016 03:00;29,97
20.10.2016 03:00;20.10.2016 04:00;30,03
20.10.2016 04:00;20.10.2016 05:00;30,02
20.10.2016 05:00;20.10.2016 06:00;30,83
20.10.2016 06:00;20.10.2016 07:00;35,35
20.10.2016 07:00;20.10.2016 08:00;41,84
20.10.2016 08:00;20.10.2016 09:00;46,95
20.10.2016 09:00;20.10.2016 10:00;47,98
20.10.2016 10:00;20.10.2016 11:00;47,06
20.10.2016 11:00;20.10.2016 12:00;47,16
20.10.2016 12:00;20.10.2016 13:00;44,93
20.10.2016 13:00;20.10.2016 14:00;44,71
20.10.2016 14:00;20.10.2016 15:00;42,6
20.10.2016 15:00;20.10.2016 16:00;43,6
20.10.2016 16:00;20.10.2016 17:00;44,98
20.10.2016 17:00;20.10.2016 18:00;48,91
20.10.2016 18:00;20.10.2016 19:00;48,96
20.10.2016 19:00;20.10.2016 20:00;56,01
20.10.2016 20:00;20.10.2016 21:00;46,45
20.10.2016 21:00;20.10.2016 22:00;36,11
20.10.2016 22:00;20.10.2016 23:00;34,67
20.10.2016 23:00;21.10.2016 00:00;32,87
21.10.2016 00:00;21.10.2016 01:00;32,65
21.10.2016 01:00;21.10.2016 02:00;31,94
21.10.2016 02:00;21.10.2016 03:00;31,39
21.10.2016 03:00;21.10.2016 04:00;31,17
21.10.2016 04:00;21.10.2016 05:00;32,55
21.10.2016 05:00;21.10.2016 06:00;32,84
21.10.2016 06:00;21.10.2016 07:00;35,9
21.10.2016 07:00;21.10.2016 08:00;46,87
21.10.2016 08:00;21.10.2016 09:00;48,98
21.10.2016 09:00;21.10.2016 10:00;48,45
21.10.2016 10:00;21.10.2016 11:00;48,42
21.10.2016 11:00;21.10.2016 12:00;47,82
21.10.2016 12:00;21.10.2016 13:00;46,49
21.10.2016 13:00;21.10.2016 14:00;41,84
21.10.2016 14:00;21.10.2016 15:00;38,31
21.10.2016 15:00;21.10.2016 16:00;37,41
21.10.2016 16:00;21.10.2016 17:00;37,96
21.10.2016 17:00;21.10.2016 18:00;42,06
21.10.2016 18:00;21.10.2016 19:00;46,44
21.10.2016 19:00;21.10.2016 20:00;45,95
21.10.2016 20:00;21.10.2016 21:00;39,49
21.10.2016 21:00;21.10.2016 22:00;36,09
21.10.2016 22:00;21.10.2016 23:00;34,98
21.10.2016 23:00;22.10.2016 00:00;33,9
22.10.2016 00:00;22.10.2016 01:00;38,45
22.10.2016 01:00;22.10.2016 02:00;34,55
22.10.2016 02:00;22.10.2016 03:00;33,96
22.10.2016 03:00;22.10.2016 04:00;34,11
22.10.2016 04:00;22.10.2016 05:00;35,18
22.10.2016 05:00;22.10.2016 06:00;35,61
22.10.2016 06:00;22.10.2016 07:00;34,55
22.10.2016 07:00;22.10.2016 08:00;36,89
22.10.2016 08:00;22.10.2016 09:00;35,21
22.10.2016 09:00;22.10.2016 10:00;38,07
22.10.2016 10:00;22.10.2016 11:00;37,87
22.10.2016 11:00;22.10.2016 12:00;37,28
22.10.2016 12:00;22.10.2016 13:00;39,96
22.10.2016 13:00;22.10.2016 14:00;35,02
22.10.2016 14:00;22.10.2016 15:00;34,31
22.10.2016 15:00;22.10.2016 16:00;34,17
22.10.2016 16:00;22.10.2016 17:00;35,19
22.10.2016 17:00;22.10.2016 18:00;46,76
22.10.2016 18:00;22.10.2016 19:00;49,96
22.10.2016 19:00;22.10.2016 20:00;49,99
22.10.2016 20:00;22.10.2016 21:00;44,11
22.10.2016 21:00;22.10.2016 22:00;35,88
22.10.2016 22:00;22.10.2016 23:00;34,53
22.10.2016 23:00;23.10.2016 00:00;34,51
23.10.2016 00:00;23.10.2016 01:00;33,09
23.10.2016 01:00;23.10.2016 02:00;32,69
23.10.2016 02:00;23.10.2016 03:00;32,41
23.10.2016 03:00;23.10.2016 04:00;31,85
23.10.2016 04:00;23.10.2016 05:00;32,03
23.10.2016 05:00;23.10.2016 06:00;31,9
23.10.2016 06:00;23.10.2016 07:00;32,52
23.10.2016 07:00;23.10.2016 08:00;33,04
23.10.2016 08:00;23.10.2016 09:00;33,75
23.10.2016 09:00;23.10.2016 10:00;35,22
23.10.2016 10:00;23.10.2016 11:00;34,84
23.10.2016 11:00;23.10.2016 12:00;33,91
23.10.2016 12:00;23.10.2016 13:00;32,63
23.10.2016 13:00;23.10.2016 14:00;32,86
23.10.2016 14:00;23.10.2016 15:00;31,95
23.10.2016 15:00;23.10.2016 16:00;32,66
23.10.2016 16:00;23.10.2016 17:00;34,44
23.10.2016 17:00;23.10.2016 18:00;37,24
23.10.2016 18:00;23.10.2016 19:00;42,01
23.10.2016 19:00;23.10.2016 20:00;47,02
23.10.2016 20:00;23.10.2016 21:00;39,77
23.10.2016 21:00;23.10.2016 22:00;36,86
23.10.2016 22:00;23.10.2016 23:00;34,75
23.10.2016 23:00;24.10.2016 00:00;33,6
24.10.2016 00:00;24.10.2016 01:00;31,44
24.10.2016 01:00;24.10.2016 02:00;31,08
24.10.2016 02:00;24.10.2016 03:00;31,53
24.10.2016 03:00;24.10.2016 04:00;30,9
24.10.2016 04:00;24.10.2016 05:00;31,24
24.10.2016 05:00;24.10.2016 06:00;31,68
24.10.2016 06:00;24.10.2016 07:00;43,5
24.10.2016 07:00;24.10.2016 08:00;49,92
24.10.2016 08:00;24.10.2016 09:00;49,92
24.10.2016 09:00;24.10.2016 10:00;49,9
24.10.2016 10:00;24.10.2016 11:00;49,98
24.10.2016 11:00;24.10.2016 12:00;49,97
24.10.2016 12:00;24.10.2016 13:00;49,07
24.10.2016 13:00;24.10.2016 14:00;46,07
24.10.2016 14:00;24.10.2016 15:00;44,73
24.10.2016 15:00;24.10.2016 16:00;46,09
24.10.2016 16:00;24.10.2016 17:00;46,47
24.10.2016 17:00;24.10.2016 18:00;48,21
24.10.2016 18:00;24.10.2016 19:00;48,49
24.10.2016 19:00;24.10.2016 20:00;48,35
24.10.2016 20:00;24.10.2016 21:00;42,32
24.10.2016 21:00;24.10.2016 22:00;36,35
24.10.2016 22:00;24.10.2016 23:00;35,82
24.10.2016 23:00;25.10.2016 00:00;33,07
25.10.2016 00:00;25.10.2016 01:00;35,38
25.10.2016 01:00;25.10.2016 02:00;34,58
25.10.2016 02:00;25.10.2016 03:00;34,64
25.10.2016 03:00;25.10.2016 04:00;35,02
25.10.2016 04:00;25.10.2016 05:00;34,97
25.10.2016 05:00;25.10.2016 06:00;37,01
25.10.2016 06:00;25.10.2016 07:00;43,3
25.10.2016 07:00;25.10.2016 08:00;68,1
25.10.2016 08:00;25.10.2016 09:00;68,02
25.10.2016 09:00;25.10.2016 10:00;67,28
25.10.2016 10:00;25.10.2016 11:00;73,07
25.10.2016 11:00;25.10.2016 12:00;74,23
25.10.2016 12:00;25.10.2016 13:00;67,61
25.10.2016 13:00;25.10.2016 14:00;66,01
25.10.2016 14:00;25.10.2016 15:00;57,97
25.10.2016 15:00;25.10.2016 16:00;56,38
25.10.2016 16:00;25.10.2016 17:00;56,0
25.10.2016 17:00;25.10.2016 18:00;67,71
25.10.2016 18:00;25.10.2016 19:00;67,18
25.10.2016 19:00;25.10.2016 20:00;60,39
25.10.2016 20:00;25.10.2016 21:00;51,98
25.10.2016 21:00;25.10.2016 22:00;39,76
25.10.2016 22:00;25.10.2016 23:00;37,38
25.10.2016 23:00;26.10.2016 00:00;34,7
26.10.2016 00:00;26.10.2016 01:00;35,81
26.10.2016 01:00;26.10.2016 02:00;34,6
26.10.2016 02:00;26.10.2016 03:00;34,71
26.10.2016 03:00;26.10.2016 04:00;35,03
26.10.2016 04:00;26.10.2016 05:00;35,03
26.10.2016 05:00;26.10.2016 06:00;36,17
26.10.2016 06:00;26.10.2016 07:00;41,2
26.10.2016 07:00;26.10.2016 08:00;52,3
26.10.2016 08:00;26.10.2016 09:00;55,66
26.10.2016 09:00;26.10.2016 10:00;58,21
26.10.2016 10:00;26.10.2016 11:00;58,01
26.10.2016 11:00;26.10.2016 12:00;55,68
26.10.2016 12:00;26.10.2016 13:00;52,15
26.10.2016 13:00;26.10.2016 14:00;49,88
26.10.2016 14:00;26.10.2016 15:00;45,67
26.10.2016 15:00;26.10.2016 16:00;46,81
26.10.2016 16:00;26.10.2016 17:00;47,92
26.10.2016 17:00;26.10.2016 18:00;50,27
26.10.2016 18:00;26.10.2016 19:00;53,84
26.10.2016 19:00;26.10.2016 20:00;52,49
26.10.2016 20:00;26.10.2016 21:00;41,28
26.10.2016 21:00;26.10.2016 22:00;39,99
26.10.2016 22:00;26.10.2016 23:00;37,37
26.10.2016 23:00;27.10.2016 00:00;34,1
27.10.2016 00:00;27.10.2016 01:00;32,84
27.10.2016 01:00;27.10.2016 02:00;32,26
27.10.2016 02:00;27.10.2016 03:00;31,87
27.10.2016 03:00;27.10.2016 04:00;31,25
27.10.2016 04:00;27.10.2016 05:00;32,34
27.10.2016 05:00;27.10.2016 06:00;33,58
27.10.2016 06:00;27.10.2016 07:00;38,12
27.10.2016 07:00;27.10.2016 08:00;47,94
27.10.2016 08:00;27.10.2016 09:00;48,99
27.10.2016 09:00;27.10.2016 10:00;47,42
27.10.2016 10:00;27.10.2016 11:00;47,94
27.10.2016 11:00;27.10.2016 12:00;45,69
27.10.2016 12:00;27.10.2016 13:00;44,11
27.10.2016 13:00;27.10.2016 14:00;41,77
27.10.2016 14:00;27.10.2016 15:00;38,68
27.10.2016 15:00;27.10.2016 16:00;39,51
27.10.2016 16:00;27.10.2016 17:00;40,91
27.10.2016 17:00;27.10.2016 18:00;44,69
27.10.2016 18:00;27.10.2016 19:00;48,73
27.10.2016 19:00;27.10.2016 20:00;42,0
27.10.2016 20:00;27.10.2016 21:00;38,02
27.10.2016 21:00;27.10.2016 22:00;36,76
27.10.2016 22:00;27.10.2016 23:00;33,82
27.10.2016 23:00;28.10.2016 00:00;31,05
28.10.2016 00:00;28.10.2016 01:00;29,06
28.10.2016 01:00;28.10.2016 02:00;26,87
28.10.2016 02:00;28.10.2016 03:00;23,43
28.10.2016 03:00;28.10.2016 04:00;23,65
28.10.2016 04:00;28.10.2016 05:00;23,92
28.10.2016 05:00;28.10.2016 06:00;29,1
28.10.2016 06:00;28.10.2016 07:00;31,08
28.10.2016 07:00;28.10.2016 08:00;37,04
28.10.2016 08:00;28.10.2016 09:00;39,3
28.10.2016 09:00;28.10.2016 10:00;37,72
28.10.2016 10:00;28.10.2016 11:00;37,76
28.10.2016 11:00;28.10.2016 12:00;38,89
28.10.2016 12:00;28.10.2016 13:00;37,17
28.10.2016 13:00;28.10.2016 14:00;36,82
28.10.2016 14:00;28.10.2016 15:00;36,31
28.10.2016 15:00;28.10.2016 16:00;37,23
28.10.2016 16:00;28.10.2016 17:00;37,99
28.10.2016 17:00;28.10.2016 18:00;43,74
28.10.2016 18:00;28.10.2016 19:00;50,5
28.10.2016 19:00;28.10.2016 20:00;47,62
28.10.2016 20:00;28.10.2016 21:00;41,97
28.10.2016 21:00;28.10.2016 22:00;42,82
28.10.2016 22:00;28.10.2016 23:00;39,93
28.10.2016 23:00;29.10.2016 00:00;33,1
29.10.2016 00:00;29.10.2016 01:00;31,05
29.10.2016 01:00;29.10.2016 02:00;29,85
29.10.2016 02:00;29.10.2016 03:00;29,04
29.10.2016 03:00;29.10.2016 04:00;28,65
29.10.2016 04:00;29.10.2016 05:00;28,77
29.10.2016 05:00;29.10.2016 06:00;28,84
29.10.2016 06:00;29.10.2016 07:00;30,77
29.10.2016 07:00;29.10.2016 08:00;32,5
29.10.2016 08:00;29.10.2016 09:00;35,06
29.10.2016 09:00;29.10.2016 10:00;41,76
29.10.2016 10:00;29.10.2016 11:00;41,54
29.10.2016 11:00;29.10.2016 12:00;36,19
29.10.2016 12:00;29.10.2016 13:00;33,79
29.10.2016 13:00;29.10.2016 14:00;31,54
29.10.2016 14:00;29.10.2016 15:00;30,03
29.10.2016 15:00;29.10.2016 16:00;31,41
29.10.2016 16:00;29.10.2016 17:00;32,7
29.10.2016 17:00;29.10.2016 18:00;37,93
29.10.2016 18:00;29.10.2016 19:00;45,92
29.10.2016 19:00;29.10.2016 20:00;44,27
29.10.2016 20:00;29.10.2016 21:00;39,44
29.10.2016 21:00;29.10.2016 22:00;35,24
29.10.2016 22:00;29.10.2016 23:00;35,12
29.10.2016 23:00;30.10.2016 00:00;33,81
30.10.2016 00:00;30.10.2016 01:00;32,57
30.10.2016 01:00;30.10.2016 02:00;32,15
30.10.2016 02:00;30.10.2016 03:00;31,55
30.10.2016 03:00;30.10.2016 04:00;31,4
30.10.2016 04:00;30.10.2016 05:00;31,45
30.10.2016 05:00;30.10.2016 06:00;32,03
30.10.2016 06:00;30.10.2016 07:00;32,55
30.10.2016 07:00;30.10.2016 08:00;33,35
30.10.2016 08:00;30.10.2016 09:00;35,02
30.10.2016 09:00;30.10.2016 10:00;36,49
30.10.2016 10:00;30.10.2016 11:00;36,99
30.10.2016 11:00;30.10.2016 12:00;38,33
30.10.2016 12:00;30.10.2016 13:00;37,2
30.10.2016 13:00;30.10.2016 14:00;33,9
30.10.2016 14:00;30.10.2016 15:00;32,48
30.10.2016 15:00;30.10.2016 16:00;33,09
30.10.2016 16:00;30.10.2016 17:00;34,64
30.10.2016 17:00;30.10.2016 18:00;49,2
30.10.2016 18:00;30.10.2016 19:00;52,48
30.10.2016 19:00;30.10.2016 20:00;48,28
30.10.2016 20:00;30.10.2016 21:00;40,3
30.10.2016 21:00;30.10.2016 22:00;39,0
30.10.2016 22:00;30.10.2016 23:00;39,0
30.10.2016 23:00;31.10.2016 00:00;37,64
31.10.2016 00:00;31.10.2016 01:00;35,36
31.10.2016 01:00;31.10.2016 02:00;34,94
31.10.2016 02:00;31.10.2016 03:00;34,66
31.10.2016 03:00;31.10.2016 04:00;33,92
31.10.2016 04:00;31.10.2016 05:00;34,39
31.10.2016 05:00;31.10.2016 06:00;40,03
31.10.2016 06:00;31.10.2016 07:00;45,29
31.10.2016 07:00;31.10.2016 08:00;51,68
31.10.2016 08:00;31.10.2016 09:00;50,47
31.10.2016 09:00;31.10.2016 10:00;47,38
31.10.2016 10:00;31.10.2016 11:00;45,1
31.10.2016 11:00;31.10.2016 12:00;44,0
31.10.2016 12:00;31.10.2016 13:00;39,0
31.10.2016 13:00;31.10.2016 14:00;38,08
31.10.2016 14:00;31.10.2016 15:00;38,64
31.10.2016 15:00;31.10.2016 16:00;46,04
31.10.2016 16:00;31.10.2016 17:00;49,73
31.10.2016 17:00;31.10.2016 18:00;59,2
31.10.2016 18:00;31.10.2016 19:00;55,98
31.10.2016 19:00;31.10.2016 20:00;48,96
31.10.2016 20:00;31.10.2016 21:00;44,13
31.10.2016 21:00;31.10.2016 22:00;40,26
31.10.2016 22:00;31.10.2016 23:00;38,62
31.10.2016 23:00;01.11.2016 00:00;37,68
01.11.2016 00:00;01.11.2016 01:00;33,31
01.11.2016 01:00;01.11.2016 02:00;33,68
01.11.2016 02:00;01.11.2016 03:00;33,31
01.11.2016 03:00;01.11.2016 04:00;32,52
01.11.2016 04:00;01.11.2016 05:00;32,99
01.11.2016 05:00;01.11.2016 06:00;33,31
01.11.2016 06:00;01.11.2016 07:00;36,98
01.11.2016 07:00;01.11.2016 08:00;41,93
01.11.2016 08:00;01.11.2016 09:00;41,09
01.11.2016 09:00;01.11.2016 10:00;33,77
01.11.2016 10:00;01.11.2016 11:00;31,27
01.11.2016 11:00;01.11.2016 12:00;30,9
01.11.2016 12:00;01.11.2016 13:00;30,75
01.11.2016 13:00;01.11.2016 14:00;30,03
01.11.2016 14:00;01.11.2016 15:00;31,58
01.11.2016 15:00;01.11.2016 16:00;33,28
01.11.2016 16:00;01.11.2016 17:00;39,34
01.11.2016 17:00;01.11.2016 18:00;47,51
01.11.2016 18:00;01.11.2016 19:00;49,99
01.11.2016 19:00;01.11.2016 20:00;45,97
01.11.2016 20:00;01.11.2016 21:00;35,94
01.11.2016 21:00;01.11.2016 22:00;29,59
01.11.2016 22:00;01.11.2016 23:00;28,86
01.11.2016 23:00;02.11.2016 00:00;16,02
02.11.2016 00:00;02.11.2016 01:00;27,11
02.11.2016 01:00;02.11.2016 02:00;15,12
02.11.2016 02:00;02.11.2016 03:00;13,2
02.11.2016 03:00;02.11.2016 04:00;12,26
02.11.2016 04:00;02.11.2016 05:00;13,16
02.11.2016 05:00;02.11.2016 06:00;21,01
02.11.2016 06:00;02.11.2016 07:00;33,85
02.11.2016 07:00;02.11.2016 08:00;39,04
02.11.2016 08:00;02.11.2016 09:00;36,54
02.11.2016 09:00;02.11.2016 10:00;36,72
02.11.2016 10:00;02.11.2016 11:00;33,19
02.11.2016 11:00;02.11.2016 12:00;34,07
02.11.2016 12:00;02.11.2016 13:00;32,93
02.11.2016 13:00;02.11.2016 14:00;33,18
02.11.2016 14:00;02.11.2016 15:00;33,06
02.11.2016 15:00;02.11.2016 16:00;33,99
02.11.2016 16:00;02.11.2016 17:00;39,16
02.11.2016 17:00;02.11.2016 18:00;52,91
02.11.2016 18:00;02.11.2016 19:00;52,46
02.11.2016 19:00;02.11.2016 20:00;51,46
02.11.2016 20:00;02.11.2016 21:00;39,98
02.11.2016 21:00;02.11.2016 22:00;37,52
02.11.2016 22:00;02.11.2016 23:00;35,18
02.11.2016 23:00;03.11.2016 00:00;35,67
03.11.2016 00:00;03.11.2016 01:00;35,05
03.11.2016 01:00;03.11.2016 02:00;35,07
03.11.2016 02:00;03.11.2016 03:00;34,74
03.11.2016 03:00;03.11.2016 04:00;35,87
03.11.2016 04:00;03.11.2016 05:00;36,74
03.11.2016 05:00;03.11.2016 06:00;38,95
03.11.2016 06:00;03.11.2016 07:00;47,23
03.11.2016 07:00;03.11.2016 08:00;53,41
03.11.2016 08:00;03.11.2016 09:00;56,06
03.11.2016 09:00;03.11.2016 10:00;50,11
03.11.2016 10:00;03.11.2016 11:00;46,86
03.11.2016 11:00;03.11.2016 12:00;47,63
03.11.2016 12:00;03.11.2016 13:00;48,0
03.11.2016 13:00;03.11.2016 14:00;48,95
03.11.2016 14:00;03.11.2016 15:00;48,96
03.11.2016 15:00;03.11.2016 16:00;59,6
03.11.2016 16:00;03.11.2016 17:00;56,35
03.11.2016 17:00;03.11.2016 18:00;59,99
03.11.2016 18:00;03.11.2016 19:00;56,03
03.11.2016 19:00;03.11.2016 20:00;48,88
03.11.2016 20:00;03.11.2016 21:00;42,41
03.11.2016 21:00;03.11.2016 22:00;37,27
03.11.2016 22:00;03.11.2016 23:00;36,24
03.11.2016 23:00;04.11.2016 00:00;33,98
04.11.2016 00:00;04.11.2016 01:00;32,4
04.11.2016 01:00;04.11.2016 02:00;32,42
04.11.2016 02:00;04.11.2016 03:00;30,96
04.11.2016 03:00;04.11.2016 04:00;30,8
04.11.2016 04:00;04.11.2016 05:00;31,98
04.11.2016 05:00;04.11.2016 06:00;34,13
04.11.2016 06:00;04.11.2016 07:00;36,98
04.11.2016 07:00;04.11.2016 08:00;46,78
04.11.2016 08:00;04.11.2016 09:00;48,69
04.11.2016 09:00;04.11.2016 10:00;47,94
04.11.2016 10:00;04.11.2016 11:00;40,86
04.11.2016 11:00;04.11.2016 12:00;42,83
04.11.2016 12:00;04.11.2016 13:00;38,05
04.11.2016 13:00;04.11.2016 14:00;40,49
04.11.2016 14:00;04.11.2016 15:00;43,15
04.11.2016 15:00;04.11.2016 16:00;49,91
04.11.2016 16:00;04.11.2016 17:00;48,73
04.11.2016 17:00;04.11.2016 18:00;52,19
04.11.2016 18:00;04.11.2016 19:00;49,6
04.11.2016 19:00;04.11.2016 20:00;40,15
04.11.2016 20:00;04.11.2016 21:00;39,23
04.11.2016 21:00;04.11.2016 22:00;38,31
04.11.2016 22:00;04.11.2016 23:00;37,02
04.11.2016 23:00;05.11.2016 00:00;34,9
05.11.2016 00:00;05.11.2016 01:00;37,05
05.11.2016 01:00;05.11.2016 02:00;37,07
05.11.2016 02:00;05.11.2016 03:00;36,77
05.11.2016 03:00;05.11.2016 04:00;35,97
05.11.2016 04:00;05.11.2016 05:00;35,54
05.11.2016 05:00;05.11.2016 06:00;35,93
05.11.2016 06:00;05.11.2016 07:00;36,5
05.11.2016 07:00;05.11.2016 08:00;37,02
05.11.2016 08:00;05.11.2016 09:00;38,96
05.11.2016 09:00;05.11.2016 10:00;39,89
05.11.2016 10:00;05.11.2016 11:00;41,16
05.11.2016 11:00;05.11.2016 12:00;44,79
05.11.2016 12:00;05.11.2016 13:00;46,54
05.11.2016 13:00;05.11.2016 14:00;40,8
05.11.2016 14:00;05.11.2016 15:00;39,35
05.11.2016 15:00;05.11.2016 16:00;38,88
05.11.2016 16:00;05.11.2016 17:00;42,65
05.11.2016 17:00;05.11.2016 18:00;48,1
05.11.2016 18:00;05.11.2016 19:00;44,78
05.11.2016 19:00;05.11.2016 20:00;40,91
05.11.2016 20:00;05.11.2016 21:00;37,07
05.11.2016 21:00;05.11.2016 22:00;34,32
05.11.2016 22:00;05.11.2016 23:00;32,71
05.11.2016 23:00;06.11.2016 00:00;29,94
06.11.2016 00:00;06.11.2016 01:00;32,23
06.11.2016 01:00;06.11.2016 02:00;27,78
06.11.2016 02:00;06.11.2016 03:00;27,95
06.11.2016 03:00;06.11.2016 04:00;25,03
06.11.2016 04:00;06.11.2016 05:00;30,1
06.11.2016 05:00;06.11.2016 06:00;29,82
06.11.2016 06:00;06.11.2016 07:00;30,89
06.11.2016 07:00;06.11.2016 08:00;30,88
06.11.2016 08:00;06.11.2016 09:00;33,81
06.11.2016 09:00;06.11.2016 10:00;37,02
06.11.2016 10:00;06.11.2016 11:00;37,93
06.11.2016 11:00;06.11.2016 12:00;41,58
06.11.2016 12:00;06.11.2016 13:00;38,94
06.11.2016 13:00;06.11.2016 14:00;37,07
06.11.2016 14:00;06.11.2016 15:00;37,09
06.11.2016 15:00;06.11.2016 16:00;37,0
06.11.2016 16:00;06.11.2016 17:00;39,5
06.11.2016 17:00;06.11.2016 18:00;48,51
06.11.2016 18:00;06.11.2016 19:00;47,96
06.11.2016 19:00;06.11.2016 20:00;43,27
06.11.2016 20:00;06.11.2016 21:00;37,05
06.11.2016 21:00;06.11.2016 22:00;36,0
06.11.2016 22:00;06.11.2016 23:00;33,33
06.11.2016 23:00;07.11.2016 00:00;30,23
07.11.2016 00:00;07.11.2016 01:00;10,72
07.11.2016 01:00;07.11.2016 02:00;13,61
07.11.2016 02:00;07.11.2016 03:00;13,69
07.11.2016 03:00;07.11.2016 04:00;12,6
07.11.2016 04:00;07.11.2016 05:00;11,94
07.11.2016 05:00;07.11.2016 06:00;15,82
07.11.2016 06:00;07.11.2016 07:00;33,02
07.11.2016 07:00;07.11.2016 08:00;40,81
07.11.2016 08:00;07.11.2016 09:00;38,01
07.11.2016 09:00;07.11.2016 10:00;38,07
07.11.2016 10:00;07.11.2016 11:00;39,93
07.11.2016 11:00;07.11.2016 12:00;39,98
07.11.2016 12:00;07.11.2016 13:00;41,76
07.11.2016 13:00;07.11.2016 14:00;42,67
07.11.2016 14:00;07.11.2016 15:00;46,9
07.11.2016 15:00;07.11.2016 16:00;53,03
07.11.2016 16:00;07.11.2016 17:00;58,45
07.11.2016 17:00;07.11.2016 18:00;69,83
07.11.2016 18:00;07.11.2016 19:00;65,94
07.11.2016 19:00;07.11.2016 20:00;59,93
07.11.2016 20:00;07.11.2016 21:00;49,99
07.11.2016 21:00;07.11.2016 22:00;37,85
07.11.2016 22:00;07.11.2016 23:00;39,7
07.11.2016 23:00;08.11.2016 00:00;38,05
08.11.2016 00:00;08.11.2016 01:00;37,47
08.11.2016 01:00;08.11.2016 02:00;36,65
08.11.2016 02:00;08.11.2016 03:00;36,09
08.11.2016 03:00;08.11.2016 04:00;36,17
08.11.2016 04:00;08.11.2016 05:00;37,13
08.11.2016 05:00;08.11.2016 06:00;37,17
08.11.2016 06:00;08.11.2016 07:00;46,77
08.11.2016 07:00;08.11.2016 08:00;61,65
08.11.2016 08:00;08.11.2016 09:00;64,64
08.11.2016 09:00;08.11.2016 10:00;63,89
08.11.2016 10:00;08.11.2016 11:00;58,97
08.11.2016 11:00;08.11.2016 12:00;58,99
08.11.2016 12:00;08.11.2016 13:00;58,47
08.11.2016 13:00;08.11.2016 14:00;58,94
08.11.2016 14:00;08.11.2016 15:00;62,13
08.11.2016 15:00;08.11.2016 16:00;67,91
08.11.2016 16:00;08.11.2016 17:00;84,92
08.11.2016 17:00;08.11.2016 18:00;104,96
08.11.2016 18:00;08.11.2016 19:00;70,03
08.11.2016 19:00;08.11.2016 20:00;56,43
08.11.2016 20:00;08.11.2016 21:00;44,15
08.11.2016 21:00;08.11.2016 22:00;42,45
08.11.2016 22:00;08.11.2016 23:00;40,0
08.11.2016 23:00;09.11.2016 00:00;35,98
09.11.2016 00:00;09.11.2016 01:00;35,6
09.11.2016 01:00;09.11.2016 02:00;33,38
09.11.2016 02:00;09.11.2016 03:00;31,46
09.11.2016 03:00;09.11.2016 04:00;31,48
09.11.2016 04:00;09.11.2016 05:00;34,23
09.11.2016 05:00;09.11.2016 06:00;35,77
09.11.2016 06:00;09.11.2016 07:00;39,77
09.11.2016 07:00;09.11.2016 08:00;55,2
09.11.2016 08:00;09.11.2016 09:00;55,2
09.11.2016 09:00;09.11.2016 10:00;54,96
09.11.2016 10:00;09.11.2016 11:00;49,72
09.11.2016 11:00;09.11.2016 12:00;56,92
09.11.2016 12:00;09.11.2016 13:00;55,82
09.11.2016 13:00;09.11.2016 14:00;55,58
09.11.2016 14:00;09.11.2016 15:00;54,28
09.11.2016 15:00;09.11.2016 16:00;55,08
09.11.2016 16:00;09.11.2016 17:00;62,21
09.11.2016 17:00;09.11.2016 18:00;78,44
09.11.2016 18:00;09.11.2016 19:00;60,93
09.11.2016 19:00;09.11.2016 20:00;58,5
09.11.2016 20:00;09.11.2016 21:00;48,22
09.11.2016 21:00;09.11.2016 22:00;40,85
09.11.2016 22:00;09.11.2016 23:00;39,5
09.11.2016 23:00;10.11.2016 00:00;36,1
10.11.2016 00:00;10.11.2016 01:00;33,53
10.11.2016 01:00;10.11.2016 02:00;32,95
10.11.2016 02:00;10.11.2016 03:00;31,69
10.11.2016 03:00;10.11.2016 04:00;33,2
10.11.2016 04:00;10.11.2016 05:00;33,53
10.11.2016 05:00;10.11.2016 06:00;35,0
10.11.2016 06:00;10.11.2016 07:00;41,48
10.11.2016 07:00;10.11.2016 08:00;50,37
10.11.2016 08:00;10.11.2016 09:00;58,91
10.11.2016 09:00;10.11.2016 10:00;59,98
10.11.2016 10:00;10.11.2016 11:00;58,52
10.11.2016 11:00;10.11.2016 12:00;59,93
10.11.2016 12:00;10.11.2016 13:00;61,1
10.11.2016 13:00;10.11.2016 14:00;65,01
10.11.2016 14:00;10.11.2016 15:00;63,24
10.11.2016 15:00;10.11.2016 16:00;65,08
10.11.2016 16:00;10.11.2016 17:00;63,08
10.11.2016 17:00;10.11.2016 18:00;98,15
10.11.2016 18:00;10.11.2016 19:00;67,87
10.11.2016 19:00;10.11.2016 20:00;60,24
10.11.2016 20:00;10.11.2016 21:00;50,39
10.11.2016 21:00;10.11.2016 22:00;41,96
10.11.2016 22:00;10.11.2016 23:00;39,72
10.11.2016 23:00;11.11.2016 00:00;37,76
11.11.2016 00:00;11.11.2016 01:00;37,07
11.11.2016 01:00;11.11.2016 02:00;36,22
11.11.2016 02:00;11.11.2016 03:00;34,9
11.11.2016 03:00;11.11.2016 04:00;34,46
11.11.2016 04:00;11.11.2016 05:00;36,46
11.11.2016 05:00;11.11.2016 06:00;35,45
11.11.2016 06:00;11.11.2016 07:00;37,6
11.11.2016 07:00;11.11.2016 08:00;48,46
11.11.2016 08:00;11.11.2016 09:00;54,97
11.11.2016 09:00;11.11.2016 10:00;54,92
11.11.2016 10:00;11.11.2016 11:00;55,9
11.11.2016 11:00;11.11.2016 12:00;55,93
11.11.2016 12:00;11.11.2016 13:00;54,93
11.11.2016 13:00;11.11.2016 14:00;54,42
11.11.2016 14:00;11.11.2016 15:00;51,7
11.11.2016 15:00;11.11.2016 16:00;51,71
11.11.2016 16:00;11.11.2016 17:00;57,91
11.11.2016 17:00;11.11.2016 18:00;64,92
11.11.2016 18:00;11.11.2016 19:00;56,94
11.11.2016 19:00;11.11.2016 20:00;56,25
11.11.2016 20:00;11.11.2016 21:00;45,79
11.11.2016 21:00;11.11.2016 22:00;42,09
11.11.2016 22:00;11.11.2016 23:00;43,48
11.11.2016 23:00;12.11.2016 00:00;41,27
12.11.2016 00:00;12.11.2016 01:00;40,21
12.11.2016 01:00;12.11.2016 02:00;38,31
12.11.2016 02:00;12.11.2016 03:00;36,78
12.11.2016 03:00;12.11.2016 04:00;36,09
12.11.2016 04:00;12.11.2016 05:00;36,05
12.11.2016 05:00;12.11.2016 06:00;36,09
12.11.2016 06:00;12.11.2016 07:00;36,33
12.11.2016 07:00;12.11.2016 08:00;38,38
12.11.2016 08:00;12.11.2016 09:00;42,21
12.11.2016 09:00;12.11.2016 10:00;45,77
12.11.2016 10:00;12.11.2016 11:00;46,52
12.11.2016 11:00;12.11.2016 12:00;43,34
12.11.2016 12:00;12.11.2016 13:00;39,94
12.11.2016 13:00;12.11.2016 14:00;40,86
12.11.2016 14:00;12.11.2016 15:00;36,09
12.11.2016 15:00;12.11.2016 16:00;38,06
12.11.2016 16:00;12.11.2016 17:00;45,9
12.11.2016 17:00;12.11.2016 18:00;51,17
12.11.2016 18:00;12.11.2016 19:00;48,32
12.11.2016 19:00;12.11.2016 20:00;39,15
12.11.2016 20:00;12.11.2016 21:00;36,1
12.11.2016 21:00;12.11.2016 22:00;34,77
12.11.2016 22:00;12.11.2016 23:00;34,99
12.11.2016 23:00;13.11.2016 00:00;34,34
13.11.2016 00:00;13.11.2016 01:00;32,99
13.11.2016 01:00;13.11.2016 02:00;34,15
13.11.2016 02:00;13.11.2016 03:00;32,95
13.11.2016 03:00;13.11.2016 04:00;31,76
13.11.2016 04:00;13.11.2016 05:00;31,46
13.11.2016 05:00;13.11.2016 06:00;31,43
13.11.2016 06:00;13.11.2016 07:00;31,63
13.11.2016 07:00;13.11.2016 08:00;31,46
13.11.2016 08:00;13.11.2016 09:00;35,07
13.11.2016 09:00;13.11.2016 10:00;36,02
13.11.2016 10:00;13.11.2016 11:00;35,57
13.11.2016 11:00;13.11.2016 12:00;36,37
13.11.2016 12:00;13.11.2016 13:00;36,1
13.11.2016 13:00;13.11.2016 14:00;36,05
13.11.2016 14:00;13.11.2016 15:00;36,28
13.11.2016 15:00;13.11.2016 16:00;39,37
13.11.2016 16:00;13.11.2016 17:00;44,74
13.11.2016 17:00;13.11.2016 18:00;48,82
13.11.2016 18:00;13.11.2016 19:00;48,29
13.11.2016 19:00;13.11.2016 20:00;46,07
13.11.2016 20:00;13.11.2016 21:00;40,9
13.11.2016 21:00;13.11.2016 22:00;38,06
13.11.2016 22:00;13.11.2016 23:00;37,44
13.11.2016 23:00;14.11.2016 00:00;35,91
14.11.2016 00:00;14.11.2016 01:00;32,56
14.11.2016 01:00;14.11.2016 02:00;31,61
14.11.2016 02:00;14.11.2016 03:00;31,79
14.11.2016 03:00;14.11.2016 04:00;31,68
14.11.2016 04:00;14.11.2016 05:00;31,68
14.11.2016 05:00;14.11.2016 06:00;32,69
14.11.2016 06:00;14.11.2016 07:00;43,92
14.11.2016 07:00;14.11.2016 08:00;54,92
14.11.2016 08:00;14.11.2016 09:00;51,19
14.11.2016 09:00;14.11.2016 10:00;38,49
14.11.2016 10:00;14.11.2016 11:00;37,07
14.11.2016 11:00;14.11.2016 12:00;36,94
14.11.2016 12:00;14.11.2016 13:00;39,51
14.11.2016 13:00;14.11.2016 14:00;37,84
14.11.2016 14:00;14.11.2016 15:00;42,03
14.11.2016 15:00;14.11.2016 16:00;51,19
14.11.2016 16:00;14.11.2016 17:00;49,95
14.11.2016 17:00;14.11.2016 18:00;56,09
14.11.2016 18:00;14.11.2016 19:00;46,98
14.11.2016 19:00;14.11.2016 20:00;38,58
14.11.2016 20:00;14.11.2016 21:00;40,07
14.11.2016 21:00;14.11.2016 22:00;35,36
14.11.2016 22:00;14.11.2016 23:00;32,67
14.11.2016 23:00;15.11.2016 00:00;31,72
15.11.2016 00:00;15.11.2016 01:00;30,08
15.11.2016 01:00;15.11.2016 02:00;30,18
15.11.2016 02:00;15.11.2016 03:00;27,68
15.11.2016 03:00;15.11.2016 04:00;26,58
15.11.2016 04:00;15.11.2016 05:00;30,07
15.11.2016 05:00;15.11.2016 06:00;31,67
15.11.2016 06:00;15.11.2016 07:00;36,6
15.11.2016 07:00;15.11.2016 08:00;44,65
15.11.2016 08:00;15.11.2016 09:00;43,94
15.11.2016 09:00;15.11.2016 10:00;43,96
15.11.2016 10:00;15.11.2016 11:00;43,96
15.11.2016 11:00;15.11.2016 12:00;44,65
15.11.2016 12:00;15.11.2016 13:00;43,08
15.11.2016 13:00;15.11.2016 14:00;43,58
15.11.2016 14:00;15.11.2016 15:00;43,97
15.11.2016 15:00;15.11.2016 16:00;44,01
15.11.2016 16:00;15.11.2016 17:00;44,97
15.11.2016 17:00;15.11.2016 18:00;51,98
15.11.2016 18:00;15.11.2016 19:00;48,02
15.11.2016 19:00;15.11.2016 20:00;52,91
15.11.2016 20:00;15.11.2016 21:00;44,74
15.11.2016 21:00;15.11.2016 22:00;38,22
15.11.2016 22:00;15.11.2016 23:00;38,42
15.11.2016 23:00;16.11.2016 00:00;35,4
16.11.2016 00:00;16.11.2016 01:00;35,55
16.11.2016 01:00;16.11.2016 02:00;34,14
16.11.2016 02:00;16.11.2016 03:00;33,4
16.11.2016 03:00;16.11.2016 04:00;33,45
16.11.2016 04:00;16.11.2016 05:00;33,05
16.11.2016 05:00;16.11.2016 06:00;38,59
16.11.2016 06:00;16.11.2016 07:00;46,99
16.11.2016 07:00;16.11.2016 08:00;51,92
16.11.2016 08:00;16.11.2016 09:00;55,96
16.11.2016 09:00;16.11.2016 10:00;57,81
16.11.2016 10:00;16.11.2016 11:00;56,36
16.11.2016 11:00;16.11.2016 12:00;53,96
16.11.2016 12:00;16.11.2016 13:00;46,9
16.11.2016 13:00;16.11.2016 14:00;45,36
16.11.2016 14:00;16.11.2016 15:00;40,94
16.11.2016 15:00;16.11.2016 16:00;40,11
16.11.2016 16:00;16.11.2016 17:00;40,83
16.11.2016 17:00;16.11.2016 18:00;48,91
16.11.2016 18:00;16.11.2016 19:00;46,95
16.11.2016 19:00;16.11.2016 20:00;46,95
16.11.2016 20:00;16.11.2016 21:00;40,58
16.11.2016 21:00;16.11.2016 22:00;36,12
16.11.2016 22:00;16.11.2016 23:00;36,13
16.11.2016 23:00;17.11.2016 00:00;31,73
17.11.2016 00:00;17.11.2016 01:00;27,1
17.11.2016 01:00;17.11.2016 02:00;26,44
17.11.2016 02:00;17.11.2016 03:00;22,38
17.11.2016 03:00;17.11.2016 04:00;24,99
17.11.2016 04:00;17.11.2016 05:00;28,16
17.11.2016 05:00;17.11.2016 06:00;30,85
17.11.2016 06:00;17.11.2016 07:00;38,54
17.11.2016 07:00;17.11.2016 08:00;47,94
17.11.2016 08:00;17.11.2016 09:00;48,93
17.11.2016 09:00;17.11.2016 10:00;43,14
17.11.2016 10:00;17.11.2016 11:00;42,93
17.11.2016 11:00;17.11.2016 12:00;43,91
17.11.2016 12:00;17.11.2016 13:00;43,65
17.11.2016 13:00;17.11.2016 14:00;41,66
17.11.2016 14:00;17.11.2016 15:00;37,13
17.11.2016 15:00;17.11.2016 16:00;37,36
17.11.2016 16:00;17.11.2016 17:00;37,91
17.11.2016 17:00;17.11.2016 18:00;37,99
17.11.2016 18:00;17.11.2016 19:00;37,47
17.11.2016 19:00;17.11.2016 20:00;35,62
17.11.2016 20:00;17.11.2016 21:00;32,08
17.11.2016 21:00;17.11.2016 22:00;26,92
17.11.2016 22:00;17.11.2016 23:00;13,72
17.11.2016 23:00;18.11.2016 00:00;8,26
18.11.2016 00:00;18.11.2016 01:00;0,1
18.11.2016 01:00;18.11.2016 02:00;-12,1
18.11.2016 02:00;18.11.2016 03:00;-10,0
18.11.2016 03:00;18.11.2016 04:00;-0,01
18.11.2016 04:00;18.11.2016 05:00;8,86
18.11.2016 05:00;18.11.2016 06:00;13,22
18.11.2016 06:00;18.11.2016 07:00;29,83
18.11.2016 07:00;18.11.2016 08:00;37,88
18.11.2016 08:00;18.11.2016 09:00;34,74
18.11.2016 09:00;18.11.2016 10:00;34,65
18.11.2016 10:00;18.11.2016 11:00;33,86
18.11.2016 11:00;18.11.2016 12:00;33,13
18.11.2016 12:00;18.11.2016 13:00;31,04
18.11.2016 13:00;18.11.2016 14:00;31,06
18.11.2016 14:00;18.11.2016 15:00;31,79
18.11.2016 15:00;18.11.2016 16:00;35,99
18.11.2016 16:00;18.11.2016 17:00;39,96
18.11.2016 17:00;18.11.2016 18:00;39,98
18.11.2016 18:00;18.11.2016 19:00;39,02
18.11.2016 19:00;18.11.2016 20:00;34,06
18.11.2016 20:00;18.11.2016 21:00;34,02
18.11.2016 21:00;18.11.2016 22:00;27,66
18.11.2016 22:00;18.11.2016 23:00;17,88
18.11.2016 23:00;19.11.2016 00:00;13,57
19.11.2016 00:00;19.11.2016 01:00;13,79
19.11.2016 01:00;19.11.2016 02:00;12,69
19.11.2016 02:00;19.11.2016 03:00;12,85
19.11.2016 03:00;19.11.2016 04:00;15,18
19.11.2016 04:00;19.11.2016 05:00;20,56
19.11.2016 05:00;19.11.2016 06:00;18,58
19.11.2016 06:00;19.11.2016 07:00;20,2
19.11.2016 07:00;19.11.2016 08:00;33,36
19.11.2016 08:00;19.11.2016 09:00;37,01
19.11.2016 09:00;19.11.2016 10:00;41,08
19.11.2016 10:00;19.11.2016 11:00;41,0
19.11.2016 11:00;19.11.2016 12:00;40,1
19.11.2016 12:00;19.11.2016 13:00;39,24
19.11.2016 13:00;19.11.2016 14:00;36,97
19.11.2016 14:00;19.11.2016 15:00;36,96
19.11.2016 15:00;19.11.2016 16:00;39,96
19.11.2016 16:00;19.11.2016 17:00;46,9
19.11.2016 17:00;19.11.2016 18:00;46,95
19.11.2016 18:00;19.11.2016 19:00;42,96
19.11.2016 19:00;19.11.2016 20:00;39,97
19.11.2016 20:00;19.11.2016 21:00;33,8
19.11.2016 21:00;19.11.2016 22:00;33,08
19.11.2016 22:00;19.11.2016 23:00;32,14
19.11.2016 23:00;20.11.2016 00:00;22,09
20.11.2016 00:00;20.11.2016 01:00;13,66
20.11.2016 01:00;20.11.2016 02:00;13,62
20.11.2016 02:00;20.11.2016 03:00;14,66
20.11.2016 03:00;20.11.2016 04:00;13,61
20.11.2016 04:00;20.11.2016 05:00;13,64
20.11.2016 05:00;20.11.2016 06:00;5,68
20.11.2016 06:00;20.11.2016 07:00;1,0
20.11.2016 07:00;20.11.2016 08:00;-0,01
20.11.2016 08:00;20.11.2016 09:00;8,04
20.11.2016 09:00;20.11.2016 10:00;5,68
20.11.2016 10:00;20.11.2016 11:00;-0,44
20.11.2016 11:00;20.11.2016 12:00;-0,04
20.11.2016 12:00;20.11.2016 13:00;-9,94
20.11.2016 13:00;20.11.2016 14:00;-22,17
20.11.2016 14:00;20.11.2016 15:00;-30,41
20.11.2016 15:00;20.11.2016 16:00;-15,68
20.11.2016 16:00;20.11.2016 17:00;-29,04
20.11.2016 17:00;20.11.2016 18:00;9,9
20.11.2016 18:00;20.11.2016 19:00;8,06
20.11.2016 19:00;20.11.2016 20:00;8,99
20.11.2016 20:00;20.11.2016 21:00;-1,58
20.11.2016 21:00;20.11.2016 22:00;-3,35
20.11.2016 22:00;20.11.2016 23:00;3,45
20.11.2016 23:00;21.11.2016 00:00;-14,91
21.11.2016 00:00;21.11.2016 01:00;13,56
21.11.2016 01:00;21.11.2016 02:00;8,81
21.11.2016 02:00;21.11.2016 03:00;9,79
21.11.2016 03:00;21.11.2016 04:00;11,01
21.11.2016 04:00;21.11.2016 05:00;10,88
21.11.2016 05:00;21.11.2016 06:00;20,0
21.11.2016 06:00;21.11.2016 07:00;38,71
21.11.2016 07:00;21.11.2016 08:00;49,86
21.11.2016 08:00;21.11.2016 09:00;49,4
21.11.2016 09:00;21.11.2016 10:00;46,25
21.11.2016 10:00;21.11.2016 11:00;41,15
21.11.2016 11:00;21.11.2016 12:00;41,61
21.11.2016 12:00;21.11.2016 13:00;41,75
21.11.2016 13:00;21.11.2016 14:00;45,74
21.11.2016 14:00;21.11.2016 15:00;46,91
21.11.2016 15:00;21.11.2016 16:00;48,0
21.11.2016 16:00;21.11.2016 17:00;44,72
21.11.2016 17:00;21.11.2016 18:00;45,56
21.11.2016 18:00;21.11.2016 19:00;38,71
21.11.2016 19:00;21.11.2016 20:00;36,3
21.11.2016 20:00;21.11.2016 21:00;35,75
21.11.2016 21:00;21.11.2016 22:00;32,84
21.11.2016 22:00;21.11.2016 23:00;32,46
21.11.2016 23:00;22.11.2016 00:00;22,07
22.11.2016 00:00;22.11.2016 01:00;24,1
22.11.2016 01:00;22.11.2016 02:00;27,11
22.11.2016 02:00;22.11.2016 03:00;21,49
22.11.2016 03:00;22.11.2016 04:00;21,0
22.11.2016 04:00;22.11.2016 05:00;19,99
22.11.2016 05:00;22.11.2016 06:00;29,38
22.11.2016 06:00;22.11.2016 07:00;33,89
22.11.2016 07:00;22.11.2016 08:00;40,89
22.11.2016 08:00;22.11.2016 09:00;39,43
22.11.2016 09:00;22.11.2016 10:00;37,16
22.11.2016 10:00;22.11.2016 11:00;35,85
22.11.2016 11:00;22.11.2016 12:00;36,35
22.11.2016 12:00;22.11.2016 13:00;37,0
22.11.2016 13:00;22.11.2016 14:00;38,46
22.11.2016 14:00;22.11.2016 15:00;46,02
22.11.2016 15:00;22.11.2016 16:00;51,94
22.11.2016 16:00;22.11.2016 17:00;51,51
22.11.2016 17:00;22.11.2016 18:00;64,2
22.11.2016 18:00;22.11.2016 19:00;54,67
22.11.2016 19:00;22.11.2016 20:00;51,99
22.11.2016 20:00;22.11.2016 21:00;46,98
22.11.2016 21:00;22.11.2016 22:00;38,77
22.11.2016 22:00;22.11.2016 23:00;37,17
22.11.2016 23:00;23.11.2016 00:00;34,8
23.11.2016 00:00;23.11.2016 01:00;34,61
23.11.2016 01:00;23.11.2016 02:00;33,65
23.11.2016 02:00;23.11.2016 03:00;33,46
23.11.2016 03:00;23.11.2016 04:00;32,08
23.11.2016 04:00;23.11.2016 05:00;33,54
23.11.2016 05:00;23.11.2016 06:00;35,38
23.11.2016 06:00;23.11.2016 07:00;46,34
23.11.2016 07:00;23.11.2016 08:00;48,81
23.11.2016 08:00;23.11.2016 09:00;51,1
23.11.2016 09:00;23.11.2016 10:00;53,94
23.11.2016 10:00;23.11.2016 11:00;51,0
23.11.2016 11:00;23.11.2016 12:00;51,95
23.11.2016 12:00;23.11.2016 13:00;49,99
23.11.2016 13:00;23.11.2016 14:00;51,92
23.11.2016 14:00;23.11.2016 15:00;54,98
23.11.2016 15:00;23.11.2016 16:00;58,48
23.11.2016 16:00;23.11.2016 17:00;55,01
23.11.2016 17:00;23.11.2016 18:00;62,0
23.11.2016 18:00;23.11.2016 19:00;52,92
23.11.2016 19:00;23.11.2016 20:00;50,0
23.11.2016 20:00;23.11.2016 21:00;39,13
23.11.2016 21:00;23.11.2016 22:00;37,21
23.11.2016 22:00;23.11.2016 23:00;37,79
23.11.2016 23:00;24.11.2016 00:00;33,99
24.11.2016 00:00;24.11.2016 01:00;32,66
24.11.2016 01:00;24.11.2016 02:00;31,61
24.11.2016 02:00;24.11.2016 03:00;30,8
24.11.2016 03:00;24.11.2016 04:00;29,58
24.11.2016 04:00;24.11.2016 05:00;29,76
24.11.2016 05:00;24.11.2016 06:00;32,44
24.11.2016 06:00;24.11.2016 07:00;36,5
24.11.2016 07:00;24.11.2016 08:00;43,12
24.11.2016 08:00;24.11.2016 09:00;45,97
24.11.2016 09:00;24.11.2016 10:00;44,96
24.11.2016 10:00;24.11.2016 11:00;43,69
24.11.2016 11:00;24.11.2016 12:00;44,25
24.11.2016 12:00;24.11.2016 13:00;42,87
24.11.2016 13:00;24.11.2016 14:00;42,91
24.11.2016 14:00;24.11.2016 15:00;42,77
24.11.2016 15:00;24.11.2016 16:00;44,59
24.11.2016 16:00;24.11.2016 17:00;49,36
24.11.2016 17:00;24.11.2016 18:00;50,97
24.11.2016 18:00;24.11.2016 19:00;45,23
24.11.2016 19:00;24.11.2016 20:00;44,1
24.11.2016 20:00;24.11.2016 21:00;38,07
24.11.2016 21:00;24.11.2016 22:00;37,71
24.11.2016 22:00;24.11.2016 23:00;35,88
24.11.2016 23:00;25.11.2016 00:00;33,62
25.11.2016 00:00;25.11.2016 01:00;35,23
25.11.2016 01:00;25.11.2016 02:00;32,99
25.11.2016 02:00;25.11.2016 03:00;32,02
25.11.2016 03:00;25.11.2016 04:00;31,05
25.11.2016 04:00;25.11.2016 05:00;31,18
25.11.2016 05:00;25.11.2016 06:00;34,85
25.11.2016 06:00;25.11.2016 07:00;37,98
25.11.2016 07:00;25.11.2016 08:00;47,1
25.11.2016 08:00;25.11.2016 09:00;48,49
25.11.2016 09:00;25.11.2016 10:00;47,97
25.11.2016 10:00;25.11.2016 11:00;47,42
25.11.2016 11:00;25.11.2016 12:00;48,25
25.11.2016 12:00;25.11.2016 13:00;47,95
25.11.2016 13:00;25.11.2016 14:00;47,95
25.11.2016 14:00;25.11.2016 15:00;47,92
25.11.2016 15:00;25.11.2016 16:00;48,81
25.11.2016 16:00;25.11.2016 17:00;49,96
25.11.2016 17:00;25.11.2016 18:00;54,75
25.11.2016 18:00;25.11.2016 19:00;48,29
25.11.2016 19:00;25.11.2016 20:00;48,94
25.11.2016 20:00;25.11.2016 21:00;43,52
25.11.2016 21:00;25.11.2016 22:00;38,92
25.11.2016 22:00;25.11.2016 23:00;38,67
25.11.2016 23:00;26.11.2016 00:00;35,24
26.11.2016 00:00;26.11.2016 01:00;32,5
26.11.2016 01:00;26.11.2016 02:00;31,93
26.11.2016 02:00;26.11.2016 03:00;31,82
26.11.2016 03:00;26.11.2016 04:00;31,84
26.11.2016 04:00;26.11.2016 05:00;32,07
26.11.2016 05:00;26.11.2016 06:00;32,35
26.11.2016 06:00;26.11.2016 07:00;33,36
26.11.2016 07:00;26.11.2016 08:00;42,22
26.11.2016 08:00;26.11.2016 09:00;44,1
26.11.2016 09:00;26.11.2016 10:00;46,76
26.11.2016 10:00;26.11.2016 11:00;48,92
26.11.2016 11:00;26.11.2016 12:00;48,56
26.11.2016 12:00;26.11.2016 13:00;47,91
26.11.2016 13:00;26.11.2016 14:00;43,97
26.11.2016 14:00;26.11.2016 15:00;38,24
26.11.2016 15:00;26.11.2016 16:00;40,44
26.11.2016 16:00;26.11.2016 17:00;45,3
26.11.2016 17:00;26.11.2016 18:00;47,96
26.11.2016 18:00;26.11.2016 19:00;43,95
26.11.2016 19:00;26.11.2016 20:00;37,5
26.11.2016 20:00;26.11.2016 21:00;32,91
26.11.2016 21:00;26.11.2016 22:00;32,75
26.11.2016 22:00;26.11.2016 23:00;31,72
26.11.2016 23:00;27.11.2016 00:00;28,25
27.11.2016 00:00;27.11.2016 01:00;22,92
27.11.2016 01:00;27.11.2016 02:00;21,14
27.11.2016 02:00;27.11.2016 03:00;20,25
27.11.2016 03:00;27.11.2016 04:00;20,28
27.11.2016 04:00;27.11.2016 05:00;20,95
27.11.2016 05:00;27.11.2016 06:00;27,0
27.11.2016 06:00;27.11.2016 07:00;28,02
27.11.2016 07:00;27.11.2016 08:00;28,93
27.11.2016 08:00;27.11.2016 09:00;31,35
27.11.2016 09:00;27.11.2016 10:00;33,19
27.11.2016 10:00;27.11.2016 11:00;34,24
27.11.2016 11:00;27.11.2016 12:00;38,13
27.11.2016 12:00;27.11.2016 13:00;35,69
27.11.2016 13:00;27.11.2016 14:00;33,44
27.11.2016 14:00;27.11.2016 15:00;33,53
27.11.2016 15:00;27.11.2016 16:00;34,2
27.11.2016 16:00;27.11.2016 17:00;37,48
27.11.2016 17:00;27.11.2016 18:00;41,07
27.11.2016 18:00;27.11.2016 19:00;41,05
27.11.2016 19:00;27.11.2016 20:00;36,08
27.11.2016 20:00;27.11.2016 21:00;34,69
27.11.2016 21:00;27.11.2016 22:00;32,69
27.11.2016 22:00;27.11.2016 23:00;32,16
27.11.2016 23:00;28.11.2016 00:00;28,43
28.11.2016 00:00;28.11.2016 01:00;27,06
28.11.2016 01:00;28.11.2016 02:00;28,24
28.11.2016 02:00;28.11.2016 03:00;24,31
28.11.2016 03:00;28.11.2016 04:00;24,03
28.11.2016 04:00;28.11.2016 05:00;26,81
28.11.2016 05:00;28.11.2016 06:00;31,96
28.11.2016 06:00;28.11.2016 07:00;37,94
28.11.2016 07:00;28.11.2016 08:00;47,88
28.11.2016 08:00;28.11.2016 09:00;46,99
28.11.2016 09:00;28.11.2016 10:00;44,42
28.11.2016 10:00;28.11.2016 11:00;37,92
28.11.2016 11:00;28.11.2016 12:00;43,53
28.11.2016 12:00;28.11.2016 13:00;37,38
28.11.2016 13:00;28.11.2016 14:00;44,81
28.11.2016 14:00;28.11.2016 15:00;45,77
28.11.2016 15:00;28.11.2016 16:00;51,38
28.11.2016 16:00;28.11.2016 17:00;57,21
28.11.2016 17:00;28.11.2016 18:00;65,11
28.11.2016 18:00;28.11.2016 19:00;51,42
28.11.2016 19:00;28.11.2016 20:00;48,5
28.11.2016 20:00;28.11.2016 21:00;45,97
28.11.2016 21:00;28.11.2016 22:00;39,29
28.11.2016 22:00;28.11.2016 23:00;36,14
28.11.2016 23:00;29.11.2016 00:00;34,59
29.11.2016 00:00;29.11.2016 01:00;36,92
29.11.2016 01:00;29.11.2016 02:00;35,78
29.11.2016 02:00;29.11.2016 03:00;34,81
29.11.2016 03:00;29.11.2016 04:00;34,43
29.11.2016 04:00;29.11.2016 05:00;34,89
29.11.2016 05:00;29.11.2016 06:00;36,75
29.11.2016 06:00;29.11.2016 07:00;44,68
29.11.2016 07:00;29.11.2016 08:00;54,95
29.11.2016 08:00;29.11.2016 09:00;52,65
29.11.2016 09:00;29.11.2016 10:00;48,5
29.11.2016 10:00;29.11.2016 11:00;43,69
29.11.2016 11:00;29.11.2016 12:00;42,2
29.11.2016 12:00;29.11.2016 13:00;40,42
29.11.2016 13:00;29.11.2016 14:00;41,75
29.11.2016 14:00;29.11.2016 15:00;43,12
29.11.2016 15:00;29.11.2016 16:00;50,94
29.11.2016 16:00;29.11.2016 17:00;55,58
29.11.2016 17:00;29.11.2016 18:00;55,66
29.11.2016 18:00;29.11.2016 19:00;52,61
29.11.2016 19:00;29.11.2016 20:00;47,94
29.11.2016 20:00;29.11.2016 21:00;39,97
29.11.2016 21:00;29.11.2016 22:00;35,9
29.11.2016 22:00;29.11.2016 23:00;32,9
29.11.2016 23:00;30.11.2016 00:00;30,38
30.11.2016 00:00;30.11.2016 01:00;27,75
30.11.2016 01:00;30.11.2016 02:00;27,36
30.11.2016 02:00;30.11.2016 03:00;27,02
30.11.2016 03:00;30.11.2016 04:00;25,3
30.11.2016 04:00;30.11.2016 05:00;28,04
30.11.2016 05:00;30.11.2016 06:00;29,93
30.11.2016 06:00;30.11.2016 07:00;34,13
30.11.2016 07:00;30.11.2016 08:00;47,92
30.11.2016 08:00;30.11.2016 09:00;47,91
30.11.2016 09:00;30.11.2016 10:00;44,47
30.11.2016 10:00;30.11.2016 11:00;37,49
30.11.2016 11:00;30.11.2016 12:00;37,91
30.11.2016 12:00;30.11.2016 13:00;37,42
30.11.2016 13:00;30.11.2016 14:00;35,98
30.11.2016 14:00;30.11.2016 15:00;39,33
30.11.2016 15:00;30.11.2016 16:00;38,74
30.11.2016 16:00;30.11.2016 17:00;44,75
30.11.2016 17:00;30.11.2016 18:00;46,93
30.11.2016 18:00;30.11.2016 19:00;39,95
30.11.2016 19:00;30.11.2016 20:00;39,47
30.11.2016 20:00;30.11.2016 21:00;35,08
30.11.2016 21:00;30.11.2016 22:00;32,58
30.11.2016 22:00;30.11.2016 23:00;31,86
30.11.2016 23:00;01.12.2016 00:00;27,0
01.12.2016 00:00;01.12.2016 01:00;26,79
01.12.2016 01:00;01.12.2016 02:00;14,95
01.12.2016 02:00;01.12.2016 03:00;11,95
01.12.2016 03:00;01.12.2016 04:00;10,27
01.12.2016 04:00;01.12.2016 05:00;11,29
01.12.2016 05:00;01.12.2016 06:00;21,93
01.12.2016 06:00;01.12.2016 07:00;32,06
01.12.2016 07:00;01.12.2016 08:00;35,39
01.12.2016 08:00;01.12.2016 09:00;34,36
01.12.2016 09:00;01.12.2016 10:00;37,01
01.12.2016 10:00;01.12.2016 11:00;38,79
01.12.2016 11:00;01.12.2016 12:00;36,36
01.12.2016 12:00;01.12.2016 13:00;33,99
01.12.2016 13:00;01.12.2016 14:00;32,29
01.12.2016 14:00;01.12.2016 15:00;31,37
01.12.2016 15:00;01.12.2016 16:00;31,38
01.12.2016 16:00;01.12.2016 17:00;32,38
01.12.2016 17:00;01.12.2016 18:00;35,73
01.12.2016 18:00;01.12.2016 19:00;32,94
01.12.2016 19:00;01.12.2016 20:00;33,86
01.12.2016 20:00;01.12.2016 21:00;31,32
01.12.2016 21:00;01.12.2016 22:00;28,01
01.12.2016 22:00;01.12.2016 23:00;19,66
01.12.2016 23:00;02.12.2016 00:00;8,94
02.12.2016 00:00;02.12.2016 01:00;7,23
02.12.2016 01:00;02.12.2016 02:00;7,2
02.12.2016 02:00;02.12.2016 03:00;6,07
02.12.2016 03:00;02.12.2016 04:00;8,79
02.12.2016 04:00;02.12.2016 05:00;19,83
02.12.2016 05:00;02.12.2016 06:00;26,88
02.12.2016 06:00;02.12.2016 07:00;31,87
02.12.2016 07:00;02.12.2016 08:00;46,06
02.12.2016 08:00;02.12.2016 09:00;46,94
02.12.2016 09:00;02.12.2016 10:00;44,71
02.12.2016 10:00;02.12.2016 11:00;43,5
02.12.2016 11:00;02.12.2016 12:00;46,9
02.12.2016 12:00;02.12.2016 13:00;46,93
02.12.2016 13:00;02.12.2016 14:00;47,97
02.12.2016 14:00;02.12.2016 15:00;49,54
02.12.2016 15:00;02.12.2016 16:00;51,11
02.12.2016 16:00;02.12.2016 17:00;49,99
02.12.2016 17:00;02.12.2016 18:00;56,85
02.12.2016 18:00;02.12.2016 19:00;58,1
02.12.2016 19:00;02.12.2016 20:00;50,03
02.12.2016 20:00;02.12.2016 21:00;52,07
02.12.2016 21:00;02.12.2016 22:00;47,91
02.12.2016 22:00;02.12.2016 23:00;44,02
02.12.2016 23:00;03.12.2016 00:00;36,03
03.12.2016 00:00;03.12.2016 01:00;32,9
03.12.2016 01:00;03.12.2016 02:00;33,11
03.12.2016 02:00;03.12.2016 03:00;33,71
03.12.2016 03:00;03.12.2016 04:00;33,49
03.12.2016 04:00;03.12.2016 05:00;33,63
03.12.2016 05:00;03.12.2016 06:00;33,21
03.12.2016 06:00;03.12.2016 07:00;36,69
03.12.2016 07:00;03.12.2016 08:00;36,0
03.12.2016 08:00;03.12.2016 09:00;39,0
03.12.2016 09:00;03.12.2016 10:00;45,96
03.12.2016 10:00;03.12.2016 11:00;40,13
03.12.2016 11:00;03.12.2016 12:00;38,22
03.12.2016 12:00;03.12.2016 13:00;37,32
03.12.2016 13:00;03.12.2016 14:00;36,18
03.12.2016 14:00;03.12.2016 15:00;39,69
03.12.2016 15:00;03.12.2016 16:00;47,94
03.12.2016 16:00;03.12.2016 17:00;52,0
03.12.2016 17:00;03.12.2016 18:00;64,6
03.12.2016 18:00;03.12.2016 19:00;58,94
03.12.2016 19:00;03.12.2016 20:00;48,9
03.12.2016 20:00;03.12.2016 21:00;44,97
03.12.2016 21:00;03.12.2016 22:00;40,73
03.12.2016 22:00;03.12.2016 23:00;41,9
03.12.2016 23:00;04.12.2016 00:00;34,42
04.12.2016 00:00;04.12.2016 01:00;35,6
04.12.2016 01:00;04.12.2016 02:00;33,9
04.12.2016 02:00;04.12.2016 03:00;34,22
04.12.2016 03:00;04.12.2016 04:00;34,28
04.12.2016 04:00;04.12.2016 05:00;33,75
04.12.2016 05:00;04.12.2016 06:00;33,75
04.12.2016 06:00;04.12.2016 07:00;33,85
04.12.2016 07:00;04.12.2016 08:00;33,1
04.12.2016 08:00;04.12.2016 09:00;35,08
04.12.2016 09:00;04.12.2016 10:00;36,28
04.12.2016 10:00;04.12.2016 11:00;35,88
04.12.2016 11:00;04.12.2016 12:00;36,33
04.12.2016 12:00;04.12.2016 13:00;34,42
04.12.2016 13:00;04.12.2016 14:00;34,02
04.12.2016 14:00;04.12.2016 15:00;34,2
04.12.2016 15:00;04.12.2016 16:00;35,68
04.12.2016 16:00;04.12.2016 17:00;44,0
04.12.2016 17:00;04.12.2016 18:00;47,98
04.12.2016 18:00;04.12.2016 19:00;48,96
04.12.2016 19:00;04.12.2016 20:00;49,9
04.12.2016 20:00;04.12.2016 21:00;46,95
04.12.2016 21:00;04.12.2016 22:00;43,91
04.12.2016 22:00;04.12.2016 23:00;46,34
04.12.2016 23:00;05.12.2016 00:00;35,75
05.12.2016 00:00;05.12.2016 01:00;35,77
05.12.2016 01:00;05.12.2016 02:00;35,03
05.12.2016 02:00;05.12.2016 03:00;33,56
05.12.2016 03:00;05.12.2016 04:00;33,27
05.12.2016 04:00;05.12.2016 05:00;34,93
05.12.2016 05:00;05.12.2016 06:00;37,44
05.12.2016 06:00;05.12.2016 07:00;50,38
05.12.2016 07:00;05.12.2016 08:00;62,55
05.12.2016 08:00;05.12.2016 09:00;64,79
05.12.2016 09:00;05.12.2016 10:00;56,45
05.12.2016 10:00;05.12.2016 11:00;47,93
05.12.2016 11:00;05.12.2016 12:00;46,98
05.12.2016 12:00;05.12.2016 13:00;39,65
05.12.2016 13:00;05.12.2016 14:00;54,45
05.12.2016 14:00;05.12.2016 15:00;62,36
05.12.2016 15:00;05.12.2016 16:00;62,36
05.12.2016 16:00;05.12.2016 17:00;63,45
05.12.2016 17:00;05.12.2016 18:00;78,39
05.12.2016 18:00;05.12.2016 19:00;58,42
05.12.2016 19:00;05.12.2016 20:00;56,96
05.12.2016 20:00;05.12.2016 21:00;48,9
05.12.2016 21:00;05.12.2016 22:00;40,99
05.12.2016 22:00;05.12.2016 23:00;33,94
05.12.2016 23:00;06.12.2016 00:00;33,51
06.12.2016 00:00;06.12.2016 01:00;38,02
06.12.2016 01:00;06.12.2016 02:00;41,58
06.12.2016 02:00;06.12.2016 03:00;36,53
06.12.2016 03:00;06.12.2016 04:00;38,15
06.12.2016 04:00;06.12.2016 05:00;42,93
06.12.2016 05:00;06.12.2016 06:00;46,66
06.12.2016 06:00;06.12.2016 07:00;49,5
06.12.2016 07:00;06.12.2016 08:00;74,73
06.12.2016 08:00;06.12.2016 09:00;80,09
06.12.2016 09:00;06.12.2016 10:00;76,0
06.12.2016 10:00;06.12.2016 11:00;66,39
06.12.2016 11:00;06.12.2016 12:00;58,99
06.12.2016 12:00;06.12.2016 13:00;56,77
06.12.2016 13:00;06.12.2016 14:00;58,12
06.12.2016 14:00;06.12.2016 15:00;63,61
06.12.2016 15:00;06.12.2016 16:00;66,31
06.12.2016 16:00;06.12.2016 17:00;72,97
06.12.2016 17:00;06.12.2016 18:00;89,25
06.12.2016 18:00;06.12.2016 19:00;82,71
06.12.2016 19:00;06.12.2016 20:00;75,39
06.12.2016 20:00;06.12.2016 21:00;62,76
06.12.2016 21:00;06.12.2016 22:00;46,98
06.12.2016 22:00;06.12.2016 23:00;39,47
06.12.2016 23:00;07.12.2016 00:00;36,08
07.12.2016 00:00;07.12.2016 01:00;33,09
07.12.2016 01:00;07.12.2016 02:00;32,77
07.12.2016 02:00;07.12.2016 03:00;31,91
07.12.2016 03:00;07.12.2016 04:00;31,41
07.12.2016 04:00;07.12.2016 05:00;31,07
07.12.2016 05:00;07.12.2016 06:00;32,43
07.12.2016 06:00;07.12.2016 07:00;38,0
07.12.2016 07:00;07.12.2016 08:00;45,28
07.12.2016 08:00;07.12.2016 09:00;47,96
07.12.2016 09:00;07.12.2016 10:00;46,95
07.12.2016 10:00;07.12.2016 11:00;46,98
07.12.2016 11:00;07.12.2016 12:00;44,89
07.12.2016 12:00;07.12.2016 13:00;40,0
07.12.2016 13:00;07.12.2016 14:00;39,13
07.12.2016 14:00;07.12.2016 15:00;39,11
07.12.2016 15:00;07.12.2016 16:00;41,12
07.12.2016 16:00;07.12.2016 17:00;44,47
07.12.2016 17:00;07.12.2016 18:00;45,28
07.12.2016 18:00;07.12.2016 19:00;38,39
07.12.2016 19:00;07.12.2016 20:00;36,03
07.12.2016 20:00;07.12.2016 21:00;34,14
07.12.2016 21:00;07.12.2016 22:00;32,03
07.12.2016 22:00;07.12.2016 23:00;30,85
07.12.2016 23:00;08.12.2016 00:00;27,03
08.12.2016 00:00;08.12.2016 01:00;22,46
08.12.2016 01:00;08.12.2016 02:00;13,7
08.12.2016 02:00;08.12.2016 03:00;11,57
08.12.2016 03:00;08.12.2016 04:00;11,79
08.12.2016 04:00;08.12.2016 05:00;13,33
08.12.2016 05:00;08.12.2016 06:00;17,94
08.12.2016 06:00;08.12.2016 07:00;29,36
08.12.2016 07:00;08.12.2016 08:00;33,56
08.12.2016 08:00;08.12.2016 09:00;36,01
08.12.2016 09:00;08.12.2016 10:00;36,34
08.12.2016 10:00;08.12.2016 11:00;32,88
08.12.2016 11:00;08.12.2016 12:00;31,97
08.12.2016 12:00;08.12.2016 13:00;30,83
08.12.2016 13:00;08.12.2016 14:00;32,46
08.12.2016 14:00;08.12.2016 15:00;36,33
08.12.2016 15:00;08.12.2016 16:00;42,33
08.12.2016 16:00;08.12.2016 17:00;43,97
08.12.2016 17:00;08.12.2016 18:00;46,99
08.12.2016 18:00;08.12.2016 19:00;43,41
08.12.2016 19:00;08.12.2016 20:00;39,96
08.12.2016 20:00;08.12.2016 21:00;35,0
08.12.2016 21:00;08.12.2016 22:00;30,7
08.12.2016 22:00;08.12.2016 23:00;29,9
08.12.2016 23:00;09.12.2016 00:00;27,27
09.12.2016 00:00;09.12.2016 01:00;27,59
09.12.2016 01:00;09.12.2016 02:00;25,56
09.12.2016 02:00;09.12.2016 03:00;25,12
09.12.2016 03:00;09.12.2016 04:00;25,52
09.12.2016 04:00;09.12.2016 05:00;27,46
09.12.2016 05:00;09.12.2016 06:00;27,55
09.12.2016 06:00;09.12.2016 07:00;31,57
09.12.2016 07:00;09.12.2016 08:00;44,47
09.12.2016 08:00;09.12.2016 09:00;46,99
09.12.2016 09:00;09.12.2016 10:00;43,68
09.12.2016 10:00;09.12.2016 11:00;45,93
09.12.2016 11:00;09.12.2016 12:00;42,51
09.12.2016 12:00;09.12.2016 13:00;39,02
09.12.2016 13:00;09.12.2016 14:00;37,5
09.12.2016 14:00;09.12.2016 15:00;37,44
09.12.2016 15:00;09.12.2016 16:00;40,82
09.12.2016 16:00;09.12.2016 17:00;41,91
09.12.2016 17:00;09.12.2016 18:00;41,96
09.12.2016 18:00;09.12.2016 19:00;39,15
09.12.2016 19:00;09.12.2016 20:00;40,86
09.12.2016 20:00;09.12.2016 21:00;35,0
09.12.2016 21:00;09.12.2016 22:00;32,46
09.12.2016 22:00;09.12.2016 23:00;31,24
09.12.2016 23:00;10.12.2016 00:00;29,0
10.12.2016 00:00;10.12.2016 01:00;25,98
10.12.2016 01:00;10.12.2016 02:00;24,02
10.12.2016 02:00;10.12.2016 03:00;23,95
10.12.2016 03:00;10.12.2016 04:00;20,3
10.12.2016 04:00;10.12.2016 05:00;20,55
10.12.2016 05:00;10.12.2016 06:00;23,25
10.12.2016 06:00;10.12.2016 07:00;23,08
10.12.2016 07:00;10.12.2016 08:00;24,13
10.12.2016 08:00;10.12.2016 09:00;28,49
10.12.2016 09:00;10.12.2016 10:00;31,08
10.12.2016 10:00;10.12.2016 11:00;31,86
10.12.2016 11:00;10.12.2016 12:00;33,77
10.12.2016 12:00;10.12.2016 13:00;33,0
10.12.2016 13:00;10.12.2016 14:00;32,35
10.12.2016 14:00;10.12.2016 15:00;35,02
10.12.2016 15:00;10.12.2016 16:00;41,92
10.12.2016 16:00;10.12.2016 17:00;43,67
10.12.2016 17:00;10.12.2016 18:00;50,03
10.12.2016 18:00;10.12.2016 19:00;45,12
10.12.2016 19:00;10.12.2016 20:00;40,17
10.12.2016 20:00;10.12.2016 21:00;39,94
10.12.2016 21:00;10.12.2016 22:00;34,72
10.12.2016 22:00;10.12.2016 23:00;34,94
10.12.2016 23:00;11.12.2016 00:00;31,4
11.12.2016 00:00;11.12.2016 01:00;30,58
11.12.2016 01:00;11.12.2016 02:00;28,44
11.12.2016 02:00;11.12.2016 03:00;28,95
11.12.2016 03:00;11.12.2016 04:00;28,08
11.12.2016 04:00;11.12.2016 05:00;27,56
11.12.2016 05:00;11.12.2016 06:00;27,94
11.12.2016 06:00;11.12.2016 07:00;26,16
11.12.2016 07:00;11.12.2016 08:00;26,51
11.12.2016 08:00;11.12.2016 09:00;26,84
11.12.2016 09:00;11.12.2016 10:00;29,51
11.12.2016 10:00;11.12.2016 11:00;29,75
11.12.2016 11:00;11.12.2016 12:00;30,42
11.12.2016 12:00;11.12.2016 13:00;29,03
11.12.2016 13:00;11.12.2016 14:00;25,1
11.12.2016 14:00;11.12.2016 15:00;24,01
11.12.2016 15:00;11.12.2016 16:00;24,7
11.12.2016 16:00;11.12.2016 17:00;34,57
11.12.2016 17:00;11.12.2016 18:00;32,83
11.12.2016 18:00;11.12.2016 19:00;34,07
11.12.2016 19:00;11.12.2016 20:00;32,9
11.12.2016 20:00;11.12.2016 21:00;32,01
11.12.2016 21:00;11.12.2016 22:00;29,09
11.12.2016 22:00;11.12.2016 23:00;30,44
11.12.2016 23:00;12.12.2016 00:00;25,92
12.12.2016 00:00;12.12.2016 01:00;23,98
12.12.2016 01:00;12.12.2016 02:00;28,82
12.12.2016 02:00;12.12.2016 03:00;28,24
12.12.2016 03:00;12.12.2016 04:00;27,49
12.12.2016 04:00;12.12.2016 05:00;26,6
12.12.2016 05:00;12.12.2016 06:00;28,78
12.12.2016 06:00;12.12.2016 07:00;43,7
12.12.2016 07:00;12.12.2016 08:00;57,36
12.12.2016 08:00;12.12.2016 09:00;47,93
12.12.2016 09:00;12.12.2016 10:00;50,09
12.12.2016 10:00;12.12.2016 11:00;52,32
12.12.2016 11:00;12.12.2016 12:00;59,54
12.12.2016 12:00;12.12.2016 13:00;53,91
12.12.2016 13:00;12.12.2016 14:00;63,67
12.12.2016 14:00;12.12.2016 15:00;63,81
12.12.2016 15:00;12.12.2016 16:00;56,29
12.12.2016 16:00;12.12.2016 17:00;70,25
12.12.2016 17:00;12.12.2016 18:00;80,62
12.12.2016 18:00;12.12.2016 19:00;65,2
12.12.2016 19:00;12.12.2016 20:00;57,18
12.12.2016 20:00;12.12.2016 21:00;46,96
12.12.2016 21:00;12.12.2016 22:00;37,73
12.12.2016 22:00;12.12.2016 23:00;35,07
12.12.2016 23:00;13.12.2016 00:00;33,33
13.12.2016 00:00;13.12.2016 01:00;35,88
13.12.2016 01:00;13.12.2016 02:00;33,04
13.12.2016 02:00;13.12.2016 03:00;33,04
13.12.2016 03:00;13.12.2016 04:00;33,02
13.12.2016 04:00;13.12.2016 05:00;34,97
13.12.2016 05:00;13.12.2016 06:00;32,84
13.12.2016 06:00;13.12.2016 07:00;47,41
13.12.2016 07:00;13.12.2016 08:00;49,9
13.12.2016 08:00;13.12.2016 09:00;54,39
13.12.2016 09:00;13.12.2016 10:00;58,12
13.12.2016 10:00;13.12.2016 11:00;62,76
13.12.2016 11:00;13.12.2016 12:00;60,09
13.12.2016 12:00;13.12.2016 13:00;58,0
13.12.2016 13:00;13.12.2016 14:00;59,39
13.12.2016 14:00;13.12.2016 15:00;59,6
13.12.2016 15:00;13.12.2016 16:00;61,6
13.12.2016 16:00;13.12.2016 17:00;63,02
13.12.2016 17:00;13.12.2016 18:00;70,42
13.12.2016 18:00;13.12.2016 19:00;60,09
13.12.2016 19:00;13.12.2016 20:00;57,76
13.12.2016 20:00;13.12.2016 21:00;45,66
13.12.2016 21:00;13.12.2016 22:00;40,19
13.12.2016 22:00;13.12.2016 23:00;37,02
13.12.2016 23:00;14.12.2016 00:00;32,53
14.12.2016 00:00;14.12.2016 01:00;33,09
14.12.2016 01:00;14.12.2016 02:00;33,28
14.12.2016 02:00;14.12.2016 03:00;33,0
14.12.2016 03:00;14.12.2016 04:00;32,64
14.12.2016 04:00;14.12.2016 05:00;32,66
14.12.2016 05:00;14.12.2016 06:00;36,9
14.12.2016 06:00;14.12.2016 07:00;49,91
14.12.2016 07:00;14.12.2016 08:00;75,06
14.12.2016 08:00;14.12.2016 09:00;82,26
14.12.2016 09:00;14.12.2016 10:00;78,58
14.12.2016 10:00;14.12.2016 11:00;77,17
14.12.2016 11:00;14.12.2016 12:00;75,94
14.12.2016 12:00;14.12.2016 13:00;70,55
14.12.2016 13:00;14.12.2016 14:00;69,91
14.12.2016 14:00;14.12.2016 15:00;69,69
14.12.2016 15:00;14.12.2016 16:00;72,52
14.12.2016 16:00;14.12.2016 17:00;75,15
14.12.2016 17:00;14.12.2016 18:00;91,81
14.12.2016 18:00;14.12.2016 19:00;79,9
14.12.2016 19:00;14.12.2016 20:00;78,62
14.12.2016 20:00;14.12.2016 21:00;67,54
14.12.2016 21:00;14.12.2016 22:00;47,94
14.12.2016 22:00;14.12.2016 23:00;41,71
14.12.2016 23:00;15.12.2016 00:00;35,57
15.12.2016 00:00;15.12.2016 01:00;35,05
15.12.2016 01:00;15.12.2016 02:00;33,31
15.12.2016 02:00;15.12.2016 03:00;34,2
15.12.2016 03:00;15.12.2016 04:00;33,51
15.12.2016 04:00;15.12.2016 05:00;34,53
15.12.2016 05:00;15.12.2016 06:00;35,61
15.12.2016 06:00;15.12.2016 07:00;49,55
15.12.2016 07:00;15.12.2016 08:00;67,91
15.12.2016 08:00;15.12.2016 09:00;67,07
15.12.2016 09:00;15.12.2016 10:00;62,27
15.12.2016 10:00;15.12.2016 11:00;59,13
15.12.2016 11:00;15.12.2016 12:00;57,69
15.12.2016 12:00;15.12.2016 13:00;53,72
15.12.2016 13:00;15.12.2016 14:00;54,95
15.12.2016 14:00;15.12.2016 15:00;55,0
15.12.2016 15:00;15.12.2016 16:00;60,24
15.12.2016 16:00;15.12.2016 17:00;62,05
15.12.2016 17:00;15.12.2016 18:00;70,03
15.12.2016 18:00;15.12.2016 19:00;58,95
15.12.2016 19:00;15.12.2016 20:00;54,65
15.12.2016 20:00;15.12.2016 21:00;45,37
15.12.2016 21:00;15.12.2016 22:00;40,0
15.12.2016 22:00;15.12.2016 23:00;37,53
15.12.2016 23:00;16.12.2016 00:00;33,98
16.12.2016 00:00;16.12.2016 01:00;34,25
16.12.2016 01:00;16.12.2016 02:00;33,29
16.12.2016 02:00;16.12.2016 03:00;32,0
16.12.2016 03:00;16.12.2016 04:00;31,92
16.12.2016 04:00;16.12.2016 05:00;33,15
16.12.2016 05:00;16.12.2016 06:00;35,51
16.12.2016 06:00;16.12.2016 07:00;46,76
16.12.2016 07:00;16.12.2016 08:00;58,99
16.12.2016 08:00;16.12.2016 09:00;62,65
16.12.2016 09:00;16.12.2016 10:00;59,99
16.12.2016 10:00;16.12.2016 11:00;59,04
16.12.2016 11:00;16.12.2016 12:00;59,56
16.12.2016 12:00;16.12.2016 13:00;56,96
16.12.2016 13:00;16.12.2016 14:00;57,98
16.12.2016 14:00;16.12.2016 15:00;64,88
16.12.2016 15:00;16.12.2016 16:00;65,1
16.12.2016 16:00;16.12.2016 17:00;69,46
16.12.2016 17:00;16.12.2016 18:00;80,99
16.12.2016 18:00;16.12.2016 19:00;68,0
16.12.2016 19:00;16.12.2016 20:00;71,71
16.12.2016 20:00;16.12.2016 21:00;63,6
16.12.2016 21:00;16.12.2016 22:00;48,09
16.12.2016 22:00;16.12.2016 23:00;42,49
16.12.2016 23:00;17.12.2016 00:00;37,06
17.12.2016 00:00;17.12.2016 01:00;42,1
17.12.2016 01:00;17.12.2016 02:00;39,44
17.12.2016 02:00;17.12.2016 03:00;38,36
17.12.2016 03:00;17.12.2016 04:00;38,28
17.12.2016 04:00;17.12.2016 05:00;39,07
17.12.2016 05:00;17.12.2016 06:00;39,01
17.12.2016 06:00;17.12.2016 07:00;36,0
17.12.2016 07:00;17.12.2016 08:00;39,01
17.12.2016 08:00;17.12.2016 09:00;47,84
17.12.2016 09:00;17.12.2016 10:00;54,97
17.12.2016 10:00;17.12.2016 11:00;54,91
17.12.2016 11:00;17.12.2016 12:00;54,35
17.12.2016 12:00;17.12.2016 13:00;50,1
17.12.2016 13:00;17.12.2016 14:00;47,65
17.12.2016 14:00;17.12.2016 15:00;49,68
17.12.2016 15:00;17.12.2016 16:00;50,68
17.12.2016 16:00;17.12.2016 17:00;54,8
17.12.2016 17:00;17.12.2016 18:00;61,01
17.12.2016 18:00;17.12.2016 19:00;63,53
17.12.2016 19:00;17.12.2016 20:00;54,98
17.12.2016 20:00;17.12.2016 21:00;46,22
17.12.2016 21:00;17.12.2016 22:00;40,93
17.12.2016 22:00;17.12.2016 23:00;40,98
17.12.2016 23:00;18.12.2016 00:00;39,1
18.12.2016 00:00;18.12.2016 01:00;35,78
18.12.2016 01:00;18.12.2016 02:00;35,23
18.12.2016 02:00;18.12.2016 03:00;33,96
18.12.2016 03:00;18.12.2016 04:00;34,32
18.12.2016 04:00;18.12.2016 05:00;33,96
18.12.2016 05:00;18.12.2016 06:00;33,93
18.12.2016 06:00;18.12.2016 07:00;34,36
18.12.2016 07:00;18.12.2016 08:00;38,37
18.12.2016 08:00;18.12.2016 09:00;36,88
18.12.2016 09:00;18.12.2016 10:00;44,72
18.12.2016 10:00;18.12.2016 11:00;45,94
18.12.2016 11:00;18.12.2016 12:00;52,29
18.12.2016 12:00;18.12.2016 13:00;52,0
18.12.2016 13:00;18.12.2016 14:00;49,78
18.12.2016 14:00;18.12.2016 15:00;45,82
18.12.2016 15:00;18.12.2016 16:00;47,43
18.12.2016 16:00;18.12.2016 17:00;49,98
18.12.2016 17:00;18.12.2016 18:00;54,92
18.12.2016 18:00;18.12.2016 19:00;53,98
18.12.2016 19:00;18.12.2016 20:00;50,13
18.12.2016 20:00;18.12.2016 21:00;49,92
18.12.2016 21:00;18.12.2016 22:00;45,73
18.12.2016 22:00;18.12.2016 23:00;47,14
18.12.2016 23:00;19.12.2016 00:00;42,06
19.12.2016 00:00;19.12.2016 01:00;39,9
19.12.2016 01:00;19.12.2016 02:00;39,08
19.12.2016 02:00;19.12.2016 03:00;39,02
19.12.2016 03:00;19.12.2016 04:00;38,56
19.12.2016 04:00;19.12.2016 05:00;39,01
19.12.2016 05:00;19.12.2016 06:00;39,05
19.12.2016 06:00;19.12.2016 07:00;54,11
19.12.2016 07:00;19.12.2016 08:00;66,7
19.12.2016 08:00;19.12.2016 09:00;65,38
19.12.2016 09:00;19.12.2016 10:00;75,1
19.12.2016 10:00;19.12.2016 11:00;74,99
19.12.2016 11:00;19.12.2016 12:00;72,19
19.12.2016 12:00;19.12.2016 13:00;70,8
19.12.2016 13:00;19.12.2016 14:00;71,48
19.12.2016 14:00;19.12.2016 15:00;70,82
19.12.2016 15:00;19.12.2016 16:00;72,99
19.12.2016 16:00;19.12.2016 17:00;69,24
19.12.2016 17:00;19.12.2016 18:00;79,46
19.12.2016 18:00;19.12.2016 19:00;66,0
19.12.2016 19:00;19.12.2016 20:00;67,0
19.12.2016 20:00;19.12.2016 21:00;50,94
19.12.2016 21:00;19.12.2016 22:00;40,16
19.12.2016 22:00;19.12.2016 23:00;40,05
19.12.2016 23:00;20.12.2016 00:00;35,74
20.12.2016 00:00;20.12.2016 01:00;37,49
20.12.2016 01:00;20.12.2016 02:00;37,06
20.12.2016 02:00;20.12.2016 03:00;37,06
20.12.2016 03:00;20.12.2016 04:00;34,96
20.12.2016 04:00;20.12.2016 05:00;37,0
20.12.2016 05:00;20.12.2016 06:00;38,14
20.12.2016 06:00;20.12.2016 07:00;43,27
20.12.2016 07:00;20.12.2016 08:00;55,94
20.12.2016 08:00;20.12.2016 09:00;55,95
20.12.2016 09:00;20.12.2016 10:00;58,13
20.12.2016 10:00;20.12.2016 11:00;54,97
20.12.2016 11:00;20.12.2016 12:00;58,92
20.12.2016 12:00;20.12.2016 13:00;54,91
20.12.2016 13:00;20.12.2016 14:00;58,53
20.12.2016 14:00;20.12.2016 15:00;58,17
20.12.2016 15:00;20.12.2016 16:00;54,97
20.12.2016 16:00;20.12.2016 17:00;57,82
20.12.2016 17:00;20.12.2016 18:00;66,33
20.12.2016 18:00;20.12.2016 19:00;58,91
20.12.2016 19:00;20.12.2016 20:00;55,09
20.12.2016 20:00;20.12.2016 21:00;43,53
20.12.2016 21:00;20.12.2016 22:00;39,27
20.12.2016 22:00;20.12.2016 23:00;39,04
20.12.2016 23:00;21.12.2016 00:00;36,34
21.12.2016 00:00;21.12.2016 01:00;31,88
21.12.2016 01:00;21.12.2016 02:00;31,35
21.12.2016 02:00;21.12.2016 03:00;31,74
21.12.2016 03:00;21.12.2016 04:00;31,35
21.12.2016 04:00;21.12.2016 05:00;31,34
21.12.2016 05:00;21.12.2016 06:00;31,34
21.12.2016 06:00;21.12.2016 07:00;36,09
21.12.2016 07:00;21.12.2016 08:00;46,97
21.12.2016 08:00;21.12.2016 09:00;49,97
21.12.2016 09:00;21.12.2016 10:00;46,27
21.12.2016 10:00;21.12.2016 11:00;46,9
21.12.2016 11:00;21.12.2016 12:00;43,96
21.12.2016 12:00;21.12.2016 13:00;39,53
21.12.2016 13:00;21.12.2016 14:00;39,38
21.12.2016 14:00;21.12.2016 15:00;41,97
21.12.2016 15:00;21.12.2016 16:00;47,95
21.12.2016 16:00;21.12.2016 17:00;47,95
21.12.2016 17:00;21.12.2016 18:00;48,95
21.12.2016 18:00;21.12.2016 19:00;47,0
21.12.2016 19:00;21.12.2016 20:00;44,62
21.12.2016 20:00;21.12.2016 21:00;39,05
21.12.2016 21:00;21.12.2016 22:00;37,22
21.12.2016 22:00;21.12.2016 23:00;34,57
21.12.2016 23:00;22.12.2016 00:00;33,94
22.12.2016 00:00;22.12.2016 01:00;34,34
22.12.2016 01:00;22.12.2016 02:00;32,72
22.12.2016 02:00;22.12.2016 03:00;33,34
22.12.2016 03:00;22.12.2016 04:00;34,42
22.12.2016 04:00;22.12.2016 05:00;34,9
22.12.2016 05:00;22.12.2016 06:00;36,03
22.12.2016 06:00;22.12.2016 07:00;41,88
22.12.2016 07:00;22.12.2016 08:00;51,84
22.12.2016 08:00;22.12.2016 09:00;51,78
22.12.2016 09:00;22.12.2016 10:00;50,99
22.12.2016 10:00;22.12.2016 11:00;55,62
22.12.2016 11:00;22.12.2016 12:00;54,26
22.12.2016 12:00;22.12.2016 13:00;51,4
22.12.2016 13:00;22.12.2016 14:00;50,94
22.12.2016 14:00;22.12.2016 15:00;50,93
22.12.2016 15:00;22.12.2016 16:00;51,97
22.12.2016 16:00;22.12.2016 17:00;56,7
22.12.2016 17:00;22.12.2016 18:00;54,46
22.12.2016 18:00;22.12.2016 19:00;54,92
22.12.2016 19:00;22.12.2016 20:00;51,0
22.12.2016 20:00;22.12.2016 21:00;39,94
22.12.2016 21:00;22.12.2016 22:00;37,66
22.12.2016 22:00;22.12.2016 23:00;38,62
22.12.2016 23:00;23.12.2016 00:00;34,95
23.12.2016 00:00;23.12.2016 01:00;29,02
23.12.2016 01:00;23.12.2016 02:00;29,58
23.12.2016 02:00;23.12.2016 03:00;27,58
23.12.2016 03:00;23.12.2016 04:00;26,78
23.12.2016 04:00;23.12.2016 05:00;29,02
23.12.2016 05:00;23.12.2016 06:00;30,0
23.12.2016 06:00;23.12.2016 07:00;36,3
23.12.2016 07:00;23.12.2016 08:00;45,91
23.12.2016 08:00;23.12.2016 09:00;50,91
23.12.2016 09:00;23.12.2016 10:00;51,15
23.12.2016 10:00;23.12.2016 11:00;50,98
23.12.2016 11:00;23.12.2016 12:00;48,89
23.12.2016 12:00;23.12.2016 13:00;45,91
23.12.2016 13:00;23.12.2016 14:00;45,12
23.12.2016 14:00;23.12.2016 15:00;44,95
23.12.2016 15:00;23.12.2016 16:00;44,96
23.12.2016 16:00;23.12.2016 17:00;46,96
23.12.2016 17:00;23.12.2016 18:00;48,39
23.12.2016 18:00;23.12.2016 19:00;40,84
23.12.2016 19:00;23.12.2016 20:00;38,15
23.12.2016 20:00;23.12.2016 21:00;36,28
23.12.2016 21:00;23.12.2016 22:00;33,0
23.12.2016 22:00;23.12.2016 23:00;27,57
23.12.2016 23:00;24.12.2016 00:00;7,82
24.12.2016 00:00;24.12.2016 01:00;10,38
24.12.2016 01:00;24.12.2016 02:00;3,71
24.12.2016 02:00;24.12.2016 03:00;-7,62
24.12.2016 03:00;24.12.2016 04:00;-2,57
24.12.2016 04:00;24.12.2016 05:00;8,47
24.12.2016 05:00;24.12.2016 06:00;8,59
24.12.2016 06:00;24.12.2016 07:00;3,97
24.12.2016 07:00;24.12.2016 08:00;8,69
24.12.2016 08:00;24.12.2016 09:00;15,99
24.12.2016 09:00;24.12.2016 10:00;20,36
24.12.2016 10:00;24.12.2016 11:00;21,0
24.12.2016 11:00;24.12.2016 12:00;20,02
24.12.2016 12:00;24.12.2016 13:00;18,04
24.12.2016 13:00;24.12.2016 14:00;15,3
24.12.2016 14:00;24.12.2016 15:00;10,41
24.12.2016 15:00;24.12.2016 16:00;10,51
24.12.2016 16:00;24.12.2016 17:00;13,79
24.12.2016 17:00;24.12.2016 18:00;13,69
24.12.2016 18:00;24.12.2016 19:00;8,67
24.12.2016 19:00;24.12.2016 20:00;2,16
24.12.2016 20:00;24.12.2016 21:00;2,93
24.12.2016 21:00;24.12.2016 22:00;0,11
24.12.2016 22:00;24.12.2016 23:00;8,31
24.12.2016 23:00;25.12.2016 00:00;-12,05
25.12.2016 00:00;25.12.2016 01:00;-18,07
25.12.2016 01:00;25.12.2016 02:00;-36,1
25.12.2016 02:00;25.12.2016 03:00;-38,78
25.12.2016 03:00;25.12.2016 04:00;-26,87
25.12.2016 04:00;25.12.2016 05:00;-15,06
25.12.2016 05:00;25.12.2016 06:00;-12,1
25.12.2016 06:00;25.12.2016 07:00;-30,07
25.12.2016 07:00;25.12.2016 08:00;-4,02
25.12.2016 08:00;25.12.2016 09:00;0,1
25.12.2016 09:00;25.12.2016 10:00;10,6
25.12.2016 10:00;25.12.2016 11:00;13,49
25.12.2016 11:00;25.12.2016 12:00;13,67
25.12.2016 12:00;25.12.2016 13:00;8,76
25.12.2016 13:00;25.12.2016 14:00;0,13
25.12.2016 14:00;25.12.2016 15:00;-0,1
25.12.2016 15:00;25.12.2016 16:00;0,08
25.12.2016 16:00;25.12.2016 17:00;8,67
25.12.2016 17:00;25.12.2016 18:00;13,63
25.12.2016 18:00;25.12.2016 19:00;10,7
25.12.2016 19:00;25.12.2016 20:00;8,98
25.12.2016 20:00;25.12.2016 21:00;10,67
25.12.2016 21:00;25.12.2016 22:00;9,94
25.12.2016 22:00;25.12.2016 23:00;10,02
25.12.2016 23:00;26.12.2016 00:00;-2,95
26.12.2016 00:00;26.12.2016 01:00;0,04
26.12.2016 01:00;26.12.2016 02:00;-9,92
26.12.2016 02:00;26.12.2016 03:00;-14,9
26.12.2016 03:00;26.12.2016 04:00;-16,09
26.12.2016 04:00;26.12.2016 05:00;-15,05
26.12.2016 05:00;26.12.2016 06:00;-51,49
26.12.2016 06:00;26.12.2016 07:00;-67,07
26.12.2016 07:00;26.12.2016 08:00;-67,09
26.12.2016 08:00;26.12.2016 09:00;-54,2
26.12.2016 09:00;26.12.2016 10:00;-3,08
26.12.2016 10:00;26.12.2016 11:00;0,11
26.12.2016 11:00;26.12.2016 12:00;5,87
26.12.2016 12:00;26.12.2016 13:00;1,05
26.12.2016 13:00;26.12.2016 14:00;-6,71
26.12.2016 14:00;26.12.2016 15:00;-13,31
26.12.2016 15:00;26.12.2016 16:00;-6,74
26.12.2016 16:00;26.12.2016 17:00;-2,98
26.12.2016 17:00;26.12.2016 18:00;8,78
26.12.2016 18:00;26.12.2016 19:00;9,68
26.12.2016 19:00;26.12.2016 20:00;10,69
26.12.2016 20:00;26.12.2016 21:00;8,32
26.12.2016 21:00;26.12.2016 22:00;-0,91
26.12.2016 22:00;26.12.2016 23:00;4,39
26.12.2016 23:00;27.12.2016 00:00;-13,34
27.12.2016 00:00;27.12.2016 01:00;-13,0
27.12.2016 01:00;27.12.2016 02:00;-24,92
27.12.2016 02:00;27.12.2016 03:00;-49,98
27.12.2016 03:00;27.12.2016 04:00;-53,62
27.12.2016 04:00;27.12.2016 05:00;-50,19
27.12.2016 05:00;27.12.2016 06:00;-23,36
27.12.2016 06:00;27.12.2016 07:00;-12,15
27.12.2016 07:00;27.12.2016 08:00;8,77
27.12.2016 08:00;27.12.2016 09:00;13,7
27.12.2016 09:00;27.12.2016 10:00;12,17
27.12.2016 10:00;27.12.2016 11:00;10,63
27.12.2016 11:00;27.12.2016 12:00;10,64
27.12.2016 12:00;27.12.2016 13:00;10,68
27.12.2016 13:00;27.12.2016 14:00;13,75
27.12.2016 14:00;27.12.2016 15:00;13,76
27.12.2016 15:00;27.12.2016 16:00;21,04
27.12.2016 16:00;27.12.2016 17:00;29,58
27.12.2016 17:00;27.12.2016 18:00;29,76
27.12.2016 18:00;27.12.2016 19:00;29,69
27.12.2016 19:00;27.12.2016 20:00;29,45
27.12.2016 20:00;27.12.2016 21:00;31,91
27.12.2016 21:00;27.12.2016 22:00;28,5
27.12.2016 22:00;27.12.2016 23:00;27,01
27.12.2016 23:00;28.12.2016 00:00;13,71
28.12.2016 00:00;28.12.2016 01:00;21,8
28.12.2016 01:00;28.12.2016 02:00;21,28
28.12.2016 02:00;28.12.2016 03:00;22,1
28.12.2016 03:00;28.12.2016 04:00;20,28
28.12.2016 04:00;28.12.2016 05:00;23,01
28.12.2016 05:00;28.12.2016 06:00;28,09
28.12.2016 06:00;28.12.2016 07:00;30,0
28.12.2016 07:00;28.12.2016 08:00;32,07
28.12.2016 08:00;28.12.2016 09:00;40,06
28.12.2016 09:00;28.12.2016 10:00;45,57
28.12.2016 10:00;28.12.2016 11:00;45,46
28.12.2016 11:00;28.12.2016 12:00;43,93
28.12.2016 12:00;28.12.2016 13:00;44,4
28.12.2016 13:00;28.12.2016 14:00;45,82
28.12.2016 14:00;28.12.2016 15:00;50,77
28.12.2016 15:00;28.12.2016 16:00;51,6
28.12.2016 16:00;28.12.2016 17:00;55,2
28.12.2016 17:00;28.12.2016 18:00;62,8
28.12.2016 18:00;28.12.2016 19:00;63,7
28.12.2016 19:00;28.12.2016 20:00;59,82
28.12.2016 20:00;28.12.2016 21:00;49,95
28.12.2016 21:00;28.12.2016 22:00;50,0
28.12.2016 22:00;28.12.2016 23:00;45,64
28.12.2016 23:00;29.12.2016 00:00;37,92
29.12.2016 00:00;29.12.2016 01:00;42,28
29.12.2016 01:00;29.12.2016 02:00;39,3
29.12.2016 02:00;29.12.2016 03:00;36,83
29.12.2016 03:00;29.12.2016 04:00;34,11
29.12.2016 04:00;29.12.2016 05:00;34,99
29.12.2016 05:00;29.12.2016 06:00;37,64
29.12.2016 06:00;29.12.2016 07:00;41,05
29.12.2016 07:00;29.12.2016 08:00;49,3
29.12.2016 08:00;29.12.2016 09:00;53,38
29.12.2016 09:00;29.12.2016 10:00;54,01
29.12.2016 10:00;29.12.2016 11:00;51,14
29.12.2016 11:00;29.12.2016 12:00;50,96
29.12.2016 12:00;29.12.2016 13:00;47,09
29.12.2016 13:00;29.12.2016 14:00;46,62
29.12.2016 14:00;29.12.2016 15:00;49,6
29.12.2016 15:00;29.12.2016 16:00;51,63
29.12.2016 16:00;29.12.2016 17:00;54,43
29.12.2016 17:00;29.12.2016 18:00;63,95
29.12.2016 18:00;29.12.2016 19:00;57,2
29.12.2016 19:00;29.12.2016 20:00;54,02
29.12.2016 20:00;29.12.2016 21:00;47,98
29.12.2016 21:00;29.12.2016 22:00;42,93
29.12.2016 22:00;29.12.2016 23:00;38,04
29.12.2016 23:00;30.12.2016 00:00;36,03
30.12.2016 00:00;30.12.2016 01:00;36,01
30.12.2016 01:00;30.12.2016 02:00;35,96
30.12.2016 02:00;30.12.2016 03:00;32,06
30.12.2016 03:00;30.12.2016 04:00;32,54
30.12.2016 04:00;30.12.2016 05:00;33,09
30.12.2016 05:00;30.12.2016 06:00;33,09
30.12.2016 06:00;30.12.2016 07:00;33,94
30.12.2016 07:00;30.12.2016 08:00;46,0
30.12.2016 08:00;30.12.2016 09:00;49,96
30.12.2016 09:00;30.12.2016 10:00;47,19
30.12.2016 10:00;30.12.2016 11:00;43,0
30.12.2016 11:00;30.12.2016 12:00;37,27
30.12.2016 12:00;30.12.2016 13:00;36,3
30.12.2016 13:00;30.12.2016 14:00;36,72
30.12.2016 14:00;30.12.2016 15:00;47,19
30.12.2016 15:00;30.12.2016 16:00;52,78
30.12.2016 16:00;30.12.2016 17:00;54,99
30.12.2016 17:00;30.12.2016 18:00;56,04
30.12.2016 18:00;30.12.2016 19:00;52,92
30.12.2016 19:00;30.12.2016 20:00;52,82
30.12.2016 20:00;30.12.2016 21:00;43,32
30.12.2016 21:00;30.12.2016 22:00;41,03
30.12.2016 22:00;30.12.2016 23:00;40,55
30.12.2016 23:00;31.12.2016 00:00;33,06
31.12.2016 00:00;31.12.2016 01:00;36,1
31.12.2016 01:00;31.12.2016 02:00;33,04
31.12.2016 02:00;31.12.2016 03:00;29,9
31.12.2016 03:00;31.12.2016 04:00;27,63
31.12.2016 04:00;31.12.2016 05:00;27,52
31.12.2016 05:00;31.12.2016 06:00;27,28
31.12.2016 06:00;31.12.2016 07:00;21,43
31.12.2016 07:00;31.12.2016 08:00;31,68
31.12.2016 08:00;31.12.2016 09:00;35,02
31.12.2016 09:00;31.12.2016 10:00;41,88
31.12.2016 10:00;31.12.2016 11:00;39,94
31.12.2016 11:00;31.12.2016 12:00;39,96
31.12.2016 12:00;31.12.2016 13:00;38,86
31.12.2016 13:00;31.12.2016 14:00;35,04
31.12.2016 14:00;31.12.2016 15:00;37,5
31.12.2016 15:00;31.12.2016 16:00;43,81
31.12.2016 16:00;31.12.2016 17:00;49,76
31.12.2016 17:00;31.12.2016 18:00;53,98
31.12.2016 18:00;31.12.2016 19:00;49,76
31.12.2016 19:00;31.12.2016 20:00;40,84
31.12.2016 20:00;31.12.2016 21:00;35,05
31.12.2016 21:00;31.12.2016 22:00;33,02
31.12.2016 22:00;31.12.2016 23:00;33,71
31.12.2016 23:00;01.01.2017 00:00;27,95
01.01.2017 00:00;01.01.2017 01:00;20,96
01.01.2017 01:00;01.01.2017 02:00;20,9
01.01.2017 02:00;01.01.2017 03:00;18,13
01.01.2017 03:00;01.01.2017 04:00;16,03
01.01.2017 04:00;01.01.2017 05:00;16,43
01.01.2017 05:00;01.01.2017 06:00;13,75
01.01.2017 06:00;01.01.2017 07:00;11,1
01.01.2017 07:00;01.01.2017 08:00;15,47
01.01.2017 08:00;01.01.2017 09:00;16,88
01.01.2017 09:00;01.01.2017 10:00;21,81
01.01.2017 10:00;01.01.2017 11:00;26,24
01.01.2017 11:00;01.01.2017 12:00;26,42
01.01.2017 12:00;01.01.2017 13:00;27,66
01.01.2017 13:00;01.01.2017 14:00;28,7
01.01.2017 14:00;01.01.2017 15:00;29,66
01.01.2017 15:00;01.01.2017 16:00;35,33
01.01.2017 16:00;01.01.2017 17:00;44,12
01.01.2017 17:00;01.01.2017 18:00;51,59
01.01.2017 18:00;01.01.2017 19:00;53,95
01.01.2017 19:00;01.01.2017 20:00;50,97
01.01.2017 20:00;01.01.2017 21:00;44,93
01.01.2017 21:00;01.01.2017 22:00;38,83
01.01.2017 22:00;01.01.2017 23:00;42,17
01.01.2017 23:00;02.01.2017 00:00;33,06
02.01.2017 00:00;02.01.2017 01:00;30,54
02.01.2017 01:00;02.01.2017 02:00;28,91
02.01.2017 02:00;02.01.2017 03:00;28,11
02.01.2017 03:00;02.01.2017 04:00;27,89
02.01.2017 04:00;02.01.2017 05:00;27,73
02.01.2017 05:00;02.01.2017 06:00;31,18
02.01.2017 06:00;02.01.2017 07:00;37,99
02.01.2017 07:00;02.01.2017 08:00;50,98
02.01.2017 08:00;02.01.2017 09:00;53,88
02.01.2017 09:00;02.01.2017 10:00;53,94
02.01.2017 10:00;02.01.2017 11:00;53,54
02.01.2017 11:00;02.01.2017 12:00;54,91
02.01.2017 12:00;02.01.2017 13:00;54,08
02.01.2017 13:00;02.01.2017 14:00;55,67
02.01.2017 14:00;02.01.2017 15:00;55,98
02.01.2017 15:00;02.01.2017 16:00;56,0
02.01.2017 16:00;02.01.2017 17:00;57,77
02.01.2017 17:00;02.01.2017 18:00;67,66
02.01.2017 18:00;02.01.2017 19:00;55,1
02.01.2017 19:00;02.01.2017 20:00;53,92
02.01.2017 20:00;02.01.2017 21:00;49,07
02.01.2017 21:00;02.01.2017 22:00;40,25
02.01.2017 22:00;02.01.2017 23:00;45,92
02.01.2017 23:00;03.01.2017 00:00;38,88
03.01.2017 00:00;03.01.2017 01:00;36,02
03.01.2017 01:00;03.01.2017 02:00;34,98
03.01.2017 02:00;03.01.2017 03:00;33,64
03.01.2017 03:00;03.01.2017 04:00;33,89
03.01.2017 04:00;03.01.2017 05:00;33,5
03.01.2017 05:00;03.01.2017 06:00;33,91
03.01.2017 06:00;03.01.2017 07:00;48,13
03.01.2017 07:00;03.01.2017 08:00;54,61
03.01.2017 08:00;03.01.2017 09:00;57,93
03.01.2017 09:00;03.01.2017 10:00;57,18
03.01.2017 10:00;03.01.2017 11:00;52,27
03.01.2017 11:00;03.01.2017 12:00;49,94
03.01.2017 12:00;03.01.2017 13:00;46,3
03.01.2017 13:00;03.01.2017 14:00;41,51
03.01.2017 14:00;03.01.2017 15:00;37,08
03.01.2017 15:00;03.01.2017 16:00;37,03
03.01.2017 16:00;03.01.2017 17:00;39,08
03.01.2017 17:00;03.01.2017 18:00;42,14
03.01.2017 18:00;03.01.2017 19:00;36,67
03.01.2017 19:00;03.01.2017 20:00;36,03
03.01.2017 20:00;03.01.2017 21:00;33,55
03.01.2017 21:00;03.01.2017 22:00;24,56
03.01.2017 22:00;03.01.2017 23:00;17,77
03.01.2017 23:00;04.01.2017 00:00;9,49
04.01.2017 00:00;04.01.2017 01:00;8,5
04.01.2017 01:00;04.01.2017 02:00;-0,05
04.01.2017 02:00;04.01.2017 03:00;-6,27
04.01.2017 03:00;04.01.2017 04:00;-5,09
04.01.2017 04:00;04.01.2017 05:00;0,06
04.01.2017 05:00;04.01.2017 06:00;10,55
04.01.2017 06:00;04.01.2017 07:00;10,98
04.01.2017 07:00;04.01.2017 08:00;31,63
04.01.2017 08:00;04.01.2017 09:00;34,94
04.01.2017 09:00;04.01.2017 10:00;33,27
04.01.2017 10:00;04.01.2017 11:00;33,52
04.01.2017 11:00;04.01.2017 12:00;34,81
04.01.2017 12:00;04.01.2017 13:00;35,08
04.01.2017 13:00;04.01.2017 14:00;35,88
04.01.2017 14:00;04.01.2017 15:00;36,03
04.01.2017 15:00;04.01.2017 16:00;36,17
04.01.2017 16:00;04.01.2017 17:00;36,58
04.01.2017 17:00;04.01.2017 18:00;46,95
04.01.2017 18:00;04.01.2017 19:00;49,45
04.01.2017 19:00;04.01.2017 20:00;48,37
04.01.2017 20:00;04.01.2017 21:00;38,02
04.01.2017 21:00;04.01.2017 22:00;34,55
04.01.2017 22:00;04.01.2017 23:00;33,33
04.01.2017 23:00;05.01.2017 00:00;32,05
05.01.2017 00:00;05.01.2017 01:00;36,07
05.01.2017 01:00;05.01.2017 02:00;36,32
05.01.2017 02:00;05.01.2017 03:00;30,99
05.01.2017 03:00;05.01.2017 04:00;30,97
05.01.2017 04:00;05.01.2017 05:00;35,64
05.01.2017 05:00;05.01.2017 06:00;35,73
05.01.2017 06:00;05.01.2017 07:00;39,03
05.01.2017 07:00;05.01.2017 08:00;51,7
05.01.2017 08:00;05.01.2017 09:00;57,98
05.01.2017 09:00;05.01.2017 10:00;54,11
05.01.2017 10:00;05.01.2017 11:00;53,13
05.01.2017 11:00;05.01.2017 12:00;50,06
05.01.2017 12:00;05.01.2017 13:00;49,97
05.01.2017 13:00;05.01.2017 14:00;48,84
05.01.2017 14:00;05.01.2017 15:00;50,99
05.01.2017 15:00;05.01.2017 16:00;57,48
05.01.2017 16:00;05.01.2017 17:00;69,7
05.01.2017 17:00;05.01.2017 18:00;73,92
05.01.2017 18:00;05.01.2017 19:00;73,76
05.01.2017 19:00;05.01.2017 20:00;65,15
05.01.2017 20:00;05.01.2017 21:00;64,24
05.01.2017 21:00;05.01.2017 22:00;43,09
05.01.2017 22:00;05.01.2017 23:00;53,11
05.01.2017 23:00;06.01.2017 00:00;37,08
06.01.2017 00:00;06.01.2017 01:00;40,84
06.01.2017 01:00;06.01.2017 02:00;41,15
06.01.2017 02:00;06.01.2017 03:00;43,77
06.01.2017 03:00;06.01.2017 04:00;39,97
06.01.2017 04:00;06.01.2017 05:00;40,81
06.01.2017 05:00;06.01.2017 06:00;43,04
06.01.2017 06:00;06.01.2017 07:00;45,37
06.01.2017 07:00;06.01.2017 08:00;49,49
06.01.2017 08:00;06.01.2017 09:00;59,92
06.01.2017 09:00;06.01.2017 10:00;60,0
06.01.2017 10:00;06.01.2017 11:00;60,04
06.01.2017 11:00;06.01.2017 12:00;57,7
06.01.2017 12:00;06.01.2017 13:00;52,86
06.01.2017 13:00;06.01.2017 14:00;50,05
06.01.2017 14:00;06.01.2017 15:00;50,94
06.01.2017 15:00;06.01.2017 16:00;54,04
06.01.2017 16:00;06.01.2017 17:00;57,52
06.01.2017 17:00;06.01.2017 18:00;64,91
06.01.2017 18:00;06.01.2017 19:00;59,92
06.01.2017 19:00;06.01.2017 20:00;57,99
06.01.2017 20:00;06.01.2017 21:00;43,68
06.01.2017 21:00;06.01.2017 22:00;38,46
06.01.2017 22:00;06.01.2017 23:00;40,94
06.01.2017 23:00;07.01.2017 00:00;35,89
07.01.2017 00:00;07.01.2017 01:00;36,83
07.01.2017 01:00;07.01.2017 02:00;34,37
07.01.2017 02:00;07.01.2017 03:00;33,84
07.01.2017 03:00;07.01.2017 04:00;33,83
07.01.2017 04:00;07.01.2017 05:00;33,62
07.01.2017 05:00;07.01.2017 06:00;32,96
07.01.2017 06:00;07.01.2017 07:00;30,07
07.01.2017 07:00;07.01.2017 08:00;33,58
07.01.2017 08:00;07.01.2017 09:00;36,02
07.01.2017 09:00;07.01.2017 10:00;36,86
07.01.2017 10:00;07.01.2017 11:00;36,43
07.01.2017 11:00;07.01.2017 12:00;39,01
07.01.2017 12:00;07.01.2017 13:00;39,5
07.01.2017 13:00;07.01.2017 14:00;39,02
07.01.2017 14:00;07.01.2017 15:00;38,6
07.01.2017 15:00;07.01.2017 16:00;39,28
07.01.2017 16:00;07.01.2017 17:00;46,95
07.01.2017 17:00;07.01.2017 18:00;57,01
07.01.2017 18:00;07.01.2017 19:00;54,02
07.01.2017 19:00;07.01.2017 20:00;46,92
07.01.2017 20:00;07.01.2017 21:00;38,12
07.01.2017 21:00;07.01.2017 22:00;35,09
07.01.2017 22:00;07.01.2017 23:00;38,1
07.01.2017 23:00;08.01.2017 00:00;34,53
08.01.2017 00:00;08.01.2017 01:00;33,86
08.01.2017 01:00;08.01.2017 02:00;34,14
08.01.2017 02:00;08.01.2017 03:00;33,96
08.01.2017 03:00;08.01.2017 04:00;35,01
08.01.2017 04:00;08.01.2017 05:00;36,07
08.01.2017 05:00;08.01.2017 06:00;36,07
08.01.2017 06:00;08.01.2017 07:00;36,01
08.01.2017 07:00;08.01.2017 08:00;35,37
08.01.2017 08:00;08.01.2017 09:00;37,29
08.01.2017 09:00;08.01.2017 10:00;39,15
08.01.2017 10:00;08.01.2017 11:00;41,25
08.01.2017 11:00;08.01.2017 12:00;51,93
08.01.2017 12:00;08.01.2017 13:00;45,37
08.01.2017 13:00;08.01.2017 14:00;40,53
08.01.2017 14:00;08.01.2017 15:00;39,73
08.01.2017 15:00;08.01.2017 16:00;42,75
08.01.2017 16:00;08.01.2017 17:00;53,87
08.01.2017 17:00;08.01.2017 18:00;60,95
08.01.2017 18:00;08.01.2017 19:00;64,93
08.01.2017 19:00;08.01.2017 20:00;58,91
08.01.2017 20:00;08.01.2017 21:00;50,03
08.01.2017 21:00;08.01.2017 22:00;39,06
08.01.2017 22:00;08.01.2017 23:00;40,06
08.01.2017 23:00;09.01.2017 00:00;37,09
09.01.2017 00:00;09.01.2017 01:00;40,0
09.01.2017 01:00;09.01.2017 02:00;39,05
09.01.2017 02:00;09.01.2017 03:00;39,21
09.01.2017 03:00;09.01.2017 04:00;39,24
09.01.2017 04:00;09.01.2017 05:00;40,26
09.01.2017 05:00;09.01.2017 06:00;43,84
09.01.2017 06:00;09.01.2017 07:00;58,99
09.01.2017 07:00;09.01.2017 08:00;74,04
09.01.2017 08:00;09.01.2017 09:00;75,49
09.01.2017 09:00;09.01.2017 10:00;74,63
09.01.2017 10:00;09.01.2017 11:00;73,97
09.01.2017 11:00;09.01.2017 12:00;72,0
09.01.2017 12:00;09.01.2017 13:00;72,12
09.01.2017 13:00;09.01.2017 14:00;70,09
09.01.2017 14:00;09.01.2017 15:00;67,41
09.01.2017 15:00;09.01.2017 16:00;65,21
09.01.2017 16:00;09.01.2017 17:00;65,09
09.01.2017 17:00;09.01.2017 18:00;74,72
09.01.2017 18:00;09.01.2017 19:00;59,94
09.01.2017 19:00;09.01.2017 20:00;52,2
09.01.2017 20:00;09.01.2017 21:00;39,1
09.01.2017 21:00;09.01.2017 22:00;36,62
09.01.2017 22:00;09.01.2017 23:00;36,08
09.01.2017 23:00;10.01.2017 00:00;32,76
10.01.2017 00:00;10.01.2017 01:00;32,45
10.01.2017 01:00;10.01.2017 02:00;31,52
10.01.2017 02:00;10.01.2017 03:00;29,08
10.01.2017 03:00;10.01.2017 04:00;28,92
10.01.2017 04:00;10.01.2017 05:00;31,49
10.01.2017 05:00;10.01.2017 06:00;33,06
10.01.2017 06:00;10.01.2017 07:00;36,26
10.01.2017 07:00;10.01.2017 08:00;46,0
10.01.2017 08:00;10.01.2017 09:00;59,89
10.01.2017 09:00;10.01.2017 10:00;59,96
10.01.2017 10:00;10.01.2017 11:00;62,69
10.01.2017 11:00;10.01.2017 12:00;66,82
10.01.2017 12:00;10.01.2017 13:00;71,42
10.01.2017 13:00;10.01.2017 14:00;72,33
10.01.2017 14:00;10.01.2017 15:00;69,5
10.01.2017 15:00;10.01.2017 16:00;70,64
10.01.2017 16:00;10.01.2017 17:00;66,96
10.01.2017 17:00;10.01.2017 18:00;88,38
10.01.2017 18:00;10.01.2017 19:00;98,93
10.01.2017 19:00;10.01.2017 20:00;69,65
10.01.2017 20:00;10.01.2017 21:00;58,82
10.01.2017 21:00;10.01.2017 22:00;47,63
10.01.2017 22:00;10.01.2017 23:00;40,08
10.01.2017 23:00;11.01.2017 00:00;38,06
11.01.2017 00:00;11.01.2017 01:00;38,99
11.01.2017 01:00;11.01.2017 02:00;37,2
11.01.2017 02:00;11.01.2017 03:00;34,03
11.01.2017 03:00;11.01.2017 04:00;34,78
11.01.2017 04:00;11.01.2017 05:00;32,7
11.01.2017 05:00;11.01.2017 06:00;31,21
11.01.2017 06:00;11.01.2017 07:00;37,2
11.01.2017 07:00;11.01.2017 08:00;49,97
11.01.2017 08:00;11.01.2017 09:00;46,98
11.01.2017 09:00;11.01.2017 10:00;44,7
11.01.2017 10:00;11.01.2017 11:00;44,41
11.01.2017 11:00;11.01.2017 12:00;41,06
11.01.2017 12:00;11.01.2017 13:00;36,94
11.01.2017 13:00;11.01.2017 14:00;34,09
11.01.2017 14:00;11.01.2017 15:00;33,68
11.01.2017 15:00;11.01.2017 16:00;33,64
11.01.2017 16:00;11.01.2017 17:00;33,66
11.01.2017 17:00;11.01.2017 18:00;38,53
11.01.2017 18:00;11.01.2017 19:00;37,4
11.01.2017 19:00;11.01.2017 20:00;37,07
11.01.2017 20:00;11.01.2017 21:00;34,0
11.01.2017 21:00;11.01.2017 22:00;31,83
11.01.2017 22:00;11.01.2017 23:00;26,27
11.01.2017 23:00;12.01.2017 00:00;11,68
12.01.2017 00:00;12.01.2017 01:00;12,12
12.01.2017 01:00;12.01.2017 02:00;9,83
12.01.2017 02:00;12.01.2017 03:00;9,02
12.01.2017 03:00;12.01.2017 04:00;9,27
12.01.2017 04:00;12.01.2017 05:00;9,84
12.01.2017 05:00;12.01.2017 06:00;10,55
12.01.2017 06:00;12.01.2017 07:00;28,29
12.01.2017 07:00;12.01.2017 08:00;40,02
12.01.2017 08:00;12.01.2017 09:00;40,07
12.01.2017 09:00;12.01.2017 10:00;38,2
12.01.2017 10:00;12.01.2017 11:00;38,61
12.01.2017 11:00;12.01.2017 12:00;38,43
12.01.2017 12:00;12.01.2017 13:00;36,7
12.01.2017 13:00;12.01.2017 14:00;39,61
12.01.2017 14:00;12.01.2017 15:00;40,05
12.01.2017 15:00;12.01.2017 16:00;45,32
12.01.2017 16:00;12.01.2017 17:00;46,98
12.01.2017 17:00;12.01.2017 18:00;57,09
12.01.2017 18:00;12.01.2017 19:00;57,13
12.01.2017 19:00;12.01.2017 20:00;57,05
12.01.2017 20:00;12.01.2017 21:00;45,01
12.01.2017 21:00;12.01.2017 22:00;40,09
12.01.2017 22:00;12.01.2017 23:00;37,89
12.01.2017 23:00;13.01.2017 00:00;33,07
13.01.2017 00:00;13.01.2017 01:00;35,19
13.01.2017 01:00;13.01.2017 02:00;33,44
13.01.2017 02:00;13.01.2017 03:00;32,44
13.01.2017 03:00;13.01.2017 04:00;29,8
13.01.2017 04:00;13.01.2017 05:00;29,25
13.01.2017 05:00;13.01.2017 06:00;30,64
13.01.2017 06:00;13.01.2017 07:00;37,27
13.01.2017 07:00;13.01.2017 08:00;46,98
13.01.2017 08:00;13.01.2017 09:00;45,5
13.01.2017 09:00;13.01.2017 10:00;45,48
13.01.2017 10:00;13.01.2017 11:00;46,96
13.01.2017 11:00;13.01.2017 12:00;46,7
13.01.2017 12:00;13.01.2017 13:00;43,07
13.01.2017 13:00;13.01.2017 14:00;42,06
13.01.2017 14:00;13.01.2017 15:00;41,98
13.01.2017 15:00;13.01.2017 16:00;43,03
13.01.2017 16:00;13.01.2017 17:00;44,87
13.01.2017 17:00;13.01.2017 18:00;48,72
13.01.2017 18:00;13.01.2017 19:00;45,17
13.01.2017 19:00;13.01.2017 20:00;44,94
13.01.2017 20:00;13.01.2017 21:00;39,94
13.01.2017 21:00;13.01.2017 22:00;36,7
13.01.2017 22:00;13.01.2017 23:00;33,99
13.01.2017 23:00;14.01.2017 00:00;30,99
14.01.2017 00:00;14.01.2017 01:00;29,82
14.01.2017 01:00;14.01.2017 02:00;28,98
14.01.2017 02:00;14.01.2017 03:00;28,64
14.01.2017 03:00;14.01.2017 04:00;28,5
14.01.2017 04:00;14.01.2017 05:00;28,61
14.01.2017 05:00;14.01.2017 06:00;28,05
14.01.2017 06:00;14.01.2017 07:00;29,49
14.01.2017 07:00;14.01.2017 08:00;28,97
14.01.2017 08:00;14.01.2017 09:00;33,19
14.01.2017 09:00;14.01.2017 10:00;36,78
14.01.2017 10:00;14.01.2017 11:00;39,81
14.01.2017 11:00;14.01.2017 12:00;40,05
14.01.2017 12:00;14.01.2017 13:00;36,47
14.01.2017 13:00;14.01.2017 14:00;34,76
14.01.2017 14:00;14.01.2017 15:00;33,37
14.01.2017 15:00;14.01.2017 16:00;34,29
14.01.2017 16:00;14.01.2017 17:00;38,54
14.01.2017 17:00;14.01.2017 18:00;41,97
14.01.2017 18:00;14.01.2017 19:00;39,64
14.01.2017 19:00;14.01.2017 20:00;37,01
14.01.2017 20:00;14.01.2017 21:00;32,52
14.01.2017 21:00;14.01.2017 22:00;30,66
14.01.2017 22:00;14.01.2017 23:00;30,25
14.01.2017 23:00;15.01.2017 00:00;29,55
15.01.2017 00:00;15.01.2017 01:00;28,75
15.01.2017 01:00;15.01.2017 02:00;28,11
15.01.2017 02:00;15.01.2017 03:00;26,03
15.01.2017 03:00;15.01.2017 04:00;19,96
15.01.2017 04:00;15.01.2017 05:00;22,93
15.01.2017 05:00;15.01.2017 06:00;22,8
15.01.2017 06:00;15.01.2017 07:00;14,91
15.01.2017 07:00;15.01.2017 08:00;20,37
15.01.2017 08:00;15.01.2017 09:00;33,28
15.01.2017 09:00;15.01.2017 10:00;33,96
15.01.2017 10:00;15.01.2017 11:00;35,98
15.01.2017 11:00;15.01.2017 12:00;44,65
15.01.2017 12:00;15.01.2017 13:00;41,68
15.01.2017 13:00;15.01.2017 14:00;36,66
15.01.2017 14:00;15.01.2017 15:00;35,72
15.01.2017 15:00;15.01.2017 16:00;36,35
15.01.2017 16:00;15.01.2017 17:00;38,71
15.01.2017 17:00;15.01.2017 18:00;54,35
15.01.2017 18:00;15.01.2017 19:00;58,02
15.01.2017 19:00;15.01.2017 20:00;55,12
15.01.2017 20:00;15.01.2017 21:00;47,91
15.01.2017 21:00;15.01.2017 22:00;36,92
15.01.2017 22:00;15.01.2017 23:00;43,0
15.01.2017 23:00;16.01.2017 00:00;38,64
16.01.2017 00:00;16.01.2017 01:00;45,07
16.01.2017 01:00;16.01.2017 02:00;43,25
16.01.2017 02:00;16.01.2017 03:00;39,08
16.01.2017 03:00;16.01.2017 04:00;37,57
16.01.2017 04:00;16.01.2017 05:00;38,24
16.01.2017 05:00;16.01.2017 06:00;39,06
16.01.2017 06:00;16.01.2017 07:00;64,8
16.01.2017 07:00;16.01.2017 08:00;94,43
16.01.2017 08:00;16.01.2017 09:00;99,76
16.01.2017 09:00;16.01.2017 10:00;100,88
16.01.2017 10:00;16.01.2017 11:00;99,97
16.01.2017 11:00;16.01.2017 12:00;99,56
16.01.2017 12:00;16.01.2017 13:00;98,56
16.01.2017 13:00;16.01.2017 14:00;98,92
16.01.2017 14:00;16.01.2017 15:00;100,26
16.01.2017 15:00;16.01.2017 16:00;103,84
16.01.2017 16:00;16.01.2017 17:00;102,06
16.01.2017 17:00;16.01.2017 18:00;120,0
16.01.2017 18:00;16.01.2017 19:00;124,83
16.01.2017 19:00;16.01.2017 20:00;113,69
16.01.2017 20:00;16.01.2017 21:00;88,98
16.01.2017 21:00;16.01.2017 22:00;73,59
16.01.2017 22:00;16.01.2017 23:00;55,19
16.01.2017 23:00;17.01.2017 00:00;45,06
17.01.2017 00:00;17.01.2017 01:00;45,83
17.01.2017 01:00;17.01.2017 02:00;41,64
17.01.2017 02:00;17.01.2017 03:00;34,61
17.01.2017 03:00;17.01.2017 04:00;36,28
17.01.2017 04:00;17.01.2017 05:00;35,25
17.01.2017 05:00;17.01.2017 06:00;39,94
17.01.2017 06:00;17.01.2017 07:00;58,29
17.01.2017 07:00;17.01.2017 08:00;111,04
17.01.2017 08:00;17.01.2017 09:00;121,67
17.01.2017 09:00;17.01.2017 10:00;125,61
17.01.2017 10:00;17.01.2017 11:00;121,49
17.01.2017 11:00;17.01.2017 12:00;117,34
17.01.2017 12:00;17.01.2017 13:00;106,15
17.01.2017 13:00;17.01.2017 14:00;101,91
17.01.2017 14:00;17.01.2017 15:00;100,03
17.01.2017 15:00;17.01.2017 16:00;103,42
17.01.2017 16:00;17.01.2017 17:00;110,91
17.01.2017 17:00;17.01.2017 18:00;142,78
17.01.2017 18:00;17.01.2017 19:00;143,09
17.01.2017 19:00;17.01.2017 20:00;124,94
17.01.2017 20:00;17.01.2017 21:00;84,97
17.01.2017 21:00;17.01.2017 22:00;55,08
17.01.2017 22:00;17.01.2017 23:00;48,95
17.01.2017 23:00;18.01.2017 00:00;37,74
18.01.2017 00:00;18.01.2017 01:00;38,28
18.01.2017 01:00;18.01.2017 02:00;37,74
18.01.2017 02:00;18.01.2017 03:00;35,09
18.01.2017 03:00;18.01.2017 04:00;35,07
18.01.2017 04:00;18.01.2017 05:00;35,07
18.01.2017 05:00;18.01.2017 06:00;36,62
18.01.2017 06:00;18.01.2017 07:00;55,08
18.01.2017 07:00;18.01.2017 08:00;89,64
18.01.2017 08:00;18.01.2017 09:00;91,75
18.01.2017 09:00;18.01.2017 10:00;84,92
18.01.2017 10:00;18.01.2017 11:00;82,93
18.01.2017 11:00;18.01.2017 12:00;85,97
18.01.2017 12:00;18.01.2017 13:00;86,03
18.01.2017 13:00;18.01.2017 14:00;91,02
18.01.2017 14:00;18.01.2017 15:00;89,92
18.01.2017 15:00;18.01.2017 16:00;86,7
18.01.2017 16:00;18.01.2017 17:00;92,45
18.01.2017 17:00;18.01.2017 18:00;115,7
18.01.2017 18:00;18.01.2017 19:00;91,25
18.01.2017 19:00;18.01.2017 20:00;83,91
18.01.2017 20:00;18.01.2017 21:00;79,73
18.01.2017 21:00;18.01.2017 22:00;55,03
18.01.2017 22:00;18.01.2017 23:00;48,86
18.01.2017 23:00;19.01.2017 00:00;44,9
19.01.2017 00:00;19.01.2017 01:00;38,53
19.01.2017 01:00;19.01.2017 02:00;37,88
19.01.2017 02:00;19.01.2017 03:00;36,61
19.01.2017 03:00;19.01.2017 04:00;36,32
19.01.2017 04:00;19.01.2017 05:00;36,45
19.01.2017 05:00;19.01.2017 06:00;38,67
19.01.2017 06:00;19.01.2017 07:00;50,04
19.01.2017 07:00;19.01.2017 08:00;82,9
19.01.2017 08:00;19.01.2017 09:00;89,95
19.01.2017 09:00;19.01.2017 10:00;82,14
19.01.2017 10:00;19.01.2017 11:00;80,0
19.01.2017 11:00;19.01.2017 12:00;79,92
19.01.2017 12:00;19.01.2017 13:00;79,97
19.01.2017 13:00;19.01.2017 14:00;79,92
19.01.2017 14:00;19.01.2017 15:00;73,95
19.01.2017 15:00;19.01.2017 16:00;73,91
19.01.2017 16:00;19.01.2017 17:00;74,62
19.01.2017 17:00;19.01.2017 18:00;100,1
19.01.2017 18:00;19.01.2017 19:00;114,92
19.01.2017 19:00;19.01.2017 20:00;90,75
19.01.2017 20:00;19.01.2017 21:00;74,99
19.01.2017 21:00;19.01.2017 22:00;56,17
19.01.2017 22:00;19.01.2017 23:00;50,05
19.01.2017 23:00;20.01.2017 00:00;45,83
20.01.2017 00:00;20.01.2017 01:00;45,09
20.01.2017 01:00;20.01.2017 02:00;39,51
20.01.2017 02:00;20.01.2017 03:00;38,03
20.01.2017 03:00;20.01.2017 04:00;36,85
20.01.2017 04:00;20.01.2017 05:00;38,06
20.01.2017 05:00;20.01.2017 06:00;38,73
20.01.2017 06:00;20.01.2017 07:00;55,63
20.01.2017 07:00;20.01.2017 08:00;69,99
20.01.2017 08:00;20.01.2017 09:00;87,42
20.01.2017 09:00;20.01.2017 10:00;87,61
20.01.2017 10:00;20.01.2017 11:00;79,86
20.01.2017 11:00;20.01.2017 12:00;77,84
20.01.2017 12:00;20.01.2017 13:00;70,44
20.01.2017 13:00;20.01.2017 14:00;72,8
20.01.2017 14:00;20.01.2017 15:00;65,93
20.01.2017 15:00;20.01.2017 16:00;72,93
20.01.2017 16:00;20.01.2017 17:00;77,34
20.01.2017 17:00;20.01.2017 18:00;90,07
20.01.2017 18:00;20.01.2017 19:00;87,95
20.01.2017 19:00;20.01.2017 20:00;76,94
20.01.2017 20:00;20.01.2017 21:00;62,98
20.01.2017 21:00;20.01.2017 22:00;47,1
20.01.2017 22:00;20.01.2017 23:00;45,02
20.01.2017 23:00;21.01.2017 00:00;45,09
21.01.2017 00:00;21.01.2017 01:00;45,9
21.01.2017 01:00;21.01.2017 02:00;39,34
21.01.2017 02:00;21.01.2017 03:00;40,99
21.01.2017 03:00;21.01.2017 04:00;44,04
21.01.2017 04:00;21.01.2017 05:00;43,07
21.01.2017 05:00;21.01.2017 06:00;41,56
21.01.2017 06:00;21.01.2017 07:00;40,62
21.01.2017 07:00;21.01.2017 08:00;43,93
21.01.2017 08:00;21.01.2017 09:00;50,99
21.01.2017 09:00;21.01.2017 10:00;54,98
21.01.2017 10:00;21.01.2017 11:00;53,05
21.01.2017 11:00;21.01.2017 12:00;48,34
21.01.2017 12:00;21.01.2017 13:00;45,89
21.01.2017 13:00;21.01.2017 14:00;43,3
21.01.2017 14:00;21.01.2017 15:00;44,0
21.01.2017 15:00;21.01.2017 16:00;47,56
21.01.2017 16:00;21.01.2017 17:00;61,94
21.01.2017 17:00;21.01.2017 18:00;65,91
21.01.2017 18:00;21.01.2017 19:00;65,01
21.01.2017 19:00;21.01.2017 20:00;62,92
21.01.2017 20:00;21.01.2017 21:00;47,01
21.01.2017 21:00;21.01.2017 22:00;44,03
21.01.2017 22:00;21.01.2017 23:00;44,33
21.01.2017 23:00;22.01.2017 00:00;39,54
22.01.2017 00:00;22.01.2017 01:00;38,6
22.01.2017 01:00;22.01.2017 02:00;38,22
22.01.2017 02:00;22.01.2017 03:00;38,6
22.01.2017 03:00;22.01.2017 04:00;37,43
22.01.2017 04:00;22.01.2017 05:00;38,27
22.01.2017 05:00;22.01.2017 06:00;37,83
22.01.2017 06:00;22.01.2017 07:00;35,97
22.01.2017 07:00;22.01.2017 08:00;39,24
22.01.2017 08:00;22.01.2017 09:00;37,76
22.01.2017 09:00;22.01.2017 10:00;39,26
22.01.2017 10:00;22.01.2017 11:00;38,03
22.01.2017 11:00;22.01.2017 12:00;38,16
22.01.2017 12:00;22.01.2017 13:00;37,07
22.01.2017 13:00;22.01.2017 14:00;36,03
22.01.2017 14:00;22.01.2017 15:00;37,32
22.01.2017 15:00;22.01.2017 16:00;38,29
22.01.2017 16:00;22.01.2017 17:00;44,06
22.01.2017 17:00;22.01.2017 18:00;61,92
22.01.2017 18:00;22.01.2017 19:00;57,72
22.01.2017 19:00;22.01.2017 20:00;57,38
22.01.2017 20:00;22.01.2017 21:00;46,0
22.01.2017 21:00;22.01.2017 22:00;39,39
22.01.2017 22:00;22.01.2017 23:00;44,05
22.01.2017 23:00;23.01.2017 00:00;35,93
23.01.2017 00:00;23.01.2017 01:00;39,1
23.01.2017 01:00;23.01.2017 02:00;38,28
23.01.2017 02:00;23.01.2017 03:00;39,43
23.01.2017 03:00;23.01.2017 04:00;37,29
23.01.2017 04:00;23.01.2017 05:00;36,65
23.01.2017 05:00;23.01.2017 06:00;44,84
23.01.2017 06:00;23.01.2017 07:00;69,97
23.01.2017 07:00;23.01.2017 08:00;98,45
23.01.2017 08:00;23.01.2017 09:00;95,83
23.01.2017 09:00;23.01.2017 10:00;99,99
23.01.2017 10:00;23.01.2017 11:00;99,36
23.01.2017 11:00;23.01.2017 12:00;87,42
23.01.2017 12:00;23.01.2017 13:00;83,43
23.01.2017 13:00;23.01.2017 14:00;81,81
23.01.2017 14:00;23.01.2017 15:00;85,1
23.01.2017 15:00;23.01.2017 16:00;82,84
23.01.2017 16:00;23.01.2017 17:00;91,14
23.01.2017 17:00;23.01.2017 18:00;109,98
23.01.2017 18:00;23.01.2017 19:00;128,4
23.01.2017 19:00;23.01.2017 20:00;103,87
23.01.2017 20:00;23.01.2017 21:00;84,55
23.01.2017 21:00;23.01.2017 22:00;69,4
23.01.2017 22:00;23.01.2017 23:00;65,06
23.01.2017 23:00;24.01.2017 00:00;43,08
24.01.2017 00:00;24.01.2017 01:00;57,01
24.01.2017 01:00;24.01.2017 02:00;51,04
24.01.2017 02:00;24.01.2017 03:00;53,05
24.01.2017 03:00;24.01.2017 04:00;48,82
24.01.2017 04:00;24.01.2017 05:00;51,52
24.01.2017 05:00;24.01.2017 06:00;56,06
24.01.2017 06:00;24.01.2017 07:00;91,21
24.01.2017 07:00;24.01.2017 08:00;163,52
24.01.2017 08:00;24.01.2017 09:00;153,67
24.01.2017 09:00;24.01.2017 10:00;150,1
24.01.2017 10:00;24.01.2017 11:00;151,07
24.01.2017 11:00;24.01.2017 12:00;135,0
24.01.2017 12:00;24.01.2017 13:00;121,58
24.01.2017 13:00;24.01.2017 14:00;117,68
24.01.2017 14:00;24.01.2017 15:00;112,21
24.01.2017 15:00;24.01.2017 16:00;117,18
24.01.2017 16:00;24.01.2017 17:00;120,0
24.01.2017 17:00;24.01.2017 18:00;131,01
24.01.2017 18:00;24.01.2017 19:00;138,91
24.01.2017 19:00;24.01.2017 20:00;113,8
24.01.2017 20:00;24.01.2017 21:00;109,92
24.01.2017 21:00;24.01.2017 22:00;78,98
24.01.2017 22:00;24.01.2017 23:00;66,17
24.01.2017 23:00;25.01.2017 00:00;56,61
25.01.2017 00:00;25.01.2017 01:00;54,69
25.01.2017 01:00;25.01.2017 02:00;46,58
25.01.2017 02:00;25.01.2017 03:00;42,39
25.01.2017 03:00;25.01.2017 04:00;40,94
25.01.2017 04:00;25.01.2017 05:00;43,25
25.01.2017 05:00;25.01.2017 06:00;48,03
25.01.2017 06:00;25.01.2017 07:00;67,35
25.01.2017 07:00;25.01.2017 08:00;100,24
25.01.2017 08:00;25.01.2017 09:00;105,04
25.01.2017 09:00;25.01.2017 10:00;109,63
25.01.2017 10:00;25.01.2017 11:00;109,93
25.01.2017 11:00;25.01.2017 12:00;119,98
25.01.2017 12:00;25.01.2017 13:00;114,1
25.01.2017 13:00;25.01.2017 14:00;101,63
25.01.2017 14:00;25.01.2017 15:00;107,75
25.01.2017 15:00;25.01.2017 16:00;111,65
25.01.2017 16:00;25.01.2017 17:00;119,63
25.01.2017 17:00;25.01.2017 18:00;122,9
25.01.2017 18:00;25.01.2017 19:00;133,18
25.01.2017 19:00;25.01.2017 20:00;109,96
25.01.2017 20:00;25.01.2017 21:00;89,96
25.01.2017 21:00;25.01.2017 22:00;62,34
25.01.2017 22:00;25.01.2017 23:00;57,8
25.01.2017 23:00;26.01.2017 00:00;45,23
26.01.2017 00:00;26.01.2017 01:00;43,85
26.01.2017 01:00;26.01.2017 02:00;42,06
26.01.2017 02:00;26.01.2017 03:00;40,02
26.01.2017 03:00;26.01.2017 04:00;37,85
26.01.2017 04:00;26.01.2017 05:00;38,23
26.01.2017 05:00;26.01.2017 06:00;41,1
26.01.2017 06:00;26.01.2017 07:00;44,28
26.01.2017 07:00;26.01.2017 08:00;58,51
26.01.2017 08:00;26.01.2017 09:00;65,05
26.01.2017 09:00;26.01.2017 10:00;60,94
26.01.2017 10:00;26.01.2017 11:00;58,13
26.01.2017 11:00;26.01.2017 12:00;59,61
26.01.2017 12:00;26.01.2017 13:00;59,45
26.01.2017 13:00;26.01.2017 14:00;53,51
26.01.2017 14:00;26.01.2017 15:00;57,5
26.01.2017 15:00;26.01.2017 16:00;54,97
26.01.2017 16:00;26.01.2017 17:00;55,72
26.01.2017 17:00;26.01.2017 18:00;54,01
26.01.2017 18:00;26.01.2017 19:00;53,35
26.01.2017 19:00;26.01.2017 20:00;44,98
26.01.2017 20:00;26.01.2017 21:00;36,08
26.01.2017 21:00;26.01.2017 22:00;37,87
26.01.2017 22:00;26.01.2017 23:00;41,4
26.01.2017 23:00;27.01.2017 00:00;36,7
27.01.2017 00:00;27.01.2017 01:00;35,08
27.01.2017 01:00;27.01.2017 02:00;34,31
27.01.2017 02:00;27.01.2017 03:00;34,05
27.01.2017 03:00;27.01.2017 04:00;33,97
27.01.2017 04:00;27.01.2017 05:00;34,03
27.01.2017 05:00;27.01.2017 06:00;34,06
27.01.2017 06:00;27.01.2017 07:00;35,8
27.01.2017 07:00;27.01.2017 08:00;46,39
27.01.2017 08:00;27.01.2017 09:00;47,4
27.01.2017 09:00;27.01.2017 10:00;45,04
27.01.2017 10:00;27.01.2017 11:00;43,47
27.01.2017 11:00;27.01.2017 12:00;44,14
27.01.2017 12:00;27.01.2017 13:00;44,36
27.01.2017 13:00;27.01.2017 14:00;45,18
27.01.2017 14:00;27.01.2017 15:00;48,46
27.01.2017 15:00;27.01.2017 16:00;52,92
27.01.2017 16:00;27.01.2017 17:00;55,25
27.01.2017 17:00;27.01.2017 18:00;60,36
27.01.2017 18:00;27.01.2017 19:00;56,59
27.01.2017 19:00;27.01.2017 20:00;54,61
27.01.2017 20:00;27.01.2017 21:00;47,65
27.01.2017 21:00;27.01.2017 22:00;39,9
27.01.2017 22:00;27.01.2017 23:00;39,9
27.01.2017 23:00;28.01.2017 00:00;38,03
28.01.2017 00:00;28.01.2017 01:00;39,67
28.01.2017 01:00;28.01.2017 02:00;40,0
28.01.2017 02:00;28.01.2017 03:00;36,0
28.01.2017 03:00;28.01.2017 04:00;39,0
28.01.2017 04:00;28.01.2017 05:00;37,39
28.01.2017 05:00;28.01.2017 06:00;37,78
28.01.2017 06:00;28.01.2017 07:00;37,38
28.01.2017 07:00;28.01.2017 08:00;39,65
28.01.2017 08:00;28.01.2017 09:00;47,34
28.01.2017 09:00;28.01.2017 10:00;44,9
28.01.2017 10:00;28.01.2017 11:00;40,09
28.01.2017 11:00;28.01.2017 12:00;43,6
28.01.2017 12:00;28.01.2017 13:00;38,4
28.01.2017 13:00;28.01.2017 14:00;37,74
28.01.2017 14:00;28.01.2017 15:00;41,01
28.01.2017 15:00;28.01.2017 16:00;49,92
28.01.2017 16:00;28.01.2017 17:00;54,15
28.01.2017 17:00;28.01.2017 18:00;60,59
28.01.2017 18:00;28.01.2017 19:00;55,2
28.01.2017 19:00;28.01.2017 20:00;48,08
28.01.2017 20:00;28.01.2017 21:00;40,57
28.01.2017 21:00;28.01.2017 22:00;38,0
28.01.2017 22:00;28.01.2017 23:00;37,2
28.01.2017 23:00;29.01.2017 00:00;33,74
29.01.2017 00:00;29.01.2017 01:00;36,04
29.01.2017 01:00;29.01.2017 02:00;32,95
29.01.2017 02:00;29.01.2017 03:00;32,94
29.01.2017 03:00;29.01.2017 04:00;31,75
29.01.2017 04:00;29.01.2017 05:00;34,65
29.01.2017 05:00;29.01.2017 06:00;32,89
29.01.2017 06:00;29.01.2017 07:00;32,96
29.01.2017 07:00;29.01.2017 08:00;35,01
29.01.2017 08:00;29.01.2017 09:00;35,0
29.01.2017 09:00;29.01.2017 10:00;33,05
29.01.2017 10:00;29.01.2017 11:00;33,07
29.01.2017 11:00;29.01.2017 12:00;33,07
29.01.2017 12:00;29.01.2017 13:00;33,04
29.01.2017 13:00;29.01.2017 14:00;32,91
29.01.2017 14:00;29.01.2017 15:00;34,64
29.01.2017 15:00;29.01.2017 16:00;37,05
29.01.2017 16:00;29.01.2017 17:00;45,58
29.01.2017 17:00;29.01.2017 18:00;53,93
29.01.2017 18:00;29.01.2017 19:00;55,25
29.01.2017 19:00;29.01.2017 20:00;50,58
29.01.2017 20:00;29.01.2017 21:00;39,84
29.01.2017 21:00;29.01.2017 22:00;37,08
29.01.2017 22:00;29.01.2017 23:00;44,21
29.01.2017 23:00;30.01.2017 00:00;36,09
30.01.2017 00:00;30.01.2017 01:00;36,51
30.01.2017 01:00;30.01.2017 02:00;36,49
30.01.2017 02:00;30.01.2017 03:00;36,62
30.01.2017 03:00;30.01.2017 04:00;36,05
30.01.2017 04:00;30.01.2017 05:00;35,11
30.01.2017 05:00;30.01.2017 06:00;36,68
30.01.2017 06:00;30.01.2017 07:00;47,14
30.01.2017 07:00;30.01.2017 08:00;59,13
30.01.2017 08:00;30.01.2017 09:00;65,06
30.01.2017 09:00;30.01.2017 10:00;65,02
30.01.2017 10:00;30.01.2017 11:00;68,77
30.01.2017 11:00;30.01.2017 12:00;69,91
30.01.2017 12:00;30.01.2017 13:00;60,16
30.01.2017 13:00;30.01.2017 14:00;63,72
30.01.2017 14:00;30.01.2017 15:00;61,32
30.01.2017 15:00;30.01.2017 16:00;55,98
30.01.2017 16:00;30.01.2017 17:00;55,94
30.01.2017 17:00;30.01.2017 18:00;68,48
30.01.2017 18:00;30.01.2017 19:00;59,98
30.01.2017 19:00;30.01.2017 20:00;56,0
30.01.2017 20:00;30.01.2017 21:00;47,87
30.01.2017 21:00;30.01.2017 22:00;41,93
30.01.2017 22:00;30.01.2017 23:00;45,6
30.01.2017 23:00;31.01.2017 00:00;36,59
31.01.2017 00:00;31.01.2017 01:00;33,06
31.01.2017 01:00;31.01.2017 02:00;34,38
31.01.2017 02:00;31.01.2017 03:00;34,38
31.01.2017 03:00;31.01.2017 04:00;35,57
31.01.2017 04:00;31.01.2017 05:00;37,33
31.01.2017 05:00;31.01.2017 06:00;38,95
31.01.2017 06:00;31.01.2017 07:00;56,95
31.01.2017 07:00;31.01.2017 08:00;81,62
31.01.2017 08:00;31.01.2017 09:00;81,82
31.01.2017 09:00;31.01.2017 10:00;82,02
31.01.2017 10:00;31.01.2017 11:00;89,8
31.01.2017 11:00;31.01.2017 12:00;89,82
31.01.2017 12:00;31.01.2017 13:00;82,36
31.01.2017 13:00;31.01.2017 14:00;82,02
31.01.2017 14:00;31.01.2017 15:00;90,36
31.01.2017 15:00;31.01.2017 16:00;89,75
31.01.2017 16:00;31.01.2017 17:00;90,2
31.01.2017 17:00;31.01.2017 18:00;95,0
31.01.2017 18:00;31.01.2017 19:00;104,33
31.01.2017 19:00;31.01.2017 20:00;90,0
31.01.2017 20:00;31.01.2017 21:00;84,15
31.01.2017 21:00;31.01.2017 22:00;60,92
31.01.2017 22:00;31.01.2017 23:00;54,9
31.01.2017 23:00;01.02.2017 00:00;40,69
01.02.2017 00:00;01.02.2017 01:00;44,91
01.02.2017 01:00;01.02.2017 02:00;42,25
01.02.2017 02:00;01.02.2017 03:00;39,8
01.02.2017 03:00;01.02.2017 04:00;38,15
01.02.2017 04:00;01.02.2017 05:00;38,38
01.02.2017 05:00;01.02.2017 06:00;41,09
01.02.2017 06:00;01.02.2017 07:00;47,86
01.02.2017 07:00;01.02.2017 08:00;65,96
01.02.2017 08:00;01.02.2017 09:00;72,93
01.02.2017 09:00;01.02.2017 10:00;65,91
01.02.2017 10:00;01.02.2017 11:00;65,02
01.02.2017 11:00;01.02.2017 12:00;62,91
01.02.2017 12:00;01.02.2017 13:00;56,99
01.02.2017 13:00;01.02.2017 14:00;54,18
01.02.2017 14:00;01.02.2017 15:00;50,49
01.02.2017 15:00;01.02.2017 16:00;52,35
01.02.2017 16:00;01.02.2017 17:00;57,0
01.02.2017 17:00;01.02.2017 18:00;62,58
01.02.2017 18:00;01.02.2017 19:00;56,99
01.02.2017 19:00;01.02.2017 20:00;49,74
01.02.2017 20:00;01.02.2017 21:00;41,04
01.02.2017 21:00;01.02.2017 22:00;44,2
01.02.2017 22:00;01.02.2017 23:00;42,38
01.02.2017 23:00;02.02.2017 00:00;38,06
02.02.2017 00:00;02.02.2017 01:00;31,05
02.02.2017 01:00;02.02.2017 02:00;29,8
02.02.2017 02:00;02.02.2017 03:00;32,66
02.02.2017 03:00;02.02.2017 04:00;32,3
02.02.2017 04:00;02.02.2017 05:00;31,05
02.02.2017 05:00;02.02.2017 06:00;32,66
02.02.2017 06:00;02.02.2017 07:00;39,91
02.02.2017 07:00;02.02.2017 08:00;55,58
02.02.2017 08:00;02.02.2017 09:00;57,19
02.02.2017 09:00;02.02.2017 10:00;59,1
02.02.2017 10:00;02.02.2017 11:00;58,55
02.02.2017 11:00;02.02.2017 12:00;57,66
02.02.2017 12:00;02.02.2017 13:00;57,66
02.02.2017 13:00;02.02.2017 14:00;54,44
02.02.2017 14:00;02.02.2017 15:00;50,9
02.02.2017 15:00;02.02.2017 16:00;47,1
02.02.2017 16:00;02.02.2017 17:00;45,98
02.02.2017 17:00;02.02.2017 18:00;48,8
02.02.2017 18:00;02.02.2017 19:00;53,3
02.02.2017 19:00;02.02.2017 20:00;48,84
02.02.2017 20:00;02.02.2017 21:00;39,97
02.02.2017 21:00;02.02.2017 22:00;39,04
02.02.2017 22:00;02.02.2017 23:00;38,78
02.02.2017 23:00;03.02.2017 00:00;34,82
03.02.2017 00:00;03.02.2017 01:00;39,5
03.02.2017 01:00;03.02.2017 02:00;34,92
03.02.2017 02:00;03.02.2017 03:00;34,26
03.02.2017 03:00;03.02.2017 04:00;32,55
03.02.2017 04:00;03.02.2017 05:00;32,49
03.02.2017 05:00;03.02.2017 06:00;35,85
03.02.2017 06:00;03.02.2017 07:00;43,02
03.02.2017 07:00;03.02.2017 08:00;56,32
03.02.2017 08:00;03.02.2017 09:00;60,0
03.02.2017 09:00;03.02.2017 10:00;58,0
03.02.2017 10:00;03.02.2017 11:00;56,67
03.02.2017 11:00;03.02.2017 12:00;55,97
03.02.2017 12:00;03.02.2017 13:00;54,37
03.02.2017 13:00;03.02.2017 14:00;53,67
03.02.2017 14:00;03.02.2017 15:00;51,96
03.02.2017 15:00;03.02.2017 16:00;48,47
03.02.2017 16:00;03.02.2017 17:00;53,33
03.02.2017 17:00;03.02.2017 18:00;60,36
03.02.2017 18:00;03.02.2017 19:00;55,79
03.02.2017 19:00;03.02.2017 20:00;59,29
03.02.2017 20:00;03.02.2017 21:00;53,68
03.02.2017 21:00;03.02.2017 22:00;44,9
03.02.2017 22:00;03.02.2017 23:00;44,25
03.02.2017 23:00;04.02.2017 00:00;36,08
04.02.2017 00:00;04.02.2017 01:00;37,04
04.02.2017 01:00;04.02.2017 02:00;34,96
04.02.2017 02:00;04.02.2017 03:00;34,01
04.02.2017 03:00;04.02.2017 04:00;31,93
04.02.2017 04:00;04.02.2017 05:00;31,89
04.02.2017 05:00;04.02.2017 06:00;32,09
04.02.2017 06:00;04.02.2017 07:00;33,82
04.02.2017 07:00;04.02.2017 08:00;37,04
04.02.2017 08:00;04.02.2017 09:00;42,32
04.02.2017 09:00;04.02.2017 10:00;49,58
04.02.2017 10:00;04.02.2017 11:00;51,97
04.02.2017 11:00;04.02.2017 12:00;50,0
04.02.2017 12:00;04.02.2017 13:00;50,0
04.02.2017 13:00;04.02.2017 14:00;49,12
04.02.2017 14:00;04.02.2017 15:00;47,22
04.02.2017 15:00;04.02.2017 16:00;45,22
04.02.2017 16:00;04.02.2017 17:00;46,26
04.02.2017 17:00;04.02.2017 18:00;56,37
04.02.2017 18:00;04.02.2017 19:00;66,18
04.02.2017 19:00;04.02.2017 20:00;61,61
04.02.2017 20:00;04.02.2017 21:00;55,49
04.02.2017 21:00;04.02.2017 22:00;50,0
04.02.2017 22:00;04.02.2017 23:00;50,0
04.02.2017 23:00;05.02.2017 00:00;43,06
05.02.2017 00:00;05.02.2017 01:00;35,81
05.02.2017 01:00;05.02.2017 02:00;37,3
05.02.2017 02:00;05.02.2017 03:00;37,73
05.02.2017 03:00;05.02.2017 04:00;36,65
05.02.2017 04:00;05.02.2017 05:00;33,15
05.02.2017 05:00;05.02.2017 06:00;34,55
05.02.2017 06:00;05.02.2017 07:00;31,66
05.02.2017 07:00;05.02.2017 08:00;36,93
05.02.2017 08:00;05.02.2017 09:00;37,52
05.02.2017 09:00;05.02.2017 10:00;40,81
05.02.2017 10:00;05.02.2017 11:00;44,02
05.02.2017 11:00;05.02.2017 12:00;50,06
05.02.2017 12:00;05.02.2017 13:00;46,05
05.02.2017 13:00;05.02.2017 14:00;41,45
05.02.2017 14:00;05.02.2017 15:00;40,88
05.02.2017 15:00;05.02.2017 16:00;39,97
05.02.2017 16:00;05.02.2017 17:00;40,81
05.02.2017 17:00;05.02.2017 18:00;48,24
05.02.2017 18:00;05.02.2017 19:00;65,07
05.02.2017 19:00;05.02.2017 20:00;60,86
05.02.2017 20:00;05.02.2017 21:00;57,91
05.02.2017 21:00;05.02.2017 22:00;47,88
05.02.2017 22:00;05.02.2017 23:00;51,0
05.02.2017 23:00;06.02.2017 00:00;48,0
06.02.2017 00:00;06.02.2017 01:00;43,31
06.02.2017 01:00;06.02.2017 02:00;41,4
06.02.2017 02:00;06.02.2017 03:00;38,27
06.02.2017 03:00;06.02.2017 04:00;35,1
06.02.2017 04:00;06.02.2017 05:00;36,3
06.02.2017 05:00;06.02.2017 06:00;39,5
06.02.2017 06:00;06.02.2017 07:00;55,21
06.02.2017 07:00;06.02.2017 08:00;74,95
06.02.2017 08:00;06.02.2017 09:00;82,06
06.02.2017 09:00;06.02.2017 10:00;84,01
06.02.2017 10:00;06.02.2017 11:00;80,44
06.02.2017 11:00;06.02.2017 12:00;79,61
06.02.2017 12:00;06.02.2017 13:00;80,37
06.02.2017 13:00;06.02.2017 14:00;77,75
06.02.2017 14:00;06.02.2017 15:00;72,93
06.02.2017 15:00;06.02.2017 16:00;69,5
06.02.2017 16:00;06.02.2017 17:00;67,04
06.02.2017 17:00;06.02.2017 18:00;69,94
06.02.2017 18:00;06.02.2017 19:00;86,37
06.02.2017 19:00;06.02.2017 20:00;77,29
06.02.2017 20:00;06.02.2017 21:00;64,69
06.02.2017 21:00;06.02.2017 22:00;44,63
06.02.2017 22:00;06.02.2017 23:00;43,27
06.02.2017 23:00;07.02.2017 00:00;38,93
07.02.2017 00:00;07.02.2017 01:00;42,01
07.02.2017 01:00;07.02.2017 02:00;40,4
07.02.2017 02:00;07.02.2017 03:00;39,01
07.02.2017 03:00;07.02.2017 04:00;37,78
07.02.2017 04:00;07.02.2017 05:00;38,03
07.02.2017 05:00;07.02.2017 06:00;38,09
07.02.2017 06:00;07.02.2017 07:00;46,82
07.02.2017 07:00;07.02.2017 08:00;64,9
07.02.2017 08:00;07.02.2017 09:00;63,0
07.02.2017 09:00;07.02.2017 10:00;62,92
07.02.2017 10:00;07.02.2017 11:00;64,55
07.02.2017 11:00;07.02.2017 12:00;65,91
07.02.2017 12:00;07.02.2017 13:00;63,39
07.02.2017 13:00;07.02.2017 14:00;61,3
07.02.2017 14:00;07.02.2017 15:00;60,49
07.02.2017 15:00;07.02.2017 16:00;59,79
07.02.2017 16:00;07.02.2017 17:00;62,41
07.02.2017 17:00;07.02.2017 18:00;67,14
07.02.2017 18:00;07.02.2017 19:00;66,97
07.02.2017 19:00;07.02.2017 20:00;64,01
07.02.2017 20:00;07.02.2017 21:00;45,07
07.02.2017 21:00;07.02.2017 22:00;43,1
07.02.2017 22:00;07.02.2017 23:00;45,02
07.02.2017 23:00;08.02.2017 00:00;39,89
08.02.2017 00:00;08.02.2017 01:00;34,51
08.02.2017 01:00;08.02.2017 02:00;34,59
08.02.2017 02:00;08.02.2017 03:00;34,35
08.02.2017 03:00;08.02.2017 04:00;33,73
08.02.2017 04:00;08.02.2017 05:00;35,06
08.02.2017 05:00;08.02.2017 06:00;35,9
08.02.2017 06:00;08.02.2017 07:00;50,07
08.02.2017 07:00;08.02.2017 08:00;69,92
08.02.2017 08:00;08.02.2017 09:00;71,1
08.02.2017 09:00;08.02.2017 10:00;70,9
08.02.2017 10:00;08.02.2017 11:00;72,5
08.02.2017 11:00;08.02.2017 12:00;71,49
08.02.2017 12:00;08.02.2017 13:00;70,34
08.02.2017 13:00;08.02.2017 14:00;66,94
08.02.2017 14:00;08.02.2017 15:00;67,43
08.02.2017 15:00;08.02.2017 16:00;68,96
08.02.2017 16:00;08.02.2017 17:00;69,13
08.02.2017 17:00;08.02.2017 18:00;73,85
08.02.2017 18:00;08.02.2017 19:00;88,18
08.02.2017 19:00;08.02.2017 20:00;84,04
08.02.2017 20:00;08.02.2017 21:00;72,6
08.02.2017 21:00;08.02.2017 22:00;62,5
08.02.2017 22:00;08.02.2017 23:00;47,98
08.02.2017 23:00;09.02.2017 00:00;45,82
09.02.2017 00:00;09.02.2017 01:00;48,1
09.02.2017 01:00;09.02.2017 02:00;48,05
09.02.2017 02:00;09.02.2017 03:00;44,96
09.02.2017 03:00;09.02.2017 04:00;42,5
09.02.2017 04:00;09.02.2017 05:00;41,66
09.02.2017 05:00;09.02.2017 06:00;47,2
09.02.2017 06:00;09.02.2017 07:00;54,58
09.02.2017 07:00;09.02.2017 08:00;74,14
09.02.2017 08:00;09.02.2017 09:00;70,0
09.02.2017 09:00;09.02.2017 10:00;72,79
09.02.2017 10:00;09.02.2017 11:00;70,97
09.02.2017 11:00;09.02.2017 12:00;68,97
09.02.2017 12:00;09.02.2017 13:00;66,91
09.02.2017 13:00;09.02.2017 14:00;65,64
09.02.2017 14:00;09.02.2017 15:00;65,0
09.02.2017 15:00;09.02.2017 16:00;65,0
09.02.2017 16:00;09.02.2017 17:00;65,76
09.02.2017 17:00;09.02.2017 18:00;70,43
09.02.2017 18:00;09.02.2017 19:00;72,91
09.02.2017 19:00;09.02.2017 20:00;64,54
09.02.2017 20:00;09.02.2017 21:00;50,09
09.02.2017 21:00;09.02.2017 22:00;39,48
09.02.2017 22:00;09.02.2017 23:00;42,1
09.02.2017 23:00;10.02.2017 00:00;38,35
10.02.2017 00:00;10.02.2017 01:00;36,67
10.02.2017 01:00;10.02.2017 02:00;34,31
10.02.2017 02:00;10.02.2017 03:00;33,46
10.02.2017 03:00;10.02.2017 04:00;33,1
10.02.2017 04:00;10.02.2017 05:00;32,55
10.02.2017 05:00;10.02.2017 06:00;34,74
10.02.2017 06:00;10.02.2017 07:00;39,17
10.02.2017 07:00;10.02.2017 08:00;57,0
10.02.2017 08:00;10.02.2017 09:00;63,08
10.02.2017 09:00;10.02.2017 10:00;63,09
10.02.2017 10:00;10.02.2017 11:00;61,93
10.02.2017 11:00;10.02.2017 12:00;59,04
10.02.2017 12:00;10.02.2017 13:00;54,91
10.02.2017 13:00;10.02.2017 14:00;45,08
10.02.2017 14:00;10.02.2017 15:00;42,02
10.02.2017 15:00;10.02.2017 16:00;44,97
10.02.2017 16:00;10.02.2017 17:00;49,07
10.02.2017 17:00;10.02.2017 18:00;52,73
10.02.2017 18:00;10.02.2017 19:00;45,06
10.02.2017 19:00;10.02.2017 20:00;46,2
10.02.2017 20:00;10.02.2017 21:00;39,11
10.02.2017 21:00;10.02.2017 22:00;37,08
10.02.2017 22:00;10.02.2017 23:00;38,04
10.02.2017 23:00;11.02.2017 00:00;34,21
11.02.2017 00:00;11.02.2017 01:00;39,0
11.02.2017 01:00;11.02.2017 02:00;36,69
11.02.2017 02:00;11.02.2017 03:00;35,05
11.02.2017 03:00;11.02.2017 04:00;36,61
11.02.2017 04:00;11.02.2017 05:00;32,9
11.02.2017 05:00;11.02.2017 06:00;37,5
11.02.2017 06:00;11.02.2017 07:00;33,0
11.02.2017 07:00;11.02.2017 08:00;44,15
11.02.2017 08:00;11.02.2017 09:00;48,48
11.02.2017 09:00;11.02.2017 10:00;50,78
11.02.2017 10:00;11.02.2017 11:00;49,57
11.02.2017 11:00;11.02.2017 12:00;44,0
11.02.2017 12:00;11.02.2017 13:00;37,93
11.02.2017 13:00;11.02.2017 14:00;35,08
11.02.2017 14:00;11.02.2017 15:00;34,0
11.02.2017 15:00;11.02.2017 16:00;34,1
11.02.2017 16:00;11.02.2017 17:00;35,09
11.02.2017 17:00;11.02.2017 18:00;41,56
11.02.2017 18:00;11.02.2017 19:00;43,01
11.02.2017 19:00;11.02.2017 20:00;40,86
11.02.2017 20:00;11.02.2017 21:00;36,09
11.02.2017 21:00;11.02.2017 22:00;33,93
11.02.2017 22:00;11.02.2017 23:00;33,92
11.02.2017 23:00;12.02.2017 00:00;31,86
12.02.2017 00:00;12.02.2017 01:00;31,43
12.02.2017 01:00;12.02.2017 02:00;31,06
12.02.2017 02:00;12.02.2017 03:00;31,15
12.02.2017 03:00;12.02.2017 04:00;31,08
12.02.2017 04:00;12.02.2017 05:00;29,78
12.02.2017 05:00;12.02.2017 06:00;29,88
12.02.2017 06:00;12.02.2017 07:00;30,36
12.02.2017 07:00;12.02.2017 08:00;30,36
12.02.2017 08:00;12.02.2017 09:00;32,33
12.02.2017 09:00;12.02.2017 10:00;33,21
12.02.2017 10:00;12.02.2017 11:00;34,26
12.02.2017 11:00;12.02.2017 12:00;35,03
12.02.2017 12:00;12.02.2017 13:00;31,4
12.02.2017 13:00;12.02.2017 14:00;30,89
12.02.2017 14:00;12.02.2017 15:00;30,02
12.02.2017 15:00;12.02.2017 16:00;30,81
12.02.2017 16:00;12.02.2017 17:00;32,19
12.02.2017 17:00;12.02.2017 18:00;36,0
12.02.2017 18:00;12.02.2017 19:00;42,59
12.02.2017 19:00;12.02.2017 20:00;41,1
12.02.2017 20:00;12.02.2017 21:00;40,44
12.02.2017 21:00;12.02.2017 22:00;32,63
12.02.2017 22:00;12.02.2017 23:00;34,9
12.02.2017 23:00;13.02.2017 00:00;32,12
13.02.2017 00:00;13.02.2017 01:00;28,83
13.02.2017 01:00;13.02.2017 02:00;29,68
13.02.2017 02:00;13.02.2017 03:00;31,12
13.02.2017 03:00;13.02.2017 04:00;29,85
13.02.2017 04:00;13.02.2017 05:00;30,76
13.02.2017 05:00;13.02.2017 06:00;33,01
13.02.2017 06:00;13.02.2017 07:00;39,77
13.02.2017 07:00;13.02.2017 08:00;56,98
13.02.2017 08:00;13.02.2017 09:00;59,13
13.02.2017 09:00;13.02.2017 10:00;57,9
13.02.2017 10:00;13.02.2017 11:00;53,97
13.02.2017 11:00;13.02.2017 12:00;45,2
13.02.2017 12:00;13.02.2017 13:00;37,24
13.02.2017 13:00;13.02.2017 14:00;35,06
13.02.2017 14:00;13.02.2017 15:00;38,23
13.02.2017 15:00;13.02.2017 16:00;43,52
13.02.2017 16:00;13.02.2017 17:00;49,17
13.02.2017 17:00;13.02.2017 18:00;53,84
13.02.2017 18:00;13.02.2017 19:00;56,25
13.02.2017 19:00;13.02.2017 20:00;50,08
13.02.2017 20:00;13.02.2017 21:00;44,94
13.02.2017 21:00;13.02.2017 22:00;38,14
13.02.2017 22:00;13.02.2017 23:00;39,77
13.02.2017 23:00;14.02.2017 00:00;33,57
14.02.2017 00:00;14.02.2017 01:00;32,35
14.02.2017 01:00;14.02.2017 02:00;31,68
14.02.2017 02:00;14.02.2017 03:00;32,11
14.02.2017 03:00;14.02.2017 04:00;32,56
14.02.2017 04:00;14.02.2017 05:00;33,34
14.02.2017 05:00;14.02.2017 06:00;32,84
14.02.2017 06:00;14.02.2017 07:00;42,09
14.02.2017 07:00;14.02.2017 08:00;47,98
14.02.2017 08:00;14.02.2017 09:00;50,63
14.02.2017 09:00;14.02.2017 10:00;46,89
14.02.2017 10:00;14.02.2017 11:00;38,39
14.02.2017 11:00;14.02.2017 12:00;36,64
14.02.2017 12:00;14.02.2017 13:00;35,86
14.02.2017 13:00;14.02.2017 14:00;38,33
14.02.2017 14:00;14.02.2017 15:00;37,31
14.02.2017 15:00;14.02.2017 16:00;41,88
14.02.2017 16:00;14.02.2017 17:00;54,4
14.02.2017 17:00;14.02.2017 18:00;61,03
14.02.2017 18:00;14.02.2017 19:00;66,22
14.02.2017 19:00;14.02.2017 20:00;57,97
14.02.2017 20:00;14.02.2017 21:00;54,68
14.02.2017 21:00;14.02.2017 22:00;42,26
14.02.2017 22:00;14.02.2017 23:00;43,47
14.02.2017 23:00;15.02.2017 00:00;40,64
15.02.2017 00:00;15.02.2017 01:00;37,39
15.02.2017 01:00;15.02.2017 02:00;38,18
15.02.2017 02:00;15.02.2017 03:00;37,13
15.02.2017 03:00;15.02.2017 04:00;35,72
15.02.2017 04:00;15.02.2017 05:00;36,51
15.02.2017 05:00;15.02.2017 06:00;37,87
15.02.2017 06:00;15.02.2017 07:00;48,2
15.02.2017 07:00;15.02.2017 08:00;61,48
15.02.2017 08:00;15.02.2017 09:00;63,32
15.02.2017 09:00;15.02.2017 10:00;60,76
15.02.2017 10:00;15.02.2017 11:00;55,69
15.02.2017 11:00;15.02.2017 12:00;39,66
15.02.2017 12:00;15.02.2017 13:00;37,35
15.02.2017 13:00;15.02.2017 14:00;38,08
15.02.2017 14:00;15.02.2017 15:00;45,22
15.02.2017 15:00;15.02.2017 16:00;50,85
15.02.2017 16:00;15.02.2017 17:00;54,43
15.02.2017 17:00;15.02.2017 18:00;59,16
15.02.2017 18:00;15.02.2017 19:00;64,48
15.02.2017 19:00;15.02.2017 20:00;63,07
15.02.2017 20:00;15.02.2017 21:00;54,77
15.02.2017 21:00;15.02.2017 22:00;44,92
15.02.2017 22:00;15.02.2017 23:00;37,98
15.02.2017 23:00;16.02.2017 00:00;33,47
16.02.2017 00:00;16.02.2017 01:00;33,27
16.02.2017 01:00;16.02.2017 02:00;34,93
16.02.2017 02:00;16.02.2017 03:00;32,09
16.02.2017 03:00;16.02.2017 04:00;32,0
16.02.2017 04:00;16.02.2017 05:00;32,06
16.02.2017 05:00;16.02.2017 06:00;33,28
16.02.2017 06:00;16.02.2017 07:00;38,01
16.02.2017 07:00;16.02.2017 08:00;50,99
16.02.2017 08:00;16.02.2017 09:00;50,31
16.02.2017 09:00;16.02.2017 10:00;43,72
16.02.2017 10:00;16.02.2017 11:00;38,0
16.02.2017 11:00;16.02.2017 12:00;37,09
16.02.2017 12:00;16.02.2017 13:00;37,91
16.02.2017 13:00;16.02.2017 14:00;37,19
16.02.2017 14:00;16.02.2017 15:00;38,05
16.02.2017 15:00;16.02.2017 16:00;43,79
16.02.2017 16:00;16.02.2017 17:00;50,82
16.02.2017 17:00;16.02.2017 18:00;53,3
16.02.2017 18:00;16.02.2017 19:00;54,98
16.02.2017 19:00;16.02.2017 20:00;50,92
16.02.2017 20:00;16.02.2017 21:00;42,06
16.02.2017 21:00;16.02.2017 22:00;38,95
16.02.2017 22:00;16.02.2017 23:00;37,98
16.02.2017 23:00;17.02.2017 00:00;33,3
17.02.2017 00:00;17.02.2017 01:00;32,52
17.02.2017 01:00;17.02.2017 02:00;31,69
17.02.2017 02:00;17.02.2017 03:00;31,13
17.02.2017 03:00;17.02.2017 04:00;31,35
17.02.2017 04:00;17.02.2017 05:00;31,69
17.02.2017 05:00;17.02.2017 06:00;32,5
17.02.2017 06:00;17.02.2017 07:00;36,96
17.02.2017 07:00;17.02.2017 08:00;47,95
17.02.2017 08:00;17.02.2017 09:00;45,01
17.02.2017 09:00;17.02.2017 10:00;44,05
17.02.2017 10:00;17.02.2017 11:00;48,98
17.02.2017 11:00;17.02.2017 12:00;49,9
17.02.2017 12:00;17.02.2017 13:00;48,98
17.02.2017 13:00;17.02.2017 14:00;40,0
17.02.2017 14:00;17.02.2017 15:00;42,92
17.02.2017 15:00;17.02.2017 16:00;48,53
17.02.2017 16:00;17.02.2017 17:00;48,81
17.02.2017 17:00;17.02.2017 18:00;50,92
17.02.2017 18:00;17.02.2017 19:00;53,04
17.02.2017 19:00;17.02.2017 20:00;51,14
17.02.2017 20:00;17.02.2017 21:00;49,77
17.02.2017 21:00;17.02.2017 22:00;49,52
17.02.2017 22:00;17.02.2017 23:00;46,34
17.02.2017 23:00;18.02.2017 00:00;38,82
18.02.2017 00:00;18.02.2017 01:00;35,1
18.02.2017 01:00;18.02.2017 02:00;33,09
18.02.2017 02:00;18.02.2017 03:00;35,08
18.02.2017 03:00;18.02.2017 04:00;34,3
18.02.2017 04:00;18.02.2017 05:00;34,3
18.02.2017 05:00;18.02.2017 06:00;35,36
18.02.2017 06:00;18.02.2017 07:00;38,81
18.02.2017 07:00;18.02.2017 08:00;42,08
18.02.2017 08:00;18.02.2017 09:00;46,81
18.02.2017 09:00;18.02.2017 10:00;50,0
18.02.2017 10:00;18.02.2017 11:00;49,85
18.02.2017 11:00;18.02.2017 12:00;48,24
18.02.2017 12:00;18.02.2017 13:00;42,25
18.02.2017 13:00;18.02.2017 14:00;36,64
18.02.2017 14:00;18.02.2017 15:00;35,64
18.02.2017 15:00;18.02.2017 16:00;37,35
18.02.2017 16:00;18.02.2017 17:00;42,04
18.02.2017 17:00;18.02.2017 18:00;47,94
18.02.2017 18:00;18.02.2017 19:00;53,94
18.02.2017 19:00;18.02.2017 20:00;48,46
18.02.2017 20:00;18.02.2017 21:00;39,01
18.02.2017 21:00;18.02.2017 22:00;35,0
18.02.2017 22:00;18.02.2017 23:00;33,03
18.02.2017 23:00;19.02.2017 00:00;30,29
19.02.2017 00:00;19.02.2017 01:00;30,81
19.02.2017 01:00;19.02.2017 02:00;21,68
19.02.2017 02:00;19.02.2017 03:00;12,44
19.02.2017 03:00;19.02.2017 04:00;9,93
19.02.2017 04:00;19.02.2017 05:00;9,53
19.02.2017 05:00;19.02.2017 06:00;10,13
19.02.2017 06:00;19.02.2017 07:00;10,3
19.02.2017 07:00;19.02.2017 08:00;18,12
19.02.2017 08:00;19.02.2017 09:00;25,47
19.02.2017 09:00;19.02.2017 10:00;29,59
19.02.2017 10:00;19.02.2017 11:00;29,82
19.02.2017 11:00;19.02.2017 12:00;32,09
19.02.2017 12:00;19.02.2017 13:00;30,17
19.02.2017 13:00;19.02.2017 14:00;31,07
19.02.2017 14:00;19.02.2017 15:00;31,41
19.02.2017 15:00;19.02.2017 16:00;30,34
19.02.2017 16:00;19.02.2017 17:00;31,99
19.02.2017 17:00;19.02.2017 18:00;41,37
19.02.2017 18:00;19.02.2017 19:00;53,65
19.02.2017 19:00;19.02.2017 20:00;52,8
19.02.2017 20:00;19.02.2017 21:00;39,28
19.02.2017 21:00;19.02.2017 22:00;33,95
19.02.2017 22:00;19.02.2017 23:00;35,05
19.02.2017 23:00;20.02.2017 00:00;31,01
20.02.2017 00:00;20.02.2017 01:00;30,75
20.02.2017 01:00;20.02.2017 02:00;27,22
20.02.2017 02:00;20.02.2017 03:00;26,5
20.02.2017 03:00;20.02.2017 04:00;25,04
20.02.2017 04:00;20.02.2017 05:00;20,95
20.02.2017 05:00;20.02.2017 06:00;21,93
20.02.2017 06:00;20.02.2017 07:00;38,49
20.02.2017 07:00;20.02.2017 08:00;48,35
20.02.2017 08:00;20.02.2017 09:00;45,82
20.02.2017 09:00;20.02.2017 10:00;38,92
20.02.2017 10:00;20.02.2017 11:00;37,92
20.02.2017 11:00;20.02.2017 12:00;39,38
20.02.2017 12:00;20.02.2017 13:00;39,18
20.02.2017 13:00;20.02.2017 14:00;36,08
20.02.2017 14:00;20.02.2017 15:00;33,03
20.02.2017 15:00;20.02.2017 16:00;31,87
20.02.2017 16:00;20.02.2017 17:00;31,63
20.02.2017 17:00;20.02.2017 18:00;34,92
20.02.2017 18:00;20.02.2017 19:00;37,94
20.02.2017 19:00;20.02.2017 20:00;34,27
20.02.2017 20:00;20.02.2017 21:00;29,92
20.02.2017 21:00;20.02.2017 22:00;19,22
20.02.2017 22:00;20.02.2017 23:00;9,94
20.02.2017 23:00;21.02.2017 00:00;9,48
21.02.2017 00:00;21.02.2017 01:00;12,54
21.02.2017 01:00;21.02.2017 02:00;10,19
21.02.2017 02:00;21.02.2017 03:00;10,06
21.02.2017 03:00;21.02.2017 04:00;11,12
21.02.2017 04:00;21.02.2017 05:00;12,56
21.02.2017 05:00;21.02.2017 06:00;25,16
21.02.2017 06:00;21.02.2017 07:00;33,0
21.02.2017 07:00;21.02.2017 08:00;38,96
21.02.2017 08:00;21.02.2017 09:00;38,94
21.02.2017 09:00;21.02.2017 10:00;38,94
21.02.2017 10:00;21.02.2017 11:00;38,95
21.02.2017 11:00;21.02.2017 12:00;38,95
21.02.2017 12:00;21.02.2017 13:00;36,63
21.02.2017 13:00;21.02.2017 14:00;36,65
21.02.2017 14:00;21.02.2017 15:00;36,41
21.02.2017 15:00;21.02.2017 16:00;36,68
21.02.2017 16:00;21.02.2017 17:00;34,98
21.02.2017 17:00;21.02.2017 18:00;39,9
21.02.2017 18:00;21.02.2017 19:00;57,42
21.02.2017 19:00;21.02.2017 20:00;45,8
21.02.2017 20:00;21.02.2017 21:00;46,14
21.02.2017 21:00;21.02.2017 22:00;40,0
21.02.2017 22:00;21.02.2017 23:00;34,25
21.02.2017 23:00;22.02.2017 00:00;30,03
22.02.2017 00:00;22.02.2017 01:00;22,92
22.02.2017 01:00;22.02.2017 02:00;10,26
22.02.2017 02:00;22.02.2017 03:00;9,5
22.02.2017 03:00;22.02.2017 04:00;7,66
22.02.2017 04:00;22.02.2017 05:00;5,03
22.02.2017 05:00;22.02.2017 06:00;7,68
22.02.2017 06:00;22.02.2017 07:00;21,52
22.02.2017 07:00;22.02.2017 08:00;31,86
22.02.2017 08:00;22.02.2017 09:00;32,51
22.02.2017 09:00;22.02.2017 10:00;32,51
22.02.2017 10:00;22.02.2017 11:00;32,29
22.02.2017 11:00;22.02.2017 12:00;32,96
22.02.2017 12:00;22.02.2017 13:00;32,01
22.02.2017 13:00;22.02.2017 14:00;30,94
22.02.2017 14:00;22.02.2017 15:00;29,94
22.02.2017 15:00;22.02.2017 16:00;31,28
22.02.2017 16:00;22.02.2017 17:00;31,24
22.02.2017 17:00;22.02.2017 18:00;32,48
22.02.2017 18:00;22.02.2017 19:00;35,93
22.02.2017 19:00;22.02.2017 20:00;34,05
22.02.2017 20:00;22.02.2017 21:00;31,65
22.02.2017 21:00;22.02.2017 22:00;23,45
22.02.2017 22:00;22.02.2017 23:00;10,26
22.02.2017 23:00;23.02.2017 00:00;9,47
23.02.2017 00:00;23.02.2017 01:00;-6,58
23.02.2017 01:00;23.02.2017 02:00;-5,03
23.02.2017 02:00;23.02.2017 03:00;0,01
23.02.2017 03:00;23.02.2017 04:00;7,03
23.02.2017 04:00;23.02.2017 05:00;9,44
23.02.2017 05:00;23.02.2017 06:00;25,53
23.02.2017 06:00;23.02.2017 07:00;35,0
23.02.2017 07:00;23.02.2017 08:00;46,01
23.02.2017 08:00;23.02.2017 09:00;48,5
23.02.2017 09:00;23.02.2017 10:00;46,41
23.02.2017 10:00;23.02.2017 11:00;43,36
23.02.2017 11:00;23.02.2017 12:00;40,61
23.02.2017 12:00;23.02.2017 13:00;32,91
23.02.2017 13:00;23.02.2017 14:00;32,4
23.02.2017 14:00;23.02.2017 15:00;31,24
23.02.2017 15:00;23.02.2017 16:00;27,68
23.02.2017 16:00;23.02.2017 17:00;27,64
23.02.2017 17:00;23.02.2017 18:00;32,03
23.02.2017 18:00;23.02.2017 19:00;32,93
23.02.2017 19:00;23.02.2017 20:00;32,09
23.02.2017 20:00;23.02.2017 21:00;29,79
23.02.2017 21:00;23.02.2017 22:00;24,07
23.02.2017 22:00;23.02.2017 23:00;12,03
23.02.2017 23:00;24.02.2017 00:00;9,27
24.02.2017 00:00;24.02.2017 01:00;6,93
24.02.2017 01:00;24.02.2017 02:00;-4,99
24.02.2017 02:00;24.02.2017 03:00;-27,08
24.02.2017 03:00;24.02.2017 04:00;-0,9
24.02.2017 04:00;24.02.2017 05:00;7,0
24.02.2017 05:00;24.02.2017 06:00;9,49
24.02.2017 06:00;24.02.2017 07:00;30,04
24.02.2017 07:00;24.02.2017 08:00;33,44
24.02.2017 08:00;24.02.2017 09:00;34,3
24.02.2017 09:00;24.02.2017 10:00;33,91
24.02.2017 10:00;24.02.2017 11:00;33,48
24.02.2017 11:00;24.02.2017 12:00;33,18
24.02.2017 12:00;24.02.2017 13:00;32,49
24.02.2017 13:00;24.02.2017 14:00;32,41
24.02.2017 14:00;24.02.2017 15:00;32,24
24.02.2017 15:00;24.02.2017 16:00;34,9
24.02.2017 16:00;24.02.2017 17:00;44,92
24.02.2017 17:00;24.02.2017 18:00;50,1
24.02.2017 18:00;24.02.2017 19:00;57,52
24.02.2017 19:00;24.02.2017 20:00;58,19
24.02.2017 20:00;24.02.2017 21:00;43,94
24.02.2017 21:00;24.02.2017 22:00;38,06
24.02.2017 22:00;24.02.2017 23:00;39,68
24.02.2017 23:00;25.02.2017 00:00;36,66
25.02.2017 00:00;25.02.2017 01:00;29,28
25.02.2017 01:00;25.02.2017 02:00;29,09
25.02.2017 02:00;25.02.2017 03:00;28,94
25.02.2017 03:00;25.02.2017 04:00;29,45
25.02.2017 04:00;25.02.2017 05:00;29,93
25.02.2017 05:00;25.02.2017 06:00;29,53
25.02.2017 06:00;25.02.2017 07:00;32,87
25.02.2017 07:00;25.02.2017 08:00;41,48
25.02.2017 08:00;25.02.2017 09:00;41,99
25.02.2017 09:00;25.02.2017 10:00;40,44
25.02.2017 10:00;25.02.2017 11:00;37,13
25.02.2017 11:00;25.02.2017 12:00;32,04
25.02.2017 12:00;25.02.2017 13:00;29,46
25.02.2017 13:00;25.02.2017 14:00;28,01
25.02.2017 14:00;25.02.2017 15:00;22,86
25.02.2017 15:00;25.02.2017 16:00;28,88
25.02.2017 16:00;25.02.2017 17:00;30,16
25.02.2017 17:00;25.02.2017 18:00;38,0
25.02.2017 18:00;25.02.2017 19:00;39,57
25.02.2017 19:00;25.02.2017 20:00;34,65
25.02.2017 20:00;25.02.2017 21:00;26,01
25.02.2017 21:00;25.02.2017 22:00;12,94
25.02.2017 22:00;25.02.2017 23:00;11,91
25.02.2017 23:00;26.02.2017 00:00;8,8
26.02.2017 00:00;26.02.2017 01:00;7,83
26.02.2017 01:00;26.02.2017 02:00;3,0
26.02.2017 02:00;26.02.2017 03:00;4,65
26.02.2017 03:00;26.02.2017 04:00;7,74
26.02.2017 04:00;26.02.2017 05:00;8,02
26.02.2017 05:00;26.02.2017 06:00;8,95
26.02.2017 06:00;26.02.2017 07:00;7,83
26.02.2017 07:00;26.02.2017 08:00;7,84
26.02.2017 08:00;26.02.2017 09:00;9,63
26.02.2017 09:00;26.02.2017 10:00;10,36
26.02.2017 10:00;26.02.2017 11:00;12,91
26.02.2017 11:00;26.02.2017 12:00;12,98
26.02.2017 12:00;26.02.2017 13:00;9,92
26.02.2017 13:00;26.02.2017 14:00;9,75
26.02.2017 14:00;26.02.2017 15:00;9,98
26.02.2017 15:00;26.02.2017 16:00;10,4
26.02.2017 16:00;26.02.2017 17:00;12,78
26.02.2017 17:00;26.02.2017 18:00;28,0
26.02.2017 18:00;26.02.2017 19:00;31,76
26.02.2017 19:00;26.02.2017 20:00;30,96
26.02.2017 20:00;26.02.2017 21:00;25,34
26.02.2017 21:00;26.02.2017 22:00;23,86
26.02.2017 22:00;26.02.2017 23:00;20,86
26.02.2017 23:00;27.02.2017 00:00;10,35
27.02.2017 00:00;27.02.2017 01:00;22,01
27.02.2017 01:00;27.02.2017 02:00;15,48
27.02.2017 02:00;27.02.2017 03:00;12,54
27.02.2017 03:00;27.02.2017 04:00;15,59
27.02.2017 04:00;27.02.2017 05:00;18,84
27.02.2017 05:00;27.02.2017 06:00;30,11
27.02.2017 06:00;27.02.2017 07:00;38,66
27.02.2017 07:00;27.02.2017 08:00;47,29
27.02.2017 08:00;27.02.2017 09:00;47,52
27.02.2017 09:00;27.02.2017 10:00;39,94
27.02.2017 10:00;27.02.2017 11:00;36,87
27.02.2017 11:00;27.02.2017 12:00;36,6
27.02.2017 12:00;27.02.2017 13:00;30,91
27.02.2017 13:00;27.02.2017 14:00;30,58
27.02.2017 14:00;27.02.2017 15:00;30,59
27.02.2017 15:00;27.02.2017 16:00;30,83
27.02.2017 16:00;27.02.2017 17:00;32,15
27.02.2017 17:00;27.02.2017 18:00;32,89
27.02.2017 18:00;27.02.2017 19:00;34,44
27.02.2017 19:00;27.02.2017 20:00;32,46
27.02.2017 20:00;27.02.2017 21:00;30,62
27.02.2017 21:00;27.02.2017 22:00;27,05
27.02.2017 22:00;27.02.2017 23:00;12,96
27.02.2017 23:00;28.02.2017 00:00;7,95
28.02.2017 00:00;28.02.2017 01:00;7,81
28.02.2017 01:00;28.02.2017 02:00;7,89
28.02.2017 02:00;28.02.2017 03:00;7,86
28.02.2017 03:00;28.02.2017 04:00;8,56
28.02.2017 04:00;28.02.2017 05:00;9,79
28.02.2017 05:00;28.02.2017 06:00;10,34
28.02.2017 06:00;28.02.2017 07:00;28,99
28.02.2017 07:00;28.02.2017 08:00;32,86
28.02.2017 08:00;28.02.2017 09:00;33,2
28.02.2017 09:00;28.02.2017 10:00;31,02
28.02.2017 10:00;28.02.2017 11:00;30,76
28.02.2017 11:00;28.02.2017 12:00;30,57
28.02.2017 12:00;28.02.2017 13:00;32,42
28.02.2017 13:00;28.02.2017 14:00;39,8
28.02.2017 14:00;28.02.2017 15:00;39,86
28.02.2017 15:00;28.02.2017 16:00;39,17
28.02.2017 16:00;28.02.2017 17:00;39,52
28.02.2017 17:00;28.02.2017 18:00;40,13
28.02.2017 18:00;28.02.2017 19:00;49,2
28.02.2017 19:00;28.02.2017 20:00;53,12
28.02.2017 20:00;28.02.2017 21:00;39,11
28.02.2017 21:00;28.02.2017 22:00;38,78
28.02.2017 22:00;28.02.2017 23:00;31,4
28.02.2017 23:00;01.03.2017 00:00;30,06
01.03.2017 00:00;01.03.2017 01:00;31,05
01.03.2017 01:00;01.03.2017 02:00;29,57
01.03.2017 02:00;01.03.2017 03:00;28,61
01.03.2017 03:00;01.03.2017 04:00;25,52
01.03.2017 04:00;01.03.2017 05:00;28,65
01.03.2017 05:00;01.03.2017 06:00;29,98
01.03.2017 06:00;01.03.2017 07:00;32,4
01.03.2017 07:00;01.03.2017 08:00;41,96
01.03.2017 08:00;01.03.2017 09:00;42,08
01.03.2017 09:00;01.03.2017 10:00;39,99
01.03.2017 10:00;01.03.2017 11:00;39,9
01.03.2017 11:00;01.03.2017 12:00;36,92
01.03.2017 12:00;01.03.2017 13:00;31,22
01.03.2017 13:00;01.03.2017 14:00;30,74
01.03.2017 14:00;01.03.2017 15:00;30,83
01.03.2017 15:00;01.03.2017 16:00;32,16
01.03.2017 16:00;01.03.2017 17:00;38,63
01.03.2017 17:00;01.03.2017 18:00;46,82
01.03.2017 18:00;01.03.2017 19:00;51,99
01.03.2017 19:00;01.03.2017 20:00;49,68
01.03.2017 20:00;01.03.2017 21:00;39,93
01.03.2017 21:00;01.03.2017 22:00;34,9
01.03.2017 22:00;01.03.2017 23:00;31,93
01.03.2017 23:00;02.03.2017 00:00;29,7
02.03.2017 00:00;02.03.2017 01:00;29,73
02.03.2017 01:00;02.03.2017 02:00;29,49
02.03.2017 02:00;02.03.2017 03:00;25,99
02.03.2017 03:00;02.03.2017 04:00;26,0
02.03.2017 04:00;02.03.2017 05:00;26,17
02.03.2017 05:00;02.03.2017 06:00;26,04
02.03.2017 06:00;02.03.2017 07:00;31,04
02.03.2017 07:00;02.03.2017 08:00;33,57
02.03.2017 08:00;02.03.2017 09:00;34,19
02.03.2017 09:00;02.03.2017 10:00;30,85
02.03.2017 10:00;02.03.2017 11:00;26,0
02.03.2017 11:00;02.03.2017 12:00;25,08
02.03.2017 12:00;02.03.2017 13:00;12,63
02.03.2017 13:00;02.03.2017 14:00;10,45
02.03.2017 14:00;02.03.2017 15:00;10,48
02.03.2017 15:00;02.03.2017 16:00;25,01
02.03.2017 16:00;02.03.2017 17:00;25,92
02.03.2017 17:00;02.03.2017 18:00;32,17
02.03.2017 18:00;02.03.2017 19:00;39,9
02.03.2017 19:00;02.03.2017 20:00;38,91
02.03.2017 20:00;02.03.2017 21:00;31,95
02.03.2017 21:00;02.03.2017 22:00;30,47
02.03.2017 22:00;02.03.2017 23:00;29,25
02.03.2017 23:00;03.03.2017 00:00;25,07
03.03.2017 00:00;03.03.2017 01:00;27,02
03.03.2017 01:00;03.03.2017 02:00;26,47
03.03.2017 02:00;03.03.2017 03:00;26,03
03.03.2017 03:00;03.03.2017 04:00;28,99
03.03.2017 04:00;03.03.2017 05:00;30,91
03.03.2017 05:00;03.03.2017 06:00;32,36
03.03.2017 06:00;03.03.2017 07:00;41,91
03.03.2017 07:00;03.03.2017 08:00;48,0
03.03.2017 08:00;03.03.2017 09:00;47,57
03.03.2017 09:00;03.03.2017 10:00;46,5
03.03.2017 10:00;03.03.2017 11:00;43,49
03.03.2017 11:00;03.03.2017 12:00;43,47
03.03.2017 12:00;03.03.2017 13:00;41,02
03.03.2017 13:00;03.03.2017 14:00;39,83
03.03.2017 14:00;03.03.2017 15:00;39,1
03.03.2017 15:00;03.03.2017 16:00;38,6
03.03.2017 16:00;03.03.2017 17:00;40,97
03.03.2017 17:00;03.03.2017 18:00;41,91
03.03.2017 18:00;03.03.2017 19:00;42,18
03.03.2017 19:00;03.03.2017 20:00;44,95
03.03.2017 20:00;03.03.2017 21:00;41,01
03.03.2017 21:00;03.03.2017 22:00;35,29
03.03.2017 22:00;03.03.2017 23:00;36,25
03.03.2017 23:00;04.03.2017 00:00;34,56
04.03.2017 00:00;04.03.2017 01:00;31,6
04.03.2017 01:00;04.03.2017 02:00;30,25
04.03.2017 02:00;04.03.2017 03:00;30,04
04.03.2017 03:00;04.03.2017 04:00;28,44
04.03.2017 04:00;04.03.2017 05:00;28,26
04.03.2017 05:00;04.03.2017 06:00;29,22
04.03.2017 06:00;04.03.2017 07:00;28,16
04.03.2017 07:00;04.03.2017 08:00;30,0
04.03.2017 08:00;04.03.2017 09:00;33,96
04.03.2017 09:00;04.03.2017 10:00;39,34
04.03.2017 10:00;04.03.2017 11:00;36,73
04.03.2017 11:00;04.03.2017 12:00;36,69
04.03.2017 12:00;04.03.2017 13:00;33,76
04.03.2017 13:00;04.03.2017 14:00;31,44
04.03.2017 14:00;04.03.2017 15:00;31,81
04.03.2017 15:00;04.03.2017 16:00;33,67
04.03.2017 16:00;04.03.2017 17:00;34,9
04.03.2017 17:00;04.03.2017 18:00;40,44
04.03.2017 18:00;04.03.2017 19:00;44,69
04.03.2017 19:00;04.03.2017 20:00;47,25
04.03.2017 20:00;04.03.2017 21:00;42,01
04.03.2017 21:00;04.03.2017 22:00;35,07
04.03.2017 22:00;04.03.2017 23:00;31,87
04.03.2017 23:00;05.03.2017 00:00;22,68
05.03.2017 00:00;05.03.2017 01:00;21,11
05.03.2017 01:00;05.03.2017 02:00;15,44
05.03.2017 02:00;05.03.2017 03:00;11,56
05.03.2017 03:00;05.03.2017 04:00;10,6
05.03.2017 04:00;05.03.2017 05:00;9,84
05.03.2017 05:00;05.03.2017 06:00;8,06
05.03.2017 06:00;05.03.2017 07:00;9,83
05.03.2017 07:00;05.03.2017 08:00;9,13
05.03.2017 08:00;05.03.2017 09:00;9,88
05.03.2017 09:00;05.03.2017 10:00;11,32
05.03.2017 10:00;05.03.2017 11:00;9,97
05.03.2017 11:00;05.03.2017 12:00;10,0
05.03.2017 12:00;05.03.2017 13:00;10,8
05.03.2017 13:00;05.03.2017 14:00;9,96
05.03.2017 14:00;05.03.2017 15:00;9,4
05.03.2017 15:00;05.03.2017 16:00;9,96
05.03.2017 16:00;05.03.2017 17:00;17,22
05.03.2017 17:00;05.03.2017 18:00;30,03
05.03.2017 18:00;05.03.2017 19:00;33,69
05.03.2017 19:00;05.03.2017 20:00;37,95
05.03.2017 20:00;05.03.2017 21:00;35,02
05.03.2017 21:00;05.03.2017 22:00;32,85
05.03.2017 22:00;05.03.2017 23:00;32,92
05.03.2017 23:00;06.03.2017 00:00;31,67
06.03.2017 00:00;06.03.2017 01:00;31,24
06.03.2017 01:00;06.03.2017 02:00;29,04
06.03.2017 02:00;06.03.2017 03:00;27,99
06.03.2017 03:00;06.03.2017 04:00;25,35
06.03.2017 04:00;06.03.2017 05:00;27,3
06.03.2017 05:00;06.03.2017 06:00;29,07
06.03.2017 06:00;06.03.2017 07:00;34,98
06.03.2017 07:00;06.03.2017 08:00;42,4
06.03.2017 08:00;06.03.2017 09:00;44,28
06.03.2017 09:00;06.03.2017 10:00;47,03
06.03.2017 10:00;06.03.2017 11:00;46,58
06.03.2017 11:00;06.03.2017 12:00;46,36
06.03.2017 12:00;06.03.2017 13:00;43,92
06.03.2017 13:00;06.03.2017 14:00;39,9
06.03.2017 14:00;06.03.2017 15:00;36,07
06.03.2017 15:00;06.03.2017 16:00;39,9
06.03.2017 16:00;06.03.2017 17:00;42,91
06.03.2017 17:00;06.03.2017 18:00;46,15
06.03.2017 18:00;06.03.2017 19:00;49,59
06.03.2017 19:00;06.03.2017 20:00;51,66
06.03.2017 20:00;06.03.2017 21:00;46,05
06.03.2017 21:00;06.03.2017 22:00;37,4
06.03.2017 22:00;06.03.2017 23:00;35,0
06.03.2017 23:00;07.03.2017 00:00;31,93
07.03.2017 00:00;07.03.2017 01:00;31,07
07.03.2017 01:00;07.03.2017 02:00;30,01
07.03.2017 02:00;07.03.2017 03:00;29,99
07.03.2017 03:00;07.03.2017 04:00;29,64
07.03.2017 04:00;07.03.2017 05:00;30,6
07.03.2017 05:00;07.03.2017 06:00;32,98
07.03.2017 06:00;07.03.2017 07:00;36,0
07.03.2017 07:00;07.03.2017 08:00;50,19
07.03.2017 08:00;07.03.2017 09:00;54,25
07.03.2017 09:00;07.03.2017 10:00;54,1
07.03.2017 10:00;07.03.2017 11:00;53,93
07.03.2017 11:00;07.03.2017 12:00;51,54
07.03.2017 12:00;07.03.2017 13:00;49,9
07.03.2017 13:00;07.03.2017 14:00;49,07
07.03.2017 14:00;07.03.2017 15:00;48,69
07.03.2017 15:00;07.03.2017 16:00;47,75
07.03.2017 16:00;07.03.2017 17:00;48,0
07.03.2017 17:00;07.03.2017 18:00;50,31
07.03.2017 18:00;07.03.2017 19:00;57,52
07.03.2017 19:00;07.03.2017 20:00;61,05
07.03.2017 20:00;07.03.2017 21:00;51,93
07.03.2017 21:00;07.03.2017 22:00;43,93
07.03.2017 22:00;07.03.2017 23:00;41,94
07.03.2017 23:00;08.03.2017 00:00;33,73
08.03.2017 00:00;08.03.2017 01:00;33,98
08.03.2017 01:00;08.03.2017 02:00;32,76
08.03.2017 02:00;08.03.2017 03:00;32,0
08.03.2017 03:00;08.03.2017 04:00;31,38
08.03.2017 04:00;08.03.2017 05:00;31,2
08.03.2017 05:00;08.03.2017 06:00;32,06
08.03.2017 06:00;08.03.2017 07:00;41,04
08.03.2017 07:00;08.03.2017 08:00;49,61
08.03.2017 08:00;08.03.2017 09:00;49,93
08.03.2017 09:00;08.03.2017 10:00;43,44
08.03.2017 10:00;08.03.2017 11:00;41,0
08.03.2017 11:00;08.03.2017 12:00;38,1
08.03.2017 12:00;08.03.2017 13:00;34,16
08.03.2017 13:00;08.03.2017 14:00;33,65
08.03.2017 14:00;08.03.2017 15:00;35,01
08.03.2017 15:00;08.03.2017 16:00;33,7
08.03.2017 16:00;08.03.2017 17:00;34,03
08.03.2017 17:00;08.03.2017 18:00;35,74
08.03.2017 18:00;08.03.2017 19:00;42,05
08.03.2017 19:00;08.03.2017 20:00;42,0
08.03.2017 20:00;08.03.2017 21:00;34,15
08.03.2017 21:00;08.03.2017 22:00;31,85
08.03.2017 22:00;08.03.2017 23:00;32,14
08.03.2017 23:00;09.03.2017 00:00;28,97
09.03.2017 00:00;09.03.2017 01:00;30,66
09.03.2017 01:00;09.03.2017 02:00;30,56
09.03.2017 02:00;09.03.2017 03:00;29,78
09.03.2017 03:00;09.03.2017 04:00;29,3
09.03.2017 04:00;09.03.2017 05:00;29,28
09.03.2017 05:00;09.03.2017 06:00;31,12
09.03.2017 06:00;09.03.2017 07:00;41,59
09.03.2017 07:00;09.03.2017 08:00;48,67
09.03.2017 08:00;09.03.2017 09:00;50,02
09.03.2017 09:00;09.03.2017 10:00;49,02
09.03.2017 10:00;09.03.2017 11:00;48,62
09.03.2017 11:00;09.03.2017 12:00;47,16
09.03.2017 12:00;09.03.2017 13:00;43,82
09.03.2017 13:00;09.03.2017 14:00;41,85
09.03.2017 14:00;09.03.2017 15:00;38,09
09.03.2017 15:00;09.03.2017 16:00;36,69
09.03.2017 16:00;09.03.2017 17:00;35,3
09.03.2017 17:00;09.03.2017 18:00;41,47
09.03.2017 18:00;09.03.2017 19:00;44,82
09.03.2017 19:00;09.03.2017 20:00;42,84
09.03.2017 20:00;09.03.2017 21:00;33,34
09.03.2017 21:00;09.03.2017 22:00;33,02
09.03.2017 22:00;09.03.2017 23:00;31,51
09.03.2017 23:00;10.03.2017 00:00;28,82
10.03.2017 00:00;10.03.2017 01:00;20,82
10.03.2017 01:00;10.03.2017 02:00;18,18
10.03.2017 02:00;10.03.2017 03:00;12,01
10.03.2017 03:00;10.03.2017 04:00;18,09
10.03.2017 04:00;10.03.2017 05:00;26,96
10.03.2017 05:00;10.03.2017 06:00;28,59
10.03.2017 06:00;10.03.2017 07:00;31,9
10.03.2017 07:00;10.03.2017 08:00;41,98
10.03.2017 08:00;10.03.2017 09:00;41,93
10.03.2017 09:00;10.03.2017 10:00;36,96
10.03.2017 10:00;10.03.2017 11:00;33,02
10.03.2017 11:00;10.03.2017 12:00;32,09
10.03.2017 12:00;10.03.2017 13:00;31,51
10.03.2017 13:00;10.03.2017 14:00;31,31
10.03.2017 14:00;10.03.2017 15:00;31,26
10.03.2017 15:00;10.03.2017 16:00;32,11
10.03.2017 16:00;10.03.2017 17:00;36,07
10.03.2017 17:00;10.03.2017 18:00;40,37
10.03.2017 18:00;10.03.2017 19:00;49,17
10.03.2017 19:00;10.03.2017 20:00;53,56
10.03.2017 20:00;10.03.2017 21:00;45,88
10.03.2017 21:00;10.03.2017 22:00;39,67
10.03.2017 22:00;10.03.2017 23:00;37,71
10.03.2017 23:00;11.03.2017 00:00;34,25
11.03.2017 00:00;11.03.2017 01:00;33,02
11.03.2017 01:00;11.03.2017 02:00;31,24
11.03.2017 02:00;11.03.2017 03:00;30,13
11.03.2017 03:00;11.03.2017 04:00;29,64
11.03.2017 04:00;11.03.2017 05:00;29,07
11.03.2017 05:00;11.03.2017 06:00;30,0
11.03.2017 06:00;11.03.2017 07:00;31,77
11.03.2017 07:00;11.03.2017 08:00;32,4
11.03.2017 08:00;11.03.2017 09:00;35,0
11.03.2017 09:00;11.03.2017 10:00;35,05
11.03.2017 10:00;11.03.2017 11:00;33,0
11.03.2017 11:00;11.03.2017 12:00;31,41
11.03.2017 12:00;11.03.2017 13:00;31,07
11.03.2017 13:00;11.03.2017 14:00;30,19
11.03.2017 14:00;11.03.2017 15:00;29,85
11.03.2017 15:00;11.03.2017 16:00;29,98
11.03.2017 16:00;11.03.2017 17:00;30,81
11.03.2017 17:00;11.03.2017 18:00;34,66
11.03.2017 18:00;11.03.2017 19:00;43,97
11.03.2017 19:00;11.03.2017 20:00;45,91
11.03.2017 20:00;11.03.2017 21:00;38,1
11.03.2017 21:00;11.03.2017 22:00;32,26
11.03.2017 22:00;11.03.2017 23:00;32,11
11.03.2017 23:00;12.03.2017 00:00;30,05
12.03.2017 00:00;12.03.2017 01:00;27,9
12.03.2017 01:00;12.03.2017 02:00;25,4
12.03.2017 02:00;12.03.2017 03:00;20,36
12.03.2017 03:00;12.03.2017 04:00;13,92
12.03.2017 04:00;12.03.2017 05:00;10,88
12.03.2017 05:00;12.03.2017 06:00;11,95
12.03.2017 06:00;12.03.2017 07:00;13,92
12.03.2017 07:00;12.03.2017 08:00;11,21
12.03.2017 08:00;12.03.2017 09:00;10,97
12.03.2017 09:00;12.03.2017 10:00;13,28
12.03.2017 10:00;12.03.2017 11:00;10,18
12.03.2017 11:00;12.03.2017 12:00;15,63
12.03.2017 12:00;12.03.2017 13:00;9,6
12.03.2017 13:00;12.03.2017 14:00;12,21
12.03.2017 14:00;12.03.2017 15:00;9,55
12.03.2017 15:00;12.03.2017 16:00;11,93
12.03.2017 16:00;12.03.2017 17:00;11,0
12.03.2017 17:00;12.03.2017 18:00;26,9
12.03.2017 18:00;12.03.2017 19:00;31,15
12.03.2017 19:00;12.03.2017 20:00;31,35
12.03.2017 20:00;12.03.2017 21:00;30,69
12.03.2017 21:00;12.03.2017 22:00;30,62
12.03.2017 22:00;12.03.2017 23:00;30,4
12.03.2017 23:00;13.03.2017 00:00;29,34
13.03.2017 00:00;13.03.2017 01:00;27,04
13.03.2017 01:00;13.03.2017 02:00;26,82
13.03.2017 02:00;13.03.2017 03:00;26,9
13.03.2017 03:00;13.03.2017 04:00;27,02
13.03.2017 04:00;13.03.2017 05:00;27,77
13.03.2017 05:00;13.03.2017 06:00;29,64
13.03.2017 06:00;13.03.2017 07:00;33,83
13.03.2017 07:00;13.03.2017 08:00;41,0
13.03.2017 08:00;13.03.2017 09:00;42,86
13.03.2017 09:00;13.03.2017 10:00;40,0
13.03.2017 10:00;13.03.2017 11:00;34,57
13.03.2017 11:00;13.03.2017 12:00;32,89
13.03.2017 12:00;13.03.2017 13:00;31,97
13.03.2017 13:00;13.03.2017 14:00;32,2
13.03.2017 14:00;13.03.2017 15:00;31,7
13.03.2017 15:00;13.03.2017 16:00;32,0
13.03.2017 16:00;13.03.2017 17:00;36,61
13.03.2017 17:00;13.03.2017 18:00;41,82
13.03.2017 18:00;13.03.2017 19:00;49,9
13.03.2017 19:00;13.03.2017 20:00;56,99
13.03.2017 20:00;13.03.2017 21:00;49,51
13.03.2017 21:00;13.03.2017 22:00;44,94
13.03.2017 22:00;13.03.2017 23:00;39,96
13.03.2017 23:00;14.03.2017 00:00;33,55
14.03.2017 00:00;14.03.2017 01:00;29,58
14.03.2017 01:00;14.03.2017 02:00;28,61
14.03.2017 02:00;14.03.2017 03:00;27,73
14.03.2017 03:00;14.03.2017 04:00;27,75
14.03.2017 04:00;14.03.2017 05:00;28,43
14.03.2017 05:00;14.03.2017 06:00;29,49
14.03.2017 06:00;14.03.2017 07:00;37,72
14.03.2017 07:00;14.03.2017 08:00;44,92
14.03.2017 08:00;14.03.2017 09:00;47,1
14.03.2017 09:00;14.03.2017 10:00;43,97
14.03.2017 10:00;14.03.2017 11:00;41,93
14.03.2017 11:00;14.03.2017 12:00;37,19
14.03.2017 12:00;14.03.2017 13:00;31,08
14.03.2017 13:00;14.03.2017 14:00;30,08
14.03.2017 14:00;14.03.2017 15:00;30,08
14.03.2017 15:00;14.03.2017 16:00;30,16
14.03.2017 16:00;14.03.2017 17:00;35,0
14.03.2017 17:00;14.03.2017 18:00;41,15
14.03.2017 18:00;14.03.2017 19:00;45,58
14.03.2017 19:00;14.03.2017 20:00;45,46
14.03.2017 20:00;14.03.2017 21:00;35,85
14.03.2017 21:00;14.03.2017 22:00;28,99
14.03.2017 22:00;14.03.2017 23:00;28,08
14.03.2017 23:00;15.03.2017 00:00;23,44
15.03.2017 00:00;15.03.2017 01:00;22,21
15.03.2017 01:00;15.03.2017 02:00;21,14
15.03.2017 02:00;15.03.2017 03:00;18,65
15.03.2017 03:00;15.03.2017 04:00;20,16
15.03.2017 04:00;15.03.2017 05:00;24,03
15.03.2017 05:00;15.03.2017 06:00;28,05
15.03.2017 06:00;15.03.2017 07:00;34,96
15.03.2017 07:00;15.03.2017 08:00;40,98
15.03.2017 08:00;15.03.2017 09:00;40,97
15.03.2017 09:00;15.03.2017 10:00;38,99
15.03.2017 10:00;15.03.2017 11:00;34,94
15.03.2017 11:00;15.03.2017 12:00;33,07
15.03.2017 12:00;15.03.2017 13:00;32,14
15.03.2017 13:00;15.03.2017 14:00;31,5
15.03.2017 14:00;15.03.2017 15:00;31,42
15.03.2017 15:00;15.03.2017 16:00;32,4
15.03.2017 16:00;15.03.2017 17:00;33,06
15.03.2017 17:00;15.03.2017 18:00;41,0
15.03.2017 18:00;15.03.2017 19:00;47,97
15.03.2017 19:00;15.03.2017 20:00;52,09
15.03.2017 20:00;15.03.2017 21:00;43,9
15.03.2017 21:00;15.03.2017 22:00;38,1
15.03.2017 22:00;15.03.2017 23:00;34,82
15.03.2017 23:00;16.03.2017 00:00;31,59
16.03.2017 00:00;16.03.2017 01:00;29,99
16.03.2017 01:00;16.03.2017 02:00;29,84
16.03.2017 02:00;16.03.2017 03:00;28,14
16.03.2017 03:00;16.03.2017 04:00;28,29
16.03.2017 04:00;16.03.2017 05:00;29,37
16.03.2017 05:00;16.03.2017 06:00;30,0
16.03.2017 06:00;16.03.2017 07:00;38,48
16.03.2017 07:00;16.03.2017 08:00;45,18
16.03.2017 08:00;16.03.2017 09:00;40,95
16.03.2017 09:00;16.03.2017 10:00;36,15
16.03.2017 10:00;16.03.2017 11:00;32,94
16.03.2017 11:00;16.03.2017 12:00;31,87
16.03.2017 12:00;16.03.2017 13:00;30,49
16.03.2017 13:00;16.03.2017 14:00;30,45
16.03.2017 14:00;16.03.2017 15:00;30,19
16.03.2017 15:00;16.03.2017 16:00;30,28
16.03.2017 16:00;16.03.2017 17:00;33,5
16.03.2017 17:00;16.03.2017 18:00;39,9
16.03.2017 18:00;16.03.2017 19:00;45,59
16.03.2017 19:00;16.03.2017 20:00;50,1
16.03.2017 20:00;16.03.2017 21:00;42,92
16.03.2017 21:00;16.03.2017 22:00;34,81
16.03.2017 22:00;16.03.2017 23:00;30,19
16.03.2017 23:00;17.03.2017 00:00;26,36
17.03.2017 00:00;17.03.2017 01:00;21,63
17.03.2017 01:00;17.03.2017 02:00;18,76
17.03.2017 02:00;17.03.2017 03:00;18,53
17.03.2017 03:00;17.03.2017 04:00;20,93
17.03.2017 04:00;17.03.2017 05:00;24,11
17.03.2017 05:00;17.03.2017 06:00;28,0
17.03.2017 06:00;17.03.2017 07:00;39,97
17.03.2017 07:00;17.03.2017 08:00;40,91
17.03.2017 08:00;17.03.2017 09:00;40,45
17.03.2017 09:00;17.03.2017 10:00;33,97
17.03.2017 10:00;17.03.2017 11:00;32,17
17.03.2017 11:00;17.03.2017 12:00;29,71
17.03.2017 12:00;17.03.2017 13:00;27,83
17.03.2017 13:00;17.03.2017 14:00;25,44
17.03.2017 14:00;17.03.2017 15:00;22,1
17.03.2017 15:00;17.03.2017 16:00;22,78
17.03.2017 16:00;17.03.2017 17:00;26,48
17.03.2017 17:00;17.03.2017 18:00;30,96
17.03.2017 18:00;17.03.2017 19:00;38,1
17.03.2017 19:00;17.03.2017 20:00;40,45
17.03.2017 20:00;17.03.2017 21:00;32,99
17.03.2017 21:00;17.03.2017 22:00;27,91
17.03.2017 22:00;17.03.2017 23:00;24,5
17.03.2017 23:00;18.03.2017 00:00;14,96
18.03.2017 00:00;18.03.2017 01:00;11,73
18.03.2017 01:00;18.03.2017 02:00;9,42
18.03.2017 02:00;18.03.2017 03:00;9,39
18.03.2017 03:00;18.03.2017 04:00;8,46
18.03.2017 04:00;18.03.2017 05:00;8,3
18.03.2017 05:00;18.03.2017 06:00;9,37
18.03.2017 06:00;18.03.2017 07:00;10,35
18.03.2017 07:00;18.03.2017 08:00;11,25
18.03.2017 08:00;18.03.2017 09:00;16,93
18.03.2017 09:00;18.03.2017 10:00;28,18
18.03.2017 10:00;18.03.2017 11:00;25,6
18.03.2017 11:00;18.03.2017 12:00;26,83
18.03.2017 12:00;18.03.2017 13:00;25,69
18.03.2017 13:00;18.03.2017 14:00;17,01
18.03.2017 14:00;18.03.2017 15:00;9,75
18.03.2017 15:00;18.03.2017 16:00;14,36
18.03.2017 16:00;18.03.2017 17:00;9,99
18.03.2017 17:00;18.03.2017 18:00;27,44
18.03.2017 18:00;18.03.2017 19:00;32,31
18.03.2017 19:00;18.03.2017 20:00;37,94
18.03.2017 20:00;18.03.2017 21:00;31,27
18.03.2017 21:00;18.03.2017 22:00;30,74
18.03.2017 22:00;18.03.2017 23:00;30,75
18.03.2017 23:00;19.03.2017 00:00;29,06
19.03.2017 00:00;19.03.2017 01:00;16,62
19.03.2017 01:00;19.03.2017 02:00;15,79
19.03.2017 02:00;19.03.2017 03:00;16,12
19.03.2017 03:00;19.03.2017 04:00;12,67
19.03.2017 04:00;19.03.2017 05:00;13,43
19.03.2017 05:00;19.03.2017 06:00;12,47
19.03.2017 06:00;19.03.2017 07:00;11,62
19.03.2017 07:00;19.03.2017 08:00;9,64
19.03.2017 08:00;19.03.2017 09:00;13,73
19.03.2017 09:00;19.03.2017 10:00;18,44
19.03.2017 10:00;19.03.2017 11:00;21,06
19.03.2017 11:00;19.03.2017 12:00;17,63
19.03.2017 12:00;19.03.2017 13:00;18,05
19.03.2017 13:00;19.03.2017 14:00;11,35
19.03.2017 14:00;19.03.2017 15:00;10,12
19.03.2017 15:00;19.03.2017 16:00;9,44
19.03.2017 16:00;19.03.2017 17:00;9,42
19.03.2017 17:00;19.03.2017 18:00;10,15
19.03.2017 18:00;19.03.2017 19:00;17,09
19.03.2017 19:00;19.03.2017 20:00;16,72
19.03.2017 20:00;19.03.2017 21:00;11,96
19.03.2017 21:00;19.03.2017 22:00;9,47
19.03.2017 22:00;19.03.2017 23:00;12,51
19.03.2017 23:00;20.03.2017 00:00;10,12
20.03.2017 00:00;20.03.2017 01:00;10,59
20.03.2017 01:00;20.03.2017 02:00;13,87
20.03.2017 02:00;20.03.2017 03:00;10,07
20.03.2017 03:00;20.03.2017 04:00;16,36
20.03.2017 04:00;20.03.2017 05:00;22,06
20.03.2017 05:00;20.03.2017 06:00;26,08
20.03.2017 06:00;20.03.2017 07:00;36,3
20.03.2017 07:00;20.03.2017 08:00;40,98
20.03.2017 08:00;20.03.2017 09:00;42,31
20.03.2017 09:00;20.03.2017 10:00;39,34
20.03.2017 10:00;20.03.2017 11:00;38,96
20.03.2017 11:00;20.03.2017 12:00;36,94
20.03.2017 12:00;20.03.2017 13:00;35,0
20.03.2017 13:00;20.03.2017 14:00;32,74
20.03.2017 14:00;20.03.2017 15:00;31,16
20.03.2017 15:00;20.03.2017 16:00;30,82
20.03.2017 16:00;20.03.2017 17:00;30,56
20.03.2017 17:00;20.03.2017 18:00;32,0
20.03.2017 18:00;20.03.2017 19:00;38,38
20.03.2017 19:00;20.03.2017 20:00;36,94
20.03.2017 20:00;20.03.2017 21:00;32,42
20.03.2017 21:00;20.03.2017 22:00;27,6
20.03.2017 22:00;20.03.2017 23:00;25,2
20.03.2017 23:00;21.03.2017 00:00;10,75
21.03.2017 00:00;21.03.2017 01:00;18,76
21.03.2017 01:00;21.03.2017 02:00;17,48
21.03.2017 02:00;21.03.2017 03:00;15,92
21.03.2017 03:00;21.03.2017 04:00;18,02
21.03.2017 04:00;21.03.2017 05:00;22,6
21.03.2017 05:00;21.03.2017 06:00;23,99
21.03.2017 06:00;21.03.2017 07:00;31,01
21.03.2017 07:00;21.03.2017 08:00;35,96
21.03.2017 08:00;21.03.2017 09:00;35,31
21.03.2017 09:00;21.03.2017 10:00;30,84
21.03.2017 10:00;21.03.2017 11:00;29,97
21.03.2017 11:00;21.03.2017 12:00;29,69
21.03.2017 12:00;21.03.2017 13:00;29,08
21.03.2017 13:00;21.03.2017 14:00;28,86
21.03.2017 14:00;21.03.2017 15:00;28,94
21.03.2017 15:00;21.03.2017 16:00;29,37
21.03.2017 16:00;21.03.2017 17:00;30,1
21.03.2017 17:00;21.03.2017 18:00;36,65
21.03.2017 18:00;21.03.2017 19:00;42,98
21.03.2017 19:00;21.03.2017 20:00;47,25
21.03.2017 20:00;21.03.2017 21:00;41,77
21.03.2017 21:00;21.03.2017 22:00;37,75
21.03.2017 22:00;21.03.2017 23:00;34,99
21.03.2017 23:00;22.03.2017 00:00;33,96
22.03.2017 00:00;22.03.2017 01:00;30,45
22.03.2017 01:00;22.03.2017 02:00;29,98
22.03.2017 02:00;22.03.2017 03:00;29,2
22.03.2017 03:00;22.03.2017 04:00;29,05
22.03.2017 04:00;22.03.2017 05:00;29,05
22.03.2017 05:00;22.03.2017 06:00;30,41
22.03.2017 06:00;22.03.2017 07:00;35,19
22.03.2017 07:00;22.03.2017 08:00;40,19
22.03.2017 08:00;22.03.2017 09:00;43,02
22.03.2017 09:00;22.03.2017 10:00;41,74
22.03.2017 10:00;22.03.2017 11:00;37,54
22.03.2017 11:00;22.03.2017 12:00;36,69
22.03.2017 12:00;22.03.2017 13:00;36,25
22.03.2017 13:00;22.03.2017 14:00;35,95
22.03.2017 14:00;22.03.2017 15:00;35,02
22.03.2017 15:00;22.03.2017 16:00;36,35
22.03.2017 16:00;22.03.2017 17:00;36,9
22.03.2017 17:00;22.03.2017 18:00;39,6
22.03.2017 18:00;22.03.2017 19:00;42,4
22.03.2017 19:00;22.03.2017 20:00;45,0
22.03.2017 20:00;22.03.2017 21:00;38,98
22.03.2017 21:00;22.03.2017 22:00;32,18
22.03.2017 22:00;22.03.2017 23:00;31,65
22.03.2017 23:00;23.03.2017 00:00;29,17
23.03.2017 00:00;23.03.2017 01:00;29,45
23.03.2017 01:00;23.03.2017 02:00;29,1
23.03.2017 02:00;23.03.2017 03:00;28,91
23.03.2017 03:00;23.03.2017 04:00;28,65
23.03.2017 04:00;23.03.2017 05:00;28,53
23.03.2017 05:00;23.03.2017 06:00;30,72
23.03.2017 06:00;23.03.2017 07:00;32,38
23.03.2017 07:00;23.03.2017 08:00;39,61
23.03.2017 08:00;23.03.2017 09:00;40,5
23.03.2017 09:00;23.03.2017 10:00;38,91
23.03.2017 10:00;23.03.2017 11:00;37,1
23.03.2017 11:00;23.03.2017 12:00;36,44
23.03.2017 12:00;23.03.2017 13:00;31,54
23.03.2017 13:00;23.03.2017 14:00;32,03
23.03.2017 14:00;23.03.2017 15:00;32,05
23.03.2017 15:00;23.03.2017 16:00;32,72
23.03.2017 16:00;23.03.2017 17:00;33,24
23.03.2017 17:00;23.03.2017 18:00;37,92
23.03.2017 18:00;23.03.2017 19:00;40,0
23.03.2017 19:00;23.03.2017 20:00;42,77
23.03.2017 20:00;23.03.2017 21:00;38,9
23.03.2017 21:00;23.03.2017 22:00;34,97
23.03.2017 22:00;23.03.2017 23:00;32,89
23.03.2017 23:00;24.03.2017 00:00;30,63
24.03.2017 00:00;24.03.2017 01:00;29,04
24.03.2017 01:00;24.03.2017 02:00;28,99
24.03.2017 02:00;24.03.2017 03:00;29,21
24.03.2017 03:00;24.03.2017 04:00;28,87
24.03.2017 04:00;24.03.2017 05:00;29,0
24.03.2017 05:00;24.03.2017 06:00;30,14
24.03.2017 06:00;24.03.2017 07:00;37,91
24.03.2017 07:00;24.03.2017 08:00;41,69
24.03.2017 08:00;24.03.2017 09:00;43,79
24.03.2017 09:00;24.03.2017 10:00;41,09
24.03.2017 10:00;24.03.2017 11:00;35,71
24.03.2017 11:00;24.03.2017 12:00;33,07
24.03.2017 12:00;24.03.2017 13:00;32,09
24.03.2017 13:00;24.03.2017 14:00;30,29
24.03.2017 14:00;24.03.2017 15:00;29,9
24.03.2017 15:00;24.03.2017 16:00;30,07
24.03.2017 16:00;24.03.2017 17:00;31,2
24.03.2017 17:00;24.03.2017 18:00;36,63
24.03.2017 18:00;24.03.2017 19:00;40,59
24.03.2017 19:00;24.03.2017 20:00;42,96
24.03.2017 20:00;24.03.2017 21:00;38,92
24.03.2017 21:00;24.03.2017 22:00;34,85
24.03.2017 22:00;24.03.2017 23:00;34,37
24.03.2017 23:00;25.03.2017 00:00;32,48
25.03.2017 00:00;25.03.2017 01:00;32,64
25.03.2017 01:00;25.03.2017 02:00;29,14
25.03.2017 02:00;25.03.2017 03:00;28,32
25.03.2017 03:00;25.03.2017 04:00;27,13
25.03.2017 04:00;25.03.2017 05:00;27,02
25.03.2017 05:00;25.03.2017 06:00;27,56
25.03.2017 06:00;25.03.2017 07:00;28,55
25.03.2017 07:00;25.03.2017 08:00;29,92
25.03.2017 08:00;25.03.2017 09:00;30,21
25.03.2017 09:00;25.03.2017 10:00;29,0
25.03.2017 10:00;25.03.2017 11:00;28,19
25.03.2017 11:00;25.03.2017 12:00;25,39
25.03.2017 12:00;25.03.2017 13:00;22,91
25.03.2017 13:00;25.03.2017 14:00;21,09
25.03.2017 14:00;25.03.2017 15:00;15,97
25.03.2017 15:00;25.03.2017 16:00;20,07
25.03.2017 16:00;25.03.2017 17:00;23,47
25.03.2017 17:00;25.03.2017 18:00;28,04
25.03.2017 18:00;25.03.2017 19:00;33,85
25.03.2017 19:00;25.03.2017 20:00;39,17
25.03.2017 20:00;25.03.2017 21:00;37,6
25.03.2017 21:00;25.03.2017 22:00;33,31
25.03.2017 22:00;25.03.2017 23:00;32,94
25.03.2017 23:00;26.03.2017 00:00;29,0
26.03.2017 00:00;26.03.2017 01:00;28,74
26.03.2017 01:00;25.03.2017 02:00;27,94
26.03.2017 03:00;26.03.2017 04:00;26,97
26.03.2017 04:00;26.03.2017 05:00;26,62
26.03.2017 05:00;26.03.2017 06:00;24,65
26.03.2017 06:00;26.03.2017 07:00;26,87
26.03.2017 07:00;26.03.2017 08:00;27,67
26.03.2017 08:00;26.03.2017 09:00;28,24
26.03.2017 09:00;26.03.2017 10:00;28,58
26.03.2017 10:00;26.03.2017 11:00;26,06
26.03.2017 11:00;26.03.2017 12:00;24,93
26.03.2017 12:00;26.03.2017 13:00;25,82
26.03.2017 13:00;26.03.2017 14:00;22,06
26.03.2017 14:00;26.03.2017 15:00;18,46
26.03.2017 15:00;26.03.2017 16:00;16,97
26.03.2017 16:00;26.03.2017 17:00;17,65
26.03.2017 17:00;26.03.2017 18:00;22,22
26.03.2017 18:00;26.03.2017 19:00;30,31
26.03.2017 19:00;26.03.2017 20:00;35,82
26.03.2017 20:00;26.03.2017 21:00;40,07
26.03.2017 21:00;26.03.2017 22:00;39,64
26.03.2017 22:00;26.03.2017 23:00;38,79
26.03.2017 23:00;27.03.2017 00:00;38,06
27.03.2017 00:00;27.03.2017 01:00;28,25
27.03.2017 01:00;27.03.2017 02:00;28,27
27.03.2017 02:00;27.03.2017 03:00;28,3
27.03.2017 03:00;27.03.2017 04:00;26,88
27.03.2017 04:00;27.03.2017 05:00;27,06
27.03.2017 05:00;27.03.2017 06:00;30,1
27.03.2017 06:00;27.03.2017 07:00;39,31
27.03.2017 07:00;27.03.2017 08:00;48,0
27.03.2017 08:00;27.03.2017 09:00;48,16
27.03.2017 09:00;27.03.2017 10:00;40,91
27.03.2017 10:00;27.03.2017 11:00;36,56
27.03.2017 11:00;27.03.2017 12:00;33,24
27.03.2017 12:00;27.03.2017 13:00;30,48
27.03.2017 13:00;27.03.2017 14:00;29,67
27.03.2017 14:00;27.03.2017 15:00;29,11
27.03.2017 15:00;27.03.2017 16:00;28,92
27.03.2017 16:00;27.03.2017 17:00;29,9
27.03.2017 17:00;27.03.2017 18:00;32,35
27.03.2017 18:00;27.03.2017 19:00;40,0
27.03.2017 19:00;27.03.2017 20:00;46,99
27.03.2017 20:00;27.03.2017 21:00;46,27
27.03.2017 21:00;27.03.2017 22:00;39,98
27.03.2017 22:00;27.03.2017 23:00;37,94
27.03.2017 23:00;28.03.2017 00:00;32,4
28.03.2017 00:00;28.03.2017 01:00;28,71
28.03.2017 01:00;28.03.2017 02:00;28,07
28.03.2017 02:00;28.03.2017 03:00;27,43
28.03.2017 03:00;28.03.2017 04:00;27,24
28.03.2017 04:00;28.03.2017 05:00;27,72
28.03.2017 05:00;28.03.2017 06:00;29,06
28.03.2017 06:00;28.03.2017 07:00;38,91
28.03.2017 07:00;28.03.2017 08:00;46,13
28.03.2017 08:00;28.03.2017 09:00;50,0
28.03.2017 09:00;28.03.2017 10:00;43,03
28.03.2017 10:00;28.03.2017 11:00;39,94
28.03.2017 11:00;28.03.2017 12:00;37,4
28.03.2017 12:00;28.03.2017 13:00;32,29
28.03.2017 13:00;28.03.2017 14:00;30,71
28.03.2017 14:00;28.03.2017 15:00;29,98
28.03.2017 15:00;28.03.2017 16:00;30,0
28.03.2017 16:00;28.03.2017 17:00;30,05
28.03.2017 17:00;28.03.2017 18:00;32,16
28.03.2017 18:00;28.03.2017 19:00;37,46
28.03.2017 19:00;28.03.2017 20:00;41,41
28.03.2017 20:00;28.03.2017 21:00;41,01
28.03.2017 21:00;28.03.2017 22:00;36,4
28.03.2017 22:00;28.03.2017 23:00;33,56
28.03.2017 23:00;29.03.2017 00:00;28,9
29.03.2017 00:00;29.03.2017 01:00;28,06
29.03.2017 01:00;29.03.2017 02:00;26,71
29.03.2017 02:00;29.03.2017 03:00;26,68
29.03.2017 03:00;29.03.2017 04:00;26,07
29.03.2017 04:00;29.03.2017 05:00;26,09
29.03.2017 05:00;29.03.2017 06:00;26,95
29.03.2017 06:00;29.03.2017 07:00;34,16
29.03.2017 07:00;29.03.2017 08:00;39,56
29.03.2017 08:00;29.03.2017 09:00;39,78
29.03.2017 09:00;29.03.2017 10:00;30,88
29.03.2017 10:00;29.03.2017 11:00;27,66
29.03.2017 11:00;29.03.2017 12:00;26,55
29.03.2017 12:00;29.03.2017 13:00;27,25
29.03.2017 13:00;29.03.2017 14:00;26,05
29.03.2017 14:00;29.03.2017 15:00;26,09
29.03.2017 15:00;29.03.2017 16:00;28,05
29.03.2017 16:00;29.03.2017 17:00;30,65
29.03.2017 17:00;29.03.2017 18:00;31,23
29.03.2017 18:00;29.03.2017 19:00;35,19
29.03.2017 19:00;29.03.2017 20:00;40,47
29.03.2017 20:00;29.03.2017 21:00;41,81
29.03.2017 21:00;29.03.2017 22:00;37,66
29.03.2017 22:00;29.03.2017 23:00;35,07
29.03.2017 23:00;30.03.2017 00:00;30,72
30.03.2017 00:00;30.03.2017 01:00;28,73
30.03.2017 01:00;30.03.2017 02:00;28,02
30.03.2017 02:00;30.03.2017 03:00;27,3
30.03.2017 03:00;30.03.2017 04:00;26,38
30.03.2017 04:00;30.03.2017 05:00;26,78
30.03.2017 05:00;30.03.2017 06:00;28,53
30.03.2017 06:00;30.03.2017 07:00;36,0
30.03.2017 07:00;30.03.2017 08:00;43,06
30.03.2017 08:00;30.03.2017 09:00;46,01
30.03.2017 09:00;30.03.2017 10:00;42,86
30.03.2017 10:00;30.03.2017 11:00;39,93
30.03.2017 11:00;30.03.2017 12:00;38,42
30.03.2017 12:00;30.03.2017 13:00;33,01
30.03.2017 13:00;30.03.2017 14:00;30,98
30.03.2017 14:00;30.03.2017 15:00;29,58
30.03.2017 15:00;30.03.2017 16:00;29,07
30.03.2017 16:00;30.03.2017 17:00;28,93
30.03.2017 17:00;30.03.2017 18:00;30,43
30.03.2017 18:00;30.03.2017 19:00;35,93
30.03.2017 19:00;30.03.2017 20:00;40,46
30.03.2017 20:00;30.03.2017 21:00;40,07
30.03.2017 21:00;30.03.2017 22:00;35,0
30.03.2017 22:00;30.03.2017 23:00;32,47
30.03.2017 23:00;31.03.2017 00:00;28,94
31.03.2017 00:00;31.03.2017 01:00;26,91
31.03.2017 01:00;31.03.2017 02:00;24,77
31.03.2017 02:00;31.03.2017 03:00;24,45
31.03.2017 03:00;31.03.2017 04:00;23,05
31.03.2017 04:00;31.03.2017 05:00;23,45
31.03.2017 05:00;31.03.2017 06:00;27,24
31.03.2017 06:00;31.03.2017 07:00;33,09
31.03.2017 07:00;31.03.2017 08:00;37,95
31.03.2017 08:00;31.03.2017 09:00;38,99
31.03.2017 09:00;31.03.2017 10:00;37,97
31.03.2017 10:00;31.03.2017 11:00;35,93
31.03.2017 11:00;31.03.2017 12:00;33,32
31.03.2017 12:00;31.03.2017 13:00;30,02
31.03.2017 13:00;31.03.2017 14:00;28,09
31.03.2017 14:00;31.03.2017 15:00;27,63
31.03.2017 15:00;31.03.2017 16:00;28,29
31.03.2017 16:00;31.03.2017 17:00;28,36
31.03.2017 17:00;31.03.2017 18:00;30,43
31.03.2017 18:00;31.03.2017 19:00;34,67
31.03.2017 19:00;31.03.2017 20:00;38,98
31.03.2017 20:00;31.03.2017 21:00;39,96
31.03.2017 21:00;31.03.2017 22:00;37,91
31.03.2017 22:00;31.03.2017 23:00;35,95
31.03.2017 23:00;01.04.2017 00:00;32,02
01.04.2017 00:00;01.04.2017 01:00;27,08
01.04.2017 01:00;01.04.2017 02:00;28,07
01.04.2017 02:00;01.04.2017 03:00;28,08
01.04.2017 03:00;01.04.2017 04:00;26,9
01.04.2017 04:00;01.04.2017 05:00;27,0
01.04.2017 05:00;01.04.2017 06:00;27,98
01.04.2017 06:00;01.04.2017 07:00;29,87
01.04.2017 07:00;01.04.2017 08:00;32,09
01.04.2017 08:00;01.04.2017 09:00;34,42
01.04.2017 09:00;01.04.2017 10:00;35,1
01.04.2017 10:00;01.04.2017 11:00;28,9
01.04.2017 11:00;01.04.2017 12:00;27,09
01.04.2017 12:00;01.04.2017 13:00;25,99
01.04.2017 13:00;01.04.2017 14:00;26,07
01.04.2017 14:00;01.04.2017 15:00;25,29
01.04.2017 15:00;01.04.2017 16:00;24,81
01.04.2017 16:00;01.04.2017 17:00;25,65
01.04.2017 17:00;01.04.2017 18:00;27,99
01.04.2017 18:00;01.04.2017 19:00;33,66
01.04.2017 19:00;01.04.2017 20:00;38,7
01.04.2017 20:00;01.04.2017 21:00;39,6
01.04.2017 21:00;01.04.2017 22:00;38,98
01.04.2017 22:00;01.04.2017 23:00;37,96
01.04.2017 23:00;02.04.2017 00:00;31,86
02.04.2017 00:00;02.04.2017 01:00;32,92
02.04.2017 01:00;02.04.2017 02:00;27,5
02.04.2017 02:00;02.04.2017 03:00;26,77
02.04.2017 03:00;02.04.2017 04:00;26,67
02.04.2017 04:00;02.04.2017 05:00;26,49
02.04.2017 05:00;02.04.2017 06:00;26,42
02.04.2017 06:00;02.04.2017 07:00;26,65
02.04.2017 07:00;02.04.2017 08:00;27,14
02.04.2017 08:00;02.04.2017 09:00;29,06
02.04.2017 09:00;02.04.2017 10:00;29,56
02.04.2017 10:00;02.04.2017 11:00;28,54
02.04.2017 11:00;02.04.2017 12:00;28,2
02.04.2017 12:00;02.04.2017 13:00;27,22
02.04.2017 13:00;02.04.2017 14:00;26,02
02.04.2017 14:00;02.04.2017 15:00;21,05
02.04.2017 15:00;02.04.2017 16:00;20,57
02.04.2017 16:00;02.04.2017 17:00;23,31
02.04.2017 17:00;02.04.2017 18:00;26,0
02.04.2017 18:00;02.04.2017 19:00;29,6
02.04.2017 19:00;02.04.2017 20:00;39,1
02.04.2017 20:00;02.04.2017 21:00;42,22
02.04.2017 21:00;02.04.2017 22:00;39,92
02.04.2017 22:00;02.04.2017 23:00;40,51
02.04.2017 23:00;03.04.2017 00:00;37,78
03.04.2017 00:00;03.04.2017 01:00;34,38
03.04.2017 01:00;03.04.2017 02:00;31,95
03.04.2017 02:00;03.04.2017 03:00;29,88
03.04.2017 03:00;03.04.2017 04:00;28,75
03.04.2017 04:00;03.04.2017 05:00;28,44
03.04.2017 05:00;03.04.2017 06:00;31,64
03.04.2017 06:00;03.04.2017 07:00;41,77
03.04.2017 07:00;03.04.2017 08:00;49,28
03.04.2017 08:00;03.04.2017 09:00;54,02
03.04.2017 09:00;03.04.2017 10:00;50,0
03.04.2017 10:00;03.04.2017 11:00;48,43
03.04.2017 11:00;03.04.2017 12:00;44,95
03.04.2017 12:00;03.04.2017 13:00;38,93
03.04.2017 13:00;03.04.2017 14:00;36,68
03.04.2017 14:00;03.04.2017 15:00;32,94
03.04.2017 15:00;03.04.2017 16:00;30,91
03.04.2017 16:00;03.04.2017 17:00;31,72
03.04.2017 17:00;03.04.2017 18:00;32,19
03.04.2017 18:00;03.04.2017 19:00;37,46
03.04.2017 19:00;03.04.2017 20:00;41,78
03.04.2017 20:00;03.04.2017 21:00;43,59
03.04.2017 21:00;03.04.2017 22:00;38,97
03.04.2017 22:00;03.04.2017 23:00;35,18
03.04.2017 23:00;04.04.2017 00:00;31,08
04.04.2017 00:00;04.04.2017 01:00;31,57
04.04.2017 01:00;04.04.2017 02:00;30,13
04.04.2017 02:00;04.04.2017 03:00;29,29
04.04.2017 03:00;04.04.2017 04:00;29,47
04.04.2017 04:00;04.04.2017 05:00;29,8
04.04.2017 05:00;04.04.2017 06:00;31,83
04.04.2017 06:00;04.04.2017 07:00;41,17
04.04.2017 07:00;04.04.2017 08:00;51,01
04.04.2017 08:00;04.04.2017 09:00;52,39
04.04.2017 09:00;04.04.2017 10:00;50,94
04.04.2017 10:00;04.04.2017 11:00;43,3
04.04.2017 11:00;04.04.2017 12:00;42,33
04.04.2017 12:00;04.04.2017 13:00;39,16
04.04.2017 13:00;04.04.2017 14:00;37,72
04.04.2017 14:00;04.04.2017 15:00;34,6
04.04.2017 15:00;04.04.2017 16:00;34,45
04.04.2017 16:00;04.04.2017 17:00;34,45
04.04.2017 17:00;04.04.2017 18:00;37,49
04.04.2017 18:00;04.04.2017 19:00;41,59
04.04.2017 19:00;04.04.2017 20:00;45,26
04.04.2017 20:00;04.04.2017 21:00;47,57
04.04.2017 21:00;04.04.2017 22:00;40,07
04.04.2017 22:00;04.04.2017 23:00;38,91
04.04.2017 23:00;05.04.2017 00:00;33,04
05.04.2017 00:00;05.04.2017 01:00;30,0
05.04.2017 01:00;05.04.2017 02:00;29,64
05.04.2017 02:00;05.04.2017 03:00;28,39
05.04.2017 03:00;05.04.2017 04:00;27,94
05.04.2017 04:00;05.04.2017 05:00;27,49
05.04.2017 05:00;05.04.2017 06:00;29,65
05.04.2017 06:00;05.04.2017 07:00;37,1
05.04.2017 07:00;05.04.2017 08:00;44,2
05.04.2017 08:00;05.04.2017 09:00;48,1
05.04.2017 09:00;05.04.2017 10:00;44,03
05.04.2017 10:00;05.04.2017 11:00;39,02
05.04.2017 11:00;05.04.2017 12:00;36,98
05.04.2017 12:00;05.04.2017 13:00;34,03
05.04.2017 13:00;05.04.2017 14:00;32,89
05.04.2017 14:00;05.04.2017 15:00;30,06
05.04.2017 15:00;05.04.2017 16:00;29,53
05.04.2017 16:00;05.04.2017 17:00;30,01
05.04.2017 17:00;05.04.2017 18:00;30,06
05.04.2017 18:00;05.04.2017 19:00;29,9
05.04.2017 19:00;05.04.2017 20:00;32,69
05.04.2017 20:00;05.04.2017 21:00;35,0
05.04.2017 21:00;05.04.2017 22:00;29,93
05.04.2017 22:00;05.04.2017 23:00;27,87
05.04.2017 23:00;06.04.2017 00:00;20,0
06.04.2017 00:00;06.04.2017 01:00;12,48
06.04.2017 01:00;06.04.2017 02:00;9,87
06.04.2017 02:00;06.04.2017 03:00;9,04
06.04.2017 03:00;06.04.2017 04:00;14,9
06.04.2017 04:00;06.04.2017 05:00;22,0
06.04.2017 05:00;06.04.2017 06:00;24,55
06.04.2017 06:00;06.04.2017 07:00;35,96
06.04.2017 07:00;06.04.2017 08:00;40,97
06.04.2017 08:00;06.04.2017 09:00;40,81
06.04.2017 09:00;06.04.2017 10:00;38,26
06.04.2017 10:00;06.04.2017 11:00;37,59
06.04.2017 11:00;06.04.2017 12:00;35,46
06.04.2017 12:00;06.04.2017 13:00;31,07
06.04.2017 13:00;06.04.2017 14:00;30,08
06.04.2017 14:00;06.04.2017 15:00;28,33
06.04.2017 15:00;06.04.2017 16:00;28,19
06.04.2017 16:00;06.04.2017 17:00;28,08
06.04.2017 17:00;06.04.2017 18:00;32,12
06.04.2017 18:00;06.04.2017 19:00;38,05
06.04.2017 19:00;06.04.2017 20:00;40,98
06.04.2017 20:00;06.04.2017 21:00;40,87
06.04.2017 21:00;06.04.2017 22:00;38,04
06.04.2017 22:00;06.04.2017 23:00;34,27
06.04.2017 23:00;07.04.2017 00:00;27,79
07.04.2017 00:00;07.04.2017 01:00;24,99
07.04.2017 01:00;07.04.2017 02:00;23,02
07.04.2017 02:00;07.04.2017 03:00;18,31
07.04.2017 03:00;07.04.2017 04:00;19,17
07.04.2017 04:00;07.04.2017 05:00;20,87
07.04.2017 05:00;07.04.2017 06:00;27,07
07.04.2017 06:00;07.04.2017 07:00;32,05
07.04.2017 07:00;07.04.2017 08:00;39,97
07.04.2017 08:00;07.04.2017 09:00;41,57
07.04.2017 09:00;07.04.2017 10:00;40,94
07.04.2017 10:00;07.04.2017 11:00;39,98
07.04.2017 11:00;07.04.2017 12:00;40,02
07.04.2017 12:00;07.04.2017 13:00;38,14
07.04.2017 13:00;07.04.2017 14:00;35,29
07.04.2017 14:00;07.04.2017 15:00;32,67
07.04.2017 15:00;07.04.2017 16:00;32,97
07.04.2017 16:00;07.04.2017 17:00;32,98
07.04.2017 17:00;07.04.2017 18:00;36,09
07.04.2017 18:00;07.04.2017 19:00;39,12
07.04.2017 19:00;07.04.2017 20:00;39,91
07.04.2017 20:00;07.04.2017 21:00;39,96
07.04.2017 21:00;07.04.2017 22:00;39,31
07.04.2017 22:00;07.04.2017 23:00;39,61
07.04.2017 23:00;08.04.2017 00:00;37,93
08.04.2017 00:00;08.04.2017 01:00;32,71
08.04.2017 01:00;08.04.2017 02:00;32,28
08.04.2017 02:00;08.04.2017 03:00;32,81
08.04.2017 03:00;08.04.2017 04:00;31,5
08.04.2017 04:00;08.04.2017 05:00;30,44
08.04.2017 05:00;08.04.2017 06:00;31,7
08.04.2017 06:00;08.04.2017 07:00;34,72
08.04.2017 07:00;08.04.2017 08:00;37,91
08.04.2017 08:00;08.04.2017 09:00;39,43
08.04.2017 09:00;08.04.2017 10:00;38,99
08.04.2017 10:00;08.04.2017 11:00;36,5
08.04.2017 11:00;08.04.2017 12:00;34,94
08.04.2017 12:00;08.04.2017 13:00;30,66
08.04.2017 13:00;08.04.2017 14:00;29,5
08.04.2017 14:00;08.04.2017 15:00;27,81
08.04.2017 15:00;08.04.2017 16:00;27,53
08.04.2017 16:00;08.04.2017 17:00;28,28
08.04.2017 17:00;08.04.2017 18:00;30,02
08.04.2017 18:00;08.04.2017 19:00;35,85
08.04.2017 19:00;08.04.2017 20:00;39,3
08.04.2017 20:00;08.04.2017 21:00;41,88
08.04.2017 21:00;08.04.2017 22:00;41,58
08.04.2017 22:00;08.04.2017 23:00;42,07
08.04.2017 23:00;09.04.2017 00:00;39,02
09.04.2017 00:00;09.04.2017 01:00;33,98
09.04.2017 01:00;09.04.2017 02:00;31,06
09.04.2017 02:00;09.04.2017 03:00;31,04
09.04.2017 03:00;09.04.2017 04:00;27,54
09.04.2017 04:00;09.04.2017 05:00;28,46
09.04.2017 05:00;09.04.2017 06:00;27,79
09.04.2017 06:00;09.04.2017 07:00;28,48
09.04.2017 07:00;09.04.2017 08:00;30,52
09.04.2017 08:00;09.04.2017 09:00;30,63
09.04.2017 09:00;09.04.2017 10:00;29,44
09.04.2017 10:00;09.04.2017 11:00;27,78
09.04.2017 11:00;09.04.2017 12:00;26,4
09.04.2017 12:00;09.04.2017 13:00;24,04
09.04.2017 13:00;09.04.2017 14:00;20,79
09.04.2017 14:00;09.04.2017 15:00;12,98
09.04.2017 15:00;09.04.2017 16:00;15,0
09.04.2017 16:00;09.04.2017 17:00;20,07
09.04.2017 17:00;09.04.2017 18:00;24,44
09.04.2017 18:00;09.04.2017 19:00;32,4
09.04.2017 19:00;09.04.2017 20:00;38,24
09.04.2017 20:00;09.04.2017 21:00;39,53
09.04.2017 21:00;09.04.2017 22:00;37,57
09.04.2017 22:00;09.04.2017 23:00;35,2
09.04.2017 23:00;10.04.2017 00:00;24,08
10.04.2017 00:00;10.04.2017 01:00;26,03
10.04.2017 01:00;10.04.2017 02:00;23,02
10.04.2017 02:00;10.04.2017 03:00;20,36
10.04.2017 03:00;10.04.2017 04:00;12,26
10.04.2017 04:00;10.04.2017 05:00;19,95
10.04.2017 05:00;10.04.2017 06:00;26,08
10.04.2017 06:00;10.04.2017 07:00;38,93
10.04.2017 07:00;10.04.2017 08:00;38,93
10.04.2017 08:00;10.04.2017 09:00;38,09
10.04.2017 09:00;10.04.2017 10:00;35,25
10.04.2017 10:00;10.04.2017 11:00;30,89
10.04.2017 11:00;10.04.2017 12:00;27,57
10.04.2017 12:00;10.04.2017 13:00;24,01
10.04.2017 13:00;10.04.2017 14:00;17,91
10.04.2017 14:00;10.04.2017 15:00;9,37
10.04.2017 15:00;10.04.2017 16:00;17,92
10.04.2017 16:00;10.04.2017 17:00;21,63
10.04.2017 17:00;10.04.2017 18:00;26,2
10.04.2017 18:00;10.04.2017 19:00;32,26
10.04.2017 19:00;10.04.2017 20:00;38,32
10.04.2017 20:00;10.04.2017 21:00;38,74
10.04.2017 21:00;10.04.2017 22:00;37,95
10.04.2017 22:00;10.04.2017 23:00;31,29
10.04.2017 23:00;11.04.2017 00:00;24,02
11.04.2017 00:00;11.04.2017 01:00;24,83
11.04.2017 01:00;11.04.2017 02:00;23,52
11.04.2017 02:00;11.04.2017 03:00;23,55
11.04.2017 03:00;11.04.2017 04:00;23,53
11.04.2017 04:00;11.04.2017 05:00;25,63
11.04.2017 05:00;11.04.2017 06:00;28,12
11.04.2017 06:00;11.04.2017 07:00;37,91
11.04.2017 07:00;11.04.2017 08:00;41,52
11.04.2017 08:00;11.04.2017 09:00;43,5
11.04.2017 09:00;11.04.2017 10:00;40,93
11.04.2017 10:00;11.04.2017 11:00;37,45
11.04.2017 11:00;11.04.2017 12:00;34,16
11.04.2017 12:00;11.04.2017 13:00;31,0
11.04.2017 13:00;11.04.2017 14:00;29,66
11.04.2017 14:00;11.04.2017 15:00;29,98
11.04.2017 15:00;11.04.2017 16:00;31,9
11.04.2017 16:00;11.04.2017 17:00;31,83
11.04.2017 17:00;11.04.2017 18:00;35,3
11.04.2017 18:00;11.04.2017 19:00;37,95
11.04.2017 19:00;11.04.2017 20:00;43,1
11.04.2017 20:00;11.04.2017 21:00;43,27
11.04.2017 21:00;11.04.2017 22:00;38,38
11.04.2017 22:00;11.04.2017 23:00;37,08
11.04.2017 23:00;12.04.2017 00:00;30,17
12.04.2017 00:00;12.04.2017 01:00;25,99
12.04.2017 01:00;12.04.2017 02:00;24,42
12.04.2017 02:00;12.04.2017 03:00;23,02
12.04.2017 03:00;12.04.2017 04:00;20,5
12.04.2017 04:00;12.04.2017 05:00;23,01
12.04.2017 05:00;12.04.2017 06:00;23,09
12.04.2017 06:00;12.04.2017 07:00;31,02
12.04.2017 07:00;12.04.2017 08:00;36,44
12.04.2017 08:00;12.04.2017 09:00;37,95
12.04.2017 09:00;12.04.2017 10:00;34,02
12.04.2017 10:00;12.04.2017 11:00;29,29
12.04.2017 11:00;12.04.2017 12:00;27,35
12.04.2017 12:00;12.04.2017 13:00;23,65
12.04.2017 13:00;12.04.2017 14:00;23,06
12.04.2017 14:00;12.04.2017 15:00;23,4
12.04.2017 15:00;12.04.2017 16:00;23,05
12.04.2017 16:00;12.04.2017 17:00;26,06
12.04.2017 17:00;12.04.2017 18:00;27,56
12.04.2017 18:00;12.04.2017 19:00;31,34
12.04.2017 19:00;12.04.2017 20:00;33,78
12.04.2017 20:00;12.04.2017 21:00;34,11
12.04.2017 21:00;12.04.2017 22:00;31,95
12.04.2017 22:00;12.04.2017 23:00;27,32
12.04.2017 23:00;13.04.2017 00:00;23,05
13.04.2017 00:00;13.04.2017 01:00;18,01
13.04.2017 01:00;13.04.2017 02:00;16,01
13.04.2017 02:00;13.04.2017 03:00;17,95
13.04.2017 03:00;13.04.2017 04:00;19,8
13.04.2017 04:00;13.04.2017 05:00;20,02
13.04.2017 05:00;13.04.2017 06:00;26,76
13.04.2017 06:00;13.04.2017 07:00;31,95
13.04.2017 07:00;13.04.2017 08:00;35,95
13.04.2017 08:00;13.04.2017 09:00;35,99
13.04.2017 09:00;13.04.2017 10:00;33,48
13.04.2017 10:00;13.04.2017 11:00;31,06
13.04.2017 11:00;13.04.2017 12:00;28,96
13.04.2017 12:00;13.04.2017 13:00;27,01
13.04.2017 13:00;13.04.2017 14:00;24,45
13.04.2017 14:00;13.04.2017 15:00;24,02
13.04.2017 15:00;13.04.2017 16:00;26,57
13.04.2017 16:00;13.04.2017 17:00;27,59
13.04.2017 17:00;13.04.2017 18:00;30,03
13.04.2017 18:00;13.04.2017 19:00;35,93
13.04.2017 19:00;13.04.2017 20:00;40,0
13.04.2017 20:00;13.04.2017 21:00;42,24
13.04.2017 21:00;13.04.2017 22:00;38,91
13.04.2017 22:00;13.04.2017 23:00;36,82
13.04.2017 23:00;14.04.2017 00:00;32,97
14.04.2017 00:00;14.04.2017 01:00;30,66
14.04.2017 01:00;14.04.2017 02:00;26,78
14.04.2017 02:00;14.04.2017 03:00;26,96
14.04.2017 03:00;14.04.2017 04:00;26,87
14.04.2017 04:00;14.04.2017 05:00;26,69
14.04.2017 05:00;14.04.2017 06:00;26,76
14.04.2017 06:00;14.04.2017 07:00;26,93
14.04.2017 07:00;14.04.2017 08:00;27,7
14.04.2017 08:00;14.04.2017 09:00;28,73
14.04.2017 09:00;14.04.2017 10:00;28,23
14.04.2017 10:00;14.04.2017 11:00;27,82
14.04.2017 11:00;14.04.2017 12:00;27,88
14.04.2017 12:00;14.04.2017 13:00;25,95
14.04.2017 13:00;14.04.2017 14:00;27,69
14.04.2017 14:00;14.04.2017 15:00;27,65
14.04.2017 15:00;14.04.2017 16:00;27,79
14.04.2017 16:00;14.04.2017 17:00;28,34
14.04.2017 17:00;14.04.2017 18:00;30,66
14.04.2017 18:00;14.04.2017 19:00;36,9
14.04.2017 19:00;14.04.2017 20:00;38,74
14.04.2017 20:00;14.04.2017 21:00;38,37
14.04.2017 21:00;14.04.2017 22:00;38,55
14.04.2017 22:00;14.04.2017 23:00;37,45
14.04.2017 23:00;15.04.2017 00:00;36,95
15.04.2017 00:00;15.04.2017 01:00;33,88
15.04.2017 01:00;15.04.2017 02:00;30,51
15.04.2017 02:00;15.04.2017 03:00;28,82
15.04.2017 03:00;15.04.2017 04:00;25,98
15.04.2017 04:00;15.04.2017 05:00;20,04
15.04.2017 05:00;15.04.2017 06:00;19,1
15.04.2017 06:00;15.04.2017 07:00;17,67
15.04.2017 07:00;15.04.2017 08:00;17,97
15.04.2017 08:00;15.04.2017 09:00;20,1
15.04.2017 09:00;15.04.2017 10:00;19,08
15.04.2017 10:00;15.04.2017 11:00;13,94
15.04.2017 11:00;15.04.2017 12:00;9,43
15.04.2017 12:00;15.04.2017 13:00;13,36
15.04.2017 13:00;15.04.2017 14:00;7,56
15.04.2017 14:00;15.04.2017 15:00;0,25
15.04.2017 15:00;15.04.2017 16:00;-1,08
15.04.2017 16:00;15.04.2017 17:00;-3,23
15.04.2017 17:00;15.04.2017 18:00;7,68
15.04.2017 18:00;15.04.2017 19:00;10,03
15.04.2017 19:00;15.04.2017 20:00;14,03
15.04.2017 20:00;15.04.2017 21:00;13,03
15.04.2017 21:00;15.04.2017 22:00;12,04
15.04.2017 22:00;15.04.2017 23:00;11,07
15.04.2017 23:00;16.04.2017 00:00;9,23
16.04.2017 00:00;16.04.2017 01:00;3,94
16.04.2017 01:00;16.04.2017 02:00;7,55
16.04.2017 02:00;16.04.2017 03:00;5,14
16.04.2017 03:00;16.04.2017 04:00;1,91
16.04.2017 04:00;16.04.2017 05:00;7,55
16.04.2017 05:00;16.04.2017 06:00;14,03
16.04.2017 06:00;16.04.2017 07:00;9,2
16.04.2017 07:00;16.04.2017 08:00;14,07
16.04.2017 08:00;16.04.2017 09:00;15,96
16.04.2017 09:00;16.04.2017 10:00;19,01
16.04.2017 10:00;16.04.2017 11:00;19,01
16.04.2017 11:00;16.04.2017 12:00;28,74
16.04.2017 12:00;16.04.2017 13:00;24,03
16.04.2017 13:00;16.04.2017 14:00;15,03
16.04.2017 14:00;16.04.2017 15:00;16,0
16.04.2017 15:00;16.04.2017 16:00;15,31
16.04.2017 16:00;16.04.2017 17:00;15,06
16.04.2017 17:00;16.04.2017 18:00;23,03
16.04.2017 18:00;16.04.2017 19:00;31,07
16.04.2017 19:00;16.04.2017 20:00;31,07
16.04.2017 20:00;16.04.2017 21:00;33,95
16.04.2017 21:00;16.04.2017 22:00;32,55
16.04.2017 22:00;16.04.2017 23:00;31,91
16.04.2017 23:00;17.04.2017 00:00;30,46
17.04.2017 00:00;17.04.2017 01:00;28,5
17.04.2017 01:00;17.04.2017 02:00;24,01
17.04.2017 02:00;17.04.2017 03:00;22,07
17.04.2017 03:00;17.04.2017 04:00;21,08
17.04.2017 04:00;17.04.2017 05:00;22,0
17.04.2017 05:00;17.04.2017 06:00;27,95
17.04.2017 06:00;17.04.2017 07:00;28,21
17.04.2017 07:00;17.04.2017 08:00;27,44
17.04.2017 08:00;17.04.2017 09:00;29,9
17.04.2017 09:00;17.04.2017 10:00;30,17
17.04.2017 10:00;17.04.2017 11:00;29,6
17.04.2017 11:00;17.04.2017 12:00;29,0
17.04.2017 12:00;17.04.2017 13:00;25,01
17.04.2017 13:00;17.04.2017 14:00;19,57
17.04.2017 14:00;17.04.2017 15:00;15,93
17.04.2017 15:00;17.04.2017 16:00;9,28
17.04.2017 16:00;17.04.2017 17:00;9,36
17.04.2017 17:00;17.04.2017 18:00;17,8
17.04.2017 18:00;17.04.2017 19:00;25,36
17.04.2017 19:00;17.04.2017 20:00;32,15
17.04.2017 20:00;17.04.2017 21:00;33,91
17.04.2017 21:00;17.04.2017 22:00;33,95
17.04.2017 22:00;17.04.2017 23:00;33,93
17.04.2017 23:00;18.04.2017 00:00;30,95
18.04.2017 00:00;18.04.2017 01:00;29,54
18.04.2017 01:00;18.04.2017 02:00;28,36
18.04.2017 02:00;18.04.2017 03:00;27,77
18.04.2017 03:00;18.04.2017 04:00;27,26
18.04.2017 04:00;18.04.2017 05:00;26,97
18.04.2017 05:00;18.04.2017 06:00;30,91
18.04.2017 06:00;18.04.2017 07:00;39,94
18.04.2017 07:00;18.04.2017 08:00;43,35
18.04.2017 08:00;18.04.2017 09:00;45,39
18.04.2017 09:00;18.04.2017 10:00;41,05
18.04.2017 10:00;18.04.2017 11:00;39,88
18.04.2017 11:00;18.04.2017 12:00;37,97
18.04.2017 12:00;18.04.2017 13:00;35,9
18.04.2017 13:00;18.04.2017 14:00;33,83
18.04.2017 14:00;18.04.2017 15:00;31,04
18.04.2017 15:00;18.04.2017 16:00;30,43
18.04.2017 16:00;18.04.2017 17:00;30,1
18.04.2017 17:00;18.04.2017 18:00;30,85
18.04.2017 18:00;18.04.2017 19:00;33,92
18.04.2017 19:00;18.04.2017 20:00;37,95
18.04.2017 20:00;18.04.2017 21:00;38,0
18.04.2017 21:00;18.04.2017 22:00;37,71
18.04.2017 22:00;18.04.2017 23:00;34,08
18.04.2017 23:00;19.04.2017 00:00;31,07
19.04.2017 00:00;19.04.2017 01:00;30,35
19.04.2017 01:00;19.04.2017 02:00;30,02
19.04.2017 02:00;19.04.2017 03:00;29,94
19.04.2017 03:00;19.04.2017 04:00;30,25
19.04.2017 04:00;19.04.2017 05:00;30,83
19.04.2017 05:00;19.04.2017 06:00;31,81
19.04.2017 06:00;19.04.2017 07:00;38,9
19.04.2017 07:00;19.04.2017 08:00;46,88
19.04.2017 08:00;19.04.2017 09:00;48,38
19.04.2017 09:00;19.04.2017 10:00;43,67
19.04.2017 10:00;19.04.2017 11:00;38,97
19.04.2017 11:00;19.04.2017 12:00;37,4
19.04.2017 12:00;19.04.2017 13:00;37,1
19.04.2017 13:00;19.04.2017 14:00;36,61
19.04.2017 14:00;19.04.2017 15:00;34,47
19.04.2017 15:00;19.04.2017 16:00;33,07
19.04.2017 16:00;19.04.2017 17:00;33,73
19.04.2017 17:00;19.04.2017 18:00;36,89
19.04.2017 18:00;19.04.2017 19:00;38,92
19.04.2017 19:00;19.04.2017 20:00;41,19
19.04.2017 20:00;19.04.2017 21:00;44,01
19.04.2017 21:00;19.04.2017 22:00;43,06
19.04.2017 22:00;19.04.2017 23:00;38,05
19.04.2017 23:00;20.04.2017 00:00;34,16
20.04.2017 00:00;20.04.2017 01:00;32,03
20.04.2017 01:00;20.04.2017 02:00;32,95
20.04.2017 02:00;20.04.2017 03:00;31,43
20.04.2017 03:00;20.04.2017 04:00;31,62
20.04.2017 04:00;20.04.2017 05:00;31,71
20.04.2017 05:00;20.04.2017 06:00;33,2
20.04.2017 06:00;20.04.2017 07:00;42,03
20.04.2017 07:00;20.04.2017 08:00;48,41
20.04.2017 08:00;20.04.2017 09:00;52,0
20.04.2017 09:00;20.04.2017 10:00;43,87
20.04.2017 10:00;20.04.2017 11:00;38,47
20.04.2017 11:00;20.04.2017 12:00;36,32
20.04.2017 12:00;20.04.2017 13:00;33,86
20.04.2017 13:00;20.04.2017 14:00;32,4
20.04.2017 14:00;20.04.2017 15:00;31,07
20.04.2017 15:00;20.04.2017 16:00;31,09
20.04.2017 16:00;20.04.2017 17:00;33,01
20.04.2017 17:00;20.04.2017 18:00;36,89
20.04.2017 18:00;20.04.2017 19:00;39,94
20.04.2017 19:00;20.04.2017 20:00;45,01
20.04.2017 20:00;20.04.2017 21:00;46,61
20.04.2017 21:00;20.04.2017 22:00;44,06
20.04.2017 22:00;20.04.2017 23:00;35,23
20.04.2017 23:00;21.04.2017 00:00;29,22
21.04.2017 00:00;21.04.2017 01:00;29,3
21.04.2017 01:00;21.04.2017 02:00;25,05
21.04.2017 02:00;21.04.2017 03:00;26,52
21.04.2017 03:00;21.04.2017 04:00;25,25
21.04.2017 04:00;21.04.2017 05:00;24,05
21.04.2017 05:00;21.04.2017 06:00;28,25
21.04.2017 06:00;21.04.2017 07:00;40,02
21.04.2017 07:00;21.04.2017 08:00;42,5
21.04.2017 08:00;21.04.2017 09:00;42,61
21.04.2017 09:00;21.04.2017 10:00;38,95
21.04.2017 10:00;21.04.2017 11:00;34,47
21.04.2017 11:00;21.04.2017 12:00;31,97
21.04.2017 12:00;21.04.2017 13:00;28,08
21.04.2017 13:00;21.04.2017 14:00;21,15
21.04.2017 14:00;21.04.2017 15:00;20,79
21.04.2017 15:00;21.04.2017 16:00;19,84
21.04.2017 16:00;21.04.2017 17:00;24,04
21.04.2017 17:00;21.04.2017 18:00;27,08
21.04.2017 18:00;21.04.2017 19:00;29,14
21.04.2017 19:00;21.04.2017 20:00;31,02
21.04.2017 20:00;21.04.2017 21:00;30,64
21.04.2017 21:00;21.04.2017 22:00;24,01
21.04.2017 22:00;21.04.2017 23:00;16,26
21.04.2017 23:00;22.04.2017 00:00;3,55
22.04.2017 00:00;22.04.2017 01:00;0,88
22.04.2017 01:00;22.04.2017 02:00;8,0
22.04.2017 02:00;22.04.2017 03:00;8,22
22.04.2017 03:00;22.04.2017 04:00;8,03
22.04.2017 04:00;22.04.2017 05:00;9,08
22.04.2017 05:00;22.04.2017 06:00;9,18
22.04.2017 06:00;22.04.2017 07:00;9,19
22.04.2017 07:00;22.04.2017 08:00;10,72
22.04.2017 08:00;22.04.2017 09:00;13,09
22.04.2017 09:00;22.04.2017 10:00;13,47
22.04.2017 10:00;22.04.2017 11:00;9,54
22.04.2017 11:00;22.04.2017 12:00;9,12
22.04.2017 12:00;22.04.2017 13:00;9,04
22.04.2017 13:00;22.04.2017 14:00;8,1
22.04.2017 14:00;22.04.2017 15:00;5,02
22.04.2017 15:00;22.04.2017 16:00;7,11
22.04.2017 16:00;22.04.2017 17:00;9,05
22.04.2017 17:00;22.04.2017 18:00;10,72
22.04.2017 18:00;22.04.2017 19:00;20,79
22.04.2017 19:00;22.04.2017 20:00;23,01
22.04.2017 20:00;22.04.2017 21:00;24,5
22.04.2017 21:00;22.04.2017 22:00;24,2
22.04.2017 22:00;22.04.2017 23:00;24,15
22.04.2017 23:00;23.04.2017 00:00;20,2
23.04.2017 00:00;23.04.2017 01:00;9,04
23.04.2017 01:00;23.04.2017 02:00;8,97
23.04.2017 02:00;23.04.2017 03:00;8,31
23.04.2017 03:00;23.04.2017 04:00;8,94
23.04.2017 04:00;23.04.2017 05:00;10,05
23.04.2017 05:00;23.04.2017 06:00;9,04
23.04.2017 06:00;23.04.2017 07:00;9,02
23.04.2017 07:00;23.04.2017 08:00;8,04
23.04.2017 08:00;23.04.2017 09:00;8,89
23.04.2017 09:00;23.04.2017 10:00;8,86
23.04.2017 10:00;23.04.2017 11:00;2,96
23.04.2017 11:00;23.04.2017 12:00;6,54
23.04.2017 12:00;23.04.2017 13:00;3,72
23.04.2017 13:00;23.04.2017 14:00;-7,65
23.04.2017 14:00;23.04.2017 15:00;-15,03
23.04.2017 15:00;23.04.2017 16:00;-9,18
23.04.2017 16:00;23.04.2017 17:00;-0,15
23.04.2017 17:00;23.04.2017 18:00;7,6
23.04.2017 18:00;23.04.2017 19:00;21,08
23.04.2017 19:00;23.04.2017 20:00;30,63
23.04.2017 20:00;23.04.2017 21:00;34,54
23.04.2017 21:00;23.04.2017 22:00;36,65
23.04.2017 22:00;23.04.2017 23:00;37,1
23.04.2017 23:00;24.04.2017 00:00;29,95
24.04.2017 00:00;24.04.2017 01:00;29,19
24.04.2017 01:00;24.04.2017 02:00;27,65
24.04.2017 02:00;24.04.2017 03:00;27,42
24.04.2017 03:00;24.04.2017 04:00;26,48
24.04.2017 04:00;24.04.2017 05:00;27,46
24.04.2017 05:00;24.04.2017 06:00;30,26
24.04.2017 06:00;24.04.2017 07:00;38,83
24.04.2017 07:00;24.04.2017 08:00;40,89
24.04.2017 08:00;24.04.2017 09:00;40,86
24.04.2017 09:00;24.04.2017 10:00;31,8
24.04.2017 10:00;24.04.2017 11:00;24,06
24.04.2017 11:00;24.04.2017 12:00;12,82
24.04.2017 12:00;24.04.2017 13:00;9,07
24.04.2017 13:00;24.04.2017 14:00;20,01
24.04.2017 14:00;24.04.2017 15:00;22,44
24.04.2017 15:00;24.04.2017 16:00;24,9
24.04.2017 16:00;24.04.2017 17:00;27,71
24.04.2017 17:00;24.04.2017 18:00;32,19
24.04.2017 18:00;24.04.2017 19:00;38,35
24.04.2017 19:00;24.04.2017 20:00;43,3
24.04.2017 20:00;24.04.2017 21:00;43,59
24.04.2017 21:00;24.04.2017 22:00;44,51
24.04.2017 22:00;24.04.2017 23:00;44,38
24.04.2017 23:00;25.04.2017 00:00;38,55
25.04.2017 00:00;25.04.2017 01:00;34,01
25.04.2017 01:00;25.04.2017 02:00;31,07
25.04.2017 02:00;25.04.2017 03:00;31,2
25.04.2017 03:00;25.04.2017 04:00;29,98
25.04.2017 04:00;25.04.2017 05:00;29,97
25.04.2017 05:00;25.04.2017 06:00;30,5
25.04.2017 06:00;25.04.2017 07:00;37,03
25.04.2017 07:00;25.04.2017 08:00;41,17
25.04.2017 08:00;25.04.2017 09:00;43,0
25.04.2017 09:00;25.04.2017 10:00;41,94
25.04.2017 10:00;25.04.2017 11:00;39,81
25.04.2017 11:00;25.04.2017 12:00;38,1
25.04.2017 12:00;25.04.2017 13:00;35,09
25.04.2017 13:00;25.04.2017 14:00;33,91
25.04.2017 14:00;25.04.2017 15:00;31,72
25.04.2017 15:00;25.04.2017 16:00;31,59
25.04.2017 16:00;25.04.2017 17:00;32,46
25.04.2017 17:00;25.04.2017 18:00;36,55
25.04.2017 18:00;25.04.2017 19:00;39,93
25.04.2017 19:00;25.04.2017 20:00;42,95
25.04.2017 20:00;25.04.2017 21:00;42,94
25.04.2017 21:00;25.04.2017 22:00;41,98
25.04.2017 22:00;25.04.2017 23:00;38,42
25.04.2017 23:00;26.04.2017 00:00;33,4
26.04.2017 00:00;26.04.2017 01:00;30,54
26.04.2017 01:00;26.04.2017 02:00;30,99
26.04.2017 02:00;26.04.2017 03:00;30,95
26.04.2017 03:00;26.04.2017 04:00;30,54
26.04.2017 04:00;26.04.2017 05:00;30,44
26.04.2017 05:00;26.04.2017 06:00;33,1
26.04.2017 06:00;26.04.2017 07:00;42,3
26.04.2017 07:00;26.04.2017 08:00;46,95
26.04.2017 08:00;26.04.2017 09:00;53,47
26.04.2017 09:00;26.04.2017 10:00;46,98
26.04.2017 10:00;26.04.2017 11:00;45,61
26.04.2017 11:00;26.04.2017 12:00;44,75
26.04.2017 12:00;26.04.2017 13:00;44,01
26.04.2017 13:00;26.04.2017 14:00;42,0
26.04.2017 14:00;26.04.2017 15:00;39,11
26.04.2017 15:00;26.04.2017 16:00;38,64
26.04.2017 16:00;26.04.2017 17:00;38,61
26.04.2017 17:00;26.04.2017 18:00;41,92
26.04.2017 18:00;26.04.2017 19:00;43,86
26.04.2017 19:00;26.04.2017 20:00;44,09
26.04.2017 20:00;26.04.2017 21:00;44,34
26.04.2017 21:00;26.04.2017 22:00;42,93
26.04.2017 22:00;26.04.2017 23:00;39,1
26.04.2017 23:00;27.04.2017 00:00;32,58
27.04.2017 00:00;27.04.2017 01:00;32,19
27.04.2017 01:00;27.04.2017 02:00;31,46
27.04.2017 02:00;27.04.2017 03:00;31,06
27.04.2017 03:00;27.04.2017 04:00;31,04
27.04.2017 04:00;27.04.2017 05:00;31,52
27.04.2017 05:00;27.04.2017 06:00;32,48
27.04.2017 06:00;27.04.2017 07:00;41,19
27.04.2017 07:00;27.04.2017 08:00;44,97
27.04.2017 08:00;27.04.2017 09:00;45,93
27.04.2017 09:00;27.04.2017 10:00;43,67
27.04.2017 10:00;27.04.2017 11:00;42,92
27.04.2017 11:00;27.04.2017 12:00;40,95
27.04.2017 12:00;27.04.2017 13:00;35,83
27.04.2017 13:00;27.04.2017 14:00;34,99
27.04.2017 14:00;27.04.2017 15:00;32,01
27.04.2017 15:00;27.04.2017 16:00;32,9
27.04.2017 16:00;27.04.2017 17:00;32,89
27.04.2017 17:00;27.04.2017 18:00;35,05
27.04.2017 18:00;27.04.2017 19:00;37,96
27.04.2017 19:00;27.04.2017 20:00;41,97
27.04.2017 20:00;27.04.2017 21:00;41,91
27.04.2017 21:00;27.04.2017 22:00;41,08
27.04.2017 22:00;27.04.2017 23:00;34,87
27.04.2017 23:00;28.04.2017 00:00;32,0
28.04.2017 00:00;28.04.2017 01:00;31,38
28.04.2017 01:00;28.04.2017 02:00;31,23
28.04.2017 02:00;28.04.2017 03:00;30,61
28.04.2017 03:00;28.04.2017 04:00;30,92
28.04.2017 04:00;28.04.2017 05:00;31,41
28.04.2017 05:00;28.04.2017 06:00;33,52
28.04.2017 06:00;28.04.2017 07:00;37,14
28.04.2017 07:00;28.04.2017 08:00;45,4
28.04.2017 08:00;28.04.2017 09:00;46,94
28.04.2017 09:00;28.04.2017 10:00;44,99
28.04.2017 10:00;28.04.2017 11:00;42,9
28.04.2017 11:00;28.04.2017 12:00;41,9
28.04.2017 12:00;28.04.2017 13:00;38,99
28.04.2017 13:00;28.04.2017 14:00;35,46
28.04.2017 14:00;28.04.2017 15:00;33,62
28.04.2017 15:00;28.04.2017 16:00;33,05
28.04.2017 16:00;28.04.2017 17:00;32,76
28.04.2017 17:00;28.04.2017 18:00;33,78
28.04.2017 18:00;28.04.2017 19:00;40,29
28.04.2017 19:00;28.04.2017 20:00;43,91
28.04.2017 20:00;28.04.2017 21:00;42,99
28.04.2017 21:00;28.04.2017 22:00;37,97
28.04.2017 22:00;28.04.2017 23:00;32,65
28.04.2017 23:00;29.04.2017 00:00;31,08
29.04.2017 00:00;29.04.2017 01:00;33,61
29.04.2017 01:00;29.04.2017 02:00;28,44
29.04.2017 02:00;29.04.2017 03:00;29,88
29.04.2017 03:00;29.04.2017 04:00;29,86
29.04.2017 04:00;29.04.2017 05:00;30,16
29.04.2017 05:00;29.04.2017 06:00;30,58
29.04.2017 06:00;29.04.2017 07:00;32,46
29.04.2017 07:00;29.04.2017 08:00;33,72
29.04.2017 08:00;29.04.2017 09:00;32,69
29.04.2017 09:00;29.04.2017 10:00;32,56
29.04.2017 10:00;29.04.2017 11:00;28,81
29.04.2017 11:00;29.04.2017 12:00;26,82
29.04.2017 12:00;29.04.2017 13:00;25,43
29.04.2017 13:00;29.04.2017 14:00;23,09
29.04.2017 14:00;29.04.2017 15:00;25,24
29.04.2017 15:00;29.04.2017 16:00;25,04
29.04.2017 16:00;29.04.2017 17:00;27,46
29.04.2017 17:00;29.04.2017 18:00;29,19
29.04.2017 18:00;29.04.2017 19:00;32,54
29.04.2017 19:00;29.04.2017 20:00;34,93
29.04.2017 20:00;29.04.2017 21:00;34,79
29.04.2017 21:00;29.04.2017 22:00;34,9
29.04.2017 22:00;29.04.2017 23:00;32,93
29.04.2017 23:00;30.04.2017 00:00;30,47
30.04.2017 00:00;30.04.2017 01:00;29,29
30.04.2017 01:00;30.04.2017 02:00;26,02
30.04.2017 02:00;30.04.2017 03:00;22,06
30.04.2017 03:00;30.04.2017 04:00;13,13
30.04.2017 04:00;30.04.2017 05:00;9,63
30.04.2017 05:00;30.04.2017 06:00;10,06
30.04.2017 06:00;30.04.2017 07:00;16,8
30.04.2017 07:00;30.04.2017 08:00;9,6
30.04.2017 08:00;30.04.2017 09:00;9,56
30.04.2017 09:00;30.04.2017 10:00;8,71
30.04.2017 10:00;30.04.2017 11:00;3,23
30.04.2017 11:00;30.04.2017 12:00;-1,9
30.04.2017 12:00;30.04.2017 13:00;-1,18
30.04.2017 13:00;30.04.2017 14:00;-70,01
30.04.2017 14:00;30.04.2017 15:00;-74,92
30.04.2017 15:00;30.04.2017 16:00;-71,96
30.04.2017 16:00;30.04.2017 17:00;-49,97
30.04.2017 17:00;30.04.2017 18:00;-6,0
30.04.2017 18:00;30.04.2017 19:00;-1,21
30.04.2017 19:00;30.04.2017 20:00;8,86
30.04.2017 20:00;30.04.2017 21:00;10,08
30.04.2017 21:00;30.04.2017 22:00;8,87
30.04.2017 22:00;30.04.2017 23:00;-0,54
30.04.2017 23:00;01.05.2017 00:00;-70,01
01.05.2017 00:00;01.05.2017 01:00;-26,94
01.05.2017 01:00;01.05.2017 02:00;-25,0
01.05.2017 02:00;01.05.2017 03:00;-30,11
01.05.2017 03:00;01.05.2017 04:00;-30,03
01.05.2017 04:00;01.05.2017 05:00;-24,9
01.05.2017 05:00;01.05.2017 06:00;-30,05
01.05.2017 06:00;01.05.2017 07:00;-62,95
01.05.2017 07:00;01.05.2017 08:00;-53,85
01.05.2017 08:00;01.05.2017 09:00;-67,02
01.05.2017 09:00;01.05.2017 10:00;-65,0
01.05.2017 10:00;01.05.2017 11:00;-67,08
01.05.2017 11:00;01.05.2017 12:00;-66,85
01.05.2017 12:00;01.05.2017 13:00;-60,39
01.05.2017 13:00;01.05.2017 14:00;-61,14
01.05.2017 14:00;01.05.2017 15:00;-27,22
01.05.2017 15:00;01.05.2017 16:00;-12,01
01.05.2017 16:00;01.05.2017 17:00;-1,2
01.05.2017 17:00;01.05.2017 18:00;7,42
01.05.2017 18:00;01.05.2017 19:00;14,01
01.05.2017 19:00;01.05.2017 20:00;25,78
01.05.2017 20:00;01.05.2017 21:00;24,9
01.05.2017 21:00;01.05.2017 22:00;22,98
01.05.2017 22:00;01.05.2017 23:00;22,09
01.05.2017 23:00;02.05.2017 00:00;12,05
02.05.2017 00:00;02.05.2017 01:00;13,47
02.05.2017 01:00;02.05.2017 02:00;12,01
02.05.2017 02:00;02.05.2017 03:00;10,41
02.05.2017 03:00;02.05.2017 04:00;12,03
02.05.2017 04:00;02.05.2017 05:00;9,69
02.05.2017 05:00;02.05.2017 06:00;25,03
02.05.2017 06:00;02.05.2017 07:00;33,95
02.05.2017 07:00;02.05.2017 08:00;38,97
02.05.2017 08:00;02.05.2017 09:00;39,98
02.05.2017 09:00;02.05.2017 10:00;35,84
02.05.2017 10:00;02.05.2017 11:00;34,85
02.05.2017 11:00;02.05.2017 12:00;33,47
02.05.2017 12:00;02.05.2017 13:00;31,04
02.05.2017 13:00;02.05.2017 14:00;30,78
02.05.2017 14:00;02.05.2017 15:00;30,4
02.05.2017 15:00;02.05.2017 16:00;30,41
02.05.2017 16:00;02.05.2017 17:00;30,43
02.05.2017 17:00;02.05.2017 18:00;31,02
02.05.2017 18:00;02.05.2017 19:00;34,97
02.05.2017 19:00;02.05.2017 20:00;38,52
02.05.2017 20:00;02.05.2017 21:00;38,57
02.05.2017 21:00;02.05.2017 22:00;35,23
02.05.2017 22:00;02.05.2017 23:00;33,34
02.05.2017 23:00;03.05.2017 00:00;28,46
03.05.2017 00:00;03.05.2017 01:00;28,59
03.05.2017 01:00;03.05.2017 02:00;27,43
03.05.2017 02:00;03.05.2017 03:00;27,48
03.05.2017 03:00;03.05.2017 04:00;28,5
03.05.2017 04:00;03.05.2017 05:00;30,35
03.05.2017 05:00;03.05.2017 06:00;31,95
03.05.2017 06:00;03.05.2017 07:00;39,51
03.05.2017 07:00;03.05.2017 08:00;44,99
03.05.2017 08:00;03.05.2017 09:00;45,0
03.05.2017 09:00;03.05.2017 10:00;39,73
03.05.2017 10:00;03.05.2017 11:00;38,97
03.05.2017 11:00;03.05.2017 12:00;38,48
03.05.2017 12:00;03.05.2017 13:00;34,27
03.05.2017 13:00;03.05.2017 14:00;33,94
03.05.2017 14:00;03.05.2017 15:00;34,01
03.05.2017 15:00;03.05.2017 16:00;32,83
03.05.2017 16:00;03.05.2017 17:00;31,79
03.05.2017 17:00;03.05.2017 18:00;32,43
03.05.2017 18:00;03.05.2017 19:00;34,9
03.05.2017 19:00;03.05.2017 20:00;37,66
03.05.2017 20:00;03.05.2017 21:00;38,94
03.05.2017 21:00;03.05.2017 22:00;36,97
03.05.2017 22:00;03.05.2017 23:00;30,52
03.05.2017 23:00;04.05.2017 00:00;28,6
04.05.2017 00:00;04.05.2017 01:00;26,91
04.05.2017 01:00;04.05.2017 02:00;26,26
04.05.2017 02:00;04.05.2017 03:00;24,57
04.05.2017 03:00;04.05.2017 04:00;24,82
04.05.2017 04:00;04.05.2017 05:00;25,8
04.05.2017 05:00;04.05.2017 06:00;27,57
04.05.2017 06:00;04.05.2017 07:00;33,23
04.05.2017 07:00;04.05.2017 08:00;38,94
04.05.2017 08:00;04.05.2017 09:00;39,91
04.05.2017 09:00;04.05.2017 10:00;39,14
04.05.2017 10:00;04.05.2017 11:00;38,94
04.05.2017 11:00;04.05.2017 12:00;38,95
04.05.2017 12:00;04.05.2017 13:00;34,17
04.05.2017 13:00;04.05.2017 14:00;31,94
04.05.2017 14:00;04.05.2017 15:00;30,46
04.05.2017 15:00;04.05.2017 16:00;30,4
04.05.2017 16:00;04.05.2017 17:00;29,79
04.05.2017 17:00;04.05.2017 18:00;34,4
04.05.2017 18:00;04.05.2017 19:00;36,97
04.05.2017 19:00;04.05.2017 20:00;38,97
04.05.2017 20:00;04.05.2017 21:00;38,95
04.05.2017 21:00;04.05.2017 22:00;36,54
04.05.2017 22:00;04.05.2017 23:00;32,23
04.05.2017 23:00;05.05.2017 00:00;26,97
05.05.2017 00:00;05.05.2017 01:00;28,97
05.05.2017 01:00;05.05.2017 02:00;28,82
05.05.2017 02:00;05.05.2017 03:00;28,42
05.05.2017 03:00;05.05.2017 04:00;28,61
05.05.2017 04:00;05.05.2017 05:00;29,4
05.05.2017 05:00;05.05.2017 06:00;30,99
05.05.2017 06:00;05.05.2017 07:00;37,17
05.05.2017 07:00;05.05.2017 08:00;43,82
05.05.2017 08:00;05.05.2017 09:00;48,98
05.05.2017 09:00;05.05.2017 10:00;49,91
05.05.2017 10:00;05.05.2017 11:00;47,9
05.05.2017 11:00;05.05.2017 12:00;46,38
05.05.2017 12:00;05.05.2017 13:00;42,0
05.05.2017 13:00;05.05.2017 14:00;40,09
05.05.2017 14:00;05.05.2017 15:00;36,97
05.05.2017 15:00;05.05.2017 16:00;35,37
05.05.2017 16:00;05.05.2017 17:00;34,9
05.05.2017 17:00;05.05.2017 18:00;37,67
05.05.2017 18:00;05.05.2017 19:00;40,33
05.05.2017 19:00;05.05.2017 20:00;42,09
05.05.2017 20:00;05.05.2017 21:00;41,16
05.05.2017 21:00;05.05.2017 22:00;38,98
05.05.2017 22:00;05.05.2017 23:00;39,27
05.05.2017 23:00;06.05.2017 00:00;34,9
06.05.2017 00:00;06.05.2017 01:00;37,04
06.05.2017 01:00;06.05.2017 02:00;32,47
06.05.2017 02:00;06.05.2017 03:00;31,04
06.05.2017 03:00;06.05.2017 04:00;30,71
06.05.2017 04:00;06.05.2017 05:00;30,57
06.05.2017 05:00;06.05.2017 06:00;30,86
06.05.2017 06:00;06.05.2017 07:00;30,92
06.05.2017 07:00;06.05.2017 08:00;31,14
06.05.2017 08:00;06.05.2017 09:00;33,92
06.05.2017 09:00;06.05.2017 10:00;33,06
06.05.2017 10:00;06.05.2017 11:00;31,53
06.05.2017 11:00;06.05.2017 12:00;30,64
06.05.2017 12:00;06.05.2017 13:00;30,79
06.05.2017 13:00;06.05.2017 14:00;30,1
06.05.2017 14:00;06.05.2017 15:00;29,6
06.05.2017 15:00;06.05.2017 16:00;28,93
06.05.2017 16:00;06.05.2017 17:00;28,28
06.05.2017 17:00;06.05.2017 18:00;31,02
06.05.2017 18:00;06.05.2017 19:00;33,82
06.05.2017 19:00;06.05.2017 20:00;37,94
06.05.2017 20:00;06.05.2017 21:00;39,9
06.05.2017 21:00;06.05.2017 22:00;39,5
06.05.2017 22:00;06.05.2017 23:00;38,92
06.05.2017 23:00;07.05.2017 00:00;33,93
07.05.2017 00:00;07.05.2017 01:00;28,31
07.05.2017 01:00;07.05.2017 02:00;26,73
07.05.2017 02:00;07.05.2017 03:00;26,48
07.05.2017 03:00;07.05.2017 04:00;26,17
07.05.2017 04:00;07.05.2017 05:00;26,83
07.05.2017 05:00;07.05.2017 06:00;26,25
07.05.2017 06:00;07.05.2017 07:00;25,43
07.05.2017 07:00;07.05.2017 08:00;26,66
07.05.2017 08:00;07.05.2017 09:00;28,66
07.05.2017 09:00;07.05.2017 10:00;30,06
07.05.2017 10:00;07.05.2017 11:00;30,33
07.05.2017 11:00;07.05.2017 12:00;30,18
07.05.2017 12:00;07.05.2017 13:00;29,5
07.05.2017 13:00;07.05.2017 14:00;27,06
07.05.2017 14:00;07.05.2017 15:00;24,0
07.05.2017 15:00;07.05.2017 16:00;24,15
07.05.2017 16:00;07.05.2017 17:00;25,51
07.05.2017 17:00;07.05.2017 18:00;27,4
07.05.2017 18:00;07.05.2017 19:00;29,8
07.05.2017 19:00;07.05.2017 20:00;31,18
07.05.2017 20:00;07.05.2017 21:00;32,13
07.05.2017 21:00;07.05.2017 22:00;32,01
07.05.2017 22:00;07.05.2017 23:00;31,26
07.05.2017 23:00;08.05.2017 00:00;27,0
08.05.2017 00:00;08.05.2017 01:00;27,48
08.05.2017 01:00;08.05.2017 02:00;26,1
08.05.2017 02:00;08.05.2017 03:00;25,81
08.05.2017 03:00;08.05.2017 04:00;24,73
08.05.2017 04:00;08.05.2017 05:00;25,14
08.05.2017 05:00;08.05.2017 06:00;27,91
08.05.2017 06:00;08.05.2017 07:00;32,0
08.05.2017 07:00;08.05.2017 08:00;36,06
08.05.2017 08:00;08.05.2017 09:00;40,02
08.05.2017 09:00;08.05.2017 10:00;39,93
08.05.2017 10:00;08.05.2017 11:00;38,97
08.05.2017 11:00;08.05.2017 12:00;39,98
08.05.2017 12:00;08.05.2017 13:00;40,55
08.05.2017 13:00;08.05.2017 14:00;36,74
08.05.2017 14:00;08.05.2017 15:00;32,06
08.05.2017 15:00;08.05.2017 16:00;31,44
08.05.2017 16:00;08.05.2017 17:00;31,05
08.05.2017 17:00;08.05.2017 18:00;32,41
08.05.2017 18:00;08.05.2017 19:00;34,0
08.05.2017 19:00;08.05.2017 20:00;38,8
08.05.2017 20:00;08.05.2017 21:00;37,62
08.05.2017 21:00;08.05.2017 22:00;37,99
08.05.2017 22:00;08.05.2017 23:00;35,07
08.05.2017 23:00;09.05.2017 00:00;32,44
09.05.2017 00:00;09.05.2017 01:00;30,81
09.05.2017 01:00;09.05.2017 02:00;30,56
09.05.2017 02:00;09.05.2017 03:00;29,5
09.05.2017 03:00;09.05.2017 04:00;28,94
09.05.2017 04:00;09.05.2017 05:00;29,9
09.05.2017 05:00;09.05.2017 06:00;32,07
09.05.2017 06:00;09.05.2017 07:00;42,83
09.05.2017 07:00;09.05.2017 08:00;50,45
09.05.2017 08:00;09.05.2017 09:00;54,99
09.05.2017 09:00;09.05.2017 10:00;48,65
09.05.2017 10:00;09.05.2017 11:00;44,75
09.05.2017 11:00;09.05.2017 12:00;43,83
09.05.2017 12:00;09.05.2017 13:00;40,63
09.05.2017 13:00;09.05.2017 14:00;38,0
09.05.2017 14:00;09.05.2017 15:00;35,57
09.05.2017 15:00;09.05.2017 16:00;36,2
09.05.2017 16:00;09.05.2017 17:00;34,44
09.05.2017 17:00;09.05.2017 18:00;39,64
09.05.2017 18:00;09.05.2017 19:00;44,9
09.05.2017 19:00;09.05.2017 20:00;47,45
09.05.2017 20:00;09.05.2017 21:00;49,12
09.05.2017 21:00;09.05.2017 22:00;46,93
09.05.2017 22:00;09.05.2017 23:00;39,9
09.05.2017 23:00;10.05.2017 00:00;34,06
10.05.2017 00:00;10.05.2017 01:00;32,06
10.05.2017 01:00;10.05.2017 02:00;30,99
10.05.2017 02:00;10.05.2017 03:00;30,75
10.05.2017 03:00;10.05.2017 04:00;30,72
10.05.2017 04:00;10.05.2017 05:00;31,03
10.05.2017 05:00;10.05.2017 06:00;33,11
10.05.2017 06:00;10.05.2017 07:00;42,04
10.05.2017 07:00;10.05.2017 08:00;49,98
10.05.2017 08:00;10.05.2017 09:00;49,07
10.05.2017 09:00;10.05.2017 10:00;43,86
10.05.2017 10:00;10.05.2017 11:00;39,16
10.05.2017 11:00;10.05.2017 12:00;39,22
10.05.2017 12:00;10.05.2017 13:00;36,13
10.05.2017 13:00;10.05.2017 14:00;36,12
10.05.2017 14:00;10.05.2017 15:00;34,52
10.05.2017 15:00;10.05.2017 16:00;34,12
10.05.2017 16:00;10.05.2017 17:00;35,01
10.05.2017 17:00;10.05.2017 18:00;41,08
10.05.2017 18:00;10.05.2017 19:00;44,01
10.05.2017 19:00;10.05.2017 20:00;48,04
10.05.2017 20:00;10.05.2017 21:00;47,35
10.05.2017 21:00;10.05.2017 22:00;48,04
10.05.2017 22:00;10.05.2017 23:00;42,94
10.05.2017 23:00;11.05.2017 00:00;32,6
11.05.2017 00:00;11.05.2017 01:00;31,16
11.05.2017 01:00;11.05.2017 02:00;30,41
11.05.2017 02:00;11.05.2017 03:00;29,5
11.05.2017 03:00;11.05.2017 04:00;29,17
11.05.2017 04:00;11.05.2017 05:00;29,59
11.05.2017 05:00;11.05.2017 06:00;30,89
11.05.2017 06:00;11.05.2017 07:00;34,91
11.05.2017 07:00;11.05.2017 08:00;43,1
11.05.2017 08:00;11.05.2017 09:00;44,49
11.05.2017 09:00;11.05.2017 10:00;41,93
11.05.2017 10:00;11.05.2017 11:00;38,54
11.05.2017 11:00;11.05.2017 12:00;37,47
11.05.2017 12:00;11.05.2017 13:00;35,32
11.05.2017 13:00;11.05.2017 14:00;34,38
11.05.2017 14:00;11.05.2017 15:00;32,64
11.05.2017 15:00;11.05.2017 16:00;33,82
11.05.2017 16:00;11.05.2017 17:00;33,19
11.05.2017 17:00;11.05.2017 18:00;34,8
11.05.2017 18:00;11.05.2017 19:00;35,75
11.05.2017 19:00;11.05.2017 20:00;34,94
11.05.2017 20:00;11.05.2017 21:00;33,11
11.05.2017 21:00;11.05.2017 22:00;31,5
11.05.2017 22:00;11.05.2017 23:00;27,6
11.05.2017 23:00;12.05.2017 00:00;26,01
12.05.2017 00:00;12.05.2017 01:00;26,05
12.05.2017 01:00;12.05.2017 02:00;27,23
12.05.2017 02:00;12.05.2017 03:00;27,29
12.05.2017 03:00;12.05.2017 04:00;27,27
12.05.2017 04:00;12.05.2017 05:00;27,08
12.05.2017 05:00;12.05.2017 06:00;29,0
12.05.2017 06:00;12.05.2017 07:00;34,37
12.05.2017 07:00;12.05.2017 08:00;41,95
12.05.2017 08:00;12.05.2017 09:00;43,91
12.05.2017 09:00;12.05.2017 10:00;42,0
12.05.2017 10:00;12.05.2017 11:00;42,95
12.05.2017 11:00;12.05.2017 12:00;42,02
12.05.2017 12:00;12.05.2017 13:00;36,03
12.05.2017 13:00;12.05.2017 14:00;31,62
12.05.2017 14:00;12.05.2017 15:00;30,86
12.05.2017 15:00;12.05.2017 16:00;30,45
12.05.2017 16:00;12.05.2017 17:00;31,38
12.05.2017 17:00;12.05.2017 18:00;36,46
12.05.2017 18:00;12.05.2017 19:00;40,65
12.05.2017 19:00;12.05.2017 20:00;42,0
12.05.2017 20:00;12.05.2017 21:00;42,62
12.05.2017 21:00;12.05.2017 22:00;42,93
12.05.2017 22:00;12.05.2017 23:00;42,93
12.05.2017 23:00;13.05.2017 00:00;35,91
13.05.2017 00:00;13.05.2017 01:00;29,9
13.05.2017 01:00;13.05.2017 02:00;29,66
13.05.2017 02:00;13.05.2017 03:00;29,05
13.05.2017 03:00;13.05.2017 04:00;28,52
13.05.2017 04:00;13.05.2017 05:00;28,12
13.05.2017 05:00;13.05.2017 06:00;28,73
13.05.2017 06:00;13.05.2017 07:00;29,05
13.05.2017 07:00;13.05.2017 08:00;30,91
13.05.2017 08:00;13.05.2017 09:00;35,02
13.05.2017 09:00;13.05.2017 10:00;35,45
13.05.2017 10:00;13.05.2017 11:00;32,0
13.05.2017 11:00;13.05.2017 12:00;31,04
13.05.2017 12:00;13.05.2017 13:00;30,28
13.05.2017 13:00;13.05.2017 14:00;28,75
13.05.2017 14:00;13.05.2017 15:00;27,09
13.05.2017 15:00;13.05.2017 16:00;27,07
13.05.2017 16:00;13.05.2017 17:00;27,44
13.05.2017 17:00;13.05.2017 18:00;29,9
13.05.2017 18:00;13.05.2017 19:00;34,79
13.05.2017 19:00;13.05.2017 20:00;40,0
13.05.2017 20:00;13.05.2017 21:00;41,91
13.05.2017 21:00;13.05.2017 22:00;41,88
13.05.2017 22:00;13.05.2017 23:00;40,0
13.05.2017 23:00;14.05.2017 00:00;31,08
14.05.2017 00:00;14.05.2017 01:00;27,66
14.05.2017 01:00;14.05.2017 02:00;26,54
14.05.2017 02:00;14.05.2017 03:00;25,65
14.05.2017 03:00;14.05.2017 04:00;25,63
14.05.2017 04:00;14.05.2017 05:00;25,2
14.05.2017 05:00;14.05.2017 06:00;25,0
14.05.2017 06:00;14.05.2017 07:00;25,56
14.05.2017 07:00;14.05.2017 08:00;25,46
14.05.2017 08:00;14.05.2017 09:00;25,34
14.05.2017 09:00;14.05.2017 10:00;26,04
14.05.2017 10:00;14.05.2017 11:00;25,04
14.05.2017 11:00;14.05.2017 12:00;26,48
14.05.2017 12:00;14.05.2017 13:00;27,02
14.05.2017 13:00;14.05.2017 14:00;24,3
14.05.2017 14:00;14.05.2017 15:00;21,06
14.05.2017 15:00;14.05.2017 16:00;20,99
14.05.2017 16:00;14.05.2017 17:00;23,9
14.05.2017 17:00;14.05.2017 18:00;27,63
14.05.2017 18:00;14.05.2017 19:00;32,07
14.05.2017 19:00;14.05.2017 20:00;35,96
14.05.2017 20:00;14.05.2017 21:00;39,55
14.05.2017 21:00;14.05.2017 22:00;40,99
14.05.2017 22:00;14.05.2017 23:00;38,17
14.05.2017 23:00;15.05.2017 00:00;31,46
15.05.2017 00:00;15.05.2017 01:00;30,32
15.05.2017 01:00;15.05.2017 02:00;27,43
15.05.2017 02:00;15.05.2017 03:00;27,18
15.05.2017 03:00;15.05.2017 04:00;26,7
15.05.2017 04:00;15.05.2017 05:00;27,16
15.05.2017 05:00;15.05.2017 06:00;29,77
15.05.2017 06:00;15.05.2017 07:00;35,38
15.05.2017 07:00;15.05.2017 08:00;44,02
15.05.2017 08:00;15.05.2017 09:00;46,1
15.05.2017 09:00;15.05.2017 10:00;43,95
15.05.2017 10:00;15.05.2017 11:00;41,94
15.05.2017 11:00;15.05.2017 12:00;40,07
15.05.2017 12:00;15.05.2017 13:00;35,66
15.05.2017 13:00;15.05.2017 14:00;35,04
15.05.2017 14:00;15.05.2017 15:00;33,48
15.05.2017 15:00;15.05.2017 16:00;32,98
15.05.2017 16:00;15.05.2017 17:00;33,14
15.05.2017 17:00;15.05.2017 18:00;37,74
15.05.2017 18:00;15.05.2017 19:00;42,82
15.05.2017 19:00;15.05.2017 20:00;45,73
15.05.2017 20:00;15.05.2017 21:00;44,2
15.05.2017 21:00;15.05.2017 22:00;42,29
15.05.2017 22:00;15.05.2017 23:00;40,22
15.05.2017 23:00;16.05.2017 00:00;31,08
16.05.2017 00:00;16.05.2017 01:00;29,5
16.05.2017 01:00;16.05.2017 02:00;28,01
16.05.2017 02:00;16.05.2017 03:00;26,7
16.05.2017 03:00;16.05.2017 04:00;26,53
16.05.2017 04:00;16.05.2017 05:00;26,38
16.05.2017 05:00;16.05.2017 06:00;27,93
16.05.2017 06:00;16.05.2017 07:00;31,81
16.05.2017 07:00;16.05.2017 08:00;39,96
16.05.2017 08:00;16.05.2017 09:00;41,35
16.05.2017 09:00;16.05.2017 10:00;38,42
16.05.2017 10:00;16.05.2017 11:00;34,53
16.05.2017 11:00;16.05.2017 12:00;34,84
16.05.2017 12:00;16.05.2017 13:00;31,88
16.05.2017 13:00;16.05.2017 14:00;31,06
16.05.2017 14:00;16.05.2017 15:00;31,58
16.05.2017 15:00;16.05.2017 16:00;32,33
16.05.2017 16:00;16.05.2017 17:00;34,52
16.05.2017 17:00;16.05.2017 18:00;37,04
16.05.2017 18:00;16.05.2017 19:00;41,0
16.05.2017 19:00;16.05.2017 20:00;42,94
16.05.2017 20:00;16.05.2017 21:00;42,77
16.05.2017 21:00;16.05.2017 22:00;41,5
16.05.2017 22:00;16.05.2017 23:00;37,01
16.05.2017 23:00;17.05.2017 00:00;31,92
17.05.2017 00:00;17.05.2017 01:00;29,66
17.05.2017 01:00;17.05.2017 02:00;27,7
17.05.2017 02:00;17.05.2017 03:00;27,17
17.05.2017 03:00;17.05.2017 04:00;26,45
17.05.2017 04:00;17.05.2017 05:00;26,49
17.05.2017 05:00;17.05.2017 06:00;27,58
17.05.2017 06:00;17.05.2017 07:00;36,19
17.05.2017 07:00;17.05.2017 08:00;41,0
17.05.2017 08:00;17.05.2017 09:00;41,0
17.05.2017 09:00;17.05.2017 10:00;38,95
17.05.2017 10:00;17.05.2017 11:00;33,54
17.05.2017 11:00;17.05.2017 12:00;32,94
17.05.2017 12:00;17.05.2017 13:00;31,03
17.05.2017 13:00;17.05.2017 14:00;30,21
17.05.2017 14:00;17.05.2017 15:00;29,14
17.05.2017 15:00;17.05.2017 16:00;28,22
17.05.2017 16:00;17.05.2017 17:00;29,48
17.05.2017 17:00;17.05.2017 18:00;34,77
17.05.2017 18:00;17.05.2017 19:00;38,34
17.05.2017 19:00;17.05.2017 20:00;40,98
17.05.2017 20:00;17.05.2017 21:00;37,9
17.05.2017 21:00;17.05.2017 22:00;34,02
17.05.2017 22:00;17.05.2017 23:00;31,01
17.05.2017 23:00;18.05.2017 00:00;26,68
18.05.2017 00:00;18.05.2017 01:00;26,04
18.05.2017 01:00;18.05.2017 02:00;24,31
18.05.2017 02:00;18.05.2017 03:00;22,43
18.05.2017 03:00;18.05.2017 04:00;20,68
18.05.2017 04:00;18.05.2017 05:00;22,46
18.05.2017 05:00;18.05.2017 06:00;26,06
18.05.2017 06:00;18.05.2017 07:00;32,68
18.05.2017 07:00;18.05.2017 08:00;40,4
18.05.2017 08:00;18.05.2017 09:00;42,98
18.05.2017 09:00;18.05.2017 10:00;37,93
18.05.2017 10:00;18.05.2017 11:00;33,14
18.05.2017 11:00;18.05.2017 12:00;31,75
18.05.2017 12:00;18.05.2017 13:00;31,02
18.05.2017 13:00;18.05.2017 14:00;29,99
18.05.2017 14:00;18.05.2017 15:00;31,0
18.05.2017 15:00;18.05.2017 16:00;30,78
18.05.2017 16:00;18.05.2017 17:00;36,1
18.05.2017 17:00;18.05.2017 18:00;37,98
18.05.2017 18:00;18.05.2017 19:00;39,45
18.05.2017 19:00;18.05.2017 20:00;39,54
18.05.2017 20:00;18.05.2017 21:00;39,91
18.05.2017 21:00;18.05.2017 22:00;38,95
18.05.2017 22:00;18.05.2017 23:00;37,86
18.05.2017 23:00;19.05.2017 00:00;32,26
19.05.2017 00:00;19.05.2017 01:00;30,0
19.05.2017 01:00;19.05.2017 02:00;28,6
19.05.2017 02:00;19.05.2017 03:00;26,67
19.05.2017 03:00;19.05.2017 04:00;26,31
19.05.2017 04:00;19.05.2017 05:00;25,97
19.05.2017 05:00;19.05.2017 06:00;27,6
19.05.2017 06:00;19.05.2017 07:00;30,9
19.05.2017 07:00;19.05.2017 08:00;39,91
19.05.2017 08:00;19.05.2017 09:00;41,55
19.05.2017 09:00;19.05.2017 10:00;39,9
19.05.2017 10:00;19.05.2017 11:00;38,95
19.05.2017 11:00;19.05.2017 12:00;39,8
19.05.2017 12:00;19.05.2017 13:00;37,72
19.05.2017 13:00;19.05.2017 14:00;36,38
19.05.2017 14:00;19.05.2017 15:00;35,05
19.05.2017 15:00;19.05.2017 16:00;34,59
19.05.2017 16:00;19.05.2017 17:00;31,06
19.05.2017 17:00;19.05.2017 18:00;36,01
19.05.2017 18:00;19.05.2017 19:00;38,5
19.05.2017 19:00;19.05.2017 20:00;38,97
19.05.2017 20:00;19.05.2017 21:00;36,04
19.05.2017 21:00;19.05.2017 22:00;37,0
19.05.2017 22:00;19.05.2017 23:00;36,98
19.05.2017 23:00;20.05.2017 00:00;32,76
20.05.2017 00:00;20.05.2017 01:00;24,02
20.05.2017 01:00;20.05.2017 02:00;24,26
20.05.2017 02:00;20.05.2017 03:00;24,74
20.05.2017 03:00;20.05.2017 04:00;26,71
20.05.2017 04:00;20.05.2017 05:00;25,93
20.05.2017 05:00;20.05.2017 06:00;24,08
20.05.2017 06:00;20.05.2017 07:00;26,5
20.05.2017 07:00;20.05.2017 08:00;26,06
20.05.2017 08:00;20.05.2017 09:00;27,0
20.05.2017 09:00;20.05.2017 10:00;25,3
20.05.2017 10:00;20.05.2017 11:00;23,99
20.05.2017 11:00;20.05.2017 12:00;24,11
20.05.2017 12:00;20.05.2017 13:00;23,83
20.05.2017 13:00;20.05.2017 14:00;22,83
20.05.2017 14:00;20.05.2017 15:00;21,44
20.05.2017 15:00;20.05.2017 16:00;21,73
20.05.2017 16:00;20.05.2017 17:00;23,92
20.05.2017 17:00;20.05.2017 18:00;25,64
20.05.2017 18:00;20.05.2017 19:00;29,0
20.05.2017 19:00;20.05.2017 20:00;33,34
20.05.2017 20:00;20.05.2017 21:00;33,5
20.05.2017 21:00;20.05.2017 22:00;33,08
20.05.2017 22:00;20.05.2017 23:00;34,12
20.05.2017 23:00;21.05.2017 00:00;30,05
21.05.2017 00:00;21.05.2017 01:00;23,66
21.05.2017 01:00;21.05.2017 02:00;18,12
21.05.2017 02:00;21.05.2017 03:00;14,12
21.05.2017 03:00;21.05.2017 04:00;12,18
21.05.2017 04:00;21.05.2017 05:00;11,65
21.05.2017 05:00;21.05.2017 06:00;11,52
21.05.2017 06:00;21.05.2017 07:00;11,98
21.05.2017 07:00;21.05.2017 08:00;12,36
21.05.2017 08:00;21.05.2017 09:00;13,7
21.05.2017 09:00;21.05.2017 10:00;12,07
21.05.2017 10:00;21.05.2017 11:00;10,02
21.05.2017 11:00;21.05.2017 12:00;11,86
21.05.2017 12:00;21.05.2017 13:00;12,29
21.05.2017 13:00;21.05.2017 14:00;11,93
21.05.2017 14:00;21.05.2017 15:00;10,28
21.05.2017 15:00;21.05.2017 16:00;11,93
21.05.2017 16:00;21.05.2017 17:00;16,92
21.05.2017 17:00;21.05.2017 18:00;23,05
21.05.2017 18:00;21.05.2017 19:00;28,12
21.05.2017 19:00;21.05.2017 20:00;32,91
21.05.2017 20:00;21.05.2017 21:00;35,07
21.05.2017 21:00;21.05.2017 22:00;35,32
21.05.2017 22:00;21.05.2017 23:00;36,11
21.05.2017 23:00;22.05.2017 00:00;33,43
22.05.2017 00:00;22.05.2017 01:00;29,84
22.05.2017 01:00;22.05.2017 02:00;28,01
22.05.2017 02:00;22.05.2017 03:00;26,9
22.05.2017 03:00;22.05.2017 04:00;26,01
22.05.2017 04:00;22.05.2017 05:00;26,86
22.05.2017 05:00;22.05.2017 06:00;27,38
22.05.2017 06:00;22.05.2017 07:00;35,49
22.05.2017 07:00;22.05.2017 08:00;40,0
22.05.2017 08:00;22.05.2017 09:00;42,2
22.05.2017 09:00;22.05.2017 10:00;38,82
22.05.2017 10:00;22.05.2017 11:00;37,02
22.05.2017 11:00;22.05.2017 12:00;36,99
22.05.2017 12:00;22.05.2017 13:00;36,96
22.05.2017 13:00;22.05.2017 14:00;37,91
22.05.2017 14:00;22.05.2017 15:00;36,93
22.05.2017 15:00;22.05.2017 16:00;36,94
22.05.2017 16:00;22.05.2017 17:00;36,2
22.05.2017 17:00;22.05.2017 18:00;38,71
22.05.2017 18:00;22.05.2017 19:00;43,65
22.05.2017 19:00;22.05.2017 20:00;44,36
22.05.2017 20:00;22.05.2017 21:00;41,95
22.05.2017 21:00;22.05.2017 22:00;41,21
22.05.2017 22:00;22.05.2017 23:00;40,84
22.05.2017 23:00;23.05.2017 00:00;34,07
23.05.2017 00:00;23.05.2017 01:00;32,24
23.05.2017 01:00;23.05.2017 02:00;32,17
23.05.2017 02:00;23.05.2017 03:00;29,72
23.05.2017 03:00;23.05.2017 04:00;28,05
23.05.2017 04:00;23.05.2017 05:00;28,04
23.05.2017 05:00;23.05.2017 06:00;29,71
23.05.2017 06:00;23.05.2017 07:00;36,99
23.05.2017 07:00;23.05.2017 08:00;41,78
23.05.2017 08:00;23.05.2017 09:00;41,4
23.05.2017 09:00;23.05.2017 10:00;41,89
23.05.2017 10:00;23.05.2017 11:00;38,05
23.05.2017 11:00;23.05.2017 12:00;36,94
23.05.2017 12:00;23.05.2017 13:00;33,97
23.05.2017 13:00;23.05.2017 14:00;30,5
23.05.2017 14:00;23.05.2017 15:00;31,01
23.05.2017 15:00;23.05.2017 16:00;29,1
23.05.2017 16:00;23.05.2017 17:00;29,06
23.05.2017 17:00;23.05.2017 18:00;31,84
23.05.2017 18:00;23.05.2017 19:00;33,75
23.05.2017 19:00;23.05.2017 20:00;37,11
23.05.2017 20:00;23.05.2017 21:00;35,64
23.05.2017 21:00;23.05.2017 22:00;35,0
23.05.2017 22:00;23.05.2017 23:00;30,99
23.05.2017 23:00;24.05.2017 00:00;28,41
24.05.2017 00:00;24.05.2017 01:00;27,15
24.05.2017 01:00;24.05.2017 02:00;24,45
24.05.2017 02:00;24.05.2017 03:00;20,09
24.05.2017 03:00;24.05.2017 04:00;20,13
24.05.2017 04:00;24.05.2017 05:00;21,56
24.05.2017 05:00;24.05.2017 06:00;26,03
24.05.2017 06:00;24.05.2017 07:00;30,1
24.05.2017 07:00;24.05.2017 08:00;36,93
24.05.2017 08:00;24.05.2017 09:00;37,55
24.05.2017 09:00;24.05.2017 10:00;34,97
24.05.2017 10:00;24.05.2017 11:00;31,98
24.05.2017 11:00;24.05.2017 12:00;32,35
24.05.2017 12:00;24.05.2017 13:00;30,09
24.05.2017 13:00;24.05.2017 14:00;28,8
24.05.2017 14:00;24.05.2017 15:00;29,79
24.05.2017 15:00;24.05.2017 16:00;32,96
24.05.2017 16:00;24.05.2017 17:00;32,13
24.05.2017 17:00;24.05.2017 18:00;36,91
24.05.2017 18:00;24.05.2017 19:00;39,92
24.05.2017 19:00;24.05.2017 20:00;40,57
24.05.2017 20:00;24.05.2017 21:00;40,84
24.05.2017 21:00;24.05.2017 22:00;40,06
24.05.2017 22:00;24.05.2017 23:00;40,98
24.05.2017 23:00;25.05.2017 00:00;36,91
25.05.2017 00:00;25.05.2017 01:00;33,41
25.05.2017 01:00;25.05.2017 02:00;31,98
25.05.2017 02:00;25.05.2017 03:00;28,07
25.05.2017 03:00;25.05.2017 04:00;28,0
25.05.2017 04:00;25.05.2017 05:00;27,97
25.05.2017 05:00;25.05.2017 06:00;26,97
25.05.2017 06:00;25.05.2017 07:00;24,59
25.05.2017 07:00;25.05.2017 08:00;24,93
25.05.2017 08:00;25.05.2017 09:00;25,85
25.05.2017 09:00;25.05.2017 10:00;25,79
25.05.2017 10:00;25.05.2017 11:00;25,59
25.05.2017 11:00;25.05.2017 12:00;26,02
25.05.2017 12:00;25.05.2017 13:00;25,16
25.05.2017 13:00;25.05.2017 14:00;21,74
25.05.2017 14:00;25.05.2017 15:00;19,97
25.05.2017 15:00;25.05.2017 16:00;19,99
25.05.2017 16:00;25.05.2017 17:00;21,12
25.05.2017 17:00;25.05.2017 18:00;27,08
25.05.2017 18:00;25.05.2017 19:00;29,9
25.05.2017 19:00;25.05.2017 20:00;33,92
25.05.2017 20:00;25.05.2017 21:00;36,7
25.05.2017 21:00;25.05.2017 22:00;36,69
25.05.2017 22:00;25.05.2017 23:00;36,98
25.05.2017 23:00;26.05.2017 00:00;31,08
26.05.2017 00:00;26.05.2017 01:00;28,12
26.05.2017 01:00;26.05.2017 02:00;25,38
26.05.2017 02:00;26.05.2017 03:00;24,06
26.05.2017 03:00;26.05.2017 04:00;23,51
26.05.2017 04:00;26.05.2017 05:00;24,27
26.05.2017 05:00;26.05.2017 06:00;26,39
26.05.2017 06:00;26.05.2017 07:00;33,94
26.05.2017 07:00;26.05.2017 08:00;37,93
26.05.2017 08:00;26.05.2017 09:00;38,3
26.05.2017 09:00;26.05.2017 10:00;36,48
26.05.2017 10:00;26.05.2017 11:00;34,01
26.05.2017 11:00;26.05.2017 12:00;33,08
26.05.2017 12:00;26.05.2017 13:00;30,86
26.05.2017 13:00;26.05.2017 14:00;28,32
26.05.2017 14:00;26.05.2017 15:00;27,12
26.05.2017 15:00;26.05.2017 16:00;27,53
26.05.2017 16:00;26.05.2017 17:00;28,63
26.05.2017 17:00;26.05.2017 18:00;34,64
26.05.2017 18:00;26.05.2017 19:00;38,85
26.05.2017 19:00;26.05.2017 20:00;41,97
26.05.2017 20:00;26.05.2017 21:00;41,95
26.05.2017 21:00;26.05.2017 22:00;39,99
26.05.2017 22:00;26.05.2017 23:00;39,96
26.05.2017 23:00;27.05.2017 00:00;35,2
27.05.2017 00:00;27.05.2017 01:00;35,91
27.05.2017 01:00;27.05.2017 02:00;31,03
27.05.2017 02:00;27.05.2017 03:00;27,6
27.05.2017 03:00;27.05.2017 04:00;26,0
27.05.2017 04:00;27.05.2017 05:00;24,58
27.05.2017 05:00;27.05.2017 06:00;24,4
27.05.2017 06:00;27.05.2017 07:00;26,1
27.05.2017 07:00;27.05.2017 08:00;29,14
27.05.2017 08:00;27.05.2017 09:00;30,13
27.05.2017 09:00;27.05.2017 10:00;29,36
27.05.2017 10:00;27.05.2017 11:00;26,1
27.05.2017 11:00;27.05.2017 12:00;24,69
27.05.2017 12:00;27.05.2017 13:00;22,04
27.05.2017 13:00;27.05.2017 14:00;15,27
27.05.2017 14:00;27.05.2017 15:00;13,38
27.05.2017 15:00;27.05.2017 16:00;14,9
27.05.2017 16:00;27.05.2017 17:00;20,09
27.05.2017 17:00;27.05.2017 18:00;27,31
27.05.2017 18:00;27.05.2017 19:00;34,3
27.05.2017 19:00;27.05.2017 20:00;37,13
27.05.2017 20:00;27.05.2017 21:00;35,97
27.05.2017 21:00;27.05.2017 22:00;34,34
27.05.2017 22:00;27.05.2017 23:00;33,98
27.05.2017 23:00;28.05.2017 00:00;24,68
28.05.2017 00:00;28.05.2017 01:00;20,72
28.05.2017 01:00;28.05.2017 02:00;16,08
28.05.2017 02:00;28.05.2017 03:00;18,66
28.05.2017 03:00;28.05.2017 04:00;16,58
28.05.2017 04:00;28.05.2017 05:00;14,25
28.05.2017 05:00;28.05.2017 06:00;9,91
28.05.2017 06:00;28.05.2017 07:00;14,36
28.05.2017 07:00;28.05.2017 08:00;18,27
28.05.2017 08:00;28.05.2017 09:00;19,04
28.05.2017 09:00;28.05.2017 10:00;17,18
28.05.2017 10:00;28.05.2017 11:00;11,65
28.05.2017 11:00;28.05.2017 12:00;11,63
28.05.2017 12:00;28.05.2017 13:00;15,07
28.05.2017 13:00;28.05.2017 14:00;10,18
28.05.2017 14:00;28.05.2017 15:00;10,08
28.05.2017 15:00;28.05.2017 16:00;10,14
28.05.2017 16:00;28.05.2017 17:00;10,08
28.05.2017 17:00;28.05.2017 18:00;21,95
28.05.2017 18:00;28.05.2017 19:00;31,05
28.05.2017 19:00;28.05.2017 20:00;36,95
28.05.2017 20:00;28.05.2017 21:00;38,66
28.05.2017 21:00;28.05.2017 22:00;38,65
28.05.2017 22:00;28.05.2017 23:00;40,66
28.05.2017 23:00;29.05.2017 00:00;36,92
29.05.2017 00:00;29.05.2017 01:00;29,02
29.05.2017 01:00;29.05.2017 02:00;28,3
29.05.2017 02:00;29.05.2017 03:00;26,27
29.05.2017 03:00;29.05.2017 04:00;25,6
29.05.2017 04:00;29.05.2017 05:00;25,6
29.05.2017 05:00;29.05.2017 06:00;26,4
29.05.2017 06:00;29.05.2017 07:00;35,97
29.05.2017 07:00;29.05.2017 08:00;42,7
29.05.2017 08:00;29.05.2017 09:00;43,06
29.05.2017 09:00;29.05.2017 10:00;42,71
29.05.2017 10:00;29.05.2017 11:00;41,82
29.05.2017 11:00;29.05.2017 12:00;41,32
29.05.2017 12:00;29.05.2017 13:00;37,99
29.05.2017 13:00;29.05.2017 14:00;37,41
29.05.2017 14:00;29.05.2017 15:00;35,58
29.05.2017 15:00;29.05.2017 16:00;36,32
29.05.2017 16:00;29.05.2017 17:00;37,91
29.05.2017 17:00;29.05.2017 18:00;42,18
29.05.2017 18:00;29.05.2017 19:00;44,08
29.05.2017 19:00;29.05.2017 20:00;46,15
29.05.2017 20:00;29.05.2017 21:00;43,76
29.05.2017 21:00;29.05.2017 22:00;42,02
29.05.2017 22:00;29.05.2017 23:00;40,91
29.05.2017 23:00;30.05.2017 00:00;32,69
30.05.2017 00:00;30.05.2017 01:00;35,81
30.05.2017 01:00;30.05.2017 02:00;32,55
30.05.2017 02:00;30.05.2017 03:00;30,93
30.05.2017 03:00;30.05.2017 04:00;28,77
30.05.2017 04:00;30.05.2017 05:00;28,41
30.05.2017 05:00;30.05.2017 06:00;31,3
30.05.2017 06:00;30.05.2017 07:00;38,05
30.05.2017 07:00;30.05.2017 08:00;49,6
30.05.2017 08:00;30.05.2017 09:00;52,23
30.05.2017 09:00;30.05.2017 10:00;50,08
30.05.2017 10:00;30.05.2017 11:00;45,02
30.05.2017 11:00;30.05.2017 12:00;43,26
30.05.2017 12:00;30.05.2017 13:00;35,0
30.05.2017 13:00;30.05.2017 14:00;31,09
30.05.2017 14:00;30.05.2017 15:00;30,3
30.05.2017 15:00;30.05.2017 16:00;30,95
30.05.2017 16:00;30.05.2017 17:00;31,57
30.05.2017 17:00;30.05.2017 18:00;35,1
30.05.2017 18:00;30.05.2017 19:00;39,91
30.05.2017 19:00;30.05.2017 20:00;41,96
30.05.2017 20:00;30.05.2017 21:00;40,06
30.05.2017 21:00;30.05.2017 22:00;39,21
30.05.2017 22:00;30.05.2017 23:00;34,44
30.05.2017 23:00;31.05.2017 00:00;28,44
31.05.2017 00:00;31.05.2017 01:00;28,68
31.05.2017 01:00;31.05.2017 02:00;28,38
31.05.2017 02:00;31.05.2017 03:00;27,28
31.05.2017 03:00;31.05.2017 04:00;27,09
31.05.2017 04:00;31.05.2017 05:00;27,37
31.05.2017 05:00;31.05.2017 06:00;28,33
31.05.2017 06:00;31.05.2017 07:00;32,09
31.05.2017 07:00;31.05.2017 08:00;39,07
31.05.2017 08:00;31.05.2017 09:00;39,94
31.05.2017 09:00;31.05.2017 10:00;35,13
31.05.2017 10:00;31.05.2017 11:00;30,08
31.05.2017 11:00;31.05.2017 12:00;29,61
31.05.2017 12:00;31.05.2017 13:00;29,75
31.05.2017 13:00;31.05.2017 14:00;28,7
31.05.2017 14:00;31.05.2017 15:00;28,37
31.05.2017 15:00;31.05.2017 16:00;29,98
31.05.2017 16:00;31.05.2017 17:00;29,9
31.05.2017 17:00;31.05.2017 18:00;35,29
31.05.2017 18:00;31.05.2017 19:00;38,95
31.05.2017 19:00;31.05.2017 20:00;42,11
31.05.2017 20:00;31.05.2017 21:00;41,45
31.05.2017 21:00;31.05.2017 22:00;41,75
31.05.2017 22:00;31.05.2017 23:00;40,51
31.05.2017 23:00;01.06.2017 00:00;31,2
01.06.2017 00:00;01.06.2017 01:00;30,51
01.06.2017 01:00;01.06.2017 02:00;28,85
01.06.2017 02:00;01.06.2017 03:00;28,94
01.06.2017 03:00;01.06.2017 04:00;29,1
01.06.2017 04:00;01.06.2017 05:00;28,8
01.06.2017 05:00;01.06.2017 06:00;28,81
01.06.2017 06:00;01.06.2017 07:00;34,43
01.06.2017 07:00;01.06.2017 08:00;39,35
01.06.2017 08:00;01.06.2017 09:00;41,28
01.06.2017 09:00;01.06.2017 10:00;38,03
01.06.2017 10:00;01.06.2017 11:00;33,24
01.06.2017 11:00;01.06.2017 12:00;33,0
01.06.2017 12:00;01.06.2017 13:00;31,01
01.06.2017 13:00;01.06.2017 14:00;31,86
01.06.2017 14:00;01.06.2017 15:00;31,34
01.06.2017 15:00;01.06.2017 16:00;34,08
01.06.2017 16:00;01.06.2017 17:00;35,08
01.06.2017 17:00;01.06.2017 18:00;40,96
01.06.2017 18:00;01.06.2017 19:00;44,92
01.06.2017 19:00;01.06.2017 20:00;50,0
01.06.2017 20:00;01.06.2017 21:00;46,88
01.06.2017 21:00;01.06.2017 22:00;44,91
01.06.2017 22:00;01.06.2017 23:00;44,95
01.06.2017 23:00;02.06.2017 00:00;39,94
02.06.2017 00:00;02.06.2017 01:00;30,41
02.06.2017 01:00;02.06.2017 02:00;29,32
02.06.2017 02:00;02.06.2017 03:00;28,38
02.06.2017 03:00;02.06.2017 04:00;28,04
02.06.2017 04:00;02.06.2017 05:00;28,32
02.06.2017 05:00;02.06.2017 06:00;28,36
02.06.2017 06:00;02.06.2017 07:00;35,33
02.06.2017 07:00;02.06.2017 08:00;40,24
02.06.2017 08:00;02.06.2017 09:00;41,5
02.06.2017 09:00;02.06.2017 10:00;39,96
02.06.2017 10:00;02.06.2017 11:00;38,67
02.06.2017 11:00;02.06.2017 12:00;37,89
02.06.2017 12:00;02.06.2017 13:00;37,34
02.06.2017 13:00;02.06.2017 14:00;35,08
02.06.2017 14:00;02.06.2017 15:00;33,62
02.06.2017 15:00;02.06.2017 16:00;34,82
02.06.2017 16:00;02.06.2017 17:00;35,96
02.06.2017 17:00;02.06.2017 18:00;39,7
02.06.2017 18:00;02.06.2017 19:00;42,78
02.06.2017 19:00;02.06.2017 20:00;44,9
02.06.2017 20:00;02.06.2017 21:00;43,52
02.06.2017 21:00;02.06.2017 22:00;41,98
02.06.2017 22:00;02.06.2017 23:00;41,96
02.06.2017 23:00;03.06.2017 00:00;36,64
03.06.2017 00:00;03.06.2017 01:00;30,08
03.06.2017 01:00;03.06.2017 02:00;30,76
03.06.2017 02:00;03.06.2017 03:00;28,74
03.06.2017 03:00;03.06.2017 04:00;27,06
03.06.2017 04:00;03.06.2017 05:00;26,49
03.06.2017 05:00;03.06.2017 06:00;25,0
03.06.2017 06:00;03.06.2017 07:00;26,51
03.06.2017 07:00;03.06.2017 08:00;26,89
03.06.2017 08:00;03.06.2017 09:00;30,79
03.06.2017 09:00;03.06.2017 10:00;31,25
03.06.2017 10:00;03.06.2017 11:00;28,31
03.06.2017 11:00;03.06.2017 12:00;27,03
03.06.2017 12:00;03.06.2017 13:00;26,49
03.06.2017 13:00;03.06.2017 14:00;26,93
03.06.2017 14:00;03.06.2017 15:00;26,71
03.06.2017 15:00;03.06.2017 16:00;26,97
03.06.2017 16:00;03.06.2017 17:00;28,29
03.06.2017 17:00;03.06.2017 18:00;33,94
03.06.2017 18:00;03.06.2017 19:00;37,3
03.06.2017 19:00;03.06.2017 20:00;38,16
03.06.2017 20:00;03.06.2017 21:00;36,96
03.06.2017 21:00;03.06.2017 22:00;36,97
03.06.2017 22:00;03.06.2017 23:00;38,57
03.06.2017 23:00;04.06.2017 00:00;35,91
04.06.2017 00:00;04.06.2017 01:00;29,93
04.06.2017 01:00;04.06.2017 02:00;26,93
04.06.2017 02:00;04.06.2017 03:00;23,24
04.06.2017 03:00;04.06.2017 04:00;22,54
04.06.2017 04:00;04.06.2017 05:00;21,58
04.06.2017 05:00;04.06.2017 06:00;19,5
04.06.2017 06:00;04.06.2017 07:00;19,85
04.06.2017 07:00;04.06.2017 08:00;20,33
04.06.2017 08:00;04.06.2017 09:00;22,55
04.06.2017 09:00;04.06.2017 10:00;23,79
04.06.2017 10:00;04.06.2017 11:00;22,99
04.06.2017 11:00;04.06.2017 12:00;23,06
04.06.2017 12:00;04.06.2017 13:00;19,34
04.06.2017 13:00;04.06.2017 14:00;15,08
04.06.2017 14:00;04.06.2017 15:00;9,98
04.06.2017 15:00;04.06.2017 16:00;10,41
04.06.2017 16:00;04.06.2017 17:00;3,43
04.06.2017 17:00;04.06.2017 18:00;10,23
04.06.2017 18:00;04.06.2017 19:00;25,76
04.06.2017 19:00;04.06.2017 20:00;31,06
04.06.2017 20:00;04.06.2017 21:00;34,91
04.06.2017 21:00;04.06.2017 22:00;34,99
04.06.2017 22:00;04.06.2017 23:00;39,91
04.06.2017 23:00;05.06.2017 00:00;34,9
05.06.2017 00:00;05.06.2017 01:00;28,92
05.06.2017 01:00;05.06.2017 02:00;24,72
05.06.2017 02:00;05.06.2017 03:00;23,09
05.06.2017 03:00;05.06.2017 04:00;22,22
05.06.2017 04:00;05.06.2017 05:00;22,19
05.06.2017 05:00;05.06.2017 06:00;23,09
05.06.2017 06:00;05.06.2017 07:00;24,1
05.06.2017 07:00;05.06.2017 08:00;24,62
05.06.2017 08:00;05.06.2017 09:00;27,02
05.06.2017 09:00;05.06.2017 10:00;27,12
05.06.2017 10:00;05.06.2017 11:00;24,35
05.06.2017 11:00;05.06.2017 12:00;25,31
05.06.2017 12:00;05.06.2017 13:00;24,52
05.06.2017 13:00;05.06.2017 14:00;24,11
05.06.2017 14:00;05.06.2017 15:00;23,08
05.06.2017 15:00;05.06.2017 16:00;23,84
05.06.2017 16:00;05.06.2017 17:00;26,86
05.06.2017 17:00;05.06.2017 18:00;30,02
05.06.2017 18:00;05.06.2017 19:00;35,94
05.06.2017 19:00;05.06.2017 20:00;39,01
05.06.2017 20:00;05.06.2017 21:00;39,65
05.06.2017 21:00;05.06.2017 22:00;38,61
05.06.2017 22:00;05.06.2017 23:00;38,42
05.06.2017 23:00;06.06.2017 00:00;30,14
06.06.2017 00:00;06.06.2017 01:00;24,22
06.06.2017 01:00;06.06.2017 02:00;19,3
06.06.2017 02:00;06.06.2017 03:00;14,49
06.06.2017 03:00;06.06.2017 04:00;10,54
06.06.2017 04:00;06.06.2017 05:00;10,22
06.06.2017 05:00;06.06.2017 06:00;13,38
06.06.2017 06:00;06.06.2017 07:00;29,22
06.06.2017 07:00;06.06.2017 08:00;30,36
06.06.2017 08:00;06.06.2017 09:00;36,08
06.06.2017 09:00;06.06.2017 10:00;30,11
06.06.2017 10:00;06.06.2017 11:00;28,09
06.06.2017 11:00;06.06.2017 12:00;27,27
06.06.2017 12:00;06.06.2017 13:00;25,95
06.06.2017 13:00;06.06.2017 14:00;23,45
06.06.2017 14:00;06.06.2017 15:00;22,67
06.06.2017 15:00;06.06.2017 16:00;19,94
06.06.2017 16:00;06.06.2017 17:00;18,62
06.06.2017 17:00;06.06.2017 18:00;20,04
06.06.2017 18:00;06.06.2017 19:00;22,72
06.06.2017 19:00;06.06.2017 20:00;23,08
06.06.2017 20:00;06.06.2017 21:00;21,92
06.06.2017 21:00;06.06.2017 22:00;20,44
06.06.2017 22:00;06.06.2017 23:00;20,23
06.06.2017 23:00;07.06.2017 00:00;4,39
07.06.2017 00:00;07.06.2017 01:00;10,67
07.06.2017 01:00;07.06.2017 02:00;8,8
07.06.2017 02:00;07.06.2017 03:00;6,82
07.06.2017 03:00;07.06.2017 04:00;2,1
07.06.2017 04:00;07.06.2017 05:00;1,74
07.06.2017 05:00;07.06.2017 06:00;5,26
07.06.2017 06:00;07.06.2017 07:00;12,33
07.06.2017 07:00;07.06.2017 08:00;23,07
07.06.2017 08:00;07.06.2017 09:00;18,06
07.06.2017 09:00;07.06.2017 10:00;10,05
07.06.2017 10:00;07.06.2017 11:00;9,66
07.06.2017 11:00;07.06.2017 12:00;10,3
07.06.2017 12:00;07.06.2017 13:00;9,65
07.06.2017 13:00;07.06.2017 14:00;10,19
07.06.2017 14:00;07.06.2017 15:00;8,97
07.06.2017 15:00;07.06.2017 16:00;9,71
07.06.2017 16:00;07.06.2017 17:00;10,17
07.06.2017 17:00;07.06.2017 18:00;11,79
07.06.2017 18:00;07.06.2017 19:00;20,37
07.06.2017 19:00;07.06.2017 20:00;25,78
07.06.2017 20:00;07.06.2017 21:00;24,08
07.06.2017 21:00;07.06.2017 22:00;25,56
07.06.2017 22:00;07.06.2017 23:00;25,45
07.06.2017 23:00;08.06.2017 00:00;18,93
08.06.2017 00:00;08.06.2017 01:00;14,09
08.06.2017 01:00;08.06.2017 02:00;10,2
08.06.2017 02:00;08.06.2017 03:00;9,91
08.06.2017 03:00;08.06.2017 04:00;9,86
08.06.2017 04:00;08.06.2017 05:00;9,92
08.06.2017 05:00;08.06.2017 06:00;19,06
08.06.2017 06:00;08.06.2017 07:00;32,77
08.06.2017 07:00;08.06.2017 08:00;35,51
08.06.2017 08:00;08.06.2017 09:00;35,51
08.06.2017 09:00;08.06.2017 10:00;33,65
08.06.2017 10:00;08.06.2017 11:00;32,25
08.06.2017 11:00;08.06.2017 12:00;32,45
08.06.2017 12:00;08.06.2017 13:00;31,13
08.06.2017 13:00;08.06.2017 14:00;30,0
08.06.2017 14:00;08.06.2017 15:00;29,88
08.06.2017 15:00;08.06.2017 16:00;30,02
08.06.2017 16:00;08.06.2017 17:00;31,65
08.06.2017 17:00;08.06.2017 18:00;34,79
08.06.2017 18:00;08.06.2017 19:00;38,01
08.06.2017 19:00;08.06.2017 20:00;43,91
08.06.2017 20:00;08.06.2017 21:00;41,87
08.06.2017 21:00;08.06.2017 22:00;37,6
08.06.2017 22:00;08.06.2017 23:00;36,13
08.06.2017 23:00;09.06.2017 00:00;30,75
09.06.2017 00:00;09.06.2017 01:00;28,18
09.06.2017 01:00;09.06.2017 02:00;27,92
09.06.2017 02:00;09.06.2017 03:00;25,88
09.06.2017 03:00;09.06.2017 04:00;24,63
09.06.2017 04:00;09.06.2017 05:00;24,9
09.06.2017 05:00;09.06.2017 06:00;28,21
09.06.2017 06:00;09.06.2017 07:00;33,29
09.06.2017 07:00;09.06.2017 08:00;39,38
09.06.2017 08:00;09.06.2017 09:00;42,59
09.06.2017 09:00;09.06.2017 10:00;40,59
09.06.2017 10:00;09.06.2017 11:00;40,22
09.06.2017 11:00;09.06.2017 12:00;40,81
09.06.2017 12:00;09.06.2017 13:00;36,38
09.06.2017 13:00;09.06.2017 14:00;33,83
09.06.2017 14:00;09.06.2017 15:00;31,05
09.06.2017 15:00;09.06.2017 16:00;29,09
09.06.2017 16:00;09.06.2017 17:00;29,69
09.06.2017 17:00;09.06.2017 18:00;31,44
09.06.2017 18:00;09.06.2017 19:00;33,2
09.06.2017 19:00;09.06.2017 20:00;35,07
09.06.2017 20:00;09.06.2017 21:00;34,97
09.06.2017 21:00;09.06.2017 22:00;35,9
09.06.2017 22:00;09.06.2017 23:00;37,86
09.06.2017 23:00;10.06.2017 00:00;36,01
10.06.2017 00:00;10.06.2017 01:00;34,65
10.06.2017 01:00;10.06.2017 02:00;31,92
10.06.2017 02:00;10.06.2017 03:00;28,9
10.06.2017 03:00;10.06.2017 04:00;27,68
10.06.2017 04:00;10.06.2017 05:00;27,06
10.06.2017 05:00;10.06.2017 06:00;27,05
10.06.2017 06:00;10.06.2017 07:00;27,79
10.06.2017 07:00;10.06.2017 08:00;29,71
10.06.2017 08:00;10.06.2017 09:00;30,9
10.06.2017 09:00;10.06.2017 10:00;31,94
10.06.2017 10:00;10.06.2017 11:00;29,9
10.06.2017 11:00;10.06.2017 12:00;29,94
10.06.2017 12:00;10.06.2017 13:00;28,35
10.06.2017 13:00;10.06.2017 14:00;25,86
10.06.2017 14:00;10.06.2017 15:00;25,01
10.06.2017 15:00;10.06.2017 16:00;25,03
10.06.2017 16:00;10.06.2017 17:00;26,6
10.06.2017 17:00;10.06.2017 18:00;29,1
10.06.2017 18:00;10.06.2017 19:00;35,41
10.06.2017 19:00;10.06.2017 20:00;38,24
10.06.2017 20:00;10.06.2017 21:00;38,78
10.06.2017 21:00;10.06.2017 22:00;38,28
10.06.2017 22:00;10.06.2017 23:00;39,68
10.06.2017 23:00;11.06.2017 00:00;36,94
11.06.2017 00:00;11.06.2017 01:00;29,1
11.06.2017 01:00;11.06.2017 02:00;25,12
11.06.2017 02:00;11.06.2017 03:00;21,78
11.06.2017 03:00;11.06.2017 04:00;18,0
11.06.2017 04:00;11.06.2017 05:00;15,39
11.06.2017 05:00;11.06.2017 06:00;12,6
11.06.2017 06:00;11.06.2017 07:00;12,84
11.06.2017 07:00;11.06.2017 08:00;16,49
11.06.2017 08:00;11.06.2017 09:00;18,0
11.06.2017 09:00;11.06.2017 10:00;18,75
11.06.2017 10:00;11.06.2017 11:00;18,95
11.06.2017 11:00;11.06.2017 12:00;20,58
11.06.2017 12:00;11.06.2017 13:00;10,19
11.06.2017 13:00;11.06.2017 14:00;8,35
11.06.2017 14:00;11.06.2017 15:00;10,34
11.06.2017 15:00;11.06.2017 16:00;10,18
11.06.2017 16:00;11.06.2017 17:00;18,87
11.06.2017 17:00;11.06.2017 18:00;23,58
11.06.2017 18:00;11.06.2017 19:00;30,36
11.06.2017 19:00;11.06.2017 20:00;33,13
11.06.2017 20:00;11.06.2017 21:00;33,62
11.06.2017 21:00;11.06.2017 22:00;33,4
11.06.2017 22:00;11.06.2017 23:00;33,7
11.06.2017 23:00;12.06.2017 00:00;28,61
12.06.2017 00:00;12.06.2017 01:00;25,02
12.06.2017 01:00;12.06.2017 02:00;20,66
12.06.2017 02:00;12.06.2017 03:00;18,15
12.06.2017 03:00;12.06.2017 04:00;14,6
12.06.2017 04:00;12.06.2017 05:00;15,66
12.06.2017 05:00;12.06.2017 06:00;20,37
12.06.2017 06:00;12.06.2017 07:00;30,08
12.06.2017 07:00;12.06.2017 08:00;36,04
12.06.2017 08:00;12.06.2017 09:00;36,45
12.06.2017 09:00;12.06.2017 10:00;34,49
12.06.2017 10:00;12.06.2017 11:00;28,81
12.06.2017 11:00;12.06.2017 12:00;26,83
12.06.2017 12:00;12.06.2017 13:00;18,51
12.06.2017 13:00;12.06.2017 14:00;11,31
12.06.2017 14:00;12.06.2017 15:00;10,92
12.06.2017 15:00;12.06.2017 16:00;11,72
12.06.2017 16:00;12.06.2017 17:00;10,01
12.06.2017 17:00;12.06.2017 18:00;19,77
12.06.2017 18:00;12.06.2017 19:00;28,98
12.06.2017 19:00;12.06.2017 20:00;35,91
12.06.2017 20:00;12.06.2017 21:00;35,91
12.06.2017 21:00;12.06.2017 22:00;35,43
12.06.2017 22:00;12.06.2017 23:00;36,99
12.06.2017 23:00;13.06.2017 00:00;29,97
13.06.2017 00:00;13.06.2017 01:00;28,06
13.06.2017 01:00;13.06.2017 02:00;27,0
13.06.2017 02:00;13.06.2017 03:00;24,63
13.06.2017 03:00;13.06.2017 04:00;23,47
13.06.2017 04:00;13.06.2017 05:00;23,95
13.06.2017 05:00;13.06.2017 06:00;25,5
13.06.2017 06:00;13.06.2017 07:00;33,12
13.06.2017 07:00;13.06.2017 08:00;39,47
13.06.2017 08:00;13.06.2017 09:00;40,0
13.06.2017 09:00;13.06.2017 10:00;33,9
13.06.2017 10:00;13.06.2017 11:00;29,92
13.06.2017 11:00;13.06.2017 12:00;29,65
13.06.2017 12:00;13.06.2017 13:00;28,07
13.06.2017 13:00;13.06.2017 14:00;28,43
13.06.2017 14:00;13.06.2017 15:00;28,46
13.06.2017 15:00;13.06.2017 16:00;29,17
13.06.2017 16:00;13.06.2017 17:00;33,98
13.06.2017 17:00;13.06.2017 18:00;36,9
13.06.2017 18:00;13.06.2017 19:00;38,52
13.06.2017 19:00;13.06.2017 20:00;42,92
13.06.2017 20:00;13.06.2017 21:00;41,95
13.06.2017 21:00;13.06.2017 22:00;40,96
13.06.2017 22:00;13.06.2017 23:00;41,12
13.06.2017 23:00;14.06.2017 00:00;36,9
14.06.2017 00:00;14.06.2017 01:00;32,21
14.06.2017 01:00;14.06.2017 02:00;29,18
14.06.2017 02:00;14.06.2017 03:00;28,95
14.06.2017 03:00;14.06.2017 04:00;27,86
14.06.2017 04:00;14.06.2017 05:00;27,5
14.06.2017 05:00;14.06.2017 06:00;28,98
14.06.2017 06:00;14.06.2017 07:00;34,4
14.06.2017 07:00;14.06.2017 08:00;41,26
14.06.2017 08:00;14.06.2017 09:00;43,76
14.06.2017 09:00;14.06.2017 10:00;41,63
14.06.2017 10:00;14.06.2017 11:00;41,12
14.06.2017 11:00;14.06.2017 12:00;39,93
14.06.2017 12:00;14.06.2017 13:00;36,94
14.06.2017 13:00;14.06.2017 14:00;35,99
14.06.2017 14:00;14.06.2017 15:00;35,92
14.06.2017 15:00;14.06.2017 16:00;35,02
14.06.2017 16:00;14.06.2017 17:00;35,85
14.06.2017 17:00;14.06.2017 18:00;40,53
14.06.2017 18:00;14.06.2017 19:00;45,26
14.06.2017 19:00;14.06.2017 20:00;49,95
14.06.2017 20:00;14.06.2017 21:00;44,64
14.06.2017 21:00;14.06.2017 22:00;42,91
14.06.2017 22:00;14.06.2017 23:00;42,8
14.06.2017 23:00;15.06.2017 00:00;35,44
15.06.2017 00:00;15.06.2017 01:00;33,0
15.06.2017 01:00;15.06.2017 02:00;31,04
15.06.2017 02:00;15.06.2017 03:00;30,97
15.06.2017 03:00;15.06.2017 04:00;29,39
15.06.2017 04:00;15.06.2017 05:00;28,8
15.06.2017 05:00;15.06.2017 06:00;28,88
15.06.2017 06:00;15.06.2017 07:00;32,02
15.06.2017 07:00;15.06.2017 08:00;37,81
15.06.2017 08:00;15.06.2017 09:00;38,0
15.06.2017 09:00;15.06.2017 10:00;35,49
15.06.2017 10:00;15.06.2017 11:00;29,95
15.06.2017 11:00;15.06.2017 12:00;31,97
15.06.2017 12:00;15.06.2017 13:00;28,44
15.06.2017 13:00;15.06.2017 14:00;27,73
15.06.2017 14:00;15.06.2017 15:00;28,55
15.06.2017 15:00;15.06.2017 16:00;27,16
15.06.2017 16:00;15.06.2017 17:00;29,51
15.06.2017 17:00;15.06.2017 18:00;33,81
15.06.2017 18:00;15.06.2017 19:00;36,9
15.06.2017 19:00;15.06.2017 20:00;37,01
15.06.2017 20:00;15.06.2017 21:00;36,62
15.06.2017 21:00;15.06.2017 22:00;35,02
15.06.2017 22:00;15.06.2017 23:00;34,58
15.06.2017 23:00;16.06.2017 00:00;30,0
16.06.2017 00:00;16.06.2017 01:00;28,5
16.06.2017 01:00;16.06.2017 02:00;23,93
16.06.2017 02:00;16.06.2017 03:00;22,0
16.06.2017 03:00;16.06.2017 04:00;21,07
16.06.2017 04:00;16.06.2017 05:00;21,05
16.06.2017 05:00;16.06.2017 06:00;22,41
16.06.2017 06:00;16.06.2017 07:00;28,69
16.06.2017 07:00;16.06.2017 08:00;33,53
16.06.2017 08:00;16.06.2017 09:00;28,66
16.06.2017 09:00;16.06.2017 10:00;27,32
16.06.2017 10:00;16.06.2017 11:00;21,97
16.06.2017 11:00;16.06.2017 12:00;18,84
16.06.2017 12:00;16.06.2017 13:00;9,82
16.06.2017 13:00;16.06.2017 14:00;7,53
16.06.2017 14:00;16.06.2017 15:00;0,88
16.06.2017 15:00;16.06.2017 16:00;1,52
16.06.2017 16:00;16.06.2017 17:00;7,51
16.06.2017 17:00;16.06.2017 18:00;10,1
16.06.2017 18:00;16.06.2017 19:00;20,73
16.06.2017 19:00;16.06.2017 20:00;25,08
16.06.2017 20:00;16.06.2017 21:00;26,49
16.06.2017 21:00;16.06.2017 22:00;26,56
16.06.2017 22:00;16.06.2017 23:00;28,67
16.06.2017 23:00;17.06.2017 00:00;21,83
17.06.2017 00:00;17.06.2017 01:00;19,81
17.06.2017 01:00;17.06.2017 02:00;14,97
17.06.2017 02:00;17.06.2017 03:00;17,08
17.06.2017 03:00;17.06.2017 04:00;19,49
17.06.2017 04:00;17.06.2017 05:00;18,46
17.06.2017 05:00;17.06.2017 06:00;19,77
17.06.2017 06:00;17.06.2017 07:00;19,14
17.06.2017 07:00;17.06.2017 08:00;21,0
17.06.2017 08:00;17.06.2017 09:00;23,01
17.06.2017 09:00;17.06.2017 10:00;23,49
17.06.2017 10:00;17.06.2017 11:00;22,76
17.06.2017 11:00;17.06.2017 12:00;22,35
17.06.2017 12:00;17.06.2017 13:00;21,03
17.06.2017 13:00;17.06.2017 14:00;21,08
17.06.2017 14:00;17.06.2017 15:00;20,16
17.06.2017 15:00;17.06.2017 16:00;20,1
17.06.2017 16:00;17.06.2017 17:00;22,68
17.06.2017 17:00;17.06.2017 18:00;27,62
17.06.2017 18:00;17.06.2017 19:00;31,63
17.06.2017 19:00;17.06.2017 20:00;35,1
17.06.2017 20:00;17.06.2017 21:00;35,83
17.06.2017 21:00;17.06.2017 22:00;36,97
17.06.2017 22:00;17.06.2017 23:00;38,0
17.06.2017 23:00;18.06.2017 00:00;35,85
18.06.2017 00:00;18.06.2017 01:00;35,99
18.06.2017 01:00;18.06.2017 02:00;30,08
18.06.2017 02:00;18.06.2017 03:00;28,53
18.06.2017 03:00;18.06.2017 04:00;26,81
18.06.2017 04:00;18.06.2017 05:00;25,11
18.06.2017 05:00;18.06.2017 06:00;24,29
18.06.2017 06:00;18.06.2017 07:00;24,33
18.06.2017 07:00;18.06.2017 08:00;25,68
18.06.2017 08:00;18.06.2017 09:00;25,54
18.06.2017 09:00;18.06.2017 10:00;24,4
18.06.2017 10:00;18.06.2017 11:00;24,34
18.06.2017 11:00;18.06.2017 12:00;24,24
18.06.2017 12:00;18.06.2017 13:00;24,13
18.06.2017 13:00;18.06.2017 14:00;23,53
18.06.2017 14:00;18.06.2017 15:00;21,98
18.06.2017 15:00;18.06.2017 16:00;22,9
18.06.2017 16:00;18.06.2017 17:00;23,6
18.06.2017 17:00;18.06.2017 18:00;27,18
18.06.2017 18:00;18.06.2017 19:00;33,52
18.06.2017 19:00;18.06.2017 20:00;37,48
18.06.2017 20:00;18.06.2017 21:00;38,98
18.06.2017 21:00;18.06.2017 22:00;39,09
18.06.2017 22:00;18.06.2017 23:00;41,22
18.06.2017 23:00;19.06.2017 00:00;37,08
19.06.2017 00:00;19.06.2017 01:00;33,88
19.06.2017 01:00;19.06.2017 02:00;30,2
19.06.2017 02:00;19.06.2017 03:00;29,1
19.06.2017 03:00;19.06.2017 04:00;28,67
19.06.2017 04:00;19.06.2017 05:00;28,57
19.06.2017 05:00;19.06.2017 06:00;29,1
19.06.2017 06:00;19.06.2017 07:00;38,3
19.06.2017 07:00;19.06.2017 08:00;42,97
19.06.2017 08:00;19.06.2017 09:00;44,03
19.06.2017 09:00;19.06.2017 10:00;40,98
19.06.2017 10:00;19.06.2017 11:00;38,24
19.06.2017 11:00;19.06.2017 12:00;38,49
19.06.2017 12:00;19.06.2017 13:00;34,96
19.06.2017 13:00;19.06.2017 14:00;35,06
19.06.2017 14:00;19.06.2017 15:00;35,88
19.06.2017 15:00;19.06.2017 16:00;38,33
19.06.2017 16:00;19.06.2017 17:00;39,51
19.06.2017 17:00;19.06.2017 18:00;42,1
19.06.2017 18:00;19.06.2017 19:00;45,6
19.06.2017 19:00;19.06.2017 20:00;49,99
19.06.2017 20:00;19.06.2017 21:00;45,4
19.06.2017 21:00;19.06.2017 22:00;44,13
19.06.2017 22:00;19.06.2017 23:00;43,68
19.06.2017 23:00;20.06.2017 00:00;36,66
20.06.2017 00:00;20.06.2017 01:00;32,39
20.06.2017 01:00;20.06.2017 02:00;32,1
20.06.2017 02:00;20.06.2017 03:00;30,15
20.06.2017 03:00;20.06.2017 04:00;28,74
20.06.2017 04:00;20.06.2017 05:00;28,47
20.06.2017 05:00;20.06.2017 06:00;30,47
20.06.2017 06:00;20.06.2017 07:00;36,81
20.06.2017 07:00;20.06.2017 08:00;43,36
20.06.2017 08:00;20.06.2017 09:00;44,02
20.06.2017 09:00;20.06.2017 10:00;42,3
20.06.2017 10:00;20.06.2017 11:00;39,66
20.06.2017 11:00;20.06.2017 12:00;36,99
20.06.2017 12:00;20.06.2017 13:00;32,75
20.06.2017 13:00;20.06.2017 14:00;32,0
20.06.2017 14:00;20.06.2017 15:00;31,84
20.06.2017 15:00;20.06.2017 16:00;31,86
20.06.2017 16:00;20.06.2017 17:00;31,99
20.06.2017 17:00;20.06.2017 18:00;37,34
20.06.2017 18:00;20.06.2017 19:00;38,08
20.06.2017 19:00;20.06.2017 20:00;39,71
20.06.2017 20:00;20.06.2017 21:00;39,95
20.06.2017 21:00;20.06.2017 22:00;38,9
20.06.2017 22:00;20.06.2017 23:00;38,57
20.06.2017 23:00;21.06.2017 00:00;34,91
21.06.2017 00:00;21.06.2017 01:00;32,05
21.06.2017 01:00;21.06.2017 02:00;31,94
21.06.2017 02:00;21.06.2017 03:00;31,34
21.06.2017 03:00;21.06.2017 04:00;30,87
21.06.2017 04:00;21.06.2017 05:00;30,68
21.06.2017 05:00;21.06.2017 06:00;30,92
21.06.2017 06:00;21.06.2017 07:00;38,41
21.06.2017 07:00;21.06.2017 08:00;44,02
21.06.2017 08:00;21.06.2017 09:00;44,65
21.06.2017 09:00;21.06.2017 10:00;43,24
21.06.2017 10:00;21.06.2017 11:00;40,06
21.06.2017 11:00;21.06.2017 12:00;39,54
21.06.2017 12:00;21.06.2017 13:00;37,64
21.06.2017 13:00;21.06.2017 14:00;36,09
21.06.2017 14:00;21.06.2017 15:00;33,65
21.06.2017 15:00;21.06.2017 16:00;34,69
21.06.2017 16:00;21.06.2017 17:00;38,2
21.06.2017 17:00;21.06.2017 18:00;45,64
21.06.2017 18:00;21.06.2017 19:00;50,94
21.06.2017 19:00;21.06.2017 20:00;56,95
21.06.2017 20:00;21.06.2017 21:00;51,03
21.06.2017 21:00;21.06.2017 22:00;45,44
21.06.2017 22:00;21.06.2017 23:00;44,05
21.06.2017 23:00;22.06.2017 00:00;36,68
22.06.2017 00:00;22.06.2017 01:00;35,94
22.06.2017 01:00;22.06.2017 02:00;34,45
22.06.2017 02:00;22.06.2017 03:00;32,04
22.06.2017 03:00;22.06.2017 04:00;30,96
22.06.2017 04:00;22.06.2017 05:00;29,2
22.06.2017 05:00;22.06.2017 06:00;30,2
22.06.2017 06:00;22.06.2017 07:00;36,46
22.06.2017 07:00;22.06.2017 08:00;42,39
22.06.2017 08:00;22.06.2017 09:00;44,8
22.06.2017 09:00;22.06.2017 10:00;40,88
22.06.2017 10:00;22.06.2017 11:00;38,91
22.06.2017 11:00;22.06.2017 12:00;37,15
22.06.2017 12:00;22.06.2017 13:00;34,96
22.06.2017 13:00;22.06.2017 14:00;31,71
22.06.2017 14:00;22.06.2017 15:00;30,29
22.06.2017 15:00;22.06.2017 16:00;30,37
22.06.2017 16:00;22.06.2017 17:00;30,17
22.06.2017 17:00;22.06.2017 18:00;37,43
22.06.2017 18:00;22.06.2017 19:00;39,9
22.06.2017 19:00;22.06.2017 20:00;41,91
22.06.2017 20:00;22.06.2017 21:00;38,99
22.06.2017 21:00;22.06.2017 22:00;37,56
22.06.2017 22:00;22.06.2017 23:00;36,07
22.06.2017 23:00;23.06.2017 00:00;30,95
23.06.2017 00:00;23.06.2017 01:00;25,33
23.06.2017 01:00;23.06.2017 02:00;23,55
23.06.2017 02:00;23.06.2017 03:00;22,43
23.06.2017 03:00;23.06.2017 04:00;21,41
23.06.2017 04:00;23.06.2017 05:00;21,59
23.06.2017 05:00;23.06.2017 06:00;23,34
23.06.2017 06:00;23.06.2017 07:00;28,09
23.06.2017 07:00;23.06.2017 08:00;36,26
23.06.2017 08:00;23.06.2017 09:00;38,28
23.06.2017 09:00;23.06.2017 10:00;34,09
23.06.2017 10:00;23.06.2017 11:00;30,45
23.06.2017 11:00;23.06.2017 12:00;29,05
23.06.2017 12:00;23.06.2017 13:00;27,77
23.06.2017 13:00;23.06.2017 14:00;26,1
23.06.2017 14:00;23.06.2017 15:00;25,07
23.06.2017 15:00;23.06.2017 16:00;24,98
23.06.2017 16:00;23.06.2017 17:00;25,01
23.06.2017 17:00;23.06.2017 18:00;29,06
23.06.2017 18:00;23.06.2017 19:00;36,46
23.06.2017 19:00;23.06.2017 20:00;38,42
23.06.2017 20:00;23.06.2017 21:00;38,44
23.06.2017 21:00;23.06.2017 22:00;37,98
23.06.2017 22:00;23.06.2017 23:00;39,23
23.06.2017 23:00;24.06.2017 00:00;36,43
24.06.2017 00:00;24.06.2017 01:00;29,33
24.06.2017 01:00;24.06.2017 02:00;28,01
24.06.2017 02:00;24.06.2017 03:00;24,01
24.06.2017 03:00;24.06.2017 04:00;23,02
24.06.2017 04:00;24.06.2017 05:00;20,6
24.06.2017 05:00;24.06.2017 06:00;19,99
24.06.2017 06:00;24.06.2017 07:00;22,09
24.06.2017 07:00;24.06.2017 08:00;24,53
24.06.2017 08:00;24.06.2017 09:00;25,66
24.06.2017 09:00;24.06.2017 10:00;24,8
24.06.2017 10:00;24.06.2017 11:00;22,0
24.06.2017 11:00;24.06.2017 12:00;11,82
24.06.2017 12:00;24.06.2017 13:00;11,79
24.06.2017 13:00;24.06.2017 14:00;10,32
24.06.2017 14:00;24.06.2017 15:00;7,38
24.06.2017 15:00;24.06.2017 16:00;9,77
24.06.2017 16:00;24.06.2017 17:00;12,64
24.06.2017 17:00;24.06.2017 18:00;20,31
24.06.2017 18:00;24.06.2017 19:00;29,59
24.06.2017 19:00;24.06.2017 20:00;31,07
24.06.2017 20:00;24.06.2017 21:00;29,82
24.06.2017 21:00;24.06.2017 22:00;31,38
24.06.2017 22:00;24.06.2017 23:00;31,94
24.06.2017 23:00;25.06.2017 00:00;29,75
25.06.2017 00:00;25.06.2017 01:00;28,06
25.06.2017 01:00;25.06.2017 02:00;23,59
25.06.2017 02:00;25.06.2017 03:00;20,79
25.06.2017 03:00;25.06.2017 04:00;18,25
25.06.2017 04:00;25.06.2017 05:00;14,45
25.06.2017 05:00;25.06.2017 06:00;10,25
25.06.2017 06:00;25.06.2017 07:00;10,26
25.06.2017 07:00;25.06.2017 08:00;17,69
25.06.2017 08:00;25.06.2017 09:00;17,77
25.06.2017 09:00;25.06.2017 10:00;16,11
25.06.2017 10:00;25.06.2017 11:00;13,29
25.06.2017 11:00;25.06.2017 12:00;13,61
25.06.2017 12:00;25.06.2017 13:00;11,27
25.06.2017 13:00;25.06.2017 14:00;7,32
25.06.2017 14:00;25.06.2017 15:00;0,65
25.06.2017 15:00;25.06.2017 16:00;3,3
25.06.2017 16:00;25.06.2017 17:00;8,17
25.06.2017 17:00;25.06.2017 18:00;17,01
25.06.2017 18:00;25.06.2017 19:00;21,69
25.06.2017 19:00;25.06.2017 20:00;29,21
25.06.2017 20:00;25.06.2017 21:00;33,94
25.06.2017 21:00;25.06.2017 22:00;35,21
25.06.2017 22:00;25.06.2017 23:00;38,91
25.06.2017 23:00;26.06.2017 00:00;36,21
26.06.2017 00:00;26.06.2017 01:00;33,29
26.06.2017 01:00;26.06.2017 02:00;30,8
26.06.2017 02:00;26.06.2017 03:00;28,03
26.06.2017 03:00;26.06.2017 04:00;26,16
26.06.2017 04:00;26.06.2017 05:00;23,96
26.06.2017 05:00;26.06.2017 06:00;26,21
26.06.2017 06:00;26.06.2017 07:00;37,12
26.06.2017 07:00;26.06.2017 08:00;39,43
26.06.2017 08:00;26.06.2017 09:00;38,98
26.06.2017 09:00;26.06.2017 10:00;34,43
26.06.2017 10:00;26.06.2017 11:00;28,85
26.06.2017 11:00;26.06.2017 12:00;28,09
26.06.2017 12:00;26.06.2017 13:00;27,49
26.06.2017 13:00;26.06.2017 14:00;27,35
26.06.2017 14:00;26.06.2017 15:00;26,2
26.06.2017 15:00;26.06.2017 16:00;27,2
26.06.2017 16:00;26.06.2017 17:00;28,03
26.06.2017 17:00;26.06.2017 18:00;35,38
26.06.2017 18:00;26.06.2017 19:00;39,9
26.06.2017 19:00;26.06.2017 20:00;42,91
26.06.2017 20:00;26.06.2017 21:00;41,58
26.06.2017 21:00;26.06.2017 22:00;40,55
26.06.2017 22:00;26.06.2017 23:00;42,4
26.06.2017 23:00;27.06.2017 00:00;38,46
27.06.2017 00:00;27.06.2017 01:00;31,07
27.06.2017 01:00;27.06.2017 02:00;30,07
27.06.2017 02:00;27.06.2017 03:00;29,09
27.06.2017 03:00;27.06.2017 04:00;29,04
27.06.2017 04:00;27.06.2017 05:00;28,69
27.06.2017 05:00;27.06.2017 06:00;29,41
27.06.2017 06:00;27.06.2017 07:00;37,94
27.06.2017 07:00;27.06.2017 08:00;43,55
27.06.2017 08:00;27.06.2017 09:00;46,66
27.06.2017 09:00;27.06.2017 10:00;46,3
27.06.2017 10:00;27.06.2017 11:00;46,69
27.06.2017 11:00;27.06.2017 12:00;48,04
27.06.2017 12:00;27.06.2017 13:00;45,95
27.06.2017 13:00;27.06.2017 14:00;44,45
27.06.2017 14:00;27.06.2017 15:00;44,1
27.06.2017 15:00;27.06.2017 16:00;40,15
27.06.2017 16:00;27.06.2017 17:00;42,53
27.06.2017 17:00;27.06.2017 18:00;42,6
27.06.2017 18:00;27.06.2017 19:00;43,93
27.06.2017 19:00;27.06.2017 20:00;43,95
27.06.2017 20:00;27.06.2017 21:00;40,24
27.06.2017 21:00;27.06.2017 22:00;37,98
27.06.2017 22:00;27.06.2017 23:00;32,62
27.06.2017 23:00;28.06.2017 00:00;27,3
28.06.2017 00:00;28.06.2017 01:00;28,77
28.06.2017 01:00;28.06.2017 02:00;27,35
28.06.2017 02:00;28.06.2017 03:00;26,38
28.06.2017 03:00;28.06.2017 04:00;26,02
28.06.2017 04:00;28.06.2017 05:00;25,96
28.06.2017 05:00;28.06.2017 06:00;27,96
28.06.2017 06:00;28.06.2017 07:00;32,76
28.06.2017 07:00;28.06.2017 08:00;38,64
28.06.2017 08:00;28.06.2017 09:00;41,51
28.06.2017 09:00;28.06.2017 10:00;41,99
28.06.2017 10:00;28.06.2017 11:00;41,95
28.06.2017 11:00;28.06.2017 12:00;42,7
28.06.2017 12:00;28.06.2017 13:00;41,45
28.06.2017 13:00;28.06.2017 14:00;38,97
28.06.2017 14:00;28.06.2017 15:00;36,57
28.06.2017 15:00;28.06.2017 16:00;33,79
28.06.2017 16:00;28.06.2017 17:00;34,9
28.06.2017 17:00;28.06.2017 18:00;38,4
28.06.2017 18:00;28.06.2017 19:00;38,97
28.06.2017 19:00;28.06.2017 20:00;40,0
28.06.2017 20:00;28.06.2017 21:00;38,95
28.06.2017 21:00;28.06.2017 22:00;35,61
28.06.2017 22:00;28.06.2017 23:00;35,92
28.06.2017 23:00;29.06.2017 00:00;31,24
29.06.2017 00:00;29.06.2017 01:00;32,42
29.06.2017 01:00;29.06.2017 02:00;30,59
29.06.2017 02:00;29.06.2017 03:00;29,94
29.06.2017 03:00;29.06.2017 04:00;29,03
29.06.2017 04:00;29.06.2017 05:00;29,05
29.06.2017 05:00;29.06.2017 06:00;30,12
29.06.2017 06:00;29.06.2017 07:00;33,95
29.06.2017 07:00;29.06.2017 08:00;41,9
29.06.2017 08:00;29.06.2017 09:00;46,96
29.06.2017 09:00;29.06.2017 10:00;47,53
29.06.2017 10:00;29.06.2017 11:00;47,53
29.06.2017 11:00;29.06.2017 12:00;47,81
29.06.2017 12:00;29.06.2017 13:00;45,99
29.06.2017 13:00;29.06.2017 14:00;45,2
29.06.2017 14:00;29.06.2017 15:00;41,71
29.06.2017 15:00;29.06.2017 16:00;39,17
29.06.2017 16:00;29.06.2017 17:00;38,28
29.06.2017 17:00;29.06.2017 18:00;38,23
29.06.2017 18:00;29.06.2017 19:00;38,94
29.06.2017 19:00;29.06.2017 20:00;39,01
29.06.2017 20:00;29.06.2017 21:00;35,52
29.06.2017 21:00;29.06.2017 22:00;34,99
29.06.2017 22:00;29.06.2017 23:00;36,48
29.06.2017 23:00;30.06.2017 00:00;33,5
30.06.2017 00:00;30.06.2017 01:00;29,29
30.06.2017 01:00;30.06.2017 02:00;29,01
30.06.2017 02:00;30.06.2017 03:00;28,06
30.06.2017 03:00;30.06.2017 04:00;27,0
30.06.2017 04:00;30.06.2017 05:00;25,58
30.06.2017 05:00;30.06.2017 06:00;28,0
30.06.2017 06:00;30.06.2017 07:00;31,96
30.06.2017 07:00;30.06.2017 08:00;37,93
30.06.2017 08:00;30.06.2017 09:00;38,91
30.06.2017 09:00;30.06.2017 10:00;35,99
30.06.2017 10:00;30.06.2017 11:00;35,51
30.06.2017 11:00;30.06.2017 12:00;32,24
30.06.2017 12:00;30.06.2017 13:00;29,33
30.06.2017 13:00;30.06.2017 14:00;27,29
30.06.2017 14:00;30.06.2017 15:00;25,08
30.06.2017 15:00;30.06.2017 16:00;25,09
30.06.2017 16:00;30.06.2017 17:00;27,29
30.06.2017 17:00;30.06.2017 18:00;30,51
30.06.2017 18:00;30.06.2017 19:00;36,36
30.06.2017 19:00;30.06.2017 20:00;38,92
30.06.2017 20:00;30.06.2017 21:00;38,71
30.06.2017 21:00;30.06.2017 22:00;36,61
30.06.2017 22:00;30.06.2017 23:00;38,95
30.06.2017 23:00;01.07.2017 00:00;34,07
01.07.2017 00:00;01.07.2017 01:00;32,17
01.07.2017 01:00;01.07.2017 02:00;29,04
01.07.2017 02:00;01.07.2017 03:00;26,96
01.07.2017 03:00;01.07.2017 04:00;26,08
01.07.2017 04:00;01.07.2017 05:00;26,04
01.07.2017 05:00;01.07.2017 06:00;25,59
01.07.2017 06:00;01.07.2017 07:00;25,56
01.07.2017 07:00;01.07.2017 08:00;26,77
01.07.2017 08:00;01.07.2017 09:00;28,82
01.07.2017 09:00;01.07.2017 10:00;32,4
01.07.2017 10:00;01.07.2017 11:00;33,35
01.07.2017 11:00;01.07.2017 12:00;33,15
01.07.2017 12:00;01.07.2017 13:00;29,1
01.07.2017 13:00;01.07.2017 14:00;26,07
01.07.2017 14:00;01.07.2017 15:00;26,33
01.07.2017 15:00;01.07.2017 16:00;26,04
01.07.2017 16:00;01.07.2017 17:00;26,09
01.07.2017 17:00;01.07.2017 18:00;29,01
01.07.2017 18:00;01.07.2017 19:00;29,34
01.07.2017 19:00;01.07.2017 20:00;29,89
01.07.2017 20:00;01.07.2017 21:00;30,12
01.07.2017 21:00;01.07.2017 22:00;29,63
01.07.2017 22:00;01.07.2017 23:00;28,87
01.07.2017 23:00;02.07.2017 00:00;26,26
02.07.2017 00:00;02.07.2017 01:00;24,36
02.07.2017 01:00;02.07.2017 02:00;23,12
02.07.2017 02:00;02.07.2017 03:00;22,73
02.07.2017 03:00;02.07.2017 04:00;22,63
02.07.2017 04:00;02.07.2017 05:00;20,27
02.07.2017 05:00;02.07.2017 06:00;20,59
02.07.2017 06:00;02.07.2017 07:00;21,3
02.07.2017 07:00;02.07.2017 08:00;23,07
02.07.2017 08:00;02.07.2017 09:00;24,76
02.07.2017 09:00;02.07.2017 10:00;25,56
02.07.2017 10:00;02.07.2017 11:00;20,71
02.07.2017 11:00;02.07.2017 12:00;23,32
02.07.2017 12:00;02.07.2017 13:00;21,36
02.07.2017 13:00;02.07.2017 14:00;19,08
02.07.2017 14:00;02.07.2017 15:00;10,47
02.07.2017 15:00;02.07.2017 16:00;9,96
02.07.2017 16:00;02.07.2017 17:00;17,31
02.07.2017 17:00;02.07.2017 18:00;19,72
02.07.2017 18:00;02.07.2017 19:00;28,63
02.07.2017 19:00;02.07.2017 20:00;32,9
02.07.2017 20:00;02.07.2017 21:00;35,37
02.07.2017 21:00;02.07.2017 22:00;37,0
02.07.2017 22:00;02.07.2017 23:00;38,92
02.07.2017 23:00;03.07.2017 00:00;37,06
03.07.2017 00:00;03.07.2017 01:00;26,04
03.07.2017 01:00;03.07.2017 02:00;23,51
03.07.2017 02:00;03.07.2017 03:00;22,86
03.07.2017 03:00;03.07.2017 04:00;22,56
03.07.2017 04:00;03.07.2017 05:00;24,86
03.07.2017 05:00;03.07.2017 06:00;26,78
03.07.2017 06:00;03.07.2017 07:00;34,93
03.07.2017 07:00;03.07.2017 08:00;41,25
03.07.2017 08:00;03.07.2017 09:00;41,61
03.07.2017 09:00;03.07.2017 10:00;38,94
03.07.2017 10:00;03.07.2017 11:00;35,35
03.07.2017 11:00;03.07.2017 12:00;32,92
03.07.2017 12:00;03.07.2017 13:00;28,68
03.07.2017 13:00;03.07.2017 14:00;28,17
03.07.2017 14:00;03.07.2017 15:00;26,91
03.07.2017 15:00;03.07.2017 16:00;28,02
03.07.2017 16:00;03.07.2017 17:00;28,59
03.07.2017 17:00;03.07.2017 18:00;32,18
03.07.2017 18:00;03.07.2017 19:00;38,94
03.07.2017 19:00;03.07.2017 20:00;42,78
03.07.2017 20:00;03.07.2017 21:00;40,91
03.07.2017 21:00;03.07.2017 22:00;39,37
03.07.2017 22:00;03.07.2017 23:00;39,91
03.07.2017 23:00;04.07.2017 00:00;32,04
04.07.2017 00:00;04.07.2017 01:00;28,83
04.07.2017 01:00;04.07.2017 02:00;28,63
04.07.2017 02:00;04.07.2017 03:00;28,49
04.07.2017 03:00;04.07.2017 04:00;28,43
04.07.2017 04:00;04.07.2017 05:00;27,99
04.07.2017 05:00;04.07.2017 06:00;28,44
04.07.2017 06:00;04.07.2017 07:00;35,81
04.07.2017 07:00;04.07.2017 08:00;41,63
04.07.2017 08:00;04.07.2017 09:00;41,79
04.07.2017 09:00;04.07.2017 10:00;36,0
04.07.2017 10:00;04.07.2017 11:00;34,74
04.07.2017 11:00;04.07.2017 12:00;32,97
04.07.2017 12:00;04.07.2017 13:00;31,93
04.07.2017 13:00;04.07.2017 14:00;31,93
04.07.2017 14:00;04.07.2017 15:00;30,55
04.07.2017 15:00;04.07.2017 16:00;32,6
04.07.2017 16:00;04.07.2017 17:00;32,93
04.07.2017 17:00;04.07.2017 18:00;36,95
04.07.2017 18:00;04.07.2017 19:00;40,0
04.07.2017 19:00;04.07.2017 20:00;44,04
04.07.2017 20:00;04.07.2017 21:00;43,1
04.07.2017 21:00;04.07.2017 22:00;41,68
04.07.2017 22:00;04.07.2017 23:00;40,54
04.07.2017 23:00;05.07.2017 00:00;37,29
05.07.2017 00:00;05.07.2017 01:00;34,99
05.07.2017 01:00;05.07.2017 02:00;32,51
05.07.2017 02:00;05.07.2017 03:00;31,02
05.07.2017 03:00;05.07.2017 04:00;29,07
05.07.2017 04:00;05.07.2017 05:00;29,54
05.07.2017 05:00;05.07.2017 06:00;31,89
05.07.2017 06:00;05.07.2017 07:00;38,02
05.07.2017 07:00;05.07.2017 08:00;43,92
05.07.2017 08:00;05.07.2017 09:00;46,01
05.07.2017 09:00;05.07.2017 10:00;44,18
05.07.2017 10:00;05.07.2017 11:00;43,71
05.07.2017 11:00;05.07.2017 12:00;42,06
05.07.2017 12:00;05.07.2017 13:00;38,93
05.07.2017 13:00;05.07.2017 14:00;38,09
05.07.2017 14:00;05.07.2017 15:00;37,44
05.07.2017 15:00;05.07.2017 16:00;37,38
05.07.2017 16:00;05.07.2017 17:00;38,9
05.07.2017 17:00;05.07.2017 18:00;41,51
05.07.2017 18:00;05.07.2017 19:00;42,52
05.07.2017 19:00;05.07.2017 20:00;44,55
05.07.2017 20:00;05.07.2017 21:00;44,15
05.07.2017 21:00;05.07.2017 22:00;43,93
05.07.2017 22:00;05.07.2017 23:00;41,66
05.07.2017 23:00;06.07.2017 00:00;36,07
06.07.2017 00:00;06.07.2017 01:00;33,03
06.07.2017 01:00;06.07.2017 02:00;32,21
06.07.2017 02:00;06.07.2017 03:00;30,62
06.07.2017 03:00;06.07.2017 04:00;30,11
06.07.2017 04:00;06.07.2017 05:00;29,19
06.07.2017 05:00;06.07.2017 06:00;32,06
06.07.2017 06:00;06.07.2017 07:00;36,94
06.07.2017 07:00;06.07.2017 08:00;42,29
06.07.2017 08:00;06.07.2017 09:00;48,24
06.07.2017 09:00;06.07.2017 10:00;43,08
06.07.2017 10:00;06.07.2017 11:00;41,86
06.07.2017 11:00;06.07.2017 12:00;40,03
06.07.2017 12:00;06.07.2017 13:00;35,71
06.07.2017 13:00;06.07.2017 14:00;35,75
06.07.2017 14:00;06.07.2017 15:00;35,54
06.07.2017 15:00;06.07.2017 16:00;39,52
06.07.2017 16:00;06.07.2017 17:00;40,6
06.07.2017 17:00;06.07.2017 18:00;44,31
06.07.2017 18:00;06.07.2017 19:00;45,87
06.07.2017 19:00;06.07.2017 20:00;53,71
06.07.2017 20:00;06.07.2017 21:00;49,56
06.07.2017 21:00;06.07.2017 22:00;46,03
06.07.2017 22:00;06.07.2017 23:00;42,71
06.07.2017 23:00;07.07.2017 00:00;35,61
07.07.2017 00:00;07.07.2017 01:00;34,16
07.07.2017 01:00;07.07.2017 02:00;32,07
07.07.2017 02:00;07.07.2017 03:00;30,8
07.07.2017 03:00;07.07.2017 04:00;30,69
07.07.2017 04:00;07.07.2017 05:00;29,64
07.07.2017 05:00;07.07.2017 06:00;30,84
07.07.2017 06:00;07.07.2017 07:00;35,87
07.07.2017 07:00;07.07.2017 08:00;41,88
07.07.2017 08:00;07.07.2017 09:00;45,54
07.07.2017 09:00;07.07.2017 10:00;45,58
07.07.2017 10:00;07.07.2017 11:00;44,61
07.07.2017 11:00;07.07.2017 12:00;43,31
07.07.2017 12:00;07.07.2017 13:00;39,65
07.07.2017 13:00;07.07.2017 14:00;34,43
07.07.2017 14:00;07.07.2017 15:00;32,05
07.07.2017 15:00;07.07.2017 16:00;31,84
07.07.2017 16:00;07.07.2017 17:00;32,4
07.07.2017 17:00;07.07.2017 18:00;37,87
07.07.2017 18:00;07.07.2017 19:00;40,58
07.07.2017 19:00;07.07.2017 20:00;42,74
07.07.2017 20:00;07.07.2017 21:00;41,8
07.07.2017 21:00;07.07.2017 22:00;40,46
07.07.2017 22:00;07.07.2017 23:00;40,99
07.07.2017 23:00;08.07.2017 00:00;35,91
08.07.2017 00:00;08.07.2017 01:00;37,08
08.07.2017 01:00;08.07.2017 02:00;34,64
08.07.2017 02:00;08.07.2017 03:00;32,05
08.07.2017 03:00;08.07.2017 04:00;30,68
08.07.2017 04:00;08.07.2017 05:00;29,87
08.07.2017 05:00;08.07.2017 06:00;29,09
08.07.2017 06:00;08.07.2017 07:00;30,0
08.07.2017 07:00;08.07.2017 08:00;32,02
08.07.2017 08:00;08.07.2017 09:00;34,58
08.07.2017 09:00;08.07.2017 10:00;36,71
08.07.2017 10:00;08.07.2017 11:00;35,89
08.07.2017 11:00;08.07.2017 12:00;35,37
08.07.2017 12:00;08.07.2017 13:00;33,22
08.07.2017 13:00;08.07.2017 14:00;31,41
08.07.2017 14:00;08.07.2017 15:00;30,18
08.07.2017 15:00;08.07.2017 16:00;30,05
08.07.2017 16:00;08.07.2017 17:00;31,4
08.07.2017 17:00;08.07.2017 18:00;33,18
08.07.2017 18:00;08.07.2017 19:00;36,98
08.07.2017 19:00;08.07.2017 20:00;40,04
08.07.2017 20:00;08.07.2017 21:00;39,63
08.07.2017 21:00;08.07.2017 22:00;39,82
08.07.2017 22:00;08.07.2017 23:00;42,09
08.07.2017 23:00;09.07.2017 00:00;39,67
09.07.2017 00:00;09.07.2017 01:00;32,21
09.07.2017 01:00;09.07.2017 02:00;31,08
09.07.2017 02:00;09.07.2017 03:00;29,84
09.07.2017 03:00;09.07.2017 04:00;29,2
09.07.2017 04:00;09.07.2017 05:00;29,62
09.07.2017 05:00;09.07.2017 06:00;29,46
09.07.2017 06:00;09.07.2017 07:00;29,49
09.07.2017 07:00;09.07.2017 08:00;29,83
09.07.2017 08:00;09.07.2017 09:00;30,03
09.07.2017 09:00;09.07.2017 10:00;31,26
09.07.2017 10:00;09.07.2017 11:00;31,26
09.07.2017 11:00;09.07.2017 12:00;32,4
09.07.2017 12:00;09.07.2017 13:00;32,07
09.07.2017 13:00;09.07.2017 14:00;31,0
09.07.2017 14:00;09.07.2017 15:00;29,88
09.07.2017 15:00;09.07.2017 16:00;30,69
09.07.2017 16:00;09.07.2017 17:00;31,28
09.07.2017 17:00;09.07.2017 18:00;33,8
09.07.2017 18:00;09.07.2017 19:00;36,75
09.07.2017 19:00;09.07.2017 20:00;40,53
09.07.2017 20:00;09.07.2017 21:00;40,53
09.07.2017 21:00;09.07.2017 22:00;40,59
09.07.2017 22:00;09.07.2017 23:00;42,28
09.07.2017 23:00;10.07.2017 00:00;40,08
10.07.2017 00:00;10.07.2017 01:00;32,76
10.07.2017 01:00;10.07.2017 02:00;29,92
10.07.2017 02:00;10.07.2017 03:00;29,44
10.07.2017 03:00;10.07.2017 04:00;29,59
10.07.2017 04:00;10.07.2017 05:00;29,31
10.07.2017 05:00;10.07.2017 06:00;30,6
10.07.2017 06:00;10.07.2017 07:00;38,03
10.07.2017 07:00;10.07.2017 08:00;44,03
10.07.2017 08:00;10.07.2017 09:00;50,07
10.07.2017 09:00;10.07.2017 10:00;50,0
10.07.2017 10:00;10.07.2017 11:00;48,73
10.07.2017 11:00;10.07.2017 12:00;48,72
10.07.2017 12:00;10.07.2017 13:00;47,69
10.07.2017 13:00;10.07.2017 14:00;46,65
10.07.2017 14:00;10.07.2017 15:00;44,18
10.07.2017 15:00;10.07.2017 16:00;42,93
10.07.2017 16:00;10.07.2017 17:00;40,65
10.07.2017 17:00;10.07.2017 18:00;40,95
10.07.2017 18:00;10.07.2017 19:00;41,62
10.07.2017 19:00;10.07.2017 20:00;42,97
10.07.2017 20:00;10.07.2017 21:00;40,21
10.07.2017 21:00;10.07.2017 22:00;38,86
10.07.2017 22:00;10.07.2017 23:00;39,92
10.07.2017 23:00;11.07.2017 00:00;33,45
11.07.2017 00:00;11.07.2017 01:00;30,93
11.07.2017 01:00;11.07.2017 02:00;30,28
11.07.2017 02:00;11.07.2017 03:00;29,63
11.07.2017 03:00;11.07.2017 04:00;28,96
11.07.2017 04:00;11.07.2017 05:00;28,95
11.07.2017 05:00;11.07.2017 06:00;30,08
11.07.2017 06:00;11.07.2017 07:00;34,51
11.07.2017 07:00;11.07.2017 08:00;41,44
11.07.2017 08:00;11.07.2017 09:00;44,22
11.07.2017 09:00;11.07.2017 10:00;43,43
11.07.2017 10:00;11.07.2017 11:00;42,03
11.07.2017 11:00;11.07.2017 12:00;41,45
11.07.2017 12:00;11.07.2017 13:00;39,42
11.07.2017 13:00;11.07.2017 14:00;36,01
11.07.2017 14:00;11.07.2017 15:00;34,21
11.07.2017 15:00;11.07.2017 16:00;34,42
11.07.2017 16:00;11.07.2017 17:00;35,39
11.07.2017 17:00;11.07.2017 18:00;37,62
11.07.2017 18:00;11.07.2017 19:00;39,99
11.07.2017 19:00;11.07.2017 20:00;41,58
11.07.2017 20:00;11.07.2017 21:00;40,7
11.07.2017 21:00;11.07.2017 22:00;38,94
11.07.2017 22:00;11.07.2017 23:00;39,36
11.07.2017 23:00;12.07.2017 00:00;34,25
12.07.2017 00:00;12.07.2017 01:00;32,29
12.07.2017 01:00;12.07.2017 02:00;30,14
12.07.2017 02:00;12.07.2017 03:00;29,1
12.07.2017 03:00;12.07.2017 04:00;28,52
12.07.2017 04:00;12.07.2017 05:00;28,43
12.07.2017 05:00;12.07.2017 06:00;29,3
12.07.2017 06:00;12.07.2017 07:00;34,77
12.07.2017 07:00;12.07.2017 08:00;39,94
12.07.2017 08:00;12.07.2017 09:00;44,01
12.07.2017 09:00;12.07.2017 10:00;44,31
12.07.2017 10:00;12.07.2017 11:00;44,16
12.07.2017 11:00;12.07.2017 12:00;43,9
12.07.2017 12:00;12.07.2017 13:00;41,07
12.07.2017 13:00;12.07.2017 14:00;39,9
12.07.2017 14:00;12.07.2017 15:00;37,27
12.07.2017 15:00;12.07.2017 16:00;33,93
12.07.2017 16:00;12.07.2017 17:00;32,19
12.07.2017 17:00;12.07.2017 18:00;33,29
12.07.2017 18:00;12.07.2017 19:00;32,95
12.07.2017 19:00;12.07.2017 20:00;32,91
12.07.2017 20:00;12.07.2017 21:00;30,5
12.07.2017 21:00;12.07.2017 22:00;30,6
12.07.2017 22:00;12.07.2017 23:00;30,09
12.07.2017 23:00;13.07.2017 00:00;27,82
13.07.2017 00:00;13.07.2017 01:00;26,02
13.07.2017 01:00;13.07.2017 02:00;24,37
13.07.2017 02:00;13.07.2017 03:00;23,04
13.07.2017 03:00;13.07.2017 04:00;24,76
13.07.2017 04:00;13.07.2017 05:00;26,45
13.07.2017 05:00;13.07.2017 06:00;28,09
13.07.2017 06:00;13.07.2017 07:00;31,06
13.07.2017 07:00;13.07.2017 08:00;38,12
13.07.2017 08:00;13.07.2017 09:00;36,73
13.07.2017 09:00;13.07.2017 10:00;36,07
13.07.2017 10:00;13.07.2017 11:00;35,52
13.07.2017 11:00;13.07.2017 12:00;34,96
13.07.2017 12:00;13.07.2017 13:00;30,26
13.07.2017 13:00;13.07.2017 14:00;30,04
13.07.2017 14:00;13.07.2017 15:00;29,07
13.07.2017 15:00;13.07.2017 16:00;30,27
13.07.2017 16:00;13.07.2017 17:00;33,46
13.07.2017 17:00;13.07.2017 18:00;38,08
13.07.2017 18:00;13.07.2017 19:00;41,35
13.07.2017 19:00;13.07.2017 20:00;46,82
13.07.2017 20:00;13.07.2017 21:00;45,09
13.07.2017 21:00;13.07.2017 22:00;42,93
13.07.2017 22:00;13.07.2017 23:00;42,13
13.07.2017 23:00;14.07.2017 00:00;38,12
14.07.2017 00:00;14.07.2017 01:00;34,4
14.07.2017 01:00;14.07.2017 02:00;32,34
14.07.2017 02:00;14.07.2017 03:00;30,36
14.07.2017 03:00;14.07.2017 04:00;29,08
14.07.2017 04:00;14.07.2017 05:00;29,55
14.07.2017 05:00;14.07.2017 06:00;30,41
14.07.2017 06:00;14.07.2017 07:00;39,94
14.07.2017 07:00;14.07.2017 08:00;44,99
14.07.2017 08:00;14.07.2017 09:00;46,0
14.07.2017 09:00;14.07.2017 10:00;43,32
14.07.2017 10:00;14.07.2017 11:00;41,62
14.07.2017 11:00;14.07.2017 12:00;38,94
14.07.2017 12:00;14.07.2017 13:00;37,1
14.07.2017 13:00;14.07.2017 14:00;35,97
14.07.2017 14:00;14.07.2017 15:00;31,91
14.07.2017 15:00;14.07.2017 16:00;30,34
14.07.2017 16:00;14.07.2017 17:00;31,29
14.07.2017 17:00;14.07.2017 18:00;36,92
14.07.2017 18:00;14.07.2017 19:00;40,93
14.07.2017 19:00;14.07.2017 20:00;42,96
14.07.2017 20:00;14.07.2017 21:00;39,69
14.07.2017 21:00;14.07.2017 22:00;39,1
14.07.2017 22:00;14.07.2017 23:00;39,71
14.07.2017 23:00;15.07.2017 00:00;36,65
15.07.2017 00:00;15.07.2017 01:00;34,57
15.07.2017 01:00;15.07.2017 02:00;31,08
15.07.2017 02:00;15.07.2017 03:00;30,82
15.07.2017 03:00;15.07.2017 04:00;30,01
15.07.2017 04:00;15.07.2017 05:00;29,4
15.07.2017 05:00;15.07.2017 06:00;29,17
15.07.2017 06:00;15.07.2017 07:00;30,46
15.07.2017 07:00;15.07.2017 08:00;30,82
15.07.2017 08:00;15.07.2017 09:00;31,94
15.07.2017 09:00;15.07.2017 10:00;33,81
15.07.2017 10:00;15.07.2017 11:00;33,43
15.07.2017 11:00;15.07.2017 12:00;33,06
15.07.2017 12:00;15.07.2017 13:00;32,22
15.07.2017 13:00;15.07.2017 14:00;30,76
15.07.2017 14:00;15.07.2017 15:00;29,07
15.07.2017 15:00;15.07.2017 16:00;28,64
15.07.2017 16:00;15.07.2017 17:00;29,04
15.07.2017 17:00;15.07.2017 18:00;30,98
15.07.2017 18:00;15.07.2017 19:00;35,21
15.07.2017 19:00;15.07.2017 20:00;37,54
15.07.2017 20:00;15.07.2017 21:00;37,0
15.07.2017 21:00;15.07.2017 22:00;36,9
15.07.2017 22:00;15.07.2017 23:00;37,98
15.07.2017 23:00;16.07.2017 00:00;36,01
16.07.2017 00:00;16.07.2017 01:00;34,65
16.07.2017 01:00;16.07.2017 02:00;30,05
16.07.2017 02:00;16.07.2017 03:00;28,68
16.07.2017 03:00;16.07.2017 04:00;27,78
16.07.2017 04:00;16.07.2017 05:00;27,72
16.07.2017 05:00;16.07.2017 06:00;27,4
16.07.2017 06:00;16.07.2017 07:00;27,53
16.07.2017 07:00;16.07.2017 08:00;27,6
16.07.2017 08:00;16.07.2017 09:00;27,4
16.07.2017 09:00;16.07.2017 10:00;28,49
16.07.2017 10:00;16.07.2017 11:00;28,99
16.07.2017 11:00;16.07.2017 12:00;28,99
16.07.2017 12:00;16.07.2017 13:00;29,76
16.07.2017 13:00;16.07.2017 14:00;26,95
16.07.2017 14:00;16.07.2017 15:00;25,99
16.07.2017 15:00;16.07.2017 16:00;25,22
16.07.2017 16:00;16.07.2017 17:00;27,55
16.07.2017 17:00;16.07.2017 18:00;28,57
16.07.2017 18:00;16.07.2017 19:00;31,79
16.07.2017 19:00;16.07.2017 20:00;35,41
16.07.2017 20:00;16.07.2017 21:00;36,65
16.07.2017 21:00;16.07.2017 22:00;37,14
16.07.2017 22:00;16.07.2017 23:00;41,02
16.07.2017 23:00;17.07.2017 00:00;38,79
17.07.2017 00:00;17.07.2017 01:00;31,47
17.07.2017 01:00;17.07.2017 02:00;30,11
17.07.2017 02:00;17.07.2017 03:00;29,32
17.07.2017 03:00;17.07.2017 04:00;27,57
17.07.2017 04:00;17.07.2017 05:00;27,92
17.07.2017 05:00;17.07.2017 06:00;29,21
17.07.2017 06:00;17.07.2017 07:00;36,89
17.07.2017 07:00;17.07.2017 08:00;42,83
17.07.2017 08:00;17.07.2017 09:00;42,97
17.07.2017 09:00;17.07.2017 10:00;42,3
17.07.2017 10:00;17.07.2017 11:00;42,4
17.07.2017 11:00;17.07.2017 12:00;42,74
17.07.2017 12:00;17.07.2017 13:00;40,85
17.07.2017 13:00;17.07.2017 14:00;36,95
17.07.2017 14:00;17.07.2017 15:00;35,98
17.07.2017 15:00;17.07.2017 16:00;35,3
17.07.2017 16:00;17.07.2017 17:00;35,94
17.07.2017 17:00;17.07.2017 18:00;39,94
17.07.2017 18:00;17.07.2017 19:00;42,05
17.07.2017 19:00;17.07.2017 20:00;44,95
17.07.2017 20:00;17.07.2017 21:00;43,79
17.07.2017 21:00;17.07.2017 22:00;40,98
17.07.2017 22:00;17.07.2017 23:00;40,95
17.07.2017 23:00;18.07.2017 00:00;35,4
18.07.2017 00:00;18.07.2017 01:00;33,69
18.07.2017 01:00;18.07.2017 02:00;31,18
18.07.2017 02:00;18.07.2017 03:00;29,85
18.07.2017 03:00;18.07.2017 04:00;29,56
18.07.2017 04:00;18.07.2017 05:00;30,28
18.07.2017 05:00;18.07.2017 06:00;32,01
18.07.2017 06:00;18.07.2017 07:00;37,72
18.07.2017 07:00;18.07.2017 08:00;40,91
18.07.2017 08:00;18.07.2017 09:00;42,88
18.07.2017 09:00;18.07.2017 10:00;42,43
18.07.2017 10:00;18.07.2017 11:00;41,75
18.07.2017 11:00;18.07.2017 12:00;38,92
18.07.2017 12:00;18.07.2017 13:00;34,17
18.07.2017 13:00;18.07.2017 14:00;34,12
18.07.2017 14:00;18.07.2017 15:00;33,69
18.07.2017 15:00;18.07.2017 16:00;34,62
18.07.2017 16:00;18.07.2017 17:00;38,57
18.07.2017 17:00;18.07.2017 18:00;42,97
18.07.2017 18:00;18.07.2017 19:00;45,79
18.07.2017 19:00;18.07.2017 20:00;46,89
18.07.2017 20:00;18.07.2017 21:00;43,97
18.07.2017 21:00;18.07.2017 22:00;42,99
18.07.2017 22:00;18.07.2017 23:00;40,83
18.07.2017 23:00;19.07.2017 00:00;33,95
19.07.2017 00:00;19.07.2017 01:00;30,93
19.07.2017 01:00;19.07.2017 02:00;29,59
19.07.2017 02:00;19.07.2017 03:00;28,62
19.07.2017 03:00;19.07.2017 04:00;27,3
19.07.2017 04:00;19.07.2017 05:00;27,63
19.07.2017 05:00;19.07.2017 06:00;29,03
19.07.2017 06:00;19.07.2017 07:00;37,96
19.07.2017 07:00;19.07.2017 08:00;42,16
19.07.2017 08:00;19.07.2017 09:00;42,91
19.07.2017 09:00;19.07.2017 10:00;40,08
19.07.2017 10:00;19.07.2017 11:00;37,93
19.07.2017 11:00;19.07.2017 12:00;34,55
19.07.2017 12:00;19.07.2017 13:00;31,7
19.07.2017 13:00;19.07.2017 14:00;31,71
19.07.2017 14:00;19.07.2017 15:00;32,9
19.07.2017 15:00;19.07.2017 16:00;36,54
19.07.2017 16:00;19.07.2017 17:00;38,03
19.07.2017 17:00;19.07.2017 18:00;40,52
19.07.2017 18:00;19.07.2017 19:00;42,97
19.07.2017 19:00;19.07.2017 20:00;44,0
19.07.2017 20:00;19.07.2017 21:00;42,16
19.07.2017 21:00;19.07.2017 22:00;40,58
19.07.2017 22:00;19.07.2017 23:00;39,09
19.07.2017 23:00;20.07.2017 00:00;32,97
20.07.2017 00:00;20.07.2017 01:00;30,54
20.07.2017 01:00;20.07.2017 02:00;31,46
20.07.2017 02:00;20.07.2017 03:00;29,6
20.07.2017 03:00;20.07.2017 04:00;28,1
20.07.2017 04:00;20.07.2017 05:00;28,52
20.07.2017 05:00;20.07.2017 06:00;30,32
20.07.2017 06:00;20.07.2017 07:00;38,27
20.07.2017 07:00;20.07.2017 08:00;47,26
20.07.2017 08:00;20.07.2017 09:00;43,26
20.07.2017 09:00;20.07.2017 10:00;43,25
20.07.2017 10:00;20.07.2017 11:00;41,73
20.07.2017 11:00;20.07.2017 12:00;41,93
20.07.2017 12:00;20.07.2017 13:00;40,0
20.07.2017 13:00;20.07.2017 14:00;38,36
20.07.2017 14:00;20.07.2017 15:00;36,9
20.07.2017 15:00;20.07.2017 16:00;35,74
20.07.2017 16:00;20.07.2017 17:00;34,48
20.07.2017 17:00;20.07.2017 18:00;36,97
20.07.2017 18:00;20.07.2017 19:00;39,77
20.07.2017 19:00;20.07.2017 20:00;41,93
20.07.2017 20:00;20.07.2017 21:00;41,05
20.07.2017 21:00;20.07.2017 22:00;40,11
20.07.2017 22:00;20.07.2017 23:00;39,74
20.07.2017 23:00;21.07.2017 00:00;34,29
21.07.2017 00:00;21.07.2017 01:00;29,65
21.07.2017 01:00;21.07.2017 02:00;29,1
21.07.2017 02:00;21.07.2017 03:00;28,42
21.07.2017 03:00;21.07.2017 04:00;27,07
21.07.2017 04:00;21.07.2017 05:00;27,32
21.07.2017 05:00;21.07.2017 06:00;29,99
21.07.2017 06:00;21.07.2017 07:00;36,8
21.07.2017 07:00;21.07.2017 08:00;40,06
21.07.2017 08:00;21.07.2017 09:00;41,83
21.07.2017 09:00;21.07.2017 10:00;40,87
21.07.2017 10:00;21.07.2017 11:00;38,44
21.07.2017 11:00;21.07.2017 12:00;39,04
21.07.2017 12:00;21.07.2017 13:00;35,98
21.07.2017 13:00;21.07.2017 14:00;32,94
21.07.2017 14:00;21.07.2017 15:00;32,87
21.07.2017 15:00;21.07.2017 16:00;32,9
21.07.2017 16:00;21.07.2017 17:00;35,11
21.07.2017 17:00;21.07.2017 18:00;39,01
21.07.2017 18:00;21.07.2017 19:00;41,42
21.07.2017 19:00;21.07.2017 20:00;42,63
21.07.2017 20:00;21.07.2017 21:00;42,01
21.07.2017 21:00;21.07.2017 22:00;40,57
21.07.2017 22:00;21.07.2017 23:00;41,38
21.07.2017 23:00;22.07.2017 00:00;36,79
22.07.2017 00:00;22.07.2017 01:00;32,2
22.07.2017 01:00;22.07.2017 02:00;31,57
22.07.2017 02:00;22.07.2017 03:00;29,92
22.07.2017 03:00;22.07.2017 04:00;28,74
22.07.2017 04:00;22.07.2017 05:00;28,75
22.07.2017 05:00;22.07.2017 06:00;28,54
22.07.2017 06:00;22.07.2017 07:00;29,7
22.07.2017 07:00;22.07.2017 08:00;30,92
22.07.2017 08:00;22.07.2017 09:00;34,96
22.07.2017 09:00;22.07.2017 10:00;36,47
22.07.2017 10:00;22.07.2017 11:00;35,69
22.07.2017 11:00;22.07.2017 12:00;34,66
22.07.2017 12:00;22.07.2017 13:00;32,25
22.07.2017 13:00;22.07.2017 14:00;30,02
22.07.2017 14:00;22.07.2017 15:00;29,48
22.07.2017 15:00;22.07.2017 16:00;29,9
22.07.2017 16:00;22.07.2017 17:00;30,55
22.07.2017 17:00;22.07.2017 18:00;33,25
22.07.2017 18:00;22.07.2017 19:00;38,52
22.07.2017 19:00;22.07.2017 20:00;39,89
22.07.2017 20:00;22.07.2017 21:00;39,0
22.07.2017 21:00;22.07.2017 22:00;38,09
22.07.2017 22:00;22.07.2017 23:00;40,0
22.07.2017 23:00;23.07.2017 00:00;36,67
23.07.2017 00:00;23.07.2017 01:00;32,99
23.07.2017 01:00;23.07.2017 02:00;28,78
23.07.2017 02:00;23.07.2017 03:00;26,69
23.07.2017 03:00;23.07.2017 04:00;24,68
23.07.2017 04:00;23.07.2017 05:00;23,07
23.07.2017 05:00;23.07.2017 06:00;23,96
23.07.2017 06:00;23.07.2017 07:00;23,9
23.07.2017 07:00;23.07.2017 08:00;25,17
23.07.2017 08:00;23.07.2017 09:00;25,78
23.07.2017 09:00;23.07.2017 10:00;26,67
23.07.2017 10:00;23.07.2017 11:00;26,87
23.07.2017 11:00;23.07.2017 12:00;27,18
23.07.2017 12:00;23.07.2017 13:00;27,89
23.07.2017 13:00;23.07.2017 14:00;26,3
23.07.2017 14:00;23.07.2017 15:00;22,76
23.07.2017 15:00;23.07.2017 16:00;20,34
23.07.2017 16:00;23.07.2017 17:00;23,07
23.07.2017 17:00;23.07.2017 18:00;27,05
23.07.2017 18:00;23.07.2017 19:00;29,62
23.07.2017 19:00;23.07.2017 20:00;37,05
23.07.2017 20:00;23.07.2017 21:00;38,51
23.07.2017 21:00;23.07.2017 22:00;39,42
23.07.2017 22:00;23.07.2017 23:00;42,85
23.07.2017 23:00;24.07.2017 00:00;39,82
24.07.2017 00:00;24.07.2017 01:00;39,65
24.07.2017 01:00;24.07.2017 02:00;35,62
24.07.2017 02:00;24.07.2017 03:00;32,7
24.07.2017 03:00;24.07.2017 04:00;31,28
24.07.2017 04:00;24.07.2017 05:00;30,46
24.07.2017 05:00;24.07.2017 06:00;33,24
24.07.2017 06:00;24.07.2017 07:00;41,9
24.07.2017 07:00;24.07.2017 08:00;44,18
24.07.2017 08:00;24.07.2017 09:00;44,12
24.07.2017 09:00;24.07.2017 10:00;48,23
24.07.2017 10:00;24.07.2017 11:00;48,45
24.07.2017 11:00;24.07.2017 12:00;47,77
24.07.2017 12:00;24.07.2017 13:00;46,47
24.07.2017 13:00;24.07.2017 14:00;44,91
24.07.2017 14:00;24.07.2017 15:00;42,29
24.07.2017 15:00;24.07.2017 16:00;40,94
24.07.2017 16:00;24.07.2017 17:00;39,2
24.07.2017 17:00;24.07.2017 18:00;39,7
24.07.2017 18:00;24.07.2017 19:00;38,18
24.07.2017 19:00;24.07.2017 20:00;38,66
24.07.2017 20:00;24.07.2017 21:00;36,43
24.07.2017 21:00;24.07.2017 22:00;34,73
24.07.2017 22:00;24.07.2017 23:00;34,59
24.07.2017 23:00;25.07.2017 00:00;30,39
25.07.2017 00:00;25.07.2017 01:00;31,01
25.07.2017 01:00;25.07.2017 02:00;28,96
25.07.2017 02:00;25.07.2017 03:00;27,09
25.07.2017 03:00;25.07.2017 04:00;27,47
25.07.2017 04:00;25.07.2017 05:00;26,04
25.07.2017 05:00;25.07.2017 06:00;26,21
25.07.2017 06:00;25.07.2017 07:00;31,63
25.07.2017 07:00;25.07.2017 08:00;37,96
25.07.2017 08:00;25.07.2017 09:00;39,48
25.07.2017 09:00;25.07.2017 10:00;40,06
25.07.2017 10:00;25.07.2017 11:00;40,37
25.07.2017 11:00;25.07.2017 12:00;40,8
25.07.2017 12:00;25.07.2017 13:00;39,75
25.07.2017 13:00;25.07.2017 14:00;38,94
25.07.2017 14:00;25.07.2017 15:00;36,98
25.07.2017 15:00;25.07.2017 16:00;36,43
25.07.2017 16:00;25.07.2017 17:00;34,97
25.07.2017 17:00;25.07.2017 18:00;34,99
25.07.2017 18:00;25.07.2017 19:00;36,95
25.07.2017 19:00;25.07.2017 20:00;35,4
25.07.2017 20:00;25.07.2017 21:00;33,78
25.07.2017 21:00;25.07.2017 22:00;32,96
25.07.2017 22:00;25.07.2017 23:00;32,21
25.07.2017 23:00;26.07.2017 00:00;29,01
26.07.2017 00:00;26.07.2017 01:00;25,74
26.07.2017 01:00;26.07.2017 02:00;25,24
26.07.2017 02:00;26.07.2017 03:00;22,64
26.07.2017 03:00;26.07.2017 04:00;21,12
26.07.2017 04:00;26.07.2017 05:00;21,23
26.07.2017 05:00;26.07.2017 06:00;26,16
26.07.2017 06:00;26.07.2017 07:00;29,08
26.07.2017 07:00;26.07.2017 08:00;34,49
26.07.2017 08:00;26.07.2017 09:00;37,78
26.07.2017 09:00;26.07.2017 10:00;37,92
26.07.2017 10:00;26.07.2017 11:00;37,96
26.07.2017 11:00;26.07.2017 12:00;38,08
26.07.2017 12:00;26.07.2017 13:00;37,96
26.07.2017 13:00;26.07.2017 14:00;37,73
26.07.2017 14:00;26.07.2017 15:00;36,08
26.07.2017 15:00;26.07.2017 16:00;35,23
26.07.2017 16:00;26.07.2017 17:00;34,38
26.07.2017 17:00;26.07.2017 18:00;35,27
26.07.2017 18:00;26.07.2017 19:00;36,39
26.07.2017 19:00;26.07.2017 20:00;37,94
26.07.2017 20:00;26.07.2017 21:00;36,93
26.07.2017 21:00;26.07.2017 22:00;35,93
26.07.2017 22:00;26.07.2017 23:00;35,75
26.07.2017 23:00;27.07.2017 00:00;30,07
27.07.2017 00:00;27.07.2017 01:00;28,75
27.07.2017 01:00;27.07.2017 02:00;26,7
27.07.2017 02:00;27.07.2017 03:00;24,85
27.07.2017 03:00;27.07.2017 04:00;23,69
27.07.2017 04:00;27.07.2017 05:00;24,48
27.07.2017 05:00;27.07.2017 06:00;27,02
27.07.2017 06:00;27.07.2017 07:00;29,19
27.07.2017 07:00;27.07.2017 08:00;35,31
27.07.2017 08:00;27.07.2017 09:00;37,91
27.07.2017 09:00;27.07.2017 10:00;37,89
27.07.2017 10:00;27.07.2017 11:00;38,05
27.07.2017 11:00;27.07.2017 12:00;38,48
27.07.2017 12:00;27.07.2017 13:00;38,5
27.07.2017 13:00;27.07.2017 14:00;38,03
27.07.2017 14:00;27.07.2017 15:00;36,0
27.07.2017 15:00;27.07.2017 16:00;34,52
27.07.2017 16:00;27.07.2017 17:00;35,29
27.07.2017 17:00;27.07.2017 18:00;35,74
27.07.2017 18:00;27.07.2017 19:00;37,32
27.07.2017 19:00;27.07.2017 20:00;38,98
27.07.2017 20:00;27.07.2017 21:00;38,06
27.07.2017 21:00;27.07.2017 22:00;36,87
27.07.2017 22:00;27.07.2017 23:00;36,55
27.07.2017 23:00;28.07.2017 00:00;31,62
28.07.2017 00:00;28.07.2017 01:00;33,86
28.07.2017 01:00;28.07.2017 02:00;29,04
28.07.2017 02:00;28.07.2017 03:00;28,1
28.07.2017 03:00;28.07.2017 04:00;26,8
28.07.2017 04:00;28.07.2017 05:00;26,46
28.07.2017 05:00;28.07.2017 06:00;27,48
28.07.2017 06:00;28.07.2017 07:00;32,13
28.07.2017 07:00;28.07.2017 08:00;38,0
28.07.2017 08:00;28.07.2017 09:00;38,8
28.07.2017 09:00;28.07.2017 10:00;37,05
28.07.2017 10:00;28.07.2017 11:00;35,5
28.07.2017 11:00;28.07.2017 12:00;31,0
28.07.2017 12:00;28.07.2017 13:00;27,51
28.07.2017 13:00;28.07.2017 14:00;25,17
28.07.2017 14:00;28.07.2017 15:00;23,69
28.07.2017 15:00;28.07.2017 16:00;24,34
28.07.2017 16:00;28.07.2017 17:00;26,31
28.07.2017 17:00;28.07.2017 18:00;28,87
28.07.2017 18:00;28.07.2017 19:00;34,15
28.07.2017 19:00;28.07.2017 20:00;36,96
28.07.2017 20:00;28.07.2017 21:00;36,94
28.07.2017 21:00;28.07.2017 22:00;36,3
28.07.2017 22:00;28.07.2017 23:00;35,95
28.07.2017 23:00;29.07.2017 00:00;32,24
29.07.2017 00:00;29.07.2017 01:00;27,77
29.07.2017 01:00;29.07.2017 02:00;23,35
29.07.2017 02:00;29.07.2017 03:00;18,99
29.07.2017 03:00;29.07.2017 04:00;14,17
29.07.2017 04:00;29.07.2017 05:00;10,04
29.07.2017 05:00;29.07.2017 06:00;11,89
29.07.2017 06:00;29.07.2017 07:00;14,41
29.07.2017 07:00;29.07.2017 08:00;17,11
29.07.2017 08:00;29.07.2017 09:00;19,78
29.07.2017 09:00;29.07.2017 10:00;18,05
29.07.2017 10:00;29.07.2017 11:00;9,93
29.07.2017 11:00;29.07.2017 12:00;15,78
29.07.2017 12:00;29.07.2017 13:00;10,17
29.07.2017 13:00;29.07.2017 14:00;9,92
29.07.2017 14:00;29.07.2017 15:00;9,27
29.07.2017 15:00;29.07.2017 16:00;14,05
29.07.2017 16:00;29.07.2017 17:00;19,26
29.07.2017 17:00;29.07.2017 18:00;25,47
29.07.2017 18:00;29.07.2017 19:00;30,13
29.07.2017 19:00;29.07.2017 20:00;34,45
29.07.2017 20:00;29.07.2017 21:00;35,43
29.07.2017 21:00;29.07.2017 22:00;35,65
29.07.2017 22:00;29.07.2017 23:00;34,76
29.07.2017 23:00;30.07.2017 00:00;30,6
30.07.2017 00:00;30.07.2017 01:00;26,92
30.07.2017 01:00;30.07.2017 02:00;21,16
30.07.2017 02:00;30.07.2017 03:00;16,22
30.07.2017 03:00;30.07.2017 04:00;12,79
30.07.2017 04:00;30.07.2017 05:00;10,73
30.07.2017 05:00;30.07.2017 06:00;10,03
30.07.2017 06:00;30.07.2017 07:00;8,44
30.07.2017 07:00;30.07.2017 08:00;7,67
30.07.2017 08:00;30.07.2017 09:00;2,05
30.07.2017 09:00;30.07.2017 10:00;1,94
30.07.2017 10:00;30.07.2017 11:00;-5,15
30.07.2017 11:00;30.07.2017 12:00;-0,02
30.07.2017 12:00;30.07.2017 13:00;-45,42
30.07.2017 13:00;30.07.2017 14:00;-67,05
30.07.2017 14:00;30.07.2017 15:00;-64,9
30.07.2017 15:00;30.07.2017 16:00;-14,23
30.07.2017 16:00;30.07.2017 17:00;-0,91
30.07.2017 17:00;30.07.2017 18:00;5,01
30.07.2017 18:00;30.07.2017 19:00;22,54
30.07.2017 19:00;30.07.2017 20:00;31,77
30.07.2017 20:00;30.07.2017 21:00;34,52
30.07.2017 21:00;30.07.2017 22:00;35,93
30.07.2017 22:00;30.07.2017 23:00;37,67
30.07.2017 23:00;31.07.2017 00:00;35,87
31.07.2017 00:00;31.07.2017 01:00;32,0
31.07.2017 01:00;31.07.2017 02:00;26,55
31.07.2017 02:00;31.07.2017 03:00;26,11
31.07.2017 03:00;31.07.2017 04:00;24,65
31.07.2017 04:00;31.07.2017 05:00;24,64
31.07.2017 05:00;31.07.2017 06:00;26,57
31.07.2017 06:00;31.07.2017 07:00;32,15
31.07.2017 07:00;31.07.2017 08:00;36,92
31.07.2017 08:00;31.07.2017 09:00;36,92
31.07.2017 09:00;31.07.2017 10:00;35,45
31.07.2017 10:00;31.07.2017 11:00;33,29
31.07.2017 11:00;31.07.2017 12:00;33,89
31.07.2017 12:00;31.07.2017 13:00;29,03
31.07.2017 13:00;31.07.2017 14:00;28,07
31.07.2017 14:00;31.07.2017 15:00;28,02
31.07.2017 15:00;31.07.2017 16:00;28,71
31.07.2017 16:00;31.07.2017 17:00;30,05
31.07.2017 17:00;31.07.2017 18:00;35,51
31.07.2017 18:00;31.07.2017 19:00;37,91
31.07.2017 19:00;31.07.2017 20:00;38,9
31.07.2017 20:00;31.07.2017 21:00;38,9
31.07.2017 21:00;31.07.2017 22:00;38,07
31.07.2017 22:00;31.07.2017 23:00;37,84
31.07.2017 23:00;01.08.2017 00:00;32,91
01.08.2017 00:00;01.08.2017 01:00;30,57
01.08.2017 01:00;01.08.2017 02:00;28,01
01.08.2017 02:00;01.08.2017 03:00;27,3
01.08.2017 03:00;01.08.2017 04:00;26,79
01.08.2017 04:00;01.08.2017 05:00;26,81
01.08.2017 05:00;01.08.2017 06:00;27,54
01.08.2017 06:00;01.08.2017 07:00;32,66
01.08.2017 07:00;01.08.2017 08:00;37,0
01.08.2017 08:00;01.08.2017 09:00;38,94
01.08.2017 09:00;01.08.2017 10:00;38,09
01.08.2017 10:00;01.08.2017 11:00;37,9
01.08.2017 11:00;01.08.2017 12:00;37,08
01.08.2017 12:00;01.08.2017 13:00;36,45
01.08.2017 13:00;01.08.2017 14:00;35,93
01.08.2017 14:00;01.08.2017 15:00;35,91
01.08.2017 15:00;01.08.2017 16:00;36,0
01.08.2017 16:00;01.08.2017 17:00;36,61
01.08.2017 17:00;01.08.2017 18:00;38,47
01.08.2017 18:00;01.08.2017 19:00;40,94
01.08.2017 19:00;01.08.2017 20:00;41,06
01.08.2017 20:00;01.08.2017 21:00;38,96
01.08.2017 21:00;01.08.2017 22:00;37,04
01.08.2017 22:00;01.08.2017 23:00;35,94
01.08.2017 23:00;02.08.2017 00:00;31,69
02.08.2017 00:00;02.08.2017 01:00;27,62
02.08.2017 01:00;02.08.2017 02:00;26,59
02.08.2017 02:00;02.08.2017 03:00;26,2
02.08.2017 03:00;02.08.2017 04:00;25,09
02.08.2017 04:00;02.08.2017 05:00;25,78
02.08.2017 05:00;02.08.2017 06:00;27,25
02.08.2017 06:00;02.08.2017 07:00;30,26
02.08.2017 07:00;02.08.2017 08:00;35,05
02.08.2017 08:00;02.08.2017 09:00;36,57
02.08.2017 09:00;02.08.2017 10:00;36,47
02.08.2017 10:00;02.08.2017 11:00;35,96
02.08.2017 11:00;02.08.2017 12:00;35,14
02.08.2017 12:00;02.08.2017 13:00;33,07
02.08.2017 13:00;02.08.2017 14:00;29,9
02.08.2017 14:00;02.08.2017 15:00;30,07
02.08.2017 15:00;02.08.2017 16:00;31,69
02.08.2017 16:00;02.08.2017 17:00;34,9
02.08.2017 17:00;02.08.2017 18:00;35,99
02.08.2017 18:00;02.08.2017 19:00;39,23
02.08.2017 19:00;02.08.2017 20:00;40,94
02.08.2017 20:00;02.08.2017 21:00;39,27
02.08.2017 21:00;02.08.2017 22:00;38,15
02.08.2017 22:00;02.08.2017 23:00;37,53
02.08.2017 23:00;03.08.2017 00:00;34,46
03.08.2017 00:00;03.08.2017 01:00;28,1
03.08.2017 01:00;03.08.2017 02:00;26,47
03.08.2017 02:00;03.08.2017 03:00;24,76
03.08.2017 03:00;03.08.2017 04:00;23,36
03.08.2017 04:00;03.08.2017 05:00;23,39
03.08.2017 05:00;03.08.2017 06:00;25,08
03.08.2017 06:00;03.08.2017 07:00;28,58
03.08.2017 07:00;03.08.2017 08:00;34,94
03.08.2017 08:00;03.08.2017 09:00;35,98
03.08.2017 09:00;03.08.2017 10:00;35,98
03.08.2017 10:00;03.08.2017 11:00;35,89
03.08.2017 11:00;03.08.2017 12:00;34,72
03.08.2017 12:00;03.08.2017 13:00;30,57
03.08.2017 13:00;03.08.2017 14:00;27,13
03.08.2017 14:00;03.08.2017 15:00;22,03
03.08.2017 15:00;03.08.2017 16:00;20,28
03.08.2017 16:00;03.08.2017 17:00;18,09
03.08.2017 17:00;03.08.2017 18:00;23,99
03.08.2017 18:00;03.08.2017 19:00;26,82
03.08.2017 19:00;03.08.2017 20:00;29,76
03.08.2017 20:00;03.08.2017 21:00;30,76
03.08.2017 21:00;03.08.2017 22:00;31,85
03.08.2017 22:00;03.08.2017 23:00;29,69
03.08.2017 23:00;04.08.2017 00:00;25,52
04.08.2017 00:00;04.08.2017 01:00;25,16
04.08.2017 01:00;04.08.2017 02:00;22,7
04.08.2017 02:00;04.08.2017 03:00;21,3
04.08.2017 03:00;04.08.2017 04:00;19,03
04.08.2017 04:00;04.08.2017 05:00;18,95
04.08.2017 05:00;04.08.2017 06:00;21,48
04.08.2017 06:00;04.08.2017 07:00;30,5
04.08.2017 07:00;04.08.2017 08:00;34,99
04.08.2017 08:00;04.08.2017 09:00;35,02
04.08.2017 09:00;04.08.2017 10:00;33,59
04.08.2017 10:00;04.08.2017 11:00;28,42
04.08.2017 11:00;04.08.2017 12:00;21,62
04.08.2017 12:00;04.08.2017 13:00;17,05
04.08.2017 13:00;04.08.2017 14:00;10,35
04.08.2017 14:00;04.08.2017 15:00;9,58
04.08.2017 15:00;04.08.2017 16:00;10,36
04.08.2017 16:00;04.08.2017 17:00;10,32
04.08.2017 17:00;04.08.2017 18:00;20,04
04.08.2017 18:00;04.08.2017 19:00;28,46
04.08.2017 19:00;04.08.2017 20:00;35,01
04.08.2017 20:00;04.08.2017 21:00;34,48
04.08.2017 21:00;04.08.2017 22:00;34,93
04.08.2017 22:00;04.08.2017 23:00;34,96
04.08.2017 23:00;05.08.2017 00:00;31,06
05.08.2017 00:00;05.08.2017 01:00;24,97
05.08.2017 01:00;05.08.2017 02:00;24,97
05.08.2017 02:00;05.08.2017 03:00;25,05
05.08.2017 03:00;05.08.2017 04:00;24,02
05.08.2017 04:00;05.08.2017 05:00;23,1
05.08.2017 05:00;05.08.2017 06:00;24,74
05.08.2017 06:00;05.08.2017 07:00;24,17
05.08.2017 07:00;05.08.2017 08:00;27,68
05.08.2017 08:00;05.08.2017 09:00;31,0
05.08.2017 09:00;05.08.2017 10:00;32,82
05.08.2017 10:00;05.08.2017 11:00;31,88
05.08.2017 11:00;05.08.2017 12:00;27,21
05.08.2017 12:00;05.08.2017 13:00;25,06
05.08.2017 13:00;05.08.2017 14:00;23,37
05.08.2017 14:00;05.08.2017 15:00;23,43
05.08.2017 15:00;05.08.2017 16:00;24,55
05.08.2017 16:00;05.08.2017 17:00;25,33
05.08.2017 17:00;05.08.2017 18:00;27,98
05.08.2017 18:00;05.08.2017 19:00;32,09
05.08.2017 19:00;05.08.2017 20:00;33,96
05.08.2017 20:00;05.08.2017 21:00;33,63
05.08.2017 21:00;05.08.2017 22:00;33,8
05.08.2017 22:00;05.08.2017 23:00;34,3
05.08.2017 23:00;06.08.2017 00:00;32,74
06.08.2017 00:00;06.08.2017 01:00;25,73
06.08.2017 01:00;06.08.2017 02:00;20,57
06.08.2017 02:00;06.08.2017 03:00;18,03
06.08.2017 03:00;06.08.2017 04:00;16,59
06.08.2017 04:00;06.08.2017 05:00;13,69
06.08.2017 05:00;06.08.2017 06:00;10,87
06.08.2017 06:00;06.08.2017 07:00;10,75
06.08.2017 07:00;06.08.2017 08:00;12,6
06.08.2017 08:00;06.08.2017 09:00;16,32
06.08.2017 09:00;06.08.2017 10:00;18,0
06.08.2017 10:00;06.08.2017 11:00;10,46
06.08.2017 11:00;06.08.2017 12:00;13,33
06.08.2017 12:00;06.08.2017 13:00;14,13
06.08.2017 13:00;06.08.2017 14:00;10,83
06.08.2017 14:00;06.08.2017 15:00;10,41
06.08.2017 15:00;06.08.2017 16:00;10,32
06.08.2017 16:00;06.08.2017 17:00;13,01
06.08.2017 17:00;06.08.2017 18:00;19,57
06.08.2017 18:00;06.08.2017 19:00;28,66
06.08.2017 19:00;06.08.2017 20:00;32,94
06.08.2017 20:00;06.08.2017 21:00;34,95
06.08.2017 21:00;06.08.2017 22:00;36,05
06.08.2017 22:00;06.08.2017 23:00;36,07
06.08.2017 23:00;07.08.2017 00:00;34,94
07.08.2017 00:00;07.08.2017 01:00;31,1
07.08.2017 01:00;07.08.2017 02:00;28,0
07.08.2017 02:00;07.08.2017 03:00;26,11
07.08.2017 03:00;07.08.2017 04:00;24,8
07.08.2017 04:00;07.08.2017 05:00;25,47
07.08.2017 05:00;07.08.2017 06:00;28,28
07.08.2017 06:00;07.08.2017 07:00;35,18
07.08.2017 07:00;07.08.2017 08:00;37,93
07.08.2017 08:00;07.08.2017 09:00;37,85
07.08.2017 09:00;07.08.2017 10:00;36,42
07.08.2017 10:00;07.08.2017 11:00;34,08
07.08.2017 11:00;07.08.2017 12:00;33,14
07.08.2017 12:00;07.08.2017 13:00;29,03
07.08.2017 13:00;07.08.2017 14:00;26,87
07.08.2017 14:00;07.08.2017 15:00;27,47
07.08.2017 15:00;07.08.2017 16:00;29,04
07.08.2017 16:00;07.08.2017 17:00;32,65
07.08.2017 17:00;07.08.2017 18:00;36,95
07.08.2017 18:00;07.08.2017 19:00;42,16
07.08.2017 19:00;07.08.2017 20:00;45,11
07.08.2017 20:00;07.08.2017 21:00;44,9
07.08.2017 21:00;07.08.2017 22:00;39,94
07.08.2017 22:00;07.08.2017 23:00;35,92
07.08.2017 23:00;08.08.2017 00:00;29,94
08.08.2017 00:00;08.08.2017 01:00;28,09
08.08.2017 01:00;08.08.2017 02:00;26,86
08.08.2017 02:00;08.08.2017 03:00;25,34
08.08.2017 03:00;08.08.2017 04:00;24,59
08.08.2017 04:00;08.08.2017 05:00;24,64
08.08.2017 05:00;08.08.2017 06:00;26,96
08.08.2017 06:00;08.08.2017 07:00;31,0
08.08.2017 07:00;08.08.2017 08:00;35,0
08.08.2017 08:00;08.08.2017 09:00;36,51
08.08.2017 09:00;08.08.2017 10:00;37,06
08.08.2017 10:00;08.08.2017 11:00;36,2
08.08.2017 11:00;08.08.2017 12:00;36,38
08.08.2017 12:00;08.08.2017 13:00;34,74
08.08.2017 13:00;08.08.2017 14:00;31,51
08.08.2017 14:00;08.08.2017 15:00;29,56
08.08.2017 15:00;08.08.2017 16:00;30,95
08.08.2017 16:00;08.08.2017 17:00;31,33
08.08.2017 17:00;08.08.2017 18:00;32,36
08.08.2017 18:00;08.08.2017 19:00;33,9
08.08.2017 19:00;08.08.2017 20:00;33,91
08.08.2017 20:00;08.08.2017 21:00;33,03
08.08.2017 21:00;08.08.2017 22:00;32,07
08.08.2017 22:00;08.08.2017 23:00;31,06
08.08.2017 23:00;09.08.2017 00:00;27,97
09.08.2017 00:00;09.08.2017 01:00;25,0
09.08.2017 01:00;09.08.2017 02:00;23,63
09.08.2017 02:00;09.08.2017 03:00;21,13
09.08.2017 03:00;09.08.2017 04:00;19,08
09.08.2017 04:00;09.08.2017 05:00;19,09
09.08.2017 05:00;09.08.2017 06:00;24,57
09.08.2017 06:00;09.08.2017 07:00;27,8
09.08.2017 07:00;09.08.2017 08:00;31,57
09.08.2017 08:00;09.08.2017 09:00;34,85
09.08.2017 09:00;09.08.2017 10:00;33,15
09.08.2017 10:00;09.08.2017 11:00;31,49
09.08.2017 11:00;09.08.2017 12:00;31,34
09.08.2017 12:00;09.08.2017 13:00;27,74
09.08.2017 13:00;09.08.2017 14:00;26,56
09.08.2017 14:00;09.08.2017 15:00;27,75
09.08.2017 15:00;09.08.2017 16:00;29,96
09.08.2017 16:00;09.08.2017 17:00;31,25
09.08.2017 17:00;09.08.2017 18:00;34,92
09.08.2017 18:00;09.08.2017 19:00;35,96
09.08.2017 19:00;09.08.2017 20:00;40,1
09.08.2017 20:00;09.08.2017 21:00;38,33
09.08.2017 21:00;09.08.2017 22:00;39,42
09.08.2017 22:00;09.08.2017 23:00;37,35
09.08.2017 23:00;10.08.2017 00:00;34,51
10.08.2017 00:00;10.08.2017 01:00;29,91
10.08.2017 01:00;10.08.2017 02:00;28,24
10.08.2017 02:00;10.08.2017 03:00;27,79
10.08.2017 03:00;10.08.2017 04:00;26,6
10.08.2017 04:00;10.08.2017 05:00;26,02
10.08.2017 05:00;10.08.2017 06:00;28,44
10.08.2017 06:00;10.08.2017 07:00;33,81
10.08.2017 07:00;10.08.2017 08:00;36,81
10.08.2017 08:00;10.08.2017 09:00;40,88
10.08.2017 09:00;10.08.2017 10:00;41,95
10.08.2017 10:00;10.08.2017 11:00;41,95
10.08.2017 11:00;10.08.2017 12:00;41,93
10.08.2017 12:00;10.08.2017 13:00;41,63
10.08.2017 13:00;10.08.2017 14:00;40,95
10.08.2017 14:00;10.08.2017 15:00;39,2
10.08.2017 15:00;10.08.2017 16:00;37,88
10.08.2017 16:00;10.08.2017 17:00;36,24
10.08.2017 17:00;10.08.2017 18:00;37,05
10.08.2017 18:00;10.08.2017 19:00;38,0
10.08.2017 19:00;10.08.2017 20:00;39,61
10.08.2017 20:00;10.08.2017 21:00;35,99
10.08.2017 21:00;10.08.2017 22:00;35,56
10.08.2017 22:00;10.08.2017 23:00;34,78
10.08.2017 23:00;11.08.2017 00:00;30,97
11.08.2017 00:00;11.08.2017 01:00;28,99
11.08.2017 01:00;11.08.2017 02:00;28,13
11.08.2017 02:00;11.08.2017 03:00;27,03
11.08.2017 03:00;11.08.2017 04:00;26,29
11.08.2017 04:00;11.08.2017 05:00;26,12
11.08.2017 05:00;11.08.2017 06:00;28,11
11.08.2017 06:00;11.08.2017 07:00;31,79
11.08.2017 07:00;11.08.2017 08:00;40,75
11.08.2017 08:00;11.08.2017 09:00;46,98
11.08.2017 09:00;11.08.2017 10:00;49,68
11.08.2017 10:00;11.08.2017 11:00;51,18
11.08.2017 11:00;11.08.2017 12:00;61,36
11.08.2017 12:00;11.08.2017 13:00;52,65
11.08.2017 13:00;11.08.2017 14:00;46,8
11.08.2017 14:00;11.08.2017 15:00;39,09
11.08.2017 15:00;11.08.2017 16:00;39,01
11.08.2017 16:00;11.08.2017 17:00;36,88
11.08.2017 17:00;11.08.2017 18:00;37,42
11.08.2017 18:00;11.08.2017 19:00;38,08
11.08.2017 19:00;11.08.2017 20:00;36,21
11.08.2017 20:00;11.08.2017 21:00;34,32
11.08.2017 21:00;11.08.2017 22:00;34,61
11.08.2017 22:00;11.08.2017 23:00;33,36
11.08.2017 23:00;12.08.2017 00:00;30,71
12.08.2017 00:00;12.08.2017 01:00;25,63
12.08.2017 01:00;12.08.2017 02:00;23,05
12.08.2017 02:00;12.08.2017 03:00;20,72
12.08.2017 03:00;12.08.2017 04:00;20,06
12.08.2017 04:00;12.08.2017 05:00;18,85
12.08.2017 05:00;12.08.2017 06:00;17,03
12.08.2017 06:00;12.08.2017 07:00;19,59
12.08.2017 07:00;12.08.2017 08:00;20,91
12.08.2017 08:00;12.08.2017 09:00;24,37
12.08.2017 09:00;12.08.2017 10:00;25,84
12.08.2017 10:00;12.08.2017 11:00;25,36
12.08.2017 11:00;12.08.2017 12:00;25,5
12.08.2017 12:00;12.08.2017 13:00;24,49
12.08.2017 13:00;12.08.2017 14:00;19,01
12.08.2017 14:00;12.08.2017 15:00;15,23
12.08.2017 15:00;12.08.2017 16:00;16,41
12.08.2017 16:00;12.08.2017 17:00;15,99
12.08.2017 17:00;12.08.2017 18:00;18,77
12.08.2017 18:00;12.08.2017 19:00;24,81
12.08.2017 19:00;12.08.2017 20:00;25,44
12.08.2017 20:00;12.08.2017 21:00;25,67
12.08.2017 21:00;12.08.2017 22:00;25,54
12.08.2017 22:00;12.08.2017 23:00;24,02
12.08.2017 23:00;13.08.2017 00:00;17,93
13.08.2017 00:00;13.08.2017 01:00;15,74
13.08.2017 01:00;13.08.2017 02:00;15,42
13.08.2017 02:00;13.08.2017 03:00;12,93
13.08.2017 03:00;13.08.2017 04:00;11,64
13.08.2017 04:00;13.08.2017 05:00;13,34
13.08.2017 05:00;13.08.2017 06:00;11,95
13.08.2017 06:00;13.08.2017 07:00;11,77
13.08.2017 07:00;13.08.2017 08:00;16,07
13.08.2017 08:00;13.08.2017 09:00;19,0
13.08.2017 09:00;13.08.2017 10:00;21,02
13.08.2017 10:00;13.08.2017 11:00;19,69
13.08.2017 11:00;13.08.2017 12:00;21,09
13.08.2017 12:00;13.08.2017 13:00;19,33
13.08.2017 13:00;13.08.2017 14:00;16,07
13.08.2017 14:00;13.08.2017 15:00;13,24
13.08.2017 15:00;13.08.2017 16:00;11,8
13.08.2017 16:00;13.08.2017 17:00;10,8
13.08.2017 17:00;13.08.2017 18:00;21,89
13.08.2017 18:00;13.08.2017 19:00;28,39
13.08.2017 19:00;13.08.2017 20:00;33,0
13.08.2017 20:00;13.08.2017 21:00;34,98
13.08.2017 21:00;13.08.2017 22:00;36,47
13.08.2017 22:00;13.08.2017 23:00;35,8
13.08.2017 23:00;14.08.2017 00:00;32,0
14.08.2017 00:00;14.08.2017 01:00;28,69
14.08.2017 01:00;14.08.2017 02:00;26,37
14.08.2017 02:00;14.08.2017 03:00;25,24
14.08.2017 03:00;14.08.2017 04:00;25,17
14.08.2017 04:00;14.08.2017 05:00;25,28
14.08.2017 05:00;14.08.2017 06:00;27,64
14.08.2017 06:00;14.08.2017 07:00;32,9
14.08.2017 07:00;14.08.2017 08:00;37,9
14.08.2017 08:00;14.08.2017 09:00;38,44
14.08.2017 09:00;14.08.2017 10:00;36,64
14.08.2017 10:00;14.08.2017 11:00;35,04
14.08.2017 11:00;14.08.2017 12:00;34,96
14.08.2017 12:00;14.08.2017 13:00;33,4
14.08.2017 13:00;14.08.2017 14:00;31,93
14.08.2017 14:00;14.08.2017 15:00;31,87
14.08.2017 15:00;14.08.2017 16:00;33,0
14.08.2017 16:00;14.08.2017 17:00;34,87
14.08.2017 17:00;14.08.2017 18:00;37,07
14.08.2017 18:00;14.08.2017 19:00;39,64
14.08.2017 19:00;14.08.2017 20:00;41,96
14.08.2017 20:00;14.08.2017 21:00;38,39
14.08.2017 21:00;14.08.2017 22:00;37,76
14.08.2017 22:00;14.08.2017 23:00;32,96
14.08.2017 23:00;15.08.2017 00:00;26,82
15.08.2017 00:00;15.08.2017 01:00;23,9
15.08.2017 01:00;15.08.2017 02:00;23,05
15.08.2017 02:00;15.08.2017 03:00;22,07
15.08.2017 03:00;15.08.2017 04:00;19,3
15.08.2017 04:00;15.08.2017 05:00;19,25
15.08.2017 05:00;15.08.2017 06:00;21,47
15.08.2017 06:00;15.08.2017 07:00;26,23
15.08.2017 07:00;15.08.2017 08:00;26,96
15.08.2017 08:00;15.08.2017 09:00;27,96
15.08.2017 09:00;15.08.2017 10:00;26,84
15.08.2017 10:00;15.08.2017 11:00;26,08
15.08.2017 11:00;15.08.2017 12:00;26,69
15.08.2017 12:00;15.08.2017 13:00;25,38
15.08.2017 13:00;15.08.2017 14:00;23,07
15.08.2017 14:00;15.08.2017 15:00;21,26
15.08.2017 15:00;15.08.2017 16:00;25,18
15.08.2017 16:00;15.08.2017 17:00;26,08
15.08.2017 17:00;15.08.2017 18:00;31,34
15.08.2017 18:00;15.08.2017 19:00;35,24
15.08.2017 19:00;15.08.2017 20:00;35,3
15.08.2017 20:00;15.08.2017 21:00;35,36
15.08.2017 21:00;15.08.2017 22:00;34,95
15.08.2017 22:00;15.08.2017 23:00;29,04
15.08.2017 23:00;16.08.2017 00:00;27,1
16.08.2017 00:00;16.08.2017 01:00;28,93
16.08.2017 01:00;16.08.2017 02:00;27,99
16.08.2017 02:00;16.08.2017 03:00;27,11
16.08.2017 03:00;16.08.2017 04:00;26,79
16.08.2017 04:00;16.08.2017 05:00;27,64
16.08.2017 05:00;16.08.2017 06:00;28,72
16.08.2017 06:00;16.08.2017 07:00;34,98
16.08.2017 07:00;16.08.2017 08:00;37,61
16.08.2017 08:00;16.08.2017 09:00;42,0
16.08.2017 09:00;16.08.2017 10:00;41,91
16.08.2017 10:00;16.08.2017 11:00;40,92
16.08.2017 11:00;16.08.2017 12:00;40,91
16.08.2017 12:00;16.08.2017 13:00;38,44
16.08.2017 13:00;16.08.2017 14:00;36,07
16.08.2017 14:00;16.08.2017 15:00;35,56
16.08.2017 15:00;16.08.2017 16:00;34,31
16.08.2017 16:00;16.08.2017 17:00;36,27
16.08.2017 17:00;16.08.2017 18:00;39,94
16.08.2017 18:00;16.08.2017 19:00;41,93
16.08.2017 19:00;16.08.2017 20:00;43,15
16.08.2017 20:00;16.08.2017 21:00;41,95
16.08.2017 21:00;16.08.2017 22:00;40,1
16.08.2017 22:00;16.08.2017 23:00;36,02
16.08.2017 23:00;17.08.2017 00:00;32,0
17.08.2017 00:00;17.08.2017 01:00;29,82
17.08.2017 01:00;17.08.2017 02:00;28,44
17.08.2017 02:00;17.08.2017 03:00;26,96
17.08.2017 03:00;17.08.2017 04:00;26,83
17.08.2017 04:00;17.08.2017 05:00;26,96
17.08.2017 05:00;17.08.2017 06:00;28,57
17.08.2017 06:00;17.08.2017 07:00;33,94
17.08.2017 07:00;17.08.2017 08:00;36,9
17.08.2017 08:00;17.08.2017 09:00;40,14
17.08.2017 09:00;17.08.2017 10:00;39,24
17.08.2017 10:00;17.08.2017 11:00;36,47
17.08.2017 11:00;17.08.2017 12:00;36,02
17.08.2017 12:00;17.08.2017 13:00;33,39
17.08.2017 13:00;17.08.2017 14:00;31,64
17.08.2017 14:00;17.08.2017 15:00;30,0
17.08.2017 15:00;17.08.2017 16:00;30,19
17.08.2017 16:00;17.08.2017 17:00;31,68
17.08.2017 17:00;17.08.2017 18:00;35,32
17.08.2017 18:00;17.08.2017 19:00;37,42
17.08.2017 19:00;17.08.2017 20:00;38,97
17.08.2017 20:00;17.08.2017 21:00;38,35
17.08.2017 21:00;17.08.2017 22:00;37,62
17.08.2017 22:00;17.08.2017 23:00;36,87
17.08.2017 23:00;18.08.2017 00:00;31,7
18.08.2017 00:00;18.08.2017 01:00;29,21
18.08.2017 01:00;18.08.2017 02:00;28,29
18.08.2017 02:00;18.08.2017 03:00;27,28
18.08.2017 03:00;18.08.2017 04:00;26,35
18.08.2017 04:00;18.08.2017 05:00;27,7
18.08.2017 05:00;18.08.2017 06:00;28,61
18.08.2017 06:00;18.08.2017 07:00;33,63
18.08.2017 07:00;18.08.2017 08:00;38,48
18.08.2017 08:00;18.08.2017 09:00;42,25
18.08.2017 09:00;18.08.2017 10:00;38,88
18.08.2017 10:00;18.08.2017 11:00;36,1
18.08.2017 11:00;18.08.2017 12:00;36,85
18.08.2017 12:00;18.08.2017 13:00;36,29
18.08.2017 13:00;18.08.2017 14:00;33,17
18.08.2017 14:00;18.08.2017 15:00;31,1
18.08.2017 15:00;18.08.2017 16:00;31,56
18.08.2017 16:00;18.08.2017 17:00;32,4
18.08.2017 17:00;18.08.2017 18:00;35,71
18.08.2017 18:00;18.08.2017 19:00;37,43
18.08.2017 19:00;18.08.2017 20:00;38,7
18.08.2017 20:00;18.08.2017 21:00;36,99
18.08.2017 21:00;18.08.2017 22:00;37,02
18.08.2017 22:00;18.08.2017 23:00;34,95
18.08.2017 23:00;19.08.2017 00:00;29,45
19.08.2017 00:00;19.08.2017 01:00;22,22
19.08.2017 01:00;19.08.2017 02:00;22,01
19.08.2017 02:00;19.08.2017 03:00;13,11
19.08.2017 03:00;19.08.2017 04:00;10,93
19.08.2017 04:00;19.08.2017 05:00;10,47
19.08.2017 05:00;19.08.2017 06:00;10,93
19.08.2017 06:00;19.08.2017 07:00;11,0
19.08.2017 07:00;19.08.2017 08:00;15,93
19.08.2017 08:00;19.08.2017 09:00;20,74
19.08.2017 09:00;19.08.2017 10:00;18,96
19.08.2017 10:00;19.08.2017 11:00;14,62
19.08.2017 11:00;19.08.2017 12:00;12,42
19.08.2017 12:00;19.08.2017 13:00;7,13
19.08.2017 13:00;19.08.2017 14:00;-0,07
19.08.2017 14:00;19.08.2017 15:00;-4,0
19.08.2017 15:00;19.08.2017 16:00;-0,22
19.08.2017 16:00;19.08.2017 17:00;8,16
19.08.2017 17:00;19.08.2017 18:00;11,33
19.08.2017 18:00;19.08.2017 19:00;22,03
19.08.2017 19:00;19.08.2017 20:00;26,63
19.08.2017 20:00;19.08.2017 21:00;26,63
19.08.2017 21:00;19.08.2017 22:00;27,0
19.08.2017 22:00;19.08.2017 23:00;25,33
19.08.2017 23:00;20.08.2017 00:00;20,05
20.08.2017 00:00;20.08.2017 01:00;10,84
20.08.2017 01:00;20.08.2017 02:00;10,1
20.08.2017 02:00;20.08.2017 03:00;9,77
20.08.2017 03:00;20.08.2017 04:00;9,01
20.08.2017 04:00;20.08.2017 05:00;5,18
20.08.2017 05:00;20.08.2017 06:00;8,51
20.08.2017 06:00;20.08.2017 07:00;8,17
20.08.2017 07:00;20.08.2017 08:00;5,06
20.08.2017 08:00;20.08.2017 09:00;9,65
20.08.2017 09:00;20.08.2017 10:00;5,59
20.08.2017 10:00;20.08.2017 11:00;2,66
20.08.2017 11:00;20.08.2017 12:00;2,1
20.08.2017 12:00;20.08.2017 13:00;-0,01
20.08.2017 13:00;20.08.2017 14:00;-14,35
20.08.2017 14:00;20.08.2017 15:00;-12,93
20.08.2017 15:00;20.08.2017 16:00;-6,37
20.08.2017 16:00;20.08.2017 17:00;-3,57
20.08.2017 17:00;20.08.2017 18:00;7,53
20.08.2017 18:00;20.08.2017 19:00;14,13
20.08.2017 19:00;20.08.2017 20:00;26,5
20.08.2017 20:00;20.08.2017 21:00;28,5
20.08.2017 21:00;20.08.2017 22:00;30,57
20.08.2017 22:00;20.08.2017 23:00;29,06
20.08.2017 23:00;21.08.2017 00:00;23,18
21.08.2017 00:00;21.08.2017 01:00;19,55
21.08.2017 01:00;21.08.2017 02:00;12,34
21.08.2017 02:00;21.08.2017 03:00;10,96
21.08.2017 03:00;21.08.2017 04:00;9,74
21.08.2017 04:00;21.08.2017 05:00;9,96
21.08.2017 05:00;21.08.2017 06:00;20,34
21.08.2017 06:00;21.08.2017 07:00;29,93
21.08.2017 07:00;21.08.2017 08:00;35,17
21.08.2017 08:00;21.08.2017 09:00;36,8
21.08.2017 09:00;21.08.2017 10:00;35,54
21.08.2017 10:00;21.08.2017 11:00;33,77
21.08.2017 11:00;21.08.2017 12:00;31,16
21.08.2017 12:00;21.08.2017 13:00;30,96
21.08.2017 13:00;21.08.2017 14:00;29,62
21.08.2017 14:00;21.08.2017 15:00;27,93
21.08.2017 15:00;21.08.2017 16:00;29,87
21.08.2017 16:00;21.08.2017 17:00;32,06
21.08.2017 17:00;21.08.2017 18:00;34,71
21.08.2017 18:00;21.08.2017 19:00;39,8
21.08.2017 19:00;21.08.2017 20:00;41,86
21.08.2017 20:00;21.08.2017 21:00;41,01
21.08.2017 21:00;21.08.2017 22:00;40,31
21.08.2017 22:00;21.08.2017 23:00;37,71
21.08.2017 23:00;22.08.2017 00:00;32,0
22.08.2017 00:00;22.08.2017 01:00;32,77
22.08.2017 01:00;22.08.2017 02:00;30,0
22.08.2017 02:00;22.08.2017 03:00;29,53
22.08.2017 03:00;22.08.2017 04:00;27,9
22.08.2017 04:00;22.08.2017 05:00;27,78
22.08.2017 05:00;22.08.2017 06:00;31,78
22.08.2017 06:00;22.08.2017 07:00;37,71
22.08.2017 07:00;22.08.2017 08:00;42,24
22.08.2017 08:00;22.08.2017 09:00;42,42
22.08.2017 09:00;22.08.2017 10:00;39,99
22.08.2017 10:00;22.08.2017 11:00;37,76
22.08.2017 11:00;22.08.2017 12:00;36,91
22.08.2017 12:00;22.08.2017 13:00;35,57
22.08.2017 13:00;22.08.2017 14:00;35,36
22.08.2017 14:00;22.08.2017 15:00;35,08
22.08.2017 15:00;22.08.2017 16:00;36,06
22.08.2017 16:00;22.08.2017 17:00;37,39
22.08.2017 17:00;22.08.2017 18:00;42,02
22.08.2017 18:00;22.08.2017 19:00;44,71
22.08.2017 19:00;22.08.2017 20:00;48,17
22.08.2017 20:00;22.08.2017 21:00;45,07
22.08.2017 21:00;22.08.2017 22:00;43,38
22.08.2017 22:00;22.08.2017 23:00;38,81
22.08.2017 23:00;23.08.2017 00:00;34,85
23.08.2017 00:00;23.08.2017 01:00;30,97
23.08.2017 01:00;23.08.2017 02:00;30,93
23.08.2017 02:00;23.08.2017 03:00;29,63
23.08.2017 03:00;23.08.2017 04:00;28,4
23.08.2017 04:00;23.08.2017 05:00;28,06
23.08.2017 05:00;23.08.2017 06:00;29,76
23.08.2017 06:00;23.08.2017 07:00;36,93
23.08.2017 07:00;23.08.2017 08:00;40,92
23.08.2017 08:00;23.08.2017 09:00;43,36
23.08.2017 09:00;23.08.2017 10:00;40,72
23.08.2017 10:00;23.08.2017 11:00;38,24
23.08.2017 11:00;23.08.2017 12:00;37,5
23.08.2017 12:00;23.08.2017 13:00;36,25
23.08.2017 13:00;23.08.2017 14:00;34,0
23.08.2017 14:00;23.08.2017 15:00;32,5
23.08.2017 15:00;23.08.2017 16:00;34,1
23.08.2017 16:00;23.08.2017 17:00;37,06
23.08.2017 17:00;23.08.2017 18:00;40,24
23.08.2017 18:00;23.08.2017 19:00;45,94
23.08.2017 19:00;23.08.2017 20:00;48,05
23.08.2017 20:00;23.08.2017 21:00;44,9
23.08.2017 21:00;23.08.2017 22:00;41,92
23.08.2017 22:00;23.08.2017 23:00;35,96
23.08.2017 23:00;24.08.2017 00:00;31,29
24.08.2017 00:00;24.08.2017 01:00;29,99
24.08.2017 01:00;24.08.2017 02:00;29,48
24.08.2017 02:00;24.08.2017 03:00;28,1
24.08.2017 03:00;24.08.2017 04:00;27,73
24.08.2017 04:00;24.08.2017 05:00;28,0
24.08.2017 05:00;24.08.2017 06:00;30,27
24.08.2017 06:00;24.08.2017 07:00;36,45
24.08.2017 07:00;24.08.2017 08:00;39,42
24.08.2017 08:00;24.08.2017 09:00;42,14
24.08.2017 09:00;24.08.2017 10:00;42,09
24.08.2017 10:00;24.08.2017 11:00;40,7
24.08.2017 11:00;24.08.2017 12:00;39,94
24.08.2017 12:00;24.08.2017 13:00;32,38
24.08.2017 13:00;24.08.2017 14:00;29,63
24.08.2017 14:00;24.08.2017 15:00;29,69
24.08.2017 15:00;24.08.2017 16:00;29,8
24.08.2017 16:00;24.08.2017 17:00;31,76
24.08.2017 17:00;24.08.2017 18:00;39,7
24.08.2017 18:00;24.08.2017 19:00;42,75
24.08.2017 19:00;24.08.2017 20:00;44,89
24.08.2017 20:00;24.08.2017 21:00;44,55
24.08.2017 21:00;24.08.2017 22:00;42,91
24.08.2017 22:00;24.08.2017 23:00;39,22
24.08.2017 23:00;25.08.2017 00:00;33,96
25.08.2017 00:00;25.08.2017 01:00;33,43
25.08.2017 01:00;25.08.2017 02:00;31,31
25.08.2017 02:00;25.08.2017 03:00;30,13
25.08.2017 03:00;25.08.2017 04:00;29,51
25.08.2017 04:00;25.08.2017 05:00;29,94
25.08.2017 05:00;25.08.2017 06:00;32,28
25.08.2017 06:00;25.08.2017 07:00;38,05
25.08.2017 07:00;25.08.2017 08:00;42,97
25.08.2017 08:00;25.08.2017 09:00;44,9
25.08.2017 09:00;25.08.2017 10:00;44,67
25.08.2017 10:00;25.08.2017 11:00;41,77
25.08.2017 11:00;25.08.2017 12:00;39,87
25.08.2017 12:00;25.08.2017 13:00;37,92
25.08.2017 13:00;25.08.2017 14:00;34,98
25.08.2017 14:00;25.08.2017 15:00;33,09
25.08.2017 15:00;25.08.2017 16:00;33,99
25.08.2017 16:00;25.08.2017 17:00;36,04
25.08.2017 17:00;25.08.2017 18:00;40,41
25.08.2017 18:00;25.08.2017 19:00;43,98
25.08.2017 19:00;25.08.2017 20:00;45,7
25.08.2017 20:00;25.08.2017 21:00;45,4
25.08.2017 21:00;25.08.2017 22:00;42,91
25.08.2017 22:00;25.08.2017 23:00;39,7
25.08.2017 23:00;26.08.2017 00:00;35,43
26.08.2017 00:00;26.08.2017 01:00;34,75
26.08.2017 01:00;26.08.2017 02:00;32,21
26.08.2017 02:00;26.08.2017 03:00;31,38
26.08.2017 03:00;26.08.2017 04:00;30,89
26.08.2017 04:00;26.08.2017 05:00;30,61
26.08.2017 05:00;26.08.2017 06:00;30,29
26.08.2017 06:00;26.08.2017 07:00;30,47
26.08.2017 07:00;26.08.2017 08:00;31,04
26.08.2017 08:00;26.08.2017 09:00;34,82
26.08.2017 09:00;26.08.2017 10:00;35,96
26.08.2017 10:00;26.08.2017 11:00;35,65
26.08.2017 11:00;26.08.2017 12:00;34,99
26.08.2017 12:00;26.08.2017 13:00;31,52
26.08.2017 13:00;26.08.2017 14:00;30,78
26.08.2017 14:00;26.08.2017 15:00;30,23
26.08.2017 15:00;26.08.2017 16:00;31,92
26.08.2017 16:00;26.08.2017 17:00;32,17
26.08.2017 17:00;26.08.2017 18:00;36,82
26.08.2017 18:00;26.08.2017 19:00;39,67
26.08.2017 19:00;26.08.2017 20:00;42,0
26.08.2017 20:00;26.08.2017 21:00;42,38
26.08.2017 21:00;26.08.2017 22:00;39,97
26.08.2017 22:00;26.08.2017 23:00;38,44
26.08.2017 23:00;27.08.2017 00:00;34,9
27.08.2017 00:00;27.08.2017 01:00;34,95
27.08.2017 01:00;27.08.2017 02:00;31,88
27.08.2017 02:00;27.08.2017 03:00;30,01
27.08.2017 03:00;27.08.2017 04:00;28,71
27.08.2017 04:00;27.08.2017 05:00;29,32
27.08.2017 05:00;27.08.2017 06:00;28,82
27.08.2017 06:00;27.08.2017 07:00;29,67
27.08.2017 07:00;27.08.2017 08:00;28,46
27.08.2017 08:00;27.08.2017 09:00;29,44
27.08.2017 09:00;27.08.2017 10:00;26,04
27.08.2017 10:00;27.08.2017 11:00;22,18
27.08.2017 11:00;27.08.2017 12:00;22,06
27.08.2017 12:00;27.08.2017 13:00;20,74
27.08.2017 13:00;27.08.2017 14:00;25,42
27.08.2017 14:00;27.08.2017 15:00;23,89
27.08.2017 15:00;27.08.2017 16:00;27,0
27.08.2017 16:00;27.08.2017 17:00;28,74
27.08.2017 17:00;27.08.2017 18:00;30,63
27.08.2017 18:00;27.08.2017 19:00;35,2
27.08.2017 19:00;27.08.2017 20:00;38,96
27.08.2017 20:00;27.08.2017 21:00;42,21
27.08.2017 21:00;27.08.2017 22:00;42,43
27.08.2017 22:00;27.08.2017 23:00;38,0
27.08.2017 23:00;28.08.2017 00:00;35,98
28.08.2017 00:00;28.08.2017 01:00;33,54
28.08.2017 01:00;28.08.2017 02:00;30,94
28.08.2017 02:00;28.08.2017 03:00;30,64
28.08.2017 03:00;28.08.2017 04:00;30,4
28.08.2017 04:00;28.08.2017 05:00;30,42
28.08.2017 05:00;28.08.2017 06:00;31,99
28.08.2017 06:00;28.08.2017 07:00;41,99
28.08.2017 07:00;28.08.2017 08:00;43,98
28.08.2017 08:00;28.08.2017 09:00;45,56
28.08.2017 09:00;28.08.2017 10:00;44,97
28.08.2017 10:00;28.08.2017 11:00;43,5
28.08.2017 11:00;28.08.2017 12:00;40,06
28.08.2017 12:00;28.08.2017 13:00;35,63
28.08.2017 13:00;28.08.2017 14:00;32,4
28.08.2017 14:00;28.08.2017 15:00;31,5
28.08.2017 15:00;28.08.2017 16:00;36,95
28.08.2017 16:00;28.08.2017 17:00;39,51
28.08.2017 17:00;28.08.2017 18:00;44,53
28.08.2017 18:00;28.08.2017 19:00;46,6
28.08.2017 19:00;28.08.2017 20:00;50,0
28.08.2017 20:00;28.08.2017 21:00;47,59
28.08.2017 21:00;28.08.2017 22:00;44,26
28.08.2017 22:00;28.08.2017 23:00;38,99
28.08.2017 23:00;29.08.2017 00:00;32,0
29.08.2017 00:00;29.08.2017 01:00;30,86
29.08.2017 01:00;29.08.2017 02:00;30,2
29.08.2017 02:00;29.08.2017 03:00;29,96
29.08.2017 03:00;29.08.2017 04:00;29,31
29.08.2017 04:00;29.08.2017 05:00;29,38
29.08.2017 05:00;29.08.2017 06:00;30,77
29.08.2017 06:00;29.08.2017 07:00;35,0
29.08.2017 07:00;29.08.2017 08:00;42,07
29.08.2017 08:00;29.08.2017 09:00;45,54
29.08.2017 09:00;29.08.2017 10:00;42,99
29.08.2017 10:00;29.08.2017 11:00;38,97
29.08.2017 11:00;29.08.2017 12:00;35,58
29.08.2017 12:00;29.08.2017 13:00;31,32
29.08.2017 13:00;29.08.2017 14:00;32,1
29.08.2017 14:00;29.08.2017 15:00;32,49
29.08.2017 15:00;29.08.2017 16:00;33,0
29.08.2017 16:00;29.08.2017 17:00;37,68
29.08.2017 17:00;29.08.2017 18:00;45,47
29.08.2017 18:00;29.08.2017 19:00;49,01
29.08.2017 19:00;29.08.2017 20:00;52,47
29.08.2017 20:00;29.08.2017 21:00;49,98
29.08.2017 21:00;29.08.2017 22:00;45,87
29.08.2017 22:00;29.08.2017 23:00;40,04
29.08.2017 23:00;30.08.2017 00:00;32,82
30.08.2017 00:00;30.08.2017 01:00;32,98
30.08.2017 01:00;30.08.2017 02:00;30,26
30.08.2017 02:00;30.08.2017 03:00;29,83
30.08.2017 03:00;30.08.2017 04:00;29,56
30.08.2017 04:00;30.08.2017 05:00;29,6
30.08.2017 05:00;30.08.2017 06:00;30,82
30.08.2017 06:00;30.08.2017 07:00;36,51
30.08.2017 07:00;30.08.2017 08:00;42,0
30.08.2017 08:00;30.08.2017 09:00;44,43
30.08.2017 09:00;30.08.2017 10:00;43,97
30.08.2017 10:00;30.08.2017 11:00;43,39
30.08.2017 11:00;30.08.2017 12:00;39,91
30.08.2017 12:00;30.08.2017 13:00;33,0
30.08.2017 13:00;30.08.2017 14:00;32,75
30.08.2017 14:00;30.08.2017 15:00;32,83
30.08.2017 15:00;30.08.2017 16:00;32,14
30.08.2017 16:00;30.08.2017 17:00;37,4
30.08.2017 17:00;30.08.2017 18:00;40,56
30.08.2017 18:00;30.08.2017 19:00;42,39
30.08.2017 19:00;30.08.2017 20:00;42,4
30.08.2017 20:00;30.08.2017 21:00;41,39
30.08.2017 21:00;30.08.2017 22:00;37,04
30.08.2017 22:00;30.08.2017 23:00;32,48
30.08.2017 23:00;31.08.2017 00:00;30,89
31.08.2017 00:00;31.08.2017 01:00;31,0
31.08.2017 01:00;31.08.2017 02:00;29,97
31.08.2017 02:00;31.08.2017 03:00;29,75
31.08.2017 03:00;31.08.2017 04:00;28,83
31.08.2017 04:00;31.08.2017 05:00;28,89
31.08.2017 05:00;31.08.2017 06:00;30,06
31.08.2017 06:00;31.08.2017 07:00;34,15
31.08.2017 07:00;31.08.2017 08:00;39,92
31.08.2017 08:00;31.08.2017 09:00;43,28
31.08.2017 09:00;31.08.2017 10:00;44,92
31.08.2017 10:00;31.08.2017 11:00;44,08
31.08.2017 11:00;31.08.2017 12:00;44,8
31.08.2017 12:00;31.08.2017 13:00;42,98
31.08.2017 13:00;31.08.2017 14:00;41,97
31.08.2017 14:00;31.08.2017 15:00;40,06
31.08.2017 15:00;31.08.2017 16:00;41,97
31.08.2017 16:00;31.08.2017 17:00;41,94
31.08.2017 17:00;31.08.2017 18:00;42,05
31.08.2017 18:00;31.08.2017 19:00;43,6
31.08.2017 19:00;31.08.2017 20:00;43,8
31.08.2017 20:00;31.08.2017 21:00;44,09
31.08.2017 21:00;31.08.2017 22:00;41,92
31.08.2017 22:00;31.08.2017 23:00;35,59
31.08.2017 23:00;01.09.2017 00:00;33,41
01.09.2017 00:00;01.09.2017 01:00;33,09
01.09.2017 01:00;01.09.2017 02:00;31,07
01.09.2017 02:00;01.09.2017 03:00;29,89
01.09.2017 03:00;01.09.2017 04:00;29,64
01.09.2017 04:00;01.09.2017 05:00;29,65
01.09.2017 05:00;01.09.2017 06:00;31,71
01.09.2017 06:00;01.09.2017 07:00;36,04
01.09.2017 07:00;01.09.2017 08:00;43,46
01.09.2017 08:00;01.09.2017 09:00;45,83
01.09.2017 09:00;01.09.2017 10:00;45,12
01.09.2017 10:00;01.09.2017 11:00;44,9
01.09.2017 11:00;01.09.2017 12:00;45,02
01.09.2017 12:00;01.09.2017 13:00;44,87
01.09.2017 13:00;01.09.2017 14:00;43,09
01.09.2017 14:00;01.09.2017 15:00;39,91
01.09.2017 15:00;01.09.2017 16:00;38,93
01.09.2017 16:00;01.09.2017 17:00;38,56
01.09.2017 17:00;01.09.2017 18:00;40,36
01.09.2017 18:00;01.09.2017 19:00;42,2
01.09.2017 19:00;01.09.2017 20:00;43,74
01.09.2017 20:00;01.09.2017 21:00;43,95
01.09.2017 21:00;01.09.2017 22:00;39,4
01.09.2017 22:00;01.09.2017 23:00;36,21
01.09.2017 23:00;02.09.2017 00:00;34,51
02.09.2017 00:00;02.09.2017 01:00;32,22
02.09.2017 01:00;02.09.2017 02:00;31,73
02.09.2017 02:00;02.09.2017 03:00;30,06
02.09.2017 03:00;02.09.2017 04:00;29,64
02.09.2017 04:00;02.09.2017 05:00;29,48
02.09.2017 05:00;02.09.2017 06:00;29,99
02.09.2017 06:00;02.09.2017 07:00;31,1
02.09.2017 07:00;02.09.2017 08:00;32,39
02.09.2017 08:00;02.09.2017 09:00;35,1
02.09.2017 09:00;02.09.2017 10:00;38,0
02.09.2017 10:00;02.09.2017 11:00;38,15
02.09.2017 11:00;02.09.2017 12:00;38,03
02.09.2017 12:00;02.09.2017 13:00;35,37
02.09.2017 13:00;02.09.2017 14:00;33,0
02.09.2017 14:00;02.09.2017 15:00;31,78
02.09.2017 15:00;02.09.2017 16:00;30,97
02.09.2017 16:00;02.09.2017 17:00;31,5
02.09.2017 17:00;02.09.2017 18:00;32,99
02.09.2017 18:00;02.09.2017 19:00;37,25
02.09.2017 19:00;02.09.2017 20:00;40,32
02.09.2017 20:00;02.09.2017 21:00;40,52
02.09.2017 21:00;02.09.2017 22:00;38,02
02.09.2017 22:00;02.09.2017 23:00;35,65
02.09.2017 23:00;03.09.2017 00:00;31,02
03.09.2017 00:00;03.09.2017 01:00;32,85
03.09.2017 01:00;03.09.2017 02:00;27,84
03.09.2017 02:00;03.09.2017 03:00;29,8
03.09.2017 03:00;03.09.2017 04:00;28,12
03.09.2017 04:00;03.09.2017 05:00;27,6
03.09.2017 05:00;03.09.2017 06:00;27,64
03.09.2017 06:00;03.09.2017 07:00;28,08
03.09.2017 07:00;03.09.2017 08:00;27,63
03.09.2017 08:00;03.09.2017 09:00;29,45
03.09.2017 09:00;03.09.2017 10:00;30,25
03.09.2017 10:00;03.09.2017 11:00;29,32
03.09.2017 11:00;03.09.2017 12:00;30,09
03.09.2017 12:00;03.09.2017 13:00;30,7
03.09.2017 13:00;03.09.2017 14:00;26,26
03.09.2017 14:00;03.09.2017 15:00;25,95
03.09.2017 15:00;03.09.2017 16:00;25,0
03.09.2017 16:00;03.09.2017 17:00;26,46
03.09.2017 17:00;03.09.2017 18:00;29,73
03.09.2017 18:00;03.09.2017 19:00;34,15
03.09.2017 19:00;03.09.2017 20:00;38,88
03.09.2017 20:00;03.09.2017 21:00;42,27
03.09.2017 21:00;03.09.2017 22:00;39,91
03.09.2017 22:00;03.09.2017 23:00;38,42
03.09.2017 23:00;04.09.2017 00:00;33,43
04.09.2017 00:00;04.09.2017 01:00;31,03
04.09.2017 01:00;04.09.2017 02:00;29,72
04.09.2017 02:00;04.09.2017 03:00;29,41
04.09.2017 03:00;04.09.2017 04:00;27,77
04.09.2017 04:00;04.09.2017 05:00;28,09
04.09.2017 05:00;04.09.2017 06:00;30,4
04.09.2017 06:00;04.09.2017 07:00;39,67
04.09.2017 07:00;04.09.2017 08:00;43,92
04.09.2017 08:00;04.09.2017 09:00;42,95
04.09.2017 09:00;04.09.2017 10:00;42,04
04.09.2017 10:00;04.09.2017 11:00;38,85
04.09.2017 11:00;04.09.2017 12:00;35,17
04.09.2017 12:00;04.09.2017 13:00;32,36
04.09.2017 13:00;04.09.2017 14:00;32,95
04.09.2017 14:00;04.09.2017 15:00;33,23
04.09.2017 15:00;04.09.2017 16:00;35,26
04.09.2017 16:00;04.09.2017 17:00;36,6
04.09.2017 17:00;04.09.2017 18:00;39,23
04.09.2017 18:00;04.09.2017 19:00;42,91
04.09.2017 19:00;04.09.2017 20:00;45,48
04.09.2017 20:00;04.09.2017 21:00;45,71
04.09.2017 21:00;04.09.2017 22:00;42,3
04.09.2017 22:00;04.09.2017 23:00;38,93
04.09.2017 23:00;05.09.2017 00:00;33,22
05.09.2017 00:00;05.09.2017 01:00;31,92
05.09.2017 01:00;05.09.2017 02:00;29,93
05.09.2017 02:00;05.09.2017 03:00;29,7
05.09.2017 03:00;05.09.2017 04:00;29,62
05.09.2017 04:00;05.09.2017 05:00;29,68
05.09.2017 05:00;05.09.2017 06:00;31,02
05.09.2017 06:00;05.09.2017 07:00;36,37
05.09.2017 07:00;05.09.2017 08:00;42,39
05.09.2017 08:00;05.09.2017 09:00;44,05
05.09.2017 09:00;05.09.2017 10:00;42,93
05.09.2017 10:00;05.09.2017 11:00;41,26
05.09.2017 11:00;05.09.2017 12:00;41,76
05.09.2017 12:00;05.09.2017 13:00;38,49
05.09.2017 13:00;05.09.2017 14:00;37,25
05.09.2017 14:00;05.09.2017 15:00;36,67
05.09.2017 15:00;05.09.2017 16:00;38,43
05.09.2017 16:00;05.09.2017 17:00;39,05
05.09.2017 17:00;05.09.2017 18:00;40,56
05.09.2017 18:00;05.09.2017 19:00;43,04
05.09.2017 19:00;05.09.2017 20:00;44,22
05.09.2017 20:00;05.09.2017 21:00;44,97
05.09.2017 21:00;05.09.2017 22:00;40,4
05.09.2017 22:00;05.09.2017 23:00;37,25
05.09.2017 23:00;06.09.2017 00:00;32,97
06.09.2017 00:00;06.09.2017 01:00;29,47
06.09.2017 01:00;06.09.2017 02:00;29,06
06.09.2017 02:00;06.09.2017 03:00;27,83
06.09.2017 03:00;06.09.2017 04:00;26,19
06.09.2017 04:00;06.09.2017 05:00;26,42
06.09.2017 05:00;06.09.2017 06:00;29,19
06.09.2017 06:00;06.09.2017 07:00;36,32
06.09.2017 07:00;06.09.2017 08:00;42,02
06.09.2017 08:00;06.09.2017 09:00;43,73
06.09.2017 09:00;06.09.2017 10:00;43,0
06.09.2017 10:00;06.09.2017 11:00;41,0
06.09.2017 11:00;06.09.2017 12:00;40,07
06.09.2017 12:00;06.09.2017 13:00;35,92
06.09.2017 13:00;06.09.2017 14:00;29,88
06.09.2017 14:00;06.09.2017 15:00;27,9
06.09.2017 15:00;06.09.2017 16:00;23,81
06.09.2017 16:00;06.09.2017 17:00;22,06
06.09.2017 17:00;06.09.2017 18:00;26,81
06.09.2017 18:00;06.09.2017 19:00;29,65
06.09.2017 19:00;06.09.2017 20:00;35,92
06.09.2017 20:00;06.09.2017 21:00;35,96
06.09.2017 21:00;06.09.2017 22:00;30,96
06.09.2017 22:00;06.09.2017 23:00;29,67
06.09.2017 23:00;07.09.2017 00:00;22,07
07.09.2017 00:00;07.09.2017 01:00;21,54
07.09.2017 01:00;07.09.2017 02:00;14,96
07.09.2017 02:00;07.09.2017 03:00;13,12
07.09.2017 03:00;07.09.2017 04:00;11,76
07.09.2017 04:00;07.09.2017 05:00;13,82
07.09.2017 05:00;07.09.2017 06:00;22,01
07.09.2017 06:00;07.09.2017 07:00;34,63
07.09.2017 07:00;07.09.2017 08:00;40,68
07.09.2017 08:00;07.09.2017 09:00;39,94
07.09.2017 09:00;07.09.2017 10:00;39,95
07.09.2017 10:00;07.09.2017 11:00;37,48
07.09.2017 11:00;07.09.2017 12:00;38,98
07.09.2017 12:00;07.09.2017 13:00;37,41
07.09.2017 13:00;07.09.2017 14:00;36,8
07.09.2017 14:00;07.09.2017 15:00;36,11
07.09.2017 15:00;07.09.2017 16:00;36,73
07.09.2017 16:00;07.09.2017 17:00;37,71
07.09.2017 17:00;07.09.2017 18:00;40,37
07.09.2017 18:00;07.09.2017 19:00;42,67
07.09.2017 19:00;07.09.2017 20:00;45,22
07.09.2017 20:00;07.09.2017 21:00;45,99
07.09.2017 21:00;07.09.2017 22:00;41,02
07.09.2017 22:00;07.09.2017 23:00;38,78
07.09.2017 23:00;08.09.2017 00:00;33,99
08.09.2017 00:00;08.09.2017 01:00;29,92
08.09.2017 01:00;08.09.2017 02:00;27,01
08.09.2017 02:00;08.09.2017 03:00;23,95
08.09.2017 03:00;08.09.2017 04:00;19,0
08.09.2017 04:00;08.09.2017 05:00;14,09
08.09.2017 05:00;08.09.2017 06:00;22,24
08.09.2017 06:00;08.09.2017 07:00;32,96
08.09.2017 07:00;08.09.2017 08:00;35,93
08.09.2017 08:00;08.09.2017 09:00;35,14
08.09.2017 09:00;08.09.2017 10:00;31,02
08.09.2017 10:00;08.09.2017 11:00;29,91
08.09.2017 11:00;08.09.2017 12:00;22,88
08.09.2017 12:00;08.09.2017 13:00;19,04
08.09.2017 13:00;08.09.2017 14:00;17,99
08.09.2017 14:00;08.09.2017 15:00;15,03
08.09.2017 15:00;08.09.2017 16:00;22,05
08.09.2017 16:00;08.09.2017 17:00;24,3
08.09.2017 17:00;08.09.2017 18:00;30,36
08.09.2017 18:00;08.09.2017 19:00;33,98
08.09.2017 19:00;08.09.2017 20:00;35,97
08.09.2017 20:00;08.09.2017 21:00;37,31
08.09.2017 21:00;08.09.2017 22:00;34,0
08.09.2017 22:00;08.09.2017 23:00;30,86
08.09.2017 23:00;09.09.2017 00:00;28,87
09.09.2017 00:00;09.09.2017 01:00;27,95
09.09.2017 01:00;09.09.2017 02:00;21,85
09.09.2017 02:00;09.09.2017 03:00;21,09
09.09.2017 03:00;09.09.2017 04:00;21,03
09.09.2017 04:00;09.09.2017 05:00;21,08
09.09.2017 05:00;09.09.2017 06:00;25,23
09.09.2017 06:00;09.09.2017 07:00;27,45
09.09.2017 07:00;09.09.2017 08:00;29,93
09.09.2017 08:00;09.09.2017 09:00;34,1
09.09.2017 09:00;09.09.2017 10:00;37,08
09.09.2017 10:00;09.09.2017 11:00;37,17
09.09.2017 11:00;09.09.2017 12:00;38,68
09.09.2017 12:00;09.09.2017 13:00;36,26
09.09.2017 13:00;09.09.2017 14:00;33,1
09.09.2017 14:00;09.09.2017 15:00;29,88
09.09.2017 15:00;09.09.2017 16:00;30,85
09.09.2017 16:00;09.09.2017 17:00;32,87
09.09.2017 17:00;09.09.2017 18:00;34,54
09.09.2017 18:00;09.09.2017 19:00;36,21
09.09.2017 19:00;09.09.2017 20:00;39,08
09.09.2017 20:00;09.09.2017 21:00;41,53
09.09.2017 21:00;09.09.2017 22:00;38,99
09.09.2017 22:00;09.09.2017 23:00;38,94
09.09.2017 23:00;10.09.2017 00:00;36,81
10.09.2017 00:00;10.09.2017 01:00;31,06
10.09.2017 01:00;10.09.2017 02:00;29,56
10.09.2017 02:00;10.09.2017 03:00;28,23
10.09.2017 03:00;10.09.2017 04:00;25,9
10.09.2017 04:00;10.09.2017 05:00;23,73
10.09.2017 05:00;10.09.2017 06:00;23,17
10.09.2017 06:00;10.09.2017 07:00;25,92
10.09.2017 07:00;10.09.2017 08:00;26,08
10.09.2017 08:00;10.09.2017 09:00;29,89
10.09.2017 09:00;10.09.2017 10:00;30,28
10.09.2017 10:00;10.09.2017 11:00;29,8
10.09.2017 11:00;10.09.2017 12:00;29,42
10.09.2017 12:00;10.09.2017 13:00;24,8
10.09.2017 13:00;10.09.2017 14:00;17,24
10.09.2017 14:00;10.09.2017 15:00;8,93
10.09.2017 15:00;10.09.2017 16:00;9,85
10.09.2017 16:00;10.09.2017 17:00;10,51
10.09.2017 17:00;10.09.2017 18:00;13,21
10.09.2017 18:00;10.09.2017 19:00;23,28
10.09.2017 19:00;10.09.2017 20:00;30,63
10.09.2017 20:00;10.09.2017 21:00;29,7
10.09.2017 21:00;10.09.2017 22:00;22,56
10.09.2017 22:00;10.09.2017 23:00;18,05
10.09.2017 23:00;11.09.2017 00:00;9,4
11.09.2017 00:00;11.09.2017 01:00;0,43
11.09.2017 01:00;11.09.2017 02:00;0,0
11.09.2017 02:00;11.09.2017 03:00;-0,07
11.09.2017 03:00;11.09.2017 04:00;-2,32
11.09.2017 04:00;11.09.2017 05:00;-2,77
11.09.2017 05:00;11.09.2017 06:00;4,23
11.09.2017 06:00;11.09.2017 07:00;23,29
11.09.2017 07:00;11.09.2017 08:00;32,9
11.09.2017 08:00;11.09.2017 09:00;36,33
11.09.2017 09:00;11.09.2017 10:00;36,02
11.09.2017 10:00;11.09.2017 11:00;31,49
11.09.2017 11:00;11.09.2017 12:00;33,0
11.09.2017 12:00;11.09.2017 13:00;30,07
11.09.2017 13:00;11.09.2017 14:00;23,78
11.09.2017 14:00;11.09.2017 15:00;23,06
11.09.2017 15:00;11.09.2017 16:00;21,98
11.09.2017 16:00;11.09.2017 17:00;27,52
11.09.2017 17:00;11.09.2017 18:00;30,63
11.09.2017 18:00;11.09.2017 19:00;33,94
11.09.2017 19:00;11.09.2017 20:00;37,75
11.09.2017 20:00;11.09.2017 21:00;34,69
11.09.2017 21:00;11.09.2017 22:00;30,04
11.09.2017 22:00;11.09.2017 23:00;19,93
11.09.2017 23:00;12.09.2017 00:00;9,36
12.09.2017 00:00;12.09.2017 01:00;10,75
12.09.2017 01:00;12.09.2017 02:00;9,03
12.09.2017 02:00;12.09.2017 03:00;6,49
12.09.2017 03:00;12.09.2017 04:00;5,33
12.09.2017 04:00;12.09.2017 05:00;8,71
12.09.2017 05:00;12.09.2017 06:00;14,9
12.09.2017 06:00;12.09.2017 07:00;34,91
12.09.2017 07:00;12.09.2017 08:00;40,0
12.09.2017 08:00;12.09.2017 09:00;42,46
12.09.2017 09:00;12.09.2017 10:00;39,98
12.09.2017 10:00;12.09.2017 11:00;37,05
12.09.2017 11:00;12.09.2017 12:00;36,65
12.09.2017 12:00;12.09.2017 13:00;33,45
12.09.2017 13:00;12.09.2017 14:00;30,49
12.09.2017 14:00;12.09.2017 15:00;28,58
12.09.2017 15:00;12.09.2017 16:00;29,62
12.09.2017 16:00;12.09.2017 17:00;30,69
12.09.2017 17:00;12.09.2017 18:00;35,25
12.09.2017 18:00;12.09.2017 19:00;41,49
12.09.2017 19:00;12.09.2017 20:00;45,89
12.09.2017 20:00;12.09.2017 21:00;45,52
12.09.2017 21:00;12.09.2017 22:00;36,94
12.09.2017 22:00;12.09.2017 23:00;34,11
12.09.2017 23:00;13.09.2017 00:00;28,1
13.09.2017 00:00;13.09.2017 01:00;19,02
13.09.2017 01:00;13.09.2017 02:00;12,08
13.09.2017 02:00;13.09.2017 03:00;10,71
13.09.2017 03:00;13.09.2017 04:00;5,48
13.09.2017 04:00;13.09.2017 05:00;8,33
13.09.2017 05:00;13.09.2017 06:00;14,01
13.09.2017 06:00;13.09.2017 07:00;23,01
13.09.2017 07:00;13.09.2017 08:00;28,72
13.09.2017 08:00;13.09.2017 09:00;23,07
13.09.2017 09:00;13.09.2017 10:00;15,92
13.09.2017 10:00;13.09.2017 11:00;13,41
13.09.2017 11:00;13.09.2017 12:00;12,73
13.09.2017 12:00;13.09.2017 13:00;10,74
13.09.2017 13:00;13.09.2017 14:00;12,06
13.09.2017 14:00;13.09.2017 15:00;10,1
13.09.2017 15:00;13.09.2017 16:00;9,18
13.09.2017 16:00;13.09.2017 17:00;9,16
13.09.2017 17:00;13.09.2017 18:00;9,12
13.09.2017 18:00;13.09.2017 19:00;16,24
13.09.2017 19:00;13.09.2017 20:00;16,03
13.09.2017 20:00;13.09.2017 21:00;16,07
13.09.2017 21:00;13.09.2017 22:00;12,06
13.09.2017 22:00;13.09.2017 23:00;10,67
13.09.2017 23:00;14.09.2017 00:00;8,6
14.09.2017 00:00;14.09.2017 01:00;-11,04
14.09.2017 01:00;14.09.2017 02:00;-4,92
14.09.2017 02:00;14.09.2017 03:00;-7,91
14.09.2017 03:00;14.09.2017 04:00;-7,1
14.09.2017 04:00;14.09.2017 05:00;-1,7
14.09.2017 05:00;14.09.2017 06:00;9,42
14.09.2017 06:00;14.09.2017 07:00;31,08
14.09.2017 07:00;14.09.2017 08:00;35,47
14.09.2017 08:00;14.09.2017 09:00;36,98
14.09.2017 09:00;14.09.2017 10:00;35,03
14.09.2017 10:00;14.09.2017 11:00;34,46
14.09.2017 11:00;14.09.2017 12:00;34,37
14.09.2017 12:00;14.09.2017 13:00;30,55
14.09.2017 13:00;14.09.2017 14:00;29,73
14.09.2017 14:00;14.09.2017 15:00;25,86
14.09.2017 15:00;14.09.2017 16:00;27,27
14.09.2017 16:00;14.09.2017 17:00;27,94
14.09.2017 17:00;14.09.2017 18:00;32,14
14.09.2017 18:00;14.09.2017 19:00;34,91
14.09.2017 19:00;14.09.2017 20:00;35,88
14.09.2017 20:00;14.09.2017 21:00;36,09
14.09.2017 21:00;14.09.2017 22:00;34,45
14.09.2017 22:00;14.09.2017 23:00;26,66
14.09.2017 23:00;15.09.2017 00:00;19,03
15.09.2017 00:00;15.09.2017 01:00;20,53
15.09.2017 01:00;15.09.2017 02:00;12,28
15.09.2017 02:00;15.09.2017 03:00;14,0
15.09.2017 03:00;15.09.2017 04:00;16,69
15.09.2017 04:00;15.09.2017 05:00;22,07
15.09.2017 05:00;15.09.2017 06:00;29,6
15.09.2017 06:00;15.09.2017 07:00;40,24
15.09.2017 07:00;15.09.2017 08:00;44,3
15.09.2017 08:00;15.09.2017 09:00;44,8
15.09.2017 09:00;15.09.2017 10:00;40,96
15.09.2017 10:00;15.09.2017 11:00;39,98
15.09.2017 11:00;15.09.2017 12:00;38,96
15.09.2017 12:00;15.09.2017 13:00;36,69
15.09.2017 13:00;15.09.2017 14:00;33,05
15.09.2017 14:00;15.09.2017 15:00;36,4
15.09.2017 15:00;15.09.2017 16:00;36,13
15.09.2017 16:00;15.09.2017 17:00;38,65
15.09.2017 17:00;15.09.2017 18:00;42,51
15.09.2017 18:00;15.09.2017 19:00;45,47
15.09.2017 19:00;15.09.2017 20:00;48,0
15.09.2017 20:00;15.09.2017 21:00;47,95
15.09.2017 21:00;15.09.2017 22:00;42,05
15.09.2017 22:00;15.09.2017 23:00;37,91
15.09.2017 23:00;16.09.2017 00:00;31,4
16.09.2017 00:00;16.09.2017 01:00;33,95
16.09.2017 01:00;16.09.2017 02:00;32,0
16.09.2017 02:00;16.09.2017 03:00;31,57
16.09.2017 03:00;16.09.2017 04:00;31,01
16.09.2017 04:00;16.09.2017 05:00;30,82
16.09.2017 05:00;16.09.2017 06:00;31,44
16.09.2017 06:00;16.09.2017 07:00;31,94
16.09.2017 07:00;16.09.2017 08:00;34,7
16.09.2017 08:00;16.09.2017 09:00;40,38
16.09.2017 09:00;16.09.2017 10:00;40,92
16.09.2017 10:00;16.09.2017 11:00;40,63
16.09.2017 11:00;16.09.2017 12:00;35,45
16.09.2017 12:00;16.09.2017 13:00;37,93
16.09.2017 13:00;16.09.2017 14:00;35,29
16.09.2017 14:00;16.09.2017 15:00;32,99
16.09.2017 15:00;16.09.2017 16:00;33,9
16.09.2017 16:00;16.09.2017 17:00;35,5
16.09.2017 17:00;16.09.2017 18:00;40,03
16.09.2017 18:00;16.09.2017 19:00;44,64
16.09.2017 19:00;16.09.2017 20:00;48,01
16.09.2017 20:00;16.09.2017 21:00;46,7
16.09.2017 21:00;16.09.2017 22:00;43,54
16.09.2017 22:00;16.09.2017 23:00;40,33
16.09.2017 23:00;17.09.2017 00:00;35,01
17.09.2017 00:00;17.09.2017 01:00;32,27
17.09.2017 01:00;17.09.2017 02:00;30,4
17.09.2017 02:00;17.09.2017 03:00;30,06
17.09.2017 03:00;17.09.2017 04:00;29,43
17.09.2017 04:00;17.09.2017 05:00;29,18
17.09.2017 05:00;17.09.2017 06:00;29,38
17.09.2017 06:00;17.09.2017 07:00;29,98
17.09.2017 07:00;17.09.2017 08:00;30,09
17.09.2017 08:00;17.09.2017 09:00;32,04
17.09.2017 09:00;17.09.2017 10:00;32,59
17.09.2017 10:00;17.09.2017 11:00;32,16
17.09.2017 11:00;17.09.2017 12:00;32,65
17.09.2017 12:00;17.09.2017 13:00;32,05
17.09.2017 13:00;17.09.2017 14:00;30,31
17.09.2017 14:00;17.09.2017 15:00;30,01
17.09.2017 15:00;17.09.2017 16:00;29,72
17.09.2017 16:00;17.09.2017 17:00;30,05
17.09.2017 17:00;17.09.2017 18:00;32,15
17.09.2017 18:00;17.09.2017 19:00;41,0
17.09.2017 19:00;17.09.2017 20:00;45,09
17.09.2017 20:00;17.09.2017 21:00;46,95
17.09.2017 21:00;17.09.2017 22:00;42,38
17.09.2017 22:00;17.09.2017 23:00;38,27
17.09.2017 23:00;18.09.2017 00:00;33,09
18.09.2017 00:00;18.09.2017 01:00;32,77
18.09.2017 01:00;18.09.2017 02:00;32,08
18.09.2017 02:00;18.09.2017 03:00;32,1
18.09.2017 03:00;18.09.2017 04:00;31,42
18.09.2017 04:00;18.09.2017 05:00;32,0
18.09.2017 05:00;18.09.2017 06:00;32,6
18.09.2017 06:00;18.09.2017 07:00;43,89
18.09.2017 07:00;18.09.2017 08:00;51,06
18.09.2017 08:00;18.09.2017 09:00;53,23
18.09.2017 09:00;18.09.2017 10:00;51,71
18.09.2017 10:00;18.09.2017 11:00;51,59
18.09.2017 11:00;18.09.2017 12:00;45,04
18.09.2017 12:00;18.09.2017 13:00;41,09
18.09.2017 13:00;18.09.2017 14:00;37,91
18.09.2017 14:00;18.09.2017 15:00;36,09
18.09.2017 15:00;18.09.2017 16:00;41,88
18.09.2017 16:00;18.09.2017 17:00;43,92
18.09.2017 17:00;18.09.2017 18:00;45,61
18.09.2017 18:00;18.09.2017 19:00;49,41
18.09.2017 19:00;18.09.2017 20:00;52,89
18.09.2017 20:00;18.09.2017 21:00;53,14
18.09.2017 21:00;18.09.2017 22:00;44,58
18.09.2017 22:00;18.09.2017 23:00;40,55
18.09.2017 23:00;19.09.2017 00:00;33,2
19.09.2017 00:00;19.09.2017 01:00;33,1
19.09.2017 01:00;19.09.2017 02:00;32,13
19.09.2017 02:00;19.09.2017 03:00;31,28
19.09.2017 03:00;19.09.2017 04:00;30,8
19.09.2017 04:00;19.09.2017 05:00;31,07
19.09.2017 05:00;19.09.2017 06:00;33,22
19.09.2017 06:00;19.09.2017 07:00;40,0
19.09.2017 07:00;19.09.2017 08:00;50,02
19.09.2017 08:00;19.09.2017 09:00;53,76
19.09.2017 09:00;19.09.2017 10:00;51,1
19.09.2017 10:00;19.09.2017 11:00;49,99
19.09.2017 11:00;19.09.2017 12:00;49,37
19.09.2017 12:00;19.09.2017 13:00;44,9
19.09.2017 13:00;19.09.2017 14:00;43,9
19.09.2017 14:00;19.09.2017 15:00;39,8
19.09.2017 15:00;19.09.2017 16:00;38,36
19.09.2017 16:00;19.09.2017 17:00;38,94
19.09.2017 17:00;19.09.2017 18:00;42,98
19.09.2017 18:00;19.09.2017 19:00;46,26
19.09.2017 19:00;19.09.2017 20:00;50,01
19.09.2017 20:00;19.09.2017 21:00;47,96
19.09.2017 21:00;19.09.2017 22:00;40,0
19.09.2017 22:00;19.09.2017 23:00;37,34
19.09.2017 23:00;20.09.2017 00:00;35,74
20.09.2017 00:00;20.09.2017 01:00;29,97
20.09.2017 01:00;20.09.2017 02:00;29,49
20.09.2017 02:00;20.09.2017 03:00;28,47
20.09.2017 03:00;20.09.2017 04:00;25,99
20.09.2017 04:00;20.09.2017 05:00;26,56
20.09.2017 05:00;20.09.2017 06:00;31,05
20.09.2017 06:00;20.09.2017 07:00;39,49
20.09.2017 07:00;20.09.2017 08:00;46,99
20.09.2017 08:00;20.09.2017 09:00;47,93
20.09.2017 09:00;20.09.2017 10:00;44,99
20.09.2017 10:00;20.09.2017 11:00;46,84
20.09.2017 11:00;20.09.2017 12:00;43,88
20.09.2017 12:00;20.09.2017 13:00;37,0
20.09.2017 13:00;20.09.2017 14:00;35,47
20.09.2017 14:00;20.09.2017 15:00;37,51
20.09.2017 15:00;20.09.2017 16:00;34,07
20.09.2017 16:00;20.09.2017 17:00;40,0
20.09.2017 17:00;20.09.2017 18:00;43,94
20.09.2017 18:00;20.09.2017 19:00;48,93
20.09.2017 19:00;20.09.2017 20:00;52,02
20.09.2017 20:00;20.09.2017 21:00;51,03
20.09.2017 21:00;20.09.2017 22:00;43,91
20.09.2017 22:00;20.09.2017 23:00;39,44
20.09.2017 23:00;21.09.2017 00:00;34,61
21.09.2017 00:00;21.09.2017 01:00;32,61
21.09.2017 01:00;21.09.2017 02:00;30,8
21.09.2017 02:00;21.09.2017 03:00;29,66
21.09.2017 03:00;21.09.2017 04:00;29,49
21.09.2017 04:00;21.09.2017 05:00;29,98
21.09.2017 05:00;21.09.2017 06:00;32,11
21.09.2017 06:00;21.09.2017 07:00;40,0
21.09.2017 07:00;21.09.2017 08:00;47,97
21.09.2017 08:00;21.09.2017 09:00;50,97
21.09.2017 09:00;21.09.2017 10:00;47,03
21.09.2017 10:00;21.09.2017 11:00;43,47
21.09.2017 11:00;21.09.2017 12:00;39,48
21.09.2017 12:00;21.09.2017 13:00;35,9
21.09.2017 13:00;21.09.2017 14:00;35,27
21.09.2017 14:00;21.09.2017 15:00;34,55
21.09.2017 15:00;21.09.2017 16:00;34,4
21.09.2017 16:00;21.09.2017 17:00;37,52
21.09.2017 17:00;21.09.2017 18:00;43,48
21.09.2017 18:00;21.09.2017 19:00;48,73
21.09.2017 19:00;21.09.2017 20:00;52,77
21.09.2017 20:00;21.09.2017 21:00;50,75
21.09.2017 21:00;21.09.2017 22:00;42,2
21.09.2017 22:00;21.09.2017 23:00;38,33
21.09.2017 23:00;22.09.2017 00:00;34,73
22.09.2017 00:00;22.09.2017 01:00;32,24
22.09.2017 01:00;22.09.2017 02:00;31,67
22.09.2017 02:00;22.09.2017 03:00;30,4
22.09.2017 03:00;22.09.2017 04:00;30,02
22.09.2017 04:00;22.09.2017 05:00;30,3
22.09.2017 05:00;22.09.2017 06:00;31,9
22.09.2017 06:00;22.09.2017 07:00;40,06
22.09.2017 07:00;22.09.2017 08:00;48,18
22.09.2017 08:00;22.09.2017 09:00;49,8
22.09.2017 09:00;22.09.2017 10:00;49,71
22.09.2017 10:00;22.09.2017 11:00;47,17
22.09.2017 11:00;22.09.2017 12:00;45,34
22.09.2017 12:00;22.09.2017 13:00;40,34
22.09.2017 13:00;22.09.2017 14:00;38,07
22.09.2017 14:00;22.09.2017 15:00;36,58
22.09.2017 15:00;22.09.2017 16:00;36,57
22.09.2017 16:00;22.09.2017 17:00;37,31
22.09.2017 17:00;22.09.2017 18:00;43,27
22.09.2017 18:00;22.09.2017 19:00;45,92
22.09.2017 19:00;22.09.2017 20:00;48,92
22.09.2017 20:00;22.09.2017 21:00;47,21
22.09.2017 21:00;22.09.2017 22:00;43,3
22.09.2017 22:00;22.09.2017 23:00;39,51
22.09.2017 23:00;23.09.2017 00:00;37,95
23.09.2017 00:00;23.09.2017 01:00;34,67
23.09.2017 01:00;23.09.2017 02:00;31,99
23.09.2017 02:00;23.09.2017 03:00;31,94
23.09.2017 03:00;23.09.2017 04:00;31,91
23.09.2017 04:00;23.09.2017 05:00;31,43
23.09.2017 05:00;23.09.2017 06:00;31,81
23.09.2017 06:00;23.09.2017 07:00;33,4
23.09.2017 07:00;23.09.2017 08:00;39,03
23.09.2017 08:00;23.09.2017 09:00;41,54
23.09.2017 09:00;23.09.2017 10:00;42,93
23.09.2017 10:00;23.09.2017 11:00;41,91
23.09.2017 11:00;23.09.2017 12:00;39,9
23.09.2017 12:00;23.09.2017 13:00;31,91
23.09.2017 13:00;23.09.2017 14:00;32,17
23.09.2017 14:00;23.09.2017 15:00;32,12
23.09.2017 15:00;23.09.2017 16:00;32,0
23.09.2017 16:00;23.09.2017 17:00;32,77
23.09.2017 17:00;23.09.2017 18:00;37,22
23.09.2017 18:00;23.09.2017 19:00;42,44
23.09.2017 19:00;23.09.2017 20:00;45,2
23.09.2017 20:00;23.09.2017 21:00;44,93
23.09.2017 21:00;23.09.2017 22:00;39,08
23.09.2017 22:00;23.09.2017 23:00;35,79
23.09.2017 23:00;24.09.2017 00:00;31,72
24.09.2017 00:00;24.09.2017 01:00;31,76
24.09.2017 01:00;24.09.2017 02:00;30,51
24.09.2017 02:00;24.09.2017 03:00;31,03
24.09.2017 03:00;24.09.2017 04:00;30,77
24.09.2017 04:00;24.09.2017 05:00;30,55
24.09.2017 05:00;24.09.2017 06:00;31,06
24.09.2017 06:00;24.09.2017 07:00;31,82
24.09.2017 07:00;24.09.2017 08:00;32,09
24.09.2017 08:00;24.09.2017 09:00;34,9
24.09.2017 09:00;24.09.2017 10:00;35,57
24.09.2017 10:00;24.09.2017 11:00;35,25
24.09.2017 11:00;24.09.2017 12:00;35,61
24.09.2017 12:00;24.09.2017 13:00;35,21
24.09.2017 13:00;24.09.2017 14:00;32,71
24.09.2017 14:00;24.09.2017 15:00;31,52
24.09.2017 15:00;24.09.2017 16:00;31,37
24.09.2017 16:00;24.09.2017 17:00;31,62
24.09.2017 17:00;24.09.2017 18:00;35,34
24.09.2017 18:00;24.09.2017 19:00;42,39
24.09.2017 19:00;24.09.2017 20:00;46,94
24.09.2017 20:00;24.09.2017 21:00;44,99
24.09.2017 21:00;24.09.2017 22:00;42,2
24.09.2017 22:00;24.09.2017 23:00;41,08
24.09.2017 23:00;25.09.2017 00:00;32,45
25.09.2017 00:00;25.09.2017 01:00;32,97
25.09.2017 01:00;25.09.2017 02:00;31,69
25.09.2017 02:00;25.09.2017 03:00;31,1
25.09.2017 03:00;25.09.2017 04:00;31,02
25.09.2017 04:00;25.09.2017 05:00;30,5
25.09.2017 05:00;25.09.2017 06:00;32,49
25.09.2017 06:00;25.09.2017 07:00;44,42
25.09.2017 07:00;25.09.2017 08:00;52,44
25.09.2017 08:00;25.09.2017 09:00;53,77
25.09.2017 09:00;25.09.2017 10:00;52,4
25.09.2017 10:00;25.09.2017 11:00;51,1
25.09.2017 11:00;25.09.2017 12:00;48,95
25.09.2017 12:00;25.09.2017 13:00;44,93
25.09.2017 13:00;25.09.2017 14:00;42,4
25.09.2017 14:00;25.09.2017 15:00;40,51
25.09.2017 15:00;25.09.2017 16:00;42,01
25.09.2017 16:00;25.09.2017 17:00;43,93
25.09.2017 17:00;25.09.2017 18:00;46,13
25.09.2017 18:00;25.09.2017 19:00;49,81
25.09.2017 19:00;25.09.2017 20:00;52,0
25.09.2017 20:00;25.09.2017 21:00;50,44
25.09.2017 21:00;25.09.2017 22:00;41,96
25.09.2017 22:00;25.09.2017 23:00;34,9
25.09.2017 23:00;26.09.2017 00:00;34,85
26.09.2017 00:00;26.09.2017 01:00;35,37
26.09.2017 01:00;26.09.2017 02:00;32,42
26.09.2017 02:00;26.09.2017 03:00;31,36
26.09.2017 03:00;26.09.2017 04:00;31,33
26.09.2017 04:00;26.09.2017 05:00;31,88
26.09.2017 05:00;26.09.2017 06:00;33,61
26.09.2017 06:00;26.09.2017 07:00;42,52
26.09.2017 07:00;26.09.2017 08:00;51,78
26.09.2017 08:00;26.09.2017 09:00;55,2
26.09.2017 09:00;26.09.2017 10:00;50,81
26.09.2017 10:00;26.09.2017 11:00;46,03
26.09.2017 11:00;26.09.2017 12:00;41,1
26.09.2017 12:00;26.09.2017 13:00;36,09
26.09.2017 13:00;26.09.2017 14:00;35,13
26.09.2017 14:00;26.09.2017 15:00;34,83
26.09.2017 15:00;26.09.2017 16:00;35,9
26.09.2017 16:00;26.09.2017 17:00;39,53
26.09.2017 17:00;26.09.2017 18:00;46,05
26.09.2017 18:00;26.09.2017 19:00;49,93
26.09.2017 19:00;26.09.2017 20:00;54,66
26.09.2017 20:00;26.09.2017 21:00;49,42
26.09.2017 21:00;26.09.2017 22:00;36,34
26.09.2017 22:00;26.09.2017 23:00;33,93
26.09.2017 23:00;27.09.2017 00:00;35,43
27.09.2017 00:00;27.09.2017 01:00;33,41
27.09.2017 01:00;27.09.2017 02:00;32,12
27.09.2017 02:00;27.09.2017 03:00;32,03
27.09.2017 03:00;27.09.2017 04:00;31,56
27.09.2017 04:00;27.09.2017 05:00;32,14
27.09.2017 05:00;27.09.2017 06:00;33,7
27.09.2017 06:00;27.09.2017 07:00;45,07
27.09.2017 07:00;27.09.2017 08:00;54,4
27.09.2017 08:00;27.09.2017 09:00;57,0
27.09.2017 09:00;27.09.2017 10:00;51,59
27.09.2017 10:00;27.09.2017 11:00;46,1
27.09.2017 11:00;27.09.2017 12:00;41,16
27.09.2017 12:00;27.09.2017 13:00;34,43
27.09.2017 13:00;27.09.2017 14:00;34,9
27.09.2017 14:00;27.09.2017 15:00;34,42
27.09.2017 15:00;27.09.2017 16:00;35,96
27.09.2017 16:00;27.09.2017 17:00;38,94
27.09.2017 17:00;27.09.2017 18:00;45,08
27.09.2017 18:00;27.09.2017 19:00;49,99
27.09.2017 19:00;27.09.2017 20:00;54,86
27.09.2017 20:00;27.09.2017 21:00;47,99
27.09.2017 21:00;27.09.2017 22:00;42,95
27.09.2017 22:00;27.09.2017 23:00;38,43
27.09.2017 23:00;28.09.2017 00:00;32,94
28.09.2017 00:00;28.09.2017 01:00;32,08
28.09.2017 01:00;28.09.2017 02:00;31,77
28.09.2017 02:00;28.09.2017 03:00;31,58
28.09.2017 03:00;28.09.2017 04:00;31,01
28.09.2017 04:00;28.09.2017 05:00;31,05
28.09.2017 05:00;28.09.2017 06:00;33,4
28.09.2017 06:00;28.09.2017 07:00;40,2
28.09.2017 07:00;28.09.2017 08:00;49,21
28.09.2017 08:00;28.09.2017 09:00;49,43
28.09.2017 09:00;28.09.2017 10:00;47,08
28.09.2017 10:00;28.09.2017 11:00;45,27
28.09.2017 11:00;28.09.2017 12:00;44,35
28.09.2017 12:00;28.09.2017 13:00;39,2
28.09.2017 13:00;28.09.2017 14:00;39,2
28.09.2017 14:00;28.09.2017 15:00;38,45
28.09.2017 15:00;28.09.2017 16:00;41,67
28.09.2017 16:00;28.09.2017 17:00;44,12
28.09.2017 17:00;28.09.2017 18:00;46,93
28.09.2017 18:00;28.09.2017 19:00;47,51
28.09.2017 19:00;28.09.2017 20:00;49,78
28.09.2017 20:00;28.09.2017 21:00;47,49
28.09.2017 21:00;28.09.2017 22:00;38,5
28.09.2017 22:00;28.09.2017 23:00;34,96
28.09.2017 23:00;29.09.2017 00:00;32,96
29.09.2017 00:00;29.09.2017 01:00;33,85
29.09.2017 01:00;29.09.2017 02:00;32,88
29.09.2017 02:00;29.09.2017 03:00;31,5
29.09.2017 03:00;29.09.2017 04:00;31,1
29.09.2017 04:00;29.09.2017 05:00;30,97
29.09.2017 05:00;29.09.2017 06:00;31,91
29.09.2017 06:00;29.09.2017 07:00;40,67
29.09.2017 07:00;29.09.2017 08:00;49,91
29.09.2017 08:00;29.09.2017 09:00;51,2
29.09.2017 09:00;29.09.2017 10:00;49,99
29.09.2017 10:00;29.09.2017 11:00;47,99
29.09.2017 11:00;29.09.2017 12:00;47,08
29.09.2017 12:00;29.09.2017 13:00;38,65
29.09.2017 13:00;29.09.2017 14:00;39,13
29.09.2017 14:00;29.09.2017 15:00;36,86
29.09.2017 15:00;29.09.2017 16:00;38,45
29.09.2017 16:00;29.09.2017 17:00;41,23
29.09.2017 17:00;29.09.2017 18:00;45,17
29.09.2017 18:00;29.09.2017 19:00;47,93
29.09.2017 19:00;29.09.2017 20:00;47,99
29.09.2017 20:00;29.09.2017 21:00;39,1
29.09.2017 21:00;29.09.2017 22:00;32,21
29.09.2017 22:00;29.09.2017 23:00;36,94
29.09.2017 23:00;30.09.2017 00:00;30,6
30.09.2017 00:00;30.09.2017 01:00;23,88
30.09.2017 01:00;30.09.2017 02:00;26,09
30.09.2017 02:00;30.09.2017 03:00;26,65
30.09.2017 03:00;30.09.2017 04:00;28,73
30.09.2017 04:00;30.09.2017 05:00;29,03
30.09.2017 05:00;30.09.2017 06:00;30,02
30.09.2017 06:00;30.09.2017 07:00;31,96
30.09.2017 07:00;30.09.2017 08:00;38,6
30.09.2017 08:00;30.09.2017 09:00;39,0
30.09.2017 09:00;30.09.2017 10:00;42,49
30.09.2017 10:00;30.09.2017 11:00;42,57
30.09.2017 11:00;30.09.2017 12:00;43,2
30.09.2017 12:00;30.09.2017 13:00;38,75
30.09.2017 13:00;30.09.2017 14:00;32,82
30.09.2017 14:00;30.09.2017 15:00;31,84
30.09.2017 15:00;30.09.2017 16:00;33,0
30.09.2017 16:00;30.09.2017 17:00;37,52
30.09.2017 17:00;30.09.2017 18:00;41,77
30.09.2017 18:00;30.09.2017 19:00;45,06
30.09.2017 19:00;30.09.2017 20:00;48,25
30.09.2017 20:00;30.09.2017 21:00;45,01
30.09.2017 21:00;30.09.2017 22:00;37,49
30.09.2017 22:00;30.09.2017 23:00;32,18
30.09.2017 23:00;01.10.2017 00:00;29,06
01.10.2017 00:00;01.10.2017 01:00;12,95
01.10.2017 01:00;01.10.2017 02:00;14,84
01.10.2017 02:00;01.10.2017 03:00;19,05
01.10.2017 03:00;01.10.2017 04:00;22,15
01.10.2017 04:00;01.10.2017 05:00;22,9
01.10.2017 05:00;01.10.2017 06:00;23,1
01.10.2017 06:00;01.10.2017 07:00;25,66
01.10.2017 07:00;01.10.2017 08:00;27,4
01.10.2017 08:00;01.10.2017 09:00;32,71
01.10.2017 09:00;01.10.2017 10:00;38,11
01.10.2017 10:00;01.10.2017 11:00;38,39
01.10.2017 11:00;01.10.2017 12:00;38,58
01.10.2017 12:00;01.10.2017 13:00;38,29
01.10.2017 13:00;01.10.2017 14:00;29,68
01.10.2017 14:00;01.10.2017 15:00;26,09
01.10.2017 15:00;01.10.2017 16:00;26,64
01.10.2017 16:00;01.10.2017 17:00;27,84
01.10.2017 17:00;01.10.2017 18:00;37,0
01.10.2017 18:00;01.10.2017 19:00;46,13
01.10.2017 19:00;01.10.2017 20:00;49,9
01.10.2017 20:00;01.10.2017 21:00;45,98
01.10.2017 21:00;01.10.2017 22:00;31,95
01.10.2017 22:00;01.10.2017 23:00;26,08
01.10.2017 23:00;02.10.2017 00:00;13,94
02.10.2017 00:00;02.10.2017 01:00;18,64
02.10.2017 01:00;02.10.2017 02:00;12,9
02.10.2017 02:00;02.10.2017 03:00;5,72
02.10.2017 03:00;02.10.2017 04:00;0,34
02.10.2017 04:00;02.10.2017 05:00;2,9
02.10.2017 05:00;02.10.2017 06:00;9,37
02.10.2017 06:00;02.10.2017 07:00;13,98
02.10.2017 07:00;02.10.2017 08:00;21,32
02.10.2017 08:00;02.10.2017 09:00;21,38
02.10.2017 09:00;02.10.2017 10:00;21,38
02.10.2017 10:00;02.10.2017 11:00;20,29
02.10.2017 11:00;02.10.2017 12:00;25,29
02.10.2017 12:00;02.10.2017 13:00;22,1
02.10.2017 13:00;02.10.2017 14:00;14,82
02.10.2017 14:00;02.10.2017 15:00;14,6
02.10.2017 15:00;02.10.2017 16:00;19,3
02.10.2017 16:00;02.10.2017 17:00;19,9
02.10.2017 17:00;02.10.2017 18:00;31,29
02.10.2017 18:00;02.10.2017 19:00;31,23
02.10.2017 19:00;02.10.2017 20:00;36,04
02.10.2017 20:00;02.10.2017 21:00;29,28
02.10.2017 21:00;02.10.2017 22:00;22,68
02.10.2017 22:00;02.10.2017 23:00;15,18
02.10.2017 23:00;03.10.2017 00:00;9,39
03.10.2017 00:00;03.10.2017 01:00;13,26
03.10.2017 01:00;03.10.2017 02:00;13,95
03.10.2017 02:00;03.10.2017 03:00;12,31
03.10.2017 03:00;03.10.2017 04:00;15,09
03.10.2017 04:00;03.10.2017 05:00;19,51
03.10.2017 05:00;03.10.2017 06:00;21,58
03.10.2017 06:00;03.10.2017 07:00;28,28
03.10.2017 07:00;03.10.2017 08:00;31,41
03.10.2017 08:00;03.10.2017 09:00;35,95
03.10.2017 09:00;03.10.2017 10:00;34,9
03.10.2017 10:00;03.10.2017 11:00;32,03
03.10.2017 11:00;03.10.2017 12:00;32,69
03.10.2017 12:00;03.10.2017 13:00;24,87
03.10.2017 13:00;03.10.2017 14:00;17,91
03.10.2017 14:00;03.10.2017 15:00;11,09
03.10.2017 15:00;03.10.2017 16:00;12,47
03.10.2017 16:00;03.10.2017 17:00;16,63
03.10.2017 17:00;03.10.2017 18:00;27,62
03.10.2017 18:00;03.10.2017 19:00;33,06
03.10.2017 19:00;03.10.2017 20:00;39,54
03.10.2017 20:00;03.10.2017 21:00;30,63
03.10.2017 21:00;03.10.2017 22:00;30,66
03.10.2017 22:00;03.10.2017 23:00;30,09
03.10.2017 23:00;04.10.2017 00:00;22,08
04.10.2017 00:00;04.10.2017 01:00;18,09
04.10.2017 01:00;04.10.2017 02:00;18,65
04.10.2017 02:00;04.10.2017 03:00;20,88
04.10.2017 03:00;04.10.2017 04:00;18,06
04.10.2017 04:00;04.10.2017 05:00;22,63
04.10.2017 05:00;04.10.2017 06:00;30,0
04.10.2017 06:00;04.10.2017 07:00;45,22
04.10.2017 07:00;04.10.2017 08:00;54,61
04.10.2017 08:00;04.10.2017 09:00;55,93
04.10.2017 09:00;04.10.2017 10:00;44,2
04.10.2017 10:00;04.10.2017 11:00;35,34
04.10.2017 11:00;04.10.2017 12:00;31,17
04.10.2017 12:00;04.10.2017 13:00;22,8
04.10.2017 13:00;04.10.2017 14:00;19,96
04.10.2017 14:00;04.10.2017 15:00;22,77
04.10.2017 15:00;04.10.2017 16:00;25,0
04.10.2017 16:00;04.10.2017 17:00;25,06
04.10.2017 17:00;04.10.2017 18:00;33,06
04.10.2017 18:00;04.10.2017 19:00;33,8
04.10.2017 19:00;04.10.2017 20:00;35,93
04.10.2017 20:00;04.10.2017 21:00;30,26
04.10.2017 21:00;04.10.2017 22:00;22,1
04.10.2017 22:00;04.10.2017 23:00;20,62
04.10.2017 23:00;05.10.2017 00:00;0,49
05.10.2017 00:00;05.10.2017 01:00;4,09
05.10.2017 01:00;05.10.2017 02:00;2,09
05.10.2017 02:00;05.10.2017 03:00;1,8
05.10.2017 03:00;05.10.2017 04:00;8,91
05.10.2017 04:00;05.10.2017 05:00;12,46
05.10.2017 05:00;05.10.2017 06:00;16,98
05.10.2017 06:00;05.10.2017 07:00;31,31
05.10.2017 07:00;05.10.2017 08:00;35,84
05.10.2017 08:00;05.10.2017 09:00;41,92
05.10.2017 09:00;05.10.2017 10:00;31,04
05.10.2017 10:00;05.10.2017 11:00;24,98
05.10.2017 11:00;05.10.2017 12:00;20,44
05.10.2017 12:00;05.10.2017 13:00;9,71
05.10.2017 13:00;05.10.2017 14:00;12,18
05.10.2017 14:00;05.10.2017 15:00;10,81
05.10.2017 15:00;05.10.2017 16:00;10,84
05.10.2017 16:00;05.10.2017 17:00;10,89
05.10.2017 17:00;05.10.2017 18:00;14,68
05.10.2017 18:00;05.10.2017 19:00;25,0
05.10.2017 19:00;05.10.2017 20:00;29,96
05.10.2017 20:00;05.10.2017 21:00;26,08
05.10.2017 21:00;05.10.2017 22:00;27,96
05.10.2017 22:00;05.10.2017 23:00;10,84
05.10.2017 23:00;06.10.2017 00:00;11,81
06.10.2017 00:00;06.10.2017 01:00;0,95
06.10.2017 01:00;06.10.2017 02:00;9,88
06.10.2017 02:00;06.10.2017 03:00;3,23
06.10.2017 03:00;06.10.2017 04:00;0,43
06.10.2017 04:00;06.10.2017 05:00;4,46
06.10.2017 05:00;06.10.2017 06:00;10,78
06.10.2017 06:00;06.10.2017 07:00;31,08
06.10.2017 07:00;06.10.2017 08:00;37,87
06.10.2017 08:00;06.10.2017 09:00;34,94
06.10.2017 09:00;06.10.2017 10:00;33,98
06.10.2017 10:00;06.10.2017 11:00;32,95
06.10.2017 11:00;06.10.2017 12:00;32,95
06.10.2017 12:00;06.10.2017 13:00;32,13
06.10.2017 13:00;06.10.2017 14:00;30,35
06.10.2017 14:00;06.10.2017 15:00;29,45
06.10.2017 15:00;06.10.2017 16:00;29,28
06.10.2017 16:00;06.10.2017 17:00;32,41
06.10.2017 17:00;06.10.2017 18:00;36,9
06.10.2017 18:00;06.10.2017 19:00;46,92
06.10.2017 19:00;06.10.2017 20:00;48,52
06.10.2017 20:00;06.10.2017 21:00;42,04
06.10.2017 21:00;06.10.2017 22:00;35,1
06.10.2017 22:00;06.10.2017 23:00;30,6
06.10.2017 23:00;07.10.2017 00:00;26,87
07.10.2017 00:00;07.10.2017 01:00;13,85
07.10.2017 01:00;07.10.2017 02:00;11,85
07.10.2017 02:00;07.10.2017 03:00;10,72
07.10.2017 03:00;07.10.2017 04:00;11,04
07.10.2017 04:00;07.10.2017 05:00;9,0
07.10.2017 05:00;07.10.2017 06:00;8,94
07.10.2017 06:00;07.10.2017 07:00;10,94
07.10.2017 07:00;07.10.2017 08:00;12,21
07.10.2017 08:00;07.10.2017 09:00;24,92
07.10.2017 09:00;07.10.2017 10:00;17,39
07.10.2017 10:00;07.10.2017 11:00;10,77
07.10.2017 11:00;07.10.2017 12:00;11,21
07.10.2017 12:00;07.10.2017 13:00;3,57
07.10.2017 13:00;07.10.2017 14:00;0,0
07.10.2017 14:00;07.10.2017 15:00;-0,95
07.10.2017 15:00;07.10.2017 16:00;-1,35
07.10.2017 16:00;07.10.2017 17:00;-0,94
07.10.2017 17:00;07.10.2017 18:00;0,89
07.10.2017 18:00;07.10.2017 19:00;8,3
07.10.2017 19:00;07.10.2017 20:00;10,12
07.10.2017 20:00;07.10.2017 21:00;2,53
07.10.2017 21:00;07.10.2017 22:00;3,08
07.10.2017 22:00;07.10.2017 23:00;2,59
07.10.2017 23:00;08.10.2017 00:00;0,47
08.10.2017 00:00;08.10.2017 01:00;-0,96
08.10.2017 01:00;08.10.2017 02:00;-2,37
08.10.2017 02:00;08.10.2017 03:00;-0,03
08.10.2017 03:00;08.10.2017 04:00;-0,96
08.10.2017 04:00;08.10.2017 05:00;-0,08
08.10.2017 05:00;08.10.2017 06:00;8,76
08.10.2017 06:00;08.10.2017 07:00;2,52
08.10.2017 07:00;08.10.2017 08:00;12,19
08.10.2017 08:00;08.10.2017 09:00;27,97
08.10.2017 09:00;08.10.2017 10:00;29,67
08.10.2017 10:00;08.10.2017 11:00;32,48
08.10.2017 11:00;08.10.2017 12:00;38,28
08.10.2017 12:00;08.10.2017 13:00;30,21
08.10.2017 13:00;08.10.2017 14:00;28,03
08.10.2017 14:00;08.10.2017 15:00;26,26
08.10.2017 15:00;08.10.2017 16:00;21,85
08.10.2017 16:00;08.10.2017 17:00;27,44
08.10.2017 17:00;08.10.2017 18:00;32,46
08.10.2017 18:00;08.10.2017 19:00;40,05
08.10.2017 19:00;08.10.2017 20:00;47,97
08.10.2017 20:00;08.10.2017 21:00;43,92
08.10.2017 21:00;08.10.2017 22:00;40,94
08.10.2017 22:00;08.10.2017 23:00;40,95
08.10.2017 23:00;09.10.2017 00:00;35,25
09.10.2017 00:00;09.10.2017 01:00;32,06
09.10.2017 01:00;09.10.2017 02:00;30,64
09.10.2017 02:00;09.10.2017 03:00;30,02
09.10.2017 03:00;09.10.2017 04:00;30,09
09.10.2017 04:00;09.10.2017 05:00;30,01
09.10.2017 05:00;09.10.2017 06:00;32,0
09.10.2017 06:00;09.10.2017 07:00;42,98
09.10.2017 07:00;09.10.2017 08:00;51,48
09.10.2017 08:00;09.10.2017 09:00;54,75
09.10.2017 09:00;09.10.2017 10:00;51,14
09.10.2017 10:00;09.10.2017 11:00;51,14
09.10.2017 11:00;09.10.2017 12:00;47,12
09.10.2017 12:00;09.10.2017 13:00;41,21
09.10.2017 13:00;09.10.2017 14:00;39,94
09.10.2017 14:00;09.10.2017 15:00;40,06
09.10.2017 15:00;09.10.2017 16:00;41,41
09.10.2017 16:00;09.10.2017 17:00;43,79
09.10.2017 17:00;09.10.2017 18:00;50,52
09.10.2017 18:00;09.10.2017 19:00;59,83
09.10.2017 19:00;09.10.2017 20:00;62,01
09.10.2017 20:00;09.10.2017 21:00;46,36
09.10.2017 21:00;09.10.2017 22:00;38,58
09.10.2017 22:00;09.10.2017 23:00;37,22
09.10.2017 23:00;10.10.2017 00:00;32,93
10.10.2017 00:00;10.10.2017 01:00;30,22
10.10.2017 01:00;10.10.2017 02:00;29,96
10.10.2017 02:00;10.10.2017 03:00;30,19
10.10.2017 03:00;10.10.2017 04:00;30,0
10.10.2017 04:00;10.10.2017 05:00;30,74
10.10.2017 05:00;10.10.2017 06:00;31,79
10.10.2017 06:00;10.10.2017 07:00;37,78
10.10.2017 07:00;10.10.2017 08:00;48,85
10.10.2017 08:00;10.10.2017 09:00;56,94
10.10.2017 09:00;10.10.2017 10:00;55,61
10.10.2017 10:00;10.10.2017 11:00;43,07
10.10.2017 11:00;10.10.2017 12:00;42,36
10.10.2017 12:00;10.10.2017 13:00;40,0
10.10.2017 13:00;10.10.2017 14:00;38,3
10.10.2017 14:00;10.10.2017 15:00;37,24
10.10.2017 15:00;10.10.2017 16:00;35,89
10.10.2017 16:00;10.10.2017 17:00;35,37
10.10.2017 17:00;10.10.2017 18:00;36,82
10.10.2017 18:00;10.10.2017 19:00;39,9
10.10.2017 19:00;10.10.2017 20:00;42,92
10.10.2017 20:00;10.10.2017 21:00;35,46
10.10.2017 21:00;10.10.2017 22:00;33,03
10.10.2017 22:00;10.10.2017 23:00;30,51
10.10.2017 23:00;11.10.2017 00:00;22,76
11.10.2017 00:00;11.10.2017 01:00;22,04
11.10.2017 01:00;11.10.2017 02:00;21,31
11.10.2017 02:00;11.10.2017 03:00;22,79
11.10.2017 03:00;11.10.2017 04:00;23,09
11.10.2017 04:00;11.10.2017 05:00;27,05
11.10.2017 05:00;11.10.2017 06:00;29,83
11.10.2017 06:00;11.10.2017 07:00;38,93
11.10.2017 07:00;11.10.2017 08:00;47,0
11.10.2017 08:00;11.10.2017 09:00;49,93
11.10.2017 09:00;11.10.2017 10:00;43,81
11.10.2017 10:00;11.10.2017 11:00;41,0
11.10.2017 11:00;11.10.2017 12:00;38,91
11.10.2017 12:00;11.10.2017 13:00;31,89
11.10.2017 13:00;11.10.2017 14:00;31,81
11.10.2017 14:00;11.10.2017 15:00;30,54
11.10.2017 15:00;11.10.2017 16:00;31,7
11.10.2017 16:00;11.10.2017 17:00;36,35
11.10.2017 17:00;11.10.2017 18:00;41,18
11.10.2017 18:00;11.10.2017 19:00;42,98
11.10.2017 19:00;11.10.2017 20:00;46,49
11.10.2017 20:00;11.10.2017 21:00;39,9
11.10.2017 21:00;11.10.2017 22:00;31,93
11.10.2017 22:00;11.10.2017 23:00;29,58
11.10.2017 23:00;12.10.2017 00:00;22,09
12.10.2017 00:00;12.10.2017 01:00;13,32
12.10.2017 01:00;12.10.2017 02:00;12,66
12.10.2017 02:00;12.10.2017 03:00;12,67
12.10.2017 03:00;12.10.2017 04:00;9,7
12.10.2017 04:00;12.10.2017 05:00;10,28
12.10.2017 05:00;12.10.2017 06:00;11,17
12.10.2017 06:00;12.10.2017 07:00;28,04
12.10.2017 07:00;12.10.2017 08:00;38,09
12.10.2017 08:00;12.10.2017 09:00;36,99
12.10.2017 09:00;12.10.2017 10:00;30,54
12.10.2017 10:00;12.10.2017 11:00;21,49
12.10.2017 11:00;12.10.2017 12:00;17,52
12.10.2017 12:00;12.10.2017 13:00;12,78
12.10.2017 13:00;12.10.2017 14:00;13,54
12.10.2017 14:00;12.10.2017 15:00;15,12
12.10.2017 15:00;12.10.2017 16:00;21,62
12.10.2017 16:00;12.10.2017 17:00;26,04
12.10.2017 17:00;12.10.2017 18:00;34,93
12.10.2017 18:00;12.10.2017 19:00;42,05
12.10.2017 19:00;12.10.2017 20:00;46,32
12.10.2017 20:00;12.10.2017 21:00;40,98
12.10.2017 21:00;12.10.2017 22:00;42,94
12.10.2017 22:00;12.10.2017 23:00;38,96
12.10.2017 23:00;13.10.2017 00:00;31,37
13.10.2017 00:00;13.10.2017 01:00;30,53
13.10.2017 01:00;13.10.2017 02:00;29,38
13.10.2017 02:00;13.10.2017 03:00;28,34
13.10.2017 03:00;13.10.2017 04:00;28,46
13.10.2017 04:00;13.10.2017 05:00;29,03
13.10.2017 05:00;13.10.2017 06:00;31,47
13.10.2017 06:00;13.10.2017 07:00;43,08
13.10.2017 07:00;13.10.2017 08:00;59,93
13.10.2017 08:00;13.10.2017 09:00;64,82
13.10.2017 09:00;13.10.2017 10:00;50,81
13.10.2017 10:00;13.10.2017 11:00;46,46
13.10.2017 11:00;13.10.2017 12:00;44,4
13.10.2017 12:00;13.10.2017 13:00;38,03
13.10.2017 13:00;13.10.2017 14:00;33,49
13.10.2017 14:00;13.10.2017 15:00;31,29
13.10.2017 15:00;13.10.2017 16:00;34,72
13.10.2017 16:00;13.10.2017 17:00;36,99
13.10.2017 17:00;13.10.2017 18:00;46,45
13.10.2017 18:00;13.10.2017 19:00;55,9
13.10.2017 19:00;13.10.2017 20:00;49,9
13.10.2017 20:00;13.10.2017 21:00;39,27
13.10.2017 21:00;13.10.2017 22:00;35,21
13.10.2017 22:00;13.10.2017 23:00;31,66
13.10.2017 23:00;14.10.2017 00:00;29,63
14.10.2017 00:00;14.10.2017 01:00;28,0
14.10.2017 01:00;14.10.2017 02:00;26,99
14.10.2017 02:00;14.10.2017 03:00;27,41
14.10.2017 03:00;14.10.2017 04:00;26,4
14.10.2017 04:00;14.10.2017 05:00;26,17
14.10.2017 05:00;14.10.2017 06:00;26,1
14.10.2017 06:00;14.10.2017 07:00;28,0
14.10.2017 07:00;14.10.2017 08:00;33,99
14.10.2017 08:00;14.10.2017 09:00;39,42
14.10.2017 09:00;14.10.2017 10:00;35,95
14.10.2017 10:00;14.10.2017 11:00;28,04
14.10.2017 11:00;14.10.2017 12:00;22,86
14.10.2017 12:00;14.10.2017 13:00;26,07
14.10.2017 13:00;14.10.2017 14:00;12,67
14.10.2017 14:00;14.10.2017 15:00;13,31
14.10.2017 15:00;14.10.2017 16:00;26,42
14.10.2017 16:00;14.10.2017 17:00;31,44
14.10.2017 17:00;14.10.2017 18:00;40,02
14.10.2017 18:00;14.10.2017 19:00;49,71
14.10.2017 19:00;14.10.2017 20:00;52,51
14.10.2017 20:00;14.10.2017 21:00;43,97
14.10.2017 21:00;14.10.2017 22:00;40,03
14.10.2017 22:00;14.10.2017 23:00;39,07
14.10.2017 23:00;15.10.2017 00:00;31,43
15.10.2017 00:00;15.10.2017 01:00;34,26
15.10.2017 01:00;15.10.2017 02:00;31,56
15.10.2017 02:00;15.10.2017 03:00;30,41
15.10.2017 03:00;15.10.2017 04:00;29,27
15.10.2017 04:00;15.10.2017 05:00;29,04
15.10.2017 05:00;15.10.2017 06:00;28,91
15.10.2017 06:00;15.10.2017 07:00;31,18
15.10.2017 07:00;15.10.2017 08:00;35,9
15.10.2017 08:00;15.10.2017 09:00;34,22
15.10.2017 09:00;15.10.2017 10:00;33,24
15.10.2017 10:00;15.10.2017 11:00;31,58
15.10.2017 11:00;15.10.2017 12:00;30,97
15.10.2017 12:00;15.10.2017 13:00;22,77
15.10.2017 13:00;15.10.2017 14:00;17,07
15.10.2017 14:00;15.10.2017 15:00;22,44
15.10.2017 15:00;15.10.2017 16:00;26,63
15.10.2017 16:00;15.10.2017 17:00;28,03
15.10.2017 17:00;15.10.2017 18:00;39,38
15.10.2017 18:00;15.10.2017 19:00;45,05
15.10.2017 19:00;15.10.2017 20:00;45,04
15.10.2017 20:00;15.10.2017 21:00;31,75
15.10.2017 21:00;15.10.2017 22:00;31,73
15.10.2017 22:00;15.10.2017 23:00;29,09
15.10.2017 23:00;16.10.2017 00:00;18,4
16.10.2017 00:00;16.10.2017 01:00;22,99
16.10.2017 01:00;16.10.2017 02:00;21,26
16.10.2017 02:00;16.10.2017 03:00;21,86
16.10.2017 03:00;16.10.2017 04:00;21,79
16.10.2017 04:00;16.10.2017 05:00;22,93
16.10.2017 05:00;16.10.2017 06:00;28,9
16.10.2017 06:00;16.10.2017 07:00;42,0
16.10.2017 07:00;16.10.2017 08:00;55,34
16.10.2017 08:00;16.10.2017 09:00;51,65
16.10.2017 09:00;16.10.2017 10:00;43,12
16.10.2017 10:00;16.10.2017 11:00;37,3
16.10.2017 11:00;16.10.2017 12:00;33,16
16.10.2017 12:00;16.10.2017 13:00;32,26
16.10.2017 13:00;16.10.2017 14:00;31,68
16.10.2017 14:00;16.10.2017 15:00;40,56
16.10.2017 15:00;16.10.2017 16:00;42,5
16.10.2017 16:00;16.10.2017 17:00;44,62
16.10.2017 17:00;16.10.2017 18:00;50,9
16.10.2017 18:00;16.10.2017 19:00;63,47
16.10.2017 19:00;16.10.2017 20:00;66,73
16.10.2017 20:00;16.10.2017 21:00;45,95
16.10.2017 21:00;16.10.2017 22:00;39,05
16.10.2017 22:00;16.10.2017 23:00;34,07
16.10.2017 23:00;17.10.2017 00:00;31,11
17.10.2017 00:00;17.10.2017 01:00;28,95
17.10.2017 01:00;17.10.2017 02:00;27,02
17.10.2017 02:00;17.10.2017 03:00;26,99
17.10.2017 03:00;17.10.2017 04:00;27,04
17.10.2017 04:00;17.10.2017 05:00;28,06
17.10.2017 05:00;17.10.2017 06:00;30,57
17.10.2017 06:00;17.10.2017 07:00;34,99
17.10.2017 07:00;17.10.2017 08:00;46,16
17.10.2017 08:00;17.10.2017 09:00;44,97
17.10.2017 09:00;17.10.2017 10:00;36,95
17.10.2017 10:00;17.10.2017 11:00;33,46
17.10.2017 11:00;17.10.2017 12:00;31,34
17.10.2017 12:00;17.10.2017 13:00;29,24
17.10.2017 13:00;17.10.2017 14:00;30,22
17.10.2017 14:00;17.10.2017 15:00;29,72
17.10.2017 15:00;17.10.2017 16:00;32,8
17.10.2017 16:00;17.10.2017 17:00;35,47
17.10.2017 17:00;17.10.2017 18:00;47,92
17.10.2017 18:00;17.10.2017 19:00;63,36
17.10.2017 19:00;17.10.2017 20:00;67,92
17.10.2017 20:00;17.10.2017 21:00;47,38
17.10.2017 21:00;17.10.2017 22:00;43,61
17.10.2017 22:00;17.10.2017 23:00;39,99
17.10.2017 23:00;18.10.2017 00:00;36,79
18.10.2017 00:00;18.10.2017 01:00;33,22
18.10.2017 01:00;18.10.2017 02:00;34,02
18.10.2017 02:00;18.10.2017 03:00;34,02
18.10.2017 03:00;18.10.2017 04:00;31,89
18.10.2017 04:00;18.10.2017 05:00;31,81
18.10.2017 05:00;18.10.2017 06:00;36,03
18.10.2017 06:00;18.10.2017 07:00;49,87
18.10.2017 07:00;18.10.2017 08:00;66,0
18.10.2017 08:00;18.10.2017 09:00;69,94
18.10.2017 09:00;18.10.2017 10:00;67,91
18.10.2017 10:00;18.10.2017 11:00;64,42
18.10.2017 11:00;18.10.2017 12:00;63,08
18.10.2017 12:00;18.10.2017 13:00;47,93
18.10.2017 13:00;18.10.2017 14:00;45,97
18.10.2017 14:00;18.10.2017 15:00;46,07
18.10.2017 15:00;18.10.2017 16:00;55,84
18.10.2017 16:00;18.10.2017 17:00;62,65
18.10.2017 17:00;18.10.2017 18:00;65,66
18.10.2017 18:00;18.10.2017 19:00;73,41
18.10.2017 19:00;18.10.2017 20:00;83,02
18.10.2017 20:00;18.10.2017 21:00;66,84
18.10.2017 21:00;18.10.2017 22:00;54,27
18.10.2017 22:00;18.10.2017 23:00;40,45
18.10.2017 23:00;19.10.2017 00:00;36,94
19.10.2017 00:00;19.10.2017 01:00;34,28
19.10.2017 01:00;19.10.2017 02:00;34,26
19.10.2017 02:00;19.10.2017 03:00;33,59
19.10.2017 03:00;19.10.2017 04:00;33,74
19.10.2017 04:00;19.10.2017 05:00;34,0
19.10.2017 05:00;19.10.2017 06:00;34,89
19.10.2017 06:00;19.10.2017 07:00;53,71
19.10.2017 07:00;19.10.2017 08:00;67,66
19.10.2017 08:00;19.10.2017 09:00;68,54
19.10.2017 09:00;19.10.2017 10:00;67,82
19.10.2017 10:00;19.10.2017 11:00;62,07
19.10.2017 11:00;19.10.2017 12:00;49,97
19.10.2017 12:00;19.10.2017 13:00;46,57
19.10.2017 13:00;19.10.2017 14:00;41,55
19.10.2017 14:00;19.10.2017 15:00;40,53
19.10.2017 15:00;19.10.2017 16:00;43,63
19.10.2017 16:00;19.10.2017 17:00;49,91
19.10.2017 17:00;19.10.2017 18:00;58,01
19.10.2017 18:00;19.10.2017 19:00;61,27
19.10.2017 19:00;19.10.2017 20:00;54,3
19.10.2017 20:00;19.10.2017 21:00;41,55
19.10.2017 21:00;19.10.2017 22:00;34,6
19.10.2017 22:00;19.10.2017 23:00;34,87
19.10.2017 23:00;20.10.2017 00:00;31,04
20.10.2017 00:00;20.10.2017 01:00;29,62
20.10.2017 01:00;20.10.2017 02:00;29,02
20.10.2017 02:00;20.10.2017 03:00;29,06
20.10.2017 03:00;20.10.2017 04:00;29,88
20.10.2017 04:00;20.10.2017 05:00;30,0
20.10.2017 05:00;20.10.2017 06:00;31,01
20.10.2017 06:00;20.10.2017 07:00;39,91
20.10.2017 07:00;20.10.2017 08:00;47,05
20.10.2017 08:00;20.10.2017 09:00;51,28
20.10.2017 09:00;20.10.2017 10:00;47,0
20.10.2017 10:00;20.10.2017 11:00;43,14
20.10.2017 11:00;20.10.2017 12:00;41,28
20.10.2017 12:00;20.10.2017 13:00;37,59
20.10.2017 13:00;20.10.2017 14:00;33,06
20.10.2017 14:00;20.10.2017 15:00;32,89
20.10.2017 15:00;20.10.2017 16:00;32,61
20.10.2017 16:00;20.10.2017 17:00;33,04
20.10.2017 17:00;20.10.2017 18:00;44,61
20.10.2017 18:00;20.10.2017 19:00;47,86
20.10.2017 19:00;20.10.2017 20:00;46,94
20.10.2017 20:00;20.10.2017 21:00;38,98
20.10.2017 21:00;20.10.2017 22:00;41,84
20.10.2017 22:00;20.10.2017 23:00;35,86
20.10.2017 23:00;21.10.2017 00:00;32,74
21.10.2017 00:00;21.10.2017 01:00;35,0
21.10.2017 01:00;21.10.2017 02:00;32,52
21.10.2017 02:00;21.10.2017 03:00;32,05
21.10.2017 03:00;21.10.2017 04:00;30,84
21.10.2017 04:00;21.10.2017 05:00;29,35
21.10.2017 05:00;21.10.2017 06:00;30,3
21.10.2017 06:00;21.10.2017 07:00;31,16
21.10.2017 07:00;21.10.2017 08:00;35,88
21.10.2017 08:00;21.10.2017 09:00;41,91
21.10.2017 09:00;21.10.2017 10:00;46,07
21.10.2017 10:00;21.10.2017 11:00;47,71
21.10.2017 11:00;21.10.2017 12:00;45,98
21.10.2017 12:00;21.10.2017 13:00;35,0
21.10.2017 13:00;21.10.2017 14:00;31,02
21.10.2017 14:00;21.10.2017 15:00;32,09
21.10.2017 15:00;21.10.2017 16:00;32,0
21.10.2017 16:00;21.10.2017 17:00;32,09
21.10.2017 17:00;21.10.2017 18:00;36,56
21.10.2017 18:00;21.10.2017 19:00;40,2
21.10.2017 19:00;21.10.2017 20:00;40,71
21.10.2017 20:00;21.10.2017 21:00;31,75
21.10.2017 21:00;21.10.2017 22:00;28,59
21.10.2017 22:00;21.10.2017 23:00;27,5
21.10.2017 23:00;22.10.2017 00:00;15,48
22.10.2017 00:00;22.10.2017 01:00;19,1
22.10.2017 01:00;22.10.2017 02:00;19,03
22.10.2017 02:00;22.10.2017 03:00;16,9
22.10.2017 03:00;22.10.2017 04:00;12,98
22.10.2017 04:00;22.10.2017 05:00;9,24
22.10.2017 05:00;22.10.2017 06:00;5,23
22.10.2017 06:00;22.10.2017 07:00;9,86
22.10.2017 07:00;22.10.2017 08:00;9,85
22.10.2017 08:00;22.10.2017 09:00;13,04
22.10.2017 09:00;22.10.2017 10:00;12,9
22.10.2017 10:00;22.10.2017 11:00;13,09
22.10.2017 11:00;22.10.2017 12:00;14,3
22.10.2017 12:00;22.10.2017 13:00;13,58
22.10.2017 13:00;22.10.2017 14:00;13,44
22.10.2017 14:00;22.10.2017 15:00;13,5
22.10.2017 15:00;22.10.2017 16:00;23,39
22.10.2017 16:00;22.10.2017 17:00;28,65
22.10.2017 17:00;22.10.2017 18:00;34,45
22.10.2017 18:00;22.10.2017 19:00;49,9
22.10.2017 19:00;22.10.2017 20:00;49,97
22.10.2017 20:00;22.10.2017 21:00;44,92
22.10.2017 21:00;22.10.2017 22:00;35,88
22.10.2017 22:00;22.10.2017 23:00;32,24
22.10.2017 23:00;23.10.2017 00:00;29,05
23.10.2017 00:00;23.10.2017 01:00;28,61
23.10.2017 01:00;23.10.2017 02:00;27,86
23.10.2017 02:00;23.10.2017 03:00;26,43
23.10.2017 03:00;23.10.2017 04:00;23,07
23.10.2017 04:00;23.10.2017 05:00;22,22
23.10.2017 05:00;23.10.2017 06:00;30,33
23.10.2017 06:00;23.10.2017 07:00;42,36
23.10.2017 07:00;23.10.2017 08:00;50,21
23.10.2017 08:00;23.10.2017 09:00;50,0
23.10.2017 09:00;23.10.2017 10:00;45,39
23.10.2017 10:00;23.10.2017 11:00;46,02
23.10.2017 11:00;23.10.2017 12:00;46,1
23.10.2017 12:00;23.10.2017 13:00;43,16
23.10.2017 13:00;23.10.2017 14:00;46,34
23.10.2017 14:00;23.10.2017 15:00;46,74
23.10.2017 15:00;23.10.2017 16:00;46,01
23.10.2017 16:00;23.10.2017 17:00;46,08
23.10.2017 17:00;23.10.2017 18:00;49,66
23.10.2017 18:00;23.10.2017 19:00;54,2
23.10.2017 19:00;23.10.2017 20:00;53,91
23.10.2017 20:00;23.10.2017 21:00;50,12
23.10.2017 21:00;23.10.2017 22:00;45,48
23.10.2017 22:00;23.10.2017 23:00;37,7
23.10.2017 23:00;24.10.2017 00:00;36,0
24.10.2017 00:00;24.10.2017 01:00;31,68
24.10.2017 01:00;24.10.2017 02:00;32,41
24.10.2017 02:00;24.10.2017 03:00;32,09
24.10.2017 03:00;24.10.2017 04:00;31,67
24.10.2017 04:00;24.10.2017 05:00;32,07
24.10.2017 05:00;24.10.2017 06:00;34,3
24.10.2017 06:00;24.10.2017 07:00;43,56
24.10.2017 07:00;24.10.2017 08:00;46,59
24.10.2017 08:00;24.10.2017 09:00;53,91
24.10.2017 09:00;24.10.2017 10:00;48,42
24.10.2017 10:00;24.10.2017 11:00;49,08
24.10.2017 11:00;24.10.2017 12:00;45,39
24.10.2017 12:00;24.10.2017 13:00;38,58
24.10.2017 13:00;24.10.2017 14:00;38,23
24.10.2017 14:00;24.10.2017 15:00;36,99
24.10.2017 15:00;24.10.2017 16:00;36,99
24.10.2017 16:00;24.10.2017 17:00;36,1
24.10.2017 17:00;24.10.2017 18:00;39,68
24.10.2017 18:00;24.10.2017 19:00;44,9
24.10.2017 19:00;24.10.2017 20:00;39,56
24.10.2017 20:00;24.10.2017 21:00;33,0
24.10.2017 21:00;24.10.2017 22:00;32,6
24.10.2017 22:00;24.10.2017 23:00;30,18
24.10.2017 23:00;25.10.2017 00:00;27,02
25.10.2017 00:00;25.10.2017 01:00;15,78
25.10.2017 01:00;25.10.2017 02:00;15,05
25.10.2017 02:00;25.10.2017 03:00;12,79
25.10.2017 03:00;25.10.2017 04:00;13,99
25.10.2017 04:00;25.10.2017 05:00;17,03
25.10.2017 05:00;25.10.2017 06:00;26,35
25.10.2017 06:00;25.10.2017 07:00;34,67
25.10.2017 07:00;25.10.2017 08:00;44,84
25.10.2017 08:00;25.10.2017 09:00;45,0
25.10.2017 09:00;25.10.2017 10:00;43,94
25.10.2017 10:00;25.10.2017 11:00;37,11
25.10.2017 11:00;25.10.2017 12:00;31,57
25.10.2017 12:00;25.10.2017 13:00;29,79
25.10.2017 13:00;25.10.2017 14:00;29,66
25.10.2017 14:00;25.10.2017 15:00;30,0
25.10.2017 15:00;25.10.2017 16:00;31,05
25.10.2017 16:00;25.10.2017 17:00;34,03
25.10.2017 17:00;25.10.2017 18:00;44,74
25.10.2017 18:00;25.10.2017 19:00;50,56
25.10.2017 19:00;25.10.2017 20:00;56,85
25.10.2017 20:00;25.10.2017 21:00;46,19
25.10.2017 21:00;25.10.2017 22:00;45,92
25.10.2017 22:00;25.10.2017 23:00;40,58
25.10.2017 23:00;26.10.2017 00:00;33,09
26.10.2017 00:00;26.10.2017 01:00;31,67
26.10.2017 01:00;26.10.2017 02:00;32,18
26.10.2017 02:00;26.10.2017 03:00;32,21
26.10.2017 03:00;26.10.2017 04:00;32,25
26.10.2017 04:00;26.10.2017 05:00;32,25
26.10.2017 05:00;26.10.2017 06:00;35,36
26.10.2017 06:00;26.10.2017 07:00;45,25
26.10.2017 07:00;26.10.2017 08:00;55,93
26.10.2017 08:00;26.10.2017 09:00;56,93
26.10.2017 09:00;26.10.2017 10:00;51,9
26.10.2017 10:00;26.10.2017 11:00;46,01
26.10.2017 11:00;26.10.2017 12:00;43,25
26.10.2017 12:00;26.10.2017 13:00;38,3
26.10.2017 13:00;26.10.2017 14:00;32,38
26.10.2017 14:00;26.10.2017 15:00;33,07
26.10.2017 15:00;26.10.2017 16:00;36,97
26.10.2017 16:00;26.10.2017 17:00;45,42
26.10.2017 17:00;26.10.2017 18:00;48,91
26.10.2017 18:00;26.10.2017 19:00;50,03
26.10.2017 19:00;26.10.2017 20:00;50,93
26.10.2017 20:00;26.10.2017 21:00;40,99
26.10.2017 21:00;26.10.2017 22:00;34,97
26.10.2017 22:00;26.10.2017 23:00;32,34
26.10.2017 23:00;27.10.2017 00:00;30,92
27.10.2017 00:00;27.10.2017 01:00;22,48
27.10.2017 01:00;27.10.2017 02:00;21,71
27.10.2017 02:00;27.10.2017 03:00;12,9
27.10.2017 03:00;27.10.2017 04:00;12,81
27.10.2017 04:00;27.10.2017 05:00;19,04
27.10.2017 05:00;27.10.2017 06:00;24,01
27.10.2017 06:00;27.10.2017 07:00;32,0
27.10.2017 07:00;27.10.2017 08:00;36,79
27.10.2017 08:00;27.10.2017 09:00;38,91
27.10.2017 09:00;27.10.2017 10:00;38,69
27.10.2017 10:00;27.10.2017 11:00;38,36
27.10.2017 11:00;27.10.2017 12:00;33,52
27.10.2017 12:00;27.10.2017 13:00;28,51
27.10.2017 13:00;27.10.2017 14:00;25,97
27.10.2017 14:00;27.10.2017 15:00;27,09
27.10.2017 15:00;27.10.2017 16:00;26,99
27.10.2017 16:00;27.10.2017 17:00;30,01
27.10.2017 17:00;27.10.2017 18:00;37,8
27.10.2017 18:00;27.10.2017 19:00;44,93
27.10.2017 19:00;27.10.2017 20:00;46,93
27.10.2017 20:00;27.10.2017 21:00;44,18
27.10.2017 21:00;27.10.2017 22:00;35,99
27.10.2017 22:00;27.10.2017 23:00;32,04
27.10.2017 23:00;28.10.2017 00:00;19,17
28.10.2017 00:00;28.10.2017 01:00;16,04
28.10.2017 01:00;28.10.2017 02:00;9,41
28.10.2017 02:00;28.10.2017 03:00;0,03
28.10.2017 03:00;28.10.2017 04:00;-9,69
28.10.2017 04:00;28.10.2017 05:00;-13,02
28.10.2017 05:00;28.10.2017 06:00;-15,01
28.10.2017 06:00;28.10.2017 07:00;-9,6
28.10.2017 07:00;28.10.2017 08:00;0,12
28.10.2017 08:00;28.10.2017 09:00;0,12
28.10.2017 09:00;28.10.2017 10:00;5,41
28.10.2017 10:00;28.10.2017 11:00;0,27
28.10.2017 11:00;28.10.2017 12:00;0,11
28.10.2017 12:00;28.10.2017 13:00;-0,1
28.10.2017 13:00;28.10.2017 14:00;-13,38
28.10.2017 14:00;28.10.2017 15:00;-31,42
28.10.2017 15:00;28.10.2017 16:00;-17,03
28.10.2017 16:00;28.10.2017 17:00;-4,02
28.10.2017 17:00;28.10.2017 18:00;0,08
28.10.2017 18:00;28.10.2017 19:00;7,56
28.10.2017 19:00;28.10.2017 20:00;8,89
28.10.2017 20:00;28.10.2017 21:00;0,23
28.10.2017 21:00;28.10.2017 22:00;-38,19
28.10.2017 22:00;28.10.2017 23:00;-49,98
28.10.2017 23:00;29.10.2017 00:00;-70,09
29.10.2017 00:00;29.10.2017 01:00;-79,94
29.10.2017 01:00;29.10.2017 02:00;-83,0
29.10.2017 02:00;29.10.2017 03:00;-83,06
29.10.2017 03:00;29.10.2017 04:00;-83,03
29.10.2017 04:00;29.10.2017 05:00;-83,04
29.10.2017 05:00;29.10.2017 06:00;-83,02
29.10.2017 06:00;29.10.2017 07:00;-83,01
29.10.2017 07:00;29.10.2017 08:00;-80,0
29.10.2017 08:00;29.10.2017 09:00;-79,96
29.10.2017 09:00;29.10.2017 10:00;-76,02
29.10.2017 10:00;29.10.2017 11:00;-67,08
29.10.2017 11:00;29.10.2017 12:00;-81,95
29.10.2017 12:00;29.10.2017 13:00;-67,07
29.10.2017 13:00;29.10.2017 14:00;-80,07
29.10.2017 14:00;29.10.2017 15:00;-79,95
29.10.2017 15:00;29.10.2017 16:00;-76,06
29.10.2017 16:00;29.10.2017 17:00;-0,92
29.10.2017 17:00;29.10.2017 18:00;8,51
29.10.2017 18:00;29.10.2017 19:00;27,62
29.10.2017 19:00;29.10.2017 20:00;29,77
29.10.2017 20:00;29.10.2017 21:00;22,06
29.10.2017 21:00;29.10.2017 22:00;17,0
29.10.2017 22:00;29.10.2017 23:00;12,44
29.10.2017 23:00;30.10.2017 00:00;-70,05
30.10.2017 00:00;30.10.2017 01:00;0,75
30.10.2017 01:00;30.10.2017 02:00;0,01
30.10.2017 02:00;30.10.2017 03:00;0,08
30.10.2017 03:00;30.10.2017 04:00;4,05
30.10.2017 04:00;30.10.2017 05:00;2,95
30.10.2017 05:00;30.10.2017 06:00;18,09
30.10.2017 06:00;30.10.2017 07:00;28,42
30.10.2017 07:00;30.10.2017 08:00;36,43
30.10.2017 08:00;30.10.2017 09:00;33,48
30.10.2017 09:00;30.10.2017 10:00;30,38
30.10.2017 10:00;30.10.2017 11:00;29,74
30.10.2017 11:00;30.10.2017 12:00;29,46
30.10.2017 12:00;30.10.2017 13:00;29,7
30.10.2017 13:00;30.10.2017 14:00;29,98
30.10.2017 14:00;30.10.2017 15:00;36,36
30.10.2017 15:00;30.10.2017 16:00;43,99
30.10.2017 16:00;30.10.2017 17:00;46,34
30.10.2017 17:00;30.10.2017 18:00;61,0
30.10.2017 18:00;30.10.2017 19:00;70,09
30.10.2017 19:00;30.10.2017 20:00;51,98
30.10.2017 20:00;30.10.2017 21:00;48,13
30.10.2017 21:00;30.10.2017 22:00;47,18
30.10.2017 22:00;30.10.2017 23:00;46,05
30.10.2017 23:00;31.10.2017 00:00;41,97
31.10.2017 00:00;31.10.2017 01:00;30,08
31.10.2017 01:00;31.10.2017 02:00;30,89
31.10.2017 02:00;31.10.2017 03:00;30,01
31.10.2017 03:00;31.10.2017 04:00;29,09
31.10.2017 04:00;31.10.2017 05:00;30,29
31.10.2017 05:00;31.10.2017 06:00;32,24
31.10.2017 06:00;31.10.2017 07:00;38,94
31.10.2017 07:00;31.10.2017 08:00;37,9
31.10.2017 08:00;31.10.2017 09:00;41,09
31.10.2017 09:00;31.10.2017 10:00;39,92
31.10.2017 10:00;31.10.2017 11:00;37,98
31.10.2017 11:00;31.10.2017 12:00;39,97
31.10.2017 12:00;31.10.2017 13:00;36,95
31.10.2017 13:00;31.10.2017 14:00;34,14
31.10.2017 14:00;31.10.2017 15:00;35,65
31.10.2017 15:00;31.10.2017 16:00;38,99
31.10.2017 16:00;31.10.2017 17:00;42,45
31.10.2017 17:00;31.10.2017 18:00;46,92
31.10.2017 18:00;31.10.2017 19:00;47,36
31.10.2017 19:00;31.10.2017 20:00;44,31
31.10.2017 20:00;31.10.2017 21:00;39,0
31.10.2017 21:00;31.10.2017 22:00;37,1
31.10.2017 22:00;31.10.2017 23:00;34,98
31.10.2017 23:00;01.11.2017 00:00;30,82
01.11.2017 00:00;01.11.2017 01:00;26,91
01.11.2017 01:00;01.11.2017 02:00;23,06
01.11.2017 02:00;01.11.2017 03:00;22,27
01.11.2017 03:00;01.11.2017 04:00;22,97
01.11.2017 04:00;01.11.2017 05:00;26,66
01.11.2017 05:00;01.11.2017 06:00;27,03
01.11.2017 06:00;01.11.2017 07:00;29,07
01.11.2017 07:00;01.11.2017 08:00;31,0
01.11.2017 08:00;01.11.2017 09:00;36,06
01.11.2017 09:00;01.11.2017 10:00;35,16
01.11.2017 10:00;01.11.2017 11:00;32,37
01.11.2017 11:00;01.11.2017 12:00;33,08
01.11.2017 12:00;01.11.2017 13:00;29,79
01.11.2017 13:00;01.11.2017 14:00;29,06
01.11.2017 14:00;01.11.2017 15:00;29,18
01.11.2017 15:00;01.11.2017 16:00;30,01
01.11.2017 16:00;01.11.2017 17:00;36,93
01.11.2017 17:00;01.11.2017 18:00;42,49
01.11.2017 18:00;01.11.2017 19:00;43,93
01.11.2017 19:00;01.11.2017 20:00;41,97
01.11.2017 20:00;01.11.2017 21:00;36,52
01.11.2017 21:00;01.11.2017 22:00;30,07
01.11.2017 22:00;01.11.2017 23:00;27,02
01.11.2017 23:00;02.11.2017 00:00;18,97
02.11.2017 00:00;02.11.2017 01:00;20,18
02.11.2017 01:00;02.11.2017 02:00;12,62
02.11.2017 02:00;02.11.2017 03:00;12,61
02.11.2017 03:00;02.11.2017 04:00;10,96
02.11.2017 04:00;02.11.2017 05:00;14,04
02.11.2017 05:00;02.11.2017 06:00;25,97
02.11.2017 06:00;02.11.2017 07:00;35,05
02.11.2017 07:00;02.11.2017 08:00;45,9
02.11.2017 08:00;02.11.2017 09:00;43,83
02.11.2017 09:00;02.11.2017 10:00;35,59
02.11.2017 10:00;02.11.2017 11:00;32,33
02.11.2017 11:00;02.11.2017 12:00;32,36
02.11.2017 12:00;02.11.2017 13:00;31,32
02.11.2017 13:00;02.11.2017 14:00;32,49
02.11.2017 14:00;02.11.2017 15:00;33,94
02.11.2017 15:00;02.11.2017 16:00;39,1
02.11.2017 16:00;02.11.2017 17:00;45,95
02.11.2017 17:00;02.11.2017 18:00;51,91
02.11.2017 18:00;02.11.2017 19:00;51,92
02.11.2017 19:00;02.11.2017 20:00;50,07
02.11.2017 20:00;02.11.2017 21:00;46,01
02.11.2017 21:00;02.11.2017 22:00;42,06
02.11.2017 22:00;02.11.2017 23:00;36,12
02.11.2017 23:00;03.11.2017 00:00;35,45
03.11.2017 00:00;03.11.2017 01:00;36,07
03.11.2017 01:00;03.11.2017 02:00;36,09
03.11.2017 02:00;03.11.2017 03:00;36,13
03.11.2017 03:00;03.11.2017 04:00;36,09
03.11.2017 04:00;03.11.2017 05:00;38,24
03.11.2017 05:00;03.11.2017 06:00;40,66
03.11.2017 06:00;03.11.2017 07:00;52,97
03.11.2017 07:00;03.11.2017 08:00;61,74
03.11.2017 08:00;03.11.2017 09:00;65,8
03.11.2017 09:00;03.11.2017 10:00;62,18
03.11.2017 10:00;03.11.2017 11:00;58,69
03.11.2017 11:00;03.11.2017 12:00;58,67
03.11.2017 12:00;03.11.2017 13:00;54,55
03.11.2017 13:00;03.11.2017 14:00;51,5
03.11.2017 14:00;03.11.2017 15:00;51,17
03.11.2017 15:00;03.11.2017 16:00;56,64
03.11.2017 16:00;03.11.2017 17:00;60,88
03.11.2017 17:00;03.11.2017 18:00;66,0
03.11.2017 18:00;03.11.2017 19:00;68,68
03.11.2017 19:00;03.11.2017 20:00;58,63
03.11.2017 20:00;03.11.2017 21:00;49,01
03.11.2017 21:00;03.11.2017 22:00;39,01
03.11.2017 22:00;03.11.2017 23:00;36,11
03.11.2017 23:00;04.11.2017 00:00;34,97
04.11.2017 00:00;04.11.2017 01:00;36,16
04.11.2017 01:00;04.11.2017 02:00;35,06
04.11.2017 02:00;04.11.2017 03:00;34,42
04.11.2017 03:00;04.11.2017 04:00;33,61
04.11.2017 04:00;04.11.2017 05:00;33,4
04.11.2017 05:00;04.11.2017 06:00;33,22
04.11.2017 06:00;04.11.2017 07:00;33,73
04.11.2017 07:00;04.11.2017 08:00;37,63
04.11.2017 08:00;04.11.2017 09:00;42,99
04.11.2017 09:00;04.11.2017 10:00;40,39
04.11.2017 10:00;04.11.2017 11:00;39,84
04.11.2017 11:00;04.11.2017 12:00;37,02
04.11.2017 12:00;04.11.2017 13:00;36,1
04.11.2017 13:00;04.11.2017 14:00;34,33
04.11.2017 14:00;04.11.2017 15:00;34,34
04.11.2017 15:00;04.11.2017 16:00;35,04
04.11.2017 16:00;04.11.2017 17:00;37,03
04.11.2017 17:00;04.11.2017 18:00;43,94
04.11.2017 18:00;04.11.2017 19:00;35,51
04.11.2017 19:00;04.11.2017 20:00;32,25
04.11.2017 20:00;04.11.2017 21:00;28,83
04.11.2017 21:00;04.11.2017 22:00;26,77
04.11.2017 22:00;04.11.2017 23:00;26,53
04.11.2017 23:00;05.11.2017 00:00;20,65
05.11.2017 00:00;05.11.2017 01:00;13,2
05.11.2017 01:00;05.11.2017 02:00;13,2
05.11.2017 02:00;05.11.2017 03:00;14,64
05.11.2017 03:00;05.11.2017 04:00;11,68
05.11.2017 04:00;05.11.2017 05:00;13,93
05.11.2017 05:00;05.11.2017 06:00;20,01
05.11.2017 06:00;05.11.2017 07:00;21,87
05.11.2017 07:00;05.11.2017 08:00;24,6
05.11.2017 08:00;05.11.2017 09:00;31,47
05.11.2017 09:00;05.11.2017 10:00;33,92
05.11.2017 10:00;05.11.2017 11:00;36,54
05.11.2017 11:00;05.11.2017 12:00;38,9
05.11.2017 12:00;05.11.2017 13:00;36,11
05.11.2017 13:00;05.11.2017 14:00;36,2
05.11.2017 14:00;05.11.2017 15:00;33,78
05.11.2017 15:00;05.11.2017 16:00;33,96
05.11.2017 16:00;05.11.2017 17:00;35,0
05.11.2017 17:00;05.11.2017 18:00;41,82
05.11.2017 18:00;05.11.2017 19:00;41,74
05.11.2017 19:00;05.11.2017 20:00;42,82
05.11.2017 20:00;05.11.2017 21:00;40,91
05.11.2017 21:00;05.11.2017 22:00;39,59
05.11.2017 22:00;05.11.2017 23:00;38,87
05.11.2017 23:00;06.11.2017 00:00;35,0
06.11.2017 00:00;06.11.2017 01:00;31,74
06.11.2017 01:00;06.11.2017 02:00;33,73
06.11.2017 02:00;06.11.2017 03:00;33,02
06.11.2017 03:00;06.11.2017 04:00;27,61
06.11.2017 04:00;06.11.2017 05:00;28,1
06.11.2017 05:00;06.11.2017 06:00;32,99
06.11.2017 06:00;06.11.2017 07:00;44,83
06.11.2017 07:00;06.11.2017 08:00;54,96
06.11.2017 08:00;06.11.2017 09:00;60,38
06.11.2017 09:00;06.11.2017 10:00;55,38
06.11.2017 10:00;06.11.2017 11:00;54,95
06.11.2017 11:00;06.11.2017 12:00;54,97
06.11.2017 12:00;06.11.2017 13:00;54,93
06.11.2017 13:00;06.11.2017 14:00;55,91
06.11.2017 14:00;06.11.2017 15:00;55,93
06.11.2017 15:00;06.11.2017 16:00;57,85
06.11.2017 16:00;06.11.2017 17:00;62,56
06.11.2017 17:00;06.11.2017 18:00;78,28
06.11.2017 18:00;06.11.2017 19:00;89,93
06.11.2017 19:00;06.11.2017 20:00;74,51
06.11.2017 20:00;06.11.2017 21:00;55,02
06.11.2017 21:00;06.11.2017 22:00;50,61
06.11.2017 22:00;06.11.2017 23:00;39,11
06.11.2017 23:00;07.11.2017 00:00;37,1
07.11.2017 00:00;07.11.2017 01:00;36,63
07.11.2017 01:00;07.11.2017 02:00;35,05
07.11.2017 02:00;07.11.2017 03:00;36,87
07.11.2017 03:00;07.11.2017 04:00;36,02
07.11.2017 04:00;07.11.2017 05:00;37,04
07.11.2017 05:00;07.11.2017 06:00;34,43
07.11.2017 06:00;07.11.2017 07:00;49,77
07.11.2017 07:00;07.11.2017 08:00;59,26
07.11.2017 08:00;07.11.2017 09:00;64,37
07.11.2017 09:00;07.11.2017 10:00;55,07
07.11.2017 10:00;07.11.2017 11:00;54,94
07.11.2017 11:00;07.11.2017 12:00;54,92
07.11.2017 12:00;07.11.2017 13:00;53,93
07.11.2017 13:00;07.11.2017 14:00;54,94
07.11.2017 14:00;07.11.2017 15:00;56,93
07.11.2017 15:00;07.11.2017 16:00;66,75
07.11.2017 16:00;07.11.2017 17:00;65,58
07.11.2017 17:00;07.11.2017 18:00;81,56
07.11.2017 18:00;07.11.2017 19:00;82,3
07.11.2017 19:00;07.11.2017 20:00;64,2
07.11.2017 20:00;07.11.2017 21:00;53,94
07.11.2017 21:00;07.11.2017 22:00;46,94
07.11.2017 22:00;07.11.2017 23:00;41,7
07.11.2017 23:00;08.11.2017 00:00;37,86
08.11.2017 00:00;08.11.2017 01:00;33,7
08.11.2017 01:00;08.11.2017 02:00;33,62
08.11.2017 02:00;08.11.2017 03:00;33,64
08.11.2017 03:00;08.11.2017 04:00;33,62
08.11.2017 04:00;08.11.2017 05:00;35,53
08.11.2017 05:00;08.11.2017 06:00;36,15
08.11.2017 06:00;08.11.2017 07:00;54,07
08.11.2017 07:00;08.11.2017 08:00;75,76
08.11.2017 08:00;08.11.2017 09:00;79,28
08.11.2017 09:00;08.11.2017 10:00;77,07
08.11.2017 10:00;08.11.2017 11:00;84,22
08.11.2017 11:00;08.11.2017 12:00;84,98
08.11.2017 12:00;08.11.2017 13:00;83,8
08.11.2017 13:00;08.11.2017 14:00;88,19
08.11.2017 14:00;08.11.2017 15:00;89,9
08.11.2017 15:00;08.11.2017 16:00;81,89
08.11.2017 16:00;08.11.2017 17:00;88,2
08.11.2017 17:00;08.11.2017 18:00;111,4
08.11.2017 18:00;08.11.2017 19:00;120,0
08.11.2017 19:00;08.11.2017 20:00;89,93
08.11.2017 20:00;08.11.2017 21:00;60,1
08.11.2017 21:00;08.11.2017 22:00;52,32
08.11.2017 22:00;08.11.2017 23:00;48,05
08.11.2017 23:00;09.11.2017 00:00;38,57
09.11.2017 00:00;09.11.2017 01:00;38,61
09.11.2017 01:00;09.11.2017 02:00;39,3
09.11.2017 02:00;09.11.2017 03:00;38,48
09.11.2017 03:00;09.11.2017 04:00;40,53
09.11.2017 04:00;09.11.2017 05:00;39,9
09.11.2017 05:00;09.11.2017 06:00;43,95
09.11.2017 06:00;09.11.2017 07:00;58,65
09.11.2017 07:00;09.11.2017 08:00;72,1
09.11.2017 08:00;09.11.2017 09:00;84,73
09.11.2017 09:00;09.11.2017 10:00;61,99
09.11.2017 10:00;09.11.2017 11:00;61,37
09.11.2017 11:00;09.11.2017 12:00;60,69
09.11.2017 12:00;09.11.2017 13:00;55,12
09.11.2017 13:00;09.11.2017 14:00;53,99
09.11.2017 14:00;09.11.2017 15:00;54,91
09.11.2017 15:00;09.11.2017 16:00;55,0
09.11.2017 16:00;09.11.2017 17:00;55,92
09.11.2017 17:00;09.11.2017 18:00;56,94
09.11.2017 18:00;09.11.2017 19:00;55,93
09.11.2017 19:00;09.11.2017 20:00;55,0
09.11.2017 20:00;09.11.2017 21:00;40,3
09.11.2017 21:00;09.11.2017 22:00;42,81
09.11.2017 22:00;09.11.2017 23:00;36,78
09.11.2017 23:00;10.11.2017 00:00;33,61
10.11.2017 00:00;10.11.2017 01:00;26,41
10.11.2017 01:00;10.11.2017 02:00;25,35
10.11.2017 02:00;10.11.2017 03:00;26,6
10.11.2017 03:00;10.11.2017 04:00;27,31
10.11.2017 04:00;10.11.2017 05:00;27,1
10.11.2017 05:00;10.11.2017 06:00;28,92
10.11.2017 06:00;10.11.2017 07:00;40,15
10.11.2017 07:00;10.11.2017 08:00;51,2
10.11.2017 08:00;10.11.2017 09:00;47,41
10.11.2017 09:00;10.11.2017 10:00;38,61
10.11.2017 10:00;10.11.2017 11:00;38,89
10.11.2017 11:00;10.11.2017 12:00;38,79
10.11.2017 12:00;10.11.2017 13:00;35,25
10.11.2017 13:00;10.11.2017 14:00;31,16
10.11.2017 14:00;10.11.2017 15:00;30,16
10.11.2017 15:00;10.11.2017 16:00;30,12
10.11.2017 16:00;10.11.2017 17:00;31,02
10.11.2017 17:00;10.11.2017 18:00;36,19
10.11.2017 18:00;10.11.2017 19:00;36,02
10.11.2017 19:00;10.11.2017 20:00;31,08
10.11.2017 20:00;10.11.2017 21:00;29,39
10.11.2017 21:00;10.11.2017 22:00;22,26
10.11.2017 22:00;10.11.2017 23:00;15,51
10.11.2017 23:00;11.11.2017 00:00;11,46
11.11.2017 00:00;11.11.2017 01:00;9,2
11.11.2017 01:00;11.11.2017 02:00;2,03
11.11.2017 02:00;11.11.2017 03:00;0,08
11.11.2017 03:00;11.11.2017 04:00;6,47
11.11.2017 04:00;11.11.2017 05:00;11,27
11.11.2017 05:00;11.11.2017 06:00;12,59
11.11.2017 06:00;11.11.2017 07:00;9,63
11.11.2017 07:00;11.11.2017 08:00;13,55
11.11.2017 08:00;11.11.2017 09:00;20,1
11.11.2017 09:00;11.11.2017 10:00;24,66
11.11.2017 10:00;11.11.2017 11:00;21,47
11.11.2017 11:00;11.11.2017 12:00;18,9
11.11.2017 12:00;11.11.2017 13:00;21,03
11.11.2017 13:00;11.11.2017 14:00;22,86
11.11.2017 14:00;11.11.2017 15:00;28,2
11.11.2017 15:00;11.11.2017 16:00;30,48
11.11.2017 16:00;11.11.2017 17:00;35,81
11.11.2017 17:00;11.11.2017 18:00;44,49
11.11.2017 18:00;11.11.2017 19:00;46,76
11.11.2017 19:00;11.11.2017 20:00;41,03
11.11.2017 20:00;11.11.2017 21:00;35,92
11.11.2017 21:00;11.11.2017 22:00;35,82
11.11.2017 22:00;11.11.2017 23:00;37,06
11.11.2017 23:00;12.11.2017 00:00;28,29
12.11.2017 00:00;12.11.2017 01:00;14,07
12.11.2017 01:00;12.11.2017 02:00;15,99
12.11.2017 02:00;12.11.2017 03:00;13,8
12.11.2017 03:00;12.11.2017 04:00;13,53
12.11.2017 04:00;12.11.2017 05:00;15,25
12.11.2017 05:00;12.11.2017 06:00;21,86
12.11.2017 06:00;12.11.2017 07:00;22,52
12.11.2017 07:00;12.11.2017 08:00;27,06
12.11.2017 08:00;12.11.2017 09:00;30,94
12.11.2017 09:00;12.11.2017 10:00;33,03
12.11.2017 10:00;12.11.2017 11:00;42,79
12.11.2017 11:00;12.11.2017 12:00;47,65
12.11.2017 12:00;12.11.2017 13:00;48,13
12.11.2017 13:00;12.11.2017 14:00;44,28
12.11.2017 14:00;12.11.2017 15:00;38,43
12.11.2017 15:00;12.11.2017 16:00;37,8
12.11.2017 16:00;12.11.2017 17:00;40,82
12.11.2017 17:00;12.11.2017 18:00;53,91
12.11.2017 18:00;12.11.2017 19:00;53,94
12.11.2017 19:00;12.11.2017 20:00;46,54
12.11.2017 20:00;12.11.2017 21:00;39,59
12.11.2017 21:00;12.11.2017 22:00;33,11
12.11.2017 22:00;12.11.2017 23:00;33,17
12.11.2017 23:00;13.11.2017 00:00;29,73
13.11.2017 00:00;13.11.2017 01:00;31,06
13.11.2017 01:00;13.11.2017 02:00;30,41
13.11.2017 02:00;13.11.2017 03:00;29,64
13.11.2017 03:00;13.11.2017 04:00;29,66
13.11.2017 04:00;13.11.2017 05:00;29,79
13.11.2017 05:00;13.11.2017 06:00;31,68
13.11.2017 06:00;13.11.2017 07:00;42,76
13.11.2017 07:00;13.11.2017 08:00;54,9
13.11.2017 08:00;13.11.2017 09:00;54,33
13.11.2017 09:00;13.11.2017 10:00;48,15
13.11.2017 10:00;13.11.2017 11:00;45,83
13.11.2017 11:00;13.11.2017 12:00;46,61
13.11.2017 12:00;13.11.2017 13:00;41,48
13.11.2017 13:00;13.11.2017 14:00;48,08
13.11.2017 14:00;13.11.2017 15:00;50,81
13.11.2017 15:00;13.11.2017 16:00;54,93
13.11.2017 16:00;13.11.2017 17:00;55,92
13.11.2017 17:00;13.11.2017 18:00;70,08
13.11.2017 18:00;13.11.2017 19:00;62,3
13.11.2017 19:00;13.11.2017 20:00;57,73
13.11.2017 20:00;13.11.2017 21:00;54,94
13.11.2017 21:00;13.11.2017 22:00;49,0
13.11.2017 22:00;13.11.2017 23:00;41,0
13.11.2017 23:00;14.11.2017 00:00;36,55
14.11.2017 00:00;14.11.2017 01:00;37,83
14.11.2017 01:00;14.11.2017 02:00;36,01
14.11.2017 02:00;14.11.2017 03:00;34,03
14.11.2017 03:00;14.11.2017 04:00;33,54
14.11.2017 04:00;14.11.2017 05:00;33,9
14.11.2017 05:00;14.11.2017 06:00;34,04
14.11.2017 06:00;14.11.2017 07:00;38,12
14.11.2017 07:00;14.11.2017 08:00;43,52
14.11.2017 08:00;14.11.2017 09:00;49,58
14.11.2017 09:00;14.11.2017 10:00;37,2
14.11.2017 10:00;14.11.2017 11:00;36,56
14.11.2017 11:00;14.11.2017 12:00;36,19
14.11.2017 12:00;14.11.2017 13:00;36,88
14.11.2017 13:00;14.11.2017 14:00;36,6
14.11.2017 14:00;14.11.2017 15:00;36,86
14.11.2017 15:00;14.11.2017 16:00;40,07
14.11.2017 16:00;14.11.2017 17:00;49,06
14.11.2017 17:00;14.11.2017 18:00;51,71
14.11.2017 18:00;14.11.2017 19:00;52,94
14.11.2017 19:00;14.11.2017 20:00;51,25
14.11.2017 20:00;14.11.2017 21:00;44,92
14.11.2017 21:00;14.11.2017 22:00;39,44
14.11.2017 22:00;14.11.2017 23:00;37,6
14.11.2017 23:00;15.11.2017 00:00;36,36
15.11.2017 00:00;15.11.2017 01:00;33,5
15.11.2017 01:00;15.11.2017 02:00;34,06
15.11.2017 02:00;15.11.2017 03:00;33,42
15.11.2017 03:00;15.11.2017 04:00;35,62
15.11.2017 04:00;15.11.2017 05:00;33,74
15.11.2017 05:00;15.11.2017 06:00;37,0
15.11.2017 06:00;15.11.2017 07:00;58,5
15.11.2017 07:00;15.11.2017 08:00;77,4
15.11.2017 08:00;15.11.2017 09:00;78,01
15.11.2017 09:00;15.11.2017 10:00;68,87
15.11.2017 10:00;15.11.2017 11:00;61,65
15.11.2017 11:00;15.11.2017 12:00;71,76
15.11.2017 12:00;15.11.2017 13:00;64,1
15.11.2017 13:00;15.11.2017 14:00;70,77
15.11.2017 14:00;15.11.2017 15:00;72,81
15.11.2017 15:00;15.11.2017 16:00;79,18
15.11.2017 16:00;15.11.2017 17:00;89,95
15.11.2017 17:00;15.11.2017 18:00;112,09
15.11.2017 18:00;15.11.2017 19:00;124,29
15.11.2017 19:00;15.11.2017 20:00;86,34
15.11.2017 20:00;15.11.2017 21:00;76,13
15.11.2017 21:00;15.11.2017 22:00;62,01
15.11.2017 22:00;15.11.2017 23:00;51,91
15.11.2017 23:00;16.11.2017 00:00;39,03
16.11.2017 00:00;16.11.2017 01:00;37,04
16.11.2017 01:00;16.11.2017 02:00;37,06
16.11.2017 02:00;16.11.2017 03:00;36,13
16.11.2017 03:00;16.11.2017 04:00;36,59
16.11.2017 04:00;16.11.2017 05:00;37,04
16.11.2017 05:00;16.11.2017 06:00;36,87
16.11.2017 06:00;16.11.2017 07:00;51,61
16.11.2017 07:00;16.11.2017 08:00;61,89
16.11.2017 08:00;16.11.2017 09:00;68,63
16.11.2017 09:00;16.11.2017 10:00;57,02
16.11.2017 10:00;16.11.2017 11:00;55,93
16.11.2017 11:00;16.11.2017 12:00;53,96
16.11.2017 12:00;16.11.2017 13:00;49,01
16.11.2017 13:00;16.11.2017 14:00;49,31
16.11.2017 14:00;16.11.2017 15:00;54,0
16.11.2017 15:00;16.11.2017 16:00;57,94
16.11.2017 16:00;16.11.2017 17:00;56,16
16.11.2017 17:00;16.11.2017 18:00;56,42
16.11.2017 18:00;16.11.2017 19:00;53,93
16.11.2017 19:00;16.11.2017 20:00;46,3
16.11.2017 20:00;16.11.2017 21:00;37,03
16.11.2017 21:00;16.11.2017 22:00;38,03
16.11.2017 22:00;16.11.2017 23:00;38,15
16.11.2017 23:00;17.11.2017 00:00;35,07
17.11.2017 00:00;17.11.2017 01:00;33,15
17.11.2017 01:00;17.11.2017 02:00;32,72
17.11.2017 02:00;17.11.2017 03:00;33,16
17.11.2017 03:00;17.11.2017 04:00;34,06
17.11.2017 04:00;17.11.2017 05:00;34,05
17.11.2017 05:00;17.11.2017 06:00;36,09
17.11.2017 06:00;17.11.2017 07:00;46,83
17.11.2017 07:00;17.11.2017 08:00;49,99
17.11.2017 08:00;17.11.2017 09:00;53,93
17.11.2017 09:00;17.11.2017 10:00;49,99
17.11.2017 10:00;17.11.2017 11:00;49,97
17.11.2017 11:00;17.11.2017 12:00;49,97
17.11.2017 12:00;17.11.2017 13:00;49,09
17.11.2017 13:00;17.11.2017 14:00;46,55
17.11.2017 14:00;17.11.2017 15:00;42,3
17.11.2017 15:00;17.11.2017 16:00;49,95
17.11.2017 16:00;17.11.2017 17:00;49,9
17.11.2017 17:00;17.11.2017 18:00;49,91
17.11.2017 18:00;17.11.2017 19:00;48,18
17.11.2017 19:00;17.11.2017 20:00;42,97
17.11.2017 20:00;17.11.2017 21:00;38,35
17.11.2017 21:00;17.11.2017 22:00;39,8
17.11.2017 22:00;17.11.2017 23:00;36,15
17.11.2017 23:00;18.11.2017 00:00;32,41
18.11.2017 00:00;18.11.2017 01:00;27,78
18.11.2017 01:00;18.11.2017 02:00;23,56
18.11.2017 02:00;18.11.2017 03:00;20,04
18.11.2017 03:00;18.11.2017 04:00;17,63
18.11.2017 04:00;18.11.2017 05:00;13,33
18.11.2017 05:00;18.11.2017 06:00;12,87
18.11.2017 06:00;18.11.2017 07:00;16,12
18.11.2017 07:00;18.11.2017 08:00;19,38
18.11.2017 08:00;18.11.2017 09:00;27,97
18.11.2017 09:00;18.11.2017 10:00;28,61
18.11.2017 10:00;18.11.2017 11:00;28,08
18.11.2017 11:00;18.11.2017 12:00;14,97
18.11.2017 12:00;18.11.2017 13:00;18,19
18.11.2017 13:00;18.11.2017 14:00;13,01
18.11.2017 14:00;18.11.2017 15:00;18,46
18.11.2017 15:00;18.11.2017 16:00;24,84
18.11.2017 16:00;18.11.2017 17:00;28,33
18.11.2017 17:00;18.11.2017 18:00;29,77
18.11.2017 18:00;18.11.2017 19:00;29,7
18.11.2017 19:00;18.11.2017 20:00;24,03
18.11.2017 20:00;18.11.2017 21:00;13,06
18.11.2017 21:00;18.11.2017 22:00;12,69
18.11.2017 22:00;18.11.2017 23:00;11,38
18.11.2017 23:00;19.11.2017 00:00;0,41
19.11.2017 00:00;19.11.2017 01:00;0,37
19.11.2017 01:00;19.11.2017 02:00;4,33
19.11.2017 02:00;19.11.2017 03:00;2,91
19.11.2017 03:00;19.11.2017 04:00;2,17
19.11.2017 04:00;19.11.2017 05:00;2,14
19.11.2017 05:00;19.11.2017 06:00;0,03
19.11.2017 06:00;19.11.2017 07:00;-0,03
19.11.2017 07:00;19.11.2017 08:00;0,04
19.11.2017 08:00;19.11.2017 09:00;5,08
19.11.2017 09:00;19.11.2017 10:00;23,49
19.11.2017 10:00;19.11.2017 11:00;12,77
19.11.2017 11:00;19.11.2017 12:00;21,94
19.11.2017 12:00;19.11.2017 13:00;12,5
19.11.2017 13:00;19.11.2017 14:00;9,09
19.11.2017 14:00;19.11.2017 15:00;5,09
19.11.2017 15:00;19.11.2017 16:00;9,63
19.11.2017 16:00;19.11.2017 17:00;5,99
19.11.2017 17:00;19.11.2017 18:00;23,14
19.11.2017 18:00;19.11.2017 19:00;21,94
19.11.2017 19:00;19.11.2017 20:00;13,3
19.11.2017 20:00;19.11.2017 21:00;12,62
19.11.2017 21:00;19.11.2017 22:00;11,38
19.11.2017 22:00;19.11.2017 23:00;13,95
19.11.2017 23:00;20.11.2017 00:00;12,21
20.11.2017 00:00;20.11.2017 01:00;12,59
20.11.2017 01:00;20.11.2017 02:00;12,51
20.11.2017 02:00;20.11.2017 03:00;10,49
20.11.2017 03:00;20.11.2017 04:00;11,0
20.11.2017 04:00;20.11.2017 05:00;14,96
20.11.2017 05:00;20.11.2017 06:00;23,81
20.11.2017 06:00;20.11.2017 07:00;39,94
20.11.2017 07:00;20.11.2017 08:00;41,99
20.11.2017 08:00;20.11.2017 09:00;43,92
20.11.2017 09:00;20.11.2017 10:00;43,91
20.11.2017 10:00;20.11.2017 11:00;43,68
20.11.2017 11:00;20.11.2017 12:00;43,94
20.11.2017 12:00;20.11.2017 13:00;44,36
20.11.2017 13:00;20.11.2017 14:00;49,05
20.11.2017 14:00;20.11.2017 15:00;53,46
20.11.2017 15:00;20.11.2017 16:00;50,99
20.11.2017 16:00;20.11.2017 17:00;59,3
20.11.2017 17:00;20.11.2017 18:00;66,02
20.11.2017 18:00;20.11.2017 19:00;53,38
20.11.2017 19:00;20.11.2017 20:00;47,93
20.11.2017 20:00;20.11.2017 21:00;43,95
20.11.2017 21:00;20.11.2017 22:00;38,63
20.11.2017 22:00;20.11.2017 23:00;38,76
20.11.2017 23:00;21.11.2017 00:00;34,97
21.11.2017 00:00;21.11.2017 01:00;36,03
21.11.2017 01:00;21.11.2017 02:00;35,46
21.11.2017 02:00;21.11.2017 03:00;35,63
21.11.2017 03:00;21.11.2017 04:00;35,73
21.11.2017 04:00;21.11.2017 05:00;35,42
21.11.2017 05:00;21.11.2017 06:00;37,92
21.11.2017 06:00;21.11.2017 07:00;46,51
21.11.2017 07:00;21.11.2017 08:00;67,86
21.11.2017 08:00;21.11.2017 09:00;72,63
21.11.2017 09:00;21.11.2017 10:00;54,99
21.11.2017 10:00;21.11.2017 11:00;54,26
21.11.2017 11:00;21.11.2017 12:00;64,03
21.11.2017 12:00;21.11.2017 13:00;55,27
21.11.2017 13:00;21.11.2017 14:00;64,91
21.11.2017 14:00;21.11.2017 15:00;62,65
21.11.2017 15:00;21.11.2017 16:00;62,65
21.11.2017 16:00;21.11.2017 17:00;62,65
21.11.2017 17:00;21.11.2017 18:00;68,05
21.11.2017 18:00;21.11.2017 19:00;57,46
21.11.2017 19:00;21.11.2017 20:00;43,99
21.11.2017 20:00;21.11.2017 21:00;35,42
21.11.2017 21:00;21.11.2017 22:00;32,64
21.11.2017 22:00;21.11.2017 23:00;31,31
21.11.2017 23:00;22.11.2017 00:00;29,69
22.11.2017 00:00;22.11.2017 01:00;27,15
22.11.2017 01:00;22.11.2017 02:00;15,7
22.11.2017 02:00;22.11.2017 03:00;10,7
22.11.2017 03:00;22.11.2017 04:00;10,96
22.11.2017 04:00;22.11.2017 05:00;10,75
22.11.2017 05:00;22.11.2017 06:00;20,24
22.11.2017 06:00;22.11.2017 07:00;29,92
22.11.2017 07:00;22.11.2017 08:00;37,37
22.11.2017 08:00;22.11.2017 09:00;35,72
22.11.2017 09:00;22.11.2017 10:00;32,49
22.11.2017 10:00;22.11.2017 11:00;31,98
22.11.2017 11:00;22.11.2017 12:00;31,8
22.11.2017 12:00;22.11.2017 13:00;31,03
22.11.2017 13:00;22.11.2017 14:00;31,3
22.11.2017 14:00;22.11.2017 15:00;32,56
22.11.2017 15:00;22.11.2017 16:00;41,43
22.11.2017 16:00;22.11.2017 17:00;50,06
22.11.2017 17:00;22.11.2017 18:00;61,26
22.11.2017 18:00;22.11.2017 19:00;50,93
22.11.2017 19:00;22.11.2017 20:00;43,97
22.11.2017 20:00;22.11.2017 21:00;39,99
22.11.2017 21:00;22.11.2017 22:00;33,7
22.11.2017 22:00;22.11.2017 23:00;29,56
22.11.2017 23:00;23.11.2017 00:00;20,6
23.11.2017 00:00;23.11.2017 01:00;9,67
23.11.2017 01:00;23.11.2017 02:00;12,76
23.11.2017 02:00;23.11.2017 03:00;9,64
23.11.2017 03:00;23.11.2017 04:00;9,47
23.11.2017 04:00;23.11.2017 05:00;9,46
23.11.2017 05:00;23.11.2017 06:00;12,77
23.11.2017 06:00;23.11.2017 07:00;17,1
23.11.2017 07:00;23.11.2017 08:00;32,93
23.11.2017 08:00;23.11.2017 09:00;31,09
23.11.2017 09:00;23.11.2017 10:00;29,96
23.11.2017 10:00;23.11.2017 11:00;24,03
23.11.2017 11:00;23.11.2017 12:00;16,24
23.11.2017 12:00;23.11.2017 13:00;12,75
23.11.2017 13:00;23.11.2017 14:00;16,63
23.11.2017 14:00;23.11.2017 15:00;26,23
23.11.2017 15:00;23.11.2017 16:00;30,76
23.11.2017 16:00;23.11.2017 17:00;31,95
23.11.2017 17:00;23.11.2017 18:00;37,97
23.11.2017 18:00;23.11.2017 19:00;37,57
23.11.2017 19:00;23.11.2017 20:00;36,98
23.11.2017 20:00;23.11.2017 21:00;33,94
23.11.2017 21:00;23.11.2017 22:00;29,34
23.11.2017 22:00;23.11.2017 23:00;27,41
23.11.2017 23:00;24.11.2017 00:00;24,05
24.11.2017 00:00;24.11.2017 01:00;26,93
24.11.2017 01:00;24.11.2017 02:00;27,75
24.11.2017 02:00;24.11.2017 03:00;28,04
24.11.2017 03:00;24.11.2017 04:00;27,1
24.11.2017 04:00;24.11.2017 05:00;28,22
24.11.2017 05:00;24.11.2017 06:00;35,66
24.11.2017 06:00;24.11.2017 07:00;49,01
24.11.2017 07:00;24.11.2017 08:00;49,07
24.11.2017 08:00;24.11.2017 09:00;48,0
24.11.2017 09:00;24.11.2017 10:00;46,92
24.11.2017 10:00;24.11.2017 11:00;45,43
24.11.2017 11:00;24.11.2017 12:00;46,5
24.11.2017 12:00;24.11.2017 13:00;39,57
24.11.2017 13:00;24.11.2017 14:00;41,13
24.11.2017 14:00;24.11.2017 15:00;43,13
24.11.2017 15:00;24.11.2017 16:00;44,91
24.11.2017 16:00;24.11.2017 17:00;46,94
24.11.2017 17:00;24.11.2017 18:00;53,97
24.11.2017 18:00;24.11.2017 19:00;56,24
24.11.2017 19:00;24.11.2017 20:00;55,97
24.11.2017 20:00;24.11.2017 21:00;48,0
24.11.2017 21:00;24.11.2017 22:00;47,98
24.11.2017 22:00;24.11.2017 23:00;47,98
24.11.2017 23:00;25.11.2017 00:00;40,99
25.11.2017 00:00;25.11.2017 01:00;39,89
25.11.2017 01:00;25.11.2017 02:00;36,19
25.11.2017 02:00;25.11.2017 03:00;34,49
25.11.2017 03:00;25.11.2017 04:00;36,2
25.11.2017 04:00;25.11.2017 05:00;38,0
25.11.2017 05:00;25.11.2017 06:00;35,86
25.11.2017 06:00;25.11.2017 07:00;35,03
25.11.2017 07:00;25.11.2017 08:00;42,37
25.11.2017 08:00;25.11.2017 09:00;49,95
25.11.2017 09:00;25.11.2017 10:00;49,94
25.11.2017 10:00;25.11.2017 11:00;51,97
25.11.2017 11:00;25.11.2017 12:00;53,51
25.11.2017 12:00;25.11.2017 13:00;49,96
25.11.2017 13:00;25.11.2017 14:00;46,98
25.11.2017 14:00;25.11.2017 15:00;38,98
25.11.2017 15:00;25.11.2017 16:00;35,29
25.11.2017 16:00;25.11.2017 17:00;39,56
25.11.2017 17:00;25.11.2017 18:00;44,26
25.11.2017 18:00;25.11.2017 19:00;38,41
25.11.2017 19:00;25.11.2017 20:00;37,93
25.11.2017 20:00;25.11.2017 21:00;36,12
25.11.2017 21:00;25.11.2017 22:00;32,12
25.11.2017 22:00;25.11.2017 23:00;30,09
25.11.2017 23:00;26.11.2017 00:00;27,58
26.11.2017 00:00;26.11.2017 01:00;19,21
26.11.2017 01:00;26.11.2017 02:00;12,59
26.11.2017 02:00;26.11.2017 03:00;11,56
26.11.2017 03:00;26.11.2017 04:00;11,45
26.11.2017 04:00;26.11.2017 05:00;15,74
26.11.2017 05:00;26.11.2017 06:00;12,85
26.11.2017 06:00;26.11.2017 07:00;11,41
26.11.2017 07:00;26.11.2017 08:00;9,77
26.11.2017 08:00;26.11.2017 09:00;19,36
26.11.2017 09:00;26.11.2017 10:00;11,58
26.11.2017 10:00;26.11.2017 11:00;19,95
26.11.2017 11:00;26.11.2017 12:00;21,6
26.11.2017 12:00;26.11.2017 13:00;11,48
26.11.2017 13:00;26.11.2017 14:00;11,49
26.11.2017 14:00;26.11.2017 15:00;15,75
26.11.2017 15:00;26.11.2017 16:00;15,55
26.11.2017 16:00;26.11.2017 17:00;23,6
26.11.2017 17:00;26.11.2017 18:00;29,17
26.11.2017 18:00;26.11.2017 19:00;29,43
26.11.2017 19:00;26.11.2017 20:00;29,51
26.11.2017 20:00;26.11.2017 21:00;29,07
26.11.2017 21:00;26.11.2017 22:00;29,01
26.11.2017 22:00;26.11.2017 23:00;28,37
26.11.2017 23:00;27.11.2017 00:00;21,94
27.11.2017 00:00;27.11.2017 01:00;11,47
27.11.2017 01:00;27.11.2017 02:00;14,95
27.11.2017 02:00;27.11.2017 03:00;17,06
27.11.2017 03:00;27.11.2017 04:00;13,06
27.11.2017 04:00;27.11.2017 05:00;10,02
27.11.2017 05:00;27.11.2017 06:00;20,96
27.11.2017 06:00;27.11.2017 07:00;40,1
27.11.2017 07:00;27.11.2017 08:00;36,12
27.11.2017 08:00;27.11.2017 09:00;40,06
27.11.2017 09:00;27.11.2017 10:00;36,04
27.11.2017 10:00;27.11.2017 11:00;34,06
27.11.2017 11:00;27.11.2017 12:00;34,73
27.11.2017 12:00;27.11.2017 13:00;31,1
27.11.2017 13:00;27.11.2017 14:00;32,38
27.11.2017 14:00;27.11.2017 15:00;33,33
27.11.2017 15:00;27.11.2017 16:00;34,82
27.11.2017 16:00;27.11.2017 17:00;35,7
27.11.2017 17:00;27.11.2017 18:00;40,32
27.11.2017 18:00;27.11.2017 19:00;36,7
27.11.2017 19:00;27.11.2017 20:00;35,26
27.11.2017 20:00;27.11.2017 21:00;35,95
27.11.2017 21:00;27.11.2017 22:00;30,93
27.11.2017 22:00;27.11.2017 23:00;30,0
27.11.2017 23:00;28.11.2017 00:00;15,87
28.11.2017 00:00;28.11.2017 01:00;22,5
28.11.2017 01:00;28.11.2017 02:00;16,07
28.11.2017 02:00;28.11.2017 03:00;15,46
28.11.2017 03:00;28.11.2017 04:00;16,29
28.11.2017 04:00;28.11.2017 05:00;22,04
28.11.2017 05:00;28.11.2017 06:00;24,7
28.11.2017 06:00;28.11.2017 07:00;34,01
28.11.2017 07:00;28.11.2017 08:00;40,13
28.11.2017 08:00;28.11.2017 09:00;37,78
28.11.2017 09:00;28.11.2017 10:00;36,39
28.11.2017 10:00;28.11.2017 11:00;35,84
28.11.2017 11:00;28.11.2017 12:00;36,05
28.11.2017 12:00;28.11.2017 13:00;39,91
28.11.2017 13:00;28.11.2017 14:00;45,07
28.11.2017 14:00;28.11.2017 15:00;48,59
28.11.2017 15:00;28.11.2017 16:00;52,94
28.11.2017 16:00;28.11.2017 17:00;51,97
28.11.2017 17:00;28.11.2017 18:00;59,7
28.11.2017 18:00;28.11.2017 19:00;52,98
28.11.2017 19:00;28.11.2017 20:00;51,32
28.11.2017 20:00;28.11.2017 21:00;49,99
28.11.2017 21:00;28.11.2017 22:00;36,59
28.11.2017 22:00;28.11.2017 23:00;36,64
28.11.2017 23:00;29.11.2017 00:00;35,01
29.11.2017 00:00;29.11.2017 01:00;36,56
29.11.2017 01:00;29.11.2017 02:00;36,79
29.11.2017 02:00;29.11.2017 03:00;35,56
29.11.2017 03:00;29.11.2017 04:00;35,06
29.11.2017 04:00;29.11.2017 05:00;36,17
29.11.2017 05:00;29.11.2017 06:00;38,97
29.11.2017 06:00;29.11.2017 07:00;57,72
29.11.2017 07:00;29.11.2017 08:00;84,97
29.11.2017 08:00;29.11.2017 09:00;88,52
29.11.2017 09:00;29.11.2017 10:00;90,1
29.11.2017 10:00;29.11.2017 11:00;88,33
29.11.2017 11:00;29.11.2017 12:00;86,0
29.11.2017 12:00;29.11.2017 13:00;82,18
29.11.2017 13:00;29.11.2017 14:00;82,4
29.11.2017 14:00;29.11.2017 15:00;89,21
29.11.2017 15:00;29.11.2017 16:00;90,4
29.11.2017 16:00;29.11.2017 17:00;97,8
29.11.2017 17:00;29.11.2017 18:00;118,49
29.11.2017 18:00;29.11.2017 19:00;110,36
29.11.2017 19:00;29.11.2017 20:00;85,56
29.11.2017 20:00;29.11.2017 21:00;77,34
29.11.2017 21:00;29.11.2017 22:00;64,27
29.11.2017 22:00;29.11.2017 23:00;55,57
29.11.2017 23:00;30.11.2017 00:00;47,71
30.11.2017 00:00;30.11.2017 01:00;45,94
30.11.2017 01:00;30.11.2017 02:00;38,2
30.11.2017 02:00;30.11.2017 03:00;36,97
30.11.2017 03:00;30.11.2017 04:00;36,1
30.11.2017 04:00;30.11.2017 05:00;38,47
30.11.2017 05:00;30.11.2017 06:00;42,72
30.11.2017 06:00;30.11.2017 07:00;53,99
30.11.2017 07:00;30.11.2017 08:00;83,75
30.11.2017 08:00;30.11.2017 09:00;88,16
30.11.2017 09:00;30.11.2017 10:00;85,25
30.11.2017 10:00;30.11.2017 11:00;86,79
30.11.2017 11:00;30.11.2017 12:00;86,7
30.11.2017 12:00;30.11.2017 13:00;84,07
30.11.2017 13:00;30.11.2017 14:00;83,34
30.11.2017 14:00;30.11.2017 15:00;82,81
30.11.2017 15:00;30.11.2017 16:00;84,22
30.11.2017 16:00;30.11.2017 17:00;86,06
30.11.2017 17:00;30.11.2017 18:00;100,12
30.11.2017 18:00;30.11.2017 19:00;95,1
30.11.2017 19:00;30.11.2017 20:00;87,24
30.11.2017 20:00;30.11.2017 21:00;68,5
30.11.2017 21:00;30.11.2017 22:00;51,96
30.11.2017 22:00;30.11.2017 23:00;38,45
30.11.2017 23:00;01.12.2017 00:00;36,67
01.12.2017 00:00;01.12.2017 01:00;35,82
01.12.2017 01:00;01.12.2017 02:00;38,59
01.12.2017 02:00;01.12.2017 03:00;37,18
01.12.2017 03:00;01.12.2017 04:00;37,0
01.12.2017 04:00;01.12.2017 05:00;37,42
01.12.2017 05:00;01.12.2017 06:00;36,14
01.12.2017 06:00;01.12.2017 07:00;55,97
01.12.2017 07:00;01.12.2017 08:00;81,69
01.12.2017 08:00;01.12.2017 09:00;75,01
01.12.2017 09:00;01.12.2017 10:00;72,89
01.12.2017 10:00;01.12.2017 11:00;70,38
01.12.2017 11:00;01.12.2017 12:00;74,87
01.12.2017 12:00;01.12.2017 13:00;74,91
01.12.2017 13:00;01.12.2017 14:00;73,18
01.12.2017 14:00;01.12.2017 15:00;72,5
01.12.2017 15:00;01.12.2017 16:00;74,42
01.12.2017 16:00;01.12.2017 17:00;76,6
01.12.2017 17:00;01.12.2017 18:00;85,69
01.12.2017 18:00;01.12.2017 19:00;82,57
01.12.2017 19:00;01.12.2017 20:00;77,38
01.12.2017 20:00;01.12.2017 21:00;61,95
01.12.2017 21:00;01.12.2017 22:00;52,93
01.12.2017 22:00;01.12.2017 23:00;41,58
01.12.2017 23:00;02.12.2017 00:00;37,94
02.12.2017 00:00;02.12.2017 01:00;39,9
02.12.2017 01:00;02.12.2017 02:00;39,02
02.12.2017 02:00;02.12.2017 03:00;37,89
02.12.2017 03:00;02.12.2017 04:00;37,82
02.12.2017 04:00;02.12.2017 05:00;34,7
02.12.2017 05:00;02.12.2017 06:00;36,75
02.12.2017 06:00;02.12.2017 07:00;34,07
02.12.2017 07:00;02.12.2017 08:00;37,01
02.12.2017 08:00;02.12.2017 09:00;46,17
02.12.2017 09:00;02.12.2017 10:00;46,1
02.12.2017 10:00;02.12.2017 11:00;42,33
02.12.2017 11:00;02.12.2017 12:00;44,02
02.12.2017 12:00;02.12.2017 13:00;40,0
02.12.2017 13:00;02.12.2017 14:00;37,28
02.12.2017 14:00;02.12.2017 15:00;38,21
02.12.2017 15:00;02.12.2017 16:00;46,13
02.12.2017 16:00;02.12.2017 17:00;47,96
02.12.2017 17:00;02.12.2017 18:00;47,95
02.12.2017 18:00;02.12.2017 19:00;42,99
02.12.2017 19:00;02.12.2017 20:00;39,37
02.12.2017 20:00;02.12.2017 21:00;36,79
02.12.2017 21:00;02.12.2017 22:00;38,52
02.12.2017 22:00;02.12.2017 23:00;39,92
02.12.2017 23:00;03.12.2017 00:00;35,68
03.12.2017 00:00;03.12.2017 01:00;33,17
03.12.2017 01:00;03.12.2017 02:00;31,93
03.12.2017 02:00;03.12.2017 03:00;30,43
03.12.2017 03:00;03.12.2017 04:00;28,3
03.12.2017 04:00;03.12.2017 05:00;30,44
03.12.2017 05:00;03.12.2017 06:00;29,87
03.12.2017 06:00;03.12.2017 07:00;29,81
03.12.2017 07:00;03.12.2017 08:00;27,72
03.12.2017 08:00;03.12.2017 09:00;29,95
03.12.2017 09:00;03.12.2017 10:00;33,08
03.12.2017 10:00;03.12.2017 11:00;34,85
03.12.2017 11:00;03.12.2017 12:00;36,91
03.12.2017 12:00;03.12.2017 13:00;37,0
03.12.2017 13:00;03.12.2017 14:00;32,92
03.12.2017 14:00;03.12.2017 15:00;34,06
03.12.2017 15:00;03.12.2017 16:00;34,29
03.12.2017 16:00;03.12.2017 17:00;36,97
03.12.2017 17:00;03.12.2017 18:00;39,36
03.12.2017 18:00;03.12.2017 19:00;39,0
03.12.2017 19:00;03.12.2017 20:00;37,06
03.12.2017 20:00;03.12.2017 21:00;36,03
03.12.2017 21:00;03.12.2017 22:00;33,95
03.12.2017 22:00;03.12.2017 23:00;33,98
03.12.2017 23:00;04.12.2017 00:00;28,25
04.12.2017 00:00;04.12.2017 01:00;12,05
04.12.2017 01:00;04.12.2017 02:00;17,69
04.12.2017 02:00;04.12.2017 03:00;15,31
04.12.2017 03:00;04.12.2017 04:00;12,75
04.12.2017 04:00;04.12.2017 05:00;17,18
04.12.2017 05:00;04.12.2017 06:00;25,05
04.12.2017 06:00;04.12.2017 07:00;33,19
04.12.2017 07:00;04.12.2017 08:00;38,56
04.12.2017 08:00;04.12.2017 09:00;42,9
04.12.2017 09:00;04.12.2017 10:00;38,29
04.12.2017 10:00;04.12.2017 11:00;37,06
04.12.2017 11:00;04.12.2017 12:00;38,94
04.12.2017 12:00;04.12.2017 13:00;36,36
04.12.2017 13:00;04.12.2017 14:00;39,45
04.12.2017 14:00;04.12.2017 15:00;43,97
04.12.2017 15:00;04.12.2017 16:00;46,14
04.12.2017 16:00;04.12.2017 17:00;50,96
04.12.2017 17:00;04.12.2017 18:00;51,04
04.12.2017 18:00;04.12.2017 19:00;48,85
04.12.2017 19:00;04.12.2017 20:00;45,6
04.12.2017 20:00;04.12.2017 21:00;42,38
04.12.2017 21:00;04.12.2017 22:00;39,83
04.12.2017 22:00;04.12.2017 23:00;33,53
04.12.2017 23:00;05.12.2017 00:00;30,03
05.12.2017 00:00;05.12.2017 01:00;28,69
05.12.2017 01:00;05.12.2017 02:00;28,01
05.12.2017 02:00;05.12.2017 03:00;26,88
05.12.2017 03:00;05.12.2017 04:00;27,93
05.12.2017 04:00;05.12.2017 05:00;28,23
05.12.2017 05:00;05.12.2017 06:00;30,73
05.12.2017 06:00;05.12.2017 07:00;35,39
05.12.2017 07:00;05.12.2017 08:00;39,69
05.12.2017 08:00;05.12.2017 09:00;40,05
05.12.2017 09:00;05.12.2017 10:00;40,36
05.12.2017 10:00;05.12.2017 11:00;47,59
05.12.2017 11:00;05.12.2017 12:00;46,78
05.12.2017 12:00;05.12.2017 13:00;44,07
05.12.2017 13:00;05.12.2017 14:00;42,45
05.12.2017 14:00;05.12.2017 15:00;39,97
05.12.2017 15:00;05.12.2017 16:00;39,05
05.12.2017 16:00;05.12.2017 17:00;39,05
05.12.2017 17:00;05.12.2017 18:00;43,96
05.12.2017 18:00;05.12.2017 19:00;40,04
05.12.2017 19:00;05.12.2017 20:00;46,04
05.12.2017 20:00;05.12.2017 21:00;35,35
05.12.2017 21:00;05.12.2017 22:00;30,03
05.12.2017 22:00;05.12.2017 23:00;28,06
05.12.2017 23:00;06.12.2017 00:00;13,45
06.12.2017 00:00;06.12.2017 01:00;14,34
06.12.2017 01:00;06.12.2017 02:00;12,34
06.12.2017 02:00;06.12.2017 03:00;9,71
06.12.2017 03:00;06.12.2017 04:00;12,7
06.12.2017 04:00;06.12.2017 05:00;14,04
06.12.2017 05:00;06.12.2017 06:00;13,27
06.12.2017 06:00;06.12.2017 07:00;29,57
06.12.2017 07:00;06.12.2017 08:00;38,24
06.12.2017 08:00;06.12.2017 09:00;37,59
06.12.2017 09:00;06.12.2017 10:00;39,13
06.12.2017 10:00;06.12.2017 11:00;38,22
06.12.2017 11:00;06.12.2017 12:00;34,6
06.12.2017 12:00;06.12.2017 13:00;34,59
06.12.2017 13:00;06.12.2017 14:00;36,48
06.12.2017 14:00;06.12.2017 15:00;39,81
06.12.2017 15:00;06.12.2017 16:00;39,0
06.12.2017 16:00;06.12.2017 17:00;40,9
06.12.2017 17:00;06.12.2017 18:00;45,69
06.12.2017 18:00;06.12.2017 19:00;41,96
06.12.2017 19:00;06.12.2017 20:00;39,95
06.12.2017 20:00;06.12.2017 21:00;39,01
06.12.2017 21:00;06.12.2017 22:00;38,98
06.12.2017 22:00;06.12.2017 23:00;31,97
06.12.2017 23:00;07.12.2017 00:00;27,95
07.12.2017 00:00;07.12.2017 01:00;30,47
07.12.2017 01:00;07.12.2017 02:00;29,43
07.12.2017 02:00;07.12.2017 03:00;26,57
07.12.2017 03:00;07.12.2017 04:00;27,36
07.12.2017 04:00;07.12.2017 05:00;30,01
07.12.2017 05:00;07.12.2017 06:00;32,07
07.12.2017 06:00;07.12.2017 07:00;44,72
07.12.2017 07:00;07.12.2017 08:00;51,98
07.12.2017 08:00;07.12.2017 09:00;48,53
07.12.2017 09:00;07.12.2017 10:00;43,85
07.12.2017 10:00;07.12.2017 11:00;38,55
07.12.2017 11:00;07.12.2017 12:00;33,1
07.12.2017 12:00;07.12.2017 13:00;30,04
07.12.2017 13:00;07.12.2017 14:00;31,06
07.12.2017 14:00;07.12.2017 15:00;32,06
07.12.2017 15:00;07.12.2017 16:00;37,23
07.12.2017 16:00;07.12.2017 17:00;38,53
07.12.2017 17:00;07.12.2017 18:00;39,73
07.12.2017 18:00;07.12.2017 19:00;37,49
07.12.2017 19:00;07.12.2017 20:00;32,07
07.12.2017 20:00;07.12.2017 21:00;28,06
07.12.2017 21:00;07.12.2017 22:00;27,5
07.12.2017 22:00;07.12.2017 23:00;26,42
07.12.2017 23:00;08.12.2017 00:00;22,61
08.12.2017 00:00;08.12.2017 01:00;13,45
08.12.2017 01:00;08.12.2017 02:00;12,2
08.12.2017 02:00;08.12.2017 03:00;10,5
08.12.2017 03:00;08.12.2017 04:00;18,93
08.12.2017 04:00;08.12.2017 05:00;24,56
08.12.2017 05:00;08.12.2017 06:00;23,05
08.12.2017 06:00;08.12.2017 07:00;35,88
08.12.2017 07:00;08.12.2017 08:00;37,7
08.12.2017 08:00;08.12.2017 09:00;46,04
08.12.2017 09:00;08.12.2017 10:00;43,93
08.12.2017 10:00;08.12.2017 11:00;37,99
08.12.2017 11:00;08.12.2017 12:00;41,51
08.12.2017 12:00;08.12.2017 13:00;34,21
08.12.2017 13:00;08.12.2017 14:00;32,1
08.12.2017 14:00;08.12.2017 15:00;32,17
08.12.2017 15:00;08.12.2017 16:00;37,98
08.12.2017 16:00;08.12.2017 17:00;41,57
08.12.2017 17:00;08.12.2017 18:00;40,73
08.12.2017 18:00;08.12.2017 19:00;39,96
08.12.2017 19:00;08.12.2017 20:00;38,57
08.12.2017 20:00;08.12.2017 21:00;32,32
08.12.2017 21:00;08.12.2017 22:00;28,0
08.12.2017 22:00;08.12.2017 23:00;23,1
08.12.2017 23:00;09.12.2017 00:00;9,29
09.12.2017 00:00;09.12.2017 01:00;15,03
09.12.2017 01:00;09.12.2017 02:00;12,51
09.12.2017 02:00;09.12.2017 03:00;10,31
09.12.2017 03:00;09.12.2017 04:00;9,26
09.12.2017 04:00;09.12.2017 05:00;9,12
09.12.2017 05:00;09.12.2017 06:00;8,92
09.12.2017 06:00;09.12.2017 07:00;10,06
09.12.2017 07:00;09.12.2017 08:00;12,15
09.12.2017 08:00;09.12.2017 09:00;12,41
09.12.2017 09:00;09.12.2017 10:00;18,07
09.12.2017 10:00;09.12.2017 11:00;18,96
09.12.2017 11:00;09.12.2017 12:00;16,25
09.12.2017 12:00;09.12.2017 13:00;15,03
09.12.2017 13:00;09.12.2017 14:00;12,39
09.12.2017 14:00;09.12.2017 15:00;12,53
09.12.2017 15:00;09.12.2017 16:00;19,41
09.12.2017 16:00;09.12.2017 17:00;26,51
09.12.2017 17:00;09.12.2017 18:00;31,67
09.12.2017 18:00;09.12.2017 19:00;28,45
09.12.2017 19:00;09.12.2017 20:00;24,56
09.12.2017 20:00;09.12.2017 21:00;15,8
09.12.2017 21:00;09.12.2017 22:00;13,01
09.12.2017 22:00;09.12.2017 23:00;15,04
09.12.2017 23:00;10.12.2017 00:00;10,16
10.12.2017 00:00;10.12.2017 01:00;14,31
10.12.2017 01:00;10.12.2017 02:00;10,92
10.12.2017 02:00;10.12.2017 03:00;10,17
10.12.2017 03:00;10.12.2017 04:00;12,09
10.12.2017 04:00;10.12.2017 05:00;15,06
10.12.2017 05:00;10.12.2017 06:00;12,23
10.12.2017 06:00;10.12.2017 07:00;12,28
10.12.2017 07:00;10.12.2017 08:00;20,68
10.12.2017 08:00;10.12.2017 09:00;27,85
10.12.2017 09:00;10.12.2017 10:00;28,56
10.12.2017 10:00;10.12.2017 11:00;29,15
10.12.2017 11:00;10.12.2017 12:00;29,57
10.12.2017 12:00;10.12.2017 13:00;29,26
10.12.2017 13:00;10.12.2017 14:00;28,24
10.12.2017 14:00;10.12.2017 15:00;25,07
10.12.2017 15:00;10.12.2017 16:00;9,12
10.12.2017 16:00;10.12.2017 17:00;9,19
10.12.2017 17:00;10.12.2017 18:00;17,42
10.12.2017 18:00;10.12.2017 19:00;15,02
10.12.2017 19:00;10.12.2017 20:00;12,05
10.12.2017 20:00;10.12.2017 21:00;12,27
10.12.2017 21:00;10.12.2017 22:00;12,16
10.12.2017 22:00;10.12.2017 23:00;14,81
10.12.2017 23:00;11.12.2017 00:00;12,13
11.12.2017 00:00;11.12.2017 01:00;15,03
11.12.2017 01:00;11.12.2017 02:00;10,87
11.12.2017 02:00;11.12.2017 03:00;12,59
11.12.2017 03:00;11.12.2017 04:00;11,75
11.12.2017 04:00;11.12.2017 05:00;12,78
11.12.2017 05:00;11.12.2017 06:00;23,22
11.12.2017 06:00;11.12.2017 07:00;47,95
11.12.2017 07:00;11.12.2017 08:00;62,0
11.12.2017 08:00;11.12.2017 09:00;63,01
11.12.2017 09:00;11.12.2017 10:00;60,2
11.12.2017 10:00;11.12.2017 11:00;62,93
11.12.2017 11:00;11.12.2017 12:00;61,95
11.12.2017 12:00;11.12.2017 13:00;64,98
11.12.2017 13:00;11.12.2017 14:00;58,23
11.12.2017 14:00;11.12.2017 15:00;53,84
11.12.2017 15:00;11.12.2017 16:00;51,91
11.12.2017 16:00;11.12.2017 17:00;53,38
11.12.2017 17:00;11.12.2017 18:00;51,87
11.12.2017 18:00;11.12.2017 19:00;47,4
11.12.2017 19:00;11.12.2017 20:00;39,68
11.12.2017 20:00;11.12.2017 21:00;40,7
11.12.2017 21:00;11.12.2017 22:00;34,43
11.12.2017 22:00;11.12.2017 23:00;31,95
11.12.2017 23:00;12.12.2017 00:00;27,35
12.12.2017 00:00;12.12.2017 01:00;24,52
12.12.2017 01:00;12.12.2017 02:00;22,21
12.12.2017 02:00;12.12.2017 03:00;14,58
12.12.2017 03:00;12.12.2017 04:00;12,31
12.12.2017 04:00;12.12.2017 05:00;14,2
12.12.2017 05:00;12.12.2017 06:00;26,14
12.12.2017 06:00;12.12.2017 07:00;30,89
12.12.2017 07:00;12.12.2017 08:00;32,32
12.12.2017 08:00;12.12.2017 09:00;35,19
12.12.2017 09:00;12.12.2017 10:00;34,7
12.12.2017 10:00;12.12.2017 11:00;34,75
12.12.2017 11:00;12.12.2017 12:00;35,75
12.12.2017 12:00;12.12.2017 13:00;36,92
12.12.2017 13:00;12.12.2017 14:00;39,9
12.12.2017 14:00;12.12.2017 15:00;43,16
12.12.2017 15:00;12.12.2017 16:00;45,0
12.12.2017 16:00;12.12.2017 17:00;46,09
12.12.2017 17:00;12.12.2017 18:00;50,95
12.12.2017 18:00;12.12.2017 19:00;46,95
12.12.2017 19:00;12.12.2017 20:00;46,08
12.12.2017 20:00;12.12.2017 21:00;46,1
12.12.2017 21:00;12.12.2017 22:00;40,95
12.12.2017 22:00;12.12.2017 23:00;36,74
12.12.2017 23:00;13.12.2017 00:00;27,96
13.12.2017 00:00;13.12.2017 01:00;22,55
13.12.2017 01:00;13.12.2017 02:00;20,0
13.12.2017 02:00;13.12.2017 03:00;15,96
13.12.2017 03:00;13.12.2017 04:00;12,74
13.12.2017 04:00;13.12.2017 05:00;14,2
13.12.2017 05:00;13.12.2017 06:00;18,02
13.12.2017 06:00;13.12.2017 07:00;32,93
13.12.2017 07:00;13.12.2017 08:00;34,19
13.12.2017 08:00;13.12.2017 09:00;38,27
13.12.2017 09:00;13.12.2017 10:00;34,45
13.12.2017 10:00;13.12.2017 11:00;30,97
13.12.2017 11:00;13.12.2017 12:00;29,83
13.12.2017 12:00;13.12.2017 13:00;29,7
13.12.2017 13:00;13.12.2017 14:00;29,98
13.12.2017 14:00;13.12.2017 15:00;32,44
13.12.2017 15:00;13.12.2017 16:00;32,91
13.12.2017 16:00;13.12.2017 17:00;34,49
13.12.2017 17:00;13.12.2017 18:00;34,46
13.12.2017 18:00;13.12.2017 19:00;33,94
13.12.2017 19:00;13.12.2017 20:00;32,75
13.12.2017 20:00;13.12.2017 21:00;29,1
13.12.2017 21:00;13.12.2017 22:00;22,62
13.12.2017 22:00;13.12.2017 23:00;20,05
13.12.2017 23:00;14.12.2017 00:00;8,45
14.12.2017 00:00;14.12.2017 01:00;8,84
14.12.2017 01:00;14.12.2017 02:00;8,8
14.12.2017 02:00;14.12.2017 03:00;8,84
14.12.2017 03:00;14.12.2017 04:00;9,01
14.12.2017 04:00;14.12.2017 05:00;10,79
14.12.2017 05:00;14.12.2017 06:00;14,44
14.12.2017 06:00;14.12.2017 07:00;32,63
14.12.2017 07:00;14.12.2017 08:00;45,94
14.12.2017 08:00;14.12.2017 09:00;42,14
14.12.2017 09:00;14.12.2017 10:00;33,84
14.12.2017 10:00;14.12.2017 11:00;32,06
14.12.2017 11:00;14.12.2017 12:00;31,82
14.12.2017 12:00;14.12.2017 13:00;31,54
14.12.2017 13:00;14.12.2017 14:00;31,46
14.12.2017 14:00;14.12.2017 15:00;32,53
14.12.2017 15:00;14.12.2017 16:00;36,43
14.12.2017 16:00;14.12.2017 17:00;38,43
14.12.2017 17:00;14.12.2017 18:00;49,94
14.12.2017 18:00;14.12.2017 19:00;51,55
14.12.2017 19:00;14.12.2017 20:00;48,06
14.12.2017 20:00;14.12.2017 21:00;41,9
14.12.2017 21:00;14.12.2017 22:00;39,31
14.12.2017 22:00;14.12.2017 23:00;34,94
14.12.2017 23:00;15.12.2017 00:00;28,96
15.12.2017 00:00;15.12.2017 01:00;32,01
15.12.2017 01:00;15.12.2017 02:00;30,93
15.12.2017 02:00;15.12.2017 03:00;29,0
15.12.2017 03:00;15.12.2017 04:00;28,97
15.12.2017 04:00;15.12.2017 05:00;29,57
15.12.2017 05:00;15.12.2017 06:00;33,17
15.12.2017 06:00;15.12.2017 07:00;46,95
15.12.2017 07:00;15.12.2017 08:00;57,17
15.12.2017 08:00;15.12.2017 09:00;54,31
15.12.2017 09:00;15.12.2017 10:00;53,93
15.12.2017 10:00;15.12.2017 11:00;52,09
15.12.2017 11:00;15.12.2017 12:00;52,51
15.12.2017 12:00;15.12.2017 13:00;48,49
15.12.2017 13:00;15.12.2017 14:00;47,92
15.12.2017 14:00;15.12.2017 15:00;48,93
15.12.2017 15:00;15.12.2017 16:00;52,94
15.12.2017 16:00;15.12.2017 17:00;60,92
15.12.2017 17:00;15.12.2017 18:00;74,54
15.12.2017 18:00;15.12.2017 19:00;59,32
15.12.2017 19:00;15.12.2017 20:00;53,91
15.12.2017 20:00;15.12.2017 21:00;50,13
15.12.2017 21:00;15.12.2017 22:00;42,23
15.12.2017 22:00;15.12.2017 23:00;37,04
15.12.2017 23:00;16.12.2017 00:00;33,23
16.12.2017 00:00;16.12.2017 01:00;35,07
16.12.2017 01:00;16.12.2017 02:00;33,08
16.12.2017 02:00;16.12.2017 03:00;32,96
16.12.2017 03:00;16.12.2017 04:00;31,96
16.12.2017 04:00;16.12.2017 05:00;32,0
16.12.2017 05:00;16.12.2017 06:00;31,76
16.12.2017 06:00;16.12.2017 07:00;31,58
16.12.2017 07:00;16.12.2017 08:00;31,39
16.12.2017 08:00;16.12.2017 09:00;34,01
16.12.2017 09:00;16.12.2017 10:00;41,56
16.12.2017 10:00;16.12.2017 11:00;44,34
16.12.2017 11:00;16.12.2017 12:00;44,03
16.12.2017 12:00;16.12.2017 13:00;41,69
16.12.2017 13:00;16.12.2017 14:00;38,1
16.12.2017 14:00;16.12.2017 15:00;36,48
16.12.2017 15:00;16.12.2017 16:00;40,0
16.12.2017 16:00;16.12.2017 17:00;46,17
16.12.2017 17:00;16.12.2017 18:00;48,93
16.12.2017 18:00;16.12.2017 19:00;46,9
16.12.2017 19:00;16.12.2017 20:00;42,0
16.12.2017 20:00;16.12.2017 21:00;39,0
16.12.2017 21:00;16.12.2017 22:00;33,62
16.12.2017 22:00;16.12.2017 23:00;33,01
16.12.2017 23:00;17.12.2017 00:00;29,02
17.12.2017 00:00;17.12.2017 01:00;28,9
17.12.2017 01:00;17.12.2017 02:00;28,2
17.12.2017 02:00;17.12.2017 03:00;28,2
17.12.2017 03:00;17.12.2017 04:00;27,94
17.12.2017 04:00;17.12.2017 05:00;28,21
17.12.2017 05:00;17.12.2017 06:00;28,38
17.12.2017 06:00;17.12.2017 07:00;28,58
17.12.2017 07:00;17.12.2017 08:00;29,4
17.12.2017 08:00;17.12.2017 09:00;31,38
17.12.2017 09:00;17.12.2017 10:00;34,78
17.12.2017 10:00;17.12.2017 11:00;38,12
17.12.2017 11:00;17.12.2017 12:00;43,64
17.12.2017 12:00;17.12.2017 13:00;41,57
17.12.2017 13:00;17.12.2017 14:00;40,02
17.12.2017 14:00;17.12.2017 15:00;39,08
17.12.2017 15:00;17.12.2017 16:00;41,5
17.12.2017 16:00;17.12.2017 17:00;45,74
17.12.2017 17:00;17.12.2017 18:00;46,96
17.12.2017 18:00;17.12.2017 19:00;45,91
17.12.2017 19:00;17.12.2017 20:00;42,91
17.12.2017 20:00;17.12.2017 21:00;36,42
17.12.2017 21:00;17.12.2017 22:00;32,92
17.12.2017 22:00;17.12.2017 23:00;30,66
17.12.2017 23:00;18.12.2017 00:00;28,59
18.12.2017 00:00;18.12.2017 01:00;30,43
18.12.2017 01:00;18.12.2017 02:00;29,9
18.12.2017 02:00;18.12.2017 03:00;28,15
18.12.2017 03:00;18.12.2017 04:00;27,39
18.12.2017 04:00;18.12.2017 05:00;28,71
18.12.2017 05:00;18.12.2017 06:00;33,73
18.12.2017 06:00;18.12.2017 07:00;46,2
18.12.2017 07:00;18.12.2017 08:00;63,95
18.12.2017 08:00;18.12.2017 09:00;64,42
18.12.2017 09:00;18.12.2017 10:00;64,08
18.12.2017 10:00;18.12.2017 11:00;64,28
18.12.2017 11:00;18.12.2017 12:00;69,65
18.12.2017 12:00;18.12.2017 13:00;68,23
18.12.2017 13:00;18.12.2017 14:00;69,97
18.12.2017 14:00;18.12.2017 15:00;69,49
18.12.2017 15:00;18.12.2017 16:00;71,32
18.12.2017 16:00;18.12.2017 17:00;73,5
18.12.2017 17:00;18.12.2017 18:00;79,72
18.12.2017 18:00;18.12.2017 19:00;75,84
18.12.2017 19:00;18.12.2017 20:00;68,87
18.12.2017 20:00;18.12.2017 21:00;63,31
18.12.2017 21:00;18.12.2017 22:00;56,58
18.12.2017 22:00;18.12.2017 23:00;45,03
18.12.2017 23:00;19.12.2017 00:00;37,29
19.12.2017 00:00;19.12.2017 01:00;44,34
19.12.2017 01:00;19.12.2017 02:00;38,07
19.12.2017 02:00;19.12.2017 03:00;37,59
19.12.2017 03:00;19.12.2017 04:00;36,5
19.12.2017 04:00;19.12.2017 05:00;38,89
19.12.2017 05:00;19.12.2017 06:00;41,01
19.12.2017 06:00;19.12.2017 07:00;53,67
19.12.2017 07:00;19.12.2017 08:00;68,17
19.12.2017 08:00;19.12.2017 09:00;76,91
19.12.2017 09:00;19.12.2017 10:00;77,06
19.12.2017 10:00;19.12.2017 11:00;75,3
19.12.2017 11:00;19.12.2017 12:00;74,0
19.12.2017 12:00;19.12.2017 13:00;70,85
19.12.2017 13:00;19.12.2017 14:00;70,57
19.12.2017 14:00;19.12.2017 15:00;70,2
19.12.2017 15:00;19.12.2017 16:00;70,32
19.12.2017 16:00;19.12.2017 17:00;75,82
19.12.2017 17:00;19.12.2017 18:00;78,28
19.12.2017 18:00;19.12.2017 19:00;75,16
19.12.2017 19:00;19.12.2017 20:00;75,06
19.12.2017 20:00;19.12.2017 21:00;66,29
19.12.2017 21:00;19.12.2017 22:00;52,01
19.12.2017 22:00;19.12.2017 23:00;48,86
19.12.2017 23:00;20.12.2017 00:00;41,18
20.12.2017 00:00;20.12.2017 01:00;44,47
20.12.2017 01:00;20.12.2017 02:00;40,1
20.12.2017 02:00;20.12.2017 03:00;37,83
20.12.2017 03:00;20.12.2017 04:00;37,27
20.12.2017 04:00;20.12.2017 05:00;40,85
20.12.2017 05:00;20.12.2017 06:00;45,79
20.12.2017 06:00;20.12.2017 07:00;57,35
20.12.2017 07:00;20.12.2017 08:00;75,98
20.12.2017 08:00;20.12.2017 09:00;76,7
20.12.2017 09:00;20.12.2017 10:00;76,69
20.12.2017 10:00;20.12.2017 11:00;76,61
20.12.2017 11:00;20.12.2017 12:00;76,56
20.12.2017 12:00;20.12.2017 13:00;76,35
20.12.2017 13:00;20.12.2017 14:00;76,03
20.12.2017 14:00;20.12.2017 15:00;74,89
20.12.2017 15:00;20.12.2017 16:00;72,05
20.12.2017 16:00;20.12.2017 17:00;76,06
20.12.2017 17:00;20.12.2017 18:00;79,3
20.12.2017 18:00;20.12.2017 19:00;77,26
20.12.2017 19:00;20.12.2017 20:00;75,96
20.12.2017 20:00;20.12.2017 21:00;64,16
20.12.2017 21:00;20.12.2017 22:00;46,03
20.12.2017 22:00;20.12.2017 23:00;42,01
20.12.2017 23:00;21.12.2017 00:00;37,63
21.12.2017 00:00;21.12.2017 01:00;33,09
21.12.2017 01:00;21.12.2017 02:00;35,26
21.12.2017 02:00;21.12.2017 03:00;31,88
21.12.2017 03:00;21.12.2017 04:00;33,04
21.12.2017 04:00;21.12.2017 05:00;33,6
21.12.2017 05:00;21.12.2017 06:00;35,05
21.12.2017 06:00;21.12.2017 07:00;35,19
21.12.2017 07:00;21.12.2017 08:00;45,94
21.12.2017 08:00;21.12.2017 09:00;49,9
21.12.2017 09:00;21.12.2017 10:00;50,0
21.12.2017 10:00;21.12.2017 11:00;51,03
21.12.2017 11:00;21.12.2017 12:00;54,48
21.12.2017 12:00;21.12.2017 13:00;55,96
21.12.2017 13:00;21.12.2017 14:00;49,99
21.12.2017 14:00;21.12.2017 15:00;46,15
21.12.2017 15:00;21.12.2017 16:00;46,86
21.12.2017 16:00;21.12.2017 17:00;51,93
21.12.2017 17:00;21.12.2017 18:00;50,95
21.12.2017 18:00;21.12.2017 19:00;51,03
21.12.2017 19:00;21.12.2017 20:00;46,02
21.12.2017 20:00;21.12.2017 21:00;35,83
21.12.2017 21:00;21.12.2017 22:00;36,26
21.12.2017 22:00;21.12.2017 23:00;38,72
21.12.2017 23:00;22.12.2017 00:00;34,84
22.12.2017 00:00;22.12.2017 01:00;27,76
22.12.2017 01:00;22.12.2017 02:00;26,45
22.12.2017 02:00;22.12.2017 03:00;26,2
22.12.2017 03:00;22.12.2017 04:00;26,36
22.12.2017 04:00;22.12.2017 05:00;27,59
22.12.2017 05:00;22.12.2017 06:00;31,93
22.12.2017 06:00;22.12.2017 07:00;38,61
22.12.2017 07:00;22.12.2017 08:00;47,52
22.12.2017 08:00;22.12.2017 09:00;48,0
22.12.2017 09:00;22.12.2017 10:00;50,0
22.12.2017 10:00;22.12.2017 11:00;48,99
22.12.2017 11:00;22.12.2017 12:00;46,55
22.12.2017 12:00;22.12.2017 13:00;47,86
22.12.2017 13:00;22.12.2017 14:00;46,96
22.12.2017 14:00;22.12.2017 15:00;39,0
22.12.2017 15:00;22.12.2017 16:00;39,37
22.12.2017 16:00;22.12.2017 17:00;46,06
22.12.2017 17:00;22.12.2017 18:00;47,34
22.12.2017 18:00;22.12.2017 19:00;41,5
22.12.2017 19:00;22.12.2017 20:00;40,66
22.12.2017 20:00;22.12.2017 21:00;42,91
22.12.2017 21:00;22.12.2017 22:00;42,06
22.12.2017 22:00;22.12.2017 23:00;37,4
22.12.2017 23:00;23.12.2017 00:00;30,62
23.12.2017 00:00;23.12.2017 01:00;26,33
23.12.2017 01:00;23.12.2017 02:00;17,72
23.12.2017 02:00;23.12.2017 03:00;11,8
23.12.2017 03:00;23.12.2017 04:00;11,3
23.12.2017 04:00;23.12.2017 05:00;12,4
23.12.2017 05:00;23.12.2017 06:00;8,4
23.12.2017 06:00;23.12.2017 07:00;9,71
23.12.2017 07:00;23.12.2017 08:00;10,71
23.12.2017 08:00;23.12.2017 09:00;14,78
23.12.2017 09:00;23.12.2017 10:00;18,79
23.12.2017 10:00;23.12.2017 11:00;20,08
23.12.2017 11:00;23.12.2017 12:00;14,74
23.12.2017 12:00;23.12.2017 13:00;14,77
23.12.2017 13:00;23.12.2017 14:00;10,87
23.12.2017 14:00;23.12.2017 15:00;5,65
23.12.2017 15:00;23.12.2017 16:00;10,04
23.12.2017 16:00;23.12.2017 17:00;12,91
23.12.2017 17:00;23.12.2017 18:00;22,01
23.12.2017 18:00;23.12.2017 19:00;18,08
23.12.2017 19:00;23.12.2017 20:00;10,84
23.12.2017 20:00;23.12.2017 21:00;0,4
23.12.2017 21:00;23.12.2017 22:00;-0,03
23.12.2017 22:00;23.12.2017 23:00;-0,09
23.12.2017 23:00;24.12.2017 00:00;-12,12
24.12.2017 00:00;24.12.2017 01:00;-40,84
24.12.2017 01:00;24.12.2017 02:00;-43,18
24.12.2017 02:00;24.12.2017 03:00;-55,99
24.12.2017 03:00;24.12.2017 04:00;-49,99
24.12.2017 04:00;24.12.2017 05:00;-40,14
24.12.2017 05:00;24.12.2017 06:00;-36,05
24.12.2017 06:00;24.12.2017 07:00;-42,93
24.12.2017 07:00;24.12.2017 08:00;-9,94
24.12.2017 08:00;24.12.2017 09:00;2,13
24.12.2017 09:00;24.12.2017 10:00;5,07
24.12.2017 10:00;24.12.2017 11:00;5,03
24.12.2017 11:00;24.12.2017 12:00;6,82
24.12.2017 12:00;24.12.2017 13:00;2,17
24.12.2017 13:00;24.12.2017 14:00;2,93
24.12.2017 14:00;24.12.2017 15:00;0,1
24.12.2017 15:00;24.12.2017 16:00;1,09
24.12.2017 16:00;24.12.2017 17:00;6,75
24.12.2017 17:00;24.12.2017 18:00;11,08
24.12.2017 18:00;24.12.2017 19:00;2,85
24.12.2017 19:00;24.12.2017 20:00;1,8
24.12.2017 20:00;24.12.2017 21:00;-4,94
24.12.2017 21:00;24.12.2017 22:00;-6,74
24.12.2017 22:00;24.12.2017 23:00;0,08
24.12.2017 23:00;25.12.2017 00:00;0,06
25.12.2017 00:00;25.12.2017 01:00;-4,98
25.12.2017 01:00;25.12.2017 02:00;-32,58
25.12.2017 02:00;25.12.2017 03:00;-19,79
25.12.2017 03:00;25.12.2017 04:00;-11,9
25.12.2017 04:00;25.12.2017 05:00;-4,96
25.12.2017 05:00;25.12.2017 06:00;-4,83
25.12.2017 06:00;25.12.2017 07:00;-61,41
25.12.2017 07:00;25.12.2017 08:00;-4,97
25.12.2017 08:00;25.12.2017 09:00;0,07
25.12.2017 09:00;25.12.2017 10:00;9,94
25.12.2017 10:00;25.12.2017 11:00;19,9
25.12.2017 11:00;25.12.2017 12:00;22,01
25.12.2017 12:00;25.12.2017 13:00;18,35
25.12.2017 13:00;25.12.2017 14:00;15,99
25.12.2017 14:00;25.12.2017 15:00;12,97
25.12.2017 15:00;25.12.2017 16:00;17,97
25.12.2017 16:00;25.12.2017 17:00;17,99
25.12.2017 17:00;25.12.2017 18:00;26,45
25.12.2017 18:00;25.12.2017 19:00;27,41
25.12.2017 19:00;25.12.2017 20:00;27,59
25.12.2017 20:00;25.12.2017 21:00;25,64
25.12.2017 21:00;25.12.2017 22:00;22,09
25.12.2017 22:00;25.12.2017 23:00;22,17
25.12.2017 23:00;26.12.2017 00:00;22,0
26.12.2017 00:00;26.12.2017 01:00;5,06
26.12.2017 01:00;26.12.2017 02:00;5,06
26.12.2017 02:00;26.12.2017 03:00;-1,44
26.12.2017 03:00;26.12.2017 04:00;-6,94
26.12.2017 04:00;26.12.2017 05:00;-9,65
26.12.2017 05:00;26.12.2017 06:00;-9,89
26.12.2017 06:00;26.12.2017 07:00;-11,88
26.12.2017 07:00;26.12.2017 08:00;-3,24
26.12.2017 08:00;26.12.2017 09:00;-9,78
26.12.2017 09:00;26.12.2017 10:00;0,0
26.12.2017 10:00;26.12.2017 11:00;-24,33
26.12.2017 11:00;26.12.2017 12:00;-31,69
26.12.2017 12:00;26.12.2017 13:00;-52,82
26.12.2017 13:00;26.12.2017 14:00;-53,42
26.12.2017 14:00;26.12.2017 15:00;-18,0
26.12.2017 15:00;26.12.2017 16:00;-0,48
26.12.2017 16:00;26.12.2017 17:00;5,49
26.12.2017 17:00;26.12.2017 18:00;10,66
26.12.2017 18:00;26.12.2017 19:00;13,35
26.12.2017 19:00;26.12.2017 20:00;11,19
26.12.2017 20:00;26.12.2017 21:00;19,0
26.12.2017 21:00;26.12.2017 22:00;18,06
26.12.2017 22:00;26.12.2017 23:00;22,02
26.12.2017 23:00;27.12.2017 00:00;13,46
27.12.2017 00:00;27.12.2017 01:00;25,37
27.12.2017 01:00;27.12.2017 02:00;15,09
27.12.2017 02:00;27.12.2017 03:00;13,93
27.12.2017 03:00;27.12.2017 04:00;13,48
27.12.2017 04:00;27.12.2017 05:00;12,74
27.12.2017 05:00;27.12.2017 06:00;13,29
27.12.2017 06:00;27.12.2017 07:00;20,03
27.12.2017 07:00;27.12.2017 08:00;28,62
27.12.2017 08:00;27.12.2017 09:00;32,0
27.12.2017 09:00;27.12.2017 10:00;34,91
27.12.2017 10:00;27.12.2017 11:00;35,3
27.12.2017 11:00;27.12.2017 12:00;42,46
27.12.2017 12:00;27.12.2017 13:00;46,11
27.12.2017 13:00;27.12.2017 14:00;46,01
27.12.2017 14:00;27.12.2017 15:00;46,4
27.12.2017 15:00;27.12.2017 16:00;46,48
27.12.2017 16:00;27.12.2017 17:00;50,9
27.12.2017 17:00;27.12.2017 18:00;56,09
27.12.2017 18:00;27.12.2017 19:00;57,57
27.12.2017 19:00;27.12.2017 20:00;51,33
27.12.2017 20:00;27.12.2017 21:00;42,4
27.12.2017 21:00;27.12.2017 22:00;40,0
27.12.2017 22:00;27.12.2017 23:00;42,24
27.12.2017 23:00;28.12.2017 00:00;31,27
28.12.2017 00:00;28.12.2017 01:00;28,87
28.12.2017 01:00;28.12.2017 02:00;28,12
28.12.2017 02:00;28.12.2017 03:00;27,2
28.12.2017 03:00;28.12.2017 04:00;26,0
28.12.2017 04:00;28.12.2017 05:00;26,33
28.12.2017 05:00;28.12.2017 06:00;28,89
28.12.2017 06:00;28.12.2017 07:00;30,74
28.12.2017 07:00;28.12.2017 08:00;35,98
28.12.2017 08:00;28.12.2017 09:00;38,43
28.12.2017 09:00;28.12.2017 10:00;39,93
28.12.2017 10:00;28.12.2017 11:00;40,12
28.12.2017 11:00;28.12.2017 12:00;39,97
28.12.2017 12:00;28.12.2017 13:00;40,16
28.12.2017 13:00;28.12.2017 14:00;39,24
28.12.2017 14:00;28.12.2017 15:00;36,42
28.12.2017 15:00;28.12.2017 16:00;40,03
28.12.2017 16:00;28.12.2017 17:00;42,98
28.12.2017 17:00;28.12.2017 18:00;43,01
28.12.2017 18:00;28.12.2017 19:00;42,16
28.12.2017 19:00;28.12.2017 20:00;34,93
28.12.2017 20:00;28.12.2017 21:00;25,06
28.12.2017 21:00;28.12.2017 22:00;19,99
28.12.2017 22:00;28.12.2017 23:00;19,22
28.12.2017 23:00;29.12.2017 00:00;5,86
29.12.2017 00:00;29.12.2017 01:00;9,73
29.12.2017 01:00;29.12.2017 02:00;0,72
29.12.2017 02:00;29.12.2017 03:00;-0,93
29.12.2017 03:00;29.12.2017 04:00;1,07
29.12.2017 04:00;29.12.2017 05:00;1,0
29.12.2017 05:00;29.12.2017 06:00;2,91
29.12.2017 06:00;29.12.2017 07:00;3,6
29.12.2017 07:00;29.12.2017 08:00;15,97
29.12.2017 08:00;29.12.2017 09:00;29,69
29.12.2017 09:00;29.12.2017 10:00;30,2
29.12.2017 10:00;29.12.2017 11:00;29,83
29.12.2017 11:00;29.12.2017 12:00;29,47
29.12.2017 12:00;29.12.2017 13:00;29,2
29.12.2017 13:00;29.12.2017 14:00;29,45
29.12.2017 14:00;29.12.2017 15:00;30,02
29.12.2017 15:00;29.12.2017 16:00;31,0
29.12.2017 16:00;29.12.2017 17:00;32,98
29.12.2017 17:00;29.12.2017 18:00;34,95
29.12.2017 18:00;29.12.2017 19:00;32,79
29.12.2017 19:00;29.12.2017 20:00;30,23
29.12.2017 20:00;29.12.2017 21:00;28,49
29.12.2017 21:00;29.12.2017 22:00;26,51
29.12.2017 22:00;29.12.2017 23:00;26,9
29.12.2017 23:00;30.12.2017 00:00;15,06
30.12.2017 00:00;30.12.2017 01:00;16,4
30.12.2017 01:00;30.12.2017 02:00;13,33
30.12.2017 02:00;30.12.2017 03:00;13,25
30.12.2017 03:00;30.12.2017 04:00;12,04
30.12.2017 04:00;30.12.2017 05:00;11,45
30.12.2017 05:00;30.12.2017 06:00;8,49
30.12.2017 06:00;30.12.2017 07:00;9,83
30.12.2017 07:00;30.12.2017 08:00;12,07
30.12.2017 08:00;30.12.2017 09:00;13,41
30.12.2017 09:00;30.12.2017 10:00;16,09
30.12.2017 10:00;30.12.2017 11:00;18,8
30.12.2017 11:00;30.12.2017 12:00;17,03
30.12.2017 12:00;30.12.2017 13:00;17,67
30.12.2017 13:00;30.12.2017 14:00;15,51
30.12.2017 14:00;30.12.2017 15:00;17,61
30.12.2017 15:00;30.12.2017 16:00;13,22
30.12.2017 16:00;30.12.2017 17:00;14,02
30.12.2017 17:00;30.12.2017 18:00;16,78
30.12.2017 18:00;30.12.2017 19:00;16,01
30.12.2017 19:00;30.12.2017 20:00;16,18
30.12.2017 20:00;30.12.2017 21:00;11,13
30.12.2017 21:00;30.12.2017 22:00;4,62
30.12.2017 22:00;30.12.2017 23:00;4,71
30.12.2017 23:00;31.12.2017 00:00;-0,27
31.12.2017 00:00;31.12.2017 01:00;-2,04
31.12.2017 01:00;31.12.2017 02:00;-4,99
31.12.2017 02:00;31.12.2017 03:00;-0,59
31.12.2017 03:00;31.12.2017 04:00;-3,71
31.12.2017 04:00;31.12.2017 05:00;0,08
31.12.2017 05:00;31.12.2017 06:00;1,16
31.12.2017 06:00;31.12.2017 07:00;-0,86
31.12.2017 07:00;31.12.2017 08:00;4,09
31.12.2017 08:00;31.12.2017 09:00;4,17
31.12.2017 09:00;31.12.2017 10:00;4,21
31.12.2017 10:00;31.12.2017 11:00;9,05
31.12.2017 11:00;31.12.2017 12:00;9,2
31.12.2017 12:00;31.12.2017 13:00;4,45
31.12.2017 13:00;31.12.2017 14:00;2,04
31.12.2017 14:00;31.12.2017 15:00;0,06
31.12.2017 15:00;31.12.2017 16:00;0,36
31.12.2017 16:00;31.12.2017 17:00;1,46
31.12.2017 17:00;31.12.2017 18:00;6,14
31.12.2017 18:00;31.12.2017 19:00;9,96
31.12.2017 19:00;31.12.2017 20:00;7,92
31.12.2017 20:00;31.12.2017 21:00;4,06
31.12.2017 21:00;31.12.2017 22:00;5,3
31.12.2017 22:00;31.12.2017 23:00;1,86
31.12.2017 23:00;01.01.2018 00:00;-0,92
01.01.2018 00:00;01.01.2018 01:00;-5,27
01.01.2018 01:00;01.01.2018 02:00;-29,99
01.01.2018 02:00;01.01.2018 03:00;-56,65
01.01.2018 03:00;01.01.2018 04:00;-63,14
01.01.2018 04:00;01.01.2018 05:00;-64,62
01.01.2018 05:00;01.01.2018 06:00;-67,0
01.01.2018 06:00;01.01.2018 07:00;-72,54
01.01.2018 07:00;01.01.2018 08:00;-76,01
01.01.2018 08:00;01.01.2018 09:00;-71,45
01.01.2018 09:00;01.01.2018 10:00;-66,88
01.01.2018 10:00;01.01.2018 11:00;-62,0
01.01.2018 11:00;01.01.2018 12:00;-56,08
01.01.2018 12:00;01.01.2018 13:00;-49,96
01.01.2018 13:00;01.01.2018 14:00;-24,29
01.01.2018 14:00;01.01.2018 15:00;-5,59
01.01.2018 15:00;01.01.2018 16:00;0,23
01.01.2018 16:00;01.01.2018 17:00;11,02
01.01.2018 17:00;01.01.2018 18:00;23,5
01.01.2018 18:00;01.01.2018 19:00;22,91
01.01.2018 19:00;01.01.2018 20:00;21,02
01.01.2018 20:00;01.01.2018 21:00;21,05
01.01.2018 21:00;01.01.2018 22:00;21,95
01.01.2018 22:00;01.01.2018 23:00;23,52
01.01.2018 23:00;02.01.2018 00:00;18,96
02.01.2018 00:00;02.01.2018 01:00;18,12
02.01.2018 01:00;02.01.2018 02:00;14,99
02.01.2018 02:00;02.01.2018 03:00;13,63
02.01.2018 03:00;02.01.2018 04:00;12,15
02.01.2018 04:00;02.01.2018 05:00;11,83
02.01.2018 05:00;02.01.2018 06:00;14,55
02.01.2018 06:00;02.01.2018 07:00;22,58
02.01.2018 07:00;02.01.2018 08:00;41,92
02.01.2018 08:00;02.01.2018 09:00;47,95
02.01.2018 09:00;02.01.2018 10:00;49,9
02.01.2018 10:00;02.01.2018 11:00;50,0
02.01.2018 11:00;02.01.2018 12:00;49,7
02.01.2018 12:00;02.01.2018 13:00;48,16
02.01.2018 13:00;02.01.2018 14:00;47,24
02.01.2018 14:00;02.01.2018 15:00;46,1
02.01.2018 15:00;02.01.2018 16:00;43,86
02.01.2018 16:00;02.01.2018 17:00;43,64
02.01.2018 17:00;02.01.2018 18:00;47,37
02.01.2018 18:00;02.01.2018 19:00;46,08
02.01.2018 19:00;02.01.2018 20:00;41,08
02.01.2018 20:00;02.01.2018 21:00;34,94
02.01.2018 21:00;02.01.2018 22:00;25,46
02.01.2018 22:00;02.01.2018 23:00;21,3
02.01.2018 23:00;03.01.2018 00:00;9,94
03.01.2018 00:00;03.01.2018 01:00;7,93
03.01.2018 01:00;03.01.2018 02:00;0,03
03.01.2018 02:00;03.01.2018 03:00;0,02
03.01.2018 03:00;03.01.2018 04:00;-5,99
03.01.2018 04:00;03.01.2018 05:00;-9,21
03.01.2018 05:00;03.01.2018 06:00;-4,64
03.01.2018 06:00;03.01.2018 07:00;8,02
03.01.2018 07:00;03.01.2018 08:00;11,03
03.01.2018 08:00;03.01.2018 09:00;13,28
03.01.2018 09:00;03.01.2018 10:00;13,18
03.01.2018 10:00;03.01.2018 11:00;13,71
03.01.2018 11:00;03.01.2018 12:00;15,42
03.01.2018 12:00;03.01.2018 13:00;15,84
03.01.2018 13:00;03.01.2018 14:00;16,0
03.01.2018 14:00;03.01.2018 15:00;15,75
03.01.2018 15:00;03.01.2018 16:00;15,14
03.01.2018 16:00;03.01.2018 17:00;16,0
03.01.2018 17:00;03.01.2018 18:00;15,11
03.01.2018 18:00;03.01.2018 19:00;13,37
03.01.2018 19:00;03.01.2018 20:00;11,06
03.01.2018 20:00;03.01.2018 21:00;10,06
03.01.2018 21:00;03.01.2018 22:00;9,3
03.01.2018 22:00;03.01.2018 23:00;9,87
03.01.2018 23:00;04.01.2018 00:00;4,97
04.01.2018 00:00;04.01.2018 01:00;-0,36
04.01.2018 01:00;04.01.2018 02:00;-5,57
04.01.2018 02:00;04.01.2018 03:00;-7,85
04.01.2018 03:00;04.01.2018 04:00;-5,29
04.01.2018 04:00;04.01.2018 05:00;-1,75
04.01.2018 05:00;04.01.2018 06:00;6,01
04.01.2018 06:00;04.01.2018 07:00;19,96
04.01.2018 07:00;04.01.2018 08:00;33,59
04.01.2018 08:00;04.01.2018 09:00;40,45
04.01.2018 09:00;04.01.2018 10:00;41,97
04.01.2018 10:00;04.01.2018 11:00;44,91
04.01.2018 11:00;04.01.2018 12:00;48,22
04.01.2018 12:00;04.01.2018 13:00;46,04
04.01.2018 13:00;04.01.2018 14:00;42,0
04.01.2018 14:00;04.01.2018 15:00;41,08
04.01.2018 15:00;04.01.2018 16:00;42,04
04.01.2018 16:00;04.01.2018 17:00;42,53
04.01.2018 17:00;04.01.2018 18:00;51,43
04.01.2018 18:00;04.01.2018 19:00;49,96
04.01.2018 19:00;04.01.2018 20:00;46,73
04.01.2018 20:00;04.01.2018 21:00;41,57
04.01.2018 21:00;04.01.2018 22:00;37,09
04.01.2018 22:00;04.01.2018 23:00;33,92
04.01.2018 23:00;05.01.2018 00:00;28,05
05.01.2018 00:00;05.01.2018 01:00;5,96
05.01.2018 01:00;05.01.2018 02:00;-0,94
05.01.2018 02:00;05.01.2018 03:00;-0,03
05.01.2018 03:00;05.01.2018 04:00;0,55
05.01.2018 04:00;05.01.2018 05:00;-11,81
05.01.2018 05:00;05.01.2018 06:00;8,92
05.01.2018 06:00;05.01.2018 07:00;21,68
05.01.2018 07:00;05.01.2018 08:00;30,44
05.01.2018 08:00;05.01.2018 09:00;36,2
05.01.2018 09:00;05.01.2018 10:00;36,3
05.01.2018 10:00;05.01.2018 11:00;38,95
05.01.2018 11:00;05.01.2018 12:00;39,4
05.01.2018 12:00;05.01.2018 13:00;41,69
05.01.2018 13:00;05.01.2018 14:00;43,69
05.01.2018 14:00;05.01.2018 15:00;44,08
05.01.2018 15:00;05.01.2018 16:00;47,1
05.01.2018 16:00;05.01.2018 17:00;47,77
05.01.2018 17:00;05.01.2018 18:00;56,35
05.01.2018 18:00;05.01.2018 19:00;57,42
05.01.2018 19:00;05.01.2018 20:00;53,99
05.01.2018 20:00;05.01.2018 21:00;42,36
05.01.2018 21:00;05.01.2018 22:00;39,9
05.01.2018 22:00;05.01.2018 23:00;39,97
05.01.2018 23:00;06.01.2018 00:00;36,27
06.01.2018 00:00;06.01.2018 01:00;29,45
06.01.2018 01:00;06.01.2018 02:00;28,55
06.01.2018 02:00;06.01.2018 03:00;28,18
06.01.2018 03:00;06.01.2018 04:00;27,33
06.01.2018 04:00;06.01.2018 05:00;27,08
06.01.2018 05:00;06.01.2018 06:00;28,7
06.01.2018 06:00;06.01.2018 07:00;30,0
06.01.2018 07:00;06.01.2018 08:00;31,36
06.01.2018 08:00;06.01.2018 09:00;34,19
06.01.2018 09:00;06.01.2018 10:00;41,11
06.01.2018 10:00;06.01.2018 11:00;44,0
06.01.2018 11:00;06.01.2018 12:00;43,74
06.01.2018 12:00;06.01.2018 13:00;44,01
06.01.2018 13:00;06.01.2018 14:00;42,9
06.01.2018 14:00;06.01.2018 15:00;38,7
06.01.2018 15:00;06.01.2018 16:00;37,4
06.01.2018 16:00;06.01.2018 17:00;40,52
06.01.2018 17:00;06.01.2018 18:00;45,46
06.01.2018 18:00;06.01.2018 19:00;49,98
06.01.2018 19:00;06.01.2018 20:00;45,9
06.01.2018 20:00;06.01.2018 21:00;40,9
06.01.2018 21:00;06.01.2018 22:00;33,69
06.01.2018 22:00;06.01.2018 23:00;36,26
06.01.2018 23:00;07.01.2018 00:00;29,03
07.01.2018 00:00;07.01.2018 01:00;21,87
07.01.2018 01:00;07.01.2018 02:00;15,98
07.01.2018 02:00;07.01.2018 03:00;15,99
07.01.2018 03:00;07.01.2018 04:00;14,0
07.01.2018 04:00;07.01.2018 05:00;12,51
07.01.2018 05:00;07.01.2018 06:00;13,21
07.01.2018 06:00;07.01.2018 07:00;12,17
07.01.2018 07:00;07.01.2018 08:00;13,02
07.01.2018 08:00;07.01.2018 09:00;20,52
07.01.2018 09:00;07.01.2018 10:00;23,22
07.01.2018 10:00;07.01.2018 11:00;24,81
07.01.2018 11:00;07.01.2018 12:00;28,95
07.01.2018 12:00;07.01.2018 13:00;28,96
07.01.2018 13:00;07.01.2018 14:00;27,08
07.01.2018 14:00;07.01.2018 15:00;23,46
07.01.2018 15:00;07.01.2018 16:00;23,7
07.01.2018 16:00;07.01.2018 17:00;27,21
07.01.2018 17:00;07.01.2018 18:00;30,88
07.01.2018 18:00;07.01.2018 19:00;34,34
07.01.2018 19:00;07.01.2018 20:00;32,33
07.01.2018 20:00;07.01.2018 21:00;31,44
07.01.2018 21:00;07.01.2018 22:00;28,94
07.01.2018 22:00;07.01.2018 23:00;29,69
07.01.2018 23:00;08.01.2018 00:00;27,01
08.01.2018 00:00;08.01.2018 01:00;18,91
08.01.2018 01:00;08.01.2018 02:00;15,15
08.01.2018 02:00;08.01.2018 03:00;15,11
08.01.2018 03:00;08.01.2018 04:00;13,42
08.01.2018 04:00;08.01.2018 05:00;12,91
08.01.2018 05:00;08.01.2018 06:00;17,1
08.01.2018 06:00;08.01.2018 07:00;30,03
08.01.2018 07:00;08.01.2018 08:00;42,93
08.01.2018 08:00;08.01.2018 09:00;44,95
08.01.2018 09:00;08.01.2018 10:00;42,57
08.01.2018 10:00;08.01.2018 11:00;41,98
08.01.2018 11:00;08.01.2018 12:00;41,54
08.01.2018 12:00;08.01.2018 13:00;42,9
08.01.2018 13:00;08.01.2018 14:00;42,9
08.01.2018 14:00;08.01.2018 15:00;40,91
08.01.2018 15:00;08.01.2018 16:00;40,97
08.01.2018 16:00;08.01.2018 17:00;39,69
08.01.2018 17:00;08.01.2018 18:00;40,26
08.01.2018 18:00;08.01.2018 19:00;37,99
08.01.2018 19:00;08.01.2018 20:00;31,92
08.01.2018 20:00;08.01.2018 21:00;28,02
08.01.2018 21:00;08.01.2018 22:00;22,35
08.01.2018 22:00;08.01.2018 23:00;22,7
08.01.2018 23:00;09.01.2018 00:00;4,89
09.01.2018 00:00;09.01.2018 01:00;13,09
09.01.2018 01:00;09.01.2018 02:00;12,62
09.01.2018 02:00;09.01.2018 03:00;9,79
09.01.2018 03:00;09.01.2018 04:00;4,99
09.01.2018 04:00;09.01.2018 05:00;9,24
09.01.2018 05:00;09.01.2018 06:00;14,66
09.01.2018 06:00;09.01.2018 07:00;28,17
09.01.2018 07:00;09.01.2018 08:00;32,36
09.01.2018 08:00;09.01.2018 09:00;32,53
09.01.2018 09:00;09.01.2018 10:00;32,38
09.01.2018 10:00;09.01.2018 11:00;32,35
09.01.2018 11:00;09.01.2018 12:00;34,04
09.01.2018 12:00;09.01.2018 13:00;35,99
09.01.2018 13:00;09.01.2018 14:00;39,58
09.01.2018 14:00;09.01.2018 15:00;40,62
09.01.2018 15:00;09.01.2018 16:00;40,98
09.01.2018 16:00;09.01.2018 17:00;42,88
09.01.2018 17:00;09.01.2018 18:00;44,06
09.01.2018 18:00;09.01.2018 19:00;42,91
09.01.2018 19:00;09.01.2018 20:00;40,98
09.01.2018 20:00;09.01.2018 21:00;40,9
09.01.2018 21:00;09.01.2018 22:00;38,0
09.01.2018 22:00;09.01.2018 23:00;32,6
09.01.2018 23:00;10.01.2018 00:00;30,61
10.01.2018 00:00;10.01.2018 01:00;30,0
10.01.2018 01:00;10.01.2018 02:00;28,3
10.01.2018 02:00;10.01.2018 03:00;27,95
10.01.2018 03:00;10.01.2018 04:00;26,91
10.01.2018 04:00;10.01.2018 05:00;26,63
10.01.2018 05:00;10.01.2018 06:00;30,91
10.01.2018 06:00;10.01.2018 07:00;34,87
10.01.2018 07:00;10.01.2018 08:00;45,09
10.01.2018 08:00;10.01.2018 09:00;49,16
10.01.2018 09:00;10.01.2018 10:00;48,94
10.01.2018 10:00;10.01.2018 11:00;48,04
10.01.2018 11:00;10.01.2018 12:00;47,78
10.01.2018 12:00;10.01.2018 13:00;47,19
10.01.2018 13:00;10.01.2018 14:00;45,24
10.01.2018 14:00;10.01.2018 15:00;47,1
10.01.2018 15:00;10.01.2018 16:00;47,98
10.01.2018 16:00;10.01.2018 17:00;48,9
10.01.2018 17:00;10.01.2018 18:00;51,9
10.01.2018 18:00;10.01.2018 19:00;52,69
10.01.2018 19:00;10.01.2018 20:00;49,1
10.01.2018 20:00;10.01.2018 21:00;44,0
10.01.2018 21:00;10.01.2018 22:00;36,99
10.01.2018 22:00;10.01.2018 23:00;38,43
10.01.2018 23:00;11.01.2018 00:00;37,9
11.01.2018 00:00;11.01.2018 01:00;37,33
11.01.2018 01:00;11.01.2018 02:00;36,3
11.01.2018 02:00;11.01.2018 03:00;34,2
11.01.2018 03:00;11.01.2018 04:00;33,0
11.01.2018 04:00;11.01.2018 05:00;33,05
11.01.2018 05:00;11.01.2018 06:00;37,09
11.01.2018 06:00;11.01.2018 07:00;41,5
11.01.2018 07:00;11.01.2018 08:00;53,07
11.01.2018 08:00;11.01.2018 09:00;57,02
11.01.2018 09:00;11.01.2018 10:00;55,91
11.01.2018 10:00;11.01.2018 11:00;55,13
11.01.2018 11:00;11.01.2018 12:00;55,91
11.01.2018 12:00;11.01.2018 13:00;54,61
11.01.2018 13:00;11.01.2018 14:00;54,83
11.01.2018 14:00;11.01.2018 15:00;54,74
11.01.2018 15:00;11.01.2018 16:00;54,01
11.01.2018 16:00;11.01.2018 17:00;54,96
11.01.2018 17:00;11.01.2018 18:00;57,04
11.01.2018 18:00;11.01.2018 19:00;57,48
11.01.2018 19:00;11.01.2018 20:00;54,9
11.01.2018 20:00;11.01.2018 21:00;50,0
11.01.2018 21:00;11.01.2018 22:00;43,13
11.01.2018 22:00;11.01.2018 23:00;42,4
11.01.2018 23:00;12.01.2018 00:00;37,92
12.01.2018 00:00;12.01.2018 01:00;33,09
12.01.2018 01:00;12.01.2018 02:00;33,45
12.01.2018 02:00;12.01.2018 03:00;34,0
12.01.2018 03:00;12.01.2018 04:00;33,08
12.01.2018 04:00;12.01.2018 05:00;33,03
12.01.2018 05:00;12.01.2018 06:00;35,1
12.01.2018 06:00;12.01.2018 07:00;39,93
12.01.2018 07:00;12.01.2018 08:00;48,5
12.01.2018 08:00;12.01.2018 09:00;48,23
12.01.2018 09:00;12.01.2018 10:00;45,99
12.01.2018 10:00;12.01.2018 11:00;45,95
12.01.2018 11:00;12.01.2018 12:00;46,91
12.01.2018 12:00;12.01.2018 13:00;48,49
12.01.2018 13:00;12.01.2018 14:00;48,45
12.01.2018 14:00;12.01.2018 15:00;45,96
12.01.2018 15:00;12.01.2018 16:00;45,92
12.01.2018 16:00;12.01.2018 17:00;46,5
12.01.2018 17:00;12.01.2018 18:00;50,52
12.01.2018 18:00;12.01.2018 19:00;47,0
12.01.2018 19:00;12.01.2018 20:00;44,91
12.01.2018 20:00;12.01.2018 21:00;43,01
12.01.2018 21:00;12.01.2018 22:00;38,79
12.01.2018 22:00;12.01.2018 23:00;35,02
12.01.2018 23:00;13.01.2018 00:00;33,24
13.01.2018 00:00;13.01.2018 01:00;39,03
13.01.2018 01:00;13.01.2018 02:00;30,97
13.01.2018 02:00;13.01.2018 03:00;29,87
13.01.2018 03:00;13.01.2018 04:00;28,93
13.01.2018 04:00;13.01.2018 05:00;28,79
13.01.2018 05:00;13.01.2018 06:00;28,98
13.01.2018 06:00;13.01.2018 07:00;29,35
13.01.2018 07:00;13.01.2018 08:00;31,43
13.01.2018 08:00;13.01.2018 09:00;36,43
13.01.2018 09:00;13.01.2018 10:00;39,92
13.01.2018 10:00;13.01.2018 11:00;39,34
13.01.2018 11:00;13.01.2018 12:00;40,96
13.01.2018 12:00;13.01.2018 13:00;41,02
13.01.2018 13:00;13.01.2018 14:00;38,81
13.01.2018 14:00;13.01.2018 15:00;32,16
13.01.2018 15:00;13.01.2018 16:00;31,88
13.01.2018 16:00;13.01.2018 17:00;34,86
13.01.2018 17:00;13.01.2018 18:00;38,9
13.01.2018 18:00;13.01.2018 19:00;37,62
13.01.2018 19:00;13.01.2018 20:00;32,86
13.01.2018 20:00;13.01.2018 21:00;30,59
13.01.2018 21:00;13.01.2018 22:00;29,8
13.01.2018 22:00;13.01.2018 23:00;29,34
13.01.2018 23:00;14.01.2018 00:00;28,8
14.01.2018 00:00;14.01.2018 01:00;23,25
14.01.2018 01:00;14.01.2018 02:00;22,82
14.01.2018 02:00;14.01.2018 03:00;24,01
14.01.2018 03:00;14.01.2018 04:00;22,37
14.01.2018 04:00;14.01.2018 05:00;22,35
14.01.2018 05:00;14.01.2018 06:00;21,66
14.01.2018 06:00;14.01.2018 07:00;20,45
14.01.2018 07:00;14.01.2018 08:00;22,02
14.01.2018 08:00;14.01.2018 09:00;28,09
14.01.2018 09:00;14.01.2018 10:00;29,41
14.01.2018 10:00;14.01.2018 11:00;29,74
14.01.2018 11:00;14.01.2018 12:00;30,13
14.01.2018 12:00;14.01.2018 13:00;29,81
14.01.2018 13:00;14.01.2018 14:00;29,44
14.01.2018 14:00;14.01.2018 15:00;29,94
14.01.2018 15:00;14.01.2018 16:00;32,09
14.01.2018 16:00;14.01.2018 17:00;34,8
14.01.2018 17:00;14.01.2018 18:00;37,99
14.01.2018 18:00;14.01.2018 19:00;37,22
14.01.2018 19:00;14.01.2018 20:00;34,72
14.01.2018 20:00;14.01.2018 21:00;32,65
14.01.2018 21:00;14.01.2018 22:00;30,42
14.01.2018 22:00;14.01.2018 23:00;32,51
14.01.2018 23:00;15.01.2018 00:00;29,53
15.01.2018 00:00;15.01.2018 01:00;23,15
15.01.2018 01:00;15.01.2018 02:00;24,02
15.01.2018 02:00;15.01.2018 03:00;23,1
15.01.2018 03:00;15.01.2018 04:00;20,29
15.01.2018 04:00;15.01.2018 05:00;22,81
15.01.2018 05:00;15.01.2018 06:00;25,17
15.01.2018 06:00;15.01.2018 07:00;40,7
15.01.2018 07:00;15.01.2018 08:00;49,91
15.01.2018 08:00;15.01.2018 09:00;52,73
15.01.2018 09:00;15.01.2018 10:00;43,7
15.01.2018 10:00;15.01.2018 11:00;32,32
15.01.2018 11:00;15.01.2018 12:00;30,3
15.01.2018 12:00;15.01.2018 13:00;29,43
15.01.2018 13:00;15.01.2018 14:00;29,29
15.01.2018 14:00;15.01.2018 15:00;29,42
15.01.2018 15:00;15.01.2018 16:00;28,08
15.01.2018 16:00;15.01.2018 17:00;24,1
15.01.2018 17:00;15.01.2018 18:00;30,01
15.01.2018 18:00;15.01.2018 19:00;28,04
15.01.2018 19:00;15.01.2018 20:00;18,08
15.01.2018 20:00;15.01.2018 21:00;13,59
15.01.2018 21:00;15.01.2018 22:00;10,69
15.01.2018 22:00;15.01.2018 23:00;10,01
15.01.2018 23:00;16.01.2018 00:00;-1,16
16.01.2018 00:00;16.01.2018 01:00;-9,61
16.01.2018 01:00;16.01.2018 02:00;-6,62
16.01.2018 02:00;16.01.2018 03:00;-2,33
16.01.2018 03:00;16.01.2018 04:00;-4,92
16.01.2018 04:00;16.01.2018 05:00;-0,08
16.01.2018 05:00;16.01.2018 06:00;10,59
16.01.2018 06:00;16.01.2018 07:00;27,72
16.01.2018 07:00;16.01.2018 08:00;38,92
16.01.2018 08:00;16.01.2018 09:00;42,13
16.01.2018 09:00;16.01.2018 10:00;39,27
16.01.2018 10:00;16.01.2018 11:00;40,68
16.01.2018 11:00;16.01.2018 12:00;37,99
16.01.2018 12:00;16.01.2018 13:00;37,56
16.01.2018 13:00;16.01.2018 14:00;36,92
16.01.2018 14:00;16.01.2018 15:00;36,06
16.01.2018 15:00;16.01.2018 16:00;34,61
16.01.2018 16:00;16.01.2018 17:00;36,94
16.01.2018 17:00;16.01.2018 18:00;43,21
16.01.2018 18:00;16.01.2018 19:00;45,43
16.01.2018 19:00;16.01.2018 20:00;43,45
16.01.2018 20:00;16.01.2018 21:00;39,9
16.01.2018 21:00;16.01.2018 22:00;30,72
16.01.2018 22:00;16.01.2018 23:00;30,1
16.01.2018 23:00;17.01.2018 00:00;24,62
17.01.2018 00:00;17.01.2018 01:00;22,08
17.01.2018 01:00;17.01.2018 02:00;14,82
17.01.2018 02:00;17.01.2018 03:00;13,49
17.01.2018 03:00;17.01.2018 04:00;12,35
17.01.2018 04:00;17.01.2018 05:00;10,77
17.01.2018 05:00;17.01.2018 06:00;21,09
17.01.2018 06:00;17.01.2018 07:00;31,94
17.01.2018 07:00;17.01.2018 08:00;40,0
17.01.2018 08:00;17.01.2018 09:00;44,95
17.01.2018 09:00;17.01.2018 10:00;42,49
17.01.2018 10:00;17.01.2018 11:00;39,88
17.01.2018 11:00;17.01.2018 12:00;38,99
17.01.2018 12:00;17.01.2018 13:00;34,75
17.01.2018 13:00;17.01.2018 14:00;32,54
17.01.2018 14:00;17.01.2018 15:00;32,31
17.01.2018 15:00;17.01.2018 16:00;33,11
17.01.2018 16:00;17.01.2018 17:00;38,04
17.01.2018 17:00;17.01.2018 18:00;38,9
17.01.2018 18:00;17.01.2018 19:00;38,44
17.01.2018 19:00;17.01.2018 20:00;34,26
17.01.2018 20:00;17.01.2018 21:00;31,2
17.01.2018 21:00;17.01.2018 22:00;22,36
17.01.2018 22:00;17.01.2018 23:00;19,24
17.01.2018 23:00;18.01.2018 00:00;8,91
18.01.2018 00:00;18.01.2018 01:00;12,66
18.01.2018 01:00;18.01.2018 02:00;9,29
18.01.2018 02:00;18.01.2018 03:00;9,73
18.01.2018 03:00;18.01.2018 04:00;9,33
18.01.2018 04:00;18.01.2018 05:00;9,73
18.01.2018 05:00;18.01.2018 06:00;14,96
18.01.2018 06:00;18.01.2018 07:00;30,45
18.01.2018 07:00;18.01.2018 08:00;42,93
18.01.2018 08:00;18.01.2018 09:00;42,15
18.01.2018 09:00;18.01.2018 10:00;42,0
18.01.2018 10:00;18.01.2018 11:00;40,91
18.01.2018 11:00;18.01.2018 12:00;39,34
18.01.2018 12:00;18.01.2018 13:00;37,27
18.01.2018 13:00;18.01.2018 14:00;31,55
18.01.2018 14:00;18.01.2018 15:00;31,51
18.01.2018 15:00;18.01.2018 16:00;31,54
18.01.2018 16:00;18.01.2018 17:00;32,57
18.01.2018 17:00;18.01.2018 18:00;39,97
18.01.2018 18:00;18.01.2018 19:00;42,04
18.01.2018 19:00;18.01.2018 20:00;41,49
18.01.2018 20:00;18.01.2018 21:00;38,93
18.01.2018 21:00;18.01.2018 22:00;34,3
18.01.2018 22:00;18.01.2018 23:00;32,57
18.01.2018 23:00;19.01.2018 00:00;30,45
19.01.2018 00:00;19.01.2018 01:00;30,0
19.01.2018 01:00;19.01.2018 02:00;29,97
19.01.2018 02:00;19.01.2018 03:00;29,49
19.01.2018 03:00;19.01.2018 04:00;29,56
19.01.2018 04:00;19.01.2018 05:00;30,02
19.01.2018 05:00;19.01.2018 06:00;31,76
19.01.2018 06:00;19.01.2018 07:00;40,02
19.01.2018 07:00;19.01.2018 08:00;48,96
19.01.2018 08:00;19.01.2018 09:00;51,94
19.01.2018 09:00;19.01.2018 10:00;50,36
19.01.2018 10:00;19.01.2018 11:00;49,58
19.01.2018 11:00;19.01.2018 12:00;46,88
19.01.2018 12:00;19.01.2018 13:00;42,99
19.01.2018 13:00;19.01.2018 14:00;41,67
19.01.2018 14:00;19.01.2018 15:00;39,49
19.01.2018 15:00;19.01.2018 16:00;41,78
19.01.2018 16:00;19.01.2018 17:00;44,3
19.01.2018 17:00;19.01.2018 18:00;49,57
19.01.2018 18:00;19.01.2018 19:00;49,74
19.01.2018 19:00;19.01.2018 20:00;44,79
19.01.2018 20:00;19.01.2018 21:00;39,79
19.01.2018 21:00;19.01.2018 22:00;37,84
19.01.2018 22:00;19.01.2018 23:00;37,54
19.01.2018 23:00;20.01.2018 00:00;33,41
20.01.2018 00:00;20.01.2018 01:00;29,71
20.01.2018 01:00;20.01.2018 02:00;27,84
20.01.2018 02:00;20.01.2018 03:00;28,37
20.01.2018 03:00;20.01.2018 04:00;23,92
20.01.2018 04:00;20.01.2018 05:00;23,37
20.01.2018 05:00;20.01.2018 06:00;26,01
20.01.2018 06:00;20.01.2018 07:00;29,62
20.01.2018 07:00;20.01.2018 08:00;30,85
20.01.2018 08:00;20.01.2018 09:00;33,07
20.01.2018 09:00;20.01.2018 10:00;38,0
20.01.2018 10:00;20.01.2018 11:00;41,66
20.01.2018 11:00;20.01.2018 12:00;41,68
20.01.2018 12:00;20.01.2018 13:00;41,93
20.01.2018 13:00;20.01.2018 14:00;41,45
20.01.2018 14:00;20.01.2018 15:00;39,0
20.01.2018 15:00;20.01.2018 16:00;40,01
20.01.2018 16:00;20.01.2018 17:00;41,8
20.01.2018 17:00;20.01.2018 18:00;44,68
20.01.2018 18:00;20.01.2018 19:00;49,38
20.01.2018 19:00;20.01.2018 20:00;43,98
20.01.2018 20:00;20.01.2018 21:00;39,16
20.01.2018 21:00;20.01.2018 22:00;36,37
20.01.2018 22:00;20.01.2018 23:00;36,33
20.01.2018 23:00;21.01.2018 00:00;32,67
21.01.2018 00:00;21.01.2018 01:00;31,88
21.01.2018 01:00;21.01.2018 02:00;30,41
21.01.2018 02:00;21.01.2018 03:00;29,24
21.01.2018 03:00;21.01.2018 04:00;27,71
21.01.2018 04:00;21.01.2018 05:00;25,56
21.01.2018 05:00;21.01.2018 06:00;27,68
21.01.2018 06:00;21.01.2018 07:00;28,47
21.01.2018 07:00;21.01.2018 08:00;30,31
21.01.2018 08:00;21.01.2018 09:00;32,49
21.01.2018 09:00;21.01.2018 10:00;35,3
21.01.2018 10:00;21.01.2018 11:00;38,88
21.01.2018 11:00;21.01.2018 12:00;40,93
21.01.2018 12:00;21.01.2018 13:00;40,93
21.01.2018 13:00;21.01.2018 14:00;37,77
21.01.2018 14:00;21.01.2018 15:00;33,84
21.01.2018 15:00;21.01.2018 16:00;34,62
21.01.2018 16:00;21.01.2018 17:00;38,04
21.01.2018 17:00;21.01.2018 18:00;42,93
21.01.2018 18:00;21.01.2018 19:00;48,08
21.01.2018 19:00;21.01.2018 20:00;42,92
21.01.2018 20:00;21.01.2018 21:00;37,46
21.01.2018 21:00;21.01.2018 22:00;32,53
21.01.2018 22:00;21.01.2018 23:00;32,5
21.01.2018 23:00;22.01.2018 00:00;30,2
22.01.2018 00:00;22.01.2018 01:00;27,06
22.01.2018 01:00;22.01.2018 02:00;20,0
22.01.2018 02:00;22.01.2018 03:00;16,22
22.01.2018 03:00;22.01.2018 04:00;12,88
22.01.2018 04:00;22.01.2018 05:00;15,52
22.01.2018 05:00;22.01.2018 06:00;25,01
22.01.2018 06:00;22.01.2018 07:00;33,08
22.01.2018 07:00;22.01.2018 08:00;42,95
22.01.2018 08:00;22.01.2018 09:00;45,06
22.01.2018 09:00;22.01.2018 10:00;45,9
22.01.2018 10:00;22.01.2018 11:00;44,98
22.01.2018 11:00;22.01.2018 12:00;48,39
22.01.2018 12:00;22.01.2018 13:00;47,0
22.01.2018 13:00;22.01.2018 14:00;47,39
22.01.2018 14:00;22.01.2018 15:00;46,34
22.01.2018 15:00;22.01.2018 16:00;43,94
22.01.2018 16:00;22.01.2018 17:00;43,65
22.01.2018 17:00;22.01.2018 18:00;49,5
22.01.2018 18:00;22.01.2018 19:00;51,0
22.01.2018 19:00;22.01.2018 20:00;48,05
22.01.2018 20:00;22.01.2018 21:00;42,82
22.01.2018 21:00;22.01.2018 22:00;38,99
22.01.2018 22:00;22.01.2018 23:00;37,99
22.01.2018 23:00;23.01.2018 00:00;35,84
23.01.2018 00:00;23.01.2018 01:00;34,2
23.01.2018 01:00;23.01.2018 02:00;32,52
23.01.2018 02:00;23.01.2018 03:00;31,54
23.01.2018 03:00;23.01.2018 04:00;30,38
23.01.2018 04:00;23.01.2018 05:00;30,97
23.01.2018 05:00;23.01.2018 06:00;32,48
23.01.2018 06:00;23.01.2018 07:00;40,0
23.01.2018 07:00;23.01.2018 08:00;48,93
23.01.2018 08:00;23.01.2018 09:00;52,74
23.01.2018 09:00;23.01.2018 10:00;50,79
23.01.2018 10:00;23.01.2018 11:00;48,2
23.01.2018 11:00;23.01.2018 12:00;44,91
23.01.2018 12:00;23.01.2018 13:00;41,94
23.01.2018 13:00;23.01.2018 14:00;41,83
23.01.2018 14:00;23.01.2018 15:00;39,0
23.01.2018 15:00;23.01.2018 16:00;37,5
23.01.2018 16:00;23.01.2018 17:00;35,63
23.01.2018 17:00;23.01.2018 18:00;40,94
23.01.2018 18:00;23.01.2018 19:00;40,98
23.01.2018 19:00;23.01.2018 20:00;34,59
23.01.2018 20:00;23.01.2018 21:00;33,25
23.01.2018 21:00;23.01.2018 22:00;29,62
23.01.2018 22:00;23.01.2018 23:00;28,03
23.01.2018 23:00;24.01.2018 00:00;13,64
24.01.2018 00:00;24.01.2018 01:00;13,46
24.01.2018 01:00;24.01.2018 02:00;11,21
24.01.2018 02:00;24.01.2018 03:00;10,34
24.01.2018 03:00;24.01.2018 04:00;9,26
24.01.2018 04:00;24.01.2018 05:00;11,23
24.01.2018 05:00;24.01.2018 06:00;16,74
24.01.2018 06:00;24.01.2018 07:00;28,83
24.01.2018 07:00;24.01.2018 08:00;40,92
24.01.2018 08:00;24.01.2018 09:00;40,0
24.01.2018 09:00;24.01.2018 10:00;32,66
24.01.2018 10:00;24.01.2018 11:00;30,57
24.01.2018 11:00;24.01.2018 12:00;29,9
24.01.2018 12:00;24.01.2018 13:00;29,82
24.01.2018 13:00;24.01.2018 14:00;29,06
24.01.2018 14:00;24.01.2018 15:00;25,05
24.01.2018 15:00;24.01.2018 16:00;26,11
24.01.2018 16:00;24.01.2018 17:00;29,0
24.01.2018 17:00;24.01.2018 18:00;29,7
24.01.2018 18:00;24.01.2018 19:00;29,27
24.01.2018 19:00;24.01.2018 20:00;28,37
24.01.2018 20:00;24.01.2018 21:00;25,06
24.01.2018 21:00;24.01.2018 22:00;18,26
24.01.2018 22:00;24.01.2018 23:00;16,49
24.01.2018 23:00;25.01.2018 00:00;11,83
25.01.2018 00:00;25.01.2018 01:00;4,72
25.01.2018 01:00;25.01.2018 02:00;5,45
25.01.2018 02:00;25.01.2018 03:00;3,87
25.01.2018 03:00;25.01.2018 04:00;4,69
25.01.2018 04:00;25.01.2018 05:00;4,74
25.01.2018 05:00;25.01.2018 06:00;13,99
25.01.2018 06:00;25.01.2018 07:00;28,12
25.01.2018 07:00;25.01.2018 08:00;40,94
25.01.2018 08:00;25.01.2018 09:00;41,27
25.01.2018 09:00;25.01.2018 10:00;39,94
25.01.2018 10:00;25.01.2018 11:00;39,58
25.01.2018 11:00;25.01.2018 12:00;39,8
25.01.2018 12:00;25.01.2018 13:00;40,05
25.01.2018 13:00;25.01.2018 14:00;41,13
25.01.2018 14:00;25.01.2018 15:00;43,98
25.01.2018 15:00;25.01.2018 16:00;45,29
25.01.2018 16:00;25.01.2018 17:00;45,47
25.01.2018 17:00;25.01.2018 18:00;49,37
25.01.2018 18:00;25.01.2018 19:00;52,76
25.01.2018 19:00;25.01.2018 20:00;49,93
25.01.2018 20:00;25.01.2018 21:00;43,71
25.01.2018 21:00;25.01.2018 22:00;38,98
25.01.2018 22:00;25.01.2018 23:00;38,62
25.01.2018 23:00;26.01.2018 00:00;34,9
26.01.2018 00:00;26.01.2018 01:00;37,23
26.01.2018 01:00;26.01.2018 02:00;35,03
26.01.2018 02:00;26.01.2018 03:00;34,1
26.01.2018 03:00;26.01.2018 04:00;33,01
26.01.2018 04:00;26.01.2018 05:00;32,91
26.01.2018 05:00;26.01.2018 06:00;34,9
26.01.2018 06:00;26.01.2018 07:00;39,91
26.01.2018 07:00;26.01.2018 08:00;51,27
26.01.2018 08:00;26.01.2018 09:00;54,72
26.01.2018 09:00;26.01.2018 10:00;54,52
26.01.2018 10:00;26.01.2018 11:00;54,02
26.01.2018 11:00;26.01.2018 12:00;53,18
26.01.2018 12:00;26.01.2018 13:00;50,23
26.01.2018 13:00;26.01.2018 14:00;49,2
26.01.2018 14:00;26.01.2018 15:00;48,96
26.01.2018 15:00;26.01.2018 16:00;48,25
26.01.2018 16:00;26.01.2018 17:00;48,25
26.01.2018 17:00;26.01.2018 18:00;51,15
26.01.2018 18:00;26.01.2018 19:00;54,7
26.01.2018 19:00;26.01.2018 20:00;52,09
26.01.2018 20:00;26.01.2018 21:00;46,0
26.01.2018 21:00;26.01.2018 22:00;40,44
26.01.2018 22:00;26.01.2018 23:00;40,43
26.01.2018 23:00;27.01.2018 00:00;39,0
27.01.2018 00:00;27.01.2018 01:00;36,81
27.01.2018 01:00;27.01.2018 02:00;33,8
27.01.2018 02:00;27.01.2018 03:00;32,87
27.01.2018 03:00;27.01.2018 04:00;32,53
27.01.2018 04:00;27.01.2018 05:00;32,53
27.01.2018 05:00;27.01.2018 06:00;31,79
27.01.2018 06:00;27.01.2018 07:00;32,51
27.01.2018 07:00;27.01.2018 08:00;34,65
27.01.2018 08:00;27.01.2018 09:00;43,45
27.01.2018 09:00;27.01.2018 10:00;47,19
27.01.2018 10:00;27.01.2018 11:00;47,04
27.01.2018 11:00;27.01.2018 12:00;43,93
27.01.2018 12:00;27.01.2018 13:00;41,92
27.01.2018 13:00;27.01.2018 14:00;38,06
27.01.2018 14:00;27.01.2018 15:00;32,5
27.01.2018 15:00;27.01.2018 16:00;32,1
27.01.2018 16:00;27.01.2018 17:00;32,06
27.01.2018 17:00;27.01.2018 18:00;37,0
27.01.2018 18:00;27.01.2018 19:00;39,7
27.01.2018 19:00;27.01.2018 20:00;34,07
27.01.2018 20:00;27.01.2018 21:00;27,89
27.01.2018 21:00;27.01.2018 22:00;11,91
27.01.2018 22:00;27.01.2018 23:00;10,98
27.01.2018 23:00;28.01.2018 00:00;0,1
28.01.2018 00:00;28.01.2018 01:00;-0,04
28.01.2018 01:00;28.01.2018 02:00;-12,02
28.01.2018 02:00;28.01.2018 03:00;-19,43
28.01.2018 03:00;28.01.2018 04:00;-12,19
28.01.2018 04:00;28.01.2018 05:00;-9,14
28.01.2018 05:00;28.01.2018 06:00;0,04
28.01.2018 06:00;28.01.2018 07:00;-0,25
28.01.2018 07:00;28.01.2018 08:00;2,09
28.01.2018 08:00;28.01.2018 09:00;10,34
28.01.2018 09:00;28.01.2018 10:00;11,65
28.01.2018 10:00;28.01.2018 11:00;14,04
28.01.2018 11:00;28.01.2018 12:00;11,69
28.01.2018 12:00;28.01.2018 13:00;11,64
28.01.2018 13:00;28.01.2018 14:00;6,32
28.01.2018 14:00;28.01.2018 15:00;10,32
28.01.2018 15:00;28.01.2018 16:00;10,09
28.01.2018 16:00;28.01.2018 17:00;10,8
28.01.2018 17:00;28.01.2018 18:00;11,8
28.01.2018 18:00;28.01.2018 19:00;18,55
28.01.2018 19:00;28.01.2018 20:00;14,17
28.01.2018 20:00;28.01.2018 21:00;10,47
28.01.2018 21:00;28.01.2018 22:00;10,41
28.01.2018 22:00;28.01.2018 23:00;10,85
28.01.2018 23:00;29.01.2018 00:00;0,5
29.01.2018 00:00;29.01.2018 01:00;-0,05
29.01.2018 01:00;29.01.2018 02:00;-4,09
29.01.2018 02:00;29.01.2018 03:00;-20,25
29.01.2018 03:00;29.01.2018 04:00;-20,09
29.01.2018 04:00;29.01.2018 05:00;-19,96
29.01.2018 05:00;29.01.2018 06:00;-0,9
29.01.2018 06:00;29.01.2018 07:00;12,43
29.01.2018 07:00;29.01.2018 08:00;29,98
29.01.2018 08:00;29.01.2018 09:00;29,32
29.01.2018 09:00;29.01.2018 10:00;28,04
29.01.2018 10:00;29.01.2018 11:00;28,09
29.01.2018 11:00;29.01.2018 12:00;28,07
29.01.2018 12:00;29.01.2018 13:00;18,97
29.01.2018 13:00;29.01.2018 14:00;22,94
29.01.2018 14:00;29.01.2018 15:00;29,62
29.01.2018 15:00;29.01.2018 16:00;30,52
29.01.2018 16:00;29.01.2018 17:00;30,48
29.01.2018 17:00;29.01.2018 18:00;31,98
29.01.2018 18:00;29.01.2018 19:00;34,26
29.01.2018 19:00;29.01.2018 20:00;29,93
29.01.2018 20:00;29.01.2018 21:00;29,77
29.01.2018 21:00;29.01.2018 22:00;22,04
29.01.2018 22:00;29.01.2018 23:00;14,08
29.01.2018 23:00;30.01.2018 00:00;10,47
30.01.2018 00:00;30.01.2018 01:00;13,97
30.01.2018 01:00;30.01.2018 02:00;13,91
30.01.2018 02:00;30.01.2018 03:00;13,01
30.01.2018 03:00;30.01.2018 04:00;13,8
30.01.2018 04:00;30.01.2018 05:00;15,5
30.01.2018 05:00;30.01.2018 06:00;24,02
30.01.2018 06:00;30.01.2018 07:00;34,0
30.01.2018 07:00;30.01.2018 08:00;44,59
30.01.2018 08:00;30.01.2018 09:00;44,85
30.01.2018 09:00;30.01.2018 10:00;41,37
30.01.2018 10:00;30.01.2018 11:00;38,93
30.01.2018 11:00;30.01.2018 12:00;38,95
30.01.2018 12:00;30.01.2018 13:00;37,92
30.01.2018 13:00;30.01.2018 14:00;37,02
30.01.2018 14:00;30.01.2018 15:00;39,98
30.01.2018 15:00;30.01.2018 16:00;41,92
30.01.2018 16:00;30.01.2018 17:00;44,95
30.01.2018 17:00;30.01.2018 18:00;52,39
30.01.2018 18:00;30.01.2018 19:00;57,97
30.01.2018 19:00;30.01.2018 20:00;53,78
30.01.2018 20:00;30.01.2018 21:00;44,98
30.01.2018 21:00;30.01.2018 22:00;38,97
30.01.2018 22:00;30.01.2018 23:00;38,53
30.01.2018 23:00;31.01.2018 00:00;34,1
31.01.2018 00:00;31.01.2018 01:00;29,61
31.01.2018 01:00;31.01.2018 02:00;28,98
31.01.2018 02:00;31.01.2018 03:00;27,24
31.01.2018 03:00;31.01.2018 04:00;17,97
31.01.2018 04:00;31.01.2018 05:00;19,53
31.01.2018 05:00;31.01.2018 06:00;26,37
31.01.2018 06:00;31.01.2018 07:00;31,74
31.01.2018 07:00;31.01.2018 08:00;35,53
31.01.2018 08:00;31.01.2018 09:00;35,97
31.01.2018 09:00;31.01.2018 10:00;31,42
31.01.2018 10:00;31.01.2018 11:00;30,71
31.01.2018 11:00;31.01.2018 12:00;30,03
31.01.2018 12:00;31.01.2018 13:00;29,61
31.01.2018 13:00;31.01.2018 14:00;28,05
31.01.2018 14:00;31.01.2018 15:00;29,63
31.01.2018 15:00;31.01.2018 16:00;29,03
31.01.2018 16:00;31.01.2018 17:00;30,16
31.01.2018 17:00;31.01.2018 18:00;32,25
31.01.2018 18:00;31.01.2018 19:00;34,36
31.01.2018 19:00;31.01.2018 20:00;32,52
31.01.2018 20:00;31.01.2018 21:00;29,3
31.01.2018 21:00;31.01.2018 22:00;28,06
31.01.2018 22:00;31.01.2018 23:00;28,32
31.01.2018 23:00;01.02.2018 00:00;24,98
01.02.2018 00:00;01.02.2018 01:00;23,94
01.02.2018 01:00;01.02.2018 02:00;24,22
01.02.2018 02:00;01.02.2018 03:00;24,06
01.02.2018 03:00;01.02.2018 04:00;20,09
01.02.2018 04:00;01.02.2018 05:00;22,23
01.02.2018 05:00;01.02.2018 06:00;25,25
01.02.2018 06:00;01.02.2018 07:00;32,8
01.02.2018 07:00;01.02.2018 08:00;41,05
01.02.2018 08:00;01.02.2018 09:00;41,17
01.02.2018 09:00;01.02.2018 10:00;40,92
01.02.2018 10:00;01.02.2018 11:00;37,19
01.02.2018 11:00;01.02.2018 12:00;32,35
01.02.2018 12:00;01.02.2018 13:00;31,08
01.02.2018 13:00;01.02.2018 14:00;32,22
01.02.2018 14:00;01.02.2018 15:00;32,38
01.02.2018 15:00;01.02.2018 16:00;40,1
01.02.2018 16:00;01.02.2018 17:00;42,04
01.02.2018 17:00;01.02.2018 18:00;46,32
01.02.2018 18:00;01.02.2018 19:00;44,98
01.02.2018 19:00;01.02.2018 20:00;42,92
01.02.2018 20:00;01.02.2018 21:00;39,98
01.02.2018 21:00;01.02.2018 22:00;36,95
01.02.2018 22:00;01.02.2018 23:00;32,2
01.02.2018 23:00;02.02.2018 00:00;28,97
02.02.2018 00:00;02.02.2018 01:00;30,72
02.02.2018 01:00;02.02.2018 02:00;30,09
02.02.2018 02:00;02.02.2018 03:00;29,79
02.02.2018 03:00;02.02.2018 04:00;29,74
02.02.2018 04:00;02.02.2018 05:00;30,1
02.02.2018 05:00;02.02.2018 06:00;32,97
02.02.2018 06:00;02.02.2018 07:00;37,4
02.02.2018 07:00;02.02.2018 08:00;45,79
02.02.2018 08:00;02.02.2018 09:00;48,72
02.02.2018 09:00;02.02.2018 10:00;47,96
02.02.2018 10:00;02.02.2018 11:00;47,94
02.02.2018 11:00;02.02.2018 12:00;47,09
02.02.2018 12:00;02.02.2018 13:00;44,9
02.02.2018 13:00;02.02.2018 14:00;40,95
02.02.2018 14:00;02.02.2018 15:00;40,9
02.02.2018 15:00;02.02.2018 16:00;41,11
02.02.2018 16:00;02.02.2018 17:00;43,29
02.02.2018 17:00;02.02.2018 18:00;48,02
02.02.2018 18:00;02.02.2018 19:00;47,96
02.02.2018 19:00;02.02.2018 20:00;46,43
02.02.2018 20:00;02.02.2018 21:00;43,39
02.02.2018 21:00;02.02.2018 22:00;40,06
02.02.2018 22:00;02.02.2018 23:00;40,08
02.02.2018 23:00;03.02.2018 00:00;36,08
03.02.2018 00:00;03.02.2018 01:00;35,39
03.02.2018 01:00;03.02.2018 02:00;34,04
03.02.2018 02:00;03.02.2018 03:00;34,02
03.02.2018 03:00;03.02.2018 04:00;34,09
03.02.2018 04:00;03.02.2018 05:00;33,73
03.02.2018 05:00;03.02.2018 06:00;34,31
03.02.2018 06:00;03.02.2018 07:00;33,95
03.02.2018 07:00;03.02.2018 08:00;34,35
03.02.2018 08:00;03.02.2018 09:00;41,88
03.02.2018 09:00;03.02.2018 10:00;45,45
03.02.2018 10:00;03.02.2018 11:00;45,84
03.02.2018 11:00;03.02.2018 12:00;47,08
03.02.2018 12:00;03.02.2018 13:00;46,31
03.02.2018 13:00;03.02.2018 14:00;43,72
03.02.2018 14:00;03.02.2018 15:00;39,97
03.02.2018 15:00;03.02.2018 16:00;39,12
03.02.2018 16:00;03.02.2018 17:00;40,96
03.02.2018 17:00;03.02.2018 18:00;47,38
03.02.2018 18:00;03.02.2018 19:00;50,54
03.02.2018 19:00;03.02.2018 20:00;49,98
03.02.2018 20:00;03.02.2018 21:00;41,76
03.02.2018 21:00;03.02.2018 22:00;38,47
03.02.2018 22:00;03.02.2018 23:00;39,09
03.02.2018 23:00;04.02.2018 00:00;35,39
04.02.2018 00:00;04.02.2018 01:00;32,02
04.02.2018 01:00;04.02.2018 02:00;31,3
04.02.2018 02:00;04.02.2018 03:00;30,96
04.02.2018 03:00;04.02.2018 04:00;30,99
04.02.2018 04:00;04.02.2018 05:00;30,83
04.02.2018 05:00;04.02.2018 06:00;30,79
04.02.2018 06:00;04.02.2018 07:00;30,84
04.02.2018 07:00;04.02.2018 08:00;31,23
04.02.2018 08:00;04.02.2018 09:00;31,37
04.02.2018 09:00;04.02.2018 10:00;32,38
04.02.2018 10:00;04.02.2018 11:00;33,1
04.02.2018 11:00;04.02.2018 12:00;34,44
04.02.2018 12:00;04.02.2018 13:00;33,4
04.02.2018 13:00;04.02.2018 14:00;32,08
04.02.2018 14:00;04.02.2018 15:00;31,61
04.02.2018 15:00;04.02.2018 16:00;32,09
04.02.2018 16:00;04.02.2018 17:00;34,25
04.02.2018 17:00;04.02.2018 18:00;39,71
04.02.2018 18:00;04.02.2018 19:00;42,91
04.02.2018 19:00;04.02.2018 20:00;40,01
04.02.2018 20:00;04.02.2018 21:00;36,15
04.02.2018 21:00;04.02.2018 22:00;35,0
04.02.2018 22:00;04.02.2018 23:00;35,05
04.02.2018 23:00;05.02.2018 00:00;32,92
05.02.2018 00:00;05.02.2018 01:00;32,14
05.02.2018 01:00;05.02.2018 02:00;31,18
05.02.2018 02:00;05.02.2018 03:00;30,92
05.02.2018 03:00;05.02.2018 04:00;30,93
05.02.2018 04:00;05.02.2018 05:00;30,58
05.02.2018 05:00;05.02.2018 06:00;33,67
05.02.2018 06:00;05.02.2018 07:00;41,41
05.02.2018 07:00;05.02.2018 08:00;54,46
05.02.2018 08:00;05.02.2018 09:00;58,06
05.02.2018 09:00;05.02.2018 10:00;57,12
05.02.2018 10:00;05.02.2018 11:00;54,04
05.02.2018 11:00;05.02.2018 12:00;51,88
05.02.2018 12:00;05.02.2018 13:00;47,46
05.02.2018 13:00;05.02.2018 14:00;45,53
05.02.2018 14:00;05.02.2018 15:00;46,9
05.02.2018 15:00;05.02.2018 16:00;48,77
05.02.2018 16:00;05.02.2018 17:00;53,4
05.02.2018 17:00;05.02.2018 18:00;56,93
05.02.2018 18:00;05.02.2018 19:00;58,99
05.02.2018 19:00;05.02.2018 20:00;55,41
05.02.2018 20:00;05.02.2018 21:00;47,75
05.02.2018 21:00;05.02.2018 22:00;39,97
05.02.2018 22:00;05.02.2018 23:00;39,0
05.02.2018 23:00;06.02.2018 00:00;36,02
06.02.2018 00:00;06.02.2018 01:00;36,12
06.02.2018 01:00;06.02.2018 02:00;35,0
06.02.2018 02:00;06.02.2018 03:00;34,76
06.02.2018 03:00;06.02.2018 04:00;35,38
06.02.2018 04:00;06.02.2018 05:00;36,25
06.02.2018 05:00;06.02.2018 06:00;37,36
06.02.2018 06:00;06.02.2018 07:00;43,95
06.02.2018 07:00;06.02.2018 08:00;56,77
06.02.2018 08:00;06.02.2018 09:00;62,51
06.02.2018 09:00;06.02.2018 10:00;61,61
06.02.2018 10:00;06.02.2018 11:00;54,94
06.02.2018 11:00;06.02.2018 12:00;47,96
06.02.2018 12:00;06.02.2018 13:00;44,95
06.02.2018 13:00;06.02.2018 14:00;44,61
06.02.2018 14:00;06.02.2018 15:00;46,92
06.02.2018 15:00;06.02.2018 16:00;49,45
06.02.2018 16:00;06.02.2018 17:00;53,75
06.02.2018 17:00;06.02.2018 18:00;60,21
06.02.2018 18:00;06.02.2018 19:00;65,5
06.02.2018 19:00;06.02.2018 20:00;58,08
06.02.2018 20:00;06.02.2018 21:00;47,91
06.02.2018 21:00;06.02.2018 22:00;40,67
06.02.2018 22:00;06.02.2018 23:00;38,14
06.02.2018 23:00;07.02.2018 00:00;38,03
07.02.2018 00:00;07.02.2018 01:00;34,43
07.02.2018 01:00;07.02.2018 02:00;35,09
07.02.2018 02:00;07.02.2018 03:00;34,65
07.02.2018 03:00;07.02.2018 04:00;34,36
07.02.2018 04:00;07.02.2018 05:00;34,48
07.02.2018 05:00;07.02.2018 06:00;34,08
07.02.2018 06:00;07.02.2018 07:00;41,94
07.02.2018 07:00;07.02.2018 08:00;59,06
07.02.2018 08:00;07.02.2018 09:00;61,33
07.02.2018 09:00;07.02.2018 10:00;58,97
07.02.2018 10:00;07.02.2018 11:00;57,88
07.02.2018 11:00;07.02.2018 12:00;46,99
07.02.2018 12:00;07.02.2018 13:00;44,95
07.02.2018 13:00;07.02.2018 14:00;46,22
07.02.2018 14:00;07.02.2018 15:00;49,0
07.02.2018 15:00;07.02.2018 16:00;50,99
07.02.2018 16:00;07.02.2018 17:00;53,46
07.02.2018 17:00;07.02.2018 18:00;60,19
07.02.2018 18:00;07.02.2018 19:00;64,14
07.02.2018 19:00;07.02.2018 20:00;56,56
07.02.2018 20:00;07.02.2018 21:00;48,19
07.02.2018 21:00;07.02.2018 22:00;42,96
07.02.2018 22:00;07.02.2018 23:00;43,02
07.02.2018 23:00;08.02.2018 00:00;40,56
08.02.2018 00:00;08.02.2018 01:00;40,11
08.02.2018 01:00;08.02.2018 02:00;38,55
08.02.2018 02:00;08.02.2018 03:00;38,3
08.02.2018 03:00;08.02.2018 04:00;38,02
08.02.2018 04:00;08.02.2018 05:00;36,24
08.02.2018 05:00;08.02.2018 06:00;39,88
08.02.2018 06:00;08.02.2018 07:00;44,51
08.02.2018 07:00;08.02.2018 08:00;61,07
08.02.2018 08:00;08.02.2018 09:00;66,5
08.02.2018 09:00;08.02.2018 10:00;66,98
08.02.2018 10:00;08.02.2018 11:00;59,93
08.02.2018 11:00;08.02.2018 12:00;59,6
08.02.2018 12:00;08.02.2018 13:00;50,03
08.02.2018 13:00;08.02.2018 14:00;47,8
08.02.2018 14:00;08.02.2018 15:00;49,09
08.02.2018 15:00;08.02.2018 16:00;51,98
08.02.2018 16:00;08.02.2018 17:00;55,44
08.02.2018 17:00;08.02.2018 18:00;63,14
08.02.2018 18:00;08.02.2018 19:00;61,55
08.02.2018 19:00;08.02.2018 20:00;57,09
08.02.2018 20:00;08.02.2018 21:00;47,46
08.02.2018 21:00;08.02.2018 22:00;41,98
08.02.2018 22:00;08.02.2018 23:00;41,92
08.02.2018 23:00;09.02.2018 00:00;39,58
09.02.2018 00:00;09.02.2018 01:00;33,71
09.02.2018 01:00;09.02.2018 02:00;32,13
09.02.2018 02:00;09.02.2018 03:00;31,31
09.02.2018 03:00;09.02.2018 04:00;32,16
09.02.2018 04:00;09.02.2018 05:00;32,5
09.02.2018 05:00;09.02.2018 06:00;32,84
09.02.2018 06:00;09.02.2018 07:00;35,06
09.02.2018 07:00;09.02.2018 08:00;46,15
09.02.2018 08:00;09.02.2018 09:00;49,55
09.02.2018 09:00;09.02.2018 10:00;47,34
09.02.2018 10:00;09.02.2018 11:00;45,42
09.02.2018 11:00;09.02.2018 12:00;39,92
09.02.2018 12:00;09.02.2018 13:00;40,07
09.02.2018 13:00;09.02.2018 14:00;40,07
09.02.2018 14:00;09.02.2018 15:00;42,34
09.02.2018 15:00;09.02.2018 16:00;43,94
09.02.2018 16:00;09.02.2018 17:00;46,18
09.02.2018 17:00;09.02.2018 18:00;49,59
09.02.2018 18:00;09.02.2018 19:00;50,0
09.02.2018 19:00;09.02.2018 20:00;45,99
09.02.2018 20:00;09.02.2018 21:00;40,02
09.02.2018 21:00;09.02.2018 22:00;40,94
09.02.2018 22:00;09.02.2018 23:00;41,48
09.02.2018 23:00;10.02.2018 00:00;40,44
10.02.2018 00:00;10.02.2018 01:00;35,5
10.02.2018 01:00;10.02.2018 02:00;34,52
10.02.2018 02:00;10.02.2018 03:00;34,28
10.02.2018 03:00;10.02.2018 04:00;34,13
10.02.2018 04:00;10.02.2018 05:00;34,68
10.02.2018 05:00;10.02.2018 06:00;33,74
10.02.2018 06:00;10.02.2018 07:00;35,26
10.02.2018 07:00;10.02.2018 08:00;40,02
10.02.2018 08:00;10.02.2018 09:00;45,9
10.02.2018 09:00;10.02.2018 10:00;46,91
10.02.2018 10:00;10.02.2018 11:00;46,94
10.02.2018 11:00;10.02.2018 12:00;48,0
10.02.2018 12:00;10.02.2018 13:00;45,92
10.02.2018 13:00;10.02.2018 14:00;42,47
10.02.2018 14:00;10.02.2018 15:00;40,28
10.02.2018 15:00;10.02.2018 16:00;40,03
10.02.2018 16:00;10.02.2018 17:00;40,2
10.02.2018 17:00;10.02.2018 18:00;42,98
10.02.2018 18:00;10.02.2018 19:00;45,44
10.02.2018 19:00;10.02.2018 20:00;43,4
10.02.2018 20:00;10.02.2018 21:00;38,86
10.02.2018 21:00;10.02.2018 22:00;33,95
10.02.2018 22:00;10.02.2018 23:00;32,58
10.02.2018 23:00;11.02.2018 00:00;29,05
11.02.2018 00:00;11.02.2018 01:00;17,08
11.02.2018 01:00;11.02.2018 02:00;18,04
11.02.2018 02:00;11.02.2018 03:00;12,34
11.02.2018 03:00;11.02.2018 04:00;4,58
11.02.2018 04:00;11.02.2018 05:00;0,52
11.02.2018 05:00;11.02.2018 06:00;1,0
11.02.2018 06:00;11.02.2018 07:00;-4,92
11.02.2018 07:00;11.02.2018 08:00;-4,93
11.02.2018 08:00;11.02.2018 09:00;0,1
11.02.2018 09:00;11.02.2018 10:00;0,3
11.02.2018 10:00;11.02.2018 11:00;0,03
11.02.2018 11:00;11.02.2018 12:00;11,7
11.02.2018 12:00;11.02.2018 13:00;13,08
11.02.2018 13:00;11.02.2018 14:00;11,58
11.02.2018 14:00;11.02.2018 15:00;10,7
11.02.2018 15:00;11.02.2018 16:00;10,21
11.02.2018 16:00;11.02.2018 17:00;12,19
11.02.2018 17:00;11.02.2018 18:00;28,64
11.02.2018 18:00;11.02.2018 19:00;31,35
11.02.2018 19:00;11.02.2018 20:00;31,03
11.02.2018 20:00;11.02.2018 21:00;21,77
11.02.2018 21:00;11.02.2018 22:00;17,07
11.02.2018 22:00;11.02.2018 23:00;17,08
11.02.2018 23:00;12.02.2018 00:00;14,97
12.02.2018 00:00;12.02.2018 01:00;11,61
12.02.2018 01:00;12.02.2018 02:00;10,75
12.02.2018 02:00;12.02.2018 03:00;10,0
12.02.2018 03:00;12.02.2018 04:00;10,33
12.02.2018 04:00;12.02.2018 05:00;10,73
12.02.2018 05:00;12.02.2018 06:00;12,39
12.02.2018 06:00;12.02.2018 07:00;30,54
12.02.2018 07:00;12.02.2018 08:00;40,98
12.02.2018 08:00;12.02.2018 09:00;41,94
12.02.2018 09:00;12.02.2018 10:00;40,01
12.02.2018 10:00;12.02.2018 11:00;38,92
12.02.2018 11:00;12.02.2018 12:00;33,65
12.02.2018 12:00;12.02.2018 13:00;32,63
12.02.2018 13:00;12.02.2018 14:00;33,1
12.02.2018 14:00;12.02.2018 15:00;38,94
12.02.2018 15:00;12.02.2018 16:00;41,42
12.02.2018 16:00;12.02.2018 17:00;44,64
12.02.2018 17:00;12.02.2018 18:00;46,06
12.02.2018 18:00;12.02.2018 19:00;61,44
12.02.2018 19:00;12.02.2018 20:00;44,91
12.02.2018 20:00;12.02.2018 21:00;41,96
12.02.2018 21:00;12.02.2018 22:00;39,43
12.02.2018 22:00;12.02.2018 23:00;39,47
12.02.2018 23:00;13.02.2018 00:00;31,72
13.02.2018 00:00;13.02.2018 01:00;31,55
13.02.2018 01:00;13.02.2018 02:00;31,32
13.02.2018 02:00;13.02.2018 03:00;31,25
13.02.2018 03:00;13.02.2018 04:00;31,56
13.02.2018 04:00;13.02.2018 05:00;32,04
13.02.2018 05:00;13.02.2018 06:00;33,58
13.02.2018 06:00;13.02.2018 07:00;40,06
13.02.2018 07:00;13.02.2018 08:00;46,26
13.02.2018 08:00;13.02.2018 09:00;49,02
13.02.2018 09:00;13.02.2018 10:00;47,56
13.02.2018 10:00;13.02.2018 11:00;44,01
13.02.2018 11:00;13.02.2018 12:00;38,99
13.02.2018 12:00;13.02.2018 13:00;36,3
13.02.2018 13:00;13.02.2018 14:00;36,4
13.02.2018 14:00;13.02.2018 15:00;39,43
13.02.2018 15:00;13.02.2018 16:00;42,94
13.02.2018 16:00;13.02.2018 17:00;45,36
13.02.2018 17:00;13.02.2018 18:00;49,85
13.02.2018 18:00;13.02.2018 19:00;54,38
13.02.2018 19:00;13.02.2018 20:00;44,94
13.02.2018 20:00;13.02.2018 21:00;39,93
13.02.2018 21:00;13.02.2018 22:00;36,97
13.02.2018 22:00;13.02.2018 23:00;34,84
13.02.2018 23:00;14.02.2018 00:00;31,94
14.02.2018 00:00;14.02.2018 01:00;34,34
14.02.2018 01:00;14.02.2018 02:00;35,09
14.02.2018 02:00;14.02.2018 03:00;34,39
14.02.2018 03:00;14.02.2018 04:00;34,91
14.02.2018 04:00;14.02.2018 05:00;35,91
14.02.2018 05:00;14.02.2018 06:00;34,46
14.02.2018 06:00;14.02.2018 07:00;42,82
14.02.2018 07:00;14.02.2018 08:00;49,47
14.02.2018 08:00;14.02.2018 09:00;58,8
14.02.2018 09:00;14.02.2018 10:00;55,04
14.02.2018 10:00;14.02.2018 11:00;44,91
14.02.2018 11:00;14.02.2018 12:00;41,12
14.02.2018 12:00;14.02.2018 13:00;36,79
14.02.2018 13:00;14.02.2018 14:00;35,98
14.02.2018 14:00;14.02.2018 15:00;36,84
14.02.2018 15:00;14.02.2018 16:00;40,99
14.02.2018 16:00;14.02.2018 17:00;42,21
14.02.2018 17:00;14.02.2018 18:00;44,99
14.02.2018 18:00;14.02.2018 19:00;44,53
14.02.2018 19:00;14.02.2018 20:00;40,99
14.02.2018 20:00;14.02.2018 21:00;37,53
14.02.2018 21:00;14.02.2018 22:00;33,76
14.02.2018 22:00;14.02.2018 23:00;31,37
14.02.2018 23:00;15.02.2018 00:00;29,41
15.02.2018 00:00;15.02.2018 01:00;28,26
15.02.2018 01:00;15.02.2018 02:00;27,87
15.02.2018 02:00;15.02.2018 03:00;18,29
15.02.2018 03:00;15.02.2018 04:00;16,09
15.02.2018 04:00;15.02.2018 05:00;17,98
15.02.2018 05:00;15.02.2018 06:00;25,07
15.02.2018 06:00;15.02.2018 07:00;30,62
15.02.2018 07:00;15.02.2018 08:00;32,77
15.02.2018 08:00;15.02.2018 09:00;34,07
15.02.2018 09:00;15.02.2018 10:00;33,51
15.02.2018 10:00;15.02.2018 11:00;32,85
15.02.2018 11:00;15.02.2018 12:00;32,78
15.02.2018 12:00;15.02.2018 13:00;32,74
15.02.2018 13:00;15.02.2018 14:00;34,05
15.02.2018 14:00;15.02.2018 15:00;39,12
15.02.2018 15:00;15.02.2018 16:00;41,33
15.02.2018 16:00;15.02.2018 17:00;41,99
15.02.2018 17:00;15.02.2018 18:00;47,0
15.02.2018 18:00;15.02.2018 19:00;52,0
15.02.2018 19:00;15.02.2018 20:00;47,4
15.02.2018 20:00;15.02.2018 21:00;42,95
15.02.2018 21:00;15.02.2018 22:00;40,0
15.02.2018 22:00;15.02.2018 23:00;38,08
15.02.2018 23:00;16.02.2018 00:00;32,94
16.02.2018 00:00;16.02.2018 01:00;32,93
16.02.2018 01:00;16.02.2018 02:00;32,99
16.02.2018 02:00;16.02.2018 03:00;32,56
16.02.2018 03:00;16.02.2018 04:00;32,29
16.02.2018 04:00;16.02.2018 05:00;32,5
16.02.2018 05:00;16.02.2018 06:00;33,07
16.02.2018 06:00;16.02.2018 07:00;40,94
16.02.2018 07:00;16.02.2018 08:00;46,31
16.02.2018 08:00;16.02.2018 09:00;47,4
16.02.2018 09:00;16.02.2018 10:00;46,95
16.02.2018 10:00;16.02.2018 11:00;45,54
16.02.2018 11:00;16.02.2018 12:00;40,04
16.02.2018 12:00;16.02.2018 13:00;35,8
16.02.2018 13:00;16.02.2018 14:00;35,1
16.02.2018 14:00;16.02.2018 15:00;35,27
16.02.2018 15:00;16.02.2018 16:00;40,02
16.02.2018 16:00;16.02.2018 17:00;42,86
16.02.2018 17:00;16.02.2018 18:00;46,5
16.02.2018 18:00;16.02.2018 19:00;51,68
16.02.2018 19:00;16.02.2018 20:00;49,68
16.02.2018 20:00;16.02.2018 21:00;45,92
16.02.2018 21:00;16.02.2018 22:00;41,87
16.02.2018 22:00;16.02.2018 23:00;41,68
16.02.2018 23:00;17.02.2018 00:00;39,5
17.02.2018 00:00;17.02.2018 01:00;37,43
17.02.2018 01:00;17.02.2018 02:00;34,81
17.02.2018 02:00;17.02.2018 03:00;35,62
17.02.2018 03:00;17.02.2018 04:00;34,2
17.02.2018 04:00;17.02.2018 05:00;33,62
17.02.2018 05:00;17.02.2018 06:00;33,86
17.02.2018 06:00;17.02.2018 07:00;35,44
17.02.2018 07:00;17.02.2018 08:00;38,01
17.02.2018 08:00;17.02.2018 09:00;42,61
17.02.2018 09:00;17.02.2018 10:00;46,82
17.02.2018 10:00;17.02.2018 11:00;46,52
17.02.2018 11:00;17.02.2018 12:00;47,4
17.02.2018 12:00;17.02.2018 13:00;44,98
17.02.2018 13:00;17.02.2018 14:00;41,43
17.02.2018 14:00;17.02.2018 15:00;36,85
17.02.2018 15:00;17.02.2018 16:00;36,53
17.02.2018 16:00;17.02.2018 17:00;38,52
17.02.2018 17:00;17.02.2018 18:00;44,99
17.02.2018 18:00;17.02.2018 19:00;49,77
17.02.2018 19:00;17.02.2018 20:00;49,08
17.02.2018 20:00;17.02.2018 21:00;45,95
17.02.2018 21:00;17.02.2018 22:00;41,1
17.02.2018 22:00;17.02.2018 23:00;42,91
17.02.2018 23:00;18.02.2018 00:00;38,06
18.02.2018 00:00;18.02.2018 01:00;34,91
18.02.2018 01:00;18.02.2018 02:00;35,68
18.02.2018 02:00;18.02.2018 03:00;33,98
18.02.2018 03:00;18.02.2018 04:00;33,89
18.02.2018 04:00;18.02.2018 05:00;33,83
18.02.2018 05:00;18.02.2018 06:00;33,99
18.02.2018 06:00;18.02.2018 07:00;33,51
18.02.2018 07:00;18.02.2018 08:00;33,56
18.02.2018 08:00;18.02.2018 09:00;34,23
18.02.2018 09:00;18.02.2018 10:00;35,42
18.02.2018 10:00;18.02.2018 11:00;35,75
18.02.2018 11:00;18.02.2018 12:00;35,97
18.02.2018 12:00;18.02.2018 13:00;34,71
18.02.2018 13:00;18.02.2018 14:00;35,0
18.02.2018 14:00;18.02.2018 15:00;34,38
18.02.2018 15:00;18.02.2018 16:00;34,94
18.02.2018 16:00;18.02.2018 17:00;36,24
18.02.2018 17:00;18.02.2018 18:00;42,36
18.02.2018 18:00;18.02.2018 19:00;49,01
18.02.2018 19:00;18.02.2018 20:00;45,79
18.02.2018 20:00;18.02.2018 21:00;42,88
18.02.2018 21:00;18.02.2018 22:00;37,87
18.02.2018 22:00;18.02.2018 23:00;36,23
18.02.2018 23:00;19.02.2018 00:00;33,77
19.02.2018 00:00;19.02.2018 01:00;33,77
19.02.2018 01:00;19.02.2018 02:00;33,56
19.02.2018 02:00;19.02.2018 03:00;33,78
19.02.2018 03:00;19.02.2018 04:00;33,94
19.02.2018 04:00;19.02.2018 05:00;35,07
19.02.2018 05:00;19.02.2018 06:00;37,65
19.02.2018 06:00;19.02.2018 07:00;48,49
19.02.2018 07:00;19.02.2018 08:00;57,95
19.02.2018 08:00;19.02.2018 09:00;61,28
19.02.2018 09:00;19.02.2018 10:00;61,63
19.02.2018 10:00;19.02.2018 11:00;59,67
19.02.2018 11:00;19.02.2018 12:00;58,11
19.02.2018 12:00;19.02.2018 13:00;54,24
19.02.2018 13:00;19.02.2018 14:00;53,01
19.02.2018 14:00;19.02.2018 15:00;54,55
19.02.2018 15:00;19.02.2018 16:00;53,97
19.02.2018 16:00;19.02.2018 17:00;50,97
19.02.2018 17:00;19.02.2018 18:00;59,92
19.02.2018 18:00;19.02.2018 19:00;67,84
19.02.2018 19:00;19.02.2018 20:00;62,04
19.02.2018 20:00;19.02.2018 21:00;59,9
19.02.2018 21:00;19.02.2018 22:00;49,07
19.02.2018 22:00;19.02.2018 23:00;45,95
19.02.2018 23:00;20.02.2018 00:00;40,9
20.02.2018 00:00;20.02.2018 01:00;42,21
20.02.2018 01:00;20.02.2018 02:00;39,6
20.02.2018 02:00;20.02.2018 03:00;36,95
20.02.2018 03:00;20.02.2018 04:00;36,26
20.02.2018 04:00;20.02.2018 05:00;36,95
20.02.2018 05:00;20.02.2018 06:00;40,69
20.02.2018 06:00;20.02.2018 07:00;47,19
20.02.2018 07:00;20.02.2018 08:00;60,05
20.02.2018 08:00;20.02.2018 09:00;61,92
20.02.2018 09:00;20.02.2018 10:00;61,85
20.02.2018 10:00;20.02.2018 11:00;59,89
20.02.2018 11:00;20.02.2018 12:00;56,1
20.02.2018 12:00;20.02.2018 13:00;53,38
20.02.2018 13:00;20.02.2018 14:00;51,67
20.02.2018 14:00;20.02.2018 15:00;50,7
20.02.2018 15:00;20.02.2018 16:00;49,87
20.02.2018 16:00;20.02.2018 17:00;50,25
20.02.2018 17:00;20.02.2018 18:00;53,51
20.02.2018 18:00;20.02.2018 19:00;60,48
20.02.2018 19:00;20.02.2018 20:00;59,62
20.02.2018 20:00;20.02.2018 21:00;46,93
20.02.2018 21:00;20.02.2018 22:00;42,89
20.02.2018 22:00;20.02.2018 23:00;40,84
20.02.2018 23:00;21.02.2018 00:00;37,41
21.02.2018 00:00;21.02.2018 01:00;37,46
21.02.2018 01:00;21.02.2018 02:00;37,05
21.02.2018 02:00;21.02.2018 03:00;36,78
21.02.2018 03:00;21.02.2018 04:00;36,64
21.02.2018 04:00;21.02.2018 05:00;37,33
21.02.2018 05:00;21.02.2018 06:00;39,06
21.02.2018 06:00;21.02.2018 07:00;45,65
21.02.2018 07:00;21.02.2018 08:00;59,13
21.02.2018 08:00;21.02.2018 09:00;60,69
21.02.2018 09:00;21.02.2018 10:00;60,49
21.02.2018 10:00;21.02.2018 11:00;55,51
21.02.2018 11:00;21.02.2018 12:00;49,71
21.02.2018 12:00;21.02.2018 13:00;45,85
21.02.2018 13:00;21.02.2018 14:00;45,11
21.02.2018 14:00;21.02.2018 15:00;44,4
21.02.2018 15:00;21.02.2018 16:00;44,97
21.02.2018 16:00;21.02.2018 17:00;47,41
21.02.2018 17:00;21.02.2018 18:00;55,43
21.02.2018 18:00;21.02.2018 19:00;58,93
21.02.2018 19:00;21.02.2018 20:00;55,24
21.02.2018 20:00;21.02.2018 21:00;48,13
21.02.2018 21:00;21.02.2018 22:00;43,97
21.02.2018 22:00;21.02.2018 23:00;39,89
21.02.2018 23:00;22.02.2018 00:00;37,28
22.02.2018 00:00;22.02.2018 01:00;39,17
22.02.2018 01:00;22.02.2018 02:00;38,31
22.02.2018 02:00;22.02.2018 03:00;37,95
22.02.2018 03:00;22.02.2018 04:00;38,04
22.02.2018 04:00;22.02.2018 05:00;39,05
22.02.2018 05:00;22.02.2018 06:00;42,02
22.02.2018 06:00;22.02.2018 07:00;49,93
22.02.2018 07:00;22.02.2018 08:00;59,19
22.02.2018 08:00;22.02.2018 09:00;60,97
22.02.2018 09:00;22.02.2018 10:00;60,07
22.02.2018 10:00;22.02.2018 11:00;53,94
22.02.2018 11:00;22.02.2018 12:00;48,87
22.02.2018 12:00;22.02.2018 13:00;44,82
22.02.2018 13:00;22.02.2018 14:00;44,02
22.02.2018 14:00;22.02.2018 15:00;44,11
22.02.2018 15:00;22.02.2018 16:00;44,68
22.02.2018 16:00;22.02.2018 17:00;49,8
22.02.2018 17:00;22.02.2018 18:00;56,34
22.02.2018 18:00;22.02.2018 19:00;59,98
22.02.2018 19:00;22.02.2018 20:00;55,8
22.02.2018 20:00;22.02.2018 21:00;45,83
22.02.2018 21:00;22.02.2018 22:00;44,44
22.02.2018 22:00;22.02.2018 23:00;42,44
22.02.2018 23:00;23.02.2018 00:00;38,2
23.02.2018 00:00;23.02.2018 01:00;38,58
23.02.2018 01:00;23.02.2018 02:00;37,53
23.02.2018 02:00;23.02.2018 03:00;37,24
23.02.2018 03:00;23.02.2018 04:00;37,13
23.02.2018 04:00;23.02.2018 05:00;37,54
23.02.2018 05:00;23.02.2018 06:00;39,85
23.02.2018 06:00;23.02.2018 07:00;49,55
23.02.2018 07:00;23.02.2018 08:00;61,62
23.02.2018 08:00;23.02.2018 09:00;63,03
23.02.2018 09:00;23.02.2018 10:00;55,5
23.02.2018 10:00;23.02.2018 11:00;54,1
23.02.2018 11:00;23.02.2018 12:00;45,24
23.02.2018 12:00;23.02.2018 13:00;40,71
23.02.2018 13:00;23.02.2018 14:00;37,01
23.02.2018 14:00;23.02.2018 15:00;37,0
23.02.2018 15:00;23.02.2018 16:00;38,79
23.02.2018 16:00;23.02.2018 17:00;44,33
23.02.2018 17:00;23.02.2018 18:00;50,48
23.02.2018 18:00;23.02.2018 19:00;53,97
23.02.2018 19:00;23.02.2018 20:00;48,93
23.02.2018 20:00;23.02.2018 21:00;41,81
23.02.2018 21:00;23.02.2018 22:00;38,71
23.02.2018 22:00;23.02.2018 23:00;37,8
23.02.2018 23:00;24.02.2018 00:00;36,04
24.02.2018 00:00;24.02.2018 01:00;37,08
24.02.2018 01:00;24.02.2018 02:00;34,96
24.02.2018 02:00;24.02.2018 03:00;33,08
24.02.2018 03:00;24.02.2018 04:00;31,61
24.02.2018 04:00;24.02.2018 05:00;31,22
24.02.2018 05:00;24.02.2018 06:00;29,09
24.02.2018 06:00;24.02.2018 07:00;32,98
24.02.2018 07:00;24.02.2018 08:00;37,05
24.02.2018 08:00;24.02.2018 09:00;33,05
24.02.2018 09:00;24.02.2018 10:00;31,12
24.02.2018 10:00;24.02.2018 11:00;17,55
24.02.2018 11:00;24.02.2018 12:00;3,4
24.02.2018 12:00;24.02.2018 13:00;-0,64
24.02.2018 13:00;24.02.2018 14:00;-15,08
24.02.2018 14:00;24.02.2018 15:00;-8,9
24.02.2018 15:00;24.02.2018 16:00;3,53
24.02.2018 16:00;24.02.2018 17:00;23,28
24.02.2018 17:00;24.02.2018 18:00;35,94
24.02.2018 18:00;24.02.2018 19:00;43,31
24.02.2018 19:00;24.02.2018 20:00;37,05
24.02.2018 20:00;24.02.2018 21:00;29,07
24.02.2018 21:00;24.02.2018 22:00;23,13
24.02.2018 22:00;24.02.2018 23:00;28,03
24.02.2018 23:00;25.02.2018 00:00;23,52
25.02.2018 00:00;25.02.2018 01:00;31,02
25.02.2018 01:00;25.02.2018 02:00;29,14
25.02.2018 02:00;25.02.2018 03:00;31,01
25.02.2018 03:00;25.02.2018 04:00;31,77
25.02.2018 04:00;25.02.2018 05:00;33,6
25.02.2018 05:00;25.02.2018 06:00;34,26
25.02.2018 06:00;25.02.2018 07:00;32,25
25.02.2018 07:00;25.02.2018 08:00;35,07
25.02.2018 08:00;25.02.2018 09:00;36,94
25.02.2018 09:00;25.02.2018 10:00;35,9
25.02.2018 10:00;25.02.2018 11:00;35,04
25.02.2018 11:00;25.02.2018 12:00;36,04
25.02.2018 12:00;25.02.2018 13:00;31,93
25.02.2018 13:00;25.02.2018 14:00;30,08
25.02.2018 14:00;25.02.2018 15:00;30,06
25.02.2018 15:00;25.02.2018 16:00;30,09
25.02.2018 16:00;25.02.2018 17:00;34,72
25.02.2018 17:00;25.02.2018 18:00;42,06
25.02.2018 18:00;25.02.2018 19:00;45,96
25.02.2018 19:00;25.02.2018 20:00;43,59
25.02.2018 20:00;25.02.2018 21:00;39,94
25.02.2018 21:00;25.02.2018 22:00;38,07
25.02.2018 22:00;25.02.2018 23:00;37,84
25.02.2018 23:00;26.02.2018 00:00;36,51
26.02.2018 00:00;26.02.2018 01:00;31,64
26.02.2018 01:00;26.02.2018 02:00;36,04
26.02.2018 02:00;26.02.2018 03:00;35,44
26.02.2018 03:00;26.02.2018 04:00;34,97
26.02.2018 04:00;26.02.2018 05:00;31,84
26.02.2018 05:00;26.02.2018 06:00;37,59
26.02.2018 06:00;26.02.2018 07:00;47,98
26.02.2018 07:00;26.02.2018 08:00;69,33
26.02.2018 08:00;26.02.2018 09:00;63,0
26.02.2018 09:00;26.02.2018 10:00;48,44
26.02.2018 10:00;26.02.2018 11:00;42,7
26.02.2018 11:00;26.02.2018 12:00;38,05
26.02.2018 12:00;26.02.2018 13:00;38,07
26.02.2018 13:00;26.02.2018 14:00;39,94
26.02.2018 14:00;26.02.2018 15:00;41,25
26.02.2018 15:00;26.02.2018 16:00;42,23
26.02.2018 16:00;26.02.2018 17:00;45,0
26.02.2018 17:00;26.02.2018 18:00;52,95
26.02.2018 18:00;26.02.2018 19:00;73,73
26.02.2018 19:00;26.02.2018 20:00;71,85
26.02.2018 20:00;26.02.2018 21:00;61,92
26.02.2018 21:00;26.02.2018 22:00;49,92
26.02.2018 22:00;26.02.2018 23:00;44,93
26.02.2018 23:00;27.02.2018 00:00;41,98
27.02.2018 00:00;27.02.2018 01:00;39,75
27.02.2018 01:00;27.02.2018 02:00;38,28
27.02.2018 02:00;27.02.2018 03:00;37,66
27.02.2018 03:00;27.02.2018 04:00;37,69
27.02.2018 04:00;27.02.2018 05:00;38,7
27.02.2018 05:00;27.02.2018 06:00;40,81
27.02.2018 06:00;27.02.2018 07:00;54,0
27.02.2018 07:00;27.02.2018 08:00;79,06
27.02.2018 08:00;27.02.2018 09:00;77,11
27.02.2018 09:00;27.02.2018 10:00;51,77
27.02.2018 10:00;27.02.2018 11:00;46,97
27.02.2018 11:00;27.02.2018 12:00;43,79
27.02.2018 12:00;27.02.2018 13:00;42,71
27.02.2018 13:00;27.02.2018 14:00;42,01
27.02.2018 14:00;27.02.2018 15:00;43,31
27.02.2018 15:00;27.02.2018 16:00;46,99
27.02.2018 16:00;27.02.2018 17:00;48,17
27.02.2018 17:00;27.02.2018 18:00;63,63
27.02.2018 18:00;27.02.2018 19:00;75,12
27.02.2018 19:00;27.02.2018 20:00;57,06
27.02.2018 20:00;27.02.2018 21:00;46,97
27.02.2018 21:00;27.02.2018 22:00;41,68
27.02.2018 22:00;27.02.2018 23:00;38,03
27.02.2018 23:00;28.02.2018 00:00;35,44
28.02.2018 00:00;28.02.2018 01:00;32,09
28.02.2018 01:00;28.02.2018 02:00;32,08
28.02.2018 02:00;28.02.2018 03:00;32,1
28.02.2018 03:00;28.02.2018 04:00;36,91
28.02.2018 04:00;28.02.2018 05:00;35,51
28.02.2018 05:00;28.02.2018 06:00;36,99
28.02.2018 06:00;28.02.2018 07:00;47,21
28.02.2018 07:00;28.02.2018 08:00;57,18
28.02.2018 08:00;28.02.2018 09:00;54,0
28.02.2018 09:00;28.02.2018 10:00;44,95
28.02.2018 10:00;28.02.2018 11:00;32,65
28.02.2018 11:00;28.02.2018 12:00;31,37
28.02.2018 12:00;28.02.2018 13:00;32,84
28.02.2018 13:00;28.02.2018 14:00;32,06
28.02.2018 14:00;28.02.2018 15:00;32,51
28.02.2018 15:00;28.02.2018 16:00;32,01
28.02.2018 16:00;28.02.2018 17:00;35,1
28.02.2018 17:00;28.02.2018 18:00;42,99
28.02.2018 18:00;28.02.2018 19:00;45,97
28.02.2018 19:00;28.02.2018 20:00;43,98
28.02.2018 20:00;28.02.2018 21:00;38,9
28.02.2018 21:00;28.02.2018 22:00;32,07
28.02.2018 22:00;28.02.2018 23:00;32,06
28.02.2018 23:00;01.03.2018 00:00;31,25
01.03.2018 00:00;01.03.2018 01:00;29,09
01.03.2018 01:00;01.03.2018 02:00;30,01
01.03.2018 02:00;01.03.2018 03:00;28,5
01.03.2018 03:00;01.03.2018 04:00;28,99
01.03.2018 04:00;01.03.2018 05:00;30,53
01.03.2018 05:00;01.03.2018 06:00;30,53
01.03.2018 06:00;01.03.2018 07:00;31,8
01.03.2018 07:00;01.03.2018 08:00;39,87
01.03.2018 08:00;01.03.2018 09:00;39,75
01.03.2018 09:00;01.03.2018 10:00;32,58
01.03.2018 10:00;01.03.2018 11:00;25,08
01.03.2018 11:00;01.03.2018 12:00;23,72
01.03.2018 12:00;01.03.2018 13:00;22,82
01.03.2018 13:00;01.03.2018 14:00;21,45
01.03.2018 14:00;01.03.2018 15:00;15,13
01.03.2018 15:00;01.03.2018 16:00;18,78
01.03.2018 16:00;01.03.2018 17:00;27,18
01.03.2018 17:00;01.03.2018 18:00;34,29
01.03.2018 18:00;01.03.2018 19:00;41,49
01.03.2018 19:00;01.03.2018 20:00;41,37
01.03.2018 20:00;01.03.2018 21:00;35,58
01.03.2018 21:00;01.03.2018 22:00;30,64
01.03.2018 22:00;01.03.2018 23:00;30,74
01.03.2018 23:00;02.03.2018 00:00;30,55
02.03.2018 00:00;02.03.2018 01:00;28,98
02.03.2018 01:00;02.03.2018 02:00;30,32
02.03.2018 02:00;02.03.2018 03:00;30,51
02.03.2018 03:00;02.03.2018 04:00;30,54
02.03.2018 04:00;02.03.2018 05:00;30,0
02.03.2018 05:00;02.03.2018 06:00;32,54
02.03.2018 06:00;02.03.2018 07:00;42,98
02.03.2018 07:00;02.03.2018 08:00;45,94
02.03.2018 08:00;02.03.2018 09:00;46,0
02.03.2018 09:00;02.03.2018 10:00;42,98
02.03.2018 10:00;02.03.2018 11:00;32,71
02.03.2018 11:00;02.03.2018 12:00;31,0
02.03.2018 12:00;02.03.2018 13:00;31,07
02.03.2018 13:00;02.03.2018 14:00;33,04
02.03.2018 14:00;02.03.2018 15:00;35,01
02.03.2018 15:00;02.03.2018 16:00;37,88
02.03.2018 16:00;02.03.2018 17:00;42,93
02.03.2018 17:00;02.03.2018 18:00;51,75
02.03.2018 18:00;02.03.2018 19:00;75,95
02.03.2018 19:00;02.03.2018 20:00;63,76
02.03.2018 20:00;02.03.2018 21:00;47,95
02.03.2018 21:00;02.03.2018 22:00;43,76
02.03.2018 22:00;02.03.2018 23:00;42,72
02.03.2018 23:00;03.03.2018 00:00;39,76
03.03.2018 00:00;03.03.2018 01:00;33,09
03.03.2018 01:00;03.03.2018 02:00;36,49
03.03.2018 02:00;03.03.2018 03:00;34,94
03.03.2018 03:00;03.03.2018 04:00;34,23
03.03.2018 04:00;03.03.2018 05:00;34,48
03.03.2018 05:00;03.03.2018 06:00;34,1
03.03.2018 06:00;03.03.2018 07:00;32,5
03.03.2018 07:00;03.03.2018 08:00;31,26
03.03.2018 08:00;03.03.2018 09:00;41,67
03.03.2018 09:00;03.03.2018 10:00;36,98
03.03.2018 10:00;03.03.2018 11:00;30,67
03.03.2018 11:00;03.03.2018 12:00;30,1
03.03.2018 12:00;03.03.2018 13:00;31,34
03.03.2018 13:00;03.03.2018 14:00;30,09
03.03.2018 14:00;03.03.2018 15:00;31,35
03.03.2018 15:00;03.03.2018 16:00;31,73
03.03.2018 16:00;03.03.2018 17:00;31,39
03.03.2018 17:00;03.03.2018 18:00;42,0
03.03.2018 18:00;03.03.2018 19:00;42,0
03.03.2018 19:00;03.03.2018 20:00;39,05
03.03.2018 20:00;03.03.2018 21:00;37,71
03.03.2018 21:00;03.03.2018 22:00;34,51
03.03.2018 22:00;03.03.2018 23:00;35,88
03.03.2018 23:00;04.03.2018 00:00;30,24
04.03.2018 00:00;04.03.2018 01:00;30,08
04.03.2018 01:00;04.03.2018 02:00;30,07
04.03.2018 02:00;04.03.2018 03:00;30,17
04.03.2018 03:00;04.03.2018 04:00;30,17
04.03.2018 04:00;04.03.2018 05:00;30,28
04.03.2018 05:00;04.03.2018 06:00;30,24
04.03.2018 06:00;04.03.2018 07:00;30,06
04.03.2018 07:00;04.03.2018 08:00;30,06
04.03.2018 08:00;04.03.2018 09:00;34,95
04.03.2018 09:00;04.03.2018 10:00;35,22
04.03.2018 10:00;04.03.2018 11:00;34,39
04.03.2018 11:00;04.03.2018 12:00;32,57
04.03.2018 12:00;04.03.2018 13:00;30,08
04.03.2018 13:00;04.03.2018 14:00;29,26
04.03.2018 14:00;04.03.2018 15:00;29,12
04.03.2018 15:00;04.03.2018 16:00;30,39
04.03.2018 16:00;04.03.2018 17:00;34,06
04.03.2018 17:00;04.03.2018 18:00;33,08
04.03.2018 18:00;04.03.2018 19:00;35,37
04.03.2018 19:00;04.03.2018 20:00;35,74
04.03.2018 20:00;04.03.2018 21:00;30,35
04.03.2018 21:00;04.03.2018 22:00;30,36
04.03.2018 22:00;04.03.2018 23:00;30,07
04.03.2018 23:00;05.03.2018 00:00;25,7
05.03.2018 00:00;05.03.2018 01:00;24,74
05.03.2018 01:00;05.03.2018 02:00;20,92
05.03.2018 02:00;05.03.2018 03:00;16,31
05.03.2018 03:00;05.03.2018 04:00;16,61
05.03.2018 04:00;05.03.2018 05:00;27,08
05.03.2018 05:00;05.03.2018 06:00;31,73
05.03.2018 06:00;05.03.2018 07:00;45,92
05.03.2018 07:00;05.03.2018 08:00;53,94
05.03.2018 08:00;05.03.2018 09:00;64,06
05.03.2018 09:00;05.03.2018 10:00;62,63
05.03.2018 10:00;05.03.2018 11:00;56,02
05.03.2018 11:00;05.03.2018 12:00;54,98
05.03.2018 12:00;05.03.2018 13:00;49,02
05.03.2018 13:00;05.03.2018 14:00;48,11
05.03.2018 14:00;05.03.2018 15:00;53,43
05.03.2018 15:00;05.03.2018 16:00;55,1
05.03.2018 16:00;05.03.2018 17:00;55,49
05.03.2018 17:00;05.03.2018 18:00;69,67
05.03.2018 18:00;05.03.2018 19:00;83,16
05.03.2018 19:00;05.03.2018 20:00;83,61
05.03.2018 20:00;05.03.2018 21:00;62,48
05.03.2018 21:00;05.03.2018 22:00;54,96
05.03.2018 22:00;05.03.2018 23:00;47,04
05.03.2018 23:00;06.03.2018 00:00;40,4
06.03.2018 00:00;06.03.2018 01:00;38,96
06.03.2018 01:00;06.03.2018 02:00;37,96
06.03.2018 02:00;06.03.2018 03:00;37,39
06.03.2018 03:00;06.03.2018 04:00;36,61
06.03.2018 04:00;06.03.2018 05:00;36,91
06.03.2018 05:00;06.03.2018 06:00;38,76
06.03.2018 06:00;06.03.2018 07:00;46,5
06.03.2018 07:00;06.03.2018 08:00;58,26
06.03.2018 08:00;06.03.2018 09:00;65,19
06.03.2018 09:00;06.03.2018 10:00;65,02
06.03.2018 10:00;06.03.2018 11:00;63,28
06.03.2018 11:00;06.03.2018 12:00;55,03
06.03.2018 12:00;06.03.2018 13:00;52,39
06.03.2018 13:00;06.03.2018 14:00;50,07
06.03.2018 14:00;06.03.2018 15:00;48,98
06.03.2018 15:00;06.03.2018 16:00;48,76
06.03.2018 16:00;06.03.2018 17:00;49,42
06.03.2018 17:00;06.03.2018 18:00;53,99
06.03.2018 18:00;06.03.2018 19:00;60,7
06.03.2018 19:00;06.03.2018 20:00;64,63
06.03.2018 20:00;06.03.2018 21:00;59,9
06.03.2018 21:00;06.03.2018 22:00;46,95
06.03.2018 22:00;06.03.2018 23:00;42,9
06.03.2018 23:00;07.03.2018 00:00;39,55
07.03.2018 00:00;07.03.2018 01:00;39,07
07.03.2018 01:00;07.03.2018 02:00;38,58
07.03.2018 02:00;07.03.2018 03:00;37,1
07.03.2018 03:00;07.03.2018 04:00;36,91
07.03.2018 04:00;07.03.2018 05:00;37,54
07.03.2018 05:00;07.03.2018 06:00;39,9
07.03.2018 06:00;07.03.2018 07:00;46,69
07.03.2018 07:00;07.03.2018 08:00;55,85
07.03.2018 08:00;07.03.2018 09:00;61,79
07.03.2018 09:00;07.03.2018 10:00;60,0
07.03.2018 10:00;07.03.2018 11:00;56,54
07.03.2018 11:00;07.03.2018 12:00;56,51
07.03.2018 12:00;07.03.2018 13:00;51,51
07.03.2018 13:00;07.03.2018 14:00;48,99
07.03.2018 14:00;07.03.2018 15:00;47,07
07.03.2018 15:00;07.03.2018 16:00;47,9
07.03.2018 16:00;07.03.2018 17:00;48,89
07.03.2018 17:00;07.03.2018 18:00;53,7
07.03.2018 18:00;07.03.2018 19:00;60,95
07.03.2018 19:00;07.03.2018 20:00;64,34
07.03.2018 20:00;07.03.2018 21:00;50,29
07.03.2018 21:00;07.03.2018 22:00;43,66
07.03.2018 22:00;07.03.2018 23:00;40,77
07.03.2018 23:00;08.03.2018 00:00;36,6
08.03.2018 00:00;08.03.2018 01:00;37,37
08.03.2018 01:00;08.03.2018 02:00;35,03
08.03.2018 02:00;08.03.2018 03:00;35,73
08.03.2018 03:00;08.03.2018 04:00;33,29
08.03.2018 04:00;08.03.2018 05:00;34,0
08.03.2018 05:00;08.03.2018 06:00;34,63
08.03.2018 06:00;08.03.2018 07:00;41,47
08.03.2018 07:00;08.03.2018 08:00;46,2
08.03.2018 08:00;08.03.2018 09:00;46,96
08.03.2018 09:00;08.03.2018 10:00;44,91
08.03.2018 10:00;08.03.2018 11:00;35,91
08.03.2018 11:00;08.03.2018 12:00;33,67
08.03.2018 12:00;08.03.2018 13:00;32,94
08.03.2018 13:00;08.03.2018 14:00;33,15
08.03.2018 14:00;08.03.2018 15:00;33,5
08.03.2018 15:00;08.03.2018 16:00;38,27
08.03.2018 16:00;08.03.2018 17:00;40,51
08.03.2018 17:00;08.03.2018 18:00;42,99
08.03.2018 18:00;08.03.2018 19:00;47,66
08.03.2018 19:00;08.03.2018 20:00;45,3
08.03.2018 20:00;08.03.2018 21:00;34,9
08.03.2018 21:00;08.03.2018 22:00;32,08
08.03.2018 22:00;08.03.2018 23:00;31,71
08.03.2018 23:00;09.03.2018 00:00;28,51
09.03.2018 00:00;09.03.2018 01:00;15,72
09.03.2018 01:00;09.03.2018 02:00;14,79
09.03.2018 02:00;09.03.2018 03:00;13,7
09.03.2018 03:00;09.03.2018 04:00;12,76
09.03.2018 04:00;09.03.2018 05:00;24,37
09.03.2018 05:00;09.03.2018 06:00;31,02
09.03.2018 06:00;09.03.2018 07:00;33,98
09.03.2018 07:00;09.03.2018 08:00;41,98
09.03.2018 08:00;09.03.2018 09:00;43,93
09.03.2018 09:00;09.03.2018 10:00;41,94
09.03.2018 10:00;09.03.2018 11:00;40,69
09.03.2018 11:00;09.03.2018 12:00;39,81
09.03.2018 12:00;09.03.2018 13:00;37,33
09.03.2018 13:00;09.03.2018 14:00;39,72
09.03.2018 14:00;09.03.2018 15:00;40,38
09.03.2018 15:00;09.03.2018 16:00;42,19
09.03.2018 16:00;09.03.2018 17:00;44,46
09.03.2018 17:00;09.03.2018 18:00;46,54
09.03.2018 18:00;09.03.2018 19:00;58,6
09.03.2018 19:00;09.03.2018 20:00;53,12
09.03.2018 20:00;09.03.2018 21:00;48,88
09.03.2018 21:00;09.03.2018 22:00;44,21
09.03.2018 22:00;09.03.2018 23:00;41,08
09.03.2018 23:00;10.03.2018 00:00;38,66
10.03.2018 00:00;10.03.2018 01:00;33,1
10.03.2018 01:00;10.03.2018 02:00;31,29
10.03.2018 02:00;10.03.2018 03:00;30,85
10.03.2018 03:00;10.03.2018 04:00;29,06
10.03.2018 04:00;10.03.2018 05:00;30,0
10.03.2018 05:00;10.03.2018 06:00;28,46
10.03.2018 06:00;10.03.2018 07:00;29,66
10.03.2018 07:00;10.03.2018 08:00;30,74
10.03.2018 08:00;10.03.2018 09:00;33,96
10.03.2018 09:00;10.03.2018 10:00;36,01
10.03.2018 10:00;10.03.2018 11:00;37,52
10.03.2018 11:00;10.03.2018 12:00;37,39
10.03.2018 12:00;10.03.2018 13:00;36,6
10.03.2018 13:00;10.03.2018 14:00;35,64
10.03.2018 14:00;10.03.2018 15:00;34,01
10.03.2018 15:00;10.03.2018 16:00;34,03
10.03.2018 16:00;10.03.2018 17:00;36,4
10.03.2018 17:00;10.03.2018 18:00;38,67
10.03.2018 18:00;10.03.2018 19:00;42,04
10.03.2018 19:00;10.03.2018 20:00;44,0
10.03.2018 20:00;10.03.2018 21:00;39,7
10.03.2018 21:00;10.03.2018 22:00;35,44
10.03.2018 22:00;10.03.2018 23:00;34,5
10.03.2018 23:00;11.03.2018 00:00;35,19
11.03.2018 00:00;11.03.2018 01:00;32,26
11.03.2018 01:00;11.03.2018 02:00;27,14
11.03.2018 02:00;11.03.2018 03:00;25,65
11.03.2018 03:00;11.03.2018 04:00;26,2
11.03.2018 04:00;11.03.2018 05:00;25,06
11.03.2018 05:00;11.03.2018 06:00;24,92
11.03.2018 06:00;11.03.2018 07:00;25,81
11.03.2018 07:00;11.03.2018 08:00;27,61
11.03.2018 08:00;11.03.2018 09:00;29,31
11.03.2018 09:00;11.03.2018 10:00;30,15
11.03.2018 10:00;11.03.2018 11:00;28,97
11.03.2018 11:00;11.03.2018 12:00;27,1
11.03.2018 12:00;11.03.2018 13:00;24,15
11.03.2018 13:00;11.03.2018 14:00;20,81
11.03.2018 14:00;11.03.2018 15:00;21,69
11.03.2018 15:00;11.03.2018 16:00;27,56
11.03.2018 16:00;11.03.2018 17:00;31,01
11.03.2018 17:00;11.03.2018 18:00;31,9
11.03.2018 18:00;11.03.2018 19:00;35,7
11.03.2018 19:00;11.03.2018 20:00;38,06
11.03.2018 20:00;11.03.2018 21:00;34,02
11.03.2018 21:00;11.03.2018 22:00;30,62
11.03.2018 22:00;11.03.2018 23:00;32,59
11.03.2018 23:00;12.03.2018 00:00;31,01
12.03.2018 00:00;12.03.2018 01:00;32,1
12.03.2018 01:00;12.03.2018 02:00;31,45
12.03.2018 02:00;12.03.2018 03:00;30,67
12.03.2018 03:00;12.03.2018 04:00;28,92
12.03.2018 04:00;12.03.2018 05:00;30,39
12.03.2018 05:00;12.03.2018 06:00;34,14
12.03.2018 06:00;12.03.2018 07:00;45,65
12.03.2018 07:00;12.03.2018 08:00;50,58
12.03.2018 08:00;12.03.2018 09:00;50,48
12.03.2018 09:00;12.03.2018 10:00;49,99
12.03.2018 10:00;12.03.2018 11:00;47,91
12.03.2018 11:00;12.03.2018 12:00;46,23
12.03.2018 12:00;12.03.2018 13:00;45,0
12.03.2018 13:00;12.03.2018 14:00;42,48
12.03.2018 14:00;12.03.2018 15:00;41,65
12.03.2018 15:00;12.03.2018 16:00;41,67
12.03.2018 16:00;12.03.2018 17:00;42,49
12.03.2018 17:00;12.03.2018 18:00;46,96
12.03.2018 18:00;12.03.2018 19:00;50,24
12.03.2018 19:00;12.03.2018 20:00;49,94
12.03.2018 20:00;12.03.2018 21:00;42,47
12.03.2018 21:00;12.03.2018 22:00;39,49
12.03.2018 22:00;12.03.2018 23:00;37,6
12.03.2018 23:00;13.03.2018 00:00;30,77
13.03.2018 00:00;13.03.2018 01:00;32,47
13.03.2018 01:00;13.03.2018 02:00;29,57
13.03.2018 02:00;13.03.2018 03:00;28,14
13.03.2018 03:00;13.03.2018 04:00;26,2
13.03.2018 04:00;13.03.2018 05:00;27,76
13.03.2018 05:00;13.03.2018 06:00;33,27
13.03.2018 06:00;13.03.2018 07:00;40,6
13.03.2018 07:00;13.03.2018 08:00;46,46
13.03.2018 08:00;13.03.2018 09:00;46,37
13.03.2018 09:00;13.03.2018 10:00;42,5
13.03.2018 10:00;13.03.2018 11:00;40,81
13.03.2018 11:00;13.03.2018 12:00;40,83
13.03.2018 12:00;13.03.2018 13:00;41,96
13.03.2018 13:00;13.03.2018 14:00;40,92
13.03.2018 14:00;13.03.2018 15:00;40,91
13.03.2018 15:00;13.03.2018 16:00;42,36
13.03.2018 16:00;13.03.2018 17:00;41,85
13.03.2018 17:00;13.03.2018 18:00;46,04
13.03.2018 18:00;13.03.2018 19:00;50,92
13.03.2018 19:00;13.03.2018 20:00;51,43
13.03.2018 20:00;13.03.2018 21:00;44,99
13.03.2018 21:00;13.03.2018 22:00;43,04
13.03.2018 22:00;13.03.2018 23:00;40,76
13.03.2018 23:00;14.03.2018 00:00;36,36
14.03.2018 00:00;14.03.2018 01:00;33,88
14.03.2018 01:00;14.03.2018 02:00;33,16
14.03.2018 02:00;14.03.2018 03:00;32,98
14.03.2018 03:00;14.03.2018 04:00;34,96
14.03.2018 04:00;14.03.2018 05:00;34,0
14.03.2018 05:00;14.03.2018 06:00;35,9
14.03.2018 06:00;14.03.2018 07:00;48,52
14.03.2018 07:00;14.03.2018 08:00;60,6
14.03.2018 08:00;14.03.2018 09:00;64,98
14.03.2018 09:00;14.03.2018 10:00;61,99
14.03.2018 10:00;14.03.2018 11:00;57,98
14.03.2018 11:00;14.03.2018 12:00;53,83
14.03.2018 12:00;14.03.2018 13:00;49,58
14.03.2018 13:00;14.03.2018 14:00;48,45
14.03.2018 14:00;14.03.2018 15:00;46,99
14.03.2018 15:00;14.03.2018 16:00;47,66
14.03.2018 16:00;14.03.2018 17:00;47,77
14.03.2018 17:00;14.03.2018 18:00;53,63
14.03.2018 18:00;14.03.2018 19:00;62,81
14.03.2018 19:00;14.03.2018 20:00;60,94
14.03.2018 20:00;14.03.2018 21:00;48,86
14.03.2018 21:00;14.03.2018 22:00;39,59
14.03.2018 22:00;14.03.2018 23:00;34,16
14.03.2018 23:00;15.03.2018 00:00;29,55
15.03.2018 00:00;15.03.2018 01:00;25,36
15.03.2018 01:00;15.03.2018 02:00;20,41
15.03.2018 02:00;15.03.2018 03:00;18,42
15.03.2018 03:00;15.03.2018 04:00;14,91
15.03.2018 04:00;15.03.2018 05:00;13,25
15.03.2018 05:00;15.03.2018 06:00;18,35
15.03.2018 06:00;15.03.2018 07:00;32,76
15.03.2018 07:00;15.03.2018 08:00;40,49
15.03.2018 08:00;15.03.2018 09:00;39,99
15.03.2018 09:00;15.03.2018 10:00;30,0
15.03.2018 10:00;15.03.2018 11:00;19,48
15.03.2018 11:00;15.03.2018 12:00;15,2
15.03.2018 12:00;15.03.2018 13:00;13,65
15.03.2018 13:00;15.03.2018 14:00;13,56
15.03.2018 14:00;15.03.2018 15:00;18,85
15.03.2018 15:00;15.03.2018 16:00;21,25
15.03.2018 16:00;15.03.2018 17:00;24,0
15.03.2018 17:00;15.03.2018 18:00;30,62
15.03.2018 18:00;15.03.2018 19:00;39,55
15.03.2018 19:00;15.03.2018 20:00;38,86
15.03.2018 20:00;15.03.2018 21:00;30,36
15.03.2018 21:00;15.03.2018 22:00;29,07
15.03.2018 22:00;15.03.2018 23:00;25,66
15.03.2018 23:00;16.03.2018 00:00;17,02
16.03.2018 00:00;16.03.2018 01:00;12,08
16.03.2018 01:00;16.03.2018 02:00;12,01
16.03.2018 02:00;16.03.2018 03:00;8,06
16.03.2018 03:00;16.03.2018 04:00;10,84
16.03.2018 04:00;16.03.2018 05:00;13,4
16.03.2018 05:00;16.03.2018 06:00;24,49
16.03.2018 06:00;16.03.2018 07:00;37,76
16.03.2018 07:00;16.03.2018 08:00;45,86
16.03.2018 08:00;16.03.2018 09:00;47,98
16.03.2018 09:00;16.03.2018 10:00;44,97
16.03.2018 10:00;16.03.2018 11:00;44,0
16.03.2018 11:00;16.03.2018 12:00;42,0
16.03.2018 12:00;16.03.2018 13:00;38,1
16.03.2018 13:00;16.03.2018 14:00;31,97
16.03.2018 14:00;16.03.2018 15:00;27,09
16.03.2018 15:00;16.03.2018 16:00;26,67
16.03.2018 16:00;16.03.2018 17:00;30,85
16.03.2018 17:00;16.03.2018 18:00;37,09
16.03.2018 18:00;16.03.2018 19:00;40,23
16.03.2018 19:00;16.03.2018 20:00;38,38
16.03.2018 20:00;16.03.2018 21:00;36,95
16.03.2018 21:00;16.03.2018 22:00;20,74
16.03.2018 22:00;16.03.2018 23:00;21,62
16.03.2018 23:00;17.03.2018 00:00;10,6
17.03.2018 00:00;17.03.2018 01:00;13,26
17.03.2018 01:00;17.03.2018 02:00;5,56
17.03.2018 02:00;17.03.2018 03:00;0,08
17.03.2018 03:00;17.03.2018 04:00;0,02
17.03.2018 04:00;17.03.2018 05:00;-5,0
17.03.2018 05:00;17.03.2018 06:00;-11,86
17.03.2018 06:00;17.03.2018 07:00;-0,71
17.03.2018 07:00;17.03.2018 08:00;10,76
17.03.2018 08:00;17.03.2018 09:00;10,01
17.03.2018 09:00;17.03.2018 10:00;9,8
17.03.2018 10:00;17.03.2018 11:00;10,0
17.03.2018 11:00;17.03.2018 12:00;10,73
17.03.2018 12:00;17.03.2018 13:00;8,92
17.03.2018 13:00;17.03.2018 14:00;1,42
17.03.2018 14:00;17.03.2018 15:00;-0,46
17.03.2018 15:00;17.03.2018 16:00;1,78
17.03.2018 16:00;17.03.2018 17:00;1,58
17.03.2018 17:00;17.03.2018 18:00;6,91
17.03.2018 18:00;17.03.2018 19:00;12,97
17.03.2018 19:00;17.03.2018 20:00;13,17
17.03.2018 20:00;17.03.2018 21:00;1,09
17.03.2018 21:00;17.03.2018 22:00;-2,51
17.03.2018 22:00;17.03.2018 23:00;2,05
17.03.2018 23:00;18.03.2018 00:00;-4,09
18.03.2018 00:00;18.03.2018 01:00;-2,0
18.03.2018 01:00;18.03.2018 02:00;-12,12
18.03.2018 02:00;18.03.2018 03:00;-9,63
18.03.2018 03:00;18.03.2018 04:00;-9,61
18.03.2018 04:00;18.03.2018 05:00;-9,25
18.03.2018 05:00;18.03.2018 06:00;-9,64
18.03.2018 06:00;18.03.2018 07:00;-14,42
18.03.2018 07:00;18.03.2018 08:00;-27,18
18.03.2018 08:00;18.03.2018 09:00;-19,95
18.03.2018 09:00;18.03.2018 10:00;-24,22
18.03.2018 10:00;18.03.2018 11:00;-29,99
18.03.2018 11:00;18.03.2018 12:00;0,0
18.03.2018 12:00;18.03.2018 13:00;-0,05
18.03.2018 13:00;18.03.2018 14:00;-18,22
18.03.2018 14:00;18.03.2018 15:00;-9,79
18.03.2018 15:00;18.03.2018 16:00;-22,95
18.03.2018 16:00;18.03.2018 17:00;4,74
18.03.2018 17:00;18.03.2018 18:00;23,11
18.03.2018 18:00;18.03.2018 19:00;40,38
18.03.2018 19:00;18.03.2018 20:00;41,06
18.03.2018 20:00;18.03.2018 21:00;39,78
18.03.2018 21:00;18.03.2018 22:00;38,05
18.03.2018 22:00;18.03.2018 23:00;38,06
18.03.2018 23:00;19.03.2018 00:00;36,88
19.03.2018 00:00;19.03.2018 01:00;31,09
19.03.2018 01:00;19.03.2018 02:00;31,2
19.03.2018 02:00;19.03.2018 03:00;33,35
19.03.2018 03:00;19.03.2018 04:00;33,44
19.03.2018 04:00;19.03.2018 05:00;31,27
19.03.2018 05:00;19.03.2018 06:00;38,18
19.03.2018 06:00;19.03.2018 07:00;50,06
19.03.2018 07:00;19.03.2018 08:00;59,93
19.03.2018 08:00;19.03.2018 09:00;63,28
19.03.2018 09:00;19.03.2018 10:00;53,41
19.03.2018 10:00;19.03.2018 11:00;48,53
19.03.2018 11:00;19.03.2018 12:00;46,84
19.03.2018 12:00;19.03.2018 13:00;47,04
19.03.2018 13:00;19.03.2018 14:00;47,54
19.03.2018 14:00;19.03.2018 15:00;45,95
19.03.2018 15:00;19.03.2018 16:00;50,03
19.03.2018 16:00;19.03.2018 17:00;50,99
19.03.2018 17:00;19.03.2018 18:00;57,18
19.03.2018 18:00;19.03.2018 19:00;73,0
19.03.2018 19:00;19.03.2018 20:00;98,19
19.03.2018 20:00;19.03.2018 21:00;59,98
19.03.2018 21:00;19.03.2018 22:00;48,96
19.03.2018 22:00;19.03.2018 23:00;42,05
19.03.2018 23:00;20.03.2018 00:00;37,36
20.03.2018 00:00;20.03.2018 01:00;38,95
20.03.2018 01:00;20.03.2018 02:00;37,53
20.03.2018 02:00;20.03.2018 03:00;37,06
20.03.2018 03:00;20.03.2018 04:00;36,59
20.03.2018 04:00;20.03.2018 05:00;36,59
20.03.2018 05:00;20.03.2018 06:00;38,09
20.03.2018 06:00;20.03.2018 07:00;42,14
20.03.2018 07:00;20.03.2018 08:00;49,95
20.03.2018 08:00;20.03.2018 09:00;49,85
20.03.2018 09:00;20.03.2018 10:00;42,95
20.03.2018 10:00;20.03.2018 11:00;38,02
20.03.2018 11:00;20.03.2018 12:00;38,09
20.03.2018 12:00;20.03.2018 13:00;38,0
20.03.2018 13:00;20.03.2018 14:00;36,48
20.03.2018 14:00;20.03.2018 15:00;37,08
20.03.2018 15:00;20.03.2018 16:00;36,74
20.03.2018 16:00;20.03.2018 17:00;38,09
20.03.2018 17:00;20.03.2018 18:00;47,12
20.03.2018 18:00;20.03.2018 19:00;56,92
20.03.2018 19:00;20.03.2018 20:00;64,92
20.03.2018 20:00;20.03.2018 21:00;54,88
20.03.2018 21:00;20.03.2018 22:00;50,25
20.03.2018 22:00;20.03.2018 23:00;44,72
20.03.2018 23:00;21.03.2018 00:00;39,6
21.03.2018 00:00;21.03.2018 01:00;40,77
21.03.2018 01:00;21.03.2018 02:00;40,53
21.03.2018 02:00;21.03.2018 03:00;40,74
21.03.2018 03:00;21.03.2018 04:00;40,08
21.03.2018 04:00;21.03.2018 05:00;40,07
21.03.2018 05:00;21.03.2018 06:00;41,38
21.03.2018 06:00;21.03.2018 07:00;57,15
21.03.2018 07:00;21.03.2018 08:00;71,0
21.03.2018 08:00;21.03.2018 09:00;78,33
21.03.2018 09:00;21.03.2018 10:00;70,05
21.03.2018 10:00;21.03.2018 11:00;57,96
21.03.2018 11:00;21.03.2018 12:00;51,15
21.03.2018 12:00;21.03.2018 13:00;46,13
21.03.2018 13:00;21.03.2018 14:00;42,27
21.03.2018 14:00;21.03.2018 15:00;42,11
21.03.2018 15:00;21.03.2018 16:00;47,91
21.03.2018 16:00;21.03.2018 17:00;49,22
21.03.2018 17:00;21.03.2018 18:00;57,95
21.03.2018 18:00;21.03.2018 19:00;69,88
21.03.2018 19:00;21.03.2018 20:00;78,91
21.03.2018 20:00;21.03.2018 21:00;58,46
21.03.2018 21:00;21.03.2018 22:00;44,94
21.03.2018 22:00;21.03.2018 23:00;39,93
21.03.2018 23:00;22.03.2018 00:00;37,06
22.03.2018 00:00;22.03.2018 01:00;33,05
22.03.2018 01:00;22.03.2018 02:00;33,06
22.03.2018 02:00;22.03.2018 03:00;26,09
22.03.2018 03:00;22.03.2018 04:00;21,49
22.03.2018 04:00;22.03.2018 05:00;22,13
22.03.2018 05:00;22.03.2018 06:00;30,0
22.03.2018 06:00;22.03.2018 07:00;35,7
22.03.2018 07:00;22.03.2018 08:00;39,2
22.03.2018 08:00;22.03.2018 09:00;40,11
22.03.2018 09:00;22.03.2018 10:00;37,01
22.03.2018 10:00;22.03.2018 11:00;35,92
22.03.2018 11:00;22.03.2018 12:00;37,08
22.03.2018 12:00;22.03.2018 13:00;38,06
22.03.2018 13:00;22.03.2018 14:00;39,97
22.03.2018 14:00;22.03.2018 15:00;41,22
22.03.2018 15:00;22.03.2018 16:00;42,99
22.03.2018 16:00;22.03.2018 17:00;47,98
22.03.2018 17:00;22.03.2018 18:00;57,92
22.03.2018 18:00;22.03.2018 19:00;70,26
22.03.2018 19:00;22.03.2018 20:00;93,43
22.03.2018 20:00;22.03.2018 21:00;64,99
22.03.2018 21:00;22.03.2018 22:00;58,42
22.03.2018 22:00;22.03.2018 23:00;53,33
22.03.2018 23:00;23.03.2018 00:00;46,77
23.03.2018 00:00;23.03.2018 01:00;41,39
23.03.2018 01:00;23.03.2018 02:00;41,12
23.03.2018 02:00;23.03.2018 03:00;40,95
23.03.2018 03:00;23.03.2018 04:00;40,49
23.03.2018 04:00;23.03.2018 05:00;40,55
23.03.2018 05:00;23.03.2018 06:00;42,78
23.03.2018 06:00;23.03.2018 07:00;55,87
23.03.2018 07:00;23.03.2018 08:00;65,62
23.03.2018 08:00;23.03.2018 09:00;70,42
23.03.2018 09:00;23.03.2018 10:00;65,72
23.03.2018 10:00;23.03.2018 11:00;60,4
23.03.2018 11:00;23.03.2018 12:00;57,57
23.03.2018 12:00;23.03.2018 13:00;52,53
23.03.2018 13:00;23.03.2018 14:00;50,35
23.03.2018 14:00;23.03.2018 15:00;49,23
23.03.2018 15:00;23.03.2018 16:00;49,15
23.03.2018 16:00;23.03.2018 17:00;49,48
23.03.2018 17:00;23.03.2018 18:00;57,99
23.03.2018 18:00;23.03.2018 19:00;60,73
23.03.2018 19:00;23.03.2018 20:00;70,72
23.03.2018 20:00;23.03.2018 21:00;60,94
23.03.2018 21:00;23.03.2018 22:00;51,79
23.03.2018 22:00;23.03.2018 23:00;48,56
23.03.2018 23:00;24.03.2018 00:00;45,01
24.03.2018 00:00;24.03.2018 01:00;38,74
24.03.2018 01:00;24.03.2018 02:00;37,09
24.03.2018 02:00;24.03.2018 03:00;37,7
24.03.2018 03:00;24.03.2018 04:00;37,48
24.03.2018 04:00;24.03.2018 05:00;38,14
24.03.2018 05:00;24.03.2018 06:00;38,35
24.03.2018 06:00;24.03.2018 07:00;38,86
24.03.2018 07:00;24.03.2018 08:00;40,18
24.03.2018 08:00;24.03.2018 09:00;41,58
24.03.2018 09:00;24.03.2018 10:00;41,5
24.03.2018 10:00;24.03.2018 11:00;38,0
24.03.2018 11:00;24.03.2018 12:00;37,41
24.03.2018 12:00;24.03.2018 13:00;37,0
24.03.2018 13:00;24.03.2018 14:00;37,78
24.03.2018 14:00;24.03.2018 15:00;37,47
24.03.2018 15:00;24.03.2018 16:00;38,84
24.03.2018 16:00;24.03.2018 17:00;40,2
24.03.2018 17:00;24.03.2018 18:00;46,37
24.03.2018 18:00;24.03.2018 19:00;58,06
24.03.2018 19:00;24.03.2018 20:00;59,58
24.03.2018 20:00;24.03.2018 21:00;51,99
24.03.2018 21:00;24.03.2018 22:00;42,97
24.03.2018 22:00;24.03.2018 23:00;40,29
24.03.2018 23:00;25.03.2018 00:00;38,05
25.03.2018 00:00;25.03.2018 01:00;38,52
25.03.2018 01:00;24.03.2018 02:00;38,01
25.03.2018 03:00;25.03.2018 04:00;37,85
25.03.2018 04:00;25.03.2018 05:00;37,28
25.03.2018 05:00;25.03.2018 06:00;37,24
25.03.2018 06:00;25.03.2018 07:00;37,08
25.03.2018 07:00;25.03.2018 08:00;38,67
25.03.2018 08:00;25.03.2018 09:00;39,04
25.03.2018 09:00;25.03.2018 10:00;38,06
25.03.2018 10:00;25.03.2018 11:00;35,01
25.03.2018 11:00;25.03.2018 12:00;31,44
25.03.2018 12:00;25.03.2018 13:00;31,29
25.03.2018 13:00;25.03.2018 14:00;29,05
25.03.2018 14:00;25.03.2018 15:00;29,93
25.03.2018 15:00;25.03.2018 16:00;31,81
25.03.2018 16:00;25.03.2018 17:00;36,0
25.03.2018 17:00;25.03.2018 18:00;36,86
25.03.2018 18:00;25.03.2018 19:00;41,38
25.03.2018 19:00;25.03.2018 20:00;45,16
25.03.2018 20:00;25.03.2018 21:00;51,3
25.03.2018 21:00;25.03.2018 22:00;42,0
25.03.2018 22:00;25.03.2018 23:00;45,09
25.03.2018 23:00;26.03.2018 00:00;39,54
26.03.2018 00:00;26.03.2018 01:00;40,36
26.03.2018 01:00;26.03.2018 02:00;39,53
26.03.2018 02:00;26.03.2018 03:00;38,92
26.03.2018 03:00;26.03.2018 04:00;38,01
26.03.2018 04:00;26.03.2018 05:00;37,25
26.03.2018 05:00;26.03.2018 06:00;38,02
26.03.2018 06:00;26.03.2018 07:00;52,28
26.03.2018 07:00;26.03.2018 08:00;63,03
26.03.2018 08:00;26.03.2018 09:00;79,47
26.03.2018 09:00;26.03.2018 10:00;76,61
26.03.2018 10:00;26.03.2018 11:00;67,98
26.03.2018 11:00;26.03.2018 12:00;61,49
26.03.2018 12:00;26.03.2018 13:00;55,65
26.03.2018 13:00;26.03.2018 14:00;52,52
26.03.2018 14:00;26.03.2018 15:00;48,84
26.03.2018 15:00;26.03.2018 16:00;45,34
26.03.2018 16:00;26.03.2018 17:00;44,03
26.03.2018 17:00;26.03.2018 18:00;45,09
26.03.2018 18:00;26.03.2018 19:00;51,76
26.03.2018 19:00;26.03.2018 20:00;62,49
26.03.2018 20:00;26.03.2018 21:00;62,41
26.03.2018 21:00;26.03.2018 22:00;62,42
26.03.2018 22:00;26.03.2018 23:00;54,91
26.03.2018 23:00;27.03.2018 00:00;49,18
27.03.2018 00:00;27.03.2018 01:00;42,4
27.03.2018 01:00;27.03.2018 02:00;38,8
27.03.2018 02:00;27.03.2018 03:00;38,0
27.03.2018 03:00;27.03.2018 04:00;38,01
27.03.2018 04:00;27.03.2018 05:00;37,83
27.03.2018 05:00;27.03.2018 06:00;38,98
27.03.2018 06:00;27.03.2018 07:00;48,47
27.03.2018 07:00;27.03.2018 08:00;60,43
27.03.2018 08:00;27.03.2018 09:00;67,48
27.03.2018 09:00;27.03.2018 10:00;60,69
27.03.2018 10:00;27.03.2018 11:00;55,98
27.03.2018 11:00;27.03.2018 12:00;52,73
27.03.2018 12:00;27.03.2018 13:00;47,53
27.03.2018 13:00;27.03.2018 14:00;44,96
27.03.2018 14:00;27.03.2018 15:00;42,39
27.03.2018 15:00;27.03.2018 16:00;40,85
27.03.2018 16:00;27.03.2018 17:00;40,73
27.03.2018 17:00;27.03.2018 18:00;41,22
27.03.2018 18:00;27.03.2018 19:00;42,0
27.03.2018 19:00;27.03.2018 20:00;47,93
27.03.2018 20:00;27.03.2018 21:00;44,24
27.03.2018 21:00;27.03.2018 22:00;39,61
27.03.2018 22:00;27.03.2018 23:00;36,54
27.03.2018 23:00;28.03.2018 00:00;33,95
28.03.2018 00:00;28.03.2018 01:00;34,36
28.03.2018 01:00;28.03.2018 02:00;34,98
28.03.2018 02:00;28.03.2018 03:00;33,72
28.03.2018 03:00;28.03.2018 04:00;32,62
28.03.2018 04:00;28.03.2018 05:00;33,3
28.03.2018 05:00;28.03.2018 06:00;35,05
28.03.2018 06:00;28.03.2018 07:00;40,05
28.03.2018 07:00;28.03.2018 08:00;43,91
28.03.2018 08:00;28.03.2018 09:00;50,63
28.03.2018 09:00;28.03.2018 10:00;50,32
28.03.2018 10:00;28.03.2018 11:00;45,49
28.03.2018 11:00;28.03.2018 12:00;44,68
28.03.2018 12:00;28.03.2018 13:00;41,84
28.03.2018 13:00;28.03.2018 14:00;45,13
28.03.2018 14:00;28.03.2018 15:00;45,0
28.03.2018 15:00;28.03.2018 16:00;44,07
28.03.2018 16:00;28.03.2018 17:00;42,35
28.03.2018 17:00;28.03.2018 18:00;40,72
28.03.2018 18:00;28.03.2018 19:00;40,16
28.03.2018 19:00;28.03.2018 20:00;45,99
28.03.2018 20:00;28.03.2018 21:00;45,56
28.03.2018 21:00;28.03.2018 22:00;39,32
28.03.2018 22:00;28.03.2018 23:00;35,23
28.03.2018 23:00;29.03.2018 00:00;28,34
29.03.2018 00:00;29.03.2018 01:00;26,57
29.03.2018 01:00;29.03.2018 02:00;19,31
29.03.2018 02:00;29.03.2018 03:00;15,72
29.03.2018 03:00;29.03.2018 04:00;17,98
29.03.2018 04:00;29.03.2018 05:00;19,33
29.03.2018 05:00;29.03.2018 06:00;29,4
29.03.2018 06:00;29.03.2018 07:00;38,77
29.03.2018 07:00;29.03.2018 08:00;42,36
29.03.2018 08:00;29.03.2018 09:00;44,99
29.03.2018 09:00;29.03.2018 10:00;45,15
29.03.2018 10:00;29.03.2018 11:00;40,05
29.03.2018 11:00;29.03.2018 12:00;40,0
29.03.2018 12:00;29.03.2018 13:00;38,14
29.03.2018 13:00;29.03.2018 14:00;36,77
29.03.2018 14:00;29.03.2018 15:00;37,6
29.03.2018 15:00;29.03.2018 16:00;39,63
29.03.2018 16:00;29.03.2018 17:00;38,92
29.03.2018 17:00;29.03.2018 18:00;42,27
29.03.2018 18:00;29.03.2018 19:00;44,99
29.03.2018 19:00;29.03.2018 20:00;62,6
29.03.2018 20:00;29.03.2018 21:00;62,69
29.03.2018 21:00;29.03.2018 22:00;45,5
29.03.2018 22:00;29.03.2018 23:00;44,62
29.03.2018 23:00;30.03.2018 00:00;40,87
30.03.2018 00:00;30.03.2018 01:00;35,69
30.03.2018 01:00;30.03.2018 02:00;35,8
30.03.2018 02:00;30.03.2018 03:00;31,68
30.03.2018 03:00;30.03.2018 04:00;32,11
30.03.2018 04:00;30.03.2018 05:00;30,79
30.03.2018 05:00;30.03.2018 06:00;33,57
30.03.2018 06:00;30.03.2018 07:00;35,36
30.03.2018 07:00;30.03.2018 08:00;41,48
30.03.2018 08:00;30.03.2018 09:00;43,53
30.03.2018 09:00;30.03.2018 10:00;43,17
30.03.2018 10:00;30.03.2018 11:00;36,11
30.03.2018 11:00;30.03.2018 12:00;32,84
30.03.2018 12:00;30.03.2018 13:00;28,44
30.03.2018 13:00;30.03.2018 14:00;20,96
30.03.2018 14:00;30.03.2018 15:00;22,08
30.03.2018 15:00;30.03.2018 16:00;20,93
30.03.2018 16:00;30.03.2018 17:00;21,17
30.03.2018 17:00;30.03.2018 18:00;22,09
30.03.2018 18:00;30.03.2018 19:00;29,06
30.03.2018 19:00;30.03.2018 20:00;29,09
30.03.2018 20:00;30.03.2018 21:00;28,8
30.03.2018 21:00;30.03.2018 22:00;18,28
30.03.2018 22:00;30.03.2018 23:00;17,07
30.03.2018 23:00;31.03.2018 00:00;15,29
31.03.2018 00:00;31.03.2018 01:00;0,05
31.03.2018 01:00;31.03.2018 02:00;0,05
31.03.2018 02:00;31.03.2018 03:00;8,04
31.03.2018 03:00;31.03.2018 04:00;13,41
31.03.2018 04:00;31.03.2018 05:00;6,91
31.03.2018 05:00;31.03.2018 06:00;14,27
31.03.2018 06:00;31.03.2018 07:00;13,75
31.03.2018 07:00;31.03.2018 08:00;18,66
31.03.2018 08:00;31.03.2018 09:00;30,08
31.03.2018 09:00;31.03.2018 10:00;30,06
31.03.2018 10:00;31.03.2018 11:00;29,37
31.03.2018 11:00;31.03.2018 12:00;31,06
31.03.2018 12:00;31.03.2018 13:00;31,92
31.03.2018 13:00;31.03.2018 14:00;27,82
31.03.2018 14:00;31.03.2018 15:00;22,59
31.03.2018 15:00;31.03.2018 16:00;23,02
31.03.2018 16:00;31.03.2018 17:00;22,89
31.03.2018 17:00;31.03.2018 18:00;27,34
31.03.2018 18:00;31.03.2018 19:00;31,02
31.03.2018 19:00;31.03.2018 20:00;35,46
31.03.2018 20:00;31.03.2018 21:00;37,31
31.03.2018 21:00;31.03.2018 22:00;38,67
31.03.2018 22:00;31.03.2018 23:00;36,02
31.03.2018 23:00;01.04.2018 00:00;36,43
01.04.2018 00:00;01.04.2018 01:00;34,95
01.04.2018 01:00;01.04.2018 02:00;28,46
01.04.2018 02:00;01.04.2018 03:00;24,76
01.04.2018 03:00;01.04.2018 04:00;21,81
01.04.2018 04:00;01.04.2018 05:00;21,07
01.04.2018 05:00;01.04.2018 06:00;21,82
01.04.2018 06:00;01.04.2018 07:00;22,97
01.04.2018 07:00;01.04.2018 08:00;23,05
01.04.2018 08:00;01.04.2018 09:00;22,96
01.04.2018 09:00;01.04.2018 10:00;24,37
01.04.2018 10:00;01.04.2018 11:00;22,04
01.04.2018 11:00;01.04.2018 12:00;23,0
01.04.2018 12:00;01.04.2018 13:00;21,85
01.04.2018 13:00;01.04.2018 14:00;22,05
01.04.2018 14:00;01.04.2018 15:00;18,3
01.04.2018 15:00;01.04.2018 16:00;13,72
01.04.2018 16:00;01.04.2018 17:00;14,27
01.04.2018 17:00;01.04.2018 18:00;13,46
01.04.2018 18:00;01.04.2018 19:00;21,73
01.04.2018 19:00;01.04.2018 20:00;31,5
01.04.2018 20:00;01.04.2018 21:00;32,88
01.04.2018 21:00;01.04.2018 22:00;31,87
01.04.2018 22:00;01.04.2018 23:00;33,75
01.04.2018 23:00;02.04.2018 00:00;33,48
02.04.2018 00:00;02.04.2018 01:00;26,06
02.04.2018 01:00;02.04.2018 02:00;24,97
02.04.2018 02:00;02.04.2018 03:00;24,08
02.04.2018 03:00;02.04.2018 04:00;20,46
02.04.2018 04:00;02.04.2018 05:00;19,82
02.04.2018 05:00;02.04.2018 06:00;22,94
02.04.2018 06:00;02.04.2018 07:00;24,91
02.04.2018 07:00;02.04.2018 08:00;28,89
02.04.2018 08:00;02.04.2018 09:00;32,23
02.04.2018 09:00;02.04.2018 10:00;33,1
02.04.2018 10:00;02.04.2018 11:00;30,09
02.04.2018 11:00;02.04.2018 12:00;30,92
02.04.2018 12:00;02.04.2018 13:00;27,09
02.04.2018 13:00;02.04.2018 14:00;24,93
02.04.2018 14:00;02.04.2018 15:00;21,75
02.04.2018 15:00;02.04.2018 16:00;21,82
02.04.2018 16:00;02.04.2018 17:00;22,88
02.04.2018 17:00;02.04.2018 18:00;25,1
02.04.2018 18:00;02.04.2018 19:00;34,11
02.04.2018 19:00;02.04.2018 20:00;37,66
02.04.2018 20:00;02.04.2018 21:00;37,56
02.04.2018 21:00;02.04.2018 22:00;37,0
02.04.2018 22:00;02.04.2018 23:00;31,09
02.04.2018 23:00;03.04.2018 00:00;23,12
03.04.2018 00:00;03.04.2018 01:00;20,57
03.04.2018 01:00;03.04.2018 02:00;14,53
03.04.2018 02:00;03.04.2018 03:00;13,4
03.04.2018 03:00;03.04.2018 04:00;12,0
03.04.2018 04:00;03.04.2018 05:00;8,64
03.04.2018 05:00;03.04.2018 06:00;18,54
03.04.2018 06:00;03.04.2018 07:00;39,66
03.04.2018 07:00;03.04.2018 08:00;43,93
03.04.2018 08:00;03.04.2018 09:00;44,05
03.04.2018 09:00;03.04.2018 10:00;43,25
03.04.2018 10:00;03.04.2018 11:00;41,08
03.04.2018 11:00;03.04.2018 12:00;41,59
03.04.2018 12:00;03.04.2018 13:00;31,88
03.04.2018 13:00;03.04.2018 14:00;35,89
03.04.2018 14:00;03.04.2018 15:00;34,68
03.04.2018 15:00;03.04.2018 16:00;37,9
03.04.2018 16:00;03.04.2018 17:00;41,85
03.04.2018 17:00;03.04.2018 18:00;44,54
03.04.2018 18:00;03.04.2018 19:00;48,06
03.04.2018 19:00;03.04.2018 20:00;49,95
03.04.2018 20:00;03.04.2018 21:00;47,85
03.04.2018 21:00;03.04.2018 22:00;42,87
03.04.2018 22:00;03.04.2018 23:00;39,2
03.04.2018 23:00;04.04.2018 00:00;30,09
04.04.2018 00:00;04.04.2018 01:00;28,63
04.04.2018 01:00;04.04.2018 02:00;26,91
04.04.2018 02:00;04.04.2018 03:00;22,04
04.04.2018 03:00;04.04.2018 04:00;15,25
04.04.2018 04:00;04.04.2018 05:00;20,09
04.04.2018 05:00;04.04.2018 06:00;28,46
04.04.2018 06:00;04.04.2018 07:00;42,75
04.04.2018 07:00;04.04.2018 08:00;48,5
04.04.2018 08:00;04.04.2018 09:00;55,51
04.04.2018 09:00;04.04.2018 10:00;48,76
04.04.2018 10:00;04.04.2018 11:00;45,0
04.04.2018 11:00;04.04.2018 12:00;44,9
04.04.2018 12:00;04.04.2018 13:00;37,62
04.04.2018 13:00;04.04.2018 14:00;34,9
04.04.2018 14:00;04.04.2018 15:00;31,94
04.04.2018 15:00;04.04.2018 16:00;32,07
04.04.2018 16:00;04.04.2018 17:00;31,09
04.04.2018 17:00;04.04.2018 18:00;39,0
04.04.2018 18:00;04.04.2018 19:00;42,4
04.04.2018 19:00;04.04.2018 20:00;42,79
04.04.2018 20:00;04.04.2018 21:00;43,74
04.04.2018 21:00;04.04.2018 22:00;42,54
04.04.2018 22:00;04.04.2018 23:00;39,62
04.04.2018 23:00;05.04.2018 00:00;32,09
05.04.2018 00:00;05.04.2018 01:00;32,31
05.04.2018 01:00;05.04.2018 02:00;28,79
05.04.2018 02:00;05.04.2018 03:00;26,07
05.04.2018 03:00;05.04.2018 04:00;21,6
05.04.2018 04:00;05.04.2018 05:00;21,06
05.04.2018 05:00;05.04.2018 06:00;27,82
05.04.2018 06:00;05.04.2018 07:00;38,6
05.04.2018 07:00;05.04.2018 08:00;45,22
05.04.2018 08:00;05.04.2018 09:00;44,94
05.04.2018 09:00;05.04.2018 10:00;41,93
05.04.2018 10:00;05.04.2018 11:00;35,4
05.04.2018 11:00;05.04.2018 12:00;29,57
05.04.2018 12:00;05.04.2018 13:00;26,0
05.04.2018 13:00;05.04.2018 14:00;25,07
05.04.2018 14:00;05.04.2018 15:00;25,1
05.04.2018 15:00;05.04.2018 16:00;25,07
05.04.2018 16:00;05.04.2018 17:00;23,03
05.04.2018 17:00;05.04.2018 18:00;29,87
05.04.2018 18:00;05.04.2018 19:00;36,91
05.04.2018 19:00;05.04.2018 20:00;40,77
05.04.2018 20:00;05.04.2018 21:00;40,97
05.04.2018 21:00;05.04.2018 22:00;40,04
05.04.2018 22:00;05.04.2018 23:00;39,9
05.04.2018 23:00;06.04.2018 00:00;35,49
06.04.2018 00:00;06.04.2018 01:00;28,67
06.04.2018 01:00;06.04.2018 02:00;29,41
06.04.2018 02:00;06.04.2018 03:00;30,0
06.04.2018 03:00;06.04.2018 04:00;29,06
06.04.2018 04:00;06.04.2018 05:00;29,0
06.04.2018 05:00;06.04.2018 06:00;34,35
06.04.2018 06:00;06.04.2018 07:00;43,18
06.04.2018 07:00;06.04.2018 08:00;53,79
06.04.2018 08:00;06.04.2018 09:00;55,05
06.04.2018 09:00;06.04.2018 10:00;43,98
06.04.2018 10:00;06.04.2018 11:00;41,94
06.04.2018 11:00;06.04.2018 12:00;38,06
06.04.2018 12:00;06.04.2018 13:00;32,6
06.04.2018 13:00;06.04.2018 14:00;29,9
06.04.2018 14:00;06.04.2018 15:00;30,0
06.04.2018 15:00;06.04.2018 16:00;28,63
06.04.2018 16:00;06.04.2018 17:00;28,65
06.04.2018 17:00;06.04.2018 18:00;31,68
06.04.2018 18:00;06.04.2018 19:00;38,76
06.04.2018 19:00;06.04.2018 20:00;42,17
06.04.2018 20:00;06.04.2018 21:00;42,99
06.04.2018 21:00;06.04.2018 22:00;36,39
06.04.2018 22:00;06.04.2018 23:00;28,01
06.04.2018 23:00;07.04.2018 00:00;18,63
07.04.2018 00:00;07.04.2018 01:00;19,05
07.04.2018 01:00;07.04.2018 02:00;15,79
07.04.2018 02:00;07.04.2018 03:00;13,27
07.04.2018 03:00;07.04.2018 04:00;6,61
07.04.2018 04:00;07.04.2018 05:00;7,67
07.04.2018 05:00;07.04.2018 06:00;13,22
07.04.2018 06:00;07.04.2018 07:00;14,33
07.04.2018 07:00;07.04.2018 08:00;17,14
07.04.2018 08:00;07.04.2018 09:00;18,97
07.04.2018 09:00;07.04.2018 10:00;18,11
07.04.2018 10:00;07.04.2018 11:00;13,22
07.04.2018 11:00;07.04.2018 12:00;0,1
07.04.2018 12:00;07.04.2018 13:00;-10,06
07.04.2018 13:00;07.04.2018 14:00;-4,97
07.04.2018 14:00;07.04.2018 15:00;-2,01
07.04.2018 15:00;07.04.2018 16:00;7,57
07.04.2018 16:00;07.04.2018 17:00;14,15
07.04.2018 17:00;07.04.2018 18:00;22,7
07.04.2018 18:00;07.04.2018 19:00;33,79
07.04.2018 19:00;07.04.2018 20:00;40,45
07.04.2018 20:00;07.04.2018 21:00;40,48
07.04.2018 21:00;07.04.2018 22:00;31,91
07.04.2018 22:00;07.04.2018 23:00;34,04
07.04.2018 23:00;08.04.2018 00:00;29,9
08.04.2018 00:00;08.04.2018 01:00;22,09
08.04.2018 01:00;08.04.2018 02:00;20,82
08.04.2018 02:00;08.04.2018 03:00;19,31
08.04.2018 03:00;08.04.2018 04:00;19,39
08.04.2018 04:00;08.04.2018 05:00;19,01
08.04.2018 05:00;08.04.2018 06:00;19,1
08.04.2018 06:00;08.04.2018 07:00;21,49
08.04.2018 07:00;08.04.2018 08:00;19,35
08.04.2018 08:00;08.04.2018 09:00;20,51
08.04.2018 09:00;08.04.2018 10:00;22,39
08.04.2018 10:00;08.04.2018 11:00;19,41
08.04.2018 11:00;08.04.2018 12:00;18,0
08.04.2018 12:00;08.04.2018 13:00;15,98
08.04.2018 13:00;08.04.2018 14:00;13,2
08.04.2018 14:00;08.04.2018 15:00;4,49
08.04.2018 15:00;08.04.2018 16:00;12,36
08.04.2018 16:00;08.04.2018 17:00;16,28
08.04.2018 17:00;08.04.2018 18:00;15,92
08.04.2018 18:00;08.04.2018 19:00;29,1
08.04.2018 19:00;08.04.2018 20:00;39,91
08.04.2018 20:00;08.04.2018 21:00;43,07
08.04.2018 21:00;08.04.2018 22:00;41,68
08.04.2018 22:00;08.04.2018 23:00;41,1
08.04.2018 23:00;09.04.2018 00:00;37,6
09.04.2018 00:00;09.04.2018 01:00;38,53
09.04.2018 01:00;09.04.2018 02:00;33,95
09.04.2018 02:00;09.04.2018 03:00;32,28
09.04.2018 03:00;09.04.2018 04:00;31,65
09.04.2018 04:00;09.04.2018 05:00;31,82
09.04.2018 05:00;09.04.2018 06:00;37,24
09.04.2018 06:00;09.04.2018 07:00;47,99
09.04.2018 07:00;09.04.2018 08:00;56,5
09.04.2018 08:00;09.04.2018 09:00;62,13
09.04.2018 09:00;09.04.2018 10:00;52,01
09.04.2018 10:00;09.04.2018 11:00;47,77
09.04.2018 11:00;09.04.2018 12:00;44,78
09.04.2018 12:00;09.04.2018 13:00;42,94
09.04.2018 13:00;09.04.2018 14:00;42,5
09.04.2018 14:00;09.04.2018 15:00;40,57
09.04.2018 15:00;09.04.2018 16:00;39,3
09.04.2018 16:00;09.04.2018 17:00;41,0
09.04.2018 17:00;09.04.2018 18:00;43,92
09.04.2018 18:00;09.04.2018 19:00;47,69
09.04.2018 19:00;09.04.2018 20:00;49,92
09.04.2018 20:00;09.04.2018 21:00;46,26
09.04.2018 21:00;09.04.2018 22:00;40,43
09.04.2018 22:00;09.04.2018 23:00;39,34
09.04.2018 23:00;10.04.2018 00:00;32,22
10.04.2018 00:00;10.04.2018 01:00;34,3
10.04.2018 01:00;10.04.2018 02:00;31,81
10.04.2018 02:00;10.04.2018 03:00;29,0
10.04.2018 03:00;10.04.2018 04:00;27,32
10.04.2018 04:00;10.04.2018 05:00;28,05
10.04.2018 05:00;10.04.2018 06:00;32,51
10.04.2018 06:00;10.04.2018 07:00;41,37
10.04.2018 07:00;10.04.2018 08:00;44,32
10.04.2018 08:00;10.04.2018 09:00;42,98
10.04.2018 09:00;10.04.2018 10:00;42,39
10.04.2018 10:00;10.04.2018 11:00;38,04
10.04.2018 11:00;10.04.2018 12:00;36,76
10.04.2018 12:00;10.04.2018 13:00;42,0
10.04.2018 13:00;10.04.2018 14:00;41,26
10.04.2018 14:00;10.04.2018 15:00;30,89
10.04.2018 15:00;10.04.2018 16:00;36,7
10.04.2018 16:00;10.04.2018 17:00;34,03
10.04.2018 17:00;10.04.2018 18:00;37,73
10.04.2018 18:00;10.04.2018 19:00;40,46
10.04.2018 19:00;10.04.2018 20:00;39,69
10.04.2018 20:00;10.04.2018 21:00;39,11
10.04.2018 21:00;10.04.2018 22:00;33,99
10.04.2018 22:00;10.04.2018 23:00;30,95
10.04.2018 23:00;11.04.2018 00:00;29,15
11.04.2018 00:00;11.04.2018 01:00;21,63
11.04.2018 01:00;11.04.2018 02:00;20,09
11.04.2018 02:00;11.04.2018 03:00;19,96
11.04.2018 03:00;11.04.2018 04:00;19,96
11.04.2018 04:00;11.04.2018 05:00;21,44
11.04.2018 05:00;11.04.2018 06:00;26,39
11.04.2018 06:00;11.04.2018 07:00;36,49
11.04.2018 07:00;11.04.2018 08:00;42,52
11.04.2018 08:00;11.04.2018 09:00;43,37
11.04.2018 09:00;11.04.2018 10:00;39,81
11.04.2018 10:00;11.04.2018 11:00;38,3
11.04.2018 11:00;11.04.2018 12:00;33,69
11.04.2018 12:00;11.04.2018 13:00;30,66
11.04.2018 13:00;11.04.2018 14:00;26,1
11.04.2018 14:00;11.04.2018 15:00;26,06
11.04.2018 15:00;11.04.2018 16:00;26,02
11.04.2018 16:00;11.04.2018 17:00;26,06
11.04.2018 17:00;11.04.2018 18:00;36,13
11.04.2018 18:00;11.04.2018 19:00;38,62
11.04.2018 19:00;11.04.2018 20:00;40,96
11.04.2018 20:00;11.04.2018 21:00;40,96
11.04.2018 21:00;11.04.2018 22:00;39,36
11.04.2018 22:00;11.04.2018 23:00;34,87
11.04.2018 23:00;12.04.2018 00:00;27,0
12.04.2018 00:00;12.04.2018 01:00;24,96
12.04.2018 01:00;12.04.2018 02:00;21,76
12.04.2018 02:00;12.04.2018 03:00;23,04
12.04.2018 03:00;12.04.2018 04:00;20,85
12.04.2018 04:00;12.04.2018 05:00;23,02
12.04.2018 05:00;12.04.2018 06:00;27,64
12.04.2018 06:00;12.04.2018 07:00;40,44
12.04.2018 07:00;12.04.2018 08:00;41,57
12.04.2018 08:00;12.04.2018 09:00;40,91
12.04.2018 09:00;12.04.2018 10:00;32,55
12.04.2018 10:00;12.04.2018 11:00;28,96
12.04.2018 11:00;12.04.2018 12:00;26,0
12.04.2018 12:00;12.04.2018 13:00;24,91
12.04.2018 13:00;12.04.2018 14:00;19,52
12.04.2018 14:00;12.04.2018 15:00;18,7
12.04.2018 15:00;12.04.2018 16:00;25,03
12.04.2018 16:00;12.04.2018 17:00;25,06
12.04.2018 17:00;12.04.2018 18:00;32,36
12.04.2018 18:00;12.04.2018 19:00;39,66
12.04.2018 19:00;12.04.2018 20:00;41,94
12.04.2018 20:00;12.04.2018 21:00;40,92
12.04.2018 21:00;12.04.2018 22:00;37,2
12.04.2018 22:00;12.04.2018 23:00;32,4
12.04.2018 23:00;13.04.2018 00:00;26,83
13.04.2018 00:00;13.04.2018 01:00;29,04
13.04.2018 01:00;13.04.2018 02:00;27,04
13.04.2018 02:00;13.04.2018 03:00;25,01
13.04.2018 03:00;13.04.2018 04:00;25,09
13.04.2018 04:00;13.04.2018 05:00;28,57
13.04.2018 05:00;13.04.2018 06:00;35,31
13.04.2018 06:00;13.04.2018 07:00;42,32
13.04.2018 07:00;13.04.2018 08:00;47,93
13.04.2018 08:00;13.04.2018 09:00;46,53
13.04.2018 09:00;13.04.2018 10:00;46,79
13.04.2018 10:00;13.04.2018 11:00;41,93
13.04.2018 11:00;13.04.2018 12:00;40,48
13.04.2018 12:00;13.04.2018 13:00;39,66
13.04.2018 13:00;13.04.2018 14:00;36,83
13.04.2018 14:00;13.04.2018 15:00;38,31
13.04.2018 15:00;13.04.2018 16:00;38,02
13.04.2018 16:00;13.04.2018 17:00;38,96
13.04.2018 17:00;13.04.2018 18:00;39,47
13.04.2018 18:00;13.04.2018 19:00;40,03
13.04.2018 19:00;13.04.2018 20:00;45,52
13.04.2018 20:00;13.04.2018 21:00;46,49
13.04.2018 21:00;13.04.2018 22:00;44,74
13.04.2018 22:00;13.04.2018 23:00;42,89
13.04.2018 23:00;14.04.2018 00:00;37,72
14.04.2018 00:00;14.04.2018 01:00;31,2
14.04.2018 01:00;14.04.2018 02:00;29,2
14.04.2018 02:00;14.04.2018 03:00;29,0
14.04.2018 03:00;14.04.2018 04:00;29,92
14.04.2018 04:00;14.04.2018 05:00;29,88
14.04.2018 05:00;14.04.2018 06:00;32,03
14.04.2018 06:00;14.04.2018 07:00;35,84
14.04.2018 07:00;14.04.2018 08:00;38,41
14.04.2018 08:00;14.04.2018 09:00;39,74
14.04.2018 09:00;14.04.2018 10:00;39,92
14.04.2018 10:00;14.04.2018 11:00;35,46
14.04.2018 11:00;14.04.2018 12:00;32,74
14.04.2018 12:00;14.04.2018 13:00;32,5
14.04.2018 13:00;14.04.2018 14:00;29,08
14.04.2018 14:00;14.04.2018 15:00;26,49
14.04.2018 15:00;14.04.2018 16:00;28,99
14.04.2018 16:00;14.04.2018 17:00;30,98
14.04.2018 17:00;14.04.2018 18:00;33,41
14.04.2018 18:00;14.04.2018 19:00;42,35
14.04.2018 19:00;14.04.2018 20:00;46,04
14.04.2018 20:00;14.04.2018 21:00;46,91
14.04.2018 21:00;14.04.2018 22:00;45,02
14.04.2018 22:00;14.04.2018 23:00;42,17
14.04.2018 23:00;15.04.2018 00:00;39,99
15.04.2018 00:00;15.04.2018 01:00;36,0
15.04.2018 01:00;15.04.2018 02:00;31,59
15.04.2018 02:00;15.04.2018 03:00;30,73
15.04.2018 03:00;15.04.2018 04:00;29,16
15.04.2018 04:00;15.04.2018 05:00;28,78
15.04.2018 05:00;15.04.2018 06:00;27,64
15.04.2018 06:00;15.04.2018 07:00;29,02
15.04.2018 07:00;15.04.2018 08:00;28,97
15.04.2018 08:00;15.04.2018 09:00;31,87
15.04.2018 09:00;15.04.2018 10:00;30,95
15.04.2018 10:00;15.04.2018 11:00;30,17
15.04.2018 11:00;15.04.2018 12:00;32,0
15.04.2018 12:00;15.04.2018 13:00;29,05
15.04.2018 13:00;15.04.2018 14:00;24,62
15.04.2018 14:00;15.04.2018 15:00;19,11
15.04.2018 15:00;15.04.2018 16:00;19,84
15.04.2018 16:00;15.04.2018 17:00;22,65
15.04.2018 17:00;15.04.2018 18:00;32,7
15.04.2018 18:00;15.04.2018 19:00;39,1
15.04.2018 19:00;15.04.2018 20:00;41,83
15.04.2018 20:00;15.04.2018 21:00;42,49
15.04.2018 21:00;15.04.2018 22:00;41,73
15.04.2018 22:00;15.04.2018 23:00;40,6
15.04.2018 23:00;16.04.2018 00:00;38,9
16.04.2018 00:00;16.04.2018 01:00;37,34
16.04.2018 01:00;16.04.2018 02:00;33,49
16.04.2018 02:00;16.04.2018 03:00;32,77
16.04.2018 03:00;16.04.2018 04:00;32,99
16.04.2018 04:00;16.04.2018 05:00;32,94
16.04.2018 05:00;16.04.2018 06:00;37,4
16.04.2018 06:00;16.04.2018 07:00;47,2
16.04.2018 07:00;16.04.2018 08:00;56,1
16.04.2018 08:00;16.04.2018 09:00;64,99
16.04.2018 09:00;16.04.2018 10:00;58,97
16.04.2018 10:00;16.04.2018 11:00;55,74
16.04.2018 11:00;16.04.2018 12:00;52,97
16.04.2018 12:00;16.04.2018 13:00;51,81
16.04.2018 13:00;16.04.2018 14:00;49,99
16.04.2018 14:00;16.04.2018 15:00;46,3
16.04.2018 15:00;16.04.2018 16:00;45,79
16.04.2018 16:00;16.04.2018 17:00;44,51
16.04.2018 17:00;16.04.2018 18:00;45,74
16.04.2018 18:00;16.04.2018 19:00;48,49
16.04.2018 19:00;16.04.2018 20:00;52,84
16.04.2018 20:00;16.04.2018 21:00;55,0
16.04.2018 21:00;16.04.2018 22:00;49,19
16.04.2018 22:00;16.04.2018 23:00;44,46
16.04.2018 23:00;17.04.2018 00:00;42,0
17.04.2018 00:00;17.04.2018 01:00;36,96
17.04.2018 01:00;17.04.2018 02:00;36,71
17.04.2018 02:00;17.04.2018 03:00;36,5
17.04.2018 03:00;17.04.2018 04:00;35,5
17.04.2018 04:00;17.04.2018 05:00;35,91
17.04.2018 05:00;17.04.2018 06:00;35,24
17.04.2018 06:00;17.04.2018 07:00;47,74
17.04.2018 07:00;17.04.2018 08:00;54,88
17.04.2018 08:00;17.04.2018 09:00;56,0
17.04.2018 09:00;17.04.2018 10:00;51,93
17.04.2018 10:00;17.04.2018 11:00;47,05
17.04.2018 11:00;17.04.2018 12:00;42,71
17.04.2018 12:00;17.04.2018 13:00;38,51
17.04.2018 13:00;17.04.2018 14:00;37,33
17.04.2018 14:00;17.04.2018 15:00;37,6
17.04.2018 15:00;17.04.2018 16:00;37,23
17.04.2018 16:00;17.04.2018 17:00;38,5
17.04.2018 17:00;17.04.2018 18:00;43,65
17.04.2018 18:00;17.04.2018 19:00;50,37
17.04.2018 19:00;17.04.2018 20:00;55,06
17.04.2018 20:00;17.04.2018 21:00;56,17
17.04.2018 21:00;17.04.2018 22:00;52,78
17.04.2018 22:00;17.04.2018 23:00;47,06
17.04.2018 23:00;18.04.2018 00:00;39,83
18.04.2018 00:00;18.04.2018 01:00;33,38
18.04.2018 01:00;18.04.2018 02:00;33,18
18.04.2018 02:00;18.04.2018 03:00;32,54
18.04.2018 03:00;18.04.2018 04:00;33,0
18.04.2018 04:00;18.04.2018 05:00;33,3
18.04.2018 05:00;18.04.2018 06:00;35,65
18.04.2018 06:00;18.04.2018 07:00;44,83
18.04.2018 07:00;18.04.2018 08:00;53,49
18.04.2018 08:00;18.04.2018 09:00;55,43
18.04.2018 09:00;18.04.2018 10:00;47,0
18.04.2018 10:00;18.04.2018 11:00;44,03
18.04.2018 11:00;18.04.2018 12:00;42,28
18.04.2018 12:00;18.04.2018 13:00;36,17
18.04.2018 13:00;18.04.2018 14:00;37,11
18.04.2018 14:00;18.04.2018 15:00;35,42
18.04.2018 15:00;18.04.2018 16:00;36,9
18.04.2018 16:00;18.04.2018 17:00;35,0
18.04.2018 17:00;18.04.2018 18:00;39,04
18.04.2018 18:00;18.04.2018 19:00;46,28
18.04.2018 19:00;18.04.2018 20:00;50,88
18.04.2018 20:00;18.04.2018 21:00;50,91
18.04.2018 21:00;18.04.2018 22:00;48,97
18.04.2018 22:00;18.04.2018 23:00;43,3
18.04.2018 23:00;19.04.2018 00:00;37,4
19.04.2018 00:00;19.04.2018 01:00;35,8
19.04.2018 01:00;19.04.2018 02:00;33,03
19.04.2018 02:00;19.04.2018 03:00;31,37
19.04.2018 03:00;19.04.2018 04:00;29,08
19.04.2018 04:00;19.04.2018 05:00;30,71
19.04.2018 05:00;19.04.2018 06:00;33,76
19.04.2018 06:00;19.04.2018 07:00;43,27
19.04.2018 07:00;19.04.2018 08:00;49,96
19.04.2018 08:00;19.04.2018 09:00;49,96
19.04.2018 09:00;19.04.2018 10:00;46,19
19.04.2018 10:00;19.04.2018 11:00;43,0
19.04.2018 11:00;19.04.2018 12:00;41,73
19.04.2018 12:00;19.04.2018 13:00;36,52
19.04.2018 13:00;19.04.2018 14:00;34,05
19.04.2018 14:00;19.04.2018 15:00;35,35
19.04.2018 15:00;19.04.2018 16:00;34,12
19.04.2018 16:00;19.04.2018 17:00;37,99
19.04.2018 17:00;19.04.2018 18:00;42,64
19.04.2018 18:00;19.04.2018 19:00;47,81
19.04.2018 19:00;19.04.2018 20:00;50,01
19.04.2018 20:00;19.04.2018 21:00;50,31
19.04.2018 21:00;19.04.2018 22:00;46,96
19.04.2018 22:00;19.04.2018 23:00;39,6
19.04.2018 23:00;20.04.2018 00:00;33,04
20.04.2018 00:00;20.04.2018 01:00;32,18
20.04.2018 01:00;20.04.2018 02:00;32,2
20.04.2018 02:00;20.04.2018 03:00;31,23
20.04.2018 03:00;20.04.2018 04:00;30,06
20.04.2018 04:00;20.04.2018 05:00;30,51
20.04.2018 05:00;20.04.2018 06:00;32,97
20.04.2018 06:00;20.04.2018 07:00;42,28
20.04.2018 07:00;20.04.2018 08:00;47,95
20.04.2018 08:00;20.04.2018 09:00;48,93
20.04.2018 09:00;20.04.2018 10:00;45,92
20.04.2018 10:00;20.04.2018 11:00;43,02
20.04.2018 11:00;20.04.2018 12:00;41,0
20.04.2018 12:00;20.04.2018 13:00;37,71
20.04.2018 13:00;20.04.2018 14:00;32,88
20.04.2018 14:00;20.04.2018 15:00;33,47
20.04.2018 15:00;20.04.2018 16:00;34,69
20.04.2018 16:00;20.04.2018 17:00;33,51
20.04.2018 17:00;20.04.2018 18:00;36,98
20.04.2018 18:00;20.04.2018 19:00;42,34
20.04.2018 19:00;20.04.2018 20:00;47,43
20.04.2018 20:00;20.04.2018 21:00;48,71
20.04.2018 21:00;20.04.2018 22:00;45,94
20.04.2018 22:00;20.04.2018 23:00;40,94
20.04.2018 23:00;21.04.2018 00:00;34,31
21.04.2018 00:00;21.04.2018 01:00;34,36
21.04.2018 01:00;21.04.2018 02:00;30,07
21.04.2018 02:00;21.04.2018 03:00;27,59
21.04.2018 03:00;21.04.2018 04:00;27,08
21.04.2018 04:00;21.04.2018 05:00;27,6
21.04.2018 05:00;21.04.2018 06:00;29,51
21.04.2018 06:00;21.04.2018 07:00;32,06
21.04.2018 07:00;21.04.2018 08:00;34,1
21.04.2018 08:00;21.04.2018 09:00;34,94
21.04.2018 09:00;21.04.2018 10:00;31,08
21.04.2018 10:00;21.04.2018 11:00;26,57
21.04.2018 11:00;21.04.2018 12:00;21,0
21.04.2018 12:00;21.04.2018 13:00;21,01
21.04.2018 13:00;21.04.2018 14:00;20,13
21.04.2018 14:00;21.04.2018 15:00;18,96
21.04.2018 15:00;21.04.2018 16:00;20,02
21.04.2018 16:00;21.04.2018 17:00;25,94
21.04.2018 17:00;21.04.2018 18:00;26,14
21.04.2018 18:00;21.04.2018 19:00;38,26
21.04.2018 19:00;21.04.2018 20:00;41,24
21.04.2018 20:00;21.04.2018 21:00;41,25
21.04.2018 21:00;21.04.2018 22:00;40,08
21.04.2018 22:00;21.04.2018 23:00;36,07
21.04.2018 23:00;22.04.2018 00:00;35,0
22.04.2018 00:00;22.04.2018 01:00;29,02
22.04.2018 01:00;22.04.2018 02:00;19,37
22.04.2018 02:00;22.04.2018 03:00;18,67
22.04.2018 03:00;22.04.2018 04:00;16,65
22.04.2018 04:00;22.04.2018 05:00;14,98
22.04.2018 05:00;22.04.2018 06:00;12,94
22.04.2018 06:00;22.04.2018 07:00;14,93
22.04.2018 07:00;22.04.2018 08:00;18,46
22.04.2018 08:00;22.04.2018 09:00;18,53
22.04.2018 09:00;22.04.2018 10:00;15,96
22.04.2018 10:00;22.04.2018 11:00;15,68
22.04.2018 11:00;22.04.2018 12:00;13,99
22.04.2018 12:00;22.04.2018 13:00;13,83
22.04.2018 13:00;22.04.2018 14:00;4,0
22.04.2018 14:00;22.04.2018 15:00;2,42
22.04.2018 15:00;22.04.2018 16:00;3,03
22.04.2018 16:00;22.04.2018 17:00;6,05
22.04.2018 17:00;22.04.2018 18:00;18,5
22.04.2018 18:00;22.04.2018 19:00;28,36
22.04.2018 19:00;22.04.2018 20:00;35,0
22.04.2018 20:00;22.04.2018 21:00;36,96
22.04.2018 21:00;22.04.2018 22:00;32,35
22.04.2018 22:00;22.04.2018 23:00;32,34
22.04.2018 23:00;23.04.2018 00:00;24,1
23.04.2018 00:00;23.04.2018 01:00;18,49
23.04.2018 01:00;23.04.2018 02:00;16,08
23.04.2018 02:00;23.04.2018 03:00;13,85
23.04.2018 03:00;23.04.2018 04:00;12,25
23.04.2018 04:00;23.04.2018 05:00;14,07
23.04.2018 05:00;23.04.2018 06:00;22,2
23.04.2018 06:00;23.04.2018 07:00;39,16
23.04.2018 07:00;23.04.2018 08:00;47,42
23.04.2018 08:00;23.04.2018 09:00;46,05
23.04.2018 09:00;23.04.2018 10:00;40,47
23.04.2018 10:00;23.04.2018 11:00;38,99
23.04.2018 11:00;23.04.2018 12:00;37,99
23.04.2018 12:00;23.04.2018 13:00;32,31
23.04.2018 13:00;23.04.2018 14:00;28,49
23.04.2018 14:00;23.04.2018 15:00;26,46
23.04.2018 15:00;23.04.2018 16:00;28,6
23.04.2018 16:00;23.04.2018 17:00;30,05
23.04.2018 17:00;23.04.2018 18:00;32,4
23.04.2018 18:00;23.04.2018 19:00;39,72
23.04.2018 19:00;23.04.2018 20:00;44,1
23.04.2018 20:00;23.04.2018 21:00;45,6
23.04.2018 21:00;23.04.2018 22:00;45,25
23.04.2018 22:00;23.04.2018 23:00;43,47
23.04.2018 23:00;24.04.2018 00:00;38,04
24.04.2018 00:00;24.04.2018 01:00;30,9
24.04.2018 01:00;24.04.2018 02:00;30,0
24.04.2018 02:00;24.04.2018 03:00;28,45
24.04.2018 03:00;24.04.2018 04:00;24,12
24.04.2018 04:00;24.04.2018 05:00;23,4
24.04.2018 05:00;24.04.2018 06:00;30,1
24.04.2018 06:00;24.04.2018 07:00;36,37
24.04.2018 07:00;24.04.2018 08:00;40,28
24.04.2018 08:00;24.04.2018 09:00;41,92
24.04.2018 09:00;24.04.2018 10:00;37,55
24.04.2018 10:00;24.04.2018 11:00;28,03
24.04.2018 11:00;24.04.2018 12:00;25,53
24.04.2018 12:00;24.04.2018 13:00;28,43
24.04.2018 13:00;24.04.2018 14:00;28,7
24.04.2018 14:00;24.04.2018 15:00;25,01
24.04.2018 15:00;24.04.2018 16:00;28,51
24.04.2018 16:00;24.04.2018 17:00;29,9
24.04.2018 17:00;24.04.2018 18:00;36,37
24.04.2018 18:00;24.04.2018 19:00;41,53
24.04.2018 19:00;24.04.2018 20:00;46,39
24.04.2018 20:00;24.04.2018 21:00;50,03
24.04.2018 21:00;24.04.2018 22:00;47,09
24.04.2018 22:00;24.04.2018 23:00;44,9
24.04.2018 23:00;25.04.2018 00:00;40,18
25.04.2018 00:00;25.04.2018 01:00;28,68
25.04.2018 01:00;25.04.2018 02:00;24,09
25.04.2018 02:00;25.04.2018 03:00;18,8
25.04.2018 03:00;25.04.2018 04:00;22,87
25.04.2018 04:00;25.04.2018 05:00;18,16
25.04.2018 05:00;25.04.2018 06:00;21,19
25.04.2018 06:00;25.04.2018 07:00;31,38
25.04.2018 07:00;25.04.2018 08:00;35,9
25.04.2018 08:00;25.04.2018 09:00;32,45
25.04.2018 09:00;25.04.2018 10:00;28,15
25.04.2018 10:00;25.04.2018 11:00;18,84
25.04.2018 11:00;25.04.2018 12:00;20,1
25.04.2018 12:00;25.04.2018 13:00;21,14
25.04.2018 13:00;25.04.2018 14:00;21,27
25.04.2018 14:00;25.04.2018 15:00;22,07
25.04.2018 15:00;25.04.2018 16:00;21,28
25.04.2018 16:00;25.04.2018 17:00;22,56
25.04.2018 17:00;25.04.2018 18:00;24,59
25.04.2018 18:00;25.04.2018 19:00;34,99
25.04.2018 19:00;25.04.2018 20:00;38,75
25.04.2018 20:00;25.04.2018 21:00;40,18
25.04.2018 21:00;25.04.2018 22:00;39,15
25.04.2018 22:00;25.04.2018 23:00;36,38
25.04.2018 23:00;26.04.2018 00:00;32,1
26.04.2018 00:00;26.04.2018 01:00;25,03
26.04.2018 01:00;26.04.2018 02:00;23,08
26.04.2018 02:00;26.04.2018 03:00;21,59
26.04.2018 03:00;26.04.2018 04:00;19,04
26.04.2018 04:00;26.04.2018 05:00;21,08
26.04.2018 05:00;26.04.2018 06:00;22,06
26.04.2018 06:00;26.04.2018 07:00;35,7
26.04.2018 07:00;26.04.2018 08:00;44,5
26.04.2018 08:00;26.04.2018 09:00;44,93
26.04.2018 09:00;26.04.2018 10:00;38,97
26.04.2018 10:00;26.04.2018 11:00;33,97
26.04.2018 11:00;26.04.2018 12:00;31,15
26.04.2018 12:00;26.04.2018 13:00;23,71
26.04.2018 13:00;26.04.2018 14:00;23,07
26.04.2018 14:00;26.04.2018 15:00;21,14
26.04.2018 15:00;26.04.2018 16:00;21,11
26.04.2018 16:00;26.04.2018 17:00;21,05
26.04.2018 17:00;26.04.2018 18:00;28,43
26.04.2018 18:00;26.04.2018 19:00;35,98
26.04.2018 19:00;26.04.2018 20:00;41,57
26.04.2018 20:00;26.04.2018 21:00;42,0
26.04.2018 21:00;26.04.2018 22:00;40,98
26.04.2018 22:00;26.04.2018 23:00;37,66
26.04.2018 23:00;27.04.2018 00:00;33,1
27.04.2018 00:00;27.04.2018 01:00;34,96
27.04.2018 01:00;27.04.2018 02:00;33,01
27.04.2018 02:00;27.04.2018 03:00;32,43
27.04.2018 03:00;27.04.2018 04:00;30,74
27.04.2018 04:00;27.04.2018 05:00;30,0
27.04.2018 05:00;27.04.2018 06:00;35,55
27.04.2018 06:00;27.04.2018 07:00;44,48
27.04.2018 07:00;27.04.2018 08:00;49,12
27.04.2018 08:00;27.04.2018 09:00;54,08
27.04.2018 09:00;27.04.2018 10:00;45,63
27.04.2018 10:00;27.04.2018 11:00;40,28
27.04.2018 11:00;27.04.2018 12:00;40,17
27.04.2018 12:00;27.04.2018 13:00;37,66
27.04.2018 13:00;27.04.2018 14:00;35,05
27.04.2018 14:00;27.04.2018 15:00;33,08
27.04.2018 15:00;27.04.2018 16:00;33,06
27.04.2018 16:00;27.04.2018 17:00;33,57
27.04.2018 17:00;27.04.2018 18:00;40,97
27.04.2018 18:00;27.04.2018 19:00;44,56
27.04.2018 19:00;27.04.2018 20:00;50,03
27.04.2018 20:00;27.04.2018 21:00;52,99
27.04.2018 21:00;27.04.2018 22:00;45,86
27.04.2018 22:00;27.04.2018 23:00;40,56
27.04.2018 23:00;28.04.2018 00:00;33,47
28.04.2018 00:00;28.04.2018 01:00;28,48
28.04.2018 01:00;28.04.2018 02:00;21,1
28.04.2018 02:00;28.04.2018 03:00;25,26
28.04.2018 03:00;28.04.2018 04:00;24,73
28.04.2018 04:00;28.04.2018 05:00;22,78
28.04.2018 05:00;28.04.2018 06:00;23,89
28.04.2018 06:00;28.04.2018 07:00;28,59
28.04.2018 07:00;28.04.2018 08:00;28,01
28.04.2018 08:00;28.04.2018 09:00;30,75
28.04.2018 09:00;28.04.2018 10:00;29,4
28.04.2018 10:00;28.04.2018 11:00;21,01
28.04.2018 11:00;28.04.2018 12:00;23,27
28.04.2018 12:00;28.04.2018 13:00;26,4
28.04.2018 13:00;28.04.2018 14:00;20,4
28.04.2018 14:00;28.04.2018 15:00;23,33
28.04.2018 15:00;28.04.2018 16:00;23,88
28.04.2018 16:00;28.04.2018 17:00;22,07
28.04.2018 17:00;28.04.2018 18:00;32,91
28.04.2018 18:00;28.04.2018 19:00;36,08
28.04.2018 19:00;28.04.2018 20:00;42,17
28.04.2018 20:00;28.04.2018 21:00;45,95
28.04.2018 21:00;28.04.2018 22:00;42,27
28.04.2018 22:00;28.04.2018 23:00;39,51
28.04.2018 23:00;29.04.2018 00:00;35,96
29.04.2018 00:00;29.04.2018 01:00;35,98
29.04.2018 01:00;29.04.2018 02:00;30,78
29.04.2018 02:00;29.04.2018 03:00;27,83
29.04.2018 03:00;29.04.2018 04:00;26,65
29.04.2018 04:00;29.04.2018 05:00;25,1
29.04.2018 05:00;29.04.2018 06:00;22,51
29.04.2018 06:00;29.04.2018 07:00;23,06
29.04.2018 07:00;29.04.2018 08:00;23,42
29.04.2018 08:00;29.04.2018 09:00;26,42
29.04.2018 09:00;29.04.2018 10:00;27,23
29.04.2018 10:00;29.04.2018 11:00;22,3
29.04.2018 11:00;29.04.2018 12:00;20,05
29.04.2018 12:00;29.04.2018 13:00;15,56
29.04.2018 13:00;29.04.2018 14:00;12,84
29.04.2018 14:00;29.04.2018 15:00;12,08
29.04.2018 15:00;29.04.2018 16:00;12,95
29.04.2018 16:00;29.04.2018 17:00;15,97
29.04.2018 17:00;29.04.2018 18:00;18,57
29.04.2018 18:00;29.04.2018 19:00;21,45
29.04.2018 19:00;29.04.2018 20:00;21,25
29.04.2018 20:00;29.04.2018 21:00;20,72
29.04.2018 21:00;29.04.2018 22:00;19,93
29.04.2018 22:00;29.04.2018 23:00;18,6
29.04.2018 23:00;30.04.2018 00:00;12,05
30.04.2018 00:00;30.04.2018 01:00;15,02
30.04.2018 01:00;30.04.2018 02:00;4,91
30.04.2018 02:00;30.04.2018 03:00;4,76
30.04.2018 03:00;30.04.2018 04:00;1,77
30.04.2018 04:00;30.04.2018 05:00;2,65
30.04.2018 05:00;30.04.2018 06:00;3,78
30.04.2018 06:00;30.04.2018 07:00;5,01
30.04.2018 07:00;30.04.2018 08:00;18,24
30.04.2018 08:00;30.04.2018 09:00;20,34
30.04.2018 09:00;30.04.2018 10:00;14,97
30.04.2018 10:00;30.04.2018 11:00;4,9
30.04.2018 11:00;30.04.2018 12:00;6,52
30.04.2018 12:00;30.04.2018 13:00;0,88
30.04.2018 13:00;30.04.2018 14:00;3,6
30.04.2018 14:00;30.04.2018 15:00;2,32
30.04.2018 15:00;30.04.2018 16:00;5,83
30.04.2018 16:00;30.04.2018 17:00;8,07
30.04.2018 17:00;30.04.2018 18:00;17,14
30.04.2018 18:00;30.04.2018 19:00;28,09
30.04.2018 19:00;30.04.2018 20:00;33,81
30.04.2018 20:00;30.04.2018 21:00;34,43
30.04.2018 21:00;30.04.2018 22:00;32,64
30.04.2018 22:00;30.04.2018 23:00;24,99
30.04.2018 23:00;01.05.2018 00:00;16,13
01.05.2018 00:00;01.05.2018 01:00;-0,02
01.05.2018 01:00;01.05.2018 02:00;-5,34
01.05.2018 02:00;01.05.2018 03:00;-5,2
01.05.2018 03:00;01.05.2018 04:00;-14,88
01.05.2018 04:00;01.05.2018 05:00;-19,41
01.05.2018 05:00;01.05.2018 06:00;-13,71
01.05.2018 06:00;01.05.2018 07:00;-4,98
01.05.2018 07:00;01.05.2018 08:00;-3,39
01.05.2018 08:00;01.05.2018 09:00;-16,67
01.05.2018 09:00;01.05.2018 10:00;-12,49
01.05.2018 10:00;01.05.2018 11:00;-6,62
01.05.2018 11:00;01.05.2018 12:00;-0,92
01.05.2018 12:00;01.05.2018 13:00;-16,7
01.05.2018 13:00;01.05.2018 14:00;-35,86
01.05.2018 14:00;01.05.2018 15:00;-58,96
01.05.2018 15:00;01.05.2018 16:00;-48,6
01.05.2018 16:00;01.05.2018 17:00;-22,01
01.05.2018 17:00;01.05.2018 18:00;-4,38
01.05.2018 18:00;01.05.2018 19:00;10,85
01.05.2018 19:00;01.05.2018 20:00;22,64
01.05.2018 20:00;01.05.2018 21:00;28,85
01.05.2018 21:00;01.05.2018 22:00;30,98
01.05.2018 22:00;01.05.2018 23:00;32,02
01.05.2018 23:00;02.05.2018 00:00;27,93
02.05.2018 00:00;02.05.2018 01:00;32,03
02.05.2018 01:00;02.05.2018 02:00;28,07
02.05.2018 02:00;02.05.2018 03:00;28,18
02.05.2018 03:00;02.05.2018 04:00;27,68
02.05.2018 04:00;02.05.2018 05:00;28,48
02.05.2018 05:00;02.05.2018 06:00;29,55
02.05.2018 06:00;02.05.2018 07:00;44,68
02.05.2018 07:00;02.05.2018 08:00;45,89
02.05.2018 08:00;02.05.2018 09:00;49,78
02.05.2018 09:00;02.05.2018 10:00;50,73
02.05.2018 10:00;02.05.2018 11:00;44,98
02.05.2018 11:00;02.05.2018 12:00;40,9
02.05.2018 12:00;02.05.2018 13:00;38,1
02.05.2018 13:00;02.05.2018 14:00;37,62
02.05.2018 14:00;02.05.2018 15:00;36,88
02.05.2018 15:00;02.05.2018 16:00;37,37
02.05.2018 16:00;02.05.2018 17:00;38,93
02.05.2018 17:00;02.05.2018 18:00;44,53
02.05.2018 18:00;02.05.2018 19:00;47,0
02.05.2018 19:00;02.05.2018 20:00;48,18
02.05.2018 20:00;02.05.2018 21:00;49,59
02.05.2018 21:00;02.05.2018 22:00;47,06
02.05.2018 22:00;02.05.2018 23:00;45,25
02.05.2018 23:00;03.05.2018 00:00;37,35
03.05.2018 00:00;03.05.2018 01:00;34,23
03.05.2018 01:00;03.05.2018 02:00;32,12
03.05.2018 02:00;03.05.2018 03:00;31,16
03.05.2018 03:00;03.05.2018 04:00;30,53
03.05.2018 04:00;03.05.2018 05:00;32,22
03.05.2018 05:00;03.05.2018 06:00;34,25
03.05.2018 06:00;03.05.2018 07:00;44,9
03.05.2018 07:00;03.05.2018 08:00;49,91
03.05.2018 08:00;03.05.2018 09:00;50,01
03.05.2018 09:00;03.05.2018 10:00;48,54
03.05.2018 10:00;03.05.2018 11:00;44,28
03.05.2018 11:00;03.05.2018 12:00;39,93
03.05.2018 12:00;03.05.2018 13:00;37,95
03.05.2018 13:00;03.05.2018 14:00;37,37
03.05.2018 14:00;03.05.2018 15:00;37,09
03.05.2018 15:00;03.05.2018 16:00;36,46
03.05.2018 16:00;03.05.2018 17:00;36,49
03.05.2018 17:00;03.05.2018 18:00;38,9
03.05.2018 18:00;03.05.2018 19:00;44,17
03.05.2018 19:00;03.05.2018 20:00;46,99
03.05.2018 20:00;03.05.2018 21:00;48,15
03.05.2018 21:00;03.05.2018 22:00;48,95
03.05.2018 22:00;03.05.2018 23:00;40,08
03.05.2018 23:00;04.05.2018 00:00;35,0
04.05.2018 00:00;04.05.2018 01:00;34,24
04.05.2018 01:00;04.05.2018 02:00;33,32
04.05.2018 02:00;04.05.2018 03:00;33,88
04.05.2018 03:00;04.05.2018 04:00;33,72
04.05.2018 04:00;04.05.2018 05:00;33,88
04.05.2018 05:00;04.05.2018 06:00;36,76
04.05.2018 06:00;04.05.2018 07:00;46,48
04.05.2018 07:00;04.05.2018 08:00;53,37
04.05.2018 08:00;04.05.2018 09:00;57,52
04.05.2018 09:00;04.05.2018 10:00;49,69
04.05.2018 10:00;04.05.2018 11:00;45,56
04.05.2018 11:00;04.05.2018 12:00;42,56
04.05.2018 12:00;04.05.2018 13:00;39,3
04.05.2018 13:00;04.05.2018 14:00;36,72
04.05.2018 14:00;04.05.2018 15:00;36,49
04.05.2018 15:00;04.05.2018 16:00;34,94
04.05.2018 16:00;04.05.2018 17:00;36,77
04.05.2018 17:00;04.05.2018 18:00;39,2
04.05.2018 18:00;04.05.2018 19:00;45,24
04.05.2018 19:00;04.05.2018 20:00;44,86
04.05.2018 20:00;04.05.2018 21:00;43,59
04.05.2018 21:00;04.05.2018 22:00;41,23
04.05.2018 22:00;04.05.2018 23:00;38,92
04.05.2018 23:00;05.05.2018 00:00;33,96
05.05.2018 00:00;05.05.2018 01:00;33,59
05.05.2018 01:00;05.05.2018 02:00;30,6
05.05.2018 02:00;05.05.2018 03:00;28,03
05.05.2018 03:00;05.05.2018 04:00;25,98
05.05.2018 04:00;05.05.2018 05:00;25,52
05.05.2018 05:00;05.05.2018 06:00;27,02
05.05.2018 06:00;05.05.2018 07:00;29,09
05.05.2018 07:00;05.05.2018 08:00;33,55
05.05.2018 08:00;05.05.2018 09:00;37,44
05.05.2018 09:00;05.05.2018 10:00;35,07
05.05.2018 10:00;05.05.2018 11:00;28,0
05.05.2018 11:00;05.05.2018 12:00;22,68
05.05.2018 12:00;05.05.2018 13:00;21,62
05.05.2018 13:00;05.05.2018 14:00;19,34
05.05.2018 14:00;05.05.2018 15:00;17,87
05.05.2018 15:00;05.05.2018 16:00;17,75
05.05.2018 16:00;05.05.2018 17:00;22,53
05.05.2018 17:00;05.05.2018 18:00;23,31
05.05.2018 18:00;05.05.2018 19:00;34,94
05.05.2018 19:00;05.05.2018 20:00;37,32
05.05.2018 20:00;05.05.2018 21:00;37,43
05.05.2018 21:00;05.05.2018 22:00;35,11
05.05.2018 22:00;05.05.2018 23:00;32,97
05.05.2018 23:00;06.05.2018 00:00;25,03
06.05.2018 00:00;06.05.2018 01:00;20,84
06.05.2018 01:00;06.05.2018 02:00;21,64
06.05.2018 02:00;06.05.2018 03:00;22,96
06.05.2018 03:00;06.05.2018 04:00;21,51
06.05.2018 04:00;06.05.2018 05:00;21,57
06.05.2018 05:00;06.05.2018 06:00;17,94
06.05.2018 06:00;06.05.2018 07:00;16,0
06.05.2018 07:00;06.05.2018 08:00;17,32
06.05.2018 08:00;06.05.2018 09:00;21,1
06.05.2018 09:00;06.05.2018 10:00;21,06
06.05.2018 10:00;06.05.2018 11:00;16,87
06.05.2018 11:00;06.05.2018 12:00;17,95
06.05.2018 12:00;06.05.2018 13:00;14,14
06.05.2018 13:00;06.05.2018 14:00;-3,19
06.05.2018 14:00;06.05.2018 15:00;-6,69
06.05.2018 15:00;06.05.2018 16:00;5,0
06.05.2018 16:00;06.05.2018 17:00;13,4
06.05.2018 17:00;06.05.2018 18:00;22,99
06.05.2018 18:00;06.05.2018 19:00;29,38
06.05.2018 19:00;06.05.2018 20:00;34,29
06.05.2018 20:00;06.05.2018 21:00;36,79
06.05.2018 21:00;06.05.2018 22:00;33,94
06.05.2018 22:00;06.05.2018 23:00;30,46
06.05.2018 23:00;07.05.2018 00:00;25,02
07.05.2018 00:00;07.05.2018 01:00;15,64
07.05.2018 01:00;07.05.2018 02:00;16,15
07.05.2018 02:00;07.05.2018 03:00;16,04
07.05.2018 03:00;07.05.2018 04:00;16,87
07.05.2018 04:00;07.05.2018 05:00;17,75
07.05.2018 05:00;07.05.2018 06:00;26,7
07.05.2018 06:00;07.05.2018 07:00;41,51
07.05.2018 07:00;07.05.2018 08:00;48,07
07.05.2018 08:00;07.05.2018 09:00;46,81
07.05.2018 09:00;07.05.2018 10:00;43,65
07.05.2018 10:00;07.05.2018 11:00;38,36
07.05.2018 11:00;07.05.2018 12:00;33,78
07.05.2018 12:00;07.05.2018 13:00;33,22
07.05.2018 13:00;07.05.2018 14:00;33,27
07.05.2018 14:00;07.05.2018 15:00;32,46
07.05.2018 15:00;07.05.2018 16:00;33,66
07.05.2018 16:00;07.05.2018 17:00;34,8
07.05.2018 17:00;07.05.2018 18:00;40,32
07.05.2018 18:00;07.05.2018 19:00;48,37
07.05.2018 19:00;07.05.2018 20:00;58,18
07.05.2018 20:00;07.05.2018 21:00;48,81
07.05.2018 21:00;07.05.2018 22:00;39,97
07.05.2018 22:00;07.05.2018 23:00;33,86
07.05.2018 23:00;08.05.2018 00:00;27,27
08.05.2018 00:00;08.05.2018 01:00;22,01
08.05.2018 01:00;08.05.2018 02:00;20,09
08.05.2018 02:00;08.05.2018 03:00;16,95
08.05.2018 03:00;08.05.2018 04:00;17,73
08.05.2018 04:00;08.05.2018 05:00;18,01
08.05.2018 05:00;08.05.2018 06:00;26,3
08.05.2018 06:00;08.05.2018 07:00;32,98
08.05.2018 07:00;08.05.2018 08:00;37,03
08.05.2018 08:00;08.05.2018 09:00;37,95
08.05.2018 09:00;08.05.2018 10:00;34,36
08.05.2018 10:00;08.05.2018 11:00;31,04
08.05.2018 11:00;08.05.2018 12:00;25,14
08.05.2018 12:00;08.05.2018 13:00;20,73
08.05.2018 13:00;08.05.2018 14:00;21,05
08.05.2018 14:00;08.05.2018 15:00;20,83
08.05.2018 15:00;08.05.2018 16:00;20,71
08.05.2018 16:00;08.05.2018 17:00;21,08
08.05.2018 17:00;08.05.2018 18:00;27,13
08.05.2018 18:00;08.05.2018 19:00;36,91
08.05.2018 19:00;08.05.2018 20:00;39,94
08.05.2018 20:00;08.05.2018 21:00;39,93
08.05.2018 21:00;08.05.2018 22:00;35,96
08.05.2018 22:00;08.05.2018 23:00;28,93
08.05.2018 23:00;09.05.2018 00:00;26,49
09.05.2018 00:00;09.05.2018 01:00;19,38
09.05.2018 01:00;09.05.2018 02:00;22,04
09.05.2018 02:00;09.05.2018 03:00;21,89
09.05.2018 03:00;09.05.2018 04:00;22,09
09.05.2018 04:00;09.05.2018 05:00;24,27
09.05.2018 05:00;09.05.2018 06:00;29,02
09.05.2018 06:00;09.05.2018 07:00;38,02
09.05.2018 07:00;09.05.2018 08:00;46,79
09.05.2018 08:00;09.05.2018 09:00;54,38
09.05.2018 09:00;09.05.2018 10:00;45,0
09.05.2018 10:00;09.05.2018 11:00;40,31
09.05.2018 11:00;09.05.2018 12:00;39,2
09.05.2018 12:00;09.05.2018 13:00;35,55
09.05.2018 13:00;09.05.2018 14:00;34,09
09.05.2018 14:00;09.05.2018 15:00;33,14
09.05.2018 15:00;09.05.2018 16:00;34,1
09.05.2018 16:00;09.05.2018 17:00;36,97
09.05.2018 17:00;09.05.2018 18:00;40,38
09.05.2018 18:00;09.05.2018 19:00;45,76
09.05.2018 19:00;09.05.2018 20:00;52,87
09.05.2018 20:00;09.05.2018 21:00;52,59
09.05.2018 21:00;09.05.2018 22:00;41,09
09.05.2018 22:00;09.05.2018 23:00;37,3
09.05.2018 23:00;10.05.2018 00:00;32,74
10.05.2018 00:00;10.05.2018 01:00;25,91
10.05.2018 01:00;10.05.2018 02:00;26,78
10.05.2018 02:00;10.05.2018 03:00;23,02
10.05.2018 03:00;10.05.2018 04:00;24,04
10.05.2018 04:00;10.05.2018 05:00;25,26
10.05.2018 05:00;10.05.2018 06:00;25,94
10.05.2018 06:00;10.05.2018 07:00;22,67
10.05.2018 07:00;10.05.2018 08:00;25,24
10.05.2018 08:00;10.05.2018 09:00;26,4
10.05.2018 09:00;10.05.2018 10:00;26,93
10.05.2018 10:00;10.05.2018 11:00;25,71
10.05.2018 11:00;10.05.2018 12:00;26,19
10.05.2018 12:00;10.05.2018 13:00;23,05
10.05.2018 13:00;10.05.2018 14:00;20,88
10.05.2018 14:00;10.05.2018 15:00;16,92
10.05.2018 15:00;10.05.2018 16:00;16,98
10.05.2018 16:00;10.05.2018 17:00;19,24
10.05.2018 17:00;10.05.2018 18:00;22,0
10.05.2018 18:00;10.05.2018 19:00;27,54
10.05.2018 19:00;10.05.2018 20:00;30,05
10.05.2018 20:00;10.05.2018 21:00;31,87
10.05.2018 21:00;10.05.2018 22:00;32,9
10.05.2018 22:00;10.05.2018 23:00;32,03
10.05.2018 23:00;11.05.2018 00:00;27,85
11.05.2018 00:00;11.05.2018 01:00;34,97
11.05.2018 01:00;11.05.2018 02:00;28,69
11.05.2018 02:00;11.05.2018 03:00;26,95
11.05.2018 03:00;11.05.2018 04:00;24,95
11.05.2018 04:00;11.05.2018 05:00;27,08
11.05.2018 05:00;11.05.2018 06:00;32,92
11.05.2018 06:00;11.05.2018 07:00;41,9
11.05.2018 07:00;11.05.2018 08:00;47,44
11.05.2018 08:00;11.05.2018 09:00;48,27
11.05.2018 09:00;11.05.2018 10:00;43,85
11.05.2018 10:00;11.05.2018 11:00;41,79
11.05.2018 11:00;11.05.2018 12:00;42,0
11.05.2018 12:00;11.05.2018 13:00;41,77
11.05.2018 13:00;11.05.2018 14:00;38,93
11.05.2018 14:00;11.05.2018 15:00;37,44
11.05.2018 15:00;11.05.2018 16:00;38,18
11.05.2018 16:00;11.05.2018 17:00;41,3
11.05.2018 17:00;11.05.2018 18:00;49,0
11.05.2018 18:00;11.05.2018 19:00;52,11
11.05.2018 19:00;11.05.2018 20:00;57,66
11.05.2018 20:00;11.05.2018 21:00;58,12
11.05.2018 21:00;11.05.2018 22:00;55,38
11.05.2018 22:00;11.05.2018 23:00;56,17
11.05.2018 23:00;12.05.2018 00:00;45,99
12.05.2018 00:00;12.05.2018 01:00;39,96
12.05.2018 01:00;12.05.2018 02:00;35,01
12.05.2018 02:00;12.05.2018 03:00;30,26
12.05.2018 03:00;12.05.2018 04:00;30,05
12.05.2018 04:00;12.05.2018 05:00;29,94
12.05.2018 05:00;12.05.2018 06:00;29,94
12.05.2018 06:00;12.05.2018 07:00;32,05
12.05.2018 07:00;12.05.2018 08:00;36,14
12.05.2018 08:00;12.05.2018 09:00;39,95
12.05.2018 09:00;12.05.2018 10:00;37,93
12.05.2018 10:00;12.05.2018 11:00;33,46
12.05.2018 11:00;12.05.2018 12:00;32,41
12.05.2018 12:00;12.05.2018 13:00;30,31
12.05.2018 13:00;12.05.2018 14:00;30,01
12.05.2018 14:00;12.05.2018 15:00;28,43
12.05.2018 15:00;12.05.2018 16:00;28,07
12.05.2018 16:00;12.05.2018 17:00;27,69
12.05.2018 17:00;12.05.2018 18:00;30,05
12.05.2018 18:00;12.05.2018 19:00;36,96
12.05.2018 19:00;12.05.2018 20:00;37,94
12.05.2018 20:00;12.05.2018 21:00;36,97
12.05.2018 21:00;12.05.2018 22:00;34,65
12.05.2018 22:00;12.05.2018 23:00;32,33
12.05.2018 23:00;13.05.2018 00:00;19,5
13.05.2018 00:00;13.05.2018 01:00;26,68
13.05.2018 01:00;13.05.2018 02:00;20,89
13.05.2018 02:00;13.05.2018 03:00;17,06
13.05.2018 03:00;13.05.2018 04:00;14,92
13.05.2018 04:00;13.05.2018 05:00;14,88
13.05.2018 05:00;13.05.2018 06:00;13,77
13.05.2018 06:00;13.05.2018 07:00;14,03
13.05.2018 07:00;13.05.2018 08:00;15,37
13.05.2018 08:00;13.05.2018 09:00;17,74
13.05.2018 09:00;13.05.2018 10:00;19,42
13.05.2018 10:00;13.05.2018 11:00;17,22
13.05.2018 11:00;13.05.2018 12:00;15,68
13.05.2018 12:00;13.05.2018 13:00;10,0
13.05.2018 13:00;13.05.2018 14:00;12,01
13.05.2018 14:00;13.05.2018 15:00;0,56
13.05.2018 15:00;13.05.2018 16:00;8,71
13.05.2018 16:00;13.05.2018 17:00;0,09
13.05.2018 17:00;13.05.2018 18:00;17,33
13.05.2018 18:00;13.05.2018 19:00;23,49
13.05.2018 19:00;13.05.2018 20:00;26,97
13.05.2018 20:00;13.05.2018 21:00;25,13
13.05.2018 21:00;13.05.2018 22:00;24,07
13.05.2018 22:00;13.05.2018 23:00;24,05
13.05.2018 23:00;14.05.2018 00:00;19,42
14.05.2018 00:00;14.05.2018 01:00;19,78
14.05.2018 01:00;14.05.2018 02:00;16,28
14.05.2018 02:00;14.05.2018 03:00;14,13
14.05.2018 03:00;14.05.2018 04:00;14,87
14.05.2018 04:00;14.05.2018 05:00;15,62
14.05.2018 05:00;14.05.2018 06:00;26,0
14.05.2018 06:00;14.05.2018 07:00;43,3
14.05.2018 07:00;14.05.2018 08:00;54,06
14.05.2018 08:00;14.05.2018 09:00;58,01
14.05.2018 09:00;14.05.2018 10:00;55,83
14.05.2018 10:00;14.05.2018 11:00;50,79
14.05.2018 11:00;14.05.2018 12:00;42,36
14.05.2018 12:00;14.05.2018 13:00;34,49
14.05.2018 13:00;14.05.2018 14:00;27,93
14.05.2018 14:00;14.05.2018 15:00;26,81
14.05.2018 15:00;14.05.2018 16:00;26,51
14.05.2018 16:00;14.05.2018 17:00;27,09
14.05.2018 17:00;14.05.2018 18:00;36,74
14.05.2018 18:00;14.05.2018 19:00;41,01
14.05.2018 19:00;14.05.2018 20:00;43,1
14.05.2018 20:00;14.05.2018 21:00;43,28
14.05.2018 21:00;14.05.2018 22:00;43,2
14.05.2018 22:00;14.05.2018 23:00;39,29
14.05.2018 23:00;15.05.2018 00:00;32,25
15.05.2018 00:00;15.05.2018 01:00;32,52
15.05.2018 01:00;15.05.2018 02:00;30,24
15.05.2018 02:00;15.05.2018 03:00;28,85
15.05.2018 03:00;15.05.2018 04:00;28,02
15.05.2018 04:00;15.05.2018 05:00;30,01
15.05.2018 05:00;15.05.2018 06:00;32,58
15.05.2018 06:00;15.05.2018 07:00;41,01
15.05.2018 07:00;15.05.2018 08:00;54,6
15.05.2018 08:00;15.05.2018 09:00;58,6
15.05.2018 09:00;15.05.2018 10:00;54,55
15.05.2018 10:00;15.05.2018 11:00;51,2
15.05.2018 11:00;15.05.2018 12:00;48,9
15.05.2018 12:00;15.05.2018 13:00;41,67
15.05.2018 13:00;15.05.2018 14:00;41,38
15.05.2018 14:00;15.05.2018 15:00;41,07
15.05.2018 15:00;15.05.2018 16:00;40,5
15.05.2018 16:00;15.05.2018 17:00;39,91
15.05.2018 17:00;15.05.2018 18:00;41,07
15.05.2018 18:00;15.05.2018 19:00;47,9
15.05.2018 19:00;15.05.2018 20:00;50,0
15.05.2018 20:00;15.05.2018 21:00;49,96
15.05.2018 21:00;15.05.2018 22:00;47,08
15.05.2018 22:00;15.05.2018 23:00;46,33
15.05.2018 23:00;16.05.2018 00:00;40,27
16.05.2018 00:00;16.05.2018 01:00;40,36
16.05.2018 01:00;16.05.2018 02:00;37,53
16.05.2018 02:00;16.05.2018 03:00;33,98
16.05.2018 03:00;16.05.2018 04:00;32,6
16.05.2018 04:00;16.05.2018 05:00;33,3
16.05.2018 05:00;16.05.2018 06:00;37,06
16.05.2018 06:00;16.05.2018 07:00;45,95
16.05.2018 07:00;16.05.2018 08:00;55,4
16.05.2018 08:00;16.05.2018 09:00;60,21
16.05.2018 09:00;16.05.2018 10:00;54,1
16.05.2018 10:00;16.05.2018 11:00;50,9
16.05.2018 11:00;16.05.2018 12:00;48,36
16.05.2018 12:00;16.05.2018 13:00;43,43
16.05.2018 13:00;16.05.2018 14:00;40,5
16.05.2018 14:00;16.05.2018 15:00;38,17
16.05.2018 15:00;16.05.2018 16:00;35,97
16.05.2018 16:00;16.05.2018 17:00;35,77
16.05.2018 17:00;16.05.2018 18:00;37,14
16.05.2018 18:00;16.05.2018 19:00;40,36
16.05.2018 19:00;16.05.2018 20:00;42,03
16.05.2018 20:00;16.05.2018 21:00;42,0
16.05.2018 21:00;16.05.2018 22:00;42,28
16.05.2018 22:00;16.05.2018 23:00;37,99
16.05.2018 23:00;17.05.2018 00:00;33,08
17.05.2018 00:00;17.05.2018 01:00;29,72
17.05.2018 01:00;17.05.2018 02:00;27,03
17.05.2018 02:00;17.05.2018 03:00;22,43
17.05.2018 03:00;17.05.2018 04:00;20,06
17.05.2018 04:00;17.05.2018 05:00;23,09
17.05.2018 05:00;17.05.2018 06:00;27,23
17.05.2018 06:00;17.05.2018 07:00;36,19
17.05.2018 07:00;17.05.2018 08:00;42,8
17.05.2018 08:00;17.05.2018 09:00;45,12
17.05.2018 09:00;17.05.2018 10:00;43,25
17.05.2018 10:00;17.05.2018 11:00;42,13
17.05.2018 11:00;17.05.2018 12:00;40,93
17.05.2018 12:00;17.05.2018 13:00;36,3
17.05.2018 13:00;17.05.2018 14:00;35,73
17.05.2018 14:00;17.05.2018 15:00;32,02
17.05.2018 15:00;17.05.2018 16:00;31,8
17.05.2018 16:00;17.05.2018 17:00;29,87
17.05.2018 17:00;17.05.2018 18:00;33,54
17.05.2018 18:00;17.05.2018 19:00;40,8
17.05.2018 19:00;17.05.2018 20:00;43,92
17.05.2018 20:00;17.05.2018 21:00;43,95
17.05.2018 21:00;17.05.2018 22:00;43,93
17.05.2018 22:00;17.05.2018 23:00;41,44
17.05.2018 23:00;18.05.2018 00:00;35,99
18.05.2018 00:00;18.05.2018 01:00;31,79
18.05.2018 01:00;18.05.2018 02:00;27,77
18.05.2018 02:00;18.05.2018 03:00;27,39
18.05.2018 03:00;18.05.2018 04:00;26,59
18.05.2018 04:00;18.05.2018 05:00;28,99
18.05.2018 05:00;18.05.2018 06:00;32,22
18.05.2018 06:00;18.05.2018 07:00;41,84
18.05.2018 07:00;18.05.2018 08:00;50,72
18.05.2018 08:00;18.05.2018 09:00;48,82
18.05.2018 09:00;18.05.2018 10:00;42,97
18.05.2018 10:00;18.05.2018 11:00;41,8
18.05.2018 11:00;18.05.2018 12:00;39,4
18.05.2018 12:00;18.05.2018 13:00;38,05
18.05.2018 13:00;18.05.2018 14:00;36,53
18.05.2018 14:00;18.05.2018 15:00;34,58
18.05.2018 15:00;18.05.2018 16:00;34,1
18.05.2018 16:00;18.05.2018 17:00;36,44
18.05.2018 17:00;18.05.2018 18:00;41,58
18.05.2018 18:00;18.05.2018 19:00;46,47
18.05.2018 19:00;18.05.2018 20:00;48,95
18.05.2018 20:00;18.05.2018 21:00;47,76
18.05.2018 21:00;18.05.2018 22:00;47,32
18.05.2018 22:00;18.05.2018 23:00;44,96
18.05.2018 23:00;19.05.2018 00:00;41,55
19.05.2018 00:00;19.05.2018 01:00;41,91
19.05.2018 01:00;19.05.2018 02:00;35,18
19.05.2018 02:00;19.05.2018 03:00;34,14
19.05.2018 03:00;19.05.2018 04:00;34,64
19.05.2018 04:00;19.05.2018 05:00;34,55
19.05.2018 05:00;19.05.2018 06:00;34,91
19.05.2018 06:00;19.05.2018 07:00;39,88
19.05.2018 07:00;19.05.2018 08:00;47,01
19.05.2018 08:00;19.05.2018 09:00;47,03
19.05.2018 09:00;19.05.2018 10:00;42,97
19.05.2018 10:00;19.05.2018 11:00;33,86
19.05.2018 11:00;19.05.2018 12:00;32,53
19.05.2018 12:00;19.05.2018 13:00;27,72
19.05.2018 13:00;19.05.2018 14:00;28,01
19.05.2018 14:00;19.05.2018 15:00;27,03
19.05.2018 15:00;19.05.2018 16:00;27,06
19.05.2018 16:00;19.05.2018 17:00;29,73
19.05.2018 17:00;19.05.2018 18:00;35,89
19.05.2018 18:00;19.05.2018 19:00;42,96
19.05.2018 19:00;19.05.2018 20:00;43,59
19.05.2018 20:00;19.05.2018 21:00;42,66
19.05.2018 21:00;19.05.2018 22:00;41,03
19.05.2018 22:00;19.05.2018 23:00;37,58
19.05.2018 23:00;20.05.2018 00:00;30,7
20.05.2018 00:00;20.05.2018 01:00;29,94
20.05.2018 01:00;20.05.2018 02:00;24,84
20.05.2018 02:00;20.05.2018 03:00;22,7
20.05.2018 03:00;20.05.2018 04:00;19,71
20.05.2018 04:00;20.05.2018 05:00;18,01
20.05.2018 05:00;20.05.2018 06:00;17,06
20.05.2018 06:00;20.05.2018 07:00;17,42
20.05.2018 07:00;20.05.2018 08:00;22,04
20.05.2018 08:00;20.05.2018 09:00;22,99
20.05.2018 09:00;20.05.2018 10:00;21,46
20.05.2018 10:00;20.05.2018 11:00;18,51
20.05.2018 11:00;20.05.2018 12:00;16,19
20.05.2018 12:00;20.05.2018 13:00;16,58
20.05.2018 13:00;20.05.2018 14:00;9,31
20.05.2018 14:00;20.05.2018 15:00;0,0
20.05.2018 15:00;20.05.2018 16:00;-4,9
20.05.2018 16:00;20.05.2018 17:00;1,0
20.05.2018 17:00;20.05.2018 18:00;9,2
20.05.2018 18:00;20.05.2018 19:00;16,47
20.05.2018 19:00;20.05.2018 20:00;23,02
20.05.2018 20:00;20.05.2018 21:00;23,06
20.05.2018 21:00;20.05.2018 22:00;22,37
20.05.2018 22:00;20.05.2018 23:00;18,04
20.05.2018 23:00;21.05.2018 00:00;15,27
21.05.2018 00:00;21.05.2018 01:00;3,91
21.05.2018 01:00;21.05.2018 02:00;-0,09
21.05.2018 02:00;21.05.2018 03:00;-9,21
21.05.2018 03:00;21.05.2018 04:00;-0,34
21.05.2018 04:00;21.05.2018 05:00;-2,71
21.05.2018 05:00;21.05.2018 06:00;-1,96
21.05.2018 06:00;21.05.2018 07:00;13,53
21.05.2018 07:00;21.05.2018 08:00;20,17
21.05.2018 08:00;21.05.2018 09:00;20,04
21.05.2018 09:00;21.05.2018 10:00;14,16
21.05.2018 10:00;21.05.2018 11:00;1,34
21.05.2018 11:00;21.05.2018 12:00;-0,09
21.05.2018 12:00;21.05.2018 13:00;-3,98
21.05.2018 13:00;21.05.2018 14:00;-44,41
21.05.2018 14:00;21.05.2018 15:00;-42,11
21.05.2018 15:00;21.05.2018 16:00;-15,87
21.05.2018 16:00;21.05.2018 17:00;0,0
21.05.2018 17:00;21.05.2018 18:00;12,34
21.05.2018 18:00;21.05.2018 19:00;21,01
21.05.2018 19:00;21.05.2018 20:00;29,97
21.05.2018 20:00;21.05.2018 21:00;32,25
21.05.2018 21:00;21.05.2018 22:00;30,67
21.05.2018 22:00;21.05.2018 23:00;32,22
21.05.2018 23:00;22.05.2018 00:00;25,06
22.05.2018 00:00;22.05.2018 01:00;24,59
22.05.2018 01:00;22.05.2018 02:00;22,91
22.05.2018 02:00;22.05.2018 03:00;23,4
22.05.2018 03:00;22.05.2018 04:00;24,07
22.05.2018 04:00;22.05.2018 05:00;27,71
22.05.2018 05:00;22.05.2018 06:00;32,1
22.05.2018 06:00;22.05.2018 07:00;47,06
22.05.2018 07:00;22.05.2018 08:00;54,8
22.05.2018 08:00;22.05.2018 09:00;59,37
22.05.2018 09:00;22.05.2018 10:00;49,57
22.05.2018 10:00;22.05.2018 11:00;44,97
22.05.2018 11:00;22.05.2018 12:00;43,05
22.05.2018 12:00;22.05.2018 13:00;41,05
22.05.2018 13:00;22.05.2018 14:00;41,09
22.05.2018 14:00;22.05.2018 15:00;42,4
22.05.2018 15:00;22.05.2018 16:00;47,4
22.05.2018 16:00;22.05.2018 17:00;49,88
22.05.2018 17:00;22.05.2018 18:00;56,22
22.05.2018 18:00;22.05.2018 19:00;57,05
22.05.2018 19:00;22.05.2018 20:00;59,66
22.05.2018 20:00;22.05.2018 21:00;50,7
22.05.2018 21:00;22.05.2018 22:00;47,36
22.05.2018 22:00;22.05.2018 23:00;41,94
22.05.2018 23:00;23.05.2018 00:00;37,84
23.05.2018 00:00;23.05.2018 01:00;37,91
23.05.2018 01:00;23.05.2018 02:00;37,0
23.05.2018 02:00;23.05.2018 03:00;36,04
23.05.2018 03:00;23.05.2018 04:00;34,53
23.05.2018 04:00;23.05.2018 05:00;35,24
23.05.2018 05:00;23.05.2018 06:00;37,83
23.05.2018 06:00;23.05.2018 07:00;46,37
23.05.2018 07:00;23.05.2018 08:00;56,35
23.05.2018 08:00;23.05.2018 09:00;65,99
23.05.2018 09:00;23.05.2018 10:00;51,21
23.05.2018 10:00;23.05.2018 11:00;47,14
23.05.2018 11:00;23.05.2018 12:00;43,05
23.05.2018 12:00;23.05.2018 13:00;40,91
23.05.2018 13:00;23.05.2018 14:00;41,34
23.05.2018 14:00;23.05.2018 15:00;37,93
23.05.2018 15:00;23.05.2018 16:00;36,99
23.05.2018 16:00;23.05.2018 17:00;36,38
23.05.2018 17:00;23.05.2018 18:00;40,44
23.05.2018 18:00;23.05.2018 19:00;43,93
23.05.2018 19:00;23.05.2018 20:00;46,85
23.05.2018 20:00;23.05.2018 21:00;45,21
23.05.2018 21:00;23.05.2018 22:00;41,92
23.05.2018 22:00;23.05.2018 23:00;40,06
23.05.2018 23:00;24.05.2018 00:00;35,37
24.05.2018 00:00;24.05.2018 01:00;35,64
24.05.2018 01:00;24.05.2018 02:00;33,93
24.05.2018 02:00;24.05.2018 03:00;32,22
24.05.2018 03:00;24.05.2018 04:00;31,03
24.05.2018 04:00;24.05.2018 05:00;31,56
24.05.2018 05:00;24.05.2018 06:00;32,08
24.05.2018 06:00;24.05.2018 07:00;40,83
24.05.2018 07:00;24.05.2018 08:00;46,51
24.05.2018 08:00;24.05.2018 09:00;50,0
24.05.2018 09:00;24.05.2018 10:00;47,7
24.05.2018 10:00;24.05.2018 11:00;43,98
24.05.2018 11:00;24.05.2018 12:00;42,97
24.05.2018 12:00;24.05.2018 13:00;38,92
24.05.2018 13:00;24.05.2018 14:00;35,95
24.05.2018 14:00;24.05.2018 15:00;34,47
24.05.2018 15:00;24.05.2018 16:00;34,9
24.05.2018 16:00;24.05.2018 17:00;34,91
24.05.2018 17:00;24.05.2018 18:00;40,09
24.05.2018 18:00;24.05.2018 19:00;42,69
24.05.2018 19:00;24.05.2018 20:00;43,98
24.05.2018 20:00;24.05.2018 21:00;43,74
24.05.2018 21:00;24.05.2018 22:00;41,97
24.05.2018 22:00;24.05.2018 23:00;39,86
24.05.2018 23:00;25.05.2018 00:00;34,89
25.05.2018 00:00;25.05.2018 01:00;35,97
25.05.2018 01:00;25.05.2018 02:00;34,17
25.05.2018 02:00;25.05.2018 03:00;33,4
25.05.2018 03:00;25.05.2018 04:00;31,63
25.05.2018 04:00;25.05.2018 05:00;33,01
25.05.2018 05:00;25.05.2018 06:00;35,89
25.05.2018 06:00;25.05.2018 07:00;43,4
25.05.2018 07:00;25.05.2018 08:00;47,37
25.05.2018 08:00;25.05.2018 09:00;48,01
25.05.2018 09:00;25.05.2018 10:00;44,99
25.05.2018 10:00;25.05.2018 11:00;43,43
25.05.2018 11:00;25.05.2018 12:00;42,94
25.05.2018 12:00;25.05.2018 13:00;40,35
25.05.2018 13:00;25.05.2018 14:00;33,92
25.05.2018 14:00;25.05.2018 15:00;34,43
25.05.2018 15:00;25.05.2018 16:00;36,33
25.05.2018 16:00;25.05.2018 17:00;40,09
25.05.2018 17:00;25.05.2018 18:00;41,87
25.05.2018 18:00;25.05.2018 19:00;44,06
25.05.2018 19:00;25.05.2018 20:00;47,02
25.05.2018 20:00;25.05.2018 21:00;46,02
25.05.2018 21:00;25.05.2018 22:00;45,18
25.05.2018 22:00;25.05.2018 23:00;44,63
25.05.2018 23:00;26.05.2018 00:00;40,59
26.05.2018 00:00;26.05.2018 01:00;41,46
26.05.2018 01:00;26.05.2018 02:00;38,66
26.05.2018 02:00;26.05.2018 03:00;36,0
26.05.2018 03:00;26.05.2018 04:00;34,97
26.05.2018 04:00;26.05.2018 05:00;34,27
26.05.2018 05:00;26.05.2018 06:00;33,81
26.05.2018 06:00;26.05.2018 07:00;37,33
26.05.2018 07:00;26.05.2018 08:00;39,62
26.05.2018 08:00;26.05.2018 09:00;42,62
26.05.2018 09:00;26.05.2018 10:00;40,47
26.05.2018 10:00;26.05.2018 11:00;34,58
26.05.2018 11:00;26.05.2018 12:00;33,02
26.05.2018 12:00;26.05.2018 13:00;30,87
26.05.2018 13:00;26.05.2018 14:00;29,03
26.05.2018 14:00;26.05.2018 15:00;29,94
26.05.2018 15:00;26.05.2018 16:00;29,06
26.05.2018 16:00;26.05.2018 17:00;30,41
26.05.2018 17:00;26.05.2018 18:00;35,08
26.05.2018 18:00;26.05.2018 19:00;44,06
26.05.2018 19:00;26.05.2018 20:00;43,94
26.05.2018 20:00;26.05.2018 21:00;44,55
26.05.2018 21:00;26.05.2018 22:00;43,02
26.05.2018 22:00;26.05.2018 23:00;43,92
26.05.2018 23:00;27.05.2018 00:00;39,12
27.05.2018 00:00;27.05.2018 01:00;38,82
27.05.2018 01:00;27.05.2018 02:00;34,15
27.05.2018 02:00;27.05.2018 03:00;31,66
27.05.2018 03:00;27.05.2018 04:00;31,06
27.05.2018 04:00;27.05.2018 05:00;31,96
27.05.2018 05:00;27.05.2018 06:00;27,54
27.05.2018 06:00;27.05.2018 07:00;25,65
27.05.2018 07:00;27.05.2018 08:00;26,45
27.05.2018 08:00;27.05.2018 09:00;27,09
27.05.2018 09:00;27.05.2018 10:00;29,01
27.05.2018 10:00;27.05.2018 11:00;26,22
27.05.2018 11:00;27.05.2018 12:00;26,37
27.05.2018 12:00;27.05.2018 13:00;28,7
27.05.2018 13:00;27.05.2018 14:00;26,24
27.05.2018 14:00;27.05.2018 15:00;23,79
27.05.2018 15:00;27.05.2018 16:00;26,21
27.05.2018 16:00;27.05.2018 17:00;27,56
27.05.2018 17:00;27.05.2018 18:00;32,0
27.05.2018 18:00;27.05.2018 19:00;44,97
27.05.2018 19:00;27.05.2018 20:00;46,22
27.05.2018 20:00;27.05.2018 21:00;46,8
27.05.2018 21:00;27.05.2018 22:00;46,93
27.05.2018 22:00;27.05.2018 23:00;46,14
27.05.2018 23:00;28.05.2018 00:00;37,69
28.05.2018 00:00;28.05.2018 01:00;32,06
28.05.2018 01:00;28.05.2018 02:00;29,36
28.05.2018 02:00;28.05.2018 03:00;27,6
28.05.2018 03:00;28.05.2018 04:00;27,56
28.05.2018 04:00;28.05.2018 05:00;28,51
28.05.2018 05:00;28.05.2018 06:00;32,86
28.05.2018 06:00;28.05.2018 07:00;47,63
28.05.2018 07:00;28.05.2018 08:00;50,5
28.05.2018 08:00;28.05.2018 09:00;51,27
28.05.2018 09:00;28.05.2018 10:00;50,91
28.05.2018 10:00;28.05.2018 11:00;49,93
28.05.2018 11:00;28.05.2018 12:00;48,3
28.05.2018 12:00;28.05.2018 13:00;45,95
28.05.2018 13:00;28.05.2018 14:00;47,01
28.05.2018 14:00;28.05.2018 15:00;47,35
28.05.2018 15:00;28.05.2018 16:00;48,81
28.05.2018 16:00;28.05.2018 17:00;49,95
28.05.2018 17:00;28.05.2018 18:00;52,01
28.05.2018 18:00;28.05.2018 19:00;51,46
28.05.2018 19:00;28.05.2018 20:00;53,34
28.05.2018 20:00;28.05.2018 21:00;49,98
28.05.2018 21:00;28.05.2018 22:00;47,07
28.05.2018 22:00;28.05.2018 23:00;44,22
28.05.2018 23:00;29.05.2018 00:00;37,51
29.05.2018 00:00;29.05.2018 01:00;35,29
29.05.2018 01:00;29.05.2018 02:00;33,9
29.05.2018 02:00;29.05.2018 03:00;34,99
29.05.2018 03:00;29.05.2018 04:00;34,37
29.05.2018 04:00;29.05.2018 05:00;33,06
29.05.2018 05:00;29.05.2018 06:00;37,09
29.05.2018 06:00;29.05.2018 07:00;42,46
29.05.2018 07:00;29.05.2018 08:00;52,69
29.05.2018 08:00;29.05.2018 09:00;58,15
29.05.2018 09:00;29.05.2018 10:00;51,83
29.05.2018 10:00;29.05.2018 11:00;49,05
29.05.2018 11:00;29.05.2018 12:00;45,72
29.05.2018 12:00;29.05.2018 13:00;38,95
29.05.2018 13:00;29.05.2018 14:00;37,54
29.05.2018 14:00;29.05.2018 15:00;38,14
29.05.2018 15:00;29.05.2018 16:00;40,49
29.05.2018 16:00;29.05.2018 17:00;41,3
29.05.2018 17:00;29.05.2018 18:00;44,66
29.05.2018 18:00;29.05.2018 19:00;49,07
29.05.2018 19:00;29.05.2018 20:00;50,01
29.05.2018 20:00;29.05.2018 21:00;50,35
29.05.2018 21:00;29.05.2018 22:00;47,92
29.05.2018 22:00;29.05.2018 23:00;44,65
29.05.2018 23:00;30.05.2018 00:00;38,17
30.05.2018 00:00;30.05.2018 01:00;37,88
30.05.2018 01:00;30.05.2018 02:00;36,22
30.05.2018 02:00;30.05.2018 03:00;35,0
30.05.2018 03:00;30.05.2018 04:00;33,4
30.05.2018 04:00;30.05.2018 05:00;33,97
30.05.2018 05:00;30.05.2018 06:00;37,81
30.05.2018 06:00;30.05.2018 07:00;43,96
30.05.2018 07:00;30.05.2018 08:00;53,0
30.05.2018 08:00;30.05.2018 09:00;56,89
30.05.2018 09:00;30.05.2018 10:00;53,15
30.05.2018 10:00;30.05.2018 11:00;49,91
30.05.2018 11:00;30.05.2018 12:00;47,97
30.05.2018 12:00;30.05.2018 13:00;43,94
30.05.2018 13:00;30.05.2018 14:00;43,93
30.05.2018 14:00;30.05.2018 15:00;44,74
30.05.2018 15:00;30.05.2018 16:00;44,98
30.05.2018 16:00;30.05.2018 17:00;46,68
30.05.2018 17:00;30.05.2018 18:00;49,93
30.05.2018 18:00;30.05.2018 19:00;55,83
30.05.2018 19:00;30.05.2018 20:00;59,25
30.05.2018 20:00;30.05.2018 21:00;58,91
30.05.2018 21:00;30.05.2018 22:00;55,32
30.05.2018 22:00;30.05.2018 23:00;51,25
30.05.2018 23:00;31.05.2018 00:00;46,3
31.05.2018 00:00;31.05.2018 01:00;42,88
31.05.2018 01:00;31.05.2018 02:00;38,71
31.05.2018 02:00;31.05.2018 03:00;38,65
31.05.2018 03:00;31.05.2018 04:00;38,15
31.05.2018 04:00;31.05.2018 05:00;37,91
31.05.2018 05:00;31.05.2018 06:00;38,37
31.05.2018 06:00;31.05.2018 07:00;41,12
31.05.2018 07:00;31.05.2018 08:00;49,98
31.05.2018 08:00;31.05.2018 09:00;49,27
31.05.2018 09:00;31.05.2018 10:00;44,18
31.05.2018 10:00;31.05.2018 11:00;37,8
31.05.2018 11:00;31.05.2018 12:00;36,91
31.05.2018 12:00;31.05.2018 13:00;33,67
31.05.2018 13:00;31.05.2018 14:00;35,88
31.05.2018 14:00;31.05.2018 15:00;38,05
31.05.2018 15:00;31.05.2018 16:00;39,14
31.05.2018 16:00;31.05.2018 17:00;38,06
31.05.2018 17:00;31.05.2018 18:00;44,15
31.05.2018 18:00;31.05.2018 19:00;48,49
31.05.2018 19:00;31.05.2018 20:00;50,82
31.05.2018 20:00;31.05.2018 21:00;49,94
31.05.2018 21:00;31.05.2018 22:00;48,99
31.05.2018 22:00;31.05.2018 23:00;49,77
31.05.2018 23:00;01.06.2018 00:00;43,05
01.06.2018 00:00;01.06.2018 01:00;42,34
01.06.2018 01:00;01.06.2018 02:00;38,89
01.06.2018 02:00;01.06.2018 03:00;38,82
01.06.2018 03:00;01.06.2018 04:00;38,45
01.06.2018 04:00;01.06.2018 05:00;38,62
01.06.2018 05:00;01.06.2018 06:00;40,19
01.06.2018 06:00;01.06.2018 07:00;49,0
01.06.2018 07:00;01.06.2018 08:00;63,57
01.06.2018 08:00;01.06.2018 09:00;63,07
01.06.2018 09:00;01.06.2018 10:00;63,03
01.06.2018 10:00;01.06.2018 11:00;58,83
01.06.2018 11:00;01.06.2018 12:00;60,3
01.06.2018 12:00;01.06.2018 13:00;56,02
01.06.2018 13:00;01.06.2018 14:00;49,97
01.06.2018 14:00;01.06.2018 15:00;48,07
01.06.2018 15:00;01.06.2018 16:00;49,08
01.06.2018 16:00;01.06.2018 17:00;49,89
01.06.2018 17:00;01.06.2018 18:00;56,91
01.06.2018 18:00;01.06.2018 19:00;56,29
01.06.2018 19:00;01.06.2018 20:00;55,27
01.06.2018 20:00;01.06.2018 21:00;54,49
01.06.2018 21:00;01.06.2018 22:00;56,06
01.06.2018 22:00;01.06.2018 23:00;55,14
01.06.2018 23:00;02.06.2018 00:00;48,85
02.06.2018 00:00;02.06.2018 01:00;38,43
02.06.2018 01:00;02.06.2018 02:00;37,09
02.06.2018 02:00;02.06.2018 03:00;37,67
02.06.2018 03:00;02.06.2018 04:00;37,17
02.06.2018 04:00;02.06.2018 05:00;36,01
02.06.2018 05:00;02.06.2018 06:00;33,29
02.06.2018 06:00;02.06.2018 07:00;34,96
02.06.2018 07:00;02.06.2018 08:00;38,0
02.06.2018 08:00;02.06.2018 09:00;43,81
02.06.2018 09:00;02.06.2018 10:00;45,71
02.06.2018 10:00;02.06.2018 11:00;43,38
02.06.2018 11:00;02.06.2018 12:00;39,59
02.06.2018 12:00;02.06.2018 13:00;37,04
02.06.2018 13:00;02.06.2018 14:00;34,9
02.06.2018 14:00;02.06.2018 15:00;33,08
02.06.2018 15:00;02.06.2018 16:00;34,04
02.06.2018 16:00;02.06.2018 17:00;34,37
02.06.2018 17:00;02.06.2018 18:00;38,3
02.06.2018 18:00;02.06.2018 19:00;45,91
02.06.2018 19:00;02.06.2018 20:00;51,05
02.06.2018 20:00;02.06.2018 21:00;51,04
02.06.2018 21:00;02.06.2018 22:00;50,91
02.06.2018 22:00;02.06.2018 23:00;47,0
02.06.2018 23:00;03.06.2018 00:00;42,64
03.06.2018 00:00;03.06.2018 01:00;39,36
03.06.2018 01:00;03.06.2018 02:00;35,5
03.06.2018 02:00;03.06.2018 03:00;33,98
03.06.2018 03:00;03.06.2018 04:00;33,09
03.06.2018 04:00;03.06.2018 05:00;30,97
03.06.2018 05:00;03.06.2018 06:00;28,89
03.06.2018 06:00;03.06.2018 07:00;29,01
03.06.2018 07:00;03.06.2018 08:00;29,9
03.06.2018 08:00;03.06.2018 09:00;27,61
03.06.2018 09:00;03.06.2018 10:00;26,37
03.06.2018 10:00;03.06.2018 11:00;25,06
03.06.2018 11:00;03.06.2018 12:00;24,83
03.06.2018 12:00;03.06.2018 13:00;23,1
03.06.2018 13:00;03.06.2018 14:00;23,2
03.06.2018 14:00;03.06.2018 15:00;20,62
03.06.2018 15:00;03.06.2018 16:00;21,35
03.06.2018 16:00;03.06.2018 17:00;24,35
03.06.2018 17:00;03.06.2018 18:00;32,5
03.06.2018 18:00;03.06.2018 19:00;39,77
03.06.2018 19:00;03.06.2018 20:00;44,5
03.06.2018 20:00;03.06.2018 21:00;47,32
03.06.2018 21:00;03.06.2018 22:00;48,98
03.06.2018 22:00;03.06.2018 23:00;48,91
03.06.2018 23:00;04.06.2018 00:00;40,57
04.06.2018 00:00;04.06.2018 01:00;35,57
04.06.2018 01:00;04.06.2018 02:00;33,1
04.06.2018 02:00;04.06.2018 03:00;32,4
04.06.2018 03:00;04.06.2018 04:00;31,44
04.06.2018 04:00;04.06.2018 05:00;30,85
04.06.2018 05:00;04.06.2018 06:00;35,66
04.06.2018 06:00;04.06.2018 07:00;45,81
04.06.2018 07:00;04.06.2018 08:00;60,45
04.06.2018 08:00;04.06.2018 09:00;63,47
04.06.2018 09:00;04.06.2018 10:00;58,13
04.06.2018 10:00;04.06.2018 11:00;51,98
04.06.2018 11:00;04.06.2018 12:00;50,08
04.06.2018 12:00;04.06.2018 13:00;47,93
04.06.2018 13:00;04.06.2018 14:00;45,94
04.06.2018 14:00;04.06.2018 15:00;45,19
04.06.2018 15:00;04.06.2018 16:00;46,16
04.06.2018 16:00;04.06.2018 17:00;45,88
04.06.2018 17:00;04.06.2018 18:00;47,46
04.06.2018 18:00;04.06.2018 19:00;52,95
04.06.2018 19:00;04.06.2018 20:00;59,4
04.06.2018 20:00;04.06.2018 21:00;55,98
04.06.2018 21:00;04.06.2018 22:00;52,93
04.06.2018 22:00;04.06.2018 23:00;50,93
04.06.2018 23:00;05.06.2018 00:00;44,49
05.06.2018 00:00;05.06.2018 01:00;43,8
05.06.2018 01:00;05.06.2018 02:00;41,01
05.06.2018 02:00;05.06.2018 03:00;39,44
05.06.2018 03:00;05.06.2018 04:00;39,35
05.06.2018 04:00;05.06.2018 05:00;39,05
05.06.2018 05:00;05.06.2018 06:00;41,63
05.06.2018 06:00;05.06.2018 07:00;50,26
05.06.2018 07:00;05.06.2018 08:00;63,14
05.06.2018 08:00;05.06.2018 09:00;64,74
05.06.2018 09:00;05.06.2018 10:00;63,02
05.06.2018 10:00;05.06.2018 11:00;56,9
05.06.2018 11:00;05.06.2018 12:00;55,09
05.06.2018 12:00;05.06.2018 13:00;49,91
05.06.2018 13:00;05.06.2018 14:00;47,93
05.06.2018 14:00;05.06.2018 15:00;46,44
05.06.2018 15:00;05.06.2018 16:00;47,82
05.06.2018 16:00;05.06.2018 17:00;47,93
05.06.2018 17:00;05.06.2018 18:00;53,63
05.06.2018 18:00;05.06.2018 19:00;59,46
05.06.2018 19:00;05.06.2018 20:00;65,6
05.06.2018 20:00;05.06.2018 21:00;60,04
05.06.2018 21:00;05.06.2018 22:00;52,89
05.06.2018 22:00;05.06.2018 23:00;50,23
05.06.2018 23:00;06.06.2018 00:00;44,93
06.06.2018 00:00;06.06.2018 01:00;44,99
06.06.2018 01:00;06.06.2018 02:00;41,16
06.06.2018 02:00;06.06.2018 03:00;40,05
06.06.2018 03:00;06.06.2018 04:00;39,21
06.06.2018 04:00;06.06.2018 05:00;38,25
06.06.2018 05:00;06.06.2018 06:00;40,03
06.06.2018 06:00;06.06.2018 07:00;46,84
06.06.2018 07:00;06.06.2018 08:00;59,07
06.06.2018 08:00;06.06.2018 09:00;65,0
06.06.2018 09:00;06.06.2018 10:00;57,93
06.06.2018 10:00;06.06.2018 11:00;50,97
06.06.2018 11:00;06.06.2018 12:00;49,99
06.06.2018 12:00;06.06.2018 13:00;47,83
06.06.2018 13:00;06.06.2018 14:00;47,14
06.06.2018 14:00;06.06.2018 15:00;47,16
06.06.2018 15:00;06.06.2018 16:00;47,51
06.06.2018 16:00;06.06.2018 17:00;49,94
06.06.2018 17:00;06.06.2018 18:00;52,19
06.06.2018 18:00;06.06.2018 19:00;61,25
06.06.2018 19:00;06.06.2018 20:00;63,31
06.06.2018 20:00;06.06.2018 21:00;59,45
06.06.2018 21:00;06.06.2018 22:00;50,93
06.06.2018 22:00;06.06.2018 23:00;47,43
06.06.2018 23:00;07.06.2018 00:00;44,96
07.06.2018 00:00;07.06.2018 01:00;39,71
07.06.2018 01:00;07.06.2018 02:00;39,24
07.06.2018 02:00;07.06.2018 03:00;39,21
07.06.2018 03:00;07.06.2018 04:00;37,64
07.06.2018 04:00;07.06.2018 05:00;38,25
07.06.2018 05:00;07.06.2018 06:00;39,99
07.06.2018 06:00;07.06.2018 07:00;46,98
07.06.2018 07:00;07.06.2018 08:00;57,0
07.06.2018 08:00;07.06.2018 09:00;60,95
07.06.2018 09:00;07.06.2018 10:00;57,97
07.06.2018 10:00;07.06.2018 11:00;51,86
07.06.2018 11:00;07.06.2018 12:00;48,91
07.06.2018 12:00;07.06.2018 13:00;47,7
07.06.2018 13:00;07.06.2018 14:00;46,64
07.06.2018 14:00;07.06.2018 15:00;47,03
07.06.2018 15:00;07.06.2018 16:00;48,63
07.06.2018 16:00;07.06.2018 17:00;54,23
07.06.2018 17:00;07.06.2018 18:00;57,94
07.06.2018 18:00;07.06.2018 19:00;59,01
07.06.2018 19:00;07.06.2018 20:00;62,64
07.06.2018 20:00;07.06.2018 21:00;58,35
07.06.2018 21:00;07.06.2018 22:00;52,97
07.06.2018 22:00;07.06.2018 23:00;50,97
07.06.2018 23:00;08.06.2018 00:00;46,82
08.06.2018 00:00;08.06.2018 01:00;43,02
08.06.2018 01:00;08.06.2018 02:00;43,24
08.06.2018 02:00;08.06.2018 03:00;42,53
08.06.2018 03:00;08.06.2018 04:00;42,09
08.06.2018 04:00;08.06.2018 05:00;42,53
08.06.2018 05:00;08.06.2018 06:00;41,97
08.06.2018 06:00;08.06.2018 07:00;48,93
08.06.2018 07:00;08.06.2018 08:00;57,09
08.06.2018 08:00;08.06.2018 09:00;63,52
08.06.2018 09:00;08.06.2018 10:00;56,91
08.06.2018 10:00;08.06.2018 11:00;54,13
08.06.2018 11:00;08.06.2018 12:00;53,05
08.06.2018 12:00;08.06.2018 13:00;48,35
08.06.2018 13:00;08.06.2018 14:00;45,96
08.06.2018 14:00;08.06.2018 15:00;45,15
08.06.2018 15:00;08.06.2018 16:00;47,1
08.06.2018 16:00;08.06.2018 17:00;48,33
08.06.2018 17:00;08.06.2018 18:00;50,47
08.06.2018 18:00;08.06.2018 19:00;54,66
08.06.2018 19:00;08.06.2018 20:00;54,98
08.06.2018 20:00;08.06.2018 21:00;53,09
08.06.2018 21:00;08.06.2018 22:00;49,67
08.06.2018 22:00;08.06.2018 23:00;50,37
08.06.2018 23:00;09.06.2018 00:00;48,45
09.06.2018 00:00;09.06.2018 01:00;45,07
09.06.2018 01:00;09.06.2018 02:00;41,79
09.06.2018 02:00;09.06.2018 03:00;39,73
09.06.2018 03:00;09.06.2018 04:00;38,56
09.06.2018 04:00;09.06.2018 05:00;37,97
09.06.2018 05:00;09.06.2018 06:00;38,3
09.06.2018 06:00;09.06.2018 07:00;38,9
09.06.2018 07:00;09.06.2018 08:00;43,88
09.06.2018 08:00;09.06.2018 09:00;46,54
09.06.2018 09:00;09.06.2018 10:00;46,55
09.06.2018 10:00;09.06.2018 11:00;42,57
09.06.2018 11:00;09.06.2018 12:00;39,78
09.06.2018 12:00;09.06.2018 13:00;39,55
09.06.2018 13:00;09.06.2018 14:00;38,78
09.06.2018 14:00;09.06.2018 15:00;38,15
09.06.2018 15:00;09.06.2018 16:00;38,83
09.06.2018 16:00;09.06.2018 17:00;39,0
09.06.2018 17:00;09.06.2018 18:00;39,98
09.06.2018 18:00;09.06.2018 19:00;47,99
09.06.2018 19:00;09.06.2018 20:00;48,96
09.06.2018 20:00;09.06.2018 21:00;48,91
09.06.2018 21:00;09.06.2018 22:00;48,03
09.06.2018 22:00;09.06.2018 23:00;48,0
09.06.2018 23:00;10.06.2018 00:00;43,47
10.06.2018 00:00;10.06.2018 01:00;43,48
10.06.2018 01:00;10.06.2018 02:00;39,96
10.06.2018 02:00;10.06.2018 03:00;38,34
10.06.2018 03:00;10.06.2018 04:00;37,38
10.06.2018 04:00;10.06.2018 05:00;37,01
10.06.2018 05:00;10.06.2018 06:00;35,15
10.06.2018 06:00;10.06.2018 07:00;35,76
10.06.2018 07:00;10.06.2018 08:00;38,34
10.06.2018 08:00;10.06.2018 09:00;38,0
10.06.2018 09:00;10.06.2018 10:00;37,97
10.06.2018 10:00;10.06.2018 11:00;35,09
10.06.2018 11:00;10.06.2018 12:00;35,65
10.06.2018 12:00;10.06.2018 13:00;33,34
10.06.2018 13:00;10.06.2018 14:00;32,6
10.06.2018 14:00;10.06.2018 15:00;30,45
10.06.2018 15:00;10.06.2018 16:00;31,56
10.06.2018 16:00;10.06.2018 17:00;33,07
10.06.2018 17:00;10.06.2018 18:00;37,98
10.06.2018 18:00;10.06.2018 19:00;46,36
10.06.2018 19:00;10.06.2018 20:00;49,93
10.06.2018 20:00;10.06.2018 21:00;49,97
10.06.2018 21:00;10.06.2018 22:00;49,9
10.06.2018 22:00;10.06.2018 23:00;49,94
10.06.2018 23:00;11.06.2018 00:00;46,65
11.06.2018 00:00;11.06.2018 01:00;39,55
11.06.2018 01:00;11.06.2018 02:00;38,37
11.06.2018 02:00;11.06.2018 03:00;37,43
11.06.2018 03:00;11.06.2018 04:00;37,56
11.06.2018 04:00;11.06.2018 05:00;37,38
11.06.2018 05:00;11.06.2018 06:00;38,56
11.06.2018 06:00;11.06.2018 07:00;49,4
11.06.2018 07:00;11.06.2018 08:00;56,87
11.06.2018 08:00;11.06.2018 09:00;63,24
11.06.2018 09:00;11.06.2018 10:00;56,77
11.06.2018 10:00;11.06.2018 11:00;55,01
11.06.2018 11:00;11.06.2018 12:00;51,4
11.06.2018 12:00;11.06.2018 13:00;49,94
11.06.2018 13:00;11.06.2018 14:00;47,73
11.06.2018 14:00;11.06.2018 15:00;47,58
11.06.2018 15:00;11.06.2018 16:00;47,79
11.06.2018 16:00;11.06.2018 17:00;49,66
11.06.2018 17:00;11.06.2018 18:00;50,93
11.06.2018 18:00;11.06.2018 19:00;53,48
11.06.2018 19:00;11.06.2018 20:00;54,94
11.06.2018 20:00;11.06.2018 21:00;54,7
11.06.2018 21:00;11.06.2018 22:00;50,87
11.06.2018 22:00;11.06.2018 23:00;49,47
11.06.2018 23:00;12.06.2018 00:00;46,17
12.06.2018 00:00;12.06.2018 01:00;40,93
12.06.2018 01:00;12.06.2018 02:00;39,48
12.06.2018 02:00;12.06.2018 03:00;38,54
12.06.2018 03:00;12.06.2018 04:00;37,28
12.06.2018 04:00;12.06.2018 05:00;37,34
12.06.2018 05:00;12.06.2018 06:00;38,02
12.06.2018 06:00;12.06.2018 07:00;44,02
12.06.2018 07:00;12.06.2018 08:00;55,02
12.06.2018 08:00;12.06.2018 09:00;59,46
12.06.2018 09:00;12.06.2018 10:00;59,27
12.06.2018 10:00;12.06.2018 11:00;56,96
12.06.2018 11:00;12.06.2018 12:00;59,17
12.06.2018 12:00;12.06.2018 13:00;58,15
12.06.2018 13:00;12.06.2018 14:00;56,52
12.06.2018 14:00;12.06.2018 15:00;53,9
12.06.2018 15:00;12.06.2018 16:00;51,5
12.06.2018 16:00;12.06.2018 17:00;50,98
12.06.2018 17:00;12.06.2018 18:00;51,62
12.06.2018 18:00;12.06.2018 19:00;52,93
12.06.2018 19:00;12.06.2018 20:00;54,08
12.06.2018 20:00;12.06.2018 21:00;52,78
12.06.2018 21:00;12.06.2018 22:00;48,94
12.06.2018 22:00;12.06.2018 23:00;50,29
12.06.2018 23:00;13.06.2018 00:00;46,27
13.06.2018 00:00;13.06.2018 01:00;39,5
13.06.2018 01:00;13.06.2018 02:00;38,4
13.06.2018 02:00;13.06.2018 03:00;37,98
13.06.2018 03:00;13.06.2018 04:00;37,17
13.06.2018 04:00;13.06.2018 05:00;37,13
13.06.2018 05:00;13.06.2018 06:00;38,72
13.06.2018 06:00;13.06.2018 07:00;44,44
13.06.2018 07:00;13.06.2018 08:00;54,05
13.06.2018 08:00;13.06.2018 09:00;55,77
13.06.2018 09:00;13.06.2018 10:00;54,68
13.06.2018 10:00;13.06.2018 11:00;54,94
13.06.2018 11:00;13.06.2018 12:00;55,0
13.06.2018 12:00;13.06.2018 13:00;53,03
13.06.2018 13:00;13.06.2018 14:00;51,1
13.06.2018 14:00;13.06.2018 15:00;49,52
13.06.2018 15:00;13.06.2018 16:00;48,91
13.06.2018 16:00;13.06.2018 17:00;47,17
13.06.2018 17:00;13.06.2018 18:00;49,03
13.06.2018 18:00;13.06.2018 19:00;51,96
13.06.2018 19:00;13.06.2018 20:00;53,06
13.06.2018 20:00;13.06.2018 21:00;52,91
13.06.2018 21:00;13.06.2018 22:00;52,97
13.06.2018 22:00;13.06.2018 23:00;51,24
13.06.2018 23:00;14.06.2018 00:00;46,91
14.06.2018 00:00;14.06.2018 01:00;46,69
14.06.2018 01:00;14.06.2018 02:00;40,0
14.06.2018 02:00;14.06.2018 03:00;39,37
14.06.2018 03:00;14.06.2018 04:00;37,14
14.06.2018 04:00;14.06.2018 05:00;36,04
14.06.2018 05:00;14.06.2018 06:00;37,66
14.06.2018 06:00;14.06.2018 07:00;40,26
14.06.2018 07:00;14.06.2018 08:00;51,23
14.06.2018 08:00;14.06.2018 09:00;55,38
14.06.2018 09:00;14.06.2018 10:00;49,76
14.06.2018 10:00;14.06.2018 11:00;45,65
14.06.2018 11:00;14.06.2018 12:00;43,76
14.06.2018 12:00;14.06.2018 13:00;38,59
14.06.2018 13:00;14.06.2018 14:00;37,63
14.06.2018 14:00;14.06.2018 15:00;37,16
14.06.2018 15:00;14.06.2018 16:00;37,63
14.06.2018 16:00;14.06.2018 17:00;38,4
14.06.2018 17:00;14.06.2018 18:00;43,95
14.06.2018 18:00;14.06.2018 19:00;50,67
14.06.2018 19:00;14.06.2018 20:00;53,26
14.06.2018 20:00;14.06.2018 21:00;50,97
14.06.2018 21:00;14.06.2018 22:00;48,95
14.06.2018 22:00;14.06.2018 23:00;47,51
14.06.2018 23:00;15.06.2018 00:00;39,91
15.06.2018 00:00;15.06.2018 01:00;39,1
15.06.2018 01:00;15.06.2018 02:00;38,75
15.06.2018 02:00;15.06.2018 03:00;37,8
15.06.2018 03:00;15.06.2018 04:00;36,23
15.06.2018 04:00;15.06.2018 05:00;37,06
15.06.2018 05:00;15.06.2018 06:00;39,58
15.06.2018 06:00;15.06.2018 07:00;50,36
15.06.2018 07:00;15.06.2018 08:00;59,92
15.06.2018 08:00;15.06.2018 09:00;61,9
15.06.2018 09:00;15.06.2018 10:00;60,08
15.06.2018 10:00;15.06.2018 11:00;56,24
15.06.2018 11:00;15.06.2018 12:00;55,37
15.06.2018 12:00;15.06.2018 13:00;53,46
15.06.2018 13:00;15.06.2018 14:00;49,24
15.06.2018 14:00;15.06.2018 15:00;47,76
15.06.2018 15:00;15.06.2018 16:00;47,91
15.06.2018 16:00;15.06.2018 17:00;48,06
15.06.2018 17:00;15.06.2018 18:00;49,94
15.06.2018 18:00;15.06.2018 19:00;53,97
15.06.2018 19:00;15.06.2018 20:00;56,35
15.06.2018 20:00;15.06.2018 21:00;56,1
15.06.2018 21:00;15.06.2018 22:00;53,93
15.06.2018 22:00;15.06.2018 23:00;50,92
15.06.2018 23:00;16.06.2018 00:00;46,68
16.06.2018 00:00;16.06.2018 01:00;43,92
16.06.2018 01:00;16.06.2018 02:00;40,57
16.06.2018 02:00;16.06.2018 03:00;38,03
16.06.2018 03:00;16.06.2018 04:00;37,15
16.06.2018 04:00;16.06.2018 05:00;36,09
16.06.2018 05:00;16.06.2018 06:00;36,48
16.06.2018 06:00;16.06.2018 07:00;37,92
16.06.2018 07:00;16.06.2018 08:00;39,76
16.06.2018 08:00;16.06.2018 09:00;42,91
16.06.2018 09:00;16.06.2018 10:00;43,0
16.06.2018 10:00;16.06.2018 11:00;41,39
16.06.2018 11:00;16.06.2018 12:00;39,92
16.06.2018 12:00;16.06.2018 13:00;37,16
16.06.2018 13:00;16.06.2018 14:00;35,6
16.06.2018 14:00;16.06.2018 15:00;32,64
16.06.2018 15:00;16.06.2018 16:00;34,59
16.06.2018 16:00;16.06.2018 17:00;35,06
16.06.2018 17:00;16.06.2018 18:00;38,82
16.06.2018 18:00;16.06.2018 19:00;44,91
16.06.2018 19:00;16.06.2018 20:00;46,8
16.06.2018 20:00;16.06.2018 21:00;46,08
16.06.2018 21:00;16.06.2018 22:00;45,66
16.06.2018 22:00;16.06.2018 23:00;46,31
16.06.2018 23:00;17.06.2018 00:00;44,24
17.06.2018 00:00;17.06.2018 01:00;41,57
17.06.2018 01:00;17.06.2018 02:00;37,85
17.06.2018 02:00;17.06.2018 03:00;30,29
17.06.2018 03:00;17.06.2018 04:00;20,73
17.06.2018 04:00;17.06.2018 05:00;19,82
17.06.2018 05:00;17.06.2018 06:00;17,65
17.06.2018 06:00;17.06.2018 07:00;15,87
17.06.2018 07:00;17.06.2018 08:00;18,7
17.06.2018 08:00;17.06.2018 09:00;20,01
17.06.2018 09:00;17.06.2018 10:00;18,06
17.06.2018 10:00;17.06.2018 11:00;16,49
17.06.2018 11:00;17.06.2018 12:00;18,6
17.06.2018 12:00;17.06.2018 13:00;14,72
17.06.2018 13:00;17.06.2018 14:00;4,99
17.06.2018 14:00;17.06.2018 15:00;0,05
17.06.2018 15:00;17.06.2018 16:00;1,16
17.06.2018 16:00;17.06.2018 17:00;9,71
17.06.2018 17:00;17.06.2018 18:00;16,78
17.06.2018 18:00;17.06.2018 19:00;32,98
17.06.2018 19:00;17.06.2018 20:00;43,95
17.06.2018 20:00;17.06.2018 21:00;45,62
17.06.2018 21:00;17.06.2018 22:00;45,85
17.06.2018 22:00;17.06.2018 23:00;47,11
17.06.2018 23:00;18.06.2018 00:00;45,5
18.06.2018 00:00;18.06.2018 01:00;37,91
18.06.2018 01:00;18.06.2018 02:00;37,01
18.06.2018 02:00;18.06.2018 03:00;35,4
18.06.2018 03:00;18.06.2018 04:00;32,49
18.06.2018 04:00;18.06.2018 05:00;32,88
18.06.2018 05:00;18.06.2018 06:00;34,99
18.06.2018 06:00;18.06.2018 07:00;46,98
18.06.2018 07:00;18.06.2018 08:00;54,05
18.06.2018 08:00;18.06.2018 09:00;52,06
18.06.2018 09:00;18.06.2018 10:00;46,98
18.06.2018 10:00;18.06.2018 11:00;45,93
18.06.2018 11:00;18.06.2018 12:00;45,59
18.06.2018 12:00;18.06.2018 13:00;43,9
18.06.2018 13:00;18.06.2018 14:00;43,5
18.06.2018 14:00;18.06.2018 15:00;43,77
18.06.2018 15:00;18.06.2018 16:00;44,98
18.06.2018 16:00;18.06.2018 17:00;44,07
18.06.2018 17:00;18.06.2018 18:00;45,54
18.06.2018 18:00;18.06.2018 19:00;49,98
18.06.2018 19:00;18.06.2018 20:00;51,09
18.06.2018 20:00;18.06.2018 21:00;50,81
18.06.2018 21:00;18.06.2018 22:00;50,0
18.06.2018 22:00;18.06.2018 23:00;49,93
18.06.2018 23:00;19.06.2018 00:00;44,96
19.06.2018 00:00;19.06.2018 01:00;39,26
19.06.2018 01:00;19.06.2018 02:00;36,75
19.06.2018 02:00;19.06.2018 03:00;34,03
19.06.2018 03:00;19.06.2018 04:00;26,82
19.06.2018 04:00;19.06.2018 05:00;27,64
19.06.2018 05:00;19.06.2018 06:00;34,35
19.06.2018 06:00;19.06.2018 07:00;41,74
19.06.2018 07:00;19.06.2018 08:00;50,0
19.06.2018 08:00;19.06.2018 09:00;52,84
19.06.2018 09:00;19.06.2018 10:00;49,44
19.06.2018 10:00;19.06.2018 11:00;46,97
19.06.2018 11:00;19.06.2018 12:00;46,99
19.06.2018 12:00;19.06.2018 13:00;46,97
19.06.2018 13:00;19.06.2018 14:00;47,09
19.06.2018 14:00;19.06.2018 15:00;46,91
19.06.2018 15:00;19.06.2018 16:00;50,02
19.06.2018 16:00;19.06.2018 17:00;52,73
19.06.2018 17:00;19.06.2018 18:00;54,34
19.06.2018 18:00;19.06.2018 19:00;55,04
19.06.2018 19:00;19.06.2018 20:00;59,01
19.06.2018 20:00;19.06.2018 21:00;57,79
19.06.2018 21:00;19.06.2018 22:00;54,9
19.06.2018 22:00;19.06.2018 23:00;55,83
19.06.2018 23:00;20.06.2018 00:00;48,96
20.06.2018 00:00;20.06.2018 01:00;45,91
20.06.2018 01:00;20.06.2018 02:00;41,09
20.06.2018 02:00;20.06.2018 03:00;40,34
20.06.2018 03:00;20.06.2018 04:00;38,96
20.06.2018 04:00;20.06.2018 05:00;38,11
20.06.2018 05:00;20.06.2018 06:00;39,96
20.06.2018 06:00;20.06.2018 07:00;47,38
20.06.2018 07:00;20.06.2018 08:00;57,07
20.06.2018 08:00;20.06.2018 09:00;53,43
20.06.2018 09:00;20.06.2018 10:00;50,75
20.06.2018 10:00;20.06.2018 11:00;46,91
20.06.2018 11:00;20.06.2018 12:00;46,07
20.06.2018 12:00;20.06.2018 13:00;44,07
20.06.2018 13:00;20.06.2018 14:00;42,92
20.06.2018 14:00;20.06.2018 15:00;42,93
20.06.2018 15:00;20.06.2018 16:00;42,15
20.06.2018 16:00;20.06.2018 17:00;41,95
20.06.2018 17:00;20.06.2018 18:00;44,18
20.06.2018 18:00;20.06.2018 19:00;52,76
20.06.2018 19:00;20.06.2018 20:00;59,06
20.06.2018 20:00;20.06.2018 21:00;52,99
20.06.2018 21:00;20.06.2018 22:00;53,37
20.06.2018 22:00;20.06.2018 23:00;54,08
20.06.2018 23:00;21.06.2018 00:00;46,64
21.06.2018 00:00;21.06.2018 01:00;38,79
21.06.2018 01:00;21.06.2018 02:00;38,0
21.06.2018 02:00;21.06.2018 03:00;35,04
21.06.2018 03:00;21.06.2018 04:00;37,09
21.06.2018 04:00;21.06.2018 05:00;35,88
21.06.2018 05:00;21.06.2018 06:00;35,0
21.06.2018 06:00;21.06.2018 07:00;43,89
21.06.2018 07:00;21.06.2018 08:00;56,28
21.06.2018 08:00;21.06.2018 09:00;57,47
21.06.2018 09:00;21.06.2018 10:00;42,94
21.06.2018 10:00;21.06.2018 11:00;36,73
21.06.2018 11:00;21.06.2018 12:00;25,0
21.06.2018 12:00;21.06.2018 13:00;15,95
21.06.2018 13:00;21.06.2018 14:00;18,39
21.06.2018 14:00;21.06.2018 15:00;14,66
21.06.2018 15:00;21.06.2018 16:00;14,35
21.06.2018 16:00;21.06.2018 17:00;14,56
21.06.2018 17:00;21.06.2018 18:00;19,54
21.06.2018 18:00;21.06.2018 19:00;19,82
21.06.2018 19:00;21.06.2018 20:00;23,7
21.06.2018 20:00;21.06.2018 21:00;26,5
21.06.2018 21:00;21.06.2018 22:00;27,02
21.06.2018 22:00;21.06.2018 23:00;27,06
21.06.2018 23:00;22.06.2018 00:00;22,02
22.06.2018 00:00;22.06.2018 01:00;15,86
22.06.2018 01:00;22.06.2018 02:00;15,21
22.06.2018 02:00;22.06.2018 03:00;13,09
22.06.2018 03:00;22.06.2018 04:00;4,56
22.06.2018 04:00;22.06.2018 05:00;4,45
22.06.2018 05:00;22.06.2018 06:00;15,59
22.06.2018 06:00;22.06.2018 07:00;27,13
22.06.2018 07:00;22.06.2018 08:00;29,66
22.06.2018 08:00;22.06.2018 09:00;28,02
22.06.2018 09:00;22.06.2018 10:00;25,04
22.06.2018 10:00;22.06.2018 11:00;28,09
22.06.2018 11:00;22.06.2018 12:00;27,54
22.06.2018 12:00;22.06.2018 13:00;23,37
22.06.2018 13:00;22.06.2018 14:00;20,32
22.06.2018 14:00;22.06.2018 15:00;19,08
22.06.2018 15:00;22.06.2018 16:00;16,21
22.06.2018 16:00;22.06.2018 17:00;18,16
22.06.2018 17:00;22.06.2018 18:00;17,86
22.06.2018 18:00;22.06.2018 19:00;20,14
22.06.2018 19:00;22.06.2018 20:00;28,99
22.06.2018 20:00;22.06.2018 21:00;28,08
22.06.2018 21:00;22.06.2018 22:00;25,09
22.06.2018 22:00;22.06.2018 23:00;25,67
22.06.2018 23:00;23.06.2018 00:00;20,2
23.06.2018 00:00;23.06.2018 01:00;24,04
23.06.2018 01:00;23.06.2018 02:00;18,87
23.06.2018 02:00;23.06.2018 03:00;18,44
23.06.2018 03:00;23.06.2018 04:00;15,83
23.06.2018 04:00;23.06.2018 05:00;15,08
23.06.2018 05:00;23.06.2018 06:00;13,33
23.06.2018 06:00;23.06.2018 07:00;17,04
23.06.2018 07:00;23.06.2018 08:00;18,12
23.06.2018 08:00;23.06.2018 09:00;22,9
23.06.2018 09:00;23.06.2018 10:00;23,46
23.06.2018 10:00;23.06.2018 11:00;22,69
23.06.2018 11:00;23.06.2018 12:00;23,32
23.06.2018 12:00;23.06.2018 13:00;23,08
23.06.2018 13:00;23.06.2018 14:00;19,31
23.06.2018 14:00;23.06.2018 15:00;18,77
23.06.2018 15:00;23.06.2018 16:00;18,75
23.06.2018 16:00;23.06.2018 17:00;20,07
23.06.2018 17:00;23.06.2018 18:00;24,14
23.06.2018 18:00;23.06.2018 19:00;32,79
23.06.2018 19:00;23.06.2018 20:00;35,65
23.06.2018 20:00;23.06.2018 21:00;37,59
23.06.2018 21:00;23.06.2018 22:00;37,05
23.06.2018 22:00;23.06.2018 23:00;39,84
23.06.2018 23:00;24.06.2018 00:00;33,13
24.06.2018 00:00;24.06.2018 01:00;39,66
24.06.2018 01:00;24.06.2018 02:00;32,99
24.06.2018 02:00;24.06.2018 03:00;32,29
24.06.2018 03:00;24.06.2018 04:00;31,02
24.06.2018 04:00;24.06.2018 05:00;30,24
24.06.2018 05:00;24.06.2018 06:00;26,32
24.06.2018 06:00;24.06.2018 07:00;25,1
24.06.2018 07:00;24.06.2018 08:00;23,48
24.06.2018 08:00;24.06.2018 09:00;24,59
24.06.2018 09:00;24.06.2018 10:00;27,74
24.06.2018 10:00;24.06.2018 11:00;25,03
24.06.2018 11:00;24.06.2018 12:00;30,08
24.06.2018 12:00;24.06.2018 13:00;28,65
24.06.2018 13:00;24.06.2018 14:00;27,05
24.06.2018 14:00;24.06.2018 15:00;24,09
24.06.2018 15:00;24.06.2018 16:00;23,92
24.06.2018 16:00;24.06.2018 17:00;25,08
24.06.2018 17:00;24.06.2018 18:00;28,01
24.06.2018 18:00;24.06.2018 19:00;38,06
24.06.2018 19:00;24.06.2018 20:00;43,74
24.06.2018 20:00;24.06.2018 21:00;43,83
24.06.2018 21:00;24.06.2018 22:00;46,64
24.06.2018 22:00;24.06.2018 23:00;46,01
24.06.2018 23:00;25.06.2018 00:00;42,8
25.06.2018 00:00;25.06.2018 01:00;39,12
25.06.2018 01:00;25.06.2018 02:00;33,1
25.06.2018 02:00;25.06.2018 03:00;31,57
25.06.2018 03:00;25.06.2018 04:00;32,06
25.06.2018 04:00;25.06.2018 05:00;32,06
25.06.2018 05:00;25.06.2018 06:00;34,26
25.06.2018 06:00;25.06.2018 07:00;48,38
25.06.2018 07:00;25.06.2018 08:00;54,95
25.06.2018 08:00;25.06.2018 09:00;56,21
25.06.2018 09:00;25.06.2018 10:00;52,0
25.06.2018 10:00;25.06.2018 11:00;51,75
25.06.2018 11:00;25.06.2018 12:00;52,11
25.06.2018 12:00;25.06.2018 13:00;49,91
25.06.2018 13:00;25.06.2018 14:00;47,93
25.06.2018 14:00;25.06.2018 15:00;46,72
25.06.2018 15:00;25.06.2018 16:00;45,05
25.06.2018 16:00;25.06.2018 17:00;42,7
25.06.2018 17:00;25.06.2018 18:00;45,94
25.06.2018 18:00;25.06.2018 19:00;47,75
25.06.2018 19:00;25.06.2018 20:00;49,95
25.06.2018 20:00;25.06.2018 21:00;50,6
25.06.2018 21:00;25.06.2018 22:00;48,87
25.06.2018 22:00;25.06.2018 23:00;47,85
25.06.2018 23:00;26.06.2018 00:00;43,99
26.06.2018 00:00;26.06.2018 01:00;43,02
26.06.2018 01:00;26.06.2018 02:00;40,79
26.06.2018 02:00;26.06.2018 03:00;39,54
26.06.2018 03:00;26.06.2018 04:00;39,98
26.06.2018 04:00;26.06.2018 05:00;40,16
26.06.2018 05:00;26.06.2018 06:00;41,96
26.06.2018 06:00;26.06.2018 07:00;48,94
26.06.2018 07:00;26.06.2018 08:00;55,59
26.06.2018 08:00;26.06.2018 09:00;58,95
26.06.2018 09:00;26.06.2018 10:00;57,47
26.06.2018 10:00;26.06.2018 11:00;55,62
26.06.2018 11:00;26.06.2018 12:00;56,27
26.06.2018 12:00;26.06.2018 13:00;51,97
26.06.2018 13:00;26.06.2018 14:00;50,27
26.06.2018 14:00;26.06.2018 15:00;48,75
26.06.2018 15:00;26.06.2018 16:00;48,93
26.06.2018 16:00;26.06.2018 17:00;47,83
26.06.2018 17:00;26.06.2018 18:00;49,99
26.06.2018 18:00;26.06.2018 19:00;52,09
26.06.2018 19:00;26.06.2018 20:00;54,88
26.06.2018 20:00;26.06.2018 21:00;53,4
26.06.2018 21:00;26.06.2018 22:00;50,94
26.06.2018 22:00;26.06.2018 23:00;50,63
26.06.2018 23:00;27.06.2018 00:00;44,42
27.06.2018 00:00;27.06.2018 01:00;43,17
27.06.2018 01:00;27.06.2018 02:00;41,94
27.06.2018 02:00;27.06.2018 03:00;41,62
27.06.2018 03:00;27.06.2018 04:00;41,1
27.06.2018 04:00;27.06.2018 05:00;39,91
27.06.2018 05:00;27.06.2018 06:00;43,48
27.06.2018 06:00;27.06.2018 07:00;50,78
27.06.2018 07:00;27.06.2018 08:00;56,78
27.06.2018 08:00;27.06.2018 09:00;60,99
27.06.2018 09:00;27.06.2018 10:00;55,07
27.06.2018 10:00;27.06.2018 11:00;50,98
27.06.2018 11:00;27.06.2018 12:00;50,03
27.06.2018 12:00;27.06.2018 13:00;46,97
27.06.2018 13:00;27.06.2018 14:00;42,67
27.06.2018 14:00;27.06.2018 15:00;40,99
27.06.2018 15:00;27.06.2018 16:00;41,14
27.06.2018 16:00;27.06.2018 17:00;40,95
27.06.2018 17:00;27.06.2018 18:00;48,42
27.06.2018 18:00;27.06.2018 19:00;51,96
27.06.2018 19:00;27.06.2018 20:00;55,01
27.06.2018 20:00;27.06.2018 21:00;52,6
27.06.2018 21:00;27.06.2018 22:00;50,02
27.06.2018 22:00;27.06.2018 23:00;48,93
27.06.2018 23:00;28.06.2018 00:00;44,2
28.06.2018 00:00;28.06.2018 01:00;39,09
28.06.2018 01:00;28.06.2018 02:00;38,52
28.06.2018 02:00;28.06.2018 03:00;37,45
28.06.2018 03:00;28.06.2018 04:00;35,45
28.06.2018 04:00;28.06.2018 05:00;36,03
28.06.2018 05:00;28.06.2018 06:00;37,23
28.06.2018 06:00;28.06.2018 07:00;47,13
28.06.2018 07:00;28.06.2018 08:00;52,32
28.06.2018 08:00;28.06.2018 09:00;58,5
28.06.2018 09:00;28.06.2018 10:00;51,08
28.06.2018 10:00;28.06.2018 11:00;49,04
28.06.2018 11:00;28.06.2018 12:00;48,56
28.06.2018 12:00;28.06.2018 13:00;44,92
28.06.2018 13:00;28.06.2018 14:00;43,34
28.06.2018 14:00;28.06.2018 15:00;40,99
28.06.2018 15:00;28.06.2018 16:00;44,58
28.06.2018 16:00;28.06.2018 17:00;45,08
28.06.2018 17:00;28.06.2018 18:00;47,95
28.06.2018 18:00;28.06.2018 19:00;48,94
28.06.2018 19:00;28.06.2018 20:00;49,98
28.06.2018 20:00;28.06.2018 21:00;48,92
28.06.2018 21:00;28.06.2018 22:00;44,94
28.06.2018 22:00;28.06.2018 23:00;45,94
28.06.2018 23:00;29.06.2018 00:00;41,46
29.06.2018 00:00;29.06.2018 01:00;39,0
29.06.2018 01:00;29.06.2018 02:00;37,89
29.06.2018 02:00;29.06.2018 03:00;36,02
29.06.2018 03:00;29.06.2018 04:00;33,98
29.06.2018 04:00;29.06.2018 05:00;33,96
29.06.2018 05:00;29.06.2018 06:00;38,47
29.06.2018 06:00;29.06.2018 07:00;44,83
29.06.2018 07:00;29.06.2018 08:00;52,39
29.06.2018 08:00;29.06.2018 09:00;55,87
29.06.2018 09:00;29.06.2018 10:00;52,06
29.06.2018 10:00;29.06.2018 11:00;50,1
29.06.2018 11:00;29.06.2018 12:00;49,09
29.06.2018 12:00;29.06.2018 13:00;47,31
29.06.2018 13:00;29.06.2018 14:00;40,59
29.06.2018 14:00;29.06.2018 15:00;38,72
29.06.2018 15:00;29.06.2018 16:00;38,59
29.06.2018 16:00;29.06.2018 17:00;37,59
29.06.2018 17:00;29.06.2018 18:00;43,79
29.06.2018 18:00;29.06.2018 19:00;47,23
29.06.2018 19:00;29.06.2018 20:00;50,97
29.06.2018 20:00;29.06.2018 21:00;50,95
29.06.2018 21:00;29.06.2018 22:00;49,86
29.06.2018 22:00;29.06.2018 23:00;49,99
29.06.2018 23:00;30.06.2018 00:00;44,35
30.06.2018 00:00;30.06.2018 01:00;43,42
30.06.2018 01:00;30.06.2018 02:00;42,02
30.06.2018 02:00;30.06.2018 03:00;40,1
30.06.2018 03:00;30.06.2018 04:00;39,25
30.06.2018 04:00;30.06.2018 05:00;37,76
30.06.2018 05:00;30.06.2018 06:00;38,23
30.06.2018 06:00;30.06.2018 07:00;41,16
30.06.2018 07:00;30.06.2018 08:00;46,03
30.06.2018 08:00;30.06.2018 09:00;48,36
30.06.2018 09:00;30.06.2018 10:00;46,95
30.06.2018 10:00;30.06.2018 11:00;40,04
30.06.2018 11:00;30.06.2018 12:00;36,02
30.06.2018 12:00;30.06.2018 13:00;32,47
30.06.2018 13:00;30.06.2018 14:00;30,42
30.06.2018 14:00;30.06.2018 15:00;26,47
30.06.2018 15:00;30.06.2018 16:00;30,41
30.06.2018 16:00;30.06.2018 17:00;33,91
30.06.2018 17:00;30.06.2018 18:00;40,89
30.06.2018 18:00;30.06.2018 19:00;46,31
30.06.2018 19:00;30.06.2018 20:00;48,13
30.06.2018 20:00;30.06.2018 21:00;48,16
30.06.2018 21:00;30.06.2018 22:00;47,51
30.06.2018 22:00;30.06.2018 23:00;47,8
30.06.2018 23:00;01.07.2018 00:00;43,96
01.07.2018 00:00;01.07.2018 01:00;33,3
01.07.2018 01:00;01.07.2018 02:00;26,42
01.07.2018 02:00;01.07.2018 03:00;26,11
01.07.2018 03:00;01.07.2018 04:00;22,12
01.07.2018 04:00;01.07.2018 05:00;23,42
01.07.2018 05:00;01.07.2018 06:00;21,44
01.07.2018 06:00;01.07.2018 07:00;23,43
01.07.2018 07:00;01.07.2018 08:00;29,37
01.07.2018 08:00;01.07.2018 09:00;29,98
01.07.2018 09:00;01.07.2018 10:00;26,08
01.07.2018 10:00;01.07.2018 11:00;20,71
01.07.2018 11:00;01.07.2018 12:00;20,75
01.07.2018 12:00;01.07.2018 13:00;21,02
01.07.2018 13:00;01.07.2018 14:00;16,66
01.07.2018 14:00;01.07.2018 15:00;14,01
01.07.2018 15:00;01.07.2018 16:00;16,28
01.07.2018 16:00;01.07.2018 17:00;19,04
01.07.2018 17:00;01.07.2018 18:00;28,37
01.07.2018 18:00;01.07.2018 19:00;42,19
01.07.2018 19:00;01.07.2018 20:00;48,37
01.07.2018 20:00;01.07.2018 21:00;49,67
01.07.2018 21:00;01.07.2018 22:00;46,28
01.07.2018 22:00;01.07.2018 23:00;48,04
01.07.2018 23:00;02.07.2018 00:00;41,0
02.07.2018 00:00;02.07.2018 01:00;36,81
02.07.2018 01:00;02.07.2018 02:00;38,06
02.07.2018 02:00;02.07.2018 03:00;38,06
02.07.2018 03:00;02.07.2018 04:00;38,03
02.07.2018 04:00;02.07.2018 05:00;38,08
02.07.2018 05:00;02.07.2018 06:00;39,07
02.07.2018 06:00;02.07.2018 07:00;49,49
02.07.2018 07:00;02.07.2018 08:00;55,95
02.07.2018 08:00;02.07.2018 09:00;54,92
02.07.2018 09:00;02.07.2018 10:00;52,14
02.07.2018 10:00;02.07.2018 11:00;49,48
02.07.2018 11:00;02.07.2018 12:00;48,03
02.07.2018 12:00;02.07.2018 13:00;46,86
02.07.2018 13:00;02.07.2018 14:00;43,56
02.07.2018 14:00;02.07.2018 15:00;44,46
02.07.2018 15:00;02.07.2018 16:00;46,69
02.07.2018 16:00;02.07.2018 17:00;49,49
02.07.2018 17:00;02.07.2018 18:00;52,13
02.07.2018 18:00;02.07.2018 19:00;55,38
02.07.2018 19:00;02.07.2018 20:00;60,18
02.07.2018 20:00;02.07.2018 21:00;59,02
02.07.2018 21:00;02.07.2018 22:00;54,96
02.07.2018 22:00;02.07.2018 23:00;54,5
02.07.2018 23:00;03.07.2018 00:00;48,29
03.07.2018 00:00;03.07.2018 01:00;42,23
03.07.2018 01:00;03.07.2018 02:00;41,44
03.07.2018 02:00;03.07.2018 03:00;41,71
03.07.2018 03:00;03.07.2018 04:00;42,38
03.07.2018 04:00;03.07.2018 05:00;43,02
03.07.2018 05:00;03.07.2018 06:00;44,2
03.07.2018 06:00;03.07.2018 07:00;50,24
03.07.2018 07:00;03.07.2018 08:00;58,0
03.07.2018 08:00;03.07.2018 09:00;61,89
03.07.2018 09:00;03.07.2018 10:00;55,95
03.07.2018 10:00;03.07.2018 11:00;52,9
03.07.2018 11:00;03.07.2018 12:00;47,76
03.07.2018 12:00;03.07.2018 13:00;42,72
03.07.2018 13:00;03.07.2018 14:00;41,73
03.07.2018 14:00;03.07.2018 15:00;41,43
03.07.2018 15:00;03.07.2018 16:00;42,72
03.07.2018 16:00;03.07.2018 17:00;44,81
03.07.2018 17:00;03.07.2018 18:00;52,99
03.07.2018 18:00;03.07.2018 19:00;55,94
03.07.2018 19:00;03.07.2018 20:00;61,67
03.07.2018 20:00;03.07.2018 21:00;63,03
03.07.2018 21:00;03.07.2018 22:00;60,01
03.07.2018 22:00;03.07.2018 23:00;54,9
03.07.2018 23:00;04.07.2018 00:00;50,55
04.07.2018 00:00;04.07.2018 01:00;48,0
04.07.2018 01:00;04.07.2018 02:00;46,23
04.07.2018 02:00;04.07.2018 03:00;45,8
04.07.2018 03:00;04.07.2018 04:00;44,99
04.07.2018 04:00;04.07.2018 05:00;45,44
04.07.2018 05:00;04.07.2018 06:00;46,26
04.07.2018 06:00;04.07.2018 07:00;52,55
04.07.2018 07:00;04.07.2018 08:00;59,98
04.07.2018 08:00;04.07.2018 09:00;62,64
04.07.2018 09:00;04.07.2018 10:00;58,06
04.07.2018 10:00;04.07.2018 11:00;56,53
04.07.2018 11:00;04.07.2018 12:00;55,91
04.07.2018 12:00;04.07.2018 13:00;51,92
04.07.2018 13:00;04.07.2018 14:00;50,99
04.07.2018 14:00;04.07.2018 15:00;49,58
04.07.2018 15:00;04.07.2018 16:00;50,95
04.07.2018 16:00;04.07.2018 17:00;53,53
04.07.2018 17:00;04.07.2018 18:00;54,95
04.07.2018 18:00;04.07.2018 19:00;57,97
04.07.2018 19:00;04.07.2018 20:00;60,38
04.07.2018 20:00;04.07.2018 21:00;59,93
04.07.2018 21:00;04.07.2018 22:00;58,01
04.07.2018 22:00;04.07.2018 23:00;55,49
04.07.2018 23:00;05.07.2018 00:00;50,93
05.07.2018 00:00;05.07.2018 01:00;49,13
05.07.2018 01:00;05.07.2018 02:00;45,48
05.07.2018 02:00;05.07.2018 03:00;44,31
05.07.2018 03:00;05.07.2018 04:00;42,99
05.07.2018 04:00;05.07.2018 05:00;43,11
05.07.2018 05:00;05.07.2018 06:00;44,65
05.07.2018 06:00;05.07.2018 07:00;51,89
05.07.2018 07:00;05.07.2018 08:00;57,71
05.07.2018 08:00;05.07.2018 09:00;61,21
05.07.2018 09:00;05.07.2018 10:00;60,94
05.07.2018 10:00;05.07.2018 11:00;56,62
05.07.2018 11:00;05.07.2018 12:00;55,43
05.07.2018 12:00;05.07.2018 13:00;52,1
05.07.2018 13:00;05.07.2018 14:00;50,7
05.07.2018 14:00;05.07.2018 15:00;49,76
05.07.2018 15:00;05.07.2018 16:00;51,07
05.07.2018 16:00;05.07.2018 17:00;52,02
05.07.2018 17:00;05.07.2018 18:00;52,97
05.07.2018 18:00;05.07.2018 19:00;54,83
05.07.2018 19:00;05.07.2018 20:00;55,41
05.07.2018 20:00;05.07.2018 21:00;55,1
05.07.2018 21:00;05.07.2018 22:00;53,79
05.07.2018 22:00;05.07.2018 23:00;52,05
05.07.2018 23:00;06.07.2018 00:00;50,21
06.07.2018 00:00;06.07.2018 01:00;48,39
06.07.2018 01:00;06.07.2018 02:00;42,98
06.07.2018 02:00;06.07.2018 03:00;42,06
06.07.2018 03:00;06.07.2018 04:00;41,83
06.07.2018 04:00;06.07.2018 05:00;42,0
06.07.2018 05:00;06.07.2018 06:00;41,92
06.07.2018 06:00;06.07.2018 07:00;49,69
06.07.2018 07:00;06.07.2018 08:00;55,01
06.07.2018 08:00;06.07.2018 09:00;56,6
06.07.2018 09:00;06.07.2018 10:00;55,96
06.07.2018 10:00;06.07.2018 11:00;55,94
06.07.2018 11:00;06.07.2018 12:00;54,88
06.07.2018 12:00;06.07.2018 13:00;51,35
06.07.2018 13:00;06.07.2018 14:00;50,18
06.07.2018 14:00;06.07.2018 15:00;41,51
06.07.2018 15:00;06.07.2018 16:00;39,5
06.07.2018 16:00;06.07.2018 17:00;39,42
06.07.2018 17:00;06.07.2018 18:00;42,67
06.07.2018 18:00;06.07.2018 19:00;47,98
06.07.2018 19:00;06.07.2018 20:00;50,42
06.07.2018 20:00;06.07.2018 21:00;50,17
06.07.2018 21:00;06.07.2018 22:00;50,57
06.07.2018 22:00;06.07.2018 23:00;49,99
06.07.2018 23:00;07.07.2018 00:00;46,5
07.07.2018 00:00;07.07.2018 01:00;47,71
07.07.2018 01:00;07.07.2018 02:00;41,9
07.07.2018 02:00;07.07.2018 03:00;39,08
07.07.2018 03:00;07.07.2018 04:00;39,08
07.07.2018 04:00;07.07.2018 05:00;38,05
07.07.2018 05:00;07.07.2018 06:00;36,72
07.07.2018 06:00;07.07.2018 07:00;39,08
07.07.2018 07:00;07.07.2018 08:00;41,4
07.07.2018 08:00;07.07.2018 09:00;43,49
07.07.2018 09:00;07.07.2018 10:00;39,82
07.07.2018 10:00;07.07.2018 11:00;26,58
07.07.2018 11:00;07.07.2018 12:00;22,26
07.07.2018 12:00;07.07.2018 13:00;20,72
07.07.2018 13:00;07.07.2018 14:00;15,76
07.07.2018 14:00;07.07.2018 15:00;2,34
07.07.2018 15:00;07.07.2018 16:00;11,93
07.07.2018 16:00;07.07.2018 17:00;19,86
07.07.2018 17:00;07.07.2018 18:00;21,48
07.07.2018 18:00;07.07.2018 19:00;32,07
07.07.2018 19:00;07.07.2018 20:00;39,03
07.07.2018 20:00;07.07.2018 21:00;42,19
07.07.2018 21:00;07.07.2018 22:00;46,95
07.07.2018 22:00;07.07.2018 23:00;42,93
07.07.2018 23:00;08.07.2018 00:00;39,05
08.07.2018 00:00;08.07.2018 01:00;40,25
08.07.2018 01:00;08.07.2018 02:00;34,58
08.07.2018 02:00;08.07.2018 03:00;32,19
08.07.2018 03:00;08.07.2018 04:00;30,64
08.07.2018 04:00;08.07.2018 05:00;28,41
08.07.2018 05:00;08.07.2018 06:00;29,93
08.07.2018 06:00;08.07.2018 07:00;30,69
08.07.2018 07:00;08.07.2018 08:00;32,69
08.07.2018 08:00;08.07.2018 09:00;33,71
08.07.2018 09:00;08.07.2018 10:00;32,36
08.07.2018 10:00;08.07.2018 11:00;28,16
08.07.2018 11:00;08.07.2018 12:00;28,41
08.07.2018 12:00;08.07.2018 13:00;27,51
08.07.2018 13:00;08.07.2018 14:00;21,74
08.07.2018 14:00;08.07.2018 15:00;19,75
08.07.2018 15:00;08.07.2018 16:00;20,95
08.07.2018 16:00;08.07.2018 17:00;25,98
08.07.2018 17:00;08.07.2018 18:00;29,55
08.07.2018 18:00;08.07.2018 19:00;43,71
08.07.2018 19:00;08.07.2018 20:00;50,17
08.07.2018 20:00;08.07.2018 21:00;50,1
08.07.2018 21:00;08.07.2018 22:00;50,0
08.07.2018 22:00;08.07.2018 23:00;50,83
08.07.2018 23:00;09.07.2018 00:00;49,94
09.07.2018 00:00;09.07.2018 01:00;42,88
09.07.2018 01:00;09.07.2018 02:00;40,8
09.07.2018 02:00;09.07.2018 03:00;40,09
09.07.2018 03:00;09.07.2018 04:00;39,73
09.07.2018 04:00;09.07.2018 05:00;39,87
09.07.2018 05:00;09.07.2018 06:00;42,6
09.07.2018 06:00;09.07.2018 07:00;50,14
09.07.2018 07:00;09.07.2018 08:00;53,52
09.07.2018 08:00;09.07.2018 09:00;54,71
09.07.2018 09:00;09.07.2018 10:00;52,52
09.07.2018 10:00;09.07.2018 11:00;50,11
09.07.2018 11:00;09.07.2018 12:00;46,92
09.07.2018 12:00;09.07.2018 13:00;40,34
09.07.2018 13:00;09.07.2018 14:00;39,54
09.07.2018 14:00;09.07.2018 15:00;40,32
09.07.2018 15:00;09.07.2018 16:00;41,8
09.07.2018 16:00;09.07.2018 17:00;40,36
09.07.2018 17:00;09.07.2018 18:00;49,6
09.07.2018 18:00;09.07.2018 19:00;52,61
09.07.2018 19:00;09.07.2018 20:00;53,06
09.07.2018 20:00;09.07.2018 21:00;52,99
09.07.2018 21:00;09.07.2018 22:00;51,94
09.07.2018 22:00;09.07.2018 23:00;52,59
09.07.2018 23:00;10.07.2018 00:00;49,37
10.07.2018 00:00;10.07.2018 01:00;43,98
10.07.2018 01:00;10.07.2018 02:00;43,3
10.07.2018 02:00;10.07.2018 03:00;44,78
10.07.2018 03:00;10.07.2018 04:00;43,28
10.07.2018 04:00;10.07.2018 05:00;41,7
10.07.2018 05:00;10.07.2018 06:00;44,54
10.07.2018 06:00;10.07.2018 07:00;50,61
10.07.2018 07:00;10.07.2018 08:00;56,82
10.07.2018 08:00;10.07.2018 09:00;58,34
10.07.2018 09:00;10.07.2018 10:00;58,9
10.07.2018 10:00;10.07.2018 11:00;58,41
10.07.2018 11:00;10.07.2018 12:00;58,26
10.07.2018 12:00;10.07.2018 13:00;57,32
10.07.2018 13:00;10.07.2018 14:00;57,02
10.07.2018 14:00;10.07.2018 15:00;55,97
10.07.2018 15:00;10.07.2018 16:00;55,15
10.07.2018 16:00;10.07.2018 17:00;54,37
10.07.2018 17:00;10.07.2018 18:00;56,0
10.07.2018 18:00;10.07.2018 19:00;57,05
10.07.2018 19:00;10.07.2018 20:00;57,5
10.07.2018 20:00;10.07.2018 21:00;56,08
10.07.2018 21:00;10.07.2018 22:00;54,75
10.07.2018 22:00;10.07.2018 23:00;55,99
10.07.2018 23:00;11.07.2018 00:00;50,69
11.07.2018 00:00;11.07.2018 01:00;45,5
11.07.2018 01:00;11.07.2018 02:00;44,4
11.07.2018 02:00;11.07.2018 03:00;43,36
11.07.2018 03:00;11.07.2018 04:00;43,0
11.07.2018 04:00;11.07.2018 05:00;43,39
11.07.2018 05:00;11.07.2018 06:00;43,8
11.07.2018 06:00;11.07.2018 07:00;51,44
11.07.2018 07:00;11.07.2018 08:00;56,99
11.07.2018 08:00;11.07.2018 09:00;57,51
11.07.2018 09:00;11.07.2018 10:00;57,75
11.07.2018 10:00;11.07.2018 11:00;56,94
11.07.2018 11:00;11.07.2018 12:00;56,69
11.07.2018 12:00;11.07.2018 13:00;55,99
11.07.2018 13:00;11.07.2018 14:00;54,99
11.07.2018 14:00;11.07.2018 15:00;53,67
11.07.2018 15:00;11.07.2018 16:00;52,38
11.07.2018 16:00;11.07.2018 17:00;52,66
11.07.2018 17:00;11.07.2018 18:00;55,23
11.07.2018 18:00;11.07.2018 19:00;56,91
11.07.2018 19:00;11.07.2018 20:00;57,77
11.07.2018 20:00;11.07.2018 21:00;56,85
11.07.2018 21:00;11.07.2018 22:00;55,54
11.07.2018 22:00;11.07.2018 23:00;55,65
11.07.2018 23:00;12.07.2018 00:00;51,58
12.07.2018 00:00;12.07.2018 01:00;48,77
12.07.2018 01:00;12.07.2018 02:00;46,1
12.07.2018 02:00;12.07.2018 03:00;47,51
12.07.2018 03:00;12.07.2018 04:00;45,02
12.07.2018 04:00;12.07.2018 05:00;44,43
12.07.2018 05:00;12.07.2018 06:00;44,49
12.07.2018 06:00;12.07.2018 07:00;51,05
12.07.2018 07:00;12.07.2018 08:00;57,94
12.07.2018 08:00;12.07.2018 09:00;58,9
12.07.2018 09:00;12.07.2018 10:00;56,97
12.07.2018 10:00;12.07.2018 11:00;58,31
12.07.2018 11:00;12.07.2018 12:00;58,3
12.07.2018 12:00;12.07.2018 13:00;56,51
12.07.2018 13:00;12.07.2018 14:00;54,92
12.07.2018 14:00;12.07.2018 15:00;53,93
12.07.2018 15:00;12.07.2018 16:00;53,35
12.07.2018 16:00;12.07.2018 17:00;53,46
12.07.2018 17:00;12.07.2018 18:00;55,44
12.07.2018 18:00;12.07.2018 19:00;56,32
12.07.2018 19:00;12.07.2018 20:00;58,64
12.07.2018 20:00;12.07.2018 21:00;57,07
12.07.2018 21:00;12.07.2018 22:00;55,92
12.07.2018 22:00;12.07.2018 23:00;54,85
12.07.2018 23:00;13.07.2018 00:00;51,16
13.07.2018 00:00;13.07.2018 01:00;49,32
13.07.2018 01:00;13.07.2018 02:00;43,91
13.07.2018 02:00;13.07.2018 03:00;43,14
13.07.2018 03:00;13.07.2018 04:00;43,21
13.07.2018 04:00;13.07.2018 05:00;43,5
13.07.2018 05:00;13.07.2018 06:00;44,17
13.07.2018 06:00;13.07.2018 07:00;51,79
13.07.2018 07:00;13.07.2018 08:00;57,69
13.07.2018 08:00;13.07.2018 09:00;57,98
13.07.2018 09:00;13.07.2018 10:00;56,53
13.07.2018 10:00;13.07.2018 11:00;55,0
13.07.2018 11:00;13.07.2018 12:00;52,91
13.07.2018 12:00;13.07.2018 13:00;51,42
13.07.2018 13:00;13.07.2018 14:00;45,29
13.07.2018 14:00;13.07.2018 15:00;44,2
13.07.2018 15:00;13.07.2018 16:00;45,43
13.07.2018 16:00;13.07.2018 17:00;49,48
13.07.2018 17:00;13.07.2018 18:00;52,63
13.07.2018 18:00;13.07.2018 19:00;55,85
13.07.2018 19:00;13.07.2018 20:00;57,96
13.07.2018 20:00;13.07.2018 21:00;56,37
13.07.2018 21:00;13.07.2018 22:00;55,1
13.07.2018 22:00;13.07.2018 23:00;55,36
13.07.2018 23:00;14.07.2018 00:00;51,79
14.07.2018 00:00;14.07.2018 01:00;52,05
14.07.2018 01:00;14.07.2018 02:00;50,0
14.07.2018 02:00;14.07.2018 03:00;48,19
14.07.2018 03:00;14.07.2018 04:00;45,3
14.07.2018 04:00;14.07.2018 05:00;43,42
14.07.2018 05:00;14.07.2018 06:00;42,49
14.07.2018 06:00;14.07.2018 07:00;43,06
14.07.2018 07:00;14.07.2018 08:00;48,18
14.07.2018 08:00;14.07.2018 09:00;51,25
14.07.2018 09:00;14.07.2018 10:00;51,22
14.07.2018 10:00;14.07.2018 11:00;48,99
14.07.2018 11:00;14.07.2018 12:00;45,15
14.07.2018 12:00;14.07.2018 13:00;46,29
14.07.2018 13:00;14.07.2018 14:00;41,25
14.07.2018 14:00;14.07.2018 15:00;41,62
14.07.2018 15:00;14.07.2018 16:00;42,29
14.07.2018 16:00;14.07.2018 17:00;41,6
14.07.2018 17:00;14.07.2018 18:00;48,72
14.07.2018 18:00;14.07.2018 19:00;53,02
14.07.2018 19:00;14.07.2018 20:00;54,76
14.07.2018 20:00;14.07.2018 21:00;55,82
14.07.2018 21:00;14.07.2018 22:00;54,22
14.07.2018 22:00;14.07.2018 23:00;55,01
14.07.2018 23:00;15.07.2018 00:00;52,4
15.07.2018 00:00;15.07.2018 01:00;49,82
15.07.2018 01:00;15.07.2018 02:00;47,64
15.07.2018 02:00;15.07.2018 03:00;45,01
15.07.2018 03:00;15.07.2018 04:00;42,41
15.07.2018 04:00;15.07.2018 05:00;42,29
15.07.2018 05:00;15.07.2018 06:00;42,4
15.07.2018 06:00;15.07.2018 07:00;41,49
15.07.2018 07:00;15.07.2018 08:00;42,24
15.07.2018 08:00;15.07.2018 09:00;42,25
15.07.2018 09:00;15.07.2018 10:00;43,36
15.07.2018 10:00;15.07.2018 11:00;42,14
15.07.2018 11:00;15.07.2018 12:00;43,09
15.07.2018 12:00;15.07.2018 13:00;41,29
15.07.2018 13:00;15.07.2018 14:00;42,09
15.07.2018 14:00;15.07.2018 15:00;40,7
15.07.2018 15:00;15.07.2018 16:00;41,11
15.07.2018 16:00;15.07.2018 17:00;42,3
15.07.2018 17:00;15.07.2018 18:00;42,03
15.07.2018 18:00;15.07.2018 19:00;51,72
15.07.2018 19:00;15.07.2018 20:00;54,25
15.07.2018 20:00;15.07.2018 21:00;55,78
15.07.2018 21:00;15.07.2018 22:00;55,9
15.07.2018 22:00;15.07.2018 23:00;56,39
15.07.2018 23:00;16.07.2018 00:00;53,26
16.07.2018 00:00;16.07.2018 01:00;50,58
16.07.2018 01:00;16.07.2018 02:00;43,85
16.07.2018 02:00;16.07.2018 03:00;42,03
16.07.2018 03:00;16.07.2018 04:00;41,79
16.07.2018 04:00;16.07.2018 05:00;41,71
16.07.2018 05:00;16.07.2018 06:00;44,33
16.07.2018 06:00;16.07.2018 07:00;53,05
16.07.2018 07:00;16.07.2018 08:00;58,09
16.07.2018 08:00;16.07.2018 09:00;59,4
16.07.2018 09:00;16.07.2018 10:00;58,87
16.07.2018 10:00;16.07.2018 11:00;57,43
16.07.2018 11:00;16.07.2018 12:00;57,74
16.07.2018 12:00;16.07.2018 13:00;56,11
16.07.2018 13:00;16.07.2018 14:00;54,94
16.07.2018 14:00;16.07.2018 15:00;55,46
16.07.2018 15:00;16.07.2018 16:00;55,41
16.07.2018 16:00;16.07.2018 17:00;55,91
16.07.2018 17:00;16.07.2018 18:00;57,36
16.07.2018 18:00;16.07.2018 19:00;59,34
16.07.2018 19:00;16.07.2018 20:00;62,82
16.07.2018 20:00;16.07.2018 21:00;59,22
16.07.2018 21:00;16.07.2018 22:00;56,92
16.07.2018 22:00;16.07.2018 23:00;57,08
16.07.2018 23:00;17.07.2018 00:00;51,84
17.07.2018 00:00;17.07.2018 01:00;46,52
17.07.2018 01:00;17.07.2018 02:00;44,44
17.07.2018 02:00;17.07.2018 03:00;42,54
17.07.2018 03:00;17.07.2018 04:00;42,35
17.07.2018 04:00;17.07.2018 05:00;42,6
17.07.2018 05:00;17.07.2018 06:00;43,8
17.07.2018 06:00;17.07.2018 07:00;52,2
17.07.2018 07:00;17.07.2018 08:00;57,96
17.07.2018 08:00;17.07.2018 09:00;59,44
17.07.2018 09:00;17.07.2018 10:00;57,97
17.07.2018 10:00;17.07.2018 11:00;56,05
17.07.2018 11:00;17.07.2018 12:00;56,0
17.07.2018 12:00;17.07.2018 13:00;53,79
17.07.2018 13:00;17.07.2018 14:00;51,99
17.07.2018 14:00;17.07.2018 15:00;52,34
17.07.2018 15:00;17.07.2018 16:00;52,48
17.07.2018 16:00;17.07.2018 17:00;52,42
17.07.2018 17:00;17.07.2018 18:00;53,76
17.07.2018 18:00;17.07.2018 19:00;56,18
17.07.2018 19:00;17.07.2018 20:00;58,56
17.07.2018 20:00;17.07.2018 21:00;56,94
17.07.2018 21:00;17.07.2018 22:00;55,21
17.07.2018 22:00;17.07.2018 23:00;54,44
17.07.2018 23:00;18.07.2018 00:00;51,32
18.07.2018 00:00;18.07.2018 01:00;44,04
18.07.2018 01:00;18.07.2018 02:00;42,23
18.07.2018 02:00;18.07.2018 03:00;41,91
18.07.2018 03:00;18.07.2018 04:00;41,0
18.07.2018 04:00;18.07.2018 05:00;40,89
18.07.2018 05:00;18.07.2018 06:00;41,28
18.07.2018 06:00;18.07.2018 07:00;48,93
18.07.2018 07:00;18.07.2018 08:00;53,68
18.07.2018 08:00;18.07.2018 09:00;55,93
18.07.2018 09:00;18.07.2018 10:00;54,12
18.07.2018 10:00;18.07.2018 11:00;53,68
18.07.2018 11:00;18.07.2018 12:00;53,69
18.07.2018 12:00;18.07.2018 13:00;52,31
18.07.2018 13:00;18.07.2018 14:00;48,88
18.07.2018 14:00;18.07.2018 15:00;44,43
18.07.2018 15:00;18.07.2018 16:00;46,26
18.07.2018 16:00;18.07.2018 17:00;47,91
18.07.2018 17:00;18.07.2018 18:00;53,68
18.07.2018 18:00;18.07.2018 19:00;55,26
18.07.2018 19:00;18.07.2018 20:00;57,97
18.07.2018 20:00;18.07.2018 21:00;56,87
18.07.2018 21:00;18.07.2018 22:00;55,14
18.07.2018 22:00;18.07.2018 23:00;54,03
18.07.2018 23:00;19.07.2018 00:00;49,88
19.07.2018 00:00;19.07.2018 01:00;43,08
19.07.2018 01:00;19.07.2018 02:00;42,6
19.07.2018 02:00;19.07.2018 03:00;41,7
19.07.2018 03:00;19.07.2018 04:00;41,7
19.07.2018 04:00;19.07.2018 05:00;41,39
19.07.2018 05:00;19.07.2018 06:00;43,05
19.07.2018 06:00;19.07.2018 07:00;51,05
19.07.2018 07:00;19.07.2018 08:00;56,32
19.07.2018 08:00;19.07.2018 09:00;57,98
19.07.2018 09:00;19.07.2018 10:00;55,95
19.07.2018 10:00;19.07.2018 11:00;54,08
19.07.2018 11:00;19.07.2018 12:00;53,03
19.07.2018 12:00;19.07.2018 13:00;52,6
19.07.2018 13:00;19.07.2018 14:00;51,29
19.07.2018 14:00;19.07.2018 15:00;51,74
19.07.2018 15:00;19.07.2018 16:00;52,51
19.07.2018 16:00;19.07.2018 17:00;52,73
19.07.2018 17:00;19.07.2018 18:00;55,26
19.07.2018 18:00;19.07.2018 19:00;57,99
19.07.2018 19:00;19.07.2018 20:00;59,38
19.07.2018 20:00;19.07.2018 21:00;58,47
19.07.2018 21:00;19.07.2018 22:00;57,53
19.07.2018 22:00;19.07.2018 23:00;56,15
19.07.2018 23:00;20.07.2018 00:00;51,9
20.07.2018 00:00;20.07.2018 01:00;48,82
20.07.2018 01:00;20.07.2018 02:00;45,6
20.07.2018 02:00;20.07.2018 03:00;44,49
20.07.2018 03:00;20.07.2018 04:00;44,05
20.07.2018 04:00;20.07.2018 05:00;44,93
20.07.2018 05:00;20.07.2018 06:00;45,04
20.07.2018 06:00;20.07.2018 07:00;52,47
20.07.2018 07:00;20.07.2018 08:00;57,61
20.07.2018 08:00;20.07.2018 09:00;57,93
20.07.2018 09:00;20.07.2018 10:00;57,98
20.07.2018 10:00;20.07.2018 11:00;57,06
20.07.2018 11:00;20.07.2018 12:00;56,69
20.07.2018 12:00;20.07.2018 13:00;55,1
20.07.2018 13:00;20.07.2018 14:00;54,07
20.07.2018 14:00;20.07.2018 15:00;54,03
20.07.2018 15:00;20.07.2018 16:00;55,06
20.07.2018 16:00;20.07.2018 17:00;56,07
20.07.2018 17:00;20.07.2018 18:00;57,91
20.07.2018 18:00;20.07.2018 19:00;58,5
20.07.2018 19:00;20.07.2018 20:00;58,95
20.07.2018 20:00;20.07.2018 21:00;57,98
20.07.2018 21:00;20.07.2018 22:00;56,1
20.07.2018 22:00;20.07.2018 23:00;56,02
20.07.2018 23:00;21.07.2018 00:00;52,57
21.07.2018 00:00;21.07.2018 01:00;50,33
21.07.2018 01:00;21.07.2018 02:00;44,87
21.07.2018 02:00;21.07.2018 03:00;44,73
21.07.2018 03:00;21.07.2018 04:00;45,52
21.07.2018 04:00;21.07.2018 05:00;44,67
21.07.2018 05:00;21.07.2018 06:00;44,4
21.07.2018 06:00;21.07.2018 07:00;44,06
21.07.2018 07:00;21.07.2018 08:00;46,69
21.07.2018 08:00;21.07.2018 09:00;52,52
21.07.2018 09:00;21.07.2018 10:00;55,04
21.07.2018 10:00;21.07.2018 11:00;55,09
21.07.2018 11:00;21.07.2018 12:00;55,18
21.07.2018 12:00;21.07.2018 13:00;54,72
21.07.2018 13:00;21.07.2018 14:00;50,46
21.07.2018 14:00;21.07.2018 15:00;45,0
21.07.2018 15:00;21.07.2018 16:00;45,1
21.07.2018 16:00;21.07.2018 17:00;47,09
21.07.2018 17:00;21.07.2018 18:00;53,12
21.07.2018 18:00;21.07.2018 19:00;55,02
21.07.2018 19:00;21.07.2018 20:00;55,22
21.07.2018 20:00;21.07.2018 21:00;54,96
21.07.2018 21:00;21.07.2018 22:00;54,68
21.07.2018 22:00;21.07.2018 23:00;54,49
21.07.2018 23:00;22.07.2018 00:00;51,18
22.07.2018 00:00;22.07.2018 01:00;47,07
22.07.2018 01:00;22.07.2018 02:00;45,3
22.07.2018 02:00;22.07.2018 03:00;44,25
22.07.2018 03:00;22.07.2018 04:00;43,87
22.07.2018 04:00;22.07.2018 05:00;42,85
22.07.2018 05:00;22.07.2018 06:00;42,2
22.07.2018 06:00;22.07.2018 07:00;42,07
22.07.2018 07:00;22.07.2018 08:00;42,4
22.07.2018 08:00;22.07.2018 09:00;43,61
22.07.2018 09:00;22.07.2018 10:00;44,74
22.07.2018 10:00;22.07.2018 11:00;44,5
22.07.2018 11:00;22.07.2018 12:00;44,78
22.07.2018 12:00;22.07.2018 13:00;43,06
22.07.2018 13:00;22.07.2018 14:00;41,98
22.07.2018 14:00;22.07.2018 15:00;41,25
22.07.2018 15:00;22.07.2018 16:00;41,4
22.07.2018 16:00;22.07.2018 17:00;42,87
22.07.2018 17:00;22.07.2018 18:00;45,34
22.07.2018 18:00;22.07.2018 19:00;47,96
22.07.2018 19:00;22.07.2018 20:00;55,14
22.07.2018 20:00;22.07.2018 21:00;56,95
22.07.2018 21:00;22.07.2018 22:00;56,85
22.07.2018 22:00;22.07.2018 23:00;56,78
22.07.2018 23:00;23.07.2018 00:00;52,85
23.07.2018 00:00;23.07.2018 01:00;51,81
23.07.2018 01:00;23.07.2018 02:00;48,59
23.07.2018 02:00;23.07.2018 03:00;45,8
23.07.2018 03:00;23.07.2018 04:00;44,5
23.07.2018 04:00;23.07.2018 05:00;44,68
23.07.2018 05:00;23.07.2018 06:00;47,45
23.07.2018 06:00;23.07.2018 07:00;53,06
23.07.2018 07:00;23.07.2018 08:00;58,95
23.07.2018 08:00;23.07.2018 09:00;59,94
23.07.2018 09:00;23.07.2018 10:00;59,05
23.07.2018 10:00;23.07.2018 11:00;57,99
23.07.2018 11:00;23.07.2018 12:00;57,98
23.07.2018 12:00;23.07.2018 13:00;57,27
23.07.2018 13:00;23.07.2018 14:00;56,86
23.07.2018 14:00;23.07.2018 15:00;55,26
23.07.2018 15:00;23.07.2018 16:00;55,2
23.07.2018 16:00;23.07.2018 17:00;55,82
23.07.2018 17:00;23.07.2018 18:00;57,91
23.07.2018 18:00;23.07.2018 19:00;59,91
23.07.2018 19:00;23.07.2018 20:00;61,45
23.07.2018 20:00;23.07.2018 21:00;60,1
23.07.2018 21:00;23.07.2018 22:00;59,02
23.07.2018 22:00;23.07.2018 23:00;57,98
23.07.2018 23:00;24.07.2018 00:00;53,95
24.07.2018 00:00;24.07.2018 01:00;50,88
24.07.2018 01:00;24.07.2018 02:00;47,47
24.07.2018 02:00;24.07.2018 03:00;46,55
24.07.2018 03:00;24.07.2018 04:00;45,09
24.07.2018 04:00;24.07.2018 05:00;45,57
24.07.2018 05:00;24.07.2018 06:00;47,42
24.07.2018 06:00;24.07.2018 07:00;53,97
24.07.2018 07:00;24.07.2018 08:00;60,63
24.07.2018 08:00;24.07.2018 09:00;62,9
24.07.2018 09:00;24.07.2018 10:00;61,32
24.07.2018 10:00;24.07.2018 11:00;59,57
24.07.2018 11:00;24.07.2018 12:00;58,46
24.07.2018 12:00;24.07.2018 13:00;57,41
24.07.2018 13:00;24.07.2018 14:00;55,36
24.07.2018 14:00;24.07.2018 15:00;55,92
24.07.2018 15:00;24.07.2018 16:00;57,67
24.07.2018 16:00;24.07.2018 17:00;58,19
24.07.2018 17:00;24.07.2018 18:00;61,86
24.07.2018 18:00;24.07.2018 19:00;64,17
24.07.2018 19:00;24.07.2018 20:00;65,51
24.07.2018 20:00;24.07.2018 21:00;64,22
24.07.2018 21:00;24.07.2018 22:00;63,89
24.07.2018 22:00;24.07.2018 23:00;60,44
24.07.2018 23:00;25.07.2018 00:00;54,91
25.07.2018 00:00;25.07.2018 01:00;53,64
25.07.2018 01:00;25.07.2018 02:00;50,66
25.07.2018 02:00;25.07.2018 03:00;49,08
25.07.2018 03:00;25.07.2018 04:00;48,7
25.07.2018 04:00;25.07.2018 05:00;48,82
25.07.2018 05:00;25.07.2018 06:00;49,79
25.07.2018 06:00;25.07.2018 07:00;55,71
25.07.2018 07:00;25.07.2018 08:00;62,96
25.07.2018 08:00;25.07.2018 09:00;65,0
25.07.2018 09:00;25.07.2018 10:00;65,07
25.07.2018 10:00;25.07.2018 11:00;62,93
25.07.2018 11:00;25.07.2018 12:00;61,43
25.07.2018 12:00;25.07.2018 13:00;58,66
25.07.2018 13:00;25.07.2018 14:00;56,27
25.07.2018 14:00;25.07.2018 15:00;56,42
25.07.2018 15:00;25.07.2018 16:00;57,95
25.07.2018 16:00;25.07.2018 17:00;58,47
25.07.2018 17:00;25.07.2018 18:00;61,4
25.07.2018 18:00;25.07.2018 19:00;65,8
25.07.2018 19:00;25.07.2018 20:00;66,9
25.07.2018 20:00;25.07.2018 21:00;65,45
25.07.2018 21:00;25.07.2018 22:00;64,37
25.07.2018 22:00;25.07.2018 23:00;62,02
25.07.2018 23:00;26.07.2018 00:00;54,43
26.07.2018 00:00;26.07.2018 01:00;50,02
26.07.2018 01:00;26.07.2018 02:00;48,4
26.07.2018 02:00;26.07.2018 03:00;47,5
26.07.2018 03:00;26.07.2018 04:00;46,75
26.07.2018 04:00;26.07.2018 05:00;46,35
26.07.2018 05:00;26.07.2018 06:00;47,34
26.07.2018 06:00;26.07.2018 07:00;52,28
26.07.2018 07:00;26.07.2018 08:00;60,77
26.07.2018 08:00;26.07.2018 09:00;64,08
26.07.2018 09:00;26.07.2018 10:00;62,96
26.07.2018 10:00;26.07.2018 11:00;60,0
26.07.2018 11:00;26.07.2018 12:00;59,67
26.07.2018 12:00;26.07.2018 13:00;52,43
26.07.2018 13:00;26.07.2018 14:00;53,94
26.07.2018 14:00;26.07.2018 15:00;54,71
26.07.2018 15:00;26.07.2018 16:00;56,63
26.07.2018 16:00;26.07.2018 17:00;55,45
26.07.2018 17:00;26.07.2018 18:00;57,59
26.07.2018 18:00;26.07.2018 19:00;61,0
26.07.2018 19:00;26.07.2018 20:00;61,95
26.07.2018 20:00;26.07.2018 21:00;60,61
26.07.2018 21:00;26.07.2018 22:00;59,8
26.07.2018 22:00;26.07.2018 23:00;54,32
26.07.2018 23:00;27.07.2018 00:00;47,16
27.07.2018 00:00;27.07.2018 01:00;47,5
27.07.2018 01:00;27.07.2018 02:00;46,51
27.07.2018 02:00;27.07.2018 03:00;45,0
27.07.2018 03:00;27.07.2018 04:00;45,0
27.07.2018 04:00;27.07.2018 05:00;44,72
27.07.2018 05:00;27.07.2018 06:00;47,02
27.07.2018 06:00;27.07.2018 07:00;52,51
27.07.2018 07:00;27.07.2018 08:00;60,91
27.07.2018 08:00;27.07.2018 09:00;62,01
27.07.2018 09:00;27.07.2018 10:00;61,09
27.07.2018 10:00;27.07.2018 11:00;58,91
27.07.2018 11:00;27.07.2018 12:00;58,47
27.07.2018 12:00;27.07.2018 13:00;55,04
27.07.2018 13:00;27.07.2018 14:00;52,02
27.07.2018 14:00;27.07.2018 15:00;46,76
27.07.2018 15:00;27.07.2018 16:00;50,56
27.07.2018 16:00;27.07.2018 17:00;54,07
27.07.2018 17:00;27.07.2018 18:00;58,02
27.07.2018 18:00;27.07.2018 19:00;60,09
27.07.2018 19:00;27.07.2018 20:00;61,21
27.07.2018 20:00;27.07.2018 21:00;59,9
27.07.2018 21:00;27.07.2018 22:00;55,83
27.07.2018 22:00;27.07.2018 23:00;53,03
27.07.2018 23:00;28.07.2018 00:00;50,85
28.07.2018 00:00;28.07.2018 01:00;46,09
28.07.2018 01:00;28.07.2018 02:00;44,24
28.07.2018 02:00;28.07.2018 03:00;42,26
28.07.2018 03:00;28.07.2018 04:00;42,06
28.07.2018 04:00;28.07.2018 05:00;42,24
28.07.2018 05:00;28.07.2018 06:00;42,51
28.07.2018 06:00;28.07.2018 07:00;44,48
28.07.2018 07:00;28.07.2018 08:00;47,08
28.07.2018 08:00;28.07.2018 09:00;50,83
28.07.2018 09:00;28.07.2018 10:00;50,97
28.07.2018 10:00;28.07.2018 11:00;45,8
28.07.2018 11:00;28.07.2018 12:00;45,04
28.07.2018 12:00;28.07.2018 13:00;43,37
28.07.2018 13:00;28.07.2018 14:00;42,4
28.07.2018 14:00;28.07.2018 15:00;42,09
28.07.2018 15:00;28.07.2018 16:00;41,81
28.07.2018 16:00;28.07.2018 17:00;42,4
28.07.2018 17:00;28.07.2018 18:00;45,11
28.07.2018 18:00;28.07.2018 19:00;50,0
28.07.2018 19:00;28.07.2018 20:00;52,88
28.07.2018 20:00;28.07.2018 21:00;52,84
28.07.2018 21:00;28.07.2018 22:00;53,09
28.07.2018 22:00;28.07.2018 23:00;53,45
28.07.2018 23:00;29.07.2018 00:00;50,59
29.07.2018 00:00;29.07.2018 01:00;47,4
29.07.2018 01:00;29.07.2018 02:00;42,78
29.07.2018 02:00;29.07.2018 03:00;41,63
29.07.2018 03:00;29.07.2018 04:00;42,21
29.07.2018 04:00;29.07.2018 05:00;42,5
29.07.2018 05:00;29.07.2018 06:00;42,5
29.07.2018 06:00;29.07.2018 07:00;42,09
29.07.2018 07:00;29.07.2018 08:00;40,49
29.07.2018 08:00;29.07.2018 09:00;40,55
29.07.2018 09:00;29.07.2018 10:00;40,59
29.07.2018 10:00;29.07.2018 11:00;41,57
29.07.2018 11:00;29.07.2018 12:00;40,57
29.07.2018 12:00;29.07.2018 13:00;40,61
29.07.2018 13:00;29.07.2018 14:00;40,98
29.07.2018 14:00;29.07.2018 15:00;36,76
29.07.2018 15:00;29.07.2018 16:00;37,4
29.07.2018 16:00;29.07.2018 17:00;41,53
29.07.2018 17:00;29.07.2018 18:00;42,01
29.07.2018 18:00;29.07.2018 19:00;50,73
29.07.2018 19:00;29.07.2018 20:00;55,76
29.07.2018 20:00;29.07.2018 21:00;57,43
29.07.2018 21:00;29.07.2018 22:00;57,94
29.07.2018 22:00;29.07.2018 23:00;57,22
29.07.2018 23:00;30.07.2018 00:00;53,65
30.07.2018 00:00;30.07.2018 01:00;49,87
30.07.2018 01:00;30.07.2018 02:00;46,58
30.07.2018 02:00;30.07.2018 03:00;45,04
30.07.2018 03:00;30.07.2018 04:00;44,26
30.07.2018 04:00;30.07.2018 05:00;44,81
30.07.2018 05:00;30.07.2018 06:00;45,04
30.07.2018 06:00;30.07.2018 07:00;52,56
30.07.2018 07:00;30.07.2018 08:00;59,21
30.07.2018 08:00;30.07.2018 09:00;60,99
30.07.2018 09:00;30.07.2018 10:00;61,08
30.07.2018 10:00;30.07.2018 11:00;57,36
30.07.2018 11:00;30.07.2018 12:00;57,06
30.07.2018 12:00;30.07.2018 13:00;55,91
30.07.2018 13:00;30.07.2018 14:00;54,47
30.07.2018 14:00;30.07.2018 15:00;53,55
30.07.2018 15:00;30.07.2018 16:00;54,54
30.07.2018 16:00;30.07.2018 17:00;55,94
30.07.2018 17:00;30.07.2018 18:00;61,45
30.07.2018 18:00;30.07.2018 19:00;62,8
30.07.2018 19:00;30.07.2018 20:00;64,63
30.07.2018 20:00;30.07.2018 21:00;63,46
30.07.2018 21:00;30.07.2018 22:00;62,06
30.07.2018 22:00;30.07.2018 23:00;60,37
30.07.2018 23:00;31.07.2018 00:00;51,46
31.07.2018 00:00;31.07.2018 01:00;47,02
31.07.2018 01:00;31.07.2018 02:00;45,98
31.07.2018 02:00;31.07.2018 03:00;45,25
31.07.2018 03:00;31.07.2018 04:00;44,34
31.07.2018 04:00;31.07.2018 05:00;44,03
31.07.2018 05:00;31.07.2018 06:00;46,07
31.07.2018 06:00;31.07.2018 07:00;51,91
31.07.2018 07:00;31.07.2018 08:00;62,48
31.07.2018 08:00;31.07.2018 09:00;65,77
31.07.2018 09:00;31.07.2018 10:00;65,9
31.07.2018 10:00;31.07.2018 11:00;62,03
31.07.2018 11:00;31.07.2018 12:00;60,73
31.07.2018 12:00;31.07.2018 13:00;56,65
31.07.2018 13:00;31.07.2018 14:00;54,46
31.07.2018 14:00;31.07.2018 15:00;52,87
31.07.2018 15:00;31.07.2018 16:00;53,1
31.07.2018 16:00;31.07.2018 17:00;54,02
31.07.2018 17:00;31.07.2018 18:00;61,01
31.07.2018 18:00;31.07.2018 19:00;65,06
31.07.2018 19:00;31.07.2018 20:00;65,96
31.07.2018 20:00;31.07.2018 21:00;65,32
31.07.2018 21:00;31.07.2018 22:00;65,32
31.07.2018 22:00;31.07.2018 23:00;63,68
31.07.2018 23:00;01.08.2018 00:00;52,93
01.08.2018 00:00;01.08.2018 01:00;47,13
01.08.2018 01:00;01.08.2018 02:00;47,0
01.08.2018 02:00;01.08.2018 03:00;44,89
01.08.2018 03:00;01.08.2018 04:00;44,12
01.08.2018 04:00;01.08.2018 05:00;44,21
01.08.2018 05:00;01.08.2018 06:00;45,96
01.08.2018 06:00;01.08.2018 07:00;49,4
01.08.2018 07:00;01.08.2018 08:00;58,83
01.08.2018 08:00;01.08.2018 09:00;60,52
01.08.2018 09:00;01.08.2018 10:00;62,0
01.08.2018 10:00;01.08.2018 11:00;60,43
01.08.2018 11:00;01.08.2018 12:00;59,1
01.08.2018 12:00;01.08.2018 13:00;58,22
01.08.2018 13:00;01.08.2018 14:00;57,8
01.08.2018 14:00;01.08.2018 15:00;57,99
01.08.2018 15:00;01.08.2018 16:00;58,0
01.08.2018 16:00;01.08.2018 17:00;58,24
01.08.2018 17:00;01.08.2018 18:00;63,03
01.08.2018 18:00;01.08.2018 19:00;65,0
01.08.2018 19:00;01.08.2018 20:00;65,87
01.08.2018 20:00;01.08.2018 21:00;64,0
01.08.2018 21:00;01.08.2018 22:00;63,59
01.08.2018 22:00;01.08.2018 23:00;62,54
01.08.2018 23:00;02.08.2018 00:00;53,77
02.08.2018 00:00;02.08.2018 01:00;47,77
02.08.2018 01:00;02.08.2018 02:00;46,13
02.08.2018 02:00;02.08.2018 03:00;46,78
02.08.2018 03:00;02.08.2018 04:00;45,21
02.08.2018 04:00;02.08.2018 05:00;45,3
02.08.2018 05:00;02.08.2018 06:00;46,81
02.08.2018 06:00;02.08.2018 07:00;53,06
02.08.2018 07:00;02.08.2018 08:00;62,21
02.08.2018 08:00;02.08.2018 09:00;64,66
02.08.2018 09:00;02.08.2018 10:00;65,7
02.08.2018 10:00;02.08.2018 11:00;65,7
02.08.2018 11:00;02.08.2018 12:00;64,99
02.08.2018 12:00;02.08.2018 13:00;64,15
02.08.2018 13:00;02.08.2018 14:00;62,85
02.08.2018 14:00;02.08.2018 15:00;61,08
02.08.2018 15:00;02.08.2018 16:00;61,94
02.08.2018 16:00;02.08.2018 17:00;63,07
02.08.2018 17:00;02.08.2018 18:00;66,42
02.08.2018 18:00;02.08.2018 19:00;67,98
02.08.2018 19:00;02.08.2018 20:00;69,41
02.08.2018 20:00;02.08.2018 21:00;67,72
02.08.2018 21:00;02.08.2018 22:00;67,1
02.08.2018 22:00;02.08.2018 23:00;65,44
02.08.2018 23:00;03.08.2018 00:00;56,01
03.08.2018 00:00;03.08.2018 01:00;52,37
03.08.2018 01:00;03.08.2018 02:00;51,14
03.08.2018 02:00;03.08.2018 03:00;49,09
03.08.2018 03:00;03.08.2018 04:00;48,35
03.08.2018 04:00;03.08.2018 05:00;48,47
03.08.2018 05:00;03.08.2018 06:00;49,98
03.08.2018 06:00;03.08.2018 07:00;58,7
03.08.2018 07:00;03.08.2018 08:00;68,6
03.08.2018 08:00;03.08.2018 09:00;69,98
03.08.2018 09:00;03.08.2018 10:00;70,26
03.08.2018 10:00;03.08.2018 11:00;70,46
03.08.2018 11:00;03.08.2018 12:00;70,0
03.08.2018 12:00;03.08.2018 13:00;65,93
03.08.2018 13:00;03.08.2018 14:00;62,92
03.08.2018 14:00;03.08.2018 15:00;60,38
03.08.2018 15:00;03.08.2018 16:00;61,09
03.08.2018 16:00;03.08.2018 17:00;65,92
03.08.2018 17:00;03.08.2018 18:00;69,72
03.08.2018 18:00;03.08.2018 19:00;70,51
03.08.2018 19:00;03.08.2018 20:00;75,49
03.08.2018 20:00;03.08.2018 21:00;70,35
03.08.2018 21:00;03.08.2018 22:00;70,01
03.08.2018 22:00;03.08.2018 23:00;66,98
03.08.2018 23:00;04.08.2018 00:00;58,61
04.08.2018 00:00;04.08.2018 01:00;55,84
04.08.2018 01:00;04.08.2018 02:00;51,51
04.08.2018 02:00;04.08.2018 03:00;49,94
04.08.2018 03:00;04.08.2018 04:00;49,5
04.08.2018 04:00;04.08.2018 05:00;48,75
04.08.2018 05:00;04.08.2018 06:00;48,73
04.08.2018 06:00;04.08.2018 07:00;49,96
04.08.2018 07:00;04.08.2018 08:00;51,63
04.08.2018 08:00;04.08.2018 09:00;54,89
04.08.2018 09:00;04.08.2018 10:00;56,46
04.08.2018 10:00;04.08.2018 11:00;53,79
04.08.2018 11:00;04.08.2018 12:00;51,68
04.08.2018 12:00;04.08.2018 13:00;51,11
04.08.2018 13:00;04.08.2018 14:00;49,33
04.08.2018 14:00;04.08.2018 15:00;45,65
04.08.2018 15:00;04.08.2018 16:00;45,05
04.08.2018 16:00;04.08.2018 17:00;45,1
04.08.2018 17:00;04.08.2018 18:00;49,7
04.08.2018 18:00;04.08.2018 19:00;52,76
04.08.2018 19:00;04.08.2018 20:00;56,26
04.08.2018 20:00;04.08.2018 21:00;54,47
04.08.2018 21:00;04.08.2018 22:00;53,09
04.08.2018 22:00;04.08.2018 23:00;52,09
04.08.2018 23:00;05.08.2018 00:00;49,53
05.08.2018 00:00;05.08.2018 01:00;52,01
05.08.2018 01:00;05.08.2018 02:00;50,03
05.08.2018 02:00;05.08.2018 03:00;49,41
05.08.2018 03:00;05.08.2018 04:00;47,86
05.08.2018 04:00;05.08.2018 05:00;46,07
05.08.2018 05:00;05.08.2018 06:00;45,07
05.08.2018 06:00;05.08.2018 07:00;45,68
05.08.2018 07:00;05.08.2018 08:00;47,44
05.08.2018 08:00;05.08.2018 09:00;49,44
05.08.2018 09:00;05.08.2018 10:00;49,78
05.08.2018 10:00;05.08.2018 11:00;46,09
05.08.2018 11:00;05.08.2018 12:00;45,6
05.08.2018 12:00;05.08.2018 13:00;45,04
05.08.2018 13:00;05.08.2018 14:00;43,54
05.08.2018 14:00;05.08.2018 15:00;35,85
05.08.2018 15:00;05.08.2018 16:00;43,52
05.08.2018 16:00;05.08.2018 17:00;44,41
05.08.2018 17:00;05.08.2018 18:00;49,0
05.08.2018 18:00;05.08.2018 19:00;52,54
05.08.2018 19:00;05.08.2018 20:00;62,03
05.08.2018 20:00;05.08.2018 21:00;64,95
05.08.2018 21:00;05.08.2018 22:00;65,69
05.08.2018 22:00;05.08.2018 23:00;67,59
05.08.2018 23:00;06.08.2018 00:00;63,0
06.08.2018 00:00;06.08.2018 01:00;50,05
06.08.2018 01:00;06.08.2018 02:00;47,99
06.08.2018 02:00;06.08.2018 03:00;47,02
06.08.2018 03:00;06.08.2018 04:00;46,02
06.08.2018 04:00;06.08.2018 05:00;45,08
06.08.2018 05:00;06.08.2018 06:00;47,1
06.08.2018 06:00;06.08.2018 07:00;54,38
06.08.2018 07:00;06.08.2018 08:00;64,94
06.08.2018 08:00;06.08.2018 09:00;68,01
06.08.2018 09:00;06.08.2018 10:00;68,34
06.08.2018 10:00;06.08.2018 11:00;65,94
06.08.2018 11:00;06.08.2018 12:00;64,45
06.08.2018 12:00;06.08.2018 13:00;62,36
06.08.2018 13:00;06.08.2018 14:00;59,72
06.08.2018 14:00;06.08.2018 15:00;60,42
06.08.2018 15:00;06.08.2018 16:00;63,06
06.08.2018 16:00;06.08.2018 17:00;66,99
06.08.2018 17:00;06.08.2018 18:00;71,71
06.08.2018 18:00;06.08.2018 19:00;76,42
06.08.2018 19:00;06.08.2018 20:00;85,96
06.08.2018 20:00;06.08.2018 21:00;79,19
06.08.2018 21:00;06.08.2018 22:00;74,82
06.08.2018 22:00;06.08.2018 23:00;71,61
06.08.2018 23:00;07.08.2018 00:00;63,05
07.08.2018 00:00;07.08.2018 01:00;58,11
07.08.2018 01:00;07.08.2018 02:00;52,42
07.08.2018 02:00;07.08.2018 03:00;51,01
07.08.2018 03:00;07.08.2018 04:00;49,75
07.08.2018 04:00;07.08.2018 05:00;49,53
07.08.2018 05:00;07.08.2018 06:00;51,51
07.08.2018 06:00;07.08.2018 07:00;57,99
07.08.2018 07:00;07.08.2018 08:00;68,85
07.08.2018 08:00;07.08.2018 09:00;71,73
07.08.2018 09:00;07.08.2018 10:00;70,68
07.08.2018 10:00;07.08.2018 11:00;69,0
07.08.2018 11:00;07.08.2018 12:00;67,94
07.08.2018 12:00;07.08.2018 13:00;66,92
07.08.2018 13:00;07.08.2018 14:00;65,75
07.08.2018 14:00;07.08.2018 15:00;66,11
07.08.2018 15:00;07.08.2018 16:00;66,99
07.08.2018 16:00;07.08.2018 17:00;69,12
07.08.2018 17:00;07.08.2018 18:00;72,59
07.08.2018 18:00;07.08.2018 19:00;77,87
07.08.2018 19:00;07.08.2018 20:00;79,96
07.08.2018 20:00;07.08.2018 21:00;78,28
07.08.2018 21:00;07.08.2018 22:00;70,2
07.08.2018 22:00;07.08.2018 23:00;66,91
07.08.2018 23:00;08.08.2018 00:00;53,04
08.08.2018 00:00;08.08.2018 01:00;47,77
08.08.2018 01:00;08.08.2018 02:00;46,41
08.08.2018 02:00;08.08.2018 03:00;45,49
08.08.2018 03:00;08.08.2018 04:00;43,9
08.08.2018 04:00;08.08.2018 05:00;43,9
08.08.2018 05:00;08.08.2018 06:00;46,66
08.08.2018 06:00;08.08.2018 07:00;51,15
08.08.2018 07:00;08.08.2018 08:00;58,71
08.08.2018 08:00;08.08.2018 09:00;65,06
08.08.2018 09:00;08.08.2018 10:00;65,04
08.08.2018 10:00;08.08.2018 11:00;59,12
08.08.2018 11:00;08.08.2018 12:00;55,79
08.08.2018 12:00;08.08.2018 13:00;50,54
08.08.2018 13:00;08.08.2018 14:00;46,9
08.08.2018 14:00;08.08.2018 15:00;49,44
08.08.2018 15:00;08.08.2018 16:00;50,97
08.08.2018 16:00;08.08.2018 17:00;54,56
08.08.2018 17:00;08.08.2018 18:00;62,96
08.08.2018 18:00;08.08.2018 19:00;65,7
08.08.2018 19:00;08.08.2018 20:00;67,85
08.08.2018 20:00;08.08.2018 21:00;67,68
08.08.2018 21:00;08.08.2018 22:00;68,0
08.08.2018 22:00;08.08.2018 23:00;68,01
08.08.2018 23:00;09.08.2018 00:00;64,97
09.08.2018 00:00;09.08.2018 01:00;50,57
09.08.2018 01:00;09.08.2018 02:00;47,47
09.08.2018 02:00;09.08.2018 03:00;46,14
09.08.2018 03:00;09.08.2018 04:00;45,07
09.08.2018 04:00;09.08.2018 05:00;45,08
09.08.2018 05:00;09.08.2018 06:00;47,76
09.08.2018 06:00;09.08.2018 07:00;55,5
09.08.2018 07:00;09.08.2018 08:00;64,11
09.08.2018 08:00;09.08.2018 09:00;65,08
09.08.2018 09:00;09.08.2018 10:00;64,88
09.08.2018 10:00;09.08.2018 11:00;64,67
09.08.2018 11:00;09.08.2018 12:00;64,59
09.08.2018 12:00;09.08.2018 13:00;62,77
09.08.2018 13:00;09.08.2018 14:00;60,0
09.08.2018 14:00;09.08.2018 15:00;57,56
09.08.2018 15:00;09.08.2018 16:00;56,03
09.08.2018 16:00;09.08.2018 17:00;54,39
09.08.2018 17:00;09.08.2018 18:00;56,54
09.08.2018 18:00;09.08.2018 19:00;58,76
09.08.2018 19:00;09.08.2018 20:00;56,9
09.08.2018 20:00;09.08.2018 21:00;52,36
09.08.2018 21:00;09.08.2018 22:00;50,0
09.08.2018 22:00;09.08.2018 23:00;49,54
09.08.2018 23:00;10.08.2018 00:00;45,78
10.08.2018 00:00;10.08.2018 01:00;32,68
10.08.2018 01:00;10.08.2018 02:00;24,4
10.08.2018 02:00;10.08.2018 03:00;18,68
10.08.2018 03:00;10.08.2018 04:00;18,43
10.08.2018 04:00;10.08.2018 05:00;18,49
10.08.2018 05:00;10.08.2018 06:00;29,4
10.08.2018 06:00;10.08.2018 07:00;43,81
10.08.2018 07:00;10.08.2018 08:00;49,69
10.08.2018 08:00;10.08.2018 09:00;52,02
10.08.2018 09:00;10.08.2018 10:00;52,77
10.08.2018 10:00;10.08.2018 11:00;51,08
10.08.2018 11:00;10.08.2018 12:00;50,6
10.08.2018 12:00;10.08.2018 13:00;48,66
10.08.2018 13:00;10.08.2018 14:00;45,55
10.08.2018 14:00;10.08.2018 15:00;44,05
10.08.2018 15:00;10.08.2018 16:00;44,7
10.08.2018 16:00;10.08.2018 17:00;48,04
10.08.2018 17:00;10.08.2018 18:00;52,96
10.08.2018 18:00;10.08.2018 19:00;59,36
10.08.2018 19:00;10.08.2018 20:00;61,95
10.08.2018 20:00;10.08.2018 21:00;61,5
10.08.2018 21:00;10.08.2018 22:00;58,99
10.08.2018 22:00;10.08.2018 23:00;57,0
10.08.2018 23:00;11.08.2018 00:00;53,79
11.08.2018 00:00;11.08.2018 01:00;49,43
11.08.2018 01:00;11.08.2018 02:00;45,8
11.08.2018 02:00;11.08.2018 03:00;44,02
11.08.2018 03:00;11.08.2018 04:00;41,39
11.08.2018 04:00;11.08.2018 05:00;40,64
11.08.2018 05:00;11.08.2018 06:00;41,01
11.08.2018 06:00;11.08.2018 07:00;41,52
11.08.2018 07:00;11.08.2018 08:00;44,22
11.08.2018 08:00;11.08.2018 09:00;47,97
11.08.2018 09:00;11.08.2018 10:00;47,63
11.08.2018 10:00;11.08.2018 11:00;45,02
11.08.2018 11:00;11.08.2018 12:00;42,04
11.08.2018 12:00;11.08.2018 13:00;37,44
11.08.2018 13:00;11.08.2018 14:00;27,62
11.08.2018 14:00;11.08.2018 15:00;23,44
11.08.2018 15:00;11.08.2018 16:00;28,19
11.08.2018 16:00;11.08.2018 17:00;33,89
11.08.2018 17:00;11.08.2018 18:00;41,09
11.08.2018 18:00;11.08.2018 19:00;49,6
11.08.2018 19:00;11.08.2018 20:00;57,98
11.08.2018 20:00;11.08.2018 21:00;58,92
11.08.2018 21:00;11.08.2018 22:00;60,53
11.08.2018 22:00;11.08.2018 23:00;60,68
11.08.2018 23:00;12.08.2018 00:00;58,39
12.08.2018 00:00;12.08.2018 01:00;48,22
12.08.2018 01:00;12.08.2018 02:00;45,0
12.08.2018 02:00;12.08.2018 03:00;42,8
12.08.2018 03:00;12.08.2018 04:00;42,05
12.08.2018 04:00;12.08.2018 05:00;40,99
12.08.2018 05:00;12.08.2018 06:00;40,93
12.08.2018 06:00;12.08.2018 07:00;41,47
12.08.2018 07:00;12.08.2018 08:00;40,97
12.08.2018 08:00;12.08.2018 09:00;41,1
12.08.2018 09:00;12.08.2018 10:00;39,9
12.08.2018 10:00;12.08.2018 11:00;35,07
12.08.2018 11:00;12.08.2018 12:00;34,65
12.08.2018 12:00;12.08.2018 13:00;33,11
12.08.2018 13:00;12.08.2018 14:00;27,62
12.08.2018 14:00;12.08.2018 15:00;21,96
12.08.2018 15:00;12.08.2018 16:00;24,83
12.08.2018 16:00;12.08.2018 17:00;27,33
12.08.2018 17:00;12.08.2018 18:00;42,56
12.08.2018 18:00;12.08.2018 19:00;51,19
12.08.2018 19:00;12.08.2018 20:00;57,55
12.08.2018 20:00;12.08.2018 21:00;61,35
12.08.2018 21:00;12.08.2018 22:00;63,02
12.08.2018 22:00;12.08.2018 23:00;62,1
12.08.2018 23:00;13.08.2018 00:00;57,73
13.08.2018 00:00;13.08.2018 01:00;50,6
13.08.2018 01:00;13.08.2018 02:00;47,08
13.08.2018 02:00;13.08.2018 03:00;44,97
13.08.2018 03:00;13.08.2018 04:00;44,18
13.08.2018 04:00;13.08.2018 05:00;44,06
13.08.2018 05:00;13.08.2018 06:00;47,26
13.08.2018 06:00;13.08.2018 07:00;53,69
13.08.2018 07:00;13.08.2018 08:00;60,79
13.08.2018 08:00;13.08.2018 09:00;61,93
13.08.2018 09:00;13.08.2018 10:00;62,23
13.08.2018 10:00;13.08.2018 11:00;61,38
13.08.2018 11:00;13.08.2018 12:00;62,0
13.08.2018 12:00;13.08.2018 13:00;61,91
13.08.2018 13:00;13.08.2018 14:00;59,81
13.08.2018 14:00;13.08.2018 15:00;58,05
13.08.2018 15:00;13.08.2018 16:00;56,16
13.08.2018 16:00;13.08.2018 17:00;58,13
13.08.2018 17:00;13.08.2018 18:00;60,14
13.08.2018 18:00;13.08.2018 19:00;59,91
13.08.2018 19:00;13.08.2018 20:00;62,09
13.08.2018 20:00;13.08.2018 21:00;59,9
13.08.2018 21:00;13.08.2018 22:00;59,99
13.08.2018 22:00;13.08.2018 23:00;56,7
13.08.2018 23:00;14.08.2018 00:00;50,83
14.08.2018 00:00;14.08.2018 01:00;49,41
14.08.2018 01:00;14.08.2018 02:00;47,88
14.08.2018 02:00;14.08.2018 03:00;46,88
14.08.2018 03:00;14.08.2018 04:00;45,7
14.08.2018 04:00;14.08.2018 05:00;45,77
14.08.2018 05:00;14.08.2018 06:00;48,22
14.08.2018 06:00;14.08.2018 07:00;53,47
14.08.2018 07:00;14.08.2018 08:00;61,71
14.08.2018 08:00;14.08.2018 09:00;64,07
14.08.2018 09:00;14.08.2018 10:00;64,39
14.08.2018 10:00;14.08.2018 11:00;64,03
14.08.2018 11:00;14.08.2018 12:00;63,53
14.08.2018 12:00;14.08.2018 13:00;59,9
14.08.2018 13:00;14.08.2018 14:00;51,83
14.08.2018 14:00;14.08.2018 15:00;48,0
14.08.2018 15:00;14.08.2018 16:00;45,6
14.08.2018 16:00;14.08.2018 17:00;45,81
14.08.2018 17:00;14.08.2018 18:00;50,92
14.08.2018 18:00;14.08.2018 19:00;59,89
14.08.2018 19:00;14.08.2018 20:00;63,53
14.08.2018 20:00;14.08.2018 21:00;63,44
14.08.2018 21:00;14.08.2018 22:00;63,49
14.08.2018 22:00;14.08.2018 23:00;62,15
14.08.2018 23:00;15.08.2018 00:00;51,77
15.08.2018 00:00;15.08.2018 01:00;48,73
15.08.2018 01:00;15.08.2018 02:00;48,05
15.08.2018 02:00;15.08.2018 03:00;47,85
15.08.2018 03:00;15.08.2018 04:00;46,01
15.08.2018 04:00;15.08.2018 05:00;44,43
15.08.2018 05:00;15.08.2018 06:00;46,05
15.08.2018 06:00;15.08.2018 07:00;49,32
15.08.2018 07:00;15.08.2018 08:00;53,14
15.08.2018 08:00;15.08.2018 09:00;58,25
15.08.2018 09:00;15.08.2018 10:00;57,85
15.08.2018 10:00;15.08.2018 11:00;53,69
15.08.2018 11:00;15.08.2018 12:00;54,4
15.08.2018 12:00;15.08.2018 13:00;52,23
15.08.2018 13:00;15.08.2018 14:00;49,01
15.08.2018 14:00;15.08.2018 15:00;48,25
15.08.2018 15:00;15.08.2018 16:00;47,96
15.08.2018 16:00;15.08.2018 17:00;48,66
15.08.2018 17:00;15.08.2018 18:00;53,0
15.08.2018 18:00;15.08.2018 19:00;62,21
15.08.2018 19:00;15.08.2018 20:00;64,28
15.08.2018 20:00;15.08.2018 21:00;65,0
15.08.2018 21:00;15.08.2018 22:00;64,83
15.08.2018 22:00;15.08.2018 23:00;63,83
15.08.2018 23:00;16.08.2018 00:00;55,75
16.08.2018 00:00;16.08.2018 01:00;49,88
16.08.2018 01:00;16.08.2018 02:00;47,97
16.08.2018 02:00;16.08.2018 03:00;47,39
16.08.2018 03:00;16.08.2018 04:00;46,82
16.08.2018 04:00;16.08.2018 05:00;46,51
16.08.2018 05:00;16.08.2018 06:00;48,5
16.08.2018 06:00;16.08.2018 07:00;55,0
16.08.2018 07:00;16.08.2018 08:00;62,11
16.08.2018 08:00;16.08.2018 09:00;63,63
16.08.2018 09:00;16.08.2018 10:00;61,29
16.08.2018 10:00;16.08.2018 11:00;55,01
16.08.2018 11:00;16.08.2018 12:00;53,03
16.08.2018 12:00;16.08.2018 13:00;51,02
16.08.2018 13:00;16.08.2018 14:00;50,72
16.08.2018 14:00;16.08.2018 15:00;50,46
16.08.2018 15:00;16.08.2018 16:00;50,8
16.08.2018 16:00;16.08.2018 17:00;51,88
16.08.2018 17:00;16.08.2018 18:00;62,44
16.08.2018 18:00;16.08.2018 19:00;65,7
16.08.2018 19:00;16.08.2018 20:00;67,01
16.08.2018 20:00;16.08.2018 21:00;67,06
16.08.2018 21:00;16.08.2018 22:00;66,2
16.08.2018 22:00;16.08.2018 23:00;64,39
16.08.2018 23:00;17.08.2018 00:00;60,03
17.08.2018 00:00;17.08.2018 01:00;50,66
17.08.2018 01:00;17.08.2018 02:00;49,39
17.08.2018 02:00;17.08.2018 03:00;47,44
17.08.2018 03:00;17.08.2018 04:00;46,5
17.08.2018 04:00;17.08.2018 05:00;47,02
17.08.2018 05:00;17.08.2018 06:00;48,08
17.08.2018 06:00;17.08.2018 07:00;56,64
17.08.2018 07:00;17.08.2018 08:00;62,88
17.08.2018 08:00;17.08.2018 09:00;64,44
17.08.2018 09:00;17.08.2018 10:00;64,39
17.08.2018 10:00;17.08.2018 11:00;63,05
17.08.2018 11:00;17.08.2018 12:00;62,82
17.08.2018 12:00;17.08.2018 13:00;61,96
17.08.2018 13:00;17.08.2018 14:00;59,27
17.08.2018 14:00;17.08.2018 15:00;55,24
17.08.2018 15:00;17.08.2018 16:00;54,32
17.08.2018 16:00;17.08.2018 17:00;57,21
17.08.2018 17:00;17.08.2018 18:00;63,0
17.08.2018 18:00;17.08.2018 19:00;64,46
17.08.2018 19:00;17.08.2018 20:00;64,6
17.08.2018 20:00;17.08.2018 21:00;64,57
17.08.2018 21:00;17.08.2018 22:00;64,48
17.08.2018 22:00;17.08.2018 23:00;63,9
17.08.2018 23:00;18.08.2018 00:00;54,58
18.08.2018 00:00;18.08.2018 01:00;57,28
18.08.2018 01:00;18.08.2018 02:00;55,41
18.08.2018 02:00;18.08.2018 03:00;49,31
18.08.2018 03:00;18.08.2018 04:00;47,55
18.08.2018 04:00;18.08.2018 05:00;47,3
18.08.2018 05:00;18.08.2018 06:00;47,05
18.08.2018 06:00;18.08.2018 07:00;47,89
18.08.2018 07:00;18.08.2018 08:00;49,5
18.08.2018 08:00;18.08.2018 09:00;53,89
18.08.2018 09:00;18.08.2018 10:00;56,41
18.08.2018 10:00;18.08.2018 11:00;53,6
18.08.2018 11:00;18.08.2018 12:00;53,51
18.08.2018 12:00;18.08.2018 13:00;47,42
18.08.2018 13:00;18.08.2018 14:00;46,06
18.08.2018 14:00;18.08.2018 15:00;45,57
18.08.2018 15:00;18.08.2018 16:00;46,03
18.08.2018 16:00;18.08.2018 17:00;48,0
18.08.2018 17:00;18.08.2018 18:00;55,13
18.08.2018 18:00;18.08.2018 19:00;62,14
18.08.2018 19:00;18.08.2018 20:00;64,45
18.08.2018 20:00;18.08.2018 21:00;64,9
18.08.2018 21:00;18.08.2018 22:00;65,04
18.08.2018 22:00;18.08.2018 23:00;64,98
18.08.2018 23:00;19.08.2018 00:00;62,14
19.08.2018 00:00;19.08.2018 01:00;55,56
19.08.2018 01:00;19.08.2018 02:00;48,8
19.08.2018 02:00;19.08.2018 03:00;46,08
19.08.2018 03:00;19.08.2018 04:00;46,0
19.08.2018 04:00;19.08.2018 05:00;46,05
19.08.2018 05:00;19.08.2018 06:00;46,1
19.08.2018 06:00;19.08.2018 07:00;45,3
19.08.2018 07:00;19.08.2018 08:00;45,0
19.08.2018 08:00;19.08.2018 09:00;46,06
19.08.2018 09:00;19.08.2018 10:00;47,02
19.08.2018 10:00;19.08.2018 11:00;46,02
19.08.2018 11:00;19.08.2018 12:00;45,22
19.08.2018 12:00;19.08.2018 13:00;43,63
19.08.2018 13:00;19.08.2018 14:00;42,77
19.08.2018 14:00;19.08.2018 15:00;40,04
19.08.2018 15:00;19.08.2018 16:00;41,55
19.08.2018 16:00;19.08.2018 17:00;44,02
19.08.2018 17:00;19.08.2018 18:00;47,09
19.08.2018 18:00;19.08.2018 19:00;56,31
19.08.2018 19:00;19.08.2018 20:00;62,26
19.08.2018 20:00;19.08.2018 21:00;63,41
19.08.2018 21:00;19.08.2018 22:00;64,23
19.08.2018 22:00;19.08.2018 23:00;63,63
19.08.2018 23:00;20.08.2018 00:00;62,26
20.08.2018 00:00;20.08.2018 01:00;46,1
20.08.2018 01:00;20.08.2018 02:00;46,55
20.08.2018 02:00;20.08.2018 03:00;44,15
20.08.2018 03:00;20.08.2018 04:00;43,8
20.08.2018 04:00;20.08.2018 05:00;43,6
20.08.2018 05:00;20.08.2018 06:00;47,09
20.08.2018 06:00;20.08.2018 07:00;55,57
20.08.2018 07:00;20.08.2018 08:00;63,43
20.08.2018 08:00;20.08.2018 09:00;64,46
20.08.2018 09:00;20.08.2018 10:00;64,43
20.08.2018 10:00;20.08.2018 11:00;61,42
20.08.2018 11:00;20.08.2018 12:00;60,32
20.08.2018 12:00;20.08.2018 13:00;59,91
20.08.2018 13:00;20.08.2018 14:00;56,34
20.08.2018 14:00;20.08.2018 15:00;52,86
20.08.2018 15:00;20.08.2018 16:00;54,09
20.08.2018 16:00;20.08.2018 17:00;54,43
20.08.2018 17:00;20.08.2018 18:00;62,38
20.08.2018 18:00;20.08.2018 19:00;66,78
20.08.2018 19:00;20.08.2018 20:00;67,03
20.08.2018 20:00;20.08.2018 21:00;67,01
20.08.2018 21:00;20.08.2018 22:00;66,15
20.08.2018 22:00;20.08.2018 23:00;63,48
20.08.2018 23:00;21.08.2018 00:00;61,97
21.08.2018 00:00;21.08.2018 01:00;58,09
21.08.2018 01:00;21.08.2018 02:00;52,41
21.08.2018 02:00;21.08.2018 03:00;51,79
21.08.2018 03:00;21.08.2018 04:00;50,27
21.08.2018 04:00;21.08.2018 05:00;51,16
21.08.2018 05:00;21.08.2018 06:00;54,69
21.08.2018 06:00;21.08.2018 07:00;65,0
21.08.2018 07:00;21.08.2018 08:00;72,61
21.08.2018 08:00;21.08.2018 09:00;75,1
21.08.2018 09:00;21.08.2018 10:00;75,1
21.08.2018 10:00;21.08.2018 11:00;71,96
21.08.2018 11:00;21.08.2018 12:00;71,01
21.08.2018 12:00;21.08.2018 13:00;68,91
21.08.2018 13:00;21.08.2018 14:00;67,7
21.08.2018 14:00;21.08.2018 15:00;67,92
21.08.2018 15:00;21.08.2018 16:00;67,65
21.08.2018 16:00;21.08.2018 17:00;69,0
21.08.2018 17:00;21.08.2018 18:00;73,53
21.08.2018 18:00;21.08.2018 19:00;74,9
21.08.2018 19:00;21.08.2018 20:00;76,52
21.08.2018 20:00;21.08.2018 21:00;75,54
21.08.2018 21:00;21.08.2018 22:00;73,07
21.08.2018 22:00;21.08.2018 23:00;68,93
21.08.2018 23:00;22.08.2018 00:00;61,85
22.08.2018 00:00;22.08.2018 01:00;52,42
22.08.2018 01:00;22.08.2018 02:00;54,0
22.08.2018 02:00;22.08.2018 03:00;51,14
22.08.2018 03:00;22.08.2018 04:00;49,67
22.08.2018 04:00;22.08.2018 05:00;50,53
22.08.2018 05:00;22.08.2018 06:00;55,08
22.08.2018 06:00;22.08.2018 07:00;66,06
22.08.2018 07:00;22.08.2018 08:00;70,0
22.08.2018 08:00;22.08.2018 09:00;72,2
22.08.2018 09:00;22.08.2018 10:00;72,14
22.08.2018 10:00;22.08.2018 11:00;68,99
22.08.2018 11:00;22.08.2018 12:00;67,89
22.08.2018 12:00;22.08.2018 13:00;60,93
22.08.2018 13:00;22.08.2018 14:00;57,39
22.08.2018 14:00;22.08.2018 15:00;57,1
22.08.2018 15:00;22.08.2018 16:00;62,28
22.08.2018 16:00;22.08.2018 17:00;68,48
22.08.2018 17:00;22.08.2018 18:00;74,95
22.08.2018 18:00;22.08.2018 19:00;77,15
22.08.2018 19:00;22.08.2018 20:00;83,93
22.08.2018 20:00;22.08.2018 21:00;80,52
22.08.2018 21:00;22.08.2018 22:00;75,8
22.08.2018 22:00;22.08.2018 23:00;73,62
22.08.2018 23:00;23.08.2018 00:00;67,27
23.08.2018 00:00;23.08.2018 01:00;56,97
23.08.2018 01:00;23.08.2018 02:00;58,01
23.08.2018 02:00;23.08.2018 03:00;53,44
23.08.2018 03:00;23.08.2018 04:00;52,23
23.08.2018 04:00;23.08.2018 05:00;52,75
23.08.2018 05:00;23.08.2018 06:00;55,51
23.08.2018 06:00;23.08.2018 07:00;66,67
23.08.2018 07:00;23.08.2018 08:00;69,91
23.08.2018 08:00;23.08.2018 09:00;73,77
23.08.2018 09:00;23.08.2018 10:00;71,92
23.08.2018 10:00;23.08.2018 11:00;69,92
23.08.2018 11:00;23.08.2018 12:00;64,98
23.08.2018 12:00;23.08.2018 13:00;58,61
23.08.2018 13:00;23.08.2018 14:00;53,4
23.08.2018 14:00;23.08.2018 15:00;54,01
23.08.2018 15:00;23.08.2018 16:00;60,93
23.08.2018 16:00;23.08.2018 17:00;66,68
23.08.2018 17:00;23.08.2018 18:00;69,91
23.08.2018 18:00;23.08.2018 19:00;72,86
23.08.2018 19:00;23.08.2018 20:00;73,97
23.08.2018 20:00;23.08.2018 21:00;74,19
23.08.2018 21:00;23.08.2018 22:00;72,82
23.08.2018 22:00;23.08.2018 23:00;69,73
23.08.2018 23:00;24.08.2018 00:00;59,63
24.08.2018 00:00;24.08.2018 01:00;50,42
24.08.2018 01:00;24.08.2018 02:00;51,45
24.08.2018 02:00;24.08.2018 03:00;51,37
24.08.2018 03:00;24.08.2018 04:00;49,95
24.08.2018 04:00;24.08.2018 05:00;49,62
24.08.2018 05:00;24.08.2018 06:00;51,1
24.08.2018 06:00;24.08.2018 07:00;61,11
24.08.2018 07:00;24.08.2018 08:00;66,9
24.08.2018 08:00;24.08.2018 09:00;68,76
24.08.2018 09:00;24.08.2018 10:00;68,84
24.08.2018 10:00;24.08.2018 11:00;68,32
24.08.2018 11:00;24.08.2018 12:00;59,0
24.08.2018 12:00;24.08.2018 13:00;51,43
24.08.2018 13:00;24.08.2018 14:00;49,29
24.08.2018 14:00;24.08.2018 15:00;48,84
24.08.2018 15:00;24.08.2018 16:00;48,07
24.08.2018 16:00;24.08.2018 17:00;48,05
24.08.2018 17:00;24.08.2018 18:00;50,98
24.08.2018 18:00;24.08.2018 19:00;62,32
24.08.2018 19:00;24.08.2018 20:00;68,47
24.08.2018 20:00;24.08.2018 21:00;68,0
24.08.2018 21:00;24.08.2018 22:00;67,14
24.08.2018 22:00;24.08.2018 23:00;64,27
24.08.2018 23:00;25.08.2018 00:00;58,73
25.08.2018 00:00;25.08.2018 01:00;57,44
25.08.2018 01:00;25.08.2018 02:00;55,97
25.08.2018 02:00;25.08.2018 03:00;53,57
25.08.2018 03:00;25.08.2018 04:00;51,26
25.08.2018 04:00;25.08.2018 05:00;50,86
25.08.2018 05:00;25.08.2018 06:00;51,03
25.08.2018 06:00;25.08.2018 07:00;51,16
25.08.2018 07:00;25.08.2018 08:00;53,57
25.08.2018 08:00;25.08.2018 09:00;58,05
25.08.2018 09:00;25.08.2018 10:00;61,26
25.08.2018 10:00;25.08.2018 11:00;55,49
25.08.2018 11:00;25.08.2018 12:00;50,52
25.08.2018 12:00;25.08.2018 13:00;48,72
25.08.2018 13:00;25.08.2018 14:00;41,37
25.08.2018 14:00;25.08.2018 15:00;40,29
25.08.2018 15:00;25.08.2018 16:00;40,81
25.08.2018 16:00;25.08.2018 17:00;46,27
25.08.2018 17:00;25.08.2018 18:00;50,04
25.08.2018 18:00;25.08.2018 19:00;60,62
25.08.2018 19:00;25.08.2018 20:00;66,01
25.08.2018 20:00;25.08.2018 21:00;67,34
25.08.2018 21:00;25.08.2018 22:00;65,0
25.08.2018 22:00;25.08.2018 23:00;60,98
25.08.2018 23:00;26.08.2018 00:00;49,88
26.08.2018 00:00;26.08.2018 01:00;48,49
26.08.2018 01:00;26.08.2018 02:00;46,0
26.08.2018 02:00;26.08.2018 03:00;42,09
26.08.2018 03:00;26.08.2018 04:00;46,12
26.08.2018 04:00;26.08.2018 05:00;44,93
26.08.2018 05:00;26.08.2018 06:00;45,92
26.08.2018 06:00;26.08.2018 07:00;46,51
26.08.2018 07:00;26.08.2018 08:00;47,68
26.08.2018 08:00;26.08.2018 09:00;49,05
26.08.2018 09:00;26.08.2018 10:00;47,35
26.08.2018 10:00;26.08.2018 11:00;40,48
26.08.2018 11:00;26.08.2018 12:00;37,8
26.08.2018 12:00;26.08.2018 13:00;40,43
26.08.2018 13:00;26.08.2018 14:00;31,53
26.08.2018 14:00;26.08.2018 15:00;32,09
26.08.2018 15:00;26.08.2018 16:00;43,01
26.08.2018 16:00;26.08.2018 17:00;46,0
26.08.2018 17:00;26.08.2018 18:00;49,07
26.08.2018 18:00;26.08.2018 19:00;59,97
26.08.2018 19:00;26.08.2018 20:00;68,1
26.08.2018 20:00;26.08.2018 21:00;70,0
26.08.2018 21:00;26.08.2018 22:00;68,01
26.08.2018 22:00;26.08.2018 23:00;63,26
26.08.2018 23:00;27.08.2018 00:00;50,15
27.08.2018 00:00;27.08.2018 01:00;29,08
27.08.2018 01:00;27.08.2018 02:00;27,12
27.08.2018 02:00;27.08.2018 03:00;27,59
27.08.2018 03:00;27.08.2018 04:00;21,42
27.08.2018 04:00;27.08.2018 05:00;19,98
27.08.2018 05:00;27.08.2018 06:00;24,53
27.08.2018 06:00;27.08.2018 07:00;43,23
27.08.2018 07:00;27.08.2018 08:00;51,82
27.08.2018 08:00;27.08.2018 09:00;52,83
27.08.2018 09:00;27.08.2018 10:00;51,09
27.08.2018 10:00;27.08.2018 11:00;50,52
27.08.2018 11:00;27.08.2018 12:00;50,09
27.08.2018 12:00;27.08.2018 13:00;49,02
27.08.2018 13:00;27.08.2018 14:00;46,7
27.08.2018 14:00;27.08.2018 15:00;46,97
27.08.2018 15:00;27.08.2018 16:00;48,1
27.08.2018 16:00;27.08.2018 17:00;49,05
27.08.2018 17:00;27.08.2018 18:00;53,46
27.08.2018 18:00;27.08.2018 19:00;57,58
27.08.2018 19:00;27.08.2018 20:00;63,71
27.08.2018 20:00;27.08.2018 21:00;65,23
27.08.2018 21:00;27.08.2018 22:00;60,89
27.08.2018 22:00;27.08.2018 23:00;54,64
27.08.2018 23:00;28.08.2018 00:00;49,0
28.08.2018 00:00;28.08.2018 01:00;54,05
28.08.2018 01:00;28.08.2018 02:00;53,31
28.08.2018 02:00;28.08.2018 03:00;55,04
28.08.2018 03:00;28.08.2018 04:00;54,2
28.08.2018 04:00;28.08.2018 05:00;53,97
28.08.2018 05:00;28.08.2018 06:00;54,87
28.08.2018 06:00;28.08.2018 07:00;64,69
28.08.2018 07:00;28.08.2018 08:00;70,0
28.08.2018 08:00;28.08.2018 09:00;72,18
28.08.2018 09:00;28.08.2018 10:00;72,24
28.08.2018 10:00;28.08.2018 11:00;70,53
28.08.2018 11:00;28.08.2018 12:00;69,95
28.08.2018 12:00;28.08.2018 13:00;63,21
28.08.2018 13:00;28.08.2018 14:00;67,0
28.08.2018 14:00;28.08.2018 15:00;62,93
28.08.2018 15:00;28.08.2018 16:00;67,14
28.08.2018 16:00;28.08.2018 17:00;68,74
28.08.2018 17:00;28.08.2018 18:00;71,95
28.08.2018 18:00;28.08.2018 19:00;74,97
28.08.2018 19:00;28.08.2018 20:00;79,52
28.08.2018 20:00;28.08.2018 21:00;82,51
28.08.2018 21:00;28.08.2018 22:00;73,82
28.08.2018 22:00;28.08.2018 23:00;69,92
28.08.2018 23:00;29.08.2018 00:00;58,82
29.08.2018 00:00;29.08.2018 01:00;56,16
29.08.2018 01:00;29.08.2018 02:00;54,87
29.08.2018 02:00;29.08.2018 03:00;53,54
29.08.2018 03:00;29.08.2018 04:00;51,15
29.08.2018 04:00;29.08.2018 05:00;51,25
29.08.2018 05:00;29.08.2018 06:00;54,1
29.08.2018 06:00;29.08.2018 07:00;66,68
29.08.2018 07:00;29.08.2018 08:00;71,95
29.08.2018 08:00;29.08.2018 09:00;73,66
29.08.2018 09:00;29.08.2018 10:00;72,13
29.08.2018 10:00;29.08.2018 11:00;68,17
29.08.2018 11:00;29.08.2018 12:00;62,56
29.08.2018 12:00;29.08.2018 13:00;53,2
29.08.2018 13:00;29.08.2018 14:00;52,01
29.08.2018 14:00;29.08.2018 15:00;54,95
29.08.2018 15:00;29.08.2018 16:00;68,29
29.08.2018 16:00;29.08.2018 17:00;70,07
29.08.2018 17:00;29.08.2018 18:00;73,28
29.08.2018 18:00;29.08.2018 19:00;75,02
29.08.2018 19:00;29.08.2018 20:00;74,9
29.08.2018 20:00;29.08.2018 21:00;74,1
29.08.2018 21:00;29.08.2018 22:00;70,74
29.08.2018 22:00;29.08.2018 23:00;55,04
29.08.2018 23:00;30.08.2018 00:00;51,14
30.08.2018 00:00;30.08.2018 01:00;51,14
30.08.2018 01:00;30.08.2018 02:00;49,09
30.08.2018 02:00;30.08.2018 03:00;48,48
30.08.2018 03:00;30.08.2018 04:00;48,03
30.08.2018 04:00;30.08.2018 05:00;48,4
30.08.2018 05:00;30.08.2018 06:00;51,09
30.08.2018 06:00;30.08.2018 07:00;57,0
30.08.2018 07:00;30.08.2018 08:00;66,14
30.08.2018 08:00;30.08.2018 09:00;69,4
30.08.2018 09:00;30.08.2018 10:00;68,31
30.08.2018 10:00;30.08.2018 11:00;64,6
30.08.2018 11:00;30.08.2018 12:00;56,99
30.08.2018 12:00;30.08.2018 13:00;52,03
30.08.2018 13:00;30.08.2018 14:00;51,64
30.08.2018 14:00;30.08.2018 15:00;51,13
30.08.2018 15:00;30.08.2018 16:00;51,05
30.08.2018 16:00;30.08.2018 17:00;51,03
30.08.2018 17:00;30.08.2018 18:00;56,72
30.08.2018 18:00;30.08.2018 19:00;67,1
30.08.2018 19:00;30.08.2018 20:00;70,92
30.08.2018 20:00;30.08.2018 21:00;71,91
30.08.2018 21:00;30.08.2018 22:00;65,27
30.08.2018 22:00;30.08.2018 23:00;57,54
30.08.2018 23:00;31.08.2018 00:00;52,63
31.08.2018 00:00;31.08.2018 01:00;52,57
31.08.2018 01:00;31.08.2018 02:00;52,8
31.08.2018 02:00;31.08.2018 03:00;52,66
31.08.2018 03:00;31.08.2018 04:00;53,04
31.08.2018 04:00;31.08.2018 05:00;52,09
31.08.2018 05:00;31.08.2018 06:00;53,58
31.08.2018 06:00;31.08.2018 07:00;63,98
31.08.2018 07:00;31.08.2018 08:00;70,8
31.08.2018 08:00;31.08.2018 09:00;73,32
31.08.2018 09:00;31.08.2018 10:00;71,98
31.08.2018 10:00;31.08.2018 11:00;71,19
31.08.2018 11:00;31.08.2018 12:00;71,06
31.08.2018 12:00;31.08.2018 13:00;69,09
31.08.2018 13:00;31.08.2018 14:00;67,25
31.08.2018 14:00;31.08.2018 15:00;66,77
31.08.2018 15:00;31.08.2018 16:00;65,6
31.08.2018 16:00;31.08.2018 17:00;66,7
31.08.2018 17:00;31.08.2018 18:00;70,07
31.08.2018 18:00;31.08.2018 19:00;70,2
31.08.2018 19:00;31.08.2018 20:00;71,36
31.08.2018 20:00;31.08.2018 21:00;71,97
31.08.2018 21:00;31.08.2018 22:00;70,38
31.08.2018 22:00;31.08.2018 23:00;62,21
31.08.2018 23:00;01.09.2018 00:00;56,88
01.09.2018 00:00;01.09.2018 01:00;57,58
01.09.2018 01:00;01.09.2018 02:00;55,99
01.09.2018 02:00;01.09.2018 03:00;55,56
01.09.2018 03:00;01.09.2018 04:00;54,02
01.09.2018 04:00;01.09.2018 05:00;52,69
01.09.2018 05:00;01.09.2018 06:00;52,78
01.09.2018 06:00;01.09.2018 07:00;54,94
01.09.2018 07:00;01.09.2018 08:00;57,95
01.09.2018 08:00;01.09.2018 09:00;60,91
01.09.2018 09:00;01.09.2018 10:00;66,5
01.09.2018 10:00;01.09.2018 11:00;64,68
01.09.2018 11:00;01.09.2018 12:00;64,86
01.09.2018 12:00;01.09.2018 13:00;62,71
01.09.2018 13:00;01.09.2018 14:00;57,72
01.09.2018 14:00;01.09.2018 15:00;56,42
01.09.2018 15:00;01.09.2018 16:00;55,57
01.09.2018 16:00;01.09.2018 17:00;56,05
01.09.2018 17:00;01.09.2018 18:00;61,52
01.09.2018 18:00;01.09.2018 19:00;68,49
01.09.2018 19:00;01.09.2018 20:00;70,0
01.09.2018 20:00;01.09.2018 21:00;71,14
01.09.2018 21:00;01.09.2018 22:00;68,58
01.09.2018 22:00;01.09.2018 23:00;56,58
01.09.2018 23:00;02.09.2018 00:00;51,07
02.09.2018 00:00;02.09.2018 01:00;50,2
02.09.2018 01:00;02.09.2018 02:00;48,28
02.09.2018 02:00;02.09.2018 03:00;48,16
02.09.2018 03:00;02.09.2018 04:00;46,98
02.09.2018 04:00;02.09.2018 05:00;46,37
02.09.2018 05:00;02.09.2018 06:00;46,91
02.09.2018 06:00;02.09.2018 07:00;46,9
02.09.2018 07:00;02.09.2018 08:00;47,01
02.09.2018 08:00;02.09.2018 09:00;49,66
02.09.2018 09:00;02.09.2018 10:00;54,67
02.09.2018 10:00;02.09.2018 11:00;54,45
02.09.2018 11:00;02.09.2018 12:00;55,65
02.09.2018 12:00;02.09.2018 13:00;53,82
02.09.2018 13:00;02.09.2018 14:00;53,52
02.09.2018 14:00;02.09.2018 15:00;50,5
02.09.2018 15:00;02.09.2018 16:00;50,0
02.09.2018 16:00;02.09.2018 17:00;46,96
02.09.2018 17:00;02.09.2018 18:00;53,28
02.09.2018 18:00;02.09.2018 19:00;62,1
02.09.2018 19:00;02.09.2018 20:00;67,72
02.09.2018 20:00;02.09.2018 21:00;69,39
02.09.2018 21:00;02.09.2018 22:00;62,36
02.09.2018 22:00;02.09.2018 23:00;54,74
02.09.2018 23:00;03.09.2018 00:00;51,01
03.09.2018 00:00;03.09.2018 01:00;49,49
03.09.2018 01:00;03.09.2018 02:00;48,97
03.09.2018 02:00;03.09.2018 03:00;47,42
03.09.2018 03:00;03.09.2018 04:00;47,5
03.09.2018 04:00;03.09.2018 05:00;47,07
03.09.2018 05:00;03.09.2018 06:00;50,4
03.09.2018 06:00;03.09.2018 07:00;67,04
03.09.2018 07:00;03.09.2018 08:00;72,0
03.09.2018 08:00;03.09.2018 09:00;73,55
03.09.2018 09:00;03.09.2018 10:00;73,91
03.09.2018 10:00;03.09.2018 11:00;73,51
03.09.2018 11:00;03.09.2018 12:00;73,6
03.09.2018 12:00;03.09.2018 13:00;71,12
03.09.2018 13:00;03.09.2018 14:00;68,63
03.09.2018 14:00;03.09.2018 15:00;67,05
03.09.2018 15:00;03.09.2018 16:00;64,97
03.09.2018 16:00;03.09.2018 17:00;66,96
03.09.2018 17:00;03.09.2018 18:00;70,81
03.09.2018 18:00;03.09.2018 19:00;72,3
03.09.2018 19:00;03.09.2018 20:00;72,99
03.09.2018 20:00;03.09.2018 21:00;72,91
03.09.2018 21:00;03.09.2018 22:00;67,04
03.09.2018 22:00;03.09.2018 23:00;53,61
03.09.2018 23:00;04.09.2018 00:00;52,26
04.09.2018 00:00;04.09.2018 01:00;54,77
04.09.2018 01:00;04.09.2018 02:00;54,09
04.09.2018 02:00;04.09.2018 03:00;52,18
04.09.2018 03:00;04.09.2018 04:00;51,24
04.09.2018 04:00;04.09.2018 05:00;51,69
04.09.2018 05:00;04.09.2018 06:00;54,6
04.09.2018 06:00;04.09.2018 07:00;67,09
04.09.2018 07:00;04.09.2018 08:00;73,02
04.09.2018 08:00;04.09.2018 09:00;74,68
04.09.2018 09:00;04.09.2018 10:00;74,91
04.09.2018 10:00;04.09.2018 11:00;73,92
04.09.2018 11:00;04.09.2018 12:00;73,46
04.09.2018 12:00;04.09.2018 13:00;71,06
04.09.2018 13:00;04.09.2018 14:00;69,02
04.09.2018 14:00;04.09.2018 15:00;68,81
04.09.2018 15:00;04.09.2018 16:00;68,55
04.09.2018 16:00;04.09.2018 17:00;70,01
04.09.2018 17:00;04.09.2018 18:00;72,94
04.09.2018 18:00;04.09.2018 19:00;73,99
04.09.2018 19:00;04.09.2018 20:00;75,0
04.09.2018 20:00;04.09.2018 21:00;75,0
04.09.2018 21:00;04.09.2018 22:00;73,06
04.09.2018 22:00;04.09.2018 23:00;66,93
04.09.2018 23:00;05.09.2018 00:00;57,99
05.09.2018 00:00;05.09.2018 01:00;55,72
05.09.2018 01:00;05.09.2018 02:00;54,47
05.09.2018 02:00;05.09.2018 03:00;53,56
05.09.2018 03:00;05.09.2018 04:00;52,66
05.09.2018 04:00;05.09.2018 05:00;53,18
05.09.2018 05:00;05.09.2018 06:00;55,32
05.09.2018 06:00;05.09.2018 07:00;71,54
05.09.2018 07:00;05.09.2018 08:00;75,65
05.09.2018 08:00;05.09.2018 09:00;76,76
05.09.2018 09:00;05.09.2018 10:00;75,35
05.09.2018 10:00;05.09.2018 11:00;71,96
05.09.2018 11:00;05.09.2018 12:00;70,97
05.09.2018 12:00;05.09.2018 13:00;64,97
05.09.2018 13:00;05.09.2018 14:00;57,56
05.09.2018 14:00;05.09.2018 15:00;60,37
05.09.2018 15:00;05.09.2018 16:00;67,0
05.09.2018 16:00;05.09.2018 17:00;69,95
05.09.2018 17:00;05.09.2018 18:00;75,36
05.09.2018 18:00;05.09.2018 19:00;76,76
05.09.2018 19:00;05.09.2018 20:00;79,62
05.09.2018 20:00;05.09.2018 21:00;79,33
05.09.2018 21:00;05.09.2018 22:00;73,66
05.09.2018 22:00;05.09.2018 23:00;68,82
05.09.2018 23:00;06.09.2018 00:00;58,84
06.09.2018 00:00;06.09.2018 01:00;55,11
06.09.2018 01:00;06.09.2018 02:00;53,63
06.09.2018 02:00;06.09.2018 03:00;52,38
06.09.2018 03:00;06.09.2018 04:00;52,31
06.09.2018 04:00;06.09.2018 05:00;52,38
06.09.2018 05:00;06.09.2018 06:00;54,64
06.09.2018 06:00;06.09.2018 07:00;68,98
06.09.2018 07:00;06.09.2018 08:00;73,78
06.09.2018 08:00;06.09.2018 09:00;74,95
06.09.2018 09:00;06.09.2018 10:00;73,78
06.09.2018 10:00;06.09.2018 11:00;70,07
06.09.2018 11:00;06.09.2018 12:00;68,91
06.09.2018 12:00;06.09.2018 13:00;66,88
06.09.2018 13:00;06.09.2018 14:00;64,76
06.09.2018 14:00;06.09.2018 15:00;68,4
06.09.2018 15:00;06.09.2018 16:00;69,51
06.09.2018 16:00;06.09.2018 17:00;71,09
06.09.2018 17:00;06.09.2018 18:00;73,73
06.09.2018 18:00;06.09.2018 19:00;73,89
06.09.2018 19:00;06.09.2018 20:00;74,03
06.09.2018 20:00;06.09.2018 21:00;74,3
06.09.2018 21:00;06.09.2018 22:00;66,94
06.09.2018 22:00;06.09.2018 23:00;58,93
06.09.2018 23:00;07.09.2018 00:00;54,65
07.09.2018 00:00;07.09.2018 01:00;56,38
07.09.2018 01:00;07.09.2018 02:00;54,74
07.09.2018 02:00;07.09.2018 03:00;53,55
07.09.2018 03:00;07.09.2018 04:00;53,37
07.09.2018 04:00;07.09.2018 05:00;53,66
07.09.2018 05:00;07.09.2018 06:00;55,88
07.09.2018 06:00;07.09.2018 07:00;66,98
07.09.2018 07:00;07.09.2018 08:00;74,14
07.09.2018 08:00;07.09.2018 09:00;79,99
07.09.2018 09:00;07.09.2018 10:00;74,2
07.09.2018 10:00;07.09.2018 11:00;72,68
07.09.2018 11:00;07.09.2018 12:00;71,3
07.09.2018 12:00;07.09.2018 13:00;65,63
07.09.2018 13:00;07.09.2018 14:00;58,92
07.09.2018 14:00;07.09.2018 15:00;55,59
07.09.2018 15:00;07.09.2018 16:00;55,15
07.09.2018 16:00;07.09.2018 17:00;54,68
07.09.2018 17:00;07.09.2018 18:00;60,52
07.09.2018 18:00;07.09.2018 19:00;67,22
07.09.2018 19:00;07.09.2018 20:00;71,14
07.09.2018 20:00;07.09.2018 21:00;72,01
07.09.2018 21:00;07.09.2018 22:00;59,56
07.09.2018 22:00;07.09.2018 23:00;57,8
07.09.2018 23:00;08.09.2018 00:00;53,34
08.09.2018 00:00;08.09.2018 01:00;52,67
08.09.2018 01:00;08.09.2018 02:00;50,04
08.09.2018 02:00;08.09.2018 03:00;48,57
08.09.2018 03:00;08.09.2018 04:00;46,88
08.09.2018 04:00;08.09.2018 05:00;46,89
08.09.2018 05:00;08.09.2018 06:00;47,01
08.09.2018 06:00;08.09.2018 07:00;50,45
08.09.2018 07:00;08.09.2018 08:00;53,47
08.09.2018 08:00;08.09.2018 09:00;55,83
08.09.2018 09:00;08.09.2018 10:00;51,9
08.09.2018 10:00;08.09.2018 11:00;43,1
08.09.2018 11:00;08.09.2018 12:00;32,4
08.09.2018 12:00;08.09.2018 13:00;32,18
08.09.2018 13:00;08.09.2018 14:00;27,02
08.09.2018 14:00;08.09.2018 15:00;26,56
08.09.2018 15:00;08.09.2018 16:00;39,35
08.09.2018 16:00;08.09.2018 17:00;46,27
08.09.2018 17:00;08.09.2018 18:00;55,68
08.09.2018 18:00;08.09.2018 19:00;69,6
08.09.2018 19:00;08.09.2018 20:00;72,3
08.09.2018 20:00;08.09.2018 21:00;72,1
08.09.2018 21:00;08.09.2018 22:00;68,68
08.09.2018 22:00;08.09.2018 23:00;59,94
08.09.2018 23:00;09.09.2018 00:00;53,65
09.09.2018 00:00;09.09.2018 01:00;54,88
09.09.2018 01:00;09.09.2018 02:00;49,04
09.09.2018 02:00;09.09.2018 03:00;41,93
09.09.2018 03:00;09.09.2018 04:00;36,92
09.09.2018 04:00;09.09.2018 05:00;33,59
09.09.2018 05:00;09.09.2018 06:00;34,02
09.09.2018 06:00;09.09.2018 07:00;41,42
09.09.2018 07:00;09.09.2018 08:00;45,06
09.09.2018 08:00;09.09.2018 09:00;47,48
09.09.2018 09:00;09.09.2018 10:00;48,07
09.09.2018 10:00;09.09.2018 11:00;43,29
09.09.2018 11:00;09.09.2018 12:00;43,6
09.09.2018 12:00;09.09.2018 13:00;43,4
09.09.2018 13:00;09.09.2018 14:00;37,89
09.09.2018 14:00;09.09.2018 15:00;31,2
09.09.2018 15:00;09.09.2018 16:00;42,0
09.09.2018 16:00;09.09.2018 17:00;46,01
09.09.2018 17:00;09.09.2018 18:00;55,75
09.09.2018 18:00;09.09.2018 19:00;68,14
09.09.2018 19:00;09.09.2018 20:00;71,9
09.09.2018 20:00;09.09.2018 21:00;74,11
09.09.2018 21:00;09.09.2018 22:00;69,68
09.09.2018 22:00;09.09.2018 23:00;67,38
09.09.2018 23:00;10.09.2018 00:00;53,11
10.09.2018 00:00;10.09.2018 01:00;53,47
10.09.2018 01:00;10.09.2018 02:00;50,9
10.09.2018 02:00;10.09.2018 03:00;49,52
10.09.2018 03:00;10.09.2018 04:00;48,06
10.09.2018 04:00;10.09.2018 05:00;47,51
10.09.2018 05:00;10.09.2018 06:00;51,85
10.09.2018 06:00;10.09.2018 07:00;70,24
10.09.2018 07:00;10.09.2018 08:00;74,3
10.09.2018 08:00;10.09.2018 09:00;75,19
10.09.2018 09:00;10.09.2018 10:00;71,95
10.09.2018 10:00;10.09.2018 11:00;70,3
10.09.2018 11:00;10.09.2018 12:00;67,34
10.09.2018 12:00;10.09.2018 13:00;57,43
10.09.2018 13:00;10.09.2018 14:00;56,82
10.09.2018 14:00;10.09.2018 15:00;58,14
10.09.2018 15:00;10.09.2018 16:00;63,02
10.09.2018 16:00;10.09.2018 17:00;67,92
10.09.2018 17:00;10.09.2018 18:00;72,98
10.09.2018 18:00;10.09.2018 19:00;75,4
10.09.2018 19:00;10.09.2018 20:00;77,36
10.09.2018 20:00;10.09.2018 21:00;79,93
10.09.2018 21:00;10.09.2018 22:00;74,94
10.09.2018 22:00;10.09.2018 23:00;69,93
10.09.2018 23:00;11.09.2018 00:00;58,94
11.09.2018 00:00;11.09.2018 01:00;59,04
11.09.2018 01:00;11.09.2018 02:00;51,91
11.09.2018 02:00;11.09.2018 03:00;48,59
11.09.2018 03:00;11.09.2018 04:00;46,9
11.09.2018 04:00;11.09.2018 05:00;48,0
11.09.2018 05:00;11.09.2018 06:00;48,74
11.09.2018 06:00;11.09.2018 07:00;64,81
11.09.2018 07:00;11.09.2018 08:00;72,5
11.09.2018 08:00;11.09.2018 09:00;73,77
11.09.2018 09:00;11.09.2018 10:00;71,94
11.09.2018 10:00;11.09.2018 11:00;57,35
11.09.2018 11:00;11.09.2018 12:00;49,41
11.09.2018 12:00;11.09.2018 13:00;49,08
11.09.2018 13:00;11.09.2018 14:00;47,06
11.09.2018 14:00;11.09.2018 15:00;46,53
11.09.2018 15:00;11.09.2018 16:00;48,03
11.09.2018 16:00;11.09.2018 17:00;45,96
11.09.2018 17:00;11.09.2018 18:00;51,94
11.09.2018 18:00;11.09.2018 19:00;68,74
11.09.2018 19:00;11.09.2018 20:00;72,99
11.09.2018 20:00;11.09.2018 21:00;73,39
11.09.2018 21:00;11.09.2018 22:00;69,92
11.09.2018 22:00;11.09.2018 23:00;66,6
11.09.2018 23:00;12.09.2018 00:00;53,9
12.09.2018 00:00;12.09.2018 01:00;56,96
12.09.2018 01:00;12.09.2018 02:00;51,61
12.09.2018 02:00;12.09.2018 03:00;51,11
12.09.2018 03:00;12.09.2018 04:00;49,52
12.09.2018 04:00;12.09.2018 05:00;50,05
12.09.2018 05:00;12.09.2018 06:00;56,1
12.09.2018 06:00;12.09.2018 07:00;72,16
12.09.2018 07:00;12.09.2018 08:00;76,04
12.09.2018 08:00;12.09.2018 09:00;76,04
12.09.2018 09:00;12.09.2018 10:00;73,36
12.09.2018 10:00;12.09.2018 11:00;59,08
12.09.2018 11:00;12.09.2018 12:00;55,96
12.09.2018 12:00;12.09.2018 13:00;53,04
12.09.2018 13:00;12.09.2018 14:00;53,09
12.09.2018 14:00;12.09.2018 15:00;53,97
12.09.2018 15:00;12.09.2018 16:00;58,16
12.09.2018 16:00;12.09.2018 17:00;68,79
12.09.2018 17:00;12.09.2018 18:00;71,99
12.09.2018 18:00;12.09.2018 19:00;74,98
12.09.2018 19:00;12.09.2018 20:00;78,78
12.09.2018 20:00;12.09.2018 21:00;80,08
12.09.2018 21:00;12.09.2018 22:00;73,42
12.09.2018 22:00;12.09.2018 23:00;70,91
12.09.2018 23:00;13.09.2018 00:00;65,61
13.09.2018 00:00;13.09.2018 01:00;59,48
13.09.2018 01:00;13.09.2018 02:00;59,4
13.09.2018 02:00;13.09.2018 03:00;56,71
13.09.2018 03:00;13.09.2018 04:00;53,45
13.09.2018 04:00;13.09.2018 05:00;54,48
13.09.2018 05:00;13.09.2018 06:00;58,77
13.09.2018 06:00;13.09.2018 07:00;74,48
13.09.2018 07:00;13.09.2018 08:00;81,34
13.09.2018 08:00;13.09.2018 09:00;83,91
13.09.2018 09:00;13.09.2018 10:00;79,94
13.09.2018 10:00;13.09.2018 11:00;78,89
13.09.2018 11:00;13.09.2018 12:00;77,75
13.09.2018 12:00;13.09.2018 13:00;76,66
13.09.2018 13:00;13.09.2018 14:00;75,32
13.09.2018 14:00;13.09.2018 15:00;74,93
13.09.2018 15:00;13.09.2018 16:00;74,08
13.09.2018 16:00;13.09.2018 17:00;72,93
13.09.2018 17:00;13.09.2018 18:00;75,7
13.09.2018 18:00;13.09.2018 19:00;77,73
13.09.2018 19:00;13.09.2018 20:00;79,2
13.09.2018 20:00;13.09.2018 21:00;82,43
13.09.2018 21:00;13.09.2018 22:00;74,98
13.09.2018 22:00;13.09.2018 23:00;71,63
13.09.2018 23:00;14.09.2018 00:00;62,36
14.09.2018 00:00;14.09.2018 01:00;57,63
14.09.2018 01:00;14.09.2018 02:00;55,38
14.09.2018 02:00;14.09.2018 03:00;54,08
14.09.2018 03:00;14.09.2018 04:00;52,06
14.09.2018 04:00;14.09.2018 05:00;52,07
14.09.2018 05:00;14.09.2018 06:00;56,1
14.09.2018 06:00;14.09.2018 07:00;70,91
14.09.2018 07:00;14.09.2018 08:00;75,95
14.09.2018 08:00;14.09.2018 09:00;78,45
14.09.2018 09:00;14.09.2018 10:00;78,46
14.09.2018 10:00;14.09.2018 11:00;77,45
14.09.2018 11:00;14.09.2018 12:00;75,96
14.09.2018 12:00;14.09.2018 13:00;72,08
14.09.2018 13:00;14.09.2018 14:00;65,18
14.09.2018 14:00;14.09.2018 15:00;59,03
14.09.2018 15:00;14.09.2018 16:00;57,78
14.09.2018 16:00;14.09.2018 17:00;58,0
14.09.2018 17:00;14.09.2018 18:00;62,27
14.09.2018 18:00;14.09.2018 19:00;72,91
14.09.2018 19:00;14.09.2018 20:00;74,91
14.09.2018 20:00;14.09.2018 21:00;74,74
14.09.2018 21:00;14.09.2018 22:00;62,74
14.09.2018 22:00;14.09.2018 23:00;56,21
14.09.2018 23:00;15.09.2018 00:00;55,82
15.09.2018 00:00;15.09.2018 01:00;51,25
15.09.2018 01:00;15.09.2018 02:00;48,6
15.09.2018 02:00;15.09.2018 03:00;46,04
15.09.2018 03:00;15.09.2018 04:00;44,26
15.09.2018 04:00;15.09.2018 05:00;43,86
15.09.2018 05:00;15.09.2018 06:00;44,04
15.09.2018 06:00;15.09.2018 07:00;46,62
15.09.2018 07:00;15.09.2018 08:00;49,06
15.09.2018 08:00;15.09.2018 09:00;50,38
15.09.2018 09:00;15.09.2018 10:00;52,02
15.09.2018 10:00;15.09.2018 11:00;48,08
15.09.2018 11:00;15.09.2018 12:00;46,01
15.09.2018 12:00;15.09.2018 13:00;46,67
15.09.2018 13:00;15.09.2018 14:00;44,77
15.09.2018 14:00;15.09.2018 15:00;43,02
15.09.2018 15:00;15.09.2018 16:00;45,79
15.09.2018 16:00;15.09.2018 17:00;43,48
15.09.2018 17:00;15.09.2018 18:00;50,1
15.09.2018 18:00;15.09.2018 19:00;59,82
15.09.2018 19:00;15.09.2018 20:00;71,14
15.09.2018 20:00;15.09.2018 21:00;74,64
15.09.2018 21:00;15.09.2018 22:00;67,11
15.09.2018 22:00;15.09.2018 23:00;64,62
15.09.2018 23:00;16.09.2018 00:00;61,55
16.09.2018 00:00;16.09.2018 01:00;58,9
16.09.2018 01:00;16.09.2018 02:00;50,02
16.09.2018 02:00;16.09.2018 03:00;46,13
16.09.2018 03:00;16.09.2018 04:00;42,54
16.09.2018 04:00;16.09.2018 05:00;40,91
16.09.2018 05:00;16.09.2018 06:00;38,14
16.09.2018 06:00;16.09.2018 07:00;40,02
16.09.2018 07:00;16.09.2018 08:00;41,22
16.09.2018 08:00;16.09.2018 09:00;44,41
16.09.2018 09:00;16.09.2018 10:00;45,75
16.09.2018 10:00;16.09.2018 11:00;45,21
16.09.2018 11:00;16.09.2018 12:00;43,22
16.09.2018 12:00;16.09.2018 13:00;42,34
16.09.2018 13:00;16.09.2018 14:00;32,08
16.09.2018 14:00;16.09.2018 15:00;26,11
16.09.2018 15:00;16.09.2018 16:00;30,47
16.09.2018 16:00;16.09.2018 17:00;42,34
16.09.2018 17:00;16.09.2018 18:00;49,09
16.09.2018 18:00;16.09.2018 19:00;62,25
16.09.2018 19:00;16.09.2018 20:00;70,78
16.09.2018 20:00;16.09.2018 21:00;74,45
16.09.2018 21:00;16.09.2018 22:00;60,72
16.09.2018 22:00;16.09.2018 23:00;59,96
16.09.2018 23:00;17.09.2018 00:00;49,02
17.09.2018 00:00;17.09.2018 01:00;45,29
17.09.2018 01:00;17.09.2018 02:00;44,14
17.09.2018 02:00;17.09.2018 03:00;43,33
17.09.2018 03:00;17.09.2018 04:00;41,74
17.09.2018 04:00;17.09.2018 05:00;42,91
17.09.2018 05:00;17.09.2018 06:00;49,05
17.09.2018 06:00;17.09.2018 07:00;69,9
17.09.2018 07:00;17.09.2018 08:00;75,47
17.09.2018 08:00;17.09.2018 09:00;75,91
17.09.2018 09:00;17.09.2018 10:00;75,91
17.09.2018 10:00;17.09.2018 11:00;71,94
17.09.2018 11:00;17.09.2018 12:00;61,8
17.09.2018 12:00;17.09.2018 13:00;54,66
17.09.2018 13:00;17.09.2018 14:00;51,78
17.09.2018 14:00;17.09.2018 15:00;54,05
17.09.2018 15:00;17.09.2018 16:00;57,05
17.09.2018 16:00;17.09.2018 17:00;68,0
17.09.2018 17:00;17.09.2018 18:00;75,0
17.09.2018 18:00;17.09.2018 19:00;78,49
17.09.2018 19:00;17.09.2018 20:00;91,31
17.09.2018 20:00;17.09.2018 21:00;81,82
17.09.2018 21:00;17.09.2018 22:00;73,72
17.09.2018 22:00;17.09.2018 23:00;64,5
17.09.2018 23:00;18.09.2018 00:00;50,03
18.09.2018 00:00;18.09.2018 01:00;50,0
18.09.2018 01:00;18.09.2018 02:00;47,93
18.09.2018 02:00;18.09.2018 03:00;44,46
18.09.2018 03:00;18.09.2018 04:00;42,86
18.09.2018 04:00;18.09.2018 05:00;43,88
18.09.2018 05:00;18.09.2018 06:00;46,03
18.09.2018 06:00;18.09.2018 07:00;60,74
18.09.2018 07:00;18.09.2018 08:00;74,5
18.09.2018 08:00;18.09.2018 09:00;74,98
18.09.2018 09:00;18.09.2018 10:00;71,99
18.09.2018 10:00;18.09.2018 11:00;64,29
18.09.2018 11:00;18.09.2018 12:00;53,49
18.09.2018 12:00;18.09.2018 13:00;49,02
18.09.2018 13:00;18.09.2018 14:00;47,98
18.09.2018 14:00;18.09.2018 15:00;48,1
18.09.2018 15:00;18.09.2018 16:00;49,01
18.09.2018 16:00;18.09.2018 17:00;48,48
18.09.2018 17:00;18.09.2018 18:00;67,04
18.09.2018 18:00;18.09.2018 19:00;74,94
18.09.2018 19:00;18.09.2018 20:00;77,65
18.09.2018 20:00;18.09.2018 21:00;75,91
18.09.2018 21:00;18.09.2018 22:00;71,98
18.09.2018 22:00;18.09.2018 23:00;55,75
18.09.2018 23:00;19.09.2018 00:00;50,04
19.09.2018 00:00;19.09.2018 01:00;49,44
19.09.2018 01:00;19.09.2018 02:00;48,13
19.09.2018 02:00;19.09.2018 03:00;46,65
19.09.2018 03:00;19.09.2018 04:00;43,09
19.09.2018 04:00;19.09.2018 05:00;44,26
19.09.2018 05:00;19.09.2018 06:00;48,4
19.09.2018 06:00;19.09.2018 07:00;63,15
19.09.2018 07:00;19.09.2018 08:00;75,99
19.09.2018 08:00;19.09.2018 09:00;77,02
19.09.2018 09:00;19.09.2018 10:00;75,84
19.09.2018 10:00;19.09.2018 11:00;71,96
19.09.2018 11:00;19.09.2018 12:00;57,65
19.09.2018 12:00;19.09.2018 13:00;50,0
19.09.2018 13:00;19.09.2018 14:00;49,08
19.09.2018 14:00;19.09.2018 15:00;49,06
19.09.2018 15:00;19.09.2018 16:00;49,04
19.09.2018 16:00;19.09.2018 17:00;49,07
19.09.2018 17:00;19.09.2018 18:00;63,09
19.09.2018 18:00;19.09.2018 19:00;72,29
19.09.2018 19:00;19.09.2018 20:00;75,99
19.09.2018 20:00;19.09.2018 21:00;73,0
19.09.2018 21:00;19.09.2018 22:00;56,57
19.09.2018 22:00;19.09.2018 23:00;49,02
19.09.2018 23:00;20.09.2018 00:00;44,57
20.09.2018 00:00;20.09.2018 01:00;47,03
20.09.2018 01:00;20.09.2018 02:00;44,07
20.09.2018 02:00;20.09.2018 03:00;42,32
20.09.2018 03:00;20.09.2018 04:00;42,12
20.09.2018 04:00;20.09.2018 05:00;45,02
20.09.2018 05:00;20.09.2018 06:00;49,3
20.09.2018 06:00;20.09.2018 07:00;66,89
20.09.2018 07:00;20.09.2018 08:00;75,7
20.09.2018 08:00;20.09.2018 09:00;75,94
20.09.2018 09:00;20.09.2018 10:00;73,56
20.09.2018 10:00;20.09.2018 11:00;65,0
20.09.2018 11:00;20.09.2018 12:00;53,26
20.09.2018 12:00;20.09.2018 13:00;46,34
20.09.2018 13:00;20.09.2018 14:00;45,81
20.09.2018 14:00;20.09.2018 15:00;45,59
20.09.2018 15:00;20.09.2018 16:00;47,56
20.09.2018 16:00;20.09.2018 17:00;52,0
20.09.2018 17:00;20.09.2018 18:00;66,95
20.09.2018 18:00;20.09.2018 19:00;75,01
20.09.2018 19:00;20.09.2018 20:00;79,65
20.09.2018 20:00;20.09.2018 21:00;78,89
20.09.2018 21:00;20.09.2018 22:00;69,46
20.09.2018 22:00;20.09.2018 23:00;58,74
20.09.2018 23:00;21.09.2018 00:00;47,23
21.09.2018 00:00;21.09.2018 01:00;54,48
21.09.2018 01:00;21.09.2018 02:00;43,82
21.09.2018 02:00;21.09.2018 03:00;32,58
21.09.2018 03:00;21.09.2018 04:00;31,95
21.09.2018 04:00;21.09.2018 05:00;28,81
21.09.2018 05:00;21.09.2018 06:00;34,89
21.09.2018 06:00;21.09.2018 07:00;54,8
21.09.2018 07:00;21.09.2018 08:00;64,99
21.09.2018 08:00;21.09.2018 09:00;62,54
21.09.2018 09:00;21.09.2018 10:00;46,48
21.09.2018 10:00;21.09.2018 11:00;32,03
21.09.2018 11:00;21.09.2018 12:00;32,54
21.09.2018 12:00;21.09.2018 13:00;28,79
21.09.2018 13:00;21.09.2018 14:00;26,48
21.09.2018 14:00;21.09.2018 15:00;26,98
21.09.2018 15:00;21.09.2018 16:00;31,59
21.09.2018 16:00;21.09.2018 17:00;28,72
21.09.2018 17:00;21.09.2018 18:00;40,07
21.09.2018 18:00;21.09.2018 19:00;53,82
21.09.2018 19:00;21.09.2018 20:00;64,92
21.09.2018 20:00;21.09.2018 21:00;59,07
21.09.2018 21:00;21.09.2018 22:00;40,03
21.09.2018 22:00;21.09.2018 23:00;31,76
21.09.2018 23:00;22.09.2018 00:00;27,04
22.09.2018 00:00;22.09.2018 01:00;17,3
22.09.2018 01:00;22.09.2018 02:00;14,14
22.09.2018 02:00;22.09.2018 03:00;2,48
22.09.2018 03:00;22.09.2018 04:00;2,39
22.09.2018 04:00;22.09.2018 05:00;22,1
22.09.2018 05:00;22.09.2018 06:00;25,72
22.09.2018 06:00;22.09.2018 07:00;27,37
22.09.2018 07:00;22.09.2018 08:00;32,89
22.09.2018 08:00;22.09.2018 09:00;33,93
22.09.2018 09:00;22.09.2018 10:00;31,68
22.09.2018 10:00;22.09.2018 11:00;27,14
22.09.2018 11:00;22.09.2018 12:00;27,13
22.09.2018 12:00;22.09.2018 13:00;1,79
22.09.2018 13:00;22.09.2018 14:00;-6,74
22.09.2018 14:00;22.09.2018 15:00;-6,79
22.09.2018 15:00;22.09.2018 16:00;-0,02
22.09.2018 16:00;22.09.2018 17:00;23,89
22.09.2018 17:00;22.09.2018 18:00;32,31
22.09.2018 18:00;22.09.2018 19:00;54,97
22.09.2018 19:00;22.09.2018 20:00;63,99
22.09.2018 20:00;22.09.2018 21:00;61,11
22.09.2018 21:00;22.09.2018 22:00;47,08
22.09.2018 22:00;22.09.2018 23:00;40,05
22.09.2018 23:00;23.09.2018 00:00;33,91
23.09.2018 00:00;23.09.2018 01:00;28,85
23.09.2018 01:00;23.09.2018 02:00;35,05
23.09.2018 02:00;23.09.2018 03:00;37,67
23.09.2018 03:00;23.09.2018 04:00;37,47
23.09.2018 04:00;23.09.2018 05:00;37,44
23.09.2018 05:00;23.09.2018 06:00;36,08
23.09.2018 06:00;23.09.2018 07:00;36,09
23.09.2018 07:00;23.09.2018 08:00;43,14
23.09.2018 08:00;23.09.2018 09:00;55,1
23.09.2018 09:00;23.09.2018 10:00;58,15
23.09.2018 10:00;23.09.2018 11:00;61,99
23.09.2018 11:00;23.09.2018 12:00;64,0
23.09.2018 12:00;23.09.2018 13:00;61,98
23.09.2018 13:00;23.09.2018 14:00;56,06
23.09.2018 14:00;23.09.2018 15:00;47,64
23.09.2018 15:00;23.09.2018 16:00;40,23
23.09.2018 16:00;23.09.2018 17:00;37,24
23.09.2018 17:00;23.09.2018 18:00;40,54
23.09.2018 18:00;23.09.2018 19:00;54,13
23.09.2018 19:00;23.09.2018 20:00;50,3
23.09.2018 20:00;23.09.2018 21:00;48,61
23.09.2018 21:00;23.09.2018 22:00;35,13
23.09.2018 22:00;23.09.2018 23:00;31,55
23.09.2018 23:00;24.09.2018 00:00;25,17
24.09.2018 00:00;24.09.2018 01:00;26,15
24.09.2018 01:00;24.09.2018 02:00;18,58
24.09.2018 02:00;24.09.2018 03:00;3,97
24.09.2018 03:00;24.09.2018 04:00;4,4
24.09.2018 04:00;24.09.2018 05:00;19,69
24.09.2018 05:00;24.09.2018 06:00;29,99
24.09.2018 06:00;24.09.2018 07:00;46,03
24.09.2018 07:00;24.09.2018 08:00;57,98
24.09.2018 08:00;24.09.2018 09:00;50,86
24.09.2018 09:00;24.09.2018 10:00;40,85
24.09.2018 10:00;24.09.2018 11:00;35,42
24.09.2018 11:00;24.09.2018 12:00;30,14
24.09.2018 12:00;24.09.2018 13:00;29,97
24.09.2018 13:00;24.09.2018 14:00;28,75
24.09.2018 14:00;24.09.2018 15:00;27,57
24.09.2018 15:00;24.09.2018 16:00;32,74
24.09.2018 16:00;24.09.2018 17:00;29,97
24.09.2018 17:00;24.09.2018 18:00;49,32
24.09.2018 18:00;24.09.2018 19:00;62,98
24.09.2018 19:00;24.09.2018 20:00;76,94
24.09.2018 20:00;24.09.2018 21:00;67,98
24.09.2018 21:00;24.09.2018 22:00;60,89
24.09.2018 22:00;24.09.2018 23:00;55,86
24.09.2018 23:00;25.09.2018 00:00;46,09
25.09.2018 00:00;25.09.2018 01:00;41,16
25.09.2018 01:00;25.09.2018 02:00;43,45
25.09.2018 02:00;25.09.2018 03:00;44,28
25.09.2018 03:00;25.09.2018 04:00;44,96
25.09.2018 04:00;25.09.2018 05:00;44,49
25.09.2018 05:00;25.09.2018 06:00;54,09
25.09.2018 06:00;25.09.2018 07:00;67,53
25.09.2018 07:00;25.09.2018 08:00;76,93
25.09.2018 08:00;25.09.2018 09:00;75,01
25.09.2018 09:00;25.09.2018 10:00;68,61
25.09.2018 10:00;25.09.2018 11:00;65,35
25.09.2018 11:00;25.09.2018 12:00;66,99
25.09.2018 12:00;25.09.2018 13:00;60,88
25.09.2018 13:00;25.09.2018 14:00;55,86
25.09.2018 14:00;25.09.2018 15:00;56,9
25.09.2018 15:00;25.09.2018 16:00;60,03
25.09.2018 16:00;25.09.2018 17:00;64,31
25.09.2018 17:00;25.09.2018 18:00;71,45
25.09.2018 18:00;25.09.2018 19:00;77,2
25.09.2018 19:00;25.09.2018 20:00;89,01
25.09.2018 20:00;25.09.2018 21:00;79,73
25.09.2018 21:00;25.09.2018 22:00;74,39
25.09.2018 22:00;25.09.2018 23:00;63,53
25.09.2018 23:00;26.09.2018 00:00;50,01
26.09.2018 00:00;26.09.2018 01:00;44,05
26.09.2018 01:00;26.09.2018 02:00;42,14
26.09.2018 02:00;26.09.2018 03:00;34,04
26.09.2018 03:00;26.09.2018 04:00;29,84
26.09.2018 04:00;26.09.2018 05:00;32,1
26.09.2018 05:00;26.09.2018 06:00;43,01
26.09.2018 06:00;26.09.2018 07:00;57,08
26.09.2018 07:00;26.09.2018 08:00;64,3
26.09.2018 08:00;26.09.2018 09:00;62,98
26.09.2018 09:00;26.09.2018 10:00;52,92
26.09.2018 10:00;26.09.2018 11:00;46,11
26.09.2018 11:00;26.09.2018 12:00;38,05
26.09.2018 12:00;26.09.2018 13:00;32,94
26.09.2018 13:00;26.09.2018 14:00;31,98
26.09.2018 14:00;26.09.2018 15:00;30,82
26.09.2018 15:00;26.09.2018 16:00;34,78
26.09.2018 16:00;26.09.2018 17:00;37,75
26.09.2018 17:00;26.09.2018 18:00;52,09
26.09.2018 18:00;26.09.2018 19:00;64,9
26.09.2018 19:00;26.09.2018 20:00;69,0
26.09.2018 20:00;26.09.2018 21:00;59,18
26.09.2018 21:00;26.09.2018 22:00;48,08
26.09.2018 22:00;26.09.2018 23:00;43,08
26.09.2018 23:00;27.09.2018 00:00;37,84
27.09.2018 00:00;27.09.2018 01:00;32,99
27.09.2018 01:00;27.09.2018 02:00;32,47
27.09.2018 02:00;27.09.2018 03:00;38,04
27.09.2018 03:00;27.09.2018 04:00;38,05
27.09.2018 04:00;27.09.2018 05:00;38,03
27.09.2018 05:00;27.09.2018 06:00;47,09
27.09.2018 06:00;27.09.2018 07:00;66,4
27.09.2018 07:00;27.09.2018 08:00;73,97
27.09.2018 08:00;27.09.2018 09:00;71,82
27.09.2018 09:00;27.09.2018 10:00;64,96
27.09.2018 10:00;27.09.2018 11:00;59,93
27.09.2018 11:00;27.09.2018 12:00;54,57
27.09.2018 12:00;27.09.2018 13:00;47,05
27.09.2018 13:00;27.09.2018 14:00;44,37
27.09.2018 14:00;27.09.2018 15:00;46,3
27.09.2018 15:00;27.09.2018 16:00;46,19
27.09.2018 16:00;27.09.2018 17:00;53,91
27.09.2018 17:00;27.09.2018 18:00;62,85
27.09.2018 18:00;27.09.2018 19:00;73,04
27.09.2018 19:00;27.09.2018 20:00;78,26
27.09.2018 20:00;27.09.2018 21:00;71,96
27.09.2018 21:00;27.09.2018 22:00;59,97
27.09.2018 22:00;27.09.2018 23:00;47,58
27.09.2018 23:00;28.09.2018 00:00;43,54
28.09.2018 00:00;28.09.2018 01:00;42,92
28.09.2018 01:00;28.09.2018 02:00;43,18
28.09.2018 02:00;28.09.2018 03:00;42,98
28.09.2018 03:00;28.09.2018 04:00;42,96
28.09.2018 04:00;28.09.2018 05:00;44,52
28.09.2018 05:00;28.09.2018 06:00;44,01
28.09.2018 06:00;28.09.2018 07:00;63,13
28.09.2018 07:00;28.09.2018 08:00;72,37
28.09.2018 08:00;28.09.2018 09:00;76,97
28.09.2018 09:00;28.09.2018 10:00;68,96
28.09.2018 10:00;28.09.2018 11:00;58,18
28.09.2018 11:00;28.09.2018 12:00;51,96
28.09.2018 12:00;28.09.2018 13:00;48,02
28.09.2018 13:00;28.09.2018 14:00;43,28
28.09.2018 14:00;28.09.2018 15:00;43,01
28.09.2018 15:00;28.09.2018 16:00;43,07
28.09.2018 16:00;28.09.2018 17:00;39,44
28.09.2018 17:00;28.09.2018 18:00;48,37
28.09.2018 18:00;28.09.2018 19:00;59,92
28.09.2018 19:00;28.09.2018 20:00;65,62
28.09.2018 20:00;28.09.2018 21:00;60,46
28.09.2018 21:00;28.09.2018 22:00;52,92
28.09.2018 22:00;28.09.2018 23:00;45,68
28.09.2018 23:00;29.09.2018 00:00;45,3
29.09.2018 00:00;29.09.2018 01:00;43,97
29.09.2018 01:00;29.09.2018 02:00;43,5
29.09.2018 02:00;29.09.2018 03:00;43,52
29.09.2018 03:00;29.09.2018 04:00;43,51
29.09.2018 04:00;29.09.2018 05:00;43,54
29.09.2018 05:00;29.09.2018 06:00;46,39
29.09.2018 06:00;29.09.2018 07:00;54,4
29.09.2018 07:00;29.09.2018 08:00;55,38
29.09.2018 08:00;29.09.2018 09:00;59,9
29.09.2018 09:00;29.09.2018 10:00;54,94
29.09.2018 10:00;29.09.2018 11:00;43,56
29.09.2018 11:00;29.09.2018 12:00;40,29
29.09.2018 12:00;29.09.2018 13:00;36,1
29.09.2018 13:00;29.09.2018 14:00;32,84
29.09.2018 14:00;29.09.2018 15:00;27,26
29.09.2018 15:00;29.09.2018 16:00;33,36
29.09.2018 16:00;29.09.2018 17:00;36,57
29.09.2018 17:00;29.09.2018 18:00;52,64
29.09.2018 18:00;29.09.2018 19:00;60,04
29.09.2018 19:00;29.09.2018 20:00;68,91
29.09.2018 20:00;29.09.2018 21:00;59,91
29.09.2018 21:00;29.09.2018 22:00;54,58
29.09.2018 22:00;29.09.2018 23:00;47,72
29.09.2018 23:00;30.09.2018 00:00;32,93
30.09.2018 00:00;30.09.2018 01:00;36,19
30.09.2018 01:00;30.09.2018 02:00;24,98
30.09.2018 02:00;30.09.2018 03:00;27,98
30.09.2018 03:00;30.09.2018 04:00;28,78
30.09.2018 04:00;30.09.2018 05:00;27,95
30.09.2018 05:00;30.09.2018 06:00;27,18
30.09.2018 06:00;30.09.2018 07:00;34,18
30.09.2018 07:00;30.09.2018 08:00;40,02
30.09.2018 08:00;30.09.2018 09:00;36,53
30.09.2018 09:00;30.09.2018 10:00;37,63
30.09.2018 10:00;30.09.2018 11:00;32,06
30.09.2018 11:00;30.09.2018 12:00;31,14
30.09.2018 12:00;30.09.2018 13:00;30,91
30.09.2018 13:00;30.09.2018 14:00;29,32
30.09.2018 14:00;30.09.2018 15:00;26,73
30.09.2018 15:00;30.09.2018 16:00;33,92
30.09.2018 16:00;30.09.2018 17:00;39,12
30.09.2018 17:00;30.09.2018 18:00;55,8
30.09.2018 18:00;30.09.2018 19:00;64,62
30.09.2018 19:00;30.09.2018 20:00;74,21
30.09.2018 20:00;30.09.2018 21:00;71,31
30.09.2018 21:00;30.09.2018 22:00;65,31
30.09.2018 22:00;30.09.2018 23:00;65,08
30.09.2018 23:00;01.10.2018 00:00;60,87
01.10.2018 00:00;01.10.2018 01:00;59,53
01.10.2018 01:00;01.10.2018 02:00;56,1
01.10.2018 02:00;01.10.2018 03:00;51,41
01.10.2018 03:00;01.10.2018 04:00;47,38
01.10.2018 04:00;01.10.2018 05:00;47,59
01.10.2018 05:00;01.10.2018 06:00;51,61
01.10.2018 06:00;01.10.2018 07:00;69,13
01.10.2018 07:00;01.10.2018 08:00;77,32
01.10.2018 08:00;01.10.2018 09:00;84,97
01.10.2018 09:00;01.10.2018 10:00;79,56
01.10.2018 10:00;01.10.2018 11:00;73,7
01.10.2018 11:00;01.10.2018 12:00;71,63
01.10.2018 12:00;01.10.2018 13:00;63,15
01.10.2018 13:00;01.10.2018 14:00;60,24
01.10.2018 14:00;01.10.2018 15:00;56,18
01.10.2018 15:00;01.10.2018 16:00;53,0
01.10.2018 16:00;01.10.2018 17:00;53,37
01.10.2018 17:00;01.10.2018 18:00;60,42
01.10.2018 18:00;01.10.2018 19:00;69,93
01.10.2018 19:00;01.10.2018 20:00;75,0
01.10.2018 20:00;01.10.2018 21:00;65,83
01.10.2018 21:00;01.10.2018 22:00;53,86
01.10.2018 22:00;01.10.2018 23:00;46,46
01.10.2018 23:00;02.10.2018 00:00;42,5
02.10.2018 00:00;02.10.2018 01:00;45,1
02.10.2018 01:00;02.10.2018 02:00;44,1
02.10.2018 02:00;02.10.2018 03:00;44,06
02.10.2018 03:00;02.10.2018 04:00;43,77
02.10.2018 04:00;02.10.2018 05:00;44,29
02.10.2018 05:00;02.10.2018 06:00;48,13
02.10.2018 06:00;02.10.2018 07:00;57,7
02.10.2018 07:00;02.10.2018 08:00;68,21
02.10.2018 08:00;02.10.2018 09:00;70,36
02.10.2018 09:00;02.10.2018 10:00;54,53
02.10.2018 10:00;02.10.2018 11:00;48,49
02.10.2018 11:00;02.10.2018 12:00;46,19
02.10.2018 12:00;02.10.2018 13:00;44,15
02.10.2018 13:00;02.10.2018 14:00;30,79
02.10.2018 14:00;02.10.2018 15:00;27,75
02.10.2018 15:00;02.10.2018 16:00;30,74
02.10.2018 16:00;02.10.2018 17:00;26,77
02.10.2018 17:00;02.10.2018 18:00;38,68
02.10.2018 18:00;02.10.2018 19:00;48,52
02.10.2018 19:00;02.10.2018 20:00;49,03
02.10.2018 20:00;02.10.2018 21:00;45,43
02.10.2018 21:00;02.10.2018 22:00;32,04
02.10.2018 22:00;02.10.2018 23:00;26,22
02.10.2018 23:00;03.10.2018 00:00;1,08
03.10.2018 00:00;03.10.2018 01:00;2,13
03.10.2018 01:00;03.10.2018 02:00;0,1
03.10.2018 02:00;03.10.2018 03:00;0,05
03.10.2018 03:00;03.10.2018 04:00;0,07
03.10.2018 04:00;03.10.2018 05:00;-0,08
03.10.2018 05:00;03.10.2018 06:00;-0,09
03.10.2018 06:00;03.10.2018 07:00;-4,97
03.10.2018 07:00;03.10.2018 08:00;-0,06
03.10.2018 08:00;03.10.2018 09:00;0,7
03.10.2018 09:00;03.10.2018 10:00;0,91
03.10.2018 10:00;03.10.2018 11:00;-0,03
03.10.2018 11:00;03.10.2018 12:00;0,03
03.10.2018 12:00;03.10.2018 13:00;-0,04
03.10.2018 13:00;03.10.2018 14:00;0,0
03.10.2018 14:00;03.10.2018 15:00;0,03
03.10.2018 15:00;03.10.2018 16:00;5,75
03.10.2018 16:00;03.10.2018 17:00;20,28
03.10.2018 17:00;03.10.2018 18:00;43,2
03.10.2018 18:00;03.10.2018 19:00;63,23
03.10.2018 19:00;03.10.2018 20:00;71,44
03.10.2018 20:00;03.10.2018 21:00;67,95
03.10.2018 21:00;03.10.2018 22:00;56,88
03.10.2018 22:00;03.10.2018 23:00;62,85
03.10.2018 23:00;04.10.2018 00:00;48,72
04.10.2018 00:00;04.10.2018 01:00;53,24
04.10.2018 01:00;04.10.2018 02:00;46,1
04.10.2018 02:00;04.10.2018 03:00;45,6
04.10.2018 03:00;04.10.2018 04:00;46,88
04.10.2018 04:00;04.10.2018 05:00;47,53
04.10.2018 05:00;04.10.2018 06:00;50,88
04.10.2018 06:00;04.10.2018 07:00;74,69
04.10.2018 07:00;04.10.2018 08:00;80,15
04.10.2018 08:00;04.10.2018 09:00;81,0
04.10.2018 09:00;04.10.2018 10:00;82,09
04.10.2018 10:00;04.10.2018 11:00;78,96
04.10.2018 11:00;04.10.2018 12:00;75,34
04.10.2018 12:00;04.10.2018 13:00;63,05
04.10.2018 13:00;04.10.2018 14:00;54,49
04.10.2018 14:00;04.10.2018 15:00;54,4
04.10.2018 15:00;04.10.2018 16:00;57,61
04.10.2018 16:00;04.10.2018 17:00;66,96
04.10.2018 17:00;04.10.2018 18:00;77,23
04.10.2018 18:00;04.10.2018 19:00;80,25
04.10.2018 19:00;04.10.2018 20:00;88,08
04.10.2018 20:00;04.10.2018 21:00;80,67
04.10.2018 21:00;04.10.2018 22:00;72,22
04.10.2018 22:00;04.10.2018 23:00;53,98
04.10.2018 23:00;05.10.2018 00:00;52,25
05.10.2018 00:00;05.10.2018 01:00;49,57
05.10.2018 01:00;05.10.2018 02:00;51,16
05.10.2018 02:00;05.10.2018 03:00;48,91
05.10.2018 03:00;05.10.2018 04:00;47,36
05.10.2018 04:00;05.10.2018 05:00;48,28
05.10.2018 05:00;05.10.2018 06:00;54,18
05.10.2018 06:00;05.10.2018 07:00;63,62
05.10.2018 07:00;05.10.2018 08:00;78,87
05.10.2018 08:00;05.10.2018 09:00;79,74
05.10.2018 09:00;05.10.2018 10:00;74,5
05.10.2018 10:00;05.10.2018 11:00;55,42
05.10.2018 11:00;05.10.2018 12:00;50,21
05.10.2018 12:00;05.10.2018 13:00;46,64
05.10.2018 13:00;05.10.2018 14:00;50,72
05.10.2018 14:00;05.10.2018 15:00;48,24
05.10.2018 15:00;05.10.2018 16:00;48,55
05.10.2018 16:00;05.10.2018 17:00;54,98
05.10.2018 17:00;05.10.2018 18:00;74,99
05.10.2018 18:00;05.10.2018 19:00;78,66
05.10.2018 19:00;05.10.2018 20:00;82,96
05.10.2018 20:00;05.10.2018 21:00;79,9
05.10.2018 21:00;05.10.2018 22:00;65,08
05.10.2018 22:00;05.10.2018 23:00;59,86
05.10.2018 23:00;06.10.2018 00:00;54,7
06.10.2018 00:00;06.10.2018 01:00;50,1
06.10.2018 01:00;06.10.2018 02:00;52,98
06.10.2018 02:00;06.10.2018 03:00;51,52
06.10.2018 03:00;06.10.2018 04:00;51,0
06.10.2018 04:00;06.10.2018 05:00;50,0
06.10.2018 05:00;06.10.2018 06:00;46,91
06.10.2018 06:00;06.10.2018 07:00;53,03
06.10.2018 07:00;06.10.2018 08:00;62,37
06.10.2018 08:00;06.10.2018 09:00;63,98
06.10.2018 09:00;06.10.2018 10:00;70,72
06.10.2018 10:00;06.10.2018 11:00;64,79
06.10.2018 11:00;06.10.2018 12:00;59,06
06.10.2018 12:00;06.10.2018 13:00;58,0
06.10.2018 13:00;06.10.2018 14:00;51,51
06.10.2018 14:00;06.10.2018 15:00;50,2
06.10.2018 15:00;06.10.2018 16:00;49,23
06.10.2018 16:00;06.10.2018 17:00;54,81
06.10.2018 17:00;06.10.2018 18:00;59,93
06.10.2018 18:00;06.10.2018 19:00;72,06
06.10.2018 19:00;06.10.2018 20:00;82,27
06.10.2018 20:00;06.10.2018 21:00;70,6
06.10.2018 21:00;06.10.2018 22:00;61,39
06.10.2018 22:00;06.10.2018 23:00;57,02
06.10.2018 23:00;07.10.2018 00:00;46,46
07.10.2018 00:00;07.10.2018 01:00;50,49
07.10.2018 01:00;07.10.2018 02:00;47,11
07.10.2018 02:00;07.10.2018 03:00;45,75
07.10.2018 03:00;07.10.2018 04:00;43,02
07.10.2018 04:00;07.10.2018 05:00;42,5
07.10.2018 05:00;07.10.2018 06:00;43,8
07.10.2018 06:00;07.10.2018 07:00;44,6
07.10.2018 07:00;07.10.2018 08:00;46,56
07.10.2018 08:00;07.10.2018 09:00;50,71
07.10.2018 09:00;07.10.2018 10:00;55,98
07.10.2018 10:00;07.10.2018 11:00;55,09
07.10.2018 11:00;07.10.2018 12:00;55,13
07.10.2018 12:00;07.10.2018 13:00;54,06
07.10.2018 13:00;07.10.2018 14:00;50,9
07.10.2018 14:00;07.10.2018 15:00;49,91
07.10.2018 15:00;07.10.2018 16:00;49,05
07.10.2018 16:00;07.10.2018 17:00;50,21
07.10.2018 17:00;07.10.2018 18:00;55,48
07.10.2018 18:00;07.10.2018 19:00;70,0
07.10.2018 19:00;07.10.2018 20:00;80,94
07.10.2018 20:00;07.10.2018 21:00;77,07
07.10.2018 21:00;07.10.2018 22:00;71,47
07.10.2018 22:00;07.10.2018 23:00;68,3
07.10.2018 23:00;08.10.2018 00:00;59,91
08.10.2018 00:00;08.10.2018 01:00;55,59
08.10.2018 01:00;08.10.2018 02:00;50,3
08.10.2018 02:00;08.10.2018 03:00;50,16
08.10.2018 03:00;08.10.2018 04:00;47,32
08.10.2018 04:00;08.10.2018 05:00;47,94
08.10.2018 05:00;08.10.2018 06:00;51,14
08.10.2018 06:00;08.10.2018 07:00;62,79
08.10.2018 07:00;08.10.2018 08:00;79,98
08.10.2018 08:00;08.10.2018 09:00;82,42
08.10.2018 09:00;08.10.2018 10:00;81,58
08.10.2018 10:00;08.10.2018 11:00;66,89
08.10.2018 11:00;08.10.2018 12:00;52,06
08.10.2018 12:00;08.10.2018 13:00;51,57
08.10.2018 13:00;08.10.2018 14:00;49,96
08.10.2018 14:00;08.10.2018 15:00;52,07
08.10.2018 15:00;08.10.2018 16:00;52,81
08.10.2018 16:00;08.10.2018 17:00;61,52
08.10.2018 17:00;08.10.2018 18:00;74,9
08.10.2018 18:00;08.10.2018 19:00;85,37
08.10.2018 19:00;08.10.2018 20:00;102,01
08.10.2018 20:00;08.10.2018 21:00;85,77
08.10.2018 21:00;08.10.2018 22:00;78,1
08.10.2018 22:00;08.10.2018 23:00;58,01
08.10.2018 23:00;09.10.2018 00:00;52,95
09.10.2018 00:00;09.10.2018 01:00;56,77
09.10.2018 01:00;09.10.2018 02:00;57,43
09.10.2018 02:00;09.10.2018 03:00;55,11
09.10.2018 03:00;09.10.2018 04:00;52,35
09.10.2018 04:00;09.10.2018 05:00;54,86
09.10.2018 05:00;09.10.2018 06:00;57,99
09.10.2018 06:00;09.10.2018 07:00;74,27
09.10.2018 07:00;09.10.2018 08:00;91,37
09.10.2018 08:00;09.10.2018 09:00;96,68
09.10.2018 09:00;09.10.2018 10:00;91,95
09.10.2018 10:00;09.10.2018 11:00;82,54
09.10.2018 11:00;09.10.2018 12:00;64,7
09.10.2018 12:00;09.10.2018 13:00;54,31
09.10.2018 13:00;09.10.2018 14:00;53,35
09.10.2018 14:00;09.10.2018 15:00;55,64
09.10.2018 15:00;09.10.2018 16:00;62,41
09.10.2018 16:00;09.10.2018 17:00;68,97
09.10.2018 17:00;09.10.2018 18:00;83,2
09.10.2018 18:00;09.10.2018 19:00;90,0
09.10.2018 19:00;09.10.2018 20:00;110,28
09.10.2018 20:00;09.10.2018 21:00;92,55
09.10.2018 21:00;09.10.2018 22:00;80,51
09.10.2018 22:00;09.10.2018 23:00;69,76
09.10.2018 23:00;10.10.2018 00:00;60,56
10.10.2018 00:00;10.10.2018 01:00;53,7
10.10.2018 01:00;10.10.2018 02:00;55,13
10.10.2018 02:00;10.10.2018 03:00;54,88
10.10.2018 03:00;10.10.2018 04:00;54,05
10.10.2018 04:00;10.10.2018 05:00;54,64
10.10.2018 05:00;10.10.2018 06:00;55,46
10.10.2018 06:00;10.10.2018 07:00;72,16
10.10.2018 07:00;10.10.2018 08:00;88,0
10.10.2018 08:00;10.10.2018 09:00;93,22
10.10.2018 09:00;10.10.2018 10:00;86,84
10.10.2018 10:00;10.10.2018 11:00;80,81
10.10.2018 11:00;10.10.2018 12:00;73,69
10.10.2018 12:00;10.10.2018 13:00;55,27
10.10.2018 13:00;10.10.2018 14:00;53,61
10.10.2018 14:00;10.10.2018 15:00;51,99
10.10.2018 15:00;10.10.2018 16:00;53,68
10.10.2018 16:00;10.10.2018 17:00;57,47
10.10.2018 17:00;10.10.2018 18:00;69,3
10.10.2018 18:00;10.10.2018 19:00;70,68
10.10.2018 19:00;10.10.2018 20:00;72,88
10.10.2018 20:00;10.10.2018 21:00;53,71
10.10.2018 21:00;10.10.2018 22:00;51,18
10.10.2018 22:00;10.10.2018 23:00;46,74
10.10.2018 23:00;11.10.2018 00:00;33,04
11.10.2018 00:00;11.10.2018 01:00;35,01
11.10.2018 01:00;11.10.2018 02:00;31,71
11.10.2018 02:00;11.10.2018 03:00;29,97
11.10.2018 03:00;11.10.2018 04:00;30,05
11.10.2018 04:00;11.10.2018 05:00;35,85
11.10.2018 05:00;11.10.2018 06:00;44,08
11.10.2018 06:00;11.10.2018 07:00;49,98
11.10.2018 07:00;11.10.2018 08:00;72,96
11.10.2018 08:00;11.10.2018 09:00;71,52
11.10.2018 09:00;11.10.2018 10:00;59,8
11.10.2018 10:00;11.10.2018 11:00;49,21
11.10.2018 11:00;11.10.2018 12:00;48,61
11.10.2018 12:00;11.10.2018 13:00;47,02
11.10.2018 13:00;11.10.2018 14:00;46,9
11.10.2018 14:00;11.10.2018 15:00;49,25
11.10.2018 15:00;11.10.2018 16:00;59,95
11.10.2018 16:00;11.10.2018 17:00;65,06
11.10.2018 17:00;11.10.2018 18:00;72,85
11.10.2018 18:00;11.10.2018 19:00;81,3
11.10.2018 19:00;11.10.2018 20:00;88,5
11.10.2018 20:00;11.10.2018 21:00;76,34
11.10.2018 21:00;11.10.2018 22:00;58,62
11.10.2018 22:00;11.10.2018 23:00;52,04
11.10.2018 23:00;12.10.2018 00:00;47,86
12.10.2018 00:00;12.10.2018 01:00;45,85
12.10.2018 01:00;12.10.2018 02:00;45,88
12.10.2018 02:00;12.10.2018 03:00;45,6
12.10.2018 03:00;12.10.2018 04:00;45,64
12.10.2018 04:00;12.10.2018 05:00;45,8
12.10.2018 05:00;12.10.2018 06:00;49,64
12.10.2018 06:00;12.10.2018 07:00;56,65
12.10.2018 07:00;12.10.2018 08:00;69,87
12.10.2018 08:00;12.10.2018 09:00;71,47
12.10.2018 09:00;12.10.2018 10:00;69,71
12.10.2018 10:00;12.10.2018 11:00;69,52
12.10.2018 11:00;12.10.2018 12:00;61,95
12.10.2018 12:00;12.10.2018 13:00;49,25
12.10.2018 13:00;12.10.2018 14:00;48,75
12.10.2018 14:00;12.10.2018 15:00;47,84
12.10.2018 15:00;12.10.2018 16:00;53,32
12.10.2018 16:00;12.10.2018 17:00;56,95
12.10.2018 17:00;12.10.2018 18:00;67,32
12.10.2018 18:00;12.10.2018 19:00;69,94
12.10.2018 19:00;12.10.2018 20:00;79,08
12.10.2018 20:00;12.10.2018 21:00;65,0
12.10.2018 21:00;12.10.2018 22:00;53,58
12.10.2018 22:00;12.10.2018 23:00;50,0
12.10.2018 23:00;13.10.2018 00:00;43,88
13.10.2018 00:00;13.10.2018 01:00;47,8
13.10.2018 01:00;13.10.2018 02:00;43,97
13.10.2018 02:00;13.10.2018 03:00;42,08
13.10.2018 03:00;13.10.2018 04:00;39,14
13.10.2018 04:00;13.10.2018 05:00;42,74
13.10.2018 05:00;13.10.2018 06:00;43,91
13.10.2018 06:00;13.10.2018 07:00;48,34
13.10.2018 07:00;13.10.2018 08:00;58,18
13.10.2018 08:00;13.10.2018 09:00;62,9
13.10.2018 09:00;13.10.2018 10:00;62,43
13.10.2018 10:00;13.10.2018 11:00;52,55
13.10.2018 11:00;13.10.2018 12:00;44,05
13.10.2018 12:00;13.10.2018 13:00;37,4
13.10.2018 13:00;13.10.2018 14:00;34,1
13.10.2018 14:00;13.10.2018 15:00;31,95
13.10.2018 15:00;13.10.2018 16:00;37,42
13.10.2018 16:00;13.10.2018 17:00;50,23
13.10.2018 17:00;13.10.2018 18:00;60,46
13.10.2018 18:00;13.10.2018 19:00;64,54
13.10.2018 19:00;13.10.2018 20:00;55,85
13.10.2018 20:00;13.10.2018 21:00;40,59
13.10.2018 21:00;13.10.2018 22:00;31,52
13.10.2018 22:00;13.10.2018 23:00;24,72
13.10.2018 23:00;14.10.2018 00:00;20,29
14.10.2018 00:00;14.10.2018 01:00;20,76
14.10.2018 01:00;14.10.2018 02:00;21,44
14.10.2018 02:00;14.10.2018 03:00;20,89
14.10.2018 03:00;14.10.2018 04:00;19,52
14.10.2018 04:00;14.10.2018 05:00;20,72
14.10.2018 05:00;14.10.2018 06:00;20,79
14.10.2018 06:00;14.10.2018 07:00;22,07
14.10.2018 07:00;14.10.2018 08:00;25,86
14.10.2018 08:00;14.10.2018 09:00;27,69
14.10.2018 09:00;14.10.2018 10:00;26,71
14.10.2018 10:00;14.10.2018 11:00;26,94
14.10.2018 11:00;14.10.2018 12:00;25,76
14.10.2018 12:00;14.10.2018 13:00;20,73
14.10.2018 13:00;14.10.2018 14:00;20,75
14.10.2018 14:00;14.10.2018 15:00;13,92
14.10.2018 15:00;14.10.2018 16:00;19,54
14.10.2018 16:00;14.10.2018 17:00;20,74
14.10.2018 17:00;14.10.2018 18:00;42,82
14.10.2018 18:00;14.10.2018 19:00;56,56
14.10.2018 19:00;14.10.2018 20:00;68,09
14.10.2018 20:00;14.10.2018 21:00;40,54
14.10.2018 21:00;14.10.2018 22:00;32,9
14.10.2018 22:00;14.10.2018 23:00;31,32
14.10.2018 23:00;15.10.2018 00:00;27,0
15.10.2018 00:00;15.10.2018 01:00;34,93
15.10.2018 01:00;15.10.2018 02:00;30,86
15.10.2018 02:00;15.10.2018 03:00;29,05
15.10.2018 03:00;15.10.2018 04:00;30,06
15.10.2018 04:00;15.10.2018 05:00;33,0
15.10.2018 05:00;15.10.2018 06:00;42,0
15.10.2018 06:00;15.10.2018 07:00;60,02
15.10.2018 07:00;15.10.2018 08:00;79,38
15.10.2018 08:00;15.10.2018 09:00;79,05
15.10.2018 09:00;15.10.2018 10:00;74,72
15.10.2018 10:00;15.10.2018 11:00;62,39
15.10.2018 11:00;15.10.2018 12:00;52,89
15.10.2018 12:00;15.10.2018 13:00;48,52
15.10.2018 13:00;15.10.2018 14:00;49,82
15.10.2018 14:00;15.10.2018 15:00;51,45
15.10.2018 15:00;15.10.2018 16:00;55,26
15.10.2018 16:00;15.10.2018 17:00;71,86
15.10.2018 17:00;15.10.2018 18:00;80,28
15.10.2018 18:00;15.10.2018 19:00;90,0
15.10.2018 19:00;15.10.2018 20:00;107,32
15.10.2018 20:00;15.10.2018 21:00;75,31
15.10.2018 21:00;15.10.2018 22:00;70,49
15.10.2018 22:00;15.10.2018 23:00;59,05
15.10.2018 23:00;16.10.2018 00:00;59,07
16.10.2018 00:00;16.10.2018 01:00;56,06
16.10.2018 01:00;16.10.2018 02:00;53,55
16.10.2018 02:00;16.10.2018 03:00;52,01
16.10.2018 03:00;16.10.2018 04:00;51,0
16.10.2018 04:00;16.10.2018 05:00;52,2
16.10.2018 05:00;16.10.2018 06:00;57,02
16.10.2018 06:00;16.10.2018 07:00;77,73
16.10.2018 07:00;16.10.2018 08:00;86,98
16.10.2018 08:00;16.10.2018 09:00;95,01
16.10.2018 09:00;16.10.2018 10:00;86,02
16.10.2018 10:00;16.10.2018 11:00;78,82
16.10.2018 11:00;16.10.2018 12:00;75,93
16.10.2018 12:00;16.10.2018 13:00;70,91
16.10.2018 13:00;16.10.2018 14:00;69,36
16.10.2018 14:00;16.10.2018 15:00;68,61
16.10.2018 15:00;16.10.2018 16:00;69,19
16.10.2018 16:00;16.10.2018 17:00;74,04
16.10.2018 17:00;16.10.2018 18:00;80,95
16.10.2018 18:00;16.10.2018 19:00;89,97
16.10.2018 19:00;16.10.2018 20:00;105,12
16.10.2018 20:00;16.10.2018 21:00;84,96
16.10.2018 21:00;16.10.2018 22:00;76,02
16.10.2018 22:00;16.10.2018 23:00;59,99
16.10.2018 23:00;17.10.2018 00:00;56,5
17.10.2018 00:00;17.10.2018 01:00;55,01
17.10.2018 01:00;17.10.2018 02:00;52,33
17.10.2018 02:00;17.10.2018 03:00;50,33
17.10.2018 03:00;17.10.2018 04:00;50,0
17.10.2018 04:00;17.10.2018 05:00;51,52
17.10.2018 05:00;17.10.2018 06:00;55,75
17.10.2018 06:00;17.10.2018 07:00;73,6
17.10.2018 07:00;17.10.2018 08:00;88,77
17.10.2018 08:00;17.10.2018 09:00;89,99
17.10.2018 09:00;17.10.2018 10:00;87,6
17.10.2018 10:00;17.10.2018 11:00;80,48
17.10.2018 11:00;17.10.2018 12:00;74,24
17.10.2018 12:00;17.10.2018 13:00;59,75
17.10.2018 13:00;17.10.2018 14:00;57,85
17.10.2018 14:00;17.10.2018 15:00;60,01
17.10.2018 15:00;17.10.2018 16:00;70,81
17.10.2018 16:00;17.10.2018 17:00;79,94
17.10.2018 17:00;17.10.2018 18:00;82,94
17.10.2018 18:00;17.10.2018 19:00;89,94
17.10.2018 19:00;17.10.2018 20:00;112,66
17.10.2018 20:00;17.10.2018 21:00;86,14
17.10.2018 21:00;17.10.2018 22:00;75,57
17.10.2018 22:00;17.10.2018 23:00;58,46
17.10.2018 23:00;18.10.2018 00:00;58,16
18.10.2018 00:00;18.10.2018 01:00;55,35
18.10.2018 01:00;18.10.2018 02:00;53,36
18.10.2018 02:00;18.10.2018 03:00;50,75
18.10.2018 03:00;18.10.2018 04:00;48,88
18.10.2018 04:00;18.10.2018 05:00;48,9
18.10.2018 05:00;18.10.2018 06:00;52,32
18.10.2018 06:00;18.10.2018 07:00;61,06
18.10.2018 07:00;18.10.2018 08:00;79,86
18.10.2018 08:00;18.10.2018 09:00;82,99
18.10.2018 09:00;18.10.2018 10:00;80,97
18.10.2018 10:00;18.10.2018 11:00;74,59
18.10.2018 11:00;18.10.2018 12:00;61,52
18.10.2018 12:00;18.10.2018 13:00;55,28
18.10.2018 13:00;18.10.2018 14:00;55,04
18.10.2018 14:00;18.10.2018 15:00;55,12
18.10.2018 15:00;18.10.2018 16:00;55,28
18.10.2018 16:00;18.10.2018 17:00;60,45
18.10.2018 17:00;18.10.2018 18:00;71,69
18.10.2018 18:00;18.10.2018 19:00;80,15
18.10.2018 19:00;18.10.2018 20:00;83,86
18.10.2018 20:00;18.10.2018 21:00;75,48
18.10.2018 21:00;18.10.2018 22:00;60,07
18.10.2018 22:00;18.10.2018 23:00;58,76
18.10.2018 23:00;19.10.2018 00:00;54,21
19.10.2018 00:00;19.10.2018 01:00;52,47
19.10.2018 01:00;19.10.2018 02:00;51,85
19.10.2018 02:00;19.10.2018 03:00;50,61
19.10.2018 03:00;19.10.2018 04:00;49,96
19.10.2018 04:00;19.10.2018 05:00;50,25
19.10.2018 05:00;19.10.2018 06:00;54,34
19.10.2018 06:00;19.10.2018 07:00;72,63
19.10.2018 07:00;19.10.2018 08:00;80,96
19.10.2018 08:00;19.10.2018 09:00;84,09
19.10.2018 09:00;19.10.2018 10:00;84,28
19.10.2018 10:00;19.10.2018 11:00;81,94
19.10.2018 11:00;19.10.2018 12:00;75,19
19.10.2018 12:00;19.10.2018 13:00;69,16
19.10.2018 13:00;19.10.2018 14:00;62,72
19.10.2018 14:00;19.10.2018 15:00;60,29
19.10.2018 15:00;19.10.2018 16:00;60,92
19.10.2018 16:00;19.10.2018 17:00;70,63
19.10.2018 17:00;19.10.2018 18:00;80,71
19.10.2018 18:00;19.10.2018 19:00;81,96
19.10.2018 19:00;19.10.2018 20:00;83,95
19.10.2018 20:00;19.10.2018 21:00;79,48
19.10.2018 21:00;19.10.2018 22:00;68,95
19.10.2018 22:00;19.10.2018 23:00;59,99
19.10.2018 23:00;20.10.2018 00:00;55,38
20.10.2018 00:00;20.10.2018 01:00;64,75
20.10.2018 01:00;20.10.2018 02:00;56,55
20.10.2018 02:00;20.10.2018 03:00;53,01
20.10.2018 03:00;20.10.2018 04:00;51,28
20.10.2018 04:00;20.10.2018 05:00;50,75
20.10.2018 05:00;20.10.2018 06:00;49,97
20.10.2018 06:00;20.10.2018 07:00;52,4
20.10.2018 07:00;20.10.2018 08:00;56,03
20.10.2018 08:00;20.10.2018 09:00;61,97
20.10.2018 09:00;20.10.2018 10:00;70,93
20.10.2018 10:00;20.10.2018 11:00;66,39
20.10.2018 11:00;20.10.2018 12:00;61,54
20.10.2018 12:00;20.10.2018 13:00;54,48
20.10.2018 13:00;20.10.2018 14:00;50,86
20.10.2018 14:00;20.10.2018 15:00;50,6
20.10.2018 15:00;20.10.2018 16:00;51,71
20.10.2018 16:00;20.10.2018 17:00;54,99
20.10.2018 17:00;20.10.2018 18:00;61,24
20.10.2018 18:00;20.10.2018 19:00;75,8
20.10.2018 19:00;20.10.2018 20:00;79,95
20.10.2018 20:00;20.10.2018 21:00;71,69
20.10.2018 21:00;20.10.2018 22:00;62,29
20.10.2018 22:00;20.10.2018 23:00;60,01
20.10.2018 23:00;21.10.2018 00:00;55,9
21.10.2018 00:00;21.10.2018 01:00;53,26
21.10.2018 01:00;21.10.2018 02:00;48,02
21.10.2018 02:00;21.10.2018 03:00;48,07
21.10.2018 03:00;21.10.2018 04:00;50,5
21.10.2018 04:00;21.10.2018 05:00;50,33
21.10.2018 05:00;21.10.2018 06:00;50,5
21.10.2018 06:00;21.10.2018 07:00;52,02
21.10.2018 07:00;21.10.2018 08:00;56,03
21.10.2018 08:00;21.10.2018 09:00;59,0
21.10.2018 09:00;21.10.2018 10:00;61,03
21.10.2018 10:00;21.10.2018 11:00;60,94
21.10.2018 11:00;21.10.2018 12:00;60,79
21.10.2018 12:00;21.10.2018 13:00;51,63
21.10.2018 13:00;21.10.2018 14:00;47,02
21.10.2018 14:00;21.10.2018 15:00;47,51
21.10.2018 15:00;21.10.2018 16:00;44,97
21.10.2018 16:00;21.10.2018 17:00;52,06
21.10.2018 17:00;21.10.2018 18:00;58,58
21.10.2018 18:00;21.10.2018 19:00;68,95
21.10.2018 19:00;21.10.2018 20:00;74,94
21.10.2018 20:00;21.10.2018 21:00;70,1
21.10.2018 21:00;21.10.2018 22:00;57,94
21.10.2018 22:00;21.10.2018 23:00;59,9
21.10.2018 23:00;22.10.2018 00:00;48,08
22.10.2018 00:00;22.10.2018 01:00;46,35
22.10.2018 01:00;22.10.2018 02:00;46,32
22.10.2018 02:00;22.10.2018 03:00;43,21
22.10.2018 03:00;22.10.2018 04:00;39,75
22.10.2018 04:00;22.10.2018 05:00;41,81
22.10.2018 05:00;22.10.2018 06:00;45,53
22.10.2018 06:00;22.10.2018 07:00;59,32
22.10.2018 07:00;22.10.2018 08:00;75,18
22.10.2018 08:00;22.10.2018 09:00;76,39
22.10.2018 09:00;22.10.2018 10:00;69,86
22.10.2018 10:00;22.10.2018 11:00;58,21
22.10.2018 11:00;22.10.2018 12:00;54,46
22.10.2018 12:00;22.10.2018 13:00;47,02
22.10.2018 13:00;22.10.2018 14:00;46,0
22.10.2018 14:00;22.10.2018 15:00;46,37
22.10.2018 15:00;22.10.2018 16:00;49,01
22.10.2018 16:00;22.10.2018 17:00;55,8
22.10.2018 17:00;22.10.2018 18:00;68,82
22.10.2018 18:00;22.10.2018 19:00;78,91
22.10.2018 19:00;22.10.2018 20:00;82,65
22.10.2018 20:00;22.10.2018 21:00;69,02
22.10.2018 21:00;22.10.2018 22:00;53,58
22.10.2018 22:00;22.10.2018 23:00;50,69
22.10.2018 23:00;23.10.2018 00:00;42,86
23.10.2018 00:00;23.10.2018 01:00;45,65
23.10.2018 01:00;23.10.2018 02:00;28,85
23.10.2018 02:00;23.10.2018 03:00;30,94
23.10.2018 03:00;23.10.2018 04:00;30,09
23.10.2018 04:00;23.10.2018 05:00;24,99
23.10.2018 05:00;23.10.2018 06:00;30,96
23.10.2018 06:00;23.10.2018 07:00;41,21
23.10.2018 07:00;23.10.2018 08:00;43,54
23.10.2018 08:00;23.10.2018 09:00;43,66
23.10.2018 09:00;23.10.2018 10:00;43,1
23.10.2018 10:00;23.10.2018 11:00;42,83
23.10.2018 11:00;23.10.2018 12:00;41,99
23.10.2018 12:00;23.10.2018 13:00;39,92
23.10.2018 13:00;23.10.2018 14:00;38,78
23.10.2018 14:00;23.10.2018 15:00;40,52
23.10.2018 15:00;23.10.2018 16:00;34,98
23.10.2018 16:00;23.10.2018 17:00;28,15
23.10.2018 17:00;23.10.2018 18:00;34,98
23.10.2018 18:00;23.10.2018 19:00;35,09
23.10.2018 19:00;23.10.2018 20:00;39,95
23.10.2018 20:00;23.10.2018 21:00;32,13
23.10.2018 21:00;23.10.2018 22:00;30,07
23.10.2018 22:00;23.10.2018 23:00;22,53
23.10.2018 23:00;24.10.2018 00:00;6,03
24.10.2018 00:00;24.10.2018 01:00;4,07
24.10.2018 01:00;24.10.2018 02:00;0,98
24.10.2018 02:00;24.10.2018 03:00;0,04
24.10.2018 03:00;24.10.2018 04:00;0,97
24.10.2018 04:00;24.10.2018 05:00;10,05
24.10.2018 05:00;24.10.2018 06:00;19,55
24.10.2018 06:00;24.10.2018 07:00;42,57
24.10.2018 07:00;24.10.2018 08:00;51,48
24.10.2018 08:00;24.10.2018 09:00;52,89
24.10.2018 09:00;24.10.2018 10:00;53,17
24.10.2018 10:00;24.10.2018 11:00;53,19
24.10.2018 11:00;24.10.2018 12:00;54,88
24.10.2018 12:00;24.10.2018 13:00;51,71
24.10.2018 13:00;24.10.2018 14:00;53,66
24.10.2018 14:00;24.10.2018 15:00;55,85
24.10.2018 15:00;24.10.2018 16:00;62,31
24.10.2018 16:00;24.10.2018 17:00;64,7
24.10.2018 17:00;24.10.2018 18:00;66,24
24.10.2018 18:00;24.10.2018 19:00;75,16
24.10.2018 19:00;24.10.2018 20:00;80,75
24.10.2018 20:00;24.10.2018 21:00;64,55
24.10.2018 21:00;24.10.2018 22:00;57,16
24.10.2018 22:00;24.10.2018 23:00;51,6
24.10.2018 23:00;25.10.2018 00:00;42,2
25.10.2018 00:00;25.10.2018 01:00;41,93
25.10.2018 01:00;25.10.2018 02:00;30,66
25.10.2018 02:00;25.10.2018 03:00;29,58
25.10.2018 03:00;25.10.2018 04:00;26,49
25.10.2018 04:00;25.10.2018 05:00;25,59
25.10.2018 05:00;25.10.2018 06:00;30,83
25.10.2018 06:00;25.10.2018 07:00;44,59
25.10.2018 07:00;25.10.2018 08:00;55,06
25.10.2018 08:00;25.10.2018 09:00;58,97
25.10.2018 09:00;25.10.2018 10:00;54,51
25.10.2018 10:00;25.10.2018 11:00;47,29
25.10.2018 11:00;25.10.2018 12:00;46,71
25.10.2018 12:00;25.10.2018 13:00;44,52
25.10.2018 13:00;25.10.2018 14:00;43,92
25.10.2018 14:00;25.10.2018 15:00;44,12
25.10.2018 15:00;25.10.2018 16:00;45,2
25.10.2018 16:00;25.10.2018 17:00;50,38
25.10.2018 17:00;25.10.2018 18:00;64,69
25.10.2018 18:00;25.10.2018 19:00;74,08
25.10.2018 19:00;25.10.2018 20:00;74,18
25.10.2018 20:00;25.10.2018 21:00;66,09
25.10.2018 21:00;25.10.2018 22:00;59,26
25.10.2018 22:00;25.10.2018 23:00;59,09
25.10.2018 23:00;26.10.2018 00:00;52,02
26.10.2018 00:00;26.10.2018 01:00;47,81
26.10.2018 01:00;26.10.2018 02:00;49,97
26.10.2018 02:00;26.10.2018 03:00;48,25
26.10.2018 03:00;26.10.2018 04:00;47,9
26.10.2018 04:00;26.10.2018 05:00;50,1
26.10.2018 05:00;26.10.2018 06:00;54,23
26.10.2018 06:00;26.10.2018 07:00;68,65
26.10.2018 07:00;26.10.2018 08:00;77,55
26.10.2018 08:00;26.10.2018 09:00;82,28
26.10.2018 09:00;26.10.2018 10:00;78,89
26.10.2018 10:00;26.10.2018 11:00;75,22
26.10.2018 11:00;26.10.2018 12:00;69,09
26.10.2018 12:00;26.10.2018 13:00;57,2
26.10.2018 13:00;26.10.2018 14:00;50,46
26.10.2018 14:00;26.10.2018 15:00;47,85
26.10.2018 15:00;26.10.2018 16:00;49,17
26.10.2018 16:00;26.10.2018 17:00;55,27
26.10.2018 17:00;26.10.2018 18:00;67,37
26.10.2018 18:00;26.10.2018 19:00;71,01
26.10.2018 19:00;26.10.2018 20:00;65,98
26.10.2018 20:00;26.10.2018 21:00;56,68
26.10.2018 21:00;26.10.2018 22:00;49,95
26.10.2018 22:00;26.10.2018 23:00;43,79
26.10.2018 23:00;27.10.2018 00:00;39,96
27.10.2018 00:00;27.10.2018 01:00;30,55
27.10.2018 01:00;27.10.2018 02:00;25,52
27.10.2018 02:00;27.10.2018 03:00;25,14
27.10.2018 03:00;27.10.2018 04:00;27,86
27.10.2018 04:00;27.10.2018 05:00;24,39
27.10.2018 05:00;27.10.2018 06:00;30,11
27.10.2018 06:00;27.10.2018 07:00;37,43
27.10.2018 07:00;27.10.2018 08:00;46,51
27.10.2018 08:00;27.10.2018 09:00;47,13
27.10.2018 09:00;27.10.2018 10:00;50,24
27.10.2018 10:00;27.10.2018 11:00;50,7
27.10.2018 11:00;27.10.2018 12:00;48,9
27.10.2018 12:00;27.10.2018 13:00;50,86
27.10.2018 13:00;27.10.2018 14:00;50,23
27.10.2018 14:00;27.10.2018 15:00;55,28
27.10.2018 15:00;27.10.2018 16:00;58,74
27.10.2018 16:00;27.10.2018 17:00;58,96
27.10.2018 17:00;27.10.2018 18:00;69,74
27.10.2018 18:00;27.10.2018 19:00;79,72
27.10.2018 19:00;27.10.2018 20:00;76,25
27.10.2018 20:00;27.10.2018 21:00;61,16
27.10.2018 21:00;27.10.2018 22:00;54,45
27.10.2018 22:00;27.10.2018 23:00;50,19
27.10.2018 23:00;28.10.2018 00:00;44,92
28.10.2018 00:00;28.10.2018 01:00;44,53
28.10.2018 01:00;28.10.2018 02:00;43,58
28.10.2018 02:00;28.10.2018 03:00;41,62
28.10.2018 03:00;28.10.2018 04:00;40,12
28.10.2018 04:00;28.10.2018 05:00;39,05
28.10.2018 05:00;28.10.2018 06:00;40,34
28.10.2018 06:00;28.10.2018 07:00;39,95
28.10.2018 07:00;28.10.2018 08:00;42,7
28.10.2018 08:00;28.10.2018 09:00;45,83
28.10.2018 09:00;28.10.2018 10:00;47,97
28.10.2018 10:00;28.10.2018 11:00;47,0
28.10.2018 11:00;28.10.2018 12:00;46,87
28.10.2018 12:00;28.10.2018 13:00;46,25
28.10.2018 13:00;28.10.2018 14:00;42,64
28.10.2018 14:00;28.10.2018 15:00;41,31
28.10.2018 15:00;28.10.2018 16:00;45,58
28.10.2018 16:00;28.10.2018 17:00;47,2
28.10.2018 17:00;28.10.2018 18:00;48,37
28.10.2018 18:00;28.10.2018 19:00;47,94
28.10.2018 19:00;28.10.2018 20:00;46,3
28.10.2018 20:00;28.10.2018 21:00;45,0
28.10.2018 21:00;28.10.2018 22:00;44,27
28.10.2018 22:00;28.10.2018 23:00;42,58
28.10.2018 23:00;29.10.2018 00:00;27,93
29.10.2018 00:00;29.10.2018 01:00;23,0
29.10.2018 01:00;29.10.2018 02:00;24,25
29.10.2018 02:00;29.10.2018 03:00;23,45
29.10.2018 03:00;29.10.2018 04:00;24,27
29.10.2018 04:00;29.10.2018 05:00;25,32
29.10.2018 05:00;29.10.2018 06:00;30,83
29.10.2018 06:00;29.10.2018 07:00;51,33
29.10.2018 07:00;29.10.2018 08:00;64,34
29.10.2018 08:00;29.10.2018 09:00;62,56
29.10.2018 09:00;29.10.2018 10:00;56,55
29.10.2018 10:00;29.10.2018 11:00;58,34
29.10.2018 11:00;29.10.2018 12:00;55,93
29.10.2018 12:00;29.10.2018 13:00;55,94
29.10.2018 13:00;29.10.2018 14:00;53,94
29.10.2018 14:00;29.10.2018 15:00;52,69
29.10.2018 15:00;29.10.2018 16:00;50,0
29.10.2018 16:00;29.10.2018 17:00;52,23
29.10.2018 17:00;29.10.2018 18:00;56,22
29.10.2018 18:00;29.10.2018 19:00;48,68
29.10.2018 19:00;29.10.2018 20:00;45,63
29.10.2018 20:00;29.10.2018 21:00;45,64
29.10.2018 21:00;29.10.2018 22:00;40,75
29.10.2018 22:00;29.10.2018 23:00;30,33
29.10.2018 23:00;30.10.2018 00:00;23,16
30.10.2018 00:00;30.10.2018 01:00;26,02
30.10.2018 01:00;30.10.2018 02:00;20,09
30.10.2018 02:00;30.10.2018 03:00;18,65
30.10.2018 03:00;30.10.2018 04:00;19,13
30.10.2018 04:00;30.10.2018 05:00;19,15
30.10.2018 05:00;30.10.2018 06:00;22,11
30.10.2018 06:00;30.10.2018 07:00;33,68
30.10.2018 07:00;30.10.2018 08:00;44,89
30.10.2018 08:00;30.10.2018 09:00;44,81
30.10.2018 09:00;30.10.2018 10:00;35,89
30.10.2018 10:00;30.10.2018 11:00;30,51
30.10.2018 11:00;30.10.2018 12:00;30,37
30.10.2018 12:00;30.10.2018 13:00;29,95
30.10.2018 13:00;30.10.2018 14:00;34,55
30.10.2018 14:00;30.10.2018 15:00;42,78
30.10.2018 15:00;30.10.2018 16:00;45,75
30.10.2018 16:00;30.10.2018 17:00;45,43
30.10.2018 17:00;30.10.2018 18:00;46,36
30.10.2018 18:00;30.10.2018 19:00;46,12
30.10.2018 19:00;30.10.2018 20:00;44,91
30.10.2018 20:00;30.10.2018 21:00;44,02
30.10.2018 21:00;30.10.2018 22:00;32,02
30.10.2018 22:00;30.10.2018 23:00;29,3
30.10.2018 23:00;31.10.2018 00:00;21,66
31.10.2018 00:00;31.10.2018 01:00;20,64
31.10.2018 01:00;31.10.2018 02:00;16,61
31.10.2018 02:00;31.10.2018 03:00;17,22
31.10.2018 03:00;31.10.2018 04:00;21,2
31.10.2018 04:00;31.10.2018 05:00;26,18
31.10.2018 05:00;31.10.2018 06:00;25,78
31.10.2018 06:00;31.10.2018 07:00;44,09
31.10.2018 07:00;31.10.2018 08:00;44,94
31.10.2018 08:00;31.10.2018 09:00;44,82
31.10.2018 09:00;31.10.2018 10:00;44,19
31.10.2018 10:00;31.10.2018 11:00;43,83
31.10.2018 11:00;31.10.2018 12:00;44,04
31.10.2018 12:00;31.10.2018 13:00;45,22
31.10.2018 13:00;31.10.2018 14:00;49,18
31.10.2018 14:00;31.10.2018 15:00;61,65
31.10.2018 15:00;31.10.2018 16:00;69,16
31.10.2018 16:00;31.10.2018 17:00;75,45
31.10.2018 17:00;31.10.2018 18:00;82,07
31.10.2018 18:00;31.10.2018 19:00;74,02
31.10.2018 19:00;31.10.2018 20:00;62,2
31.10.2018 20:00;31.10.2018 21:00;50,08
31.10.2018 21:00;31.10.2018 22:00;44,42
31.10.2018 22:00;31.10.2018 23:00;41,29
31.10.2018 23:00;01.11.2018 00:00;35,06
01.11.2018 00:00;01.11.2018 01:00;40,86
01.11.2018 01:00;01.11.2018 02:00;41,1
01.11.2018 02:00;01.11.2018 03:00;40,59
01.11.2018 03:00;01.11.2018 04:00;40,09
01.11.2018 04:00;01.11.2018 05:00;39,11
01.11.2018 05:00;01.11.2018 06:00;39,07
01.11.2018 06:00;01.11.2018 07:00;38,03
01.11.2018 07:00;01.11.2018 08:00;43,4
01.11.2018 08:00;01.11.2018 09:00;45,33
01.11.2018 09:00;01.11.2018 10:00;45,05
01.11.2018 10:00;01.11.2018 11:00;45,37
01.11.2018 11:00;01.11.2018 12:00;45,91
01.11.2018 12:00;01.11.2018 13:00;50,15
01.11.2018 13:00;01.11.2018 14:00;55,37
01.11.2018 14:00;01.11.2018 15:00;53,07
01.11.2018 15:00;01.11.2018 16:00;53,09
01.11.2018 16:00;01.11.2018 17:00;50,38
01.11.2018 17:00;01.11.2018 18:00;62,99
01.11.2018 18:00;01.11.2018 19:00;70,69
01.11.2018 19:00;01.11.2018 20:00;65,0
01.11.2018 20:00;01.11.2018 21:00;53,98
01.11.2018 21:00;01.11.2018 22:00;45,8
01.11.2018 22:00;01.11.2018 23:00;44,63
01.11.2018 23:00;02.11.2018 00:00;40,86
02.11.2018 00:00;02.11.2018 01:00;42,22
02.11.2018 01:00;02.11.2018 02:00;40,98
02.11.2018 02:00;02.11.2018 03:00;40,8
02.11.2018 03:00;02.11.2018 04:00;40,55
02.11.2018 04:00;02.11.2018 05:00;40,82
02.11.2018 05:00;02.11.2018 06:00;45,06
02.11.2018 06:00;02.11.2018 07:00;48,41
02.11.2018 07:00;02.11.2018 08:00;54,12
02.11.2018 08:00;02.11.2018 09:00;59,9
02.11.2018 09:00;02.11.2018 10:00;54,06
02.11.2018 10:00;02.11.2018 11:00;50,22
02.11.2018 11:00;02.11.2018 12:00;50,03
02.11.2018 12:00;02.11.2018 13:00;50,65
02.11.2018 13:00;02.11.2018 14:00;54,98
02.11.2018 14:00;02.11.2018 15:00;63,07
02.11.2018 15:00;02.11.2018 16:00;66,03
02.11.2018 16:00;02.11.2018 17:00;70,99
02.11.2018 17:00;02.11.2018 18:00;81,09
02.11.2018 18:00;02.11.2018 19:00;78,96
02.11.2018 19:00;02.11.2018 20:00;72,01
02.11.2018 20:00;02.11.2018 21:00;59,09
02.11.2018 21:00;02.11.2018 22:00;52,15
02.11.2018 22:00;02.11.2018 23:00;49,84
02.11.2018 23:00;03.11.2018 00:00;48,42
03.11.2018 00:00;03.11.2018 01:00;46,51
03.11.2018 01:00;03.11.2018 02:00;46,04
03.11.2018 02:00;03.11.2018 03:00;44,55
03.11.2018 03:00;03.11.2018 04:00;44,65
03.11.2018 04:00;03.11.2018 05:00;44,71
03.11.2018 05:00;03.11.2018 06:00;44,81
03.11.2018 06:00;03.11.2018 07:00;50,01
03.11.2018 07:00;03.11.2018 08:00;55,84
03.11.2018 08:00;03.11.2018 09:00;61,5
03.11.2018 09:00;03.11.2018 10:00;65,03
03.11.2018 10:00;03.11.2018 11:00;63,36
03.11.2018 11:00;03.11.2018 12:00;56,3
03.11.2018 12:00;03.11.2018 13:00;50,36
03.11.2018 13:00;03.11.2018 14:00;48,79
03.11.2018 14:00;03.11.2018 15:00;48,87
03.11.2018 15:00;03.11.2018 16:00;56,84
03.11.2018 16:00;03.11.2018 17:00;61,41
03.11.2018 17:00;03.11.2018 18:00;69,58
03.11.2018 18:00;03.11.2018 19:00;62,24
03.11.2018 19:00;03.11.2018 20:00;54,45
03.11.2018 20:00;03.11.2018 21:00;45,67
03.11.2018 21:00;03.11.2018 22:00;43,74
03.11.2018 22:00;03.11.2018 23:00;42,33
03.11.2018 23:00;04.11.2018 00:00;41,44
04.11.2018 00:00;04.11.2018 01:00;42,44
04.11.2018 01:00;04.11.2018 02:00;42,06
04.11.2018 02:00;04.11.2018 03:00;41,9
04.11.2018 03:00;04.11.2018 04:00;41,19
04.11.2018 04:00;04.11.2018 05:00;41,04
04.11.2018 05:00;04.11.2018 06:00;41,34
04.11.2018 06:00;04.11.2018 07:00;41,95
04.11.2018 07:00;04.11.2018 08:00;43,13
04.11.2018 08:00;04.11.2018 09:00;45,48
04.11.2018 09:00;04.11.2018 10:00;48,26
04.11.2018 10:00;04.11.2018 11:00;46,76
04.11.2018 11:00;04.11.2018 12:00;51,06
04.11.2018 12:00;04.11.2018 13:00;48,82
04.11.2018 13:00;04.11.2018 14:00;46,01
04.11.2018 14:00;04.11.2018 15:00;45,87
04.11.2018 15:00;04.11.2018 16:00;51,01
04.11.2018 16:00;04.11.2018 17:00;52,3
04.11.2018 17:00;04.11.2018 18:00;62,99
04.11.2018 18:00;04.11.2018 19:00;67,17
04.11.2018 19:00;04.11.2018 20:00;57,69
04.11.2018 20:00;04.11.2018 21:00;48,04
04.11.2018 21:00;04.11.2018 22:00;45,0
04.11.2018 22:00;04.11.2018 23:00;44,78
04.11.2018 23:00;05.11.2018 00:00;42,93
05.11.2018 00:00;05.11.2018 01:00;40,54
05.11.2018 01:00;05.11.2018 02:00;42,66
05.11.2018 02:00;05.11.2018 03:00;43,13
05.11.2018 03:00;05.11.2018 04:00;41,72
05.11.2018 04:00;05.11.2018 05:00;40,58
05.11.2018 05:00;05.11.2018 06:00;42,53
05.11.2018 06:00;05.11.2018 07:00;54,22
05.11.2018 07:00;05.11.2018 08:00;67,64
05.11.2018 08:00;05.11.2018 09:00;69,91
05.11.2018 09:00;05.11.2018 10:00;67,5
05.11.2018 10:00;05.11.2018 11:00;68,28
05.11.2018 11:00;05.11.2018 12:00;68,31
05.11.2018 12:00;05.11.2018 13:00;65,83
05.11.2018 13:00;05.11.2018 14:00;67,17
05.11.2018 14:00;05.11.2018 15:00;68,21
05.11.2018 15:00;05.11.2018 16:00;70,94
05.11.2018 16:00;05.11.2018 17:00;69,8
05.11.2018 17:00;05.11.2018 18:00;68,81
05.11.2018 18:00;05.11.2018 19:00;59,33
05.11.2018 19:00;05.11.2018 20:00;58,57
05.11.2018 20:00;05.11.2018 21:00;53,9
05.11.2018 21:00;05.11.2018 22:00;50,84
05.11.2018 22:00;05.11.2018 23:00;48,18
05.11.2018 23:00;06.11.2018 00:00;44,06
06.11.2018 00:00;06.11.2018 01:00;46,37
06.11.2018 01:00;06.11.2018 02:00;46,12
06.11.2018 02:00;06.11.2018 03:00;44,78
06.11.2018 03:00;06.11.2018 04:00;43,53
06.11.2018 04:00;06.11.2018 05:00;43,93
06.11.2018 05:00;06.11.2018 06:00;48,18
06.11.2018 06:00;06.11.2018 07:00;57,1
06.11.2018 07:00;06.11.2018 08:00;67,95
06.11.2018 08:00;06.11.2018 09:00;70,1
06.11.2018 09:00;06.11.2018 10:00;68,25
06.11.2018 10:00;06.11.2018 11:00;64,72
06.11.2018 11:00;06.11.2018 12:00;63,86
06.11.2018 12:00;06.11.2018 13:00;60,73
06.11.2018 13:00;06.11.2018 14:00;62,41
06.11.2018 14:00;06.11.2018 15:00;63,14
06.11.2018 15:00;06.11.2018 16:00;64,34
06.11.2018 16:00;06.11.2018 17:00;66,89
06.11.2018 17:00;06.11.2018 18:00;74,68
06.11.2018 18:00;06.11.2018 19:00;72,94
06.11.2018 19:00;06.11.2018 20:00;70,97
06.11.2018 20:00;06.11.2018 21:00;59,26
06.11.2018 21:00;06.11.2018 22:00;52,0
06.11.2018 22:00;06.11.2018 23:00;47,99
06.11.2018 23:00;07.11.2018 00:00;44,95
07.11.2018 00:00;07.11.2018 01:00;44,51
07.11.2018 01:00;07.11.2018 02:00;43,53
07.11.2018 02:00;07.11.2018 03:00;41,59
07.11.2018 03:00;07.11.2018 04:00;40,64
07.11.2018 04:00;07.11.2018 05:00;41,77
07.11.2018 05:00;07.11.2018 06:00;43,77
07.11.2018 06:00;07.11.2018 07:00;50,79
07.11.2018 07:00;07.11.2018 08:00;61,99
07.11.2018 08:00;07.11.2018 09:00;64,18
07.11.2018 09:00;07.11.2018 10:00;63,01
07.11.2018 10:00;07.11.2018 11:00;61,56
07.11.2018 11:00;07.11.2018 12:00;58,36
07.11.2018 12:00;07.11.2018 13:00;58,35
07.11.2018 13:00;07.11.2018 14:00;60,03
07.11.2018 14:00;07.11.2018 15:00;62,94
07.11.2018 15:00;07.11.2018 16:00;65,61
07.11.2018 16:00;07.11.2018 17:00;67,7
07.11.2018 17:00;07.11.2018 18:00;70,99
07.11.2018 18:00;07.11.2018 19:00;68,61
07.11.2018 19:00;07.11.2018 20:00;66,05
07.11.2018 20:00;07.11.2018 21:00;62,82
07.11.2018 21:00;07.11.2018 22:00;49,3
07.11.2018 22:00;07.11.2018 23:00;51,23
07.11.2018 23:00;08.11.2018 00:00;44,86
08.11.2018 00:00;08.11.2018 01:00;45,0
08.11.2018 01:00;08.11.2018 02:00;44,83
08.11.2018 02:00;08.11.2018 03:00;44,31
08.11.2018 03:00;08.11.2018 04:00;44,33
08.11.2018 04:00;08.11.2018 05:00;44,57
08.11.2018 05:00;08.11.2018 06:00;46,78
08.11.2018 06:00;08.11.2018 07:00;56,92
08.11.2018 07:00;08.11.2018 08:00;67,0
08.11.2018 08:00;08.11.2018 09:00;68,95
08.11.2018 09:00;08.11.2018 10:00;68,82
08.11.2018 10:00;08.11.2018 11:00;67,71
08.11.2018 11:00;08.11.2018 12:00;67,43
08.11.2018 12:00;08.11.2018 13:00;64,97
08.11.2018 13:00;08.11.2018 14:00;65,67
08.11.2018 14:00;08.11.2018 15:00;67,49
08.11.2018 15:00;08.11.2018 16:00;68,49
08.11.2018 16:00;08.11.2018 17:00;72,63
08.11.2018 17:00;08.11.2018 18:00;92,18
08.11.2018 18:00;08.11.2018 19:00;90,06
08.11.2018 19:00;08.11.2018 20:00;75,82
08.11.2018 20:00;08.11.2018 21:00;69,07
08.11.2018 21:00;08.11.2018 22:00;62,63
08.11.2018 22:00;08.11.2018 23:00;59,32
08.11.2018 23:00;09.11.2018 00:00;53,91
09.11.2018 00:00;09.11.2018 01:00;50,77
09.11.2018 01:00;09.11.2018 02:00;50,6
09.11.2018 02:00;09.11.2018 03:00;48,12
09.11.2018 03:00;09.11.2018 04:00;47,64
09.11.2018 04:00;09.11.2018 05:00;47,84
09.11.2018 05:00;09.11.2018 06:00;51,0
09.11.2018 06:00;09.11.2018 07:00;62,16
09.11.2018 07:00;09.11.2018 08:00;69,06
09.11.2018 08:00;09.11.2018 09:00;72,56
09.11.2018 09:00;09.11.2018 10:00;66,3
09.11.2018 10:00;09.11.2018 11:00;67,69
09.11.2018 11:00;09.11.2018 12:00;65,99
09.11.2018 12:00;09.11.2018 13:00;63,75
09.11.2018 13:00;09.11.2018 14:00;62,15
09.11.2018 14:00;09.11.2018 15:00;62,84
09.11.2018 15:00;09.11.2018 16:00;64,81
09.11.2018 16:00;09.11.2018 17:00;67,4
09.11.2018 17:00;09.11.2018 18:00;69,72
09.11.2018 18:00;09.11.2018 19:00;68,16
09.11.2018 19:00;09.11.2018 20:00;66,44
09.11.2018 20:00;09.11.2018 21:00;60,42
09.11.2018 21:00;09.11.2018 22:00;52,94
09.11.2018 22:00;09.11.2018 23:00;47,28
09.11.2018 23:00;10.11.2018 00:00;42,71
10.11.2018 00:00;10.11.2018 01:00;42,69
10.11.2018 01:00;10.11.2018 02:00;40,49
10.11.2018 02:00;10.11.2018 03:00;38,79
10.11.2018 03:00;10.11.2018 04:00;38,92
10.11.2018 04:00;10.11.2018 05:00;38,2
10.11.2018 05:00;10.11.2018 06:00;38,23
10.11.2018 06:00;10.11.2018 07:00;38,78
10.11.2018 07:00;10.11.2018 08:00;40,31
10.11.2018 08:00;10.11.2018 09:00;42,71
10.11.2018 09:00;10.11.2018 10:00;43,23
10.11.2018 10:00;10.11.2018 11:00;43,69
10.11.2018 11:00;10.11.2018 12:00;43,75
10.11.2018 12:00;10.11.2018 13:00;43,74
10.11.2018 13:00;10.11.2018 14:00;42,87
10.11.2018 14:00;10.11.2018 15:00;45,07
10.11.2018 15:00;10.11.2018 16:00;49,31
10.11.2018 16:00;10.11.2018 17:00;49,44
10.11.2018 17:00;10.11.2018 18:00;50,91
10.11.2018 18:00;10.11.2018 19:00;49,75
10.11.2018 19:00;10.11.2018 20:00;47,78
10.11.2018 20:00;10.11.2018 21:00;42,93
10.11.2018 21:00;10.11.2018 22:00;41,21
10.11.2018 22:00;10.11.2018 23:00;41,19
10.11.2018 23:00;11.11.2018 00:00;39,58
11.11.2018 00:00;11.11.2018 01:00;34,58
11.11.2018 01:00;11.11.2018 02:00;30,67
11.11.2018 02:00;11.11.2018 03:00;37,93
11.11.2018 03:00;11.11.2018 04:00;35,84
11.11.2018 04:00;11.11.2018 05:00;34,05
11.11.2018 05:00;11.11.2018 06:00;34,15
11.11.2018 06:00;11.11.2018 07:00;33,96
11.11.2018 07:00;11.11.2018 08:00;37,98
11.11.2018 08:00;11.11.2018 09:00;40,05
11.11.2018 09:00;11.11.2018 10:00;41,26
11.11.2018 10:00;11.11.2018 11:00;42,08
11.11.2018 11:00;11.11.2018 12:00;42,25
11.11.2018 12:00;11.11.2018 13:00;41,14
11.11.2018 13:00;11.11.2018 14:00;38,59
11.11.2018 14:00;11.11.2018 15:00;40,41
11.11.2018 15:00;11.11.2018 16:00;42,38
11.11.2018 16:00;11.11.2018 17:00;44,75
11.11.2018 17:00;11.11.2018 18:00;46,51
11.11.2018 18:00;11.11.2018 19:00;45,12
11.11.2018 19:00;11.11.2018 20:00;43,85
11.11.2018 20:00;11.11.2018 21:00;43,04
11.11.2018 21:00;11.11.2018 22:00;41,64
11.11.2018 22:00;11.11.2018 23:00;42,67
11.11.2018 23:00;12.11.2018 00:00;38,58
12.11.2018 00:00;12.11.2018 01:00;36,1
12.11.2018 01:00;12.11.2018 02:00;37,8
12.11.2018 02:00;12.11.2018 03:00;38,33
12.11.2018 03:00;12.11.2018 04:00;39,2
12.11.2018 04:00;12.11.2018 05:00;38,57
12.11.2018 05:00;12.11.2018 06:00;43,54
12.11.2018 06:00;12.11.2018 07:00;64,68
12.11.2018 07:00;12.11.2018 08:00;69,87
12.11.2018 08:00;12.11.2018 09:00;68,71
12.11.2018 09:00;12.11.2018 10:00;61,15
12.11.2018 10:00;12.11.2018 11:00;58,71
12.11.2018 11:00;12.11.2018 12:00;54,76
12.11.2018 12:00;12.11.2018 13:00;63,58
12.11.2018 13:00;12.11.2018 14:00;65,07
12.11.2018 14:00;12.11.2018 15:00;67,05
12.11.2018 15:00;12.11.2018 16:00;67,87
12.11.2018 16:00;12.11.2018 17:00;67,63
12.11.2018 17:00;12.11.2018 18:00;66,76
12.11.2018 18:00;12.11.2018 19:00;63,48
12.11.2018 19:00;12.11.2018 20:00;59,16
12.11.2018 20:00;12.11.2018 21:00;51,64
12.11.2018 21:00;12.11.2018 22:00;46,9
12.11.2018 22:00;12.11.2018 23:00;45,34
12.11.2018 23:00;13.11.2018 00:00;41,81
13.11.2018 00:00;13.11.2018 01:00;44,54
13.11.2018 01:00;13.11.2018 02:00;46,31
13.11.2018 02:00;13.11.2018 03:00;45,31
13.11.2018 03:00;13.11.2018 04:00;44,88
13.11.2018 04:00;13.11.2018 05:00;46,03
13.11.2018 05:00;13.11.2018 06:00;47,28
13.11.2018 06:00;13.11.2018 07:00;62,14
13.11.2018 07:00;13.11.2018 08:00;67,91
13.11.2018 08:00;13.11.2018 09:00;69,89
13.11.2018 09:00;13.11.2018 10:00;64,69
13.11.2018 10:00;13.11.2018 11:00;64,2
13.11.2018 11:00;13.11.2018 12:00;54,43
13.11.2018 12:00;13.11.2018 13:00;48,52
13.11.2018 13:00;13.11.2018 14:00;47,91
13.11.2018 14:00;13.11.2018 15:00;48,31
13.11.2018 15:00;13.11.2018 16:00;49,94
13.11.2018 16:00;13.11.2018 17:00;52,75
13.11.2018 17:00;13.11.2018 18:00;64,3
13.11.2018 18:00;13.11.2018 19:00;62,16
13.11.2018 19:00;13.11.2018 20:00;57,97
13.11.2018 20:00;13.11.2018 21:00;49,23
13.11.2018 21:00;13.11.2018 22:00;46,69
13.11.2018 22:00;13.11.2018 23:00;45,52
13.11.2018 23:00;14.11.2018 00:00;43,68
14.11.2018 00:00;14.11.2018 01:00;43,14
14.11.2018 01:00;14.11.2018 02:00;43,13
14.11.2018 02:00;14.11.2018 03:00;43,15
14.11.2018 03:00;14.11.2018 04:00;45,28
14.11.2018 04:00;14.11.2018 05:00;45,78
14.11.2018 05:00;14.11.2018 06:00;48,52
14.11.2018 06:00;14.11.2018 07:00;60,08
14.11.2018 07:00;14.11.2018 08:00;69,75
14.11.2018 08:00;14.11.2018 09:00;71,04
14.11.2018 09:00;14.11.2018 10:00;69,87
14.11.2018 10:00;14.11.2018 11:00;67,14
14.11.2018 11:00;14.11.2018 12:00;66,03
14.11.2018 12:00;14.11.2018 13:00;62,23
14.11.2018 13:00;14.11.2018 14:00;64,18
14.11.2018 14:00;14.11.2018 15:00;65,9
14.11.2018 15:00;14.11.2018 16:00;70,1
14.11.2018 16:00;14.11.2018 17:00;73,98
14.11.2018 17:00;14.11.2018 18:00;83,47
14.11.2018 18:00;14.11.2018 19:00;80,13
14.11.2018 19:00;14.11.2018 20:00;74,9
14.11.2018 20:00;14.11.2018 21:00;68,88
14.11.2018 21:00;14.11.2018 22:00;63,0
14.11.2018 22:00;14.11.2018 23:00;54,85
14.11.2018 23:00;15.11.2018 00:00;50,3
15.11.2018 00:00;15.11.2018 01:00;51,67
15.11.2018 01:00;15.11.2018 02:00;50,8
15.11.2018 02:00;15.11.2018 03:00;51,27
15.11.2018 03:00;15.11.2018 04:00;50,29
15.11.2018 04:00;15.11.2018 05:00;51,03
15.11.2018 05:00;15.11.2018 06:00;53,17
15.11.2018 06:00;15.11.2018 07:00;65,05
15.11.2018 07:00;15.11.2018 08:00;73,16
15.11.2018 08:00;15.11.2018 09:00;74,44
15.11.2018 09:00;15.11.2018 10:00;73,27
15.11.2018 10:00;15.11.2018 11:00;70,0
15.11.2018 11:00;15.11.2018 12:00;68,4
15.11.2018 12:00;15.11.2018 13:00;67,19
15.11.2018 13:00;15.11.2018 14:00;67,51
15.11.2018 14:00;15.11.2018 15:00;68,43
15.11.2018 15:00;15.11.2018 16:00;73,1
15.11.2018 16:00;15.11.2018 17:00;74,47
15.11.2018 17:00;15.11.2018 18:00;79,7
15.11.2018 18:00;15.11.2018 19:00;73,1
15.11.2018 19:00;15.11.2018 20:00;70,35
15.11.2018 20:00;15.11.2018 21:00;61,38
15.11.2018 21:00;15.11.2018 22:00;53,52
15.11.2018 22:00;15.11.2018 23:00;53,06
15.11.2018 23:00;16.11.2018 00:00;49,14
16.11.2018 00:00;16.11.2018 01:00;46,42
16.11.2018 01:00;16.11.2018 02:00;49,67
16.11.2018 02:00;16.11.2018 03:00;48,14
16.11.2018 03:00;16.11.2018 04:00;48,91
16.11.2018 04:00;16.11.2018 05:00;49,11
16.11.2018 05:00;16.11.2018 06:00;50,4
16.11.2018 06:00;16.11.2018 07:00;63,48
16.11.2018 07:00;16.11.2018 08:00;68,32
16.11.2018 08:00;16.11.2018 09:00;72,64
16.11.2018 09:00;16.11.2018 10:00;68,76
16.11.2018 10:00;16.11.2018 11:00;69,17
16.11.2018 11:00;16.11.2018 12:00;63,5
16.11.2018 12:00;16.11.2018 13:00;60,19
16.11.2018 13:00;16.11.2018 14:00;63,35
16.11.2018 14:00;16.11.2018 15:00;66,86
16.11.2018 15:00;16.11.2018 16:00;68,04
16.11.2018 16:00;16.11.2018 17:00;69,97
16.11.2018 17:00;16.11.2018 18:00;67,76
16.11.2018 18:00;16.11.2018 19:00;58,41
16.11.2018 19:00;16.11.2018 20:00;52,03
16.11.2018 20:00;16.11.2018 21:00;46,53
16.11.2018 21:00;16.11.2018 22:00;45,77
16.11.2018 22:00;16.11.2018 23:00;45,23
16.11.2018 23:00;17.11.2018 00:00;43,8
17.11.2018 00:00;17.11.2018 01:00;43,71
17.11.2018 01:00;17.11.2018 02:00;38,43
17.11.2018 02:00;17.11.2018 03:00;43,81
17.11.2018 03:00;17.11.2018 04:00;42,03
17.11.2018 04:00;17.11.2018 05:00;42,87
17.11.2018 05:00;17.11.2018 06:00;41,16
17.11.2018 06:00;17.11.2018 07:00;44,22
17.11.2018 07:00;17.11.2018 08:00;46,19
17.11.2018 08:00;17.11.2018 09:00;46,17
17.11.2018 09:00;17.11.2018 10:00;46,9
17.11.2018 10:00;17.11.2018 11:00;46,82
17.11.2018 11:00;17.11.2018 12:00;46,9
17.11.2018 12:00;17.11.2018 13:00;46,4
17.11.2018 13:00;17.11.2018 14:00;46,4
17.11.2018 14:00;17.11.2018 15:00;46,89
17.11.2018 15:00;17.11.2018 16:00;52,83
17.11.2018 16:00;17.11.2018 17:00;59,66
17.11.2018 17:00;17.11.2018 18:00;58,2
17.11.2018 18:00;17.11.2018 19:00;60,62
17.11.2018 19:00;17.11.2018 20:00;58,12
17.11.2018 20:00;17.11.2018 21:00;51,62
17.11.2018 21:00;17.11.2018 22:00;48,18
17.11.2018 22:00;17.11.2018 23:00;53,45
17.11.2018 23:00;18.11.2018 00:00;45,39
18.11.2018 00:00;18.11.2018 01:00;46,23
18.11.2018 01:00;18.11.2018 02:00;43,86
18.11.2018 02:00;18.11.2018 03:00;42,94
18.11.2018 03:00;18.11.2018 04:00;43,93
18.11.2018 04:00;18.11.2018 05:00;44,28
18.11.2018 05:00;18.11.2018 06:00;43,38
18.11.2018 06:00;18.11.2018 07:00;45,33
18.11.2018 07:00;18.11.2018 08:00;49,07
18.11.2018 08:00;18.11.2018 09:00;47,5
18.11.2018 09:00;18.11.2018 10:00;49,42
18.11.2018 10:00;18.11.2018 11:00;47,96
18.11.2018 11:00;18.11.2018 12:00;48,4
18.11.2018 12:00;18.11.2018 13:00;50,15
18.11.2018 13:00;18.11.2018 14:00;48,28
18.11.2018 14:00;18.11.2018 15:00;48,4
18.11.2018 15:00;18.11.2018 16:00;51,59
18.11.2018 16:00;18.11.2018 17:00;51,67
18.11.2018 17:00;18.11.2018 18:00;53,67
18.11.2018 18:00;18.11.2018 19:00;53,18
18.11.2018 19:00;18.11.2018 20:00;49,52
18.11.2018 20:00;18.11.2018 21:00;46,96
18.11.2018 21:00;18.11.2018 22:00;46,15
18.11.2018 22:00;18.11.2018 23:00;46,47
18.11.2018 23:00;19.11.2018 00:00;44,16
19.11.2018 00:00;19.11.2018 01:00;40,82
19.11.2018 01:00;19.11.2018 02:00;41,71
19.11.2018 02:00;19.11.2018 03:00;38,57
19.11.2018 03:00;19.11.2018 04:00;38,95
19.11.2018 04:00;19.11.2018 05:00;41,55
19.11.2018 05:00;19.11.2018 06:00;44,72
19.11.2018 06:00;19.11.2018 07:00;48,08
19.11.2018 07:00;19.11.2018 08:00;55,01
19.11.2018 08:00;19.11.2018 09:00;54,99
19.11.2018 09:00;19.11.2018 10:00;54,12
19.11.2018 10:00;19.11.2018 11:00;52,28
19.11.2018 11:00;19.11.2018 12:00;52,7
19.11.2018 12:00;19.11.2018 13:00;51,5
19.11.2018 13:00;19.11.2018 14:00;51,59
19.11.2018 14:00;19.11.2018 15:00;52,16
19.11.2018 15:00;19.11.2018 16:00;53,64
19.11.2018 16:00;19.11.2018 17:00;53,63
19.11.2018 17:00;19.11.2018 18:00;56,43
19.11.2018 18:00;19.11.2018 19:00;53,11
19.11.2018 19:00;19.11.2018 20:00;51,56
19.11.2018 20:00;19.11.2018 21:00;47,17
19.11.2018 21:00;19.11.2018 22:00;45,1
19.11.2018 22:00;19.11.2018 23:00;42,44
19.11.2018 23:00;20.11.2018 00:00;35,33
20.11.2018 00:00;20.11.2018 01:00;25,01
20.11.2018 01:00;20.11.2018 02:00;33,0
20.11.2018 02:00;20.11.2018 03:00;29,85
20.11.2018 03:00;20.11.2018 04:00;30,8
20.11.2018 04:00;20.11.2018 05:00;31,66
20.11.2018 05:00;20.11.2018 06:00;32,02
20.11.2018 06:00;20.11.2018 07:00;45,26
20.11.2018 07:00;20.11.2018 08:00;51,74
20.11.2018 08:00;20.11.2018 09:00;51,66
20.11.2018 09:00;20.11.2018 10:00;49,78
20.11.2018 10:00;20.11.2018 11:00;48,94
20.11.2018 11:00;20.11.2018 12:00;48,78
20.11.2018 12:00;20.11.2018 13:00;48,44
20.11.2018 13:00;20.11.2018 14:00;49,05
20.11.2018 14:00;20.11.2018 15:00;50,11
20.11.2018 15:00;20.11.2018 16:00;56,55
20.11.2018 16:00;20.11.2018 17:00;60,78
20.11.2018 17:00;20.11.2018 18:00;67,95
20.11.2018 18:00;20.11.2018 19:00;58,47
20.11.2018 19:00;20.11.2018 20:00;52,85
20.11.2018 20:00;20.11.2018 21:00;54,0
20.11.2018 21:00;20.11.2018 22:00;50,06
20.11.2018 22:00;20.11.2018 23:00;48,28
20.11.2018 23:00;21.11.2018 00:00;44,65
21.11.2018 00:00;21.11.2018 01:00;44,52
21.11.2018 01:00;21.11.2018 02:00;42,83
21.11.2018 02:00;21.11.2018 03:00;42,43
21.11.2018 03:00;21.11.2018 04:00;42,17
21.11.2018 04:00;21.11.2018 05:00;43,22
21.11.2018 05:00;21.11.2018 06:00;44,42
21.11.2018 06:00;21.11.2018 07:00;50,74
21.11.2018 07:00;21.11.2018 08:00;57,31
21.11.2018 08:00;21.11.2018 09:00;58,99
21.11.2018 09:00;21.11.2018 10:00;54,2
21.11.2018 10:00;21.11.2018 11:00;55,75
21.11.2018 11:00;21.11.2018 12:00;58,25
21.11.2018 12:00;21.11.2018 13:00;58,26
21.11.2018 13:00;21.11.2018 14:00;59,56
21.11.2018 14:00;21.11.2018 15:00;69,74
21.11.2018 15:00;21.11.2018 16:00;66,6
21.11.2018 16:00;21.11.2018 17:00;69,99
21.11.2018 17:00;21.11.2018 18:00;70,94
21.11.2018 18:00;21.11.2018 19:00;67,04
21.11.2018 19:00;21.11.2018 20:00;61,16
21.11.2018 20:00;21.11.2018 21:00;59,9
21.11.2018 21:00;21.11.2018 22:00;51,65
21.11.2018 22:00;21.11.2018 23:00;50,41
21.11.2018 23:00;22.11.2018 00:00;48,53
22.11.2018 00:00;22.11.2018 01:00;49,34
22.11.2018 01:00;22.11.2018 02:00;49,73
22.11.2018 02:00;22.11.2018 03:00;48,81
22.11.2018 03:00;22.11.2018 04:00;50,66
22.11.2018 04:00;22.11.2018 05:00;53,63
22.11.2018 05:00;22.11.2018 06:00;50,68
22.11.2018 06:00;22.11.2018 07:00;66,98
22.11.2018 07:00;22.11.2018 08:00;82,93
22.11.2018 08:00;22.11.2018 09:00;82,0
22.11.2018 09:00;22.11.2018 10:00;87,4
22.11.2018 10:00;22.11.2018 11:00;84,0
22.11.2018 11:00;22.11.2018 12:00;92,93
22.11.2018 12:00;22.11.2018 13:00;90,87
22.11.2018 13:00;22.11.2018 14:00;95,16
22.11.2018 14:00;22.11.2018 15:00;95,53
22.11.2018 15:00;22.11.2018 16:00;94,37
22.11.2018 16:00;22.11.2018 17:00;103,0
22.11.2018 17:00;22.11.2018 18:00;128,26
22.11.2018 18:00;22.11.2018 19:00;109,94
22.11.2018 19:00;22.11.2018 20:00;84,08
22.11.2018 20:00;22.11.2018 21:00;80,1
22.11.2018 21:00;22.11.2018 22:00;70,45
22.11.2018 22:00;22.11.2018 23:00;60,69
22.11.2018 23:00;23.11.2018 00:00;55,74
23.11.2018 00:00;23.11.2018 01:00;59,63
23.11.2018 01:00;23.11.2018 02:00;57,36
23.11.2018 02:00;23.11.2018 03:00;55,0
23.11.2018 03:00;23.11.2018 04:00;55,98
23.11.2018 04:00;23.11.2018 05:00;52,89
23.11.2018 05:00;23.11.2018 06:00;59,53
23.11.2018 06:00;23.11.2018 07:00;73,01
23.11.2018 07:00;23.11.2018 08:00;95,0
23.11.2018 08:00;23.11.2018 09:00;106,0
23.11.2018 09:00;23.11.2018 10:00;98,0
23.11.2018 10:00;23.11.2018 11:00;97,17
23.11.2018 11:00;23.11.2018 12:00;98,93
23.11.2018 12:00;23.11.2018 13:00;98,28
23.11.2018 13:00;23.11.2018 14:00;94,9
23.11.2018 14:00;23.11.2018 15:00;93,6
23.11.2018 15:00;23.11.2018 16:00;94,43
23.11.2018 16:00;23.11.2018 17:00;97,09
23.11.2018 17:00;23.11.2018 18:00;109,2
23.11.2018 18:00;23.11.2018 19:00;96,02
23.11.2018 19:00;23.11.2018 20:00;86,11
23.11.2018 20:00;23.11.2018 21:00;75,56
23.11.2018 21:00;23.11.2018 22:00;63,48
23.11.2018 22:00;23.11.2018 23:00;58,66
23.11.2018 23:00;24.11.2018 00:00;52,12
24.11.2018 00:00;24.11.2018 01:00;63,03
24.11.2018 01:00;24.11.2018 02:00;55,3
24.11.2018 02:00;24.11.2018 03:00;52,03
24.11.2018 03:00;24.11.2018 04:00;52,83
24.11.2018 04:00;24.11.2018 05:00;50,36
24.11.2018 05:00;24.11.2018 06:00;50,13
24.11.2018 06:00;24.11.2018 07:00;50,36
24.11.2018 07:00;24.11.2018 08:00;53,35
24.11.2018 08:00;24.11.2018 09:00;63,17
24.11.2018 09:00;24.11.2018 10:00;72,2
24.11.2018 10:00;24.11.2018 11:00;73,49
24.11.2018 11:00;24.11.2018 12:00;73,17
24.11.2018 12:00;24.11.2018 13:00;73,01
24.11.2018 13:00;24.11.2018 14:00;66,93
24.11.2018 14:00;24.11.2018 15:00;64,57
24.11.2018 15:00;24.11.2018 16:00;65,04
24.11.2018 16:00;24.11.2018 17:00;68,11
24.11.2018 17:00;24.11.2018 18:00;74,5
24.11.2018 18:00;24.11.2018 19:00;70,8
24.11.2018 19:00;24.11.2018 20:00;71,79
24.11.2018 20:00;24.11.2018 21:00;61,97
24.11.2018 21:00;24.11.2018 22:00;56,21
24.11.2018 22:00;24.11.2018 23:00;55,04
24.11.2018 23:00;25.11.2018 00:00;49,31
25.11.2018 00:00;25.11.2018 01:00;51,94
25.11.2018 01:00;25.11.2018 02:00;49,86
25.11.2018 02:00;25.11.2018 03:00;50,34
25.11.2018 03:00;25.11.2018 04:00;48,46
25.11.2018 04:00;25.11.2018 05:00;48,07
25.11.2018 05:00;25.11.2018 06:00;48,07
25.11.2018 06:00;25.11.2018 07:00;49,09
25.11.2018 07:00;25.11.2018 08:00;47,97
25.11.2018 08:00;25.11.2018 09:00;54,16
25.11.2018 09:00;25.11.2018 10:00;59,06
25.11.2018 10:00;25.11.2018 11:00;60,84
25.11.2018 11:00;25.11.2018 12:00;63,26
25.11.2018 12:00;25.11.2018 13:00;52,96
25.11.2018 13:00;25.11.2018 14:00;49,87
25.11.2018 14:00;25.11.2018 15:00;58,76
25.11.2018 15:00;25.11.2018 16:00;50,93
25.11.2018 16:00;25.11.2018 17:00;61,47
25.11.2018 17:00;25.11.2018 18:00;67,65
25.11.2018 18:00;25.11.2018 19:00;65,45
25.11.2018 19:00;25.11.2018 20:00;52,95
25.11.2018 20:00;25.11.2018 21:00;52,45
25.11.2018 21:00;25.11.2018 22:00;50,19
25.11.2018 22:00;25.11.2018 23:00;50,62
25.11.2018 23:00;26.11.2018 00:00;47,88
26.11.2018 00:00;26.11.2018 01:00;49,45
26.11.2018 01:00;26.11.2018 02:00;47,91
26.11.2018 02:00;26.11.2018 03:00;46,42
26.11.2018 03:00;26.11.2018 04:00;45,07
26.11.2018 04:00;26.11.2018 05:00;44,8
26.11.2018 05:00;26.11.2018 06:00;48,8
26.11.2018 06:00;26.11.2018 07:00;56,94
26.11.2018 07:00;26.11.2018 08:00;79,27
26.11.2018 08:00;26.11.2018 09:00;83,08
26.11.2018 09:00;26.11.2018 10:00;81,21
26.11.2018 10:00;26.11.2018 11:00;80,25
26.11.2018 11:00;26.11.2018 12:00;86,99
26.11.2018 12:00;26.11.2018 13:00;86,93
26.11.2018 13:00;26.11.2018 14:00;92,42
26.11.2018 14:00;26.11.2018 15:00;94,74
26.11.2018 15:00;26.11.2018 16:00;95,0
26.11.2018 16:00;26.11.2018 17:00;100,02
26.11.2018 17:00;26.11.2018 18:00;105,02
26.11.2018 18:00;26.11.2018 19:00;94,05
26.11.2018 19:00;26.11.2018 20:00;85,0
26.11.2018 20:00;26.11.2018 21:00;77,61
26.11.2018 21:00;26.11.2018 22:00;70,96
26.11.2018 22:00;26.11.2018 23:00;59,92
26.11.2018 23:00;27.11.2018 00:00;56,19
27.11.2018 00:00;27.11.2018 01:00;54,18
27.11.2018 01:00;27.11.2018 02:00;52,55
27.11.2018 02:00;27.11.2018 03:00;52,57
27.11.2018 03:00;27.11.2018 04:00;51,01
27.11.2018 04:00;27.11.2018 05:00;51,55
27.11.2018 05:00;27.11.2018 06:00;54,97
27.11.2018 06:00;27.11.2018 07:00;71,9
27.11.2018 07:00;27.11.2018 08:00;93,03
27.11.2018 08:00;27.11.2018 09:00;100,0
27.11.2018 09:00;27.11.2018 10:00;99,0
27.11.2018 10:00;27.11.2018 11:00;93,37
27.11.2018 11:00;27.11.2018 12:00;95,0
27.11.2018 12:00;27.11.2018 13:00;88,98
27.11.2018 13:00;27.11.2018 14:00;88,21
27.11.2018 14:00;27.11.2018 15:00;85,99
27.11.2018 15:00;27.11.2018 16:00;86,94
27.11.2018 16:00;27.11.2018 17:00;87,19
27.11.2018 17:00;27.11.2018 18:00;98,27
27.11.2018 18:00;27.11.2018 19:00;92,43
27.11.2018 19:00;27.11.2018 20:00;82,76
27.11.2018 20:00;27.11.2018 21:00;70,16
27.11.2018 21:00;27.11.2018 22:00;57,55
27.11.2018 22:00;27.11.2018 23:00;54,43
27.11.2018 23:00;28.11.2018 00:00;50,09
28.11.2018 00:00;28.11.2018 01:00;48,97
28.11.2018 01:00;28.11.2018 02:00;47,57
28.11.2018 02:00;28.11.2018 03:00;47,01
28.11.2018 03:00;28.11.2018 04:00;46,28
28.11.2018 04:00;28.11.2018 05:00;46,73
28.11.2018 05:00;28.11.2018 06:00;48,95
28.11.2018 06:00;28.11.2018 07:00;55,78
28.11.2018 07:00;28.11.2018 08:00;67,76
28.11.2018 08:00;28.11.2018 09:00;70,0
28.11.2018 09:00;28.11.2018 10:00;65,29
28.11.2018 10:00;28.11.2018 11:00;55,22
28.11.2018 11:00;28.11.2018 12:00;53,54
28.11.2018 12:00;28.11.2018 13:00;52,88
28.11.2018 13:00;28.11.2018 14:00;52,88
28.11.2018 14:00;28.11.2018 15:00;53,21
28.11.2018 15:00;28.11.2018 16:00;57,25
28.11.2018 16:00;28.11.2018 17:00;60,73
28.11.2018 17:00;28.11.2018 18:00;62,25
28.11.2018 18:00;28.11.2018 19:00;51,63
28.11.2018 19:00;28.11.2018 20:00;50,42
28.11.2018 20:00;28.11.2018 21:00;47,79
28.11.2018 21:00;28.11.2018 22:00;46,21
28.11.2018 22:00;28.11.2018 23:00;44,91
28.11.2018 23:00;29.11.2018 00:00;38,47
29.11.2018 00:00;29.11.2018 01:00;40,95
29.11.2018 01:00;29.11.2018 02:00;36,84
29.11.2018 02:00;29.11.2018 03:00;35,1
29.11.2018 03:00;29.11.2018 04:00;37,57
29.11.2018 04:00;29.11.2018 05:00;39,94
29.11.2018 05:00;29.11.2018 06:00;43,69
29.11.2018 06:00;29.11.2018 07:00;52,51
29.11.2018 07:00;29.11.2018 08:00;59,71
29.11.2018 08:00;29.11.2018 09:00;61,87
29.11.2018 09:00;29.11.2018 10:00;53,75
29.11.2018 10:00;29.11.2018 11:00;57,96
29.11.2018 11:00;29.11.2018 12:00;56,55
29.11.2018 12:00;29.11.2018 13:00;55,8
29.11.2018 13:00;29.11.2018 14:00;56,56
29.11.2018 14:00;29.11.2018 15:00;55,67
29.11.2018 15:00;29.11.2018 16:00;56,67
29.11.2018 16:00;29.11.2018 17:00;57,09
29.11.2018 17:00;29.11.2018 18:00;59,36
29.11.2018 18:00;29.11.2018 19:00;58,7
29.11.2018 19:00;29.11.2018 20:00;55,68
29.11.2018 20:00;29.11.2018 21:00;47,88
29.11.2018 21:00;29.11.2018 22:00;45,63
29.11.2018 22:00;29.11.2018 23:00;43,78
29.11.2018 23:00;30.11.2018 00:00;40,31
30.11.2018 00:00;30.11.2018 01:00;36,13
30.11.2018 01:00;30.11.2018 02:00;37,68
30.11.2018 02:00;30.11.2018 03:00;37,53
30.11.2018 03:00;30.11.2018 04:00;37,86
30.11.2018 04:00;30.11.2018 05:00;39,51
30.11.2018 05:00;30.11.2018 06:00;43,05
30.11.2018 06:00;30.11.2018 07:00;50,52
30.11.2018 07:00;30.11.2018 08:00;66,84
30.11.2018 08:00;30.11.2018 09:00;68,02
30.11.2018 09:00;30.11.2018 10:00;68,03
30.11.2018 10:00;30.11.2018 11:00;68,19
30.11.2018 11:00;30.11.2018 12:00;67,98
30.11.2018 12:00;30.11.2018 13:00;67,2
30.11.2018 13:00;30.11.2018 14:00;67,24
30.11.2018 14:00;30.11.2018 15:00;65,3
30.11.2018 15:00;30.11.2018 16:00;64,95
30.11.2018 16:00;30.11.2018 17:00;67,24
30.11.2018 17:00;30.11.2018 18:00;72,34
30.11.2018 18:00;30.11.2018 19:00;68,92
30.11.2018 19:00;30.11.2018 20:00;63,5
30.11.2018 20:00;30.11.2018 21:00;66,27
30.11.2018 21:00;30.11.2018 22:00;57,55
30.11.2018 22:00;30.11.2018 23:00;53,91
30.11.2018 23:00;01.12.2018 00:00;44,29
01.12.2018 00:00;01.12.2018 01:00;44,33
01.12.2018 01:00;01.12.2018 02:00;42,09
01.12.2018 02:00;01.12.2018 03:00;42,03
01.12.2018 03:00;01.12.2018 04:00;42,05
01.12.2018 04:00;01.12.2018 05:00;44,56
01.12.2018 05:00;01.12.2018 06:00;43,37
01.12.2018 06:00;01.12.2018 07:00;42,89
01.12.2018 07:00;01.12.2018 08:00;45,6
01.12.2018 08:00;01.12.2018 09:00;53,91
01.12.2018 09:00;01.12.2018 10:00;61,23
01.12.2018 10:00;01.12.2018 11:00;57,39
01.12.2018 11:00;01.12.2018 12:00;58,4
01.12.2018 12:00;01.12.2018 13:00;58,15
01.12.2018 13:00;01.12.2018 14:00;51,88
01.12.2018 14:00;01.12.2018 15:00;51,02
01.12.2018 15:00;01.12.2018 16:00;52,3
01.12.2018 16:00;01.12.2018 17:00;51,23
01.12.2018 17:00;01.12.2018 18:00;58,35
01.12.2018 18:00;01.12.2018 19:00;49,6
01.12.2018 19:00;01.12.2018 20:00;45,37
01.12.2018 20:00;01.12.2018 21:00;37,55
01.12.2018 21:00;01.12.2018 22:00;32,05
01.12.2018 22:00;01.12.2018 23:00;34,35
01.12.2018 23:00;02.12.2018 00:00;25,0
02.12.2018 00:00;02.12.2018 01:00;30,26
02.12.2018 01:00;02.12.2018 02:00;24,35
02.12.2018 02:00;02.12.2018 03:00;22,58
02.12.2018 03:00;02.12.2018 04:00;21,22
02.12.2018 04:00;02.12.2018 05:00;20,82
02.12.2018 05:00;02.12.2018 06:00;19,65
02.12.2018 06:00;02.12.2018 07:00;17,07
02.12.2018 07:00;02.12.2018 08:00;20,86
02.12.2018 08:00;02.12.2018 09:00;24,38
02.12.2018 09:00;02.12.2018 10:00;30,76
02.12.2018 10:00;02.12.2018 11:00;36,96
02.12.2018 11:00;02.12.2018 12:00;39,11
02.12.2018 12:00;02.12.2018 13:00;39,16
02.12.2018 13:00;02.12.2018 14:00;36,27
02.12.2018 14:00;02.12.2018 15:00;31,76
02.12.2018 15:00;02.12.2018 16:00;30,54
02.12.2018 16:00;02.12.2018 17:00;30,31
02.12.2018 17:00;02.12.2018 18:00;38,37
02.12.2018 18:00;02.12.2018 19:00;38,39
02.12.2018 19:00;02.12.2018 20:00;36,28
02.12.2018 20:00;02.12.2018 21:00;36,86
02.12.2018 21:00;02.12.2018 22:00;33,41
02.12.2018 22:00;02.12.2018 23:00;37,04
02.12.2018 23:00;03.12.2018 00:00;28,37
03.12.2018 00:00;03.12.2018 01:00;21,56
03.12.2018 01:00;03.12.2018 02:00;21,25
03.12.2018 02:00;03.12.2018 03:00;21,56
03.12.2018 03:00;03.12.2018 04:00;21,2
03.12.2018 04:00;03.12.2018 05:00;20,64
03.12.2018 05:00;03.12.2018 06:00;25,96
03.12.2018 06:00;03.12.2018 07:00;47,66
03.12.2018 07:00;03.12.2018 08:00;53,67
03.12.2018 08:00;03.12.2018 09:00;53,69
03.12.2018 09:00;03.12.2018 10:00;51,23
03.12.2018 10:00;03.12.2018 11:00;49,58
03.12.2018 11:00;03.12.2018 12:00;49,3
03.12.2018 12:00;03.12.2018 13:00;49,2
03.12.2018 13:00;03.12.2018 14:00;49,33
03.12.2018 14:00;03.12.2018 15:00;49,69
03.12.2018 15:00;03.12.2018 16:00;55,58
03.12.2018 16:00;03.12.2018 17:00;52,17
03.12.2018 17:00;03.12.2018 18:00;60,04
03.12.2018 18:00;03.12.2018 19:00;64,89
03.12.2018 19:00;03.12.2018 20:00;61,6
03.12.2018 20:00;03.12.2018 21:00;55,46
03.12.2018 21:00;03.12.2018 22:00;47,56
03.12.2018 22:00;03.12.2018 23:00;46,03
03.12.2018 23:00;04.12.2018 00:00;41,95
04.12.2018 00:00;04.12.2018 01:00;36,22
04.12.2018 01:00;04.12.2018 02:00;31,54
04.12.2018 02:00;04.12.2018 03:00;31,06
04.12.2018 03:00;04.12.2018 04:00;27,97
04.12.2018 04:00;04.12.2018 05:00;31,88
04.12.2018 05:00;04.12.2018 06:00;39,87
04.12.2018 06:00;04.12.2018 07:00;47,76
04.12.2018 07:00;04.12.2018 08:00;49,4
04.12.2018 08:00;04.12.2018 09:00;54,99
04.12.2018 09:00;04.12.2018 10:00;49,84
04.12.2018 10:00;04.12.2018 11:00;48,81
04.12.2018 11:00;04.12.2018 12:00;47,03
04.12.2018 12:00;04.12.2018 13:00;46,61
04.12.2018 13:00;04.12.2018 14:00;47,18
04.12.2018 14:00;04.12.2018 15:00;50,97
04.12.2018 15:00;04.12.2018 16:00;61,79
04.12.2018 16:00;04.12.2018 17:00;65,23
04.12.2018 17:00;04.12.2018 18:00;70,84
04.12.2018 18:00;04.12.2018 19:00;72,43
04.12.2018 19:00;04.12.2018 20:00;70,36
04.12.2018 20:00;04.12.2018 21:00;68,14
04.12.2018 21:00;04.12.2018 22:00;60,9
04.12.2018 22:00;04.12.2018 23:00;53,87
04.12.2018 23:00;05.12.2018 00:00;50,88
05.12.2018 00:00;05.12.2018 01:00;48,7
05.12.2018 01:00;05.12.2018 02:00;46,95
05.12.2018 02:00;05.12.2018 03:00;47,1
05.12.2018 03:00;05.12.2018 04:00;46,33
05.12.2018 04:00;05.12.2018 05:00;47,08
05.12.2018 05:00;05.12.2018 06:00;47,08
05.12.2018 06:00;05.12.2018 07:00;57,08
05.12.2018 07:00;05.12.2018 08:00;67,03
05.12.2018 08:00;05.12.2018 09:00;69,94
05.12.2018 09:00;05.12.2018 10:00;68,17
05.12.2018 10:00;05.12.2018 11:00;68,66
05.12.2018 11:00;05.12.2018 12:00;68,79
05.12.2018 12:00;05.12.2018 13:00;67,06
05.12.2018 13:00;05.12.2018 14:00;67,78
05.12.2018 14:00;05.12.2018 15:00;68,7
05.12.2018 15:00;05.12.2018 16:00;68,77
05.12.2018 16:00;05.12.2018 17:00;67,54
05.12.2018 17:00;05.12.2018 18:00;69,45
05.12.2018 18:00;05.12.2018 19:00;68,09
05.12.2018 19:00;05.12.2018 20:00;63,03
05.12.2018 20:00;05.12.2018 21:00;53,41
05.12.2018 21:00;05.12.2018 22:00;49,21
05.12.2018 22:00;05.12.2018 23:00;48,57
05.12.2018 23:00;06.12.2018 00:00;46,54
06.12.2018 00:00;06.12.2018 01:00;41,01
06.12.2018 01:00;06.12.2018 02:00;42,26
06.12.2018 02:00;06.12.2018 03:00;41,74
06.12.2018 03:00;06.12.2018 04:00;41,98
06.12.2018 04:00;06.12.2018 05:00;42,07
06.12.2018 05:00;06.12.2018 06:00;47,7
06.12.2018 06:00;06.12.2018 07:00;54,04
06.12.2018 07:00;06.12.2018 08:00;64,04
06.12.2018 08:00;06.12.2018 09:00;67,17
06.12.2018 09:00;06.12.2018 10:00;66,95
06.12.2018 10:00;06.12.2018 11:00;67,29
06.12.2018 11:00;06.12.2018 12:00;67,07
06.12.2018 12:00;06.12.2018 13:00;66,11
06.12.2018 13:00;06.12.2018 14:00;65,23
06.12.2018 14:00;06.12.2018 15:00;64,23
06.12.2018 15:00;06.12.2018 16:00;60,85
06.12.2018 16:00;06.12.2018 17:00;61,99
06.12.2018 17:00;06.12.2018 18:00;58,55
06.12.2018 18:00;06.12.2018 19:00;55,84
06.12.2018 19:00;06.12.2018 20:00;53,18
06.12.2018 20:00;06.12.2018 21:00;51,06
06.12.2018 21:00;06.12.2018 22:00;49,08
06.12.2018 22:00;06.12.2018 23:00;46,62
06.12.2018 23:00;07.12.2018 00:00;37,87
07.12.2018 00:00;07.12.2018 01:00;35,83
07.12.2018 01:00;07.12.2018 02:00;32,17
07.12.2018 02:00;07.12.2018 03:00;29,88
07.12.2018 03:00;07.12.2018 04:00;28,59
07.12.2018 04:00;07.12.2018 05:00;26,43
07.12.2018 05:00;07.12.2018 06:00;33,44
07.12.2018 06:00;07.12.2018 07:00;48,57
07.12.2018 07:00;07.12.2018 08:00;61,13
07.12.2018 08:00;07.12.2018 09:00;59,95
07.12.2018 09:00;07.12.2018 10:00;54,5
07.12.2018 10:00;07.12.2018 11:00;53,23
07.12.2018 11:00;07.12.2018 12:00;52,8
07.12.2018 12:00;07.12.2018 13:00;51,69
07.12.2018 13:00;07.12.2018 14:00;49,79
07.12.2018 14:00;07.12.2018 15:00;48,04
07.12.2018 15:00;07.12.2018 16:00;46,03
07.12.2018 16:00;07.12.2018 17:00;48,06
07.12.2018 17:00;07.12.2018 18:00;49,0
07.12.2018 18:00;07.12.2018 19:00;48,53
07.12.2018 19:00;07.12.2018 20:00;47,22
07.12.2018 20:00;07.12.2018 21:00;40,49
07.12.2018 21:00;07.12.2018 22:00;32,47
07.12.2018 22:00;07.12.2018 23:00;27,18
07.12.2018 23:00;08.12.2018 00:00;16,85
08.12.2018 00:00;08.12.2018 01:00;10,56
08.12.2018 01:00;08.12.2018 02:00;6,53
08.12.2018 02:00;08.12.2018 03:00;1,34
08.12.2018 03:00;08.12.2018 04:00;-0,08
08.12.2018 04:00;08.12.2018 05:00;0,06
08.12.2018 05:00;08.12.2018 06:00;0,09
08.12.2018 06:00;08.12.2018 07:00;1,71
08.12.2018 07:00;08.12.2018 08:00;15,74
08.12.2018 08:00;08.12.2018 09:00;15,88
08.12.2018 09:00;08.12.2018 10:00;12,39
08.12.2018 10:00;08.12.2018 11:00;6,91
08.12.2018 11:00;08.12.2018 12:00;10,45
08.12.2018 12:00;08.12.2018 13:00;19,03
08.12.2018 13:00;08.12.2018 14:00;19,6
08.12.2018 14:00;08.12.2018 15:00;20,25
08.12.2018 15:00;08.12.2018 16:00;20,97
08.12.2018 16:00;08.12.2018 17:00;20,94
08.12.2018 17:00;08.12.2018 18:00;20,81
08.12.2018 18:00;08.12.2018 19:00;25,46
08.12.2018 19:00;08.12.2018 20:00;21,05
08.12.2018 20:00;08.12.2018 21:00;15,84
08.12.2018 21:00;08.12.2018 22:00;0,05
08.12.2018 22:00;08.12.2018 23:00;10,69
08.12.2018 23:00;09.12.2018 00:00;8,5
09.12.2018 00:00;09.12.2018 01:00;-0,78
09.12.2018 01:00;09.12.2018 02:00;-1,72
09.12.2018 02:00;09.12.2018 03:00;-8,48
09.12.2018 03:00;09.12.2018 04:00;-5,08
09.12.2018 04:00;09.12.2018 05:00;-9,0
09.12.2018 05:00;09.12.2018 06:00;-6,21
09.12.2018 06:00;09.12.2018 07:00;-16,62
09.12.2018 07:00;09.12.2018 08:00;-10,93
09.12.2018 08:00;09.12.2018 09:00;-4,74
09.12.2018 09:00;09.12.2018 10:00;8,33
09.12.2018 10:00;09.12.2018 11:00;20,51
09.12.2018 11:00;09.12.2018 12:00;25,62
09.12.2018 12:00;09.12.2018 13:00;25,21
09.12.2018 13:00;09.12.2018 14:00;20,52
09.12.2018 14:00;09.12.2018 15:00;19,39
09.12.2018 15:00;09.12.2018 16:00;19,33
09.12.2018 16:00;09.12.2018 17:00;17,79
09.12.2018 17:00;09.12.2018 18:00;21,39
09.12.2018 18:00;09.12.2018 19:00;30,93
09.12.2018 19:00;09.12.2018 20:00;19,44
09.12.2018 20:00;09.12.2018 21:00;11,69
09.12.2018 21:00;09.12.2018 22:00;3,74
09.12.2018 22:00;09.12.2018 23:00;19,49
09.12.2018 23:00;10.12.2018 00:00;14,19
10.12.2018 00:00;10.12.2018 01:00;4,96
10.12.2018 01:00;10.12.2018 02:00;2,19
10.12.2018 02:00;10.12.2018 03:00;0,12
10.12.2018 03:00;10.12.2018 04:00;0,91
10.12.2018 04:00;10.12.2018 05:00;0,06
10.12.2018 05:00;10.12.2018 06:00;21,17
10.12.2018 06:00;10.12.2018 07:00;44,51
10.12.2018 07:00;10.12.2018 08:00;55,97
10.12.2018 08:00;10.12.2018 09:00;51,18
10.12.2018 09:00;10.12.2018 10:00;52,48
10.12.2018 10:00;10.12.2018 11:00;48,89
10.12.2018 11:00;10.12.2018 12:00;39,49
10.12.2018 12:00;10.12.2018 13:00;38,09
10.12.2018 13:00;10.12.2018 14:00;43,21
10.12.2018 14:00;10.12.2018 15:00;47,94
10.12.2018 15:00;10.12.2018 16:00;51,3
10.12.2018 16:00;10.12.2018 17:00;50,59
10.12.2018 17:00;10.12.2018 18:00;50,68
10.12.2018 18:00;10.12.2018 19:00;49,14
10.12.2018 19:00;10.12.2018 20:00;49,39
10.12.2018 20:00;10.12.2018 21:00;47,73
10.12.2018 21:00;10.12.2018 22:00;39,63
10.12.2018 22:00;10.12.2018 23:00;39,59
10.12.2018 23:00;11.12.2018 00:00;38,65
11.12.2018 00:00;11.12.2018 01:00;35,64
11.12.2018 01:00;11.12.2018 02:00;31,87
11.12.2018 02:00;11.12.2018 03:00;35,26
11.12.2018 03:00;11.12.2018 04:00;35,03
11.12.2018 04:00;11.12.2018 05:00;33,49
11.12.2018 05:00;11.12.2018 06:00;33,02
11.12.2018 06:00;11.12.2018 07:00;44,63
11.12.2018 07:00;11.12.2018 08:00;52,66
11.12.2018 08:00;11.12.2018 09:00;57,62
11.12.2018 09:00;11.12.2018 10:00;54,06
11.12.2018 10:00;11.12.2018 11:00;53,55
11.12.2018 11:00;11.12.2018 12:00;59,75
11.12.2018 12:00;11.12.2018 13:00;62,73
11.12.2018 13:00;11.12.2018 14:00;65,06
11.12.2018 14:00;11.12.2018 15:00;65,91
11.12.2018 15:00;11.12.2018 16:00;67,65
11.12.2018 16:00;11.12.2018 17:00;69,93
11.12.2018 17:00;11.12.2018 18:00;81,36
11.12.2018 18:00;11.12.2018 19:00;75,93
11.12.2018 19:00;11.12.2018 20:00;70,74
11.12.2018 20:00;11.12.2018 21:00;68,04
11.12.2018 21:00;11.12.2018 22:00;64,07
11.12.2018 22:00;11.12.2018 23:00;58,48
11.12.2018 23:00;12.12.2018 00:00;52,4
12.12.2018 00:00;12.12.2018 01:00;50,02
12.12.2018 01:00;12.12.2018 02:00;48,7
12.12.2018 02:00;12.12.2018 03:00;49,01
12.12.2018 03:00;12.12.2018 04:00;48,28
12.12.2018 04:00;12.12.2018 05:00;48,69
12.12.2018 05:00;12.12.2018 06:00;52,29
12.12.2018 06:00;12.12.2018 07:00;66,47
12.12.2018 07:00;12.12.2018 08:00;85,05
12.12.2018 08:00;12.12.2018 09:00;90,12
12.12.2018 09:00;12.12.2018 10:00;89,68
12.12.2018 10:00;12.12.2018 11:00;86,88
12.12.2018 11:00;12.12.2018 12:00;81,06
12.12.2018 12:00;12.12.2018 13:00;75,95
12.12.2018 13:00;12.12.2018 14:00;76,41
12.12.2018 14:00;12.12.2018 15:00;79,41
12.12.2018 15:00;12.12.2018 16:00;82,24
12.12.2018 16:00;12.12.2018 17:00;82,18
12.12.2018 17:00;12.12.2018 18:00;89,86
12.12.2018 18:00;12.12.2018 19:00;83,45
12.12.2018 19:00;12.12.2018 20:00;77,27
12.12.2018 20:00;12.12.2018 21:00;69,99
12.12.2018 21:00;12.12.2018 22:00;61,9
12.12.2018 22:00;12.12.2018 23:00;52,6
12.12.2018 23:00;13.12.2018 00:00;50,43
13.12.2018 00:00;13.12.2018 01:00;52,89
13.12.2018 01:00;13.12.2018 02:00;50,56
13.12.2018 02:00;13.12.2018 03:00;49,75
13.12.2018 03:00;13.12.2018 04:00;49,04
13.12.2018 04:00;13.12.2018 05:00;48,24
13.12.2018 05:00;13.12.2018 06:00;50,91
13.12.2018 06:00;13.12.2018 07:00;61,5
13.12.2018 07:00;13.12.2018 08:00;75,96
13.12.2018 08:00;13.12.2018 09:00;76,49
13.12.2018 09:00;13.12.2018 10:00;75,9
13.12.2018 10:00;13.12.2018 11:00;75,37
13.12.2018 11:00;13.12.2018 12:00;74,0
13.12.2018 12:00;13.12.2018 13:00;72,98
13.12.2018 13:00;13.12.2018 14:00;72,98
13.12.2018 14:00;13.12.2018 15:00;74,4
13.12.2018 15:00;13.12.2018 16:00;78,77
13.12.2018 16:00;13.12.2018 17:00;81,33
13.12.2018 17:00;13.12.2018 18:00;88,71
13.12.2018 18:00;13.12.2018 19:00;77,24
13.12.2018 19:00;13.12.2018 20:00;77,5
13.12.2018 20:00;13.12.2018 21:00;60,78
13.12.2018 21:00;13.12.2018 22:00;54,29
13.12.2018 22:00;13.12.2018 23:00;58,32
13.12.2018 23:00;14.12.2018 00:00;51,92
14.12.2018 00:00;14.12.2018 01:00;49,69
14.12.2018 01:00;14.12.2018 02:00;48,83
14.12.2018 02:00;14.12.2018 03:00;48,39
14.12.2018 03:00;14.12.2018 04:00;48,94
14.12.2018 04:00;14.12.2018 05:00;49,69
14.12.2018 05:00;14.12.2018 06:00;54,13
14.12.2018 06:00;14.12.2018 07:00;64,98
14.12.2018 07:00;14.12.2018 08:00;77,75
14.12.2018 08:00;14.12.2018 09:00;90,08
14.12.2018 09:00;14.12.2018 10:00;88,93
14.12.2018 10:00;14.12.2018 11:00;83,9
14.12.2018 11:00;14.12.2018 12:00;84,33
14.12.2018 12:00;14.12.2018 13:00;83,3
14.12.2018 13:00;14.12.2018 14:00;81,81
14.12.2018 14:00;14.12.2018 15:00;83,3
14.12.2018 15:00;14.12.2018 16:00;83,04
14.12.2018 16:00;14.12.2018 17:00;84,84
14.12.2018 17:00;14.12.2018 18:00;97,29
14.12.2018 18:00;14.12.2018 19:00;83,35
14.12.2018 19:00;14.12.2018 20:00;75,65
14.12.2018 20:00;14.12.2018 21:00;72,51
14.12.2018 21:00;14.12.2018 22:00;60,79
14.12.2018 22:00;14.12.2018 23:00;59,42
14.12.2018 23:00;15.12.2018 00:00;52,88
15.12.2018 00:00;15.12.2018 01:00;58,07
15.12.2018 01:00;15.12.2018 02:00;52,83
15.12.2018 02:00;15.12.2018 03:00;52,12
15.12.2018 03:00;15.12.2018 04:00;52,74
15.12.2018 04:00;15.12.2018 05:00;51,25
15.12.2018 05:00;15.12.2018 06:00;50,78
15.12.2018 06:00;15.12.2018 07:00;51,07
15.12.2018 07:00;15.12.2018 08:00;52,21
15.12.2018 08:00;15.12.2018 09:00;54,76
15.12.2018 09:00;15.12.2018 10:00;68,4
15.12.2018 10:00;15.12.2018 11:00;66,98
15.12.2018 11:00;15.12.2018 12:00;68,93
15.12.2018 12:00;15.12.2018 13:00;64,95
15.12.2018 13:00;15.12.2018 14:00;58,71
15.12.2018 14:00;15.12.2018 15:00;55,35
15.12.2018 15:00;15.12.2018 16:00;53,89
15.12.2018 16:00;15.12.2018 17:00;53,66
15.12.2018 17:00;15.12.2018 18:00;60,32
15.12.2018 18:00;15.12.2018 19:00;52,87
15.12.2018 19:00;15.12.2018 20:00;48,29
15.12.2018 20:00;15.12.2018 21:00;50,3
15.12.2018 21:00;15.12.2018 22:00;46,92
15.12.2018 22:00;15.12.2018 23:00;43,64
15.12.2018 23:00;16.12.2018 00:00;36,72
16.12.2018 00:00;16.12.2018 01:00;36,96
16.12.2018 01:00;16.12.2018 02:00;38,81
16.12.2018 02:00;16.12.2018 03:00;38,1
16.12.2018 03:00;16.12.2018 04:00;38,58
16.12.2018 04:00;16.12.2018 05:00;38,23
16.12.2018 05:00;16.12.2018 06:00;38,42
16.12.2018 06:00;16.12.2018 07:00;38,41
16.12.2018 07:00;16.12.2018 08:00;37,08
16.12.2018 08:00;16.12.2018 09:00;42,76
16.12.2018 09:00;16.12.2018 10:00;47,42
16.12.2018 10:00;16.12.2018 11:00;47,59
16.12.2018 11:00;16.12.2018 12:00;50,55
16.12.2018 12:00;16.12.2018 13:00;55,87
16.12.2018 13:00;16.12.2018 14:00;54,24
16.12.2018 14:00;16.12.2018 15:00;52,25
16.12.2018 15:00;16.12.2018 16:00;53,58
16.12.2018 16:00;16.12.2018 17:00;58,45
16.12.2018 17:00;16.12.2018 18:00;67,01
16.12.2018 18:00;16.12.2018 19:00;71,1
16.12.2018 19:00;16.12.2018 20:00;64,95
16.12.2018 20:00;16.12.2018 21:00;61,61
16.12.2018 21:00;16.12.2018 22:00;60,6
16.12.2018 22:00;16.12.2018 23:00;50,63
16.12.2018 23:00;17.12.2018 00:00;49,82
17.12.2018 00:00;17.12.2018 01:00;52,08
17.12.2018 01:00;17.12.2018 02:00;50,08
17.12.2018 02:00;17.12.2018 03:00;49,92
17.12.2018 03:00;17.12.2018 04:00;49,05
17.12.2018 04:00;17.12.2018 05:00;49,47
17.12.2018 05:00;17.12.2018 06:00;52,03
17.12.2018 06:00;17.12.2018 07:00;65,15
17.12.2018 07:00;17.12.2018 08:00;78,1
17.12.2018 08:00;17.12.2018 09:00;83,7
17.12.2018 09:00;17.12.2018 10:00;83,76
17.12.2018 10:00;17.12.2018 11:00;82,0
17.12.2018 11:00;17.12.2018 12:00;80,96
17.12.2018 12:00;17.12.2018 13:00;79,02
17.12.2018 13:00;17.12.2018 14:00;79,01
17.12.2018 14:00;17.12.2018 15:00;79,03
17.12.2018 15:00;17.12.2018 16:00;78,98
17.12.2018 16:00;17.12.2018 17:00;79,05
17.12.2018 17:00;17.12.2018 18:00;80,9
17.12.2018 18:00;17.12.2018 19:00;81,38
17.12.2018 19:00;17.12.2018 20:00;79,0
17.12.2018 20:00;17.12.2018 21:00;75,04
17.12.2018 21:00;17.12.2018 22:00;66,6
17.12.2018 22:00;17.12.2018 23:00;58,12
17.12.2018 23:00;18.12.2018 00:00;52,95
18.12.2018 00:00;18.12.2018 01:00;51,16
18.12.2018 01:00;18.12.2018 02:00;51,02
18.12.2018 02:00;18.12.2018 03:00;49,83
18.12.2018 03:00;18.12.2018 04:00;48,93
18.12.2018 04:00;18.12.2018 05:00;49,0
18.12.2018 05:00;18.12.2018 06:00;51,03
18.12.2018 06:00;18.12.2018 07:00;58,81
18.12.2018 07:00;18.12.2018 08:00;71,23
18.12.2018 08:00;18.12.2018 09:00;74,63
18.12.2018 09:00;18.12.2018 10:00;72,04
18.12.2018 10:00;18.12.2018 11:00;69,68
18.12.2018 11:00;18.12.2018 12:00;68,57
18.12.2018 12:00;18.12.2018 13:00;66,12
18.12.2018 13:00;18.12.2018 14:00;66,43
18.12.2018 14:00;18.12.2018 15:00;66,87
18.12.2018 15:00;18.12.2018 16:00;66,15
18.12.2018 16:00;18.12.2018 17:00;65,9
18.12.2018 17:00;18.12.2018 18:00;67,14
18.12.2018 18:00;18.12.2018 19:00;61,05
18.12.2018 19:00;18.12.2018 20:00;55,07
18.12.2018 20:00;18.12.2018 21:00;53,53
18.12.2018 21:00;18.12.2018 22:00;50,26
18.12.2018 22:00;18.12.2018 23:00;48,42
18.12.2018 23:00;19.12.2018 00:00;43,81
19.12.2018 00:00;19.12.2018 01:00;40,02
19.12.2018 01:00;19.12.2018 02:00;37,97
19.12.2018 02:00;19.12.2018 03:00;37,03
19.12.2018 03:00;19.12.2018 04:00;35,14
19.12.2018 04:00;19.12.2018 05:00;39,91
19.12.2018 05:00;19.12.2018 06:00;42,41
19.12.2018 06:00;19.12.2018 07:00;47,3
19.12.2018 07:00;19.12.2018 08:00;52,45
19.12.2018 08:00;19.12.2018 09:00;56,37
19.12.2018 09:00;19.12.2018 10:00;57,97
19.12.2018 10:00;19.12.2018 11:00;58,35
19.12.2018 11:00;19.12.2018 12:00;69,7
19.12.2018 12:00;19.12.2018 13:00;69,19
19.12.2018 13:00;19.12.2018 14:00;69,89
19.12.2018 14:00;19.12.2018 15:00;69,76
19.12.2018 15:00;19.12.2018 16:00;69,03
19.12.2018 16:00;19.12.2018 17:00;69,35
19.12.2018 17:00;19.12.2018 18:00;69,63
19.12.2018 18:00;19.12.2018 19:00;69,8
19.12.2018 19:00;19.12.2018 20:00;69,08
19.12.2018 20:00;19.12.2018 21:00;66,96
19.12.2018 21:00;19.12.2018 22:00;55,58
19.12.2018 22:00;19.12.2018 23:00;51,63
19.12.2018 23:00;20.12.2018 00:00;50,08
20.12.2018 00:00;20.12.2018 01:00;47,62
20.12.2018 01:00;20.12.2018 02:00;48,18
20.12.2018 02:00;20.12.2018 03:00;48,35
20.12.2018 03:00;20.12.2018 04:00;47,5
20.12.2018 04:00;20.12.2018 05:00;47,72
20.12.2018 05:00;20.12.2018 06:00;47,19
20.12.2018 06:00;20.12.2018 07:00;54,37
20.12.2018 07:00;20.12.2018 08:00;66,29
20.12.2018 08:00;20.12.2018 09:00;68,49
20.12.2018 09:00;20.12.2018 10:00;68,4
20.12.2018 10:00;20.12.2018 11:00;66,6
20.12.2018 11:00;20.12.2018 12:00;66,53
20.12.2018 12:00;20.12.2018 13:00;64,8
20.12.2018 13:00;20.12.2018 14:00;64,79
20.12.2018 14:00;20.12.2018 15:00;64,07
20.12.2018 15:00;20.12.2018 16:00;64,33
20.12.2018 16:00;20.12.2018 17:00;60,78
20.12.2018 17:00;20.12.2018 18:00;57,97
20.12.2018 18:00;20.12.2018 19:00;57,73
20.12.2018 19:00;20.12.2018 20:00;55,75
20.12.2018 20:00;20.12.2018 21:00;49,6
20.12.2018 21:00;20.12.2018 22:00;47,79
20.12.2018 22:00;20.12.2018 23:00;49,83
20.12.2018 23:00;21.12.2018 00:00;45,85
21.12.2018 00:00;21.12.2018 01:00;45,76
21.12.2018 01:00;21.12.2018 02:00;45,03
21.12.2018 02:00;21.12.2018 03:00;42,9
21.12.2018 03:00;21.12.2018 04:00;38,03
21.12.2018 04:00;21.12.2018 05:00;39,98
21.12.2018 05:00;21.12.2018 06:00;42,8
21.12.2018 06:00;21.12.2018 07:00;47,55
21.12.2018 07:00;21.12.2018 08:00;62,77
21.12.2018 08:00;21.12.2018 09:00;62,81
21.12.2018 09:00;21.12.2018 10:00;56,91
21.12.2018 10:00;21.12.2018 11:00;58,12
21.12.2018 11:00;21.12.2018 12:00;59,31
21.12.2018 12:00;21.12.2018 13:00;61,93
21.12.2018 13:00;21.12.2018 14:00;56,34
21.12.2018 14:00;21.12.2018 15:00;54,34
21.12.2018 15:00;21.12.2018 16:00;52,8
21.12.2018 16:00;21.12.2018 17:00;53,19
21.12.2018 17:00;21.12.2018 18:00;54,42
21.12.2018 18:00;21.12.2018 19:00;53,13
21.12.2018 19:00;21.12.2018 20:00;49,71
21.12.2018 20:00;21.12.2018 21:00;45,33
21.12.2018 21:00;21.12.2018 22:00;40,03
21.12.2018 22:00;21.12.2018 23:00;37,73
21.12.2018 23:00;22.12.2018 00:00;30,06
22.12.2018 00:00;22.12.2018 01:00;-5,36
22.12.2018 01:00;22.12.2018 02:00;3,57
22.12.2018 02:00;22.12.2018 03:00;-0,06
22.12.2018 03:00;22.12.2018 04:00;-0,1
22.12.2018 04:00;22.12.2018 05:00;-0,77
22.12.2018 05:00;22.12.2018 06:00;9,32
22.12.2018 06:00;22.12.2018 07:00;16,58
22.12.2018 07:00;22.12.2018 08:00;34,56
22.12.2018 08:00;22.12.2018 09:00;45,36
22.12.2018 09:00;22.12.2018 10:00;47,92
22.12.2018 10:00;22.12.2018 11:00;48,44
22.12.2018 11:00;22.12.2018 12:00;53,08
22.12.2018 12:00;22.12.2018 13:00;51,92
22.12.2018 13:00;22.12.2018 14:00;52,61
22.12.2018 14:00;22.12.2018 15:00;51,97
22.12.2018 15:00;22.12.2018 16:00;53,78
22.12.2018 16:00;22.12.2018 17:00;55,04
22.12.2018 17:00;22.12.2018 18:00;56,52
22.12.2018 18:00;22.12.2018 19:00;57,07
22.12.2018 19:00;22.12.2018 20:00;58,4
22.12.2018 20:00;22.12.2018 21:00;51,92
22.12.2018 21:00;22.12.2018 22:00;50,11
22.12.2018 22:00;22.12.2018 23:00;47,08
22.12.2018 23:00;23.12.2018 00:00;39,94
23.12.2018 00:00;23.12.2018 01:00;43,33
23.12.2018 01:00;23.12.2018 02:00;32,1
23.12.2018 02:00;23.12.2018 03:00;28,34
23.12.2018 03:00;23.12.2018 04:00;24,72
23.12.2018 04:00;23.12.2018 05:00;23,0
23.12.2018 05:00;23.12.2018 06:00;14,81
23.12.2018 06:00;23.12.2018 07:00;12,03
23.12.2018 07:00;23.12.2018 08:00;24,01
23.12.2018 08:00;23.12.2018 09:00;29,9
23.12.2018 09:00;23.12.2018 10:00;39,16
23.12.2018 10:00;23.12.2018 11:00;40,38
23.12.2018 11:00;23.12.2018 12:00;46,14
23.12.2018 12:00;23.12.2018 13:00;49,59
23.12.2018 13:00;23.12.2018 14:00;48,0
23.12.2018 14:00;23.12.2018 15:00;46,39
23.12.2018 15:00;23.12.2018 16:00;51,6
23.12.2018 16:00;23.12.2018 17:00;55,99
23.12.2018 17:00;23.12.2018 18:00;63,36
23.12.2018 18:00;23.12.2018 19:00;64,8
23.12.2018 19:00;23.12.2018 20:00;64,72
23.12.2018 20:00;23.12.2018 21:00;60,92
23.12.2018 21:00;23.12.2018 22:00;53,99
23.12.2018 22:00;23.12.2018 23:00;54,42
23.12.2018 23:00;24.12.2018 00:00;52,32
24.12.2018 00:00;24.12.2018 01:00;43,01
24.12.2018 01:00;24.12.2018 02:00;39,93
24.12.2018 02:00;24.12.2018 03:00;36,85
24.12.2018 03:00;24.12.2018 04:00;33,17
24.12.2018 04:00;24.12.2018 05:00;34,37
24.12.2018 05:00;24.12.2018 06:00;38,04
24.12.2018 06:00;24.12.2018 07:00;39,99
24.12.2018 07:00;24.12.2018 08:00;49,09
24.12.2018 08:00;24.12.2018 09:00;52,9
24.12.2018 09:00;24.12.2018 10:00;53,39
24.12.2018 10:00;24.12.2018 11:00;53,1
24.12.2018 11:00;24.12.2018 12:00;52,88
24.12.2018 12:00;24.12.2018 13:00;52,97
24.12.2018 13:00;24.12.2018 14:00;52,46
24.12.2018 14:00;24.12.2018 15:00;52,44
24.12.2018 15:00;24.12.2018 16:00;52,9
24.12.2018 16:00;24.12.2018 17:00;53,24
24.12.2018 17:00;24.12.2018 18:00;52,61
24.12.2018 18:00;24.12.2018 19:00;51,31
24.12.2018 19:00;24.12.2018 20:00;50,74
24.12.2018 20:00;24.12.2018 21:00;49,76
24.12.2018 21:00;24.12.2018 22:00;48,53
24.12.2018 22:00;24.12.2018 23:00;48,38
24.12.2018 23:00;25.12.2018 00:00;31,88
25.12.2018 00:00;25.12.2018 01:00;23,79
25.12.2018 01:00;25.12.2018 02:00;0,09
25.12.2018 02:00;25.12.2018 03:00;-0,04
25.12.2018 03:00;25.12.2018 04:00;7,94
25.12.2018 04:00;25.12.2018 05:00;12,48
25.12.2018 05:00;25.12.2018 06:00;0,72
25.12.2018 06:00;25.12.2018 07:00;-7,3
25.12.2018 07:00;25.12.2018 08:00;-5,68
25.12.2018 08:00;25.12.2018 09:00;20,34
25.12.2018 09:00;25.12.2018 10:00;24,85
25.12.2018 10:00;25.12.2018 11:00;14,93
25.12.2018 11:00;25.12.2018 12:00;24,68
25.12.2018 12:00;25.12.2018 13:00;26,49
25.12.2018 13:00;25.12.2018 14:00;5,81
25.12.2018 14:00;25.12.2018 15:00;3,91
25.12.2018 15:00;25.12.2018 16:00;17,99
25.12.2018 16:00;25.12.2018 17:00;25,4
25.12.2018 17:00;25.12.2018 18:00;29,49
25.12.2018 18:00;25.12.2018 19:00;41,79
25.12.2018 19:00;25.12.2018 20:00;42,4
25.12.2018 20:00;25.12.2018 21:00;42,53
25.12.2018 21:00;25.12.2018 22:00;36,23
25.12.2018 22:00;25.12.2018 23:00;39,94
25.12.2018 23:00;26.12.2018 00:00;27,4
26.12.2018 00:00;26.12.2018 01:00;25,04
26.12.2018 01:00;26.12.2018 02:00;24,57
26.12.2018 02:00;26.12.2018 03:00;21,71
26.12.2018 03:00;26.12.2018 04:00;23,68
26.12.2018 04:00;26.12.2018 05:00;20,99
26.12.2018 05:00;26.12.2018 06:00;28,51
26.12.2018 06:00;26.12.2018 07:00;28,99
26.12.2018 07:00;26.12.2018 08:00;46,48
26.12.2018 08:00;26.12.2018 09:00;49,35
26.12.2018 09:00;26.12.2018 10:00;51,1
26.12.2018 10:00;26.12.2018 11:00;53,14
26.12.2018 11:00;26.12.2018 12:00;54,88
26.12.2018 12:00;26.12.2018 13:00;54,25
26.12.2018 13:00;26.12.2018 14:00;51,81
26.12.2018 14:00;26.12.2018 15:00;51,33
26.12.2018 15:00;26.12.2018 16:00;51,92
26.12.2018 16:00;26.12.2018 17:00;58,13
26.12.2018 17:00;26.12.2018 18:00;66,59
26.12.2018 18:00;26.12.2018 19:00;68,42
26.12.2018 19:00;26.12.2018 20:00;69,8
26.12.2018 20:00;26.12.2018 21:00;62,3
26.12.2018 21:00;26.12.2018 22:00;59,93
26.12.2018 22:00;26.12.2018 23:00;62,34
26.12.2018 23:00;27.12.2018 00:00;52,4
27.12.2018 00:00;27.12.2018 01:00;47,41
27.12.2018 01:00;27.12.2018 02:00;47,1
27.12.2018 02:00;27.12.2018 03:00;46,74
27.12.2018 03:00;27.12.2018 04:00;45,03
27.12.2018 04:00;27.12.2018 05:00;46,02
27.12.2018 05:00;27.12.2018 06:00;49,18
27.12.2018 06:00;27.12.2018 07:00;51,03
27.12.2018 07:00;27.12.2018 08:00;58,89
27.12.2018 08:00;27.12.2018 09:00;64,96
27.12.2018 09:00;27.12.2018 10:00;64,61
27.12.2018 10:00;27.12.2018 11:00;59,01
27.12.2018 11:00;27.12.2018 12:00;58,45
27.12.2018 12:00;27.12.2018 13:00;66,14
27.12.2018 13:00;27.12.2018 14:00;65,0
27.12.2018 14:00;27.12.2018 15:00;65,51
27.12.2018 15:00;27.12.2018 16:00;68,11
27.12.2018 16:00;27.12.2018 17:00;69,22
27.12.2018 17:00;27.12.2018 18:00;70,74
27.12.2018 18:00;27.12.2018 19:00;71,97
27.12.2018 19:00;27.12.2018 20:00;71,25
27.12.2018 20:00;27.12.2018 21:00;70,0
27.12.2018 21:00;27.12.2018 22:00;62,56
27.12.2018 22:00;27.12.2018 23:00;64,62
27.12.2018 23:00;28.12.2018 00:00;56,81
28.12.2018 00:00;28.12.2018 01:00;50,04
28.12.2018 01:00;28.12.2018 02:00;50,0
28.12.2018 02:00;28.12.2018 03:00;49,19
28.12.2018 03:00;28.12.2018 04:00;48,51
28.12.2018 04:00;28.12.2018 05:00;48,07
28.12.2018 05:00;28.12.2018 06:00;49,82
28.12.2018 06:00;28.12.2018 07:00;52,03
28.12.2018 07:00;28.12.2018 08:00;62,63
28.12.2018 08:00;28.12.2018 09:00;65,77
28.12.2018 09:00;28.12.2018 10:00;67,1
28.12.2018 10:00;28.12.2018 11:00;66,27
28.12.2018 11:00;28.12.2018 12:00;66,36
28.12.2018 12:00;28.12.2018 13:00;63,42
28.12.2018 13:00;28.12.2018 14:00;63,92
28.12.2018 14:00;28.12.2018 15:00;64,64
28.12.2018 15:00;28.12.2018 16:00;63,35
28.12.2018 16:00;28.12.2018 17:00;66,01
28.12.2018 17:00;28.12.2018 18:00;67,98
28.12.2018 18:00;28.12.2018 19:00;70,16
28.12.2018 19:00;28.12.2018 20:00;68,93
28.12.2018 20:00;28.12.2018 21:00;66,0
28.12.2018 21:00;28.12.2018 22:00;59,91
28.12.2018 22:00;28.12.2018 23:00;54,0
28.12.2018 23:00;29.12.2018 00:00;51,01
29.12.2018 00:00;29.12.2018 01:00;56,69
29.12.2018 01:00;29.12.2018 02:00;49,87
29.12.2018 02:00;29.12.2018 03:00;48,9
29.12.2018 03:00;29.12.2018 04:00;47,15
29.12.2018 04:00;29.12.2018 05:00;46,79
29.12.2018 05:00;29.12.2018 06:00;47,21
29.12.2018 06:00;29.12.2018 07:00;48,01
29.12.2018 07:00;29.12.2018 08:00;50,02
29.12.2018 08:00;29.12.2018 09:00;52,26
29.12.2018 09:00;29.12.2018 10:00;60,41
29.12.2018 10:00;29.12.2018 11:00;62,01
29.12.2018 11:00;29.12.2018 12:00;60,09
29.12.2018 12:00;29.12.2018 13:00;58,97
29.12.2018 13:00;29.12.2018 14:00;54,91
29.12.2018 14:00;29.12.2018 15:00;51,14
29.12.2018 15:00;29.12.2018 16:00;50,79
29.12.2018 16:00;29.12.2018 17:00;51,28
29.12.2018 17:00;29.12.2018 18:00;52,89
29.12.2018 18:00;29.12.2018 19:00;52,0
29.12.2018 19:00;29.12.2018 20:00;48,35
29.12.2018 20:00;29.12.2018 21:00;39,76
29.12.2018 21:00;29.12.2018 22:00;25,45
29.12.2018 22:00;29.12.2018 23:00;24,84
29.12.2018 23:00;30.12.2018 00:00;-3,71
30.12.2018 00:00;30.12.2018 01:00;13,75
30.12.2018 01:00;30.12.2018 02:00;0,02
30.12.2018 02:00;30.12.2018 03:00;5,88
30.12.2018 03:00;30.12.2018 04:00;2,09
30.12.2018 04:00;30.12.2018 05:00;1,36
30.12.2018 05:00;30.12.2018 06:00;-9,9
30.12.2018 06:00;30.12.2018 07:00;-16,77
30.12.2018 07:00;30.12.2018 08:00;-19,43
30.12.2018 08:00;30.12.2018 09:00;30,94
30.12.2018 09:00;30.12.2018 10:00;42,1
30.12.2018 10:00;30.12.2018 11:00;49,54
30.12.2018 11:00;30.12.2018 12:00;51,16
30.12.2018 12:00;30.12.2018 13:00;51,16
30.12.2018 13:00;30.12.2018 14:00;49,64
30.12.2018 14:00;30.12.2018 15:00;46,19
30.12.2018 15:00;30.12.2018 16:00;47,64
30.12.2018 16:00;30.12.2018 17:00;48,33
30.12.2018 17:00;30.12.2018 18:00;58,4
30.12.2018 18:00;30.12.2018 19:00;62,43
30.12.2018 19:00;30.12.2018 20:00;62,94
30.12.2018 20:00;30.12.2018 21:00;62,42
30.12.2018 21:00;30.12.2018 22:00;54,28
30.12.2018 22:00;30.12.2018 23:00;55,63
30.12.2018 23:00;31.12.2018 00:00;55,0
31.12.2018 00:00;31.12.2018 01:00;50,94
31.12.2018 01:00;31.12.2018 02:00;49,57
31.12.2018 02:00;31.12.2018 03:00;48,32
31.12.2018 03:00;31.12.2018 04:00;45,89
31.12.2018 04:00;31.12.2018 05:00;45,47
31.12.2018 05:00;31.12.2018 06:00;47,11
31.12.2018 06:00;31.12.2018 07:00;49,12
31.12.2018 07:00;31.12.2018 08:00;53,79
31.12.2018 08:00;31.12.2018 09:00;57,47
31.12.2018 09:00;31.12.2018 10:00;61,52
31.12.2018 10:00;31.12.2018 11:00;62,64
31.12.2018 11:00;31.12.2018 12:00;64,56
31.12.2018 12:00;31.12.2018 13:00;65,01
31.12.2018 13:00;31.12.2018 14:00;63,91
31.12.2018 14:00;31.12.2018 15:00;59,68
31.12.2018 15:00;31.12.2018 16:00;56,6
31.12.2018 16:00;31.12.2018 17:00;63,28
31.12.2018 17:00;31.12.2018 18:00;68,01
31.12.2018 18:00;31.12.2018 19:00;66,98
31.12.2018 19:00;31.12.2018 20:00;58,28
31.12.2018 20:00;31.12.2018 21:00;50,01
31.12.2018 21:00;31.12.2018 22:00;45,06
31.12.2018 22:00;31.12.2018 23:00;48,93
31.12.2018 23:00;01.01.2019 00:00;30,31
01.01.2019 00:00;01.01.2019 01:00;28,32
01.01.2019 01:00;01.01.2019 02:00;10,07
01.01.2019 02:00;01.01.2019 03:00;-4,08
01.01.2019 03:00;01.01.2019 04:00;-9,91
01.01.2019 04:00;01.01.2019 05:00;-7,41
01.01.2019 05:00;01.01.2019 06:00;-12,55
01.01.2019 06:00;01.01.2019 07:00;-17,25
01.01.2019 07:00;01.01.2019 08:00;-15,07
01.01.2019 08:00;01.01.2019 09:00;-4,93
01.01.2019 09:00;01.01.2019 10:00;-6,33
01.01.2019 10:00;01.01.2019 11:00;-4,93
01.01.2019 11:00;01.01.2019 12:00;0,45
01.01.2019 12:00;01.01.2019 13:00;0,12
01.01.2019 13:00;01.01.2019 14:00;-0,02
01.01.2019 14:00;01.01.2019 15:00;0,0
01.01.2019 15:00;01.01.2019 16:00;-0,03
01.01.2019 16:00;01.01.2019 17:00;1,97
01.01.2019 17:00;01.01.2019 18:00;9,06
01.01.2019 18:00;01.01.2019 19:00;0,07
01.01.2019 19:00;01.01.2019 20:00;-4,97
01.01.2019 20:00;01.01.2019 21:00;-6,98
01.01.2019 21:00;01.01.2019 22:00;-24,93
01.01.2019 22:00;01.01.2019 23:00;-4,87
01.01.2019 23:00;02.01.2019 00:00;-28,93
02.01.2019 00:00;02.01.2019 01:00;-33,57
02.01.2019 01:00;02.01.2019 02:00;-45,92
02.01.2019 02:00;02.01.2019 03:00;-48,29
02.01.2019 03:00;02.01.2019 04:00;-44,99
02.01.2019 04:00;02.01.2019 05:00;-48,93
02.01.2019 05:00;02.01.2019 06:00;-29,91
02.01.2019 06:00;02.01.2019 07:00;-0,01
02.01.2019 07:00;02.01.2019 08:00;37,43
02.01.2019 08:00;02.01.2019 09:00;48,06
02.01.2019 09:00;02.01.2019 10:00;50,74
02.01.2019 10:00;02.01.2019 11:00;47,57
02.01.2019 11:00;02.01.2019 12:00;43,94
02.01.2019 12:00;02.01.2019 13:00;40,97
02.01.2019 13:00;02.01.2019 14:00;44,95
02.01.2019 14:00;02.01.2019 15:00;49,64
02.01.2019 15:00;02.01.2019 16:00;53,67
02.01.2019 16:00;02.01.2019 17:00;56,01
02.01.2019 17:00;02.01.2019 18:00;56,95
02.01.2019 18:00;02.01.2019 19:00;62,08
02.01.2019 19:00;02.01.2019 20:00;62,11
02.01.2019 20:00;02.01.2019 21:00;57,99
02.01.2019 21:00;02.01.2019 22:00;55,64
02.01.2019 22:00;02.01.2019 23:00;55,13
02.01.2019 23:00;03.01.2019 00:00;50,76
03.01.2019 00:00;03.01.2019 01:00;42,91
03.01.2019 01:00;03.01.2019 02:00;45,22
03.01.2019 02:00;03.01.2019 03:00;45,63
03.01.2019 03:00;03.01.2019 04:00;44,0
03.01.2019 04:00;03.01.2019 05:00;43,88
03.01.2019 05:00;03.01.2019 06:00;45,92
03.01.2019 06:00;03.01.2019 07:00;51,07
03.01.2019 07:00;03.01.2019 08:00;52,77
03.01.2019 08:00;03.01.2019 09:00;62,89
03.01.2019 09:00;03.01.2019 10:00;60,03
03.01.2019 10:00;03.01.2019 11:00;58,19
03.01.2019 11:00;03.01.2019 12:00;62,99
03.01.2019 12:00;03.01.2019 13:00;63,52
03.01.2019 13:00;03.01.2019 14:00;64,67
03.01.2019 14:00;03.01.2019 15:00;65,24
03.01.2019 15:00;03.01.2019 16:00;67,76
03.01.2019 16:00;03.01.2019 17:00;68,41
03.01.2019 17:00;03.01.2019 18:00;69,55
03.01.2019 18:00;03.01.2019 19:00;67,28
03.01.2019 19:00;03.01.2019 20:00;69,46
03.01.2019 20:00;03.01.2019 21:00;68,38
03.01.2019 21:00;03.01.2019 22:00;61,72
03.01.2019 22:00;03.01.2019 23:00;53,72
03.01.2019 23:00;04.01.2019 00:00;49,98
04.01.2019 00:00;04.01.2019 01:00;50,73
04.01.2019 01:00;04.01.2019 02:00;47,11
04.01.2019 02:00;04.01.2019 03:00;47,07
04.01.2019 03:00;04.01.2019 04:00;46,94
04.01.2019 04:00;04.01.2019 05:00;47,0
04.01.2019 05:00;04.01.2019 06:00;46,91
04.01.2019 06:00;04.01.2019 07:00;49,59
04.01.2019 07:00;04.01.2019 08:00;55,32
04.01.2019 08:00;04.01.2019 09:00;55,78
04.01.2019 09:00;04.01.2019 10:00;55,52
04.01.2019 10:00;04.01.2019 11:00;55,23
04.01.2019 11:00;04.01.2019 12:00;53,58
04.01.2019 12:00;04.01.2019 13:00;51,74
04.01.2019 13:00;04.01.2019 14:00;51,6
04.01.2019 14:00;04.01.2019 15:00;51,41
04.01.2019 15:00;04.01.2019 16:00;51,69
04.01.2019 16:00;04.01.2019 17:00;52,59
04.01.2019 17:00;04.01.2019 18:00;54,66
04.01.2019 18:00;04.01.2019 19:00;54,1
04.01.2019 19:00;04.01.2019 20:00;51,89
04.01.2019 20:00;04.01.2019 21:00;46,58
04.01.2019 21:00;04.01.2019 22:00;45,43
04.01.2019 22:00;04.01.2019 23:00;43,96
04.01.2019 23:00;05.01.2019 00:00;31,41
05.01.2019 00:00;05.01.2019 01:00;26,9
05.01.2019 01:00;05.01.2019 02:00;25,12
05.01.2019 02:00;05.01.2019 03:00;24,12
05.01.2019 03:00;05.01.2019 04:00;22,04
05.01.2019 04:00;05.01.2019 05:00;18,37
05.01.2019 05:00;05.01.2019 06:00;22,09
05.01.2019 06:00;05.01.2019 07:00;23,35
05.01.2019 07:00;05.01.2019 08:00;28,76
05.01.2019 08:00;05.01.2019 09:00;36,63
05.01.2019 09:00;05.01.2019 10:00;40,46
05.01.2019 10:00;05.01.2019 11:00;45,85
05.01.2019 11:00;05.01.2019 12:00;49,8
05.01.2019 12:00;05.01.2019 13:00;51,36
05.01.2019 13:00;05.01.2019 14:00;51,74
05.01.2019 14:00;05.01.2019 15:00;51,92
05.01.2019 15:00;05.01.2019 16:00;53,22
05.01.2019 16:00;05.01.2019 17:00;56,62
05.01.2019 17:00;05.01.2019 18:00;56,92
05.01.2019 18:00;05.01.2019 19:00;61,64
05.01.2019 19:00;05.01.2019 20:00;59,44
05.01.2019 20:00;05.01.2019 21:00;52,75
05.01.2019 21:00;05.01.2019 22:00;51,9
05.01.2019 22:00;05.01.2019 23:00;51,38
05.01.2019 23:00;06.01.2019 00:00;49,96
06.01.2019 00:00;06.01.2019 01:00;50,29
06.01.2019 01:00;06.01.2019 02:00;47,72
06.01.2019 02:00;06.01.2019 03:00;48,38
06.01.2019 03:00;06.01.2019 04:00;48,02
06.01.2019 04:00;06.01.2019 05:00;44,23
06.01.2019 05:00;06.01.2019 06:00;47,17
06.01.2019 06:00;06.01.2019 07:00;48,19
06.01.2019 07:00;06.01.2019 08:00;49,11
06.01.2019 08:00;06.01.2019 09:00;50,44
06.01.2019 09:00;06.01.2019 10:00;53,4
06.01.2019 10:00;06.01.2019 11:00;56,55
06.01.2019 11:00;06.01.2019 12:00;60,02
06.01.2019 12:00;06.01.2019 13:00;60,22
06.01.2019 13:00;06.01.2019 14:00;55,0
06.01.2019 14:00;06.01.2019 15:00;52,39
06.01.2019 15:00;06.01.2019 16:00;51,57
06.01.2019 16:00;06.01.2019 17:00;54,71
06.01.2019 17:00;06.01.2019 18:00;63,43
06.01.2019 18:00;06.01.2019 19:00;67,37
06.01.2019 19:00;06.01.2019 20:00;67,2
06.01.2019 20:00;06.01.2019 21:00;66,03
06.01.2019 21:00;06.01.2019 22:00;55,36
06.01.2019 22:00;06.01.2019 23:00;58,59
06.01.2019 23:00;07.01.2019 00:00;53,7
07.01.2019 00:00;07.01.2019 01:00;46,03
07.01.2019 01:00;07.01.2019 02:00;47,98
07.01.2019 02:00;07.01.2019 03:00;47,84
07.01.2019 03:00;07.01.2019 04:00;46,11
07.01.2019 04:00;07.01.2019 05:00;46,08
07.01.2019 05:00;07.01.2019 06:00;47,62
07.01.2019 06:00;07.01.2019 07:00;55,77
07.01.2019 07:00;07.01.2019 08:00;68,61
07.01.2019 08:00;07.01.2019 09:00;74,15
07.01.2019 09:00;07.01.2019 10:00;74,93
07.01.2019 10:00;07.01.2019 11:00;73,59
07.01.2019 11:00;07.01.2019 12:00;71,23
07.01.2019 12:00;07.01.2019 13:00;68,79
07.01.2019 13:00;07.01.2019 14:00;66,75
07.01.2019 14:00;07.01.2019 15:00;62,47
07.01.2019 15:00;07.01.2019 16:00;53,25
07.01.2019 16:00;07.01.2019 17:00;53,26
07.01.2019 17:00;07.01.2019 18:00;53,42
07.01.2019 18:00;07.01.2019 19:00;47,91
07.01.2019 19:00;07.01.2019 20:00;42,05
07.01.2019 20:00;07.01.2019 21:00;40,96
07.01.2019 21:00;07.01.2019 22:00;32,04
07.01.2019 22:00;07.01.2019 23:00;20,82
07.01.2019 23:00;08.01.2019 00:00;1,84
08.01.2019 00:00;08.01.2019 01:00;17,94
08.01.2019 01:00;08.01.2019 02:00;20,91
08.01.2019 02:00;08.01.2019 03:00;7,78
08.01.2019 03:00;08.01.2019 04:00;14,33
08.01.2019 04:00;08.01.2019 05:00;18,56
08.01.2019 05:00;08.01.2019 06:00;18,57
08.01.2019 06:00;08.01.2019 07:00;35,81
08.01.2019 07:00;08.01.2019 08:00;43,87
08.01.2019 08:00;08.01.2019 09:00;46,93
08.01.2019 09:00;08.01.2019 10:00;43,88
08.01.2019 10:00;08.01.2019 11:00;43,85
08.01.2019 11:00;08.01.2019 12:00;46,74
08.01.2019 12:00;08.01.2019 13:00;43,94
08.01.2019 13:00;08.01.2019 14:00;43,21
08.01.2019 14:00;08.01.2019 15:00;43,81
08.01.2019 15:00;08.01.2019 16:00;45,6
08.01.2019 16:00;08.01.2019 17:00;35,21
08.01.2019 17:00;08.01.2019 18:00;45,64
08.01.2019 18:00;08.01.2019 19:00;45,63
08.01.2019 19:00;08.01.2019 20:00;37,94
08.01.2019 20:00;08.01.2019 21:00;39,53
08.01.2019 21:00;08.01.2019 22:00;35,97
08.01.2019 22:00;08.01.2019 23:00;29,72
08.01.2019 23:00;09.01.2019 00:00;22,55
09.01.2019 00:00;09.01.2019 01:00;20,04
09.01.2019 01:00;09.01.2019 02:00;7,24
09.01.2019 02:00;09.01.2019 03:00;3,43
09.01.2019 03:00;09.01.2019 04:00;10,04
09.01.2019 04:00;09.01.2019 05:00;14,2
09.01.2019 05:00;09.01.2019 06:00;25,41
09.01.2019 06:00;09.01.2019 07:00;36,98
09.01.2019 07:00;09.01.2019 08:00;43,89
09.01.2019 08:00;09.01.2019 09:00;50,98
09.01.2019 09:00;09.01.2019 10:00;50,3
09.01.2019 10:00;09.01.2019 11:00;50,21
09.01.2019 11:00;09.01.2019 12:00;45,8
09.01.2019 12:00;09.01.2019 13:00;43,64
09.01.2019 13:00;09.01.2019 14:00;43,49
09.01.2019 14:00;09.01.2019 15:00;45,05
09.01.2019 15:00;09.01.2019 16:00;49,95
09.01.2019 16:00;09.01.2019 17:00;53,82
09.01.2019 17:00;09.01.2019 18:00;55,94
09.01.2019 18:00;09.01.2019 19:00;54,19
09.01.2019 19:00;09.01.2019 20:00;54,19
09.01.2019 20:00;09.01.2019 21:00;52,98
09.01.2019 21:00;09.01.2019 22:00;51,68
09.01.2019 22:00;09.01.2019 23:00;48,95
09.01.2019 23:00;10.01.2019 00:00;47,63
10.01.2019 00:00;10.01.2019 01:00;46,48
10.01.2019 01:00;10.01.2019 02:00;49,08
10.01.2019 02:00;10.01.2019 03:00;47,11
10.01.2019 03:00;10.01.2019 04:00;48,8
10.01.2019 04:00;10.01.2019 05:00;48,5
10.01.2019 05:00;10.01.2019 06:00;49,8
10.01.2019 06:00;10.01.2019 07:00;56,97
10.01.2019 07:00;10.01.2019 08:00;72,6
10.01.2019 08:00;10.01.2019 09:00;81,17
10.01.2019 09:00;10.01.2019 10:00;81,79
10.01.2019 10:00;10.01.2019 11:00;81,15
10.01.2019 11:00;10.01.2019 12:00;80,0
10.01.2019 12:00;10.01.2019 13:00;76,39
10.01.2019 13:00;10.01.2019 14:00;75,0
10.01.2019 14:00;10.01.2019 15:00;76,06
10.01.2019 15:00;10.01.2019 16:00;75,4
10.01.2019 16:00;10.01.2019 17:00;76,78
10.01.2019 17:00;10.01.2019 18:00;83,45
10.01.2019 18:00;10.01.2019 19:00;85,15
10.01.2019 19:00;10.01.2019 20:00;78,16
10.01.2019 20:00;10.01.2019 21:00;71,92
10.01.2019 21:00;10.01.2019 22:00;67,43
10.01.2019 22:00;10.01.2019 23:00;60,49
10.01.2019 23:00;11.01.2019 00:00;54,45
11.01.2019 00:00;11.01.2019 01:00;47,84
11.01.2019 01:00;11.01.2019 02:00;46,58
11.01.2019 02:00;11.01.2019 03:00;45,74
11.01.2019 03:00;11.01.2019 04:00;43,81
11.01.2019 04:00;11.01.2019 05:00;46,24
11.01.2019 05:00;11.01.2019 06:00;46,46
11.01.2019 06:00;11.01.2019 07:00;51,29
11.01.2019 07:00;11.01.2019 08:00;60,53
11.01.2019 08:00;11.01.2019 09:00;60,02
11.01.2019 09:00;11.01.2019 10:00;62,92
11.01.2019 10:00;11.01.2019 11:00;61,58
11.01.2019 11:00;11.01.2019 12:00;60,6
11.01.2019 12:00;11.01.2019 13:00;51,89
11.01.2019 13:00;11.01.2019 14:00;50,8
11.01.2019 14:00;11.01.2019 15:00;45,46
11.01.2019 15:00;11.01.2019 16:00;42,2
11.01.2019 16:00;11.01.2019 17:00;45,0
11.01.2019 17:00;11.01.2019 18:00;51,51
11.01.2019 18:00;11.01.2019 19:00;48,59
11.01.2019 19:00;11.01.2019 20:00;49,2
11.01.2019 20:00;11.01.2019 21:00;44,99
11.01.2019 21:00;11.01.2019 22:00;44,93
11.01.2019 22:00;11.01.2019 23:00;46,4
11.01.2019 23:00;12.01.2019 00:00;43,46
12.01.2019 00:00;12.01.2019 01:00;47,24
12.01.2019 01:00;12.01.2019 02:00;45,88
12.01.2019 02:00;12.01.2019 03:00;44,61
12.01.2019 03:00;12.01.2019 04:00;42,9
12.01.2019 04:00;12.01.2019 05:00;42,03
12.01.2019 05:00;12.01.2019 06:00;39,33
12.01.2019 06:00;12.01.2019 07:00;42,98
12.01.2019 07:00;12.01.2019 08:00;41,23
12.01.2019 08:00;12.01.2019 09:00;42,12
12.01.2019 09:00;12.01.2019 10:00;45,1
12.01.2019 10:00;12.01.2019 11:00;44,27
12.01.2019 11:00;12.01.2019 12:00;44,18
12.01.2019 12:00;12.01.2019 13:00;42,05
12.01.2019 13:00;12.01.2019 14:00;38,61
12.01.2019 14:00;12.01.2019 15:00;37,76
12.01.2019 15:00;12.01.2019 16:00;33,03
12.01.2019 16:00;12.01.2019 17:00;35,84
12.01.2019 17:00;12.01.2019 18:00;44,24
12.01.2019 18:00;12.01.2019 19:00;46,29
12.01.2019 19:00;12.01.2019 20:00;40,05
12.01.2019 20:00;12.01.2019 21:00;38,15
12.01.2019 21:00;12.01.2019 22:00;30,26
12.01.2019 22:00;12.01.2019 23:00;40,2
12.01.2019 23:00;13.01.2019 00:00;30,89
13.01.2019 00:00;13.01.2019 01:00;23,35
13.01.2019 01:00;13.01.2019 02:00;12,4
13.01.2019 02:00;13.01.2019 03:00;19,01
13.01.2019 03:00;13.01.2019 04:00;23,51
13.01.2019 04:00;13.01.2019 05:00;23,25
13.01.2019 05:00;13.01.2019 06:00;20,01
13.01.2019 06:00;13.01.2019 07:00;20,8
13.01.2019 07:00;13.01.2019 08:00;22,14
13.01.2019 08:00;13.01.2019 09:00;23,68
13.01.2019 09:00;13.01.2019 10:00;25,05
13.01.2019 10:00;13.01.2019 11:00;26,3
13.01.2019 11:00;13.01.2019 12:00;30,81
13.01.2019 12:00;13.01.2019 13:00;27,06
13.01.2019 13:00;13.01.2019 14:00;8,5
13.01.2019 14:00;13.01.2019 15:00;-0,08
13.01.2019 15:00;13.01.2019 16:00;-0,01
13.01.2019 16:00;13.01.2019 17:00;-0,27
13.01.2019 17:00;13.01.2019 18:00;21,55
13.01.2019 18:00;13.01.2019 19:00;24,04
13.01.2019 19:00;13.01.2019 20:00;15,91
13.01.2019 20:00;13.01.2019 21:00;-0,02
13.01.2019 21:00;13.01.2019 22:00;-0,33
13.01.2019 22:00;13.01.2019 23:00;3,04
13.01.2019 23:00;14.01.2019 00:00;-7,28
14.01.2019 00:00;14.01.2019 01:00;-3,14
14.01.2019 01:00;14.01.2019 02:00;-12,0
14.01.2019 02:00;14.01.2019 03:00;-15,04
14.01.2019 03:00;14.01.2019 04:00;-11,09
14.01.2019 04:00;14.01.2019 05:00;-4,94
14.01.2019 05:00;14.01.2019 06:00;1,59
14.01.2019 06:00;14.01.2019 07:00;35,9
14.01.2019 07:00;14.01.2019 08:00;51,22
14.01.2019 08:00;14.01.2019 09:00;51,66
14.01.2019 09:00;14.01.2019 10:00;46,09
14.01.2019 10:00;14.01.2019 11:00;50,26
14.01.2019 11:00;14.01.2019 12:00;44,49
14.01.2019 12:00;14.01.2019 13:00;41,24
14.01.2019 13:00;14.01.2019 14:00;38,91
14.01.2019 14:00;14.01.2019 15:00;41,79
14.01.2019 15:00;14.01.2019 16:00;49,63
14.01.2019 16:00;14.01.2019 17:00;50,93
14.01.2019 17:00;14.01.2019 18:00;51,25
14.01.2019 18:00;14.01.2019 19:00;50,93
14.01.2019 19:00;14.01.2019 20:00;50,52
14.01.2019 20:00;14.01.2019 21:00;49,61
14.01.2019 21:00;14.01.2019 22:00;44,3
14.01.2019 22:00;14.01.2019 23:00;41,29
14.01.2019 23:00;15.01.2019 00:00;37,26
15.01.2019 00:00;15.01.2019 01:00;35,18
15.01.2019 01:00;15.01.2019 02:00;35,82
15.01.2019 02:00;15.01.2019 03:00;34,99
15.01.2019 03:00;15.01.2019 04:00;34,56
15.01.2019 04:00;15.01.2019 05:00;30,8
15.01.2019 05:00;15.01.2019 06:00;33,41
15.01.2019 06:00;15.01.2019 07:00;47,4
15.01.2019 07:00;15.01.2019 08:00;53,73
15.01.2019 08:00;15.01.2019 09:00;57,02
15.01.2019 09:00;15.01.2019 10:00;58,38
15.01.2019 10:00;15.01.2019 11:00;56,54
15.01.2019 11:00;15.01.2019 12:00;55,0
15.01.2019 12:00;15.01.2019 13:00;53,92
15.01.2019 13:00;15.01.2019 14:00;53,31
15.01.2019 14:00;15.01.2019 15:00;52,63
15.01.2019 15:00;15.01.2019 16:00;52,12
15.01.2019 16:00;15.01.2019 17:00;51,0
15.01.2019 17:00;15.01.2019 18:00;53,91
15.01.2019 18:00;15.01.2019 19:00;46,35
15.01.2019 19:00;15.01.2019 20:00;42,73
15.01.2019 20:00;15.01.2019 21:00;40,32
15.01.2019 21:00;15.01.2019 22:00;39,93
15.01.2019 22:00;15.01.2019 23:00;39,66
15.01.2019 23:00;16.01.2019 00:00;32,04
16.01.2019 00:00;16.01.2019 01:00;29,23
16.01.2019 01:00;16.01.2019 02:00;29,26
16.01.2019 02:00;16.01.2019 03:00;32,64
16.01.2019 03:00;16.01.2019 04:00;32,41
16.01.2019 04:00;16.01.2019 05:00;33,06
16.01.2019 05:00;16.01.2019 06:00;33,22
16.01.2019 06:00;16.01.2019 07:00;46,63
16.01.2019 07:00;16.01.2019 08:00;53,8
16.01.2019 08:00;16.01.2019 09:00;55,73
16.01.2019 09:00;16.01.2019 10:00;53,83
16.01.2019 10:00;16.01.2019 11:00;54,22
16.01.2019 11:00;16.01.2019 12:00;54,92
16.01.2019 12:00;16.01.2019 13:00;53,65
16.01.2019 13:00;16.01.2019 14:00;52,69
16.01.2019 14:00;16.01.2019 15:00;53,55
16.01.2019 15:00;16.01.2019 16:00;53,72
16.01.2019 16:00;16.01.2019 17:00;54,83
16.01.2019 17:00;16.01.2019 18:00;54,01
16.01.2019 18:00;16.01.2019 19:00;52,67
16.01.2019 19:00;16.01.2019 20:00;50,92
16.01.2019 20:00;16.01.2019 21:00;39,81
16.01.2019 21:00;16.01.2019 22:00;39,29
16.01.2019 22:00;16.01.2019 23:00;39,91
16.01.2019 23:00;17.01.2019 00:00;30,77
17.01.2019 00:00;17.01.2019 01:00;26,35
17.01.2019 01:00;17.01.2019 02:00;25,23
17.01.2019 02:00;17.01.2019 03:00;22,77
17.01.2019 03:00;17.01.2019 04:00;24,02
17.01.2019 04:00;17.01.2019 05:00;25,63
17.01.2019 05:00;17.01.2019 06:00;28,06
17.01.2019 06:00;17.01.2019 07:00;35,38
17.01.2019 07:00;17.01.2019 08:00;46,04
17.01.2019 08:00;17.01.2019 09:00;49,96
17.01.2019 09:00;17.01.2019 10:00;50,56
17.01.2019 10:00;17.01.2019 11:00;46,1
17.01.2019 11:00;17.01.2019 12:00;46,02
17.01.2019 12:00;17.01.2019 13:00;43,94
17.01.2019 13:00;17.01.2019 14:00;46,64
17.01.2019 14:00;17.01.2019 15:00;55,0
17.01.2019 15:00;17.01.2019 16:00;55,9
17.01.2019 16:00;17.01.2019 17:00;57,43
17.01.2019 17:00;17.01.2019 18:00;58,72
17.01.2019 18:00;17.01.2019 19:00;55,06
17.01.2019 19:00;17.01.2019 20:00;53,85
17.01.2019 20:00;17.01.2019 21:00;49,52
17.01.2019 21:00;17.01.2019 22:00;42,35
17.01.2019 22:00;17.01.2019 23:00;42,44
17.01.2019 23:00;18.01.2019 00:00;41,11
18.01.2019 00:00;18.01.2019 01:00;42,26
18.01.2019 01:00;18.01.2019 02:00;40,91
18.01.2019 02:00;18.01.2019 03:00;43,77
18.01.2019 03:00;18.01.2019 04:00;45,05
18.01.2019 04:00;18.01.2019 05:00;47,89
18.01.2019 05:00;18.01.2019 06:00;49,79
18.01.2019 06:00;18.01.2019 07:00;54,77
18.01.2019 07:00;18.01.2019 08:00;73,08
18.01.2019 08:00;18.01.2019 09:00;76,86
18.01.2019 09:00;18.01.2019 10:00;74,32
18.01.2019 10:00;18.01.2019 11:00;70,51
18.01.2019 11:00;18.01.2019 12:00;69,02
18.01.2019 12:00;18.01.2019 13:00;68,94
18.01.2019 13:00;18.01.2019 14:00;65,27
18.01.2019 14:00;18.01.2019 15:00;67,44
18.01.2019 15:00;18.01.2019 16:00;68,14
18.01.2019 16:00;18.01.2019 17:00;69,0
18.01.2019 17:00;18.01.2019 18:00;75,04
18.01.2019 18:00;18.01.2019 19:00;76,13
18.01.2019 19:00;18.01.2019 20:00;72,46
18.01.2019 20:00;18.01.2019 21:00;61,83
18.01.2019 21:00;18.01.2019 22:00;59,24
18.01.2019 22:00;18.01.2019 23:00;56,7
18.01.2019 23:00;19.01.2019 00:00;53,16
19.01.2019 00:00;19.01.2019 01:00;52,47
19.01.2019 01:00;19.01.2019 02:00;53,18
19.01.2019 02:00;19.01.2019 03:00;54,73
19.01.2019 03:00;19.01.2019 04:00;51,15
19.01.2019 04:00;19.01.2019 05:00;52,25
19.01.2019 05:00;19.01.2019 06:00;50,93
19.01.2019 06:00;19.01.2019 07:00;49,04
19.01.2019 07:00;19.01.2019 08:00;50,56
19.01.2019 08:00;19.01.2019 09:00;55,71
19.01.2019 09:00;19.01.2019 10:00;56,62
19.01.2019 10:00;19.01.2019 11:00;63,13
19.01.2019 11:00;19.01.2019 12:00;57,33
19.01.2019 12:00;19.01.2019 13:00;55,26
19.01.2019 13:00;19.01.2019 14:00;54,38
19.01.2019 14:00;19.01.2019 15:00;52,55
19.01.2019 15:00;19.01.2019 16:00;55,41
19.01.2019 16:00;19.01.2019 17:00;62,93
19.01.2019 17:00;19.01.2019 18:00;67,15
19.01.2019 18:00;19.01.2019 19:00;68,91
19.01.2019 19:00;19.01.2019 20:00;57,37
19.01.2019 20:00;19.01.2019 21:00;54,61
19.01.2019 21:00;19.01.2019 22:00;52,32
19.01.2019 22:00;19.01.2019 23:00;51,53
19.01.2019 23:00;20.01.2019 00:00;49,8
20.01.2019 00:00;20.01.2019 01:00;47,74
20.01.2019 01:00;20.01.2019 02:00;47,01
20.01.2019 02:00;20.01.2019 03:00;48,8
20.01.2019 03:00;20.01.2019 04:00;48,9
20.01.2019 04:00;20.01.2019 05:00;49,63
20.01.2019 05:00;20.01.2019 06:00;49,53
20.01.2019 06:00;20.01.2019 07:00;46,69
20.01.2019 07:00;20.01.2019 08:00;46,76
20.01.2019 08:00;20.01.2019 09:00;50,88
20.01.2019 09:00;20.01.2019 10:00;52,38
20.01.2019 10:00;20.01.2019 11:00;50,07
20.01.2019 11:00;20.01.2019 12:00;49,33
20.01.2019 12:00;20.01.2019 13:00;48,98
20.01.2019 13:00;20.01.2019 14:00;47,4
20.01.2019 14:00;20.01.2019 15:00;53,2
20.01.2019 15:00;20.01.2019 16:00;55,39
20.01.2019 16:00;20.01.2019 17:00;58,02
20.01.2019 17:00;20.01.2019 18:00;66,68
20.01.2019 18:00;20.01.2019 19:00;69,43
20.01.2019 19:00;20.01.2019 20:00;69,75
20.01.2019 20:00;20.01.2019 21:00;67,83
20.01.2019 21:00;20.01.2019 22:00;57,37
20.01.2019 22:00;20.01.2019 23:00;59,56
20.01.2019 23:00;21.01.2019 00:00;52,07
21.01.2019 00:00;21.01.2019 01:00;55,54
21.01.2019 01:00;21.01.2019 02:00;53,02
21.01.2019 02:00;21.01.2019 03:00;52,1
21.01.2019 03:00;21.01.2019 04:00;51,31
21.01.2019 04:00;21.01.2019 05:00;51,14
21.01.2019 05:00;21.01.2019 06:00;53,23
21.01.2019 06:00;21.01.2019 07:00;67,16
21.01.2019 07:00;21.01.2019 08:00;79,62
21.01.2019 08:00;21.01.2019 09:00;88,06
21.01.2019 09:00;21.01.2019 10:00;86,01
21.01.2019 10:00;21.01.2019 11:00;80,04
21.01.2019 11:00;21.01.2019 12:00;75,0
21.01.2019 12:00;21.01.2019 13:00;70,65
21.01.2019 13:00;21.01.2019 14:00;71,56
21.01.2019 14:00;21.01.2019 15:00;72,03
21.01.2019 15:00;21.01.2019 16:00;76,49
21.01.2019 16:00;21.01.2019 17:00;81,08
21.01.2019 17:00;21.01.2019 18:00;88,35
21.01.2019 18:00;21.01.2019 19:00;88,5
21.01.2019 19:00;21.01.2019 20:00;79,93
21.01.2019 20:00;21.01.2019 21:00;73,69
21.01.2019 21:00;21.01.2019 22:00;68,34
21.01.2019 22:00;21.01.2019 23:00;59,83
21.01.2019 23:00;22.01.2019 00:00;54,93
22.01.2019 00:00;22.01.2019 01:00;54,19
22.01.2019 01:00;22.01.2019 02:00;54,05
22.01.2019 02:00;22.01.2019 03:00;53,52
22.01.2019 03:00;22.01.2019 04:00;51,97
22.01.2019 04:00;22.01.2019 05:00;51,96
22.01.2019 05:00;22.01.2019 06:00;52,03
22.01.2019 06:00;22.01.2019 07:00;62,33
22.01.2019 07:00;22.01.2019 08:00;73,91
22.01.2019 08:00;22.01.2019 09:00;80,23
22.01.2019 09:00;22.01.2019 10:00;76,6
22.01.2019 10:00;22.01.2019 11:00;74,19
22.01.2019 11:00;22.01.2019 12:00;70,06
22.01.2019 12:00;22.01.2019 13:00;62,07
22.01.2019 13:00;22.01.2019 14:00;58,45
22.01.2019 14:00;22.01.2019 15:00;59,69
22.01.2019 15:00;22.01.2019 16:00;65,09
22.01.2019 16:00;22.01.2019 17:00;70,21
22.01.2019 17:00;22.01.2019 18:00;78,8
22.01.2019 18:00;22.01.2019 19:00;74,13
22.01.2019 19:00;22.01.2019 20:00;64,46
22.01.2019 20:00;22.01.2019 21:00;58,34
22.01.2019 21:00;22.01.2019 22:00;55,38
22.01.2019 22:00;22.01.2019 23:00;56,59
22.01.2019 23:00;23.01.2019 00:00;53,72
23.01.2019 00:00;23.01.2019 01:00;53,2
23.01.2019 01:00;23.01.2019 02:00;53,92
23.01.2019 02:00;23.01.2019 03:00;53,11
23.01.2019 03:00;23.01.2019 04:00;51,19
23.01.2019 04:00;23.01.2019 05:00;51,02
23.01.2019 05:00;23.01.2019 06:00;55,05
23.01.2019 06:00;23.01.2019 07:00;63,96
23.01.2019 07:00;23.01.2019 08:00;82,55
23.01.2019 08:00;23.01.2019 09:00;92,15
23.01.2019 09:00;23.01.2019 10:00;93,65
23.01.2019 10:00;23.01.2019 11:00;91,93
23.01.2019 11:00;23.01.2019 12:00;88,07
23.01.2019 12:00;23.01.2019 13:00;84,96
23.01.2019 13:00;23.01.2019 14:00;83,99
23.01.2019 14:00;23.01.2019 15:00;85,59
23.01.2019 15:00;23.01.2019 16:00;86,87
23.01.2019 16:00;23.01.2019 17:00;84,96
23.01.2019 17:00;23.01.2019 18:00;90,01
23.01.2019 18:00;23.01.2019 19:00;93,76
23.01.2019 19:00;23.01.2019 20:00;90,54
23.01.2019 20:00;23.01.2019 21:00;78,49
23.01.2019 21:00;23.01.2019 22:00;68,93
23.01.2019 22:00;23.01.2019 23:00;65,1
23.01.2019 23:00;24.01.2019 00:00;59,0
24.01.2019 00:00;24.01.2019 01:00;61,88
24.01.2019 01:00;24.01.2019 02:00;59,08
24.01.2019 02:00;24.01.2019 03:00;57,9
24.01.2019 03:00;24.01.2019 04:00;56,37
24.01.2019 04:00;24.01.2019 05:00;56,95
24.01.2019 05:00;24.01.2019 06:00;61,53
24.01.2019 06:00;24.01.2019 07:00;75,98
24.01.2019 07:00;24.01.2019 08:00;99,07
24.01.2019 08:00;24.01.2019 09:00;113,07
24.01.2019 09:00;24.01.2019 10:00;111,23
24.01.2019 10:00;24.01.2019 11:00;108,25
24.01.2019 11:00;24.01.2019 12:00;103,69
24.01.2019 12:00;24.01.2019 13:00;98,33
24.01.2019 13:00;24.01.2019 14:00;92,63
24.01.2019 14:00;24.01.2019 15:00;89,86
24.01.2019 15:00;24.01.2019 16:00;90,45
24.01.2019 16:00;24.01.2019 17:00;95,01
24.01.2019 17:00;24.01.2019 18:00;106,82
24.01.2019 18:00;24.01.2019 19:00;121,46
24.01.2019 19:00;24.01.2019 20:00;102,06
24.01.2019 20:00;24.01.2019 21:00;89,34
24.01.2019 21:00;24.01.2019 22:00;74,43
24.01.2019 22:00;24.01.2019 23:00;69,92
24.01.2019 23:00;25.01.2019 00:00;63,79
25.01.2019 00:00;25.01.2019 01:00;64,63
25.01.2019 01:00;25.01.2019 02:00;60,64
25.01.2019 02:00;25.01.2019 03:00;57,8
25.01.2019 03:00;25.01.2019 04:00;55,44
25.01.2019 04:00;25.01.2019 05:00;55,28
25.01.2019 05:00;25.01.2019 06:00;58,98
25.01.2019 06:00;25.01.2019 07:00;71,1
25.01.2019 07:00;25.01.2019 08:00;84,48
25.01.2019 08:00;25.01.2019 09:00;97,0
25.01.2019 09:00;25.01.2019 10:00;93,64
25.01.2019 10:00;25.01.2019 11:00;85,0
25.01.2019 11:00;25.01.2019 12:00;78,0
25.01.2019 12:00;25.01.2019 13:00;71,81
25.01.2019 13:00;25.01.2019 14:00;69,87
25.01.2019 14:00;25.01.2019 15:00;68,64
25.01.2019 15:00;25.01.2019 16:00;65,58
25.01.2019 16:00;25.01.2019 17:00;65,08
25.01.2019 17:00;25.01.2019 18:00;70,87
25.01.2019 18:00;25.01.2019 19:00;71,74
25.01.2019 19:00;25.01.2019 20:00;58,51
25.01.2019 20:00;25.01.2019 21:00;50,78
25.01.2019 21:00;25.01.2019 22:00;51,12
25.01.2019 22:00;25.01.2019 23:00;47,16
25.01.2019 23:00;26.01.2019 00:00;42,9
26.01.2019 00:00;26.01.2019 01:00;44,29
26.01.2019 01:00;26.01.2019 02:00;42,61
26.01.2019 02:00;26.01.2019 03:00;42,51
26.01.2019 03:00;26.01.2019 04:00;41,96
26.01.2019 04:00;26.01.2019 05:00;41,65
26.01.2019 05:00;26.01.2019 06:00;40,72
26.01.2019 06:00;26.01.2019 07:00;41,53
26.01.2019 07:00;26.01.2019 08:00;42,36
26.01.2019 08:00;26.01.2019 09:00;51,37
26.01.2019 09:00;26.01.2019 10:00;56,28
26.01.2019 10:00;26.01.2019 11:00;58,62
26.01.2019 11:00;26.01.2019 12:00;59,18
26.01.2019 12:00;26.01.2019 13:00;56,72
26.01.2019 13:00;26.01.2019 14:00;57,44
26.01.2019 14:00;26.01.2019 15:00;53,32
26.01.2019 15:00;26.01.2019 16:00;52,8
26.01.2019 16:00;26.01.2019 17:00;52,44
26.01.2019 17:00;26.01.2019 18:00;55,95
26.01.2019 18:00;26.01.2019 19:00;57,92
26.01.2019 19:00;26.01.2019 20:00;53,78
26.01.2019 20:00;26.01.2019 21:00;47,98
26.01.2019 21:00;26.01.2019 22:00;44,99
26.01.2019 22:00;26.01.2019 23:00;43,9
26.01.2019 23:00;27.01.2019 00:00;37,75
27.01.2019 00:00;27.01.2019 01:00;28,42
27.01.2019 01:00;27.01.2019 02:00;24,48
27.01.2019 02:00;27.01.2019 03:00;19,98
27.01.2019 03:00;27.01.2019 04:00;18,13
27.01.2019 04:00;27.01.2019 05:00;13,61
27.01.2019 05:00;27.01.2019 06:00;15,34
27.01.2019 06:00;27.01.2019 07:00;3,65
27.01.2019 07:00;27.01.2019 08:00;24,47
27.01.2019 08:00;27.01.2019 09:00;27,04
27.01.2019 09:00;27.01.2019 10:00;32,97
27.01.2019 10:00;27.01.2019 11:00;39,06
27.01.2019 11:00;27.01.2019 12:00;44,05
27.01.2019 12:00;27.01.2019 13:00;46,86
27.01.2019 13:00;27.01.2019 14:00;42,97
27.01.2019 14:00;27.01.2019 15:00;41,18
27.01.2019 15:00;27.01.2019 16:00;40,5
27.01.2019 16:00;27.01.2019 17:00;41,18
27.01.2019 17:00;27.01.2019 18:00;47,25
27.01.2019 18:00;27.01.2019 19:00;52,64
27.01.2019 19:00;27.01.2019 20:00;52,96
27.01.2019 20:00;27.01.2019 21:00;50,44
27.01.2019 21:00;27.01.2019 22:00;47,74
27.01.2019 22:00;27.01.2019 23:00;50,82
27.01.2019 23:00;28.01.2019 00:00;44,81
28.01.2019 00:00;28.01.2019 01:00;42,4
28.01.2019 01:00;28.01.2019 02:00;40,97
28.01.2019 02:00;28.01.2019 03:00;40,42
28.01.2019 03:00;28.01.2019 04:00;37,8
28.01.2019 04:00;28.01.2019 05:00;38,09
28.01.2019 05:00;28.01.2019 06:00;41,83
28.01.2019 06:00;28.01.2019 07:00;53,09
28.01.2019 07:00;28.01.2019 08:00;64,04
28.01.2019 08:00;28.01.2019 09:00;64,88
28.01.2019 09:00;28.01.2019 10:00;62,2
28.01.2019 10:00;28.01.2019 11:00;58,38
28.01.2019 11:00;28.01.2019 12:00;55,92
28.01.2019 12:00;28.01.2019 13:00;55,12
28.01.2019 13:00;28.01.2019 14:00;51,36
28.01.2019 14:00;28.01.2019 15:00;48,63
28.01.2019 15:00;28.01.2019 16:00;47,34
28.01.2019 16:00;28.01.2019 17:00;48,83
28.01.2019 17:00;28.01.2019 18:00;60,83
28.01.2019 18:00;28.01.2019 19:00;59,64
28.01.2019 19:00;28.01.2019 20:00;54,37
28.01.2019 20:00;28.01.2019 21:00;47,54
28.01.2019 21:00;28.01.2019 22:00;45,69
28.01.2019 22:00;28.01.2019 23:00;46,36
28.01.2019 23:00;29.01.2019 00:00;43,91
29.01.2019 00:00;29.01.2019 01:00;44,87
29.01.2019 01:00;29.01.2019 02:00;48,07
29.01.2019 02:00;29.01.2019 03:00;47,49
29.01.2019 03:00;29.01.2019 04:00;44,59
29.01.2019 04:00;29.01.2019 05:00;45,97
29.01.2019 05:00;29.01.2019 06:00;46,46
29.01.2019 06:00;29.01.2019 07:00;55,82
29.01.2019 07:00;29.01.2019 08:00;67,67
29.01.2019 08:00;29.01.2019 09:00;72,8
29.01.2019 09:00;29.01.2019 10:00;70,63
29.01.2019 10:00;29.01.2019 11:00;70,38
29.01.2019 11:00;29.01.2019 12:00;67,51
29.01.2019 12:00;29.01.2019 13:00;64,03
29.01.2019 13:00;29.01.2019 14:00;63,84
29.01.2019 14:00;29.01.2019 15:00;66,56
29.01.2019 15:00;29.01.2019 16:00;66,0
29.01.2019 16:00;29.01.2019 17:00;69,33
29.01.2019 17:00;29.01.2019 18:00;71,45
29.01.2019 18:00;29.01.2019 19:00;72,82
29.01.2019 19:00;29.01.2019 20:00;69,81
29.01.2019 20:00;29.01.2019 21:00;59,51
29.01.2019 21:00;29.01.2019 22:00;55,74
29.01.2019 22:00;29.01.2019 23:00;53,83
29.01.2019 23:00;30.01.2019 00:00;49,34
30.01.2019 00:00;30.01.2019 01:00;46,52
30.01.2019 01:00;30.01.2019 02:00;46,36
30.01.2019 02:00;30.01.2019 03:00;45,1
30.01.2019 03:00;30.01.2019 04:00;42,85
30.01.2019 04:00;30.01.2019 05:00;42,74
30.01.2019 05:00;30.01.2019 06:00;46,34
30.01.2019 06:00;30.01.2019 07:00;52,09
30.01.2019 07:00;30.01.2019 08:00;64,99
30.01.2019 08:00;30.01.2019 09:00;68,17
30.01.2019 09:00;30.01.2019 10:00;66,76
30.01.2019 10:00;30.01.2019 11:00;59,06
30.01.2019 11:00;30.01.2019 12:00;53,03
30.01.2019 12:00;30.01.2019 13:00;54,19
30.01.2019 13:00;30.01.2019 14:00;49,7
30.01.2019 14:00;30.01.2019 15:00;53,56
30.01.2019 15:00;30.01.2019 16:00;49,37
30.01.2019 16:00;30.01.2019 17:00;52,65
30.01.2019 17:00;30.01.2019 18:00;60,49
30.01.2019 18:00;30.01.2019 19:00;62,53
30.01.2019 19:00;30.01.2019 20:00;59,28
30.01.2019 20:00;30.01.2019 21:00;50,02
30.01.2019 21:00;30.01.2019 22:00;51,01
30.01.2019 22:00;30.01.2019 23:00;50,08
30.01.2019 23:00;31.01.2019 00:00;46,86
31.01.2019 00:00;31.01.2019 01:00;47,17
31.01.2019 01:00;31.01.2019 02:00;45,47
31.01.2019 02:00;31.01.2019 03:00;45,43
31.01.2019 03:00;31.01.2019 04:00;46,82
31.01.2019 04:00;31.01.2019 05:00;45,08
31.01.2019 05:00;31.01.2019 06:00;48,7
31.01.2019 06:00;31.01.2019 07:00;62,41
31.01.2019 07:00;31.01.2019 08:00;71,7
31.01.2019 08:00;31.01.2019 09:00;78,49
31.01.2019 09:00;31.01.2019 10:00;69,08
31.01.2019 10:00;31.01.2019 11:00;67,35
31.01.2019 11:00;31.01.2019 12:00;67,94
31.01.2019 12:00;31.01.2019 13:00;66,81
31.01.2019 13:00;31.01.2019 14:00;66,22
31.01.2019 14:00;31.01.2019 15:00;66,16
31.01.2019 15:00;31.01.2019 16:00;66,16
31.01.2019 16:00;31.01.2019 17:00;65,35
31.01.2019 17:00;31.01.2019 18:00;66,68
31.01.2019 18:00;31.01.2019 19:00;66,98
31.01.2019 19:00;31.01.2019 20:00;65,4
31.01.2019 20:00;31.01.2019 21:00;59,9
31.01.2019 21:00;31.01.2019 22:00;52,84
31.01.2019 22:00;31.01.2019 23:00;51,36
31.01.2019 23:00;01.02.2019 00:00;46,72
01.02.2019 00:00;01.02.2019 01:00;43,55
01.02.2019 01:00;01.02.2019 02:00;45,47
01.02.2019 02:00;01.02.2019 03:00;43,1
01.02.2019 03:00;01.02.2019 04:00;41,1
01.02.2019 04:00;01.02.2019 05:00;41,51
01.02.2019 05:00;01.02.2019 06:00;45,76
01.02.2019 06:00;01.02.2019 07:00;47,72
01.02.2019 07:00;01.02.2019 08:00;54,04
01.02.2019 08:00;01.02.2019 09:00;56,66
01.02.2019 09:00;01.02.2019 10:00;55,93
01.02.2019 10:00;01.02.2019 11:00;55,51
01.02.2019 11:00;01.02.2019 12:00;56,9
01.02.2019 12:00;01.02.2019 13:00;58,51
01.02.2019 13:00;01.02.2019 14:00;64,0
01.02.2019 14:00;01.02.2019 15:00;64,93
01.02.2019 15:00;01.02.2019 16:00;64,55
01.02.2019 16:00;01.02.2019 17:00;63,91
01.02.2019 17:00;01.02.2019 18:00;67,71
01.02.2019 18:00;01.02.2019 19:00;69,98
01.02.2019 19:00;01.02.2019 20:00;67,34
01.02.2019 20:00;01.02.2019 21:00;62,99
01.02.2019 21:00;01.02.2019 22:00;55,32
01.02.2019 22:00;01.02.2019 23:00;54,01
01.02.2019 23:00;02.02.2019 00:00;50,92
02.02.2019 00:00;02.02.2019 01:00;50,04
02.02.2019 01:00;02.02.2019 02:00;47,07
02.02.2019 02:00;02.02.2019 03:00;45,7
02.02.2019 03:00;02.02.2019 04:00;43,14
02.02.2019 04:00;02.02.2019 05:00;42,71
02.02.2019 05:00;02.02.2019 06:00;42,6
02.02.2019 06:00;02.02.2019 07:00;43,47
02.02.2019 07:00;02.02.2019 08:00;47,68
02.02.2019 08:00;02.02.2019 09:00;51,47
02.02.2019 09:00;02.02.2019 10:00;55,79
02.02.2019 10:00;02.02.2019 11:00;59,5
02.02.2019 11:00;02.02.2019 12:00;59,15
02.02.2019 12:00;02.02.2019 13:00;56,08
02.02.2019 13:00;02.02.2019 14:00;50,33
02.02.2019 14:00;02.02.2019 15:00;49,09
02.02.2019 15:00;02.02.2019 16:00;48,6
02.02.2019 16:00;02.02.2019 17:00;49,39
02.02.2019 17:00;02.02.2019 18:00;56,86
02.02.2019 18:00;02.02.2019 19:00;57,91
02.02.2019 19:00;02.02.2019 20:00;54,59
02.02.2019 20:00;02.02.2019 21:00;50,43
02.02.2019 21:00;02.02.2019 22:00;48,48
02.02.2019 22:00;02.02.2019 23:00;48,49
02.02.2019 23:00;03.02.2019 00:00;46,06
03.02.2019 00:00;03.02.2019 01:00;44,8
03.02.2019 01:00;03.02.2019 02:00;41,29
03.02.2019 02:00;03.02.2019 03:00;40,48
03.02.2019 03:00;03.02.2019 04:00;39,0
03.02.2019 04:00;03.02.2019 05:00;38,9
03.02.2019 05:00;03.02.2019 06:00;38,47
03.02.2019 06:00;03.02.2019 07:00;39,88
03.02.2019 07:00;03.02.2019 08:00;40,97
03.02.2019 08:00;03.02.2019 09:00;43,8
03.02.2019 09:00;03.02.2019 10:00;47,05
03.02.2019 10:00;03.02.2019 11:00;49,33
03.02.2019 11:00;03.02.2019 12:00;51,11
03.02.2019 12:00;03.02.2019 13:00;50,35
03.02.2019 13:00;03.02.2019 14:00;47,09
03.02.2019 14:00;03.02.2019 15:00;45,14
03.02.2019 15:00;03.02.2019 16:00;44,4
03.02.2019 16:00;03.02.2019 17:00;45,79
03.02.2019 17:00;03.02.2019 18:00;51,94
03.02.2019 18:00;03.02.2019 19:00;59,54
03.02.2019 19:00;03.02.2019 20:00;57,94
03.02.2019 20:00;03.02.2019 21:00;54,69
03.02.2019 21:00;03.02.2019 22:00;51,94
03.02.2019 22:00;03.02.2019 23:00;51,04
03.02.2019 23:00;04.02.2019 00:00;46,42
04.02.2019 00:00;04.02.2019 01:00;43,7
04.02.2019 01:00;04.02.2019 02:00;41,37
04.02.2019 02:00;04.02.2019 03:00;40,48
04.02.2019 03:00;04.02.2019 04:00;39,21
04.02.2019 04:00;04.02.2019 05:00;38,55
04.02.2019 05:00;04.02.2019 06:00;40,71
04.02.2019 06:00;04.02.2019 07:00;49,05
04.02.2019 07:00;04.02.2019 08:00;60,67
04.02.2019 08:00;04.02.2019 09:00;58,93
04.02.2019 09:00;04.02.2019 10:00;55,47
04.02.2019 10:00;04.02.2019 11:00;48,15
04.02.2019 11:00;04.02.2019 12:00;43,46
04.02.2019 12:00;04.02.2019 13:00;41,69
04.02.2019 13:00;04.02.2019 14:00;40,47
04.02.2019 14:00;04.02.2019 15:00;41,01
04.02.2019 15:00;04.02.2019 16:00;43,37
04.02.2019 16:00;04.02.2019 17:00;43,82
04.02.2019 17:00;04.02.2019 18:00;49,06
04.02.2019 18:00;04.02.2019 19:00;46,78
04.02.2019 19:00;04.02.2019 20:00;42,08
04.02.2019 20:00;04.02.2019 21:00;39,42
04.02.2019 21:00;04.02.2019 22:00;38,75
04.02.2019 22:00;04.02.2019 23:00;38,52
04.02.2019 23:00;05.02.2019 00:00;32,51
05.02.2019 00:00;05.02.2019 01:00;34,49
05.02.2019 01:00;05.02.2019 02:00;36,71
05.02.2019 02:00;05.02.2019 03:00;38,42
05.02.2019 03:00;05.02.2019 04:00;39,39
05.02.2019 04:00;05.02.2019 05:00;39,82
05.02.2019 05:00;05.02.2019 06:00;41,72
05.02.2019 06:00;05.02.2019 07:00;50,31
05.02.2019 07:00;05.02.2019 08:00;61,52
05.02.2019 08:00;05.02.2019 09:00;62,31
05.02.2019 09:00;05.02.2019 10:00;62,31
05.02.2019 10:00;05.02.2019 11:00;64,56
05.02.2019 11:00;05.02.2019 12:00;62,85
05.02.2019 12:00;05.02.2019 13:00;58,63
05.02.2019 13:00;05.02.2019 14:00;57,81
05.02.2019 14:00;05.02.2019 15:00;57,96
05.02.2019 15:00;05.02.2019 16:00;58,04
05.02.2019 16:00;05.02.2019 17:00;60,35
05.02.2019 17:00;05.02.2019 18:00;63,06
05.02.2019 18:00;05.02.2019 19:00;65,79
05.02.2019 19:00;05.02.2019 20:00;62,63
05.02.2019 20:00;05.02.2019 21:00;61,77
05.02.2019 21:00;05.02.2019 22:00;53,38
05.02.2019 22:00;05.02.2019 23:00;50,12
05.02.2019 23:00;06.02.2019 00:00;46,98
06.02.2019 00:00;06.02.2019 01:00;42,8
06.02.2019 01:00;06.02.2019 02:00;41,63
06.02.2019 02:00;06.02.2019 03:00;40,98
06.02.2019 03:00;06.02.2019 04:00;40,4
06.02.2019 04:00;06.02.2019 05:00;41,38
06.02.2019 05:00;06.02.2019 06:00;42,31
06.02.2019 06:00;06.02.2019 07:00;51,1
06.02.2019 07:00;06.02.2019 08:00;57,59
06.02.2019 08:00;06.02.2019 09:00;59,01
06.02.2019 09:00;06.02.2019 10:00;53,34
06.02.2019 10:00;06.02.2019 11:00;53,54
06.02.2019 11:00;06.02.2019 12:00;53,32
06.02.2019 12:00;06.02.2019 13:00;53,19
06.02.2019 13:00;06.02.2019 14:00;52,81
06.02.2019 14:00;06.02.2019 15:00;52,93
06.02.2019 15:00;06.02.2019 16:00;54,3
06.02.2019 16:00;06.02.2019 17:00;56,73
06.02.2019 17:00;06.02.2019 18:00;60,27
06.02.2019 18:00;06.02.2019 19:00;62,4
06.02.2019 19:00;06.02.2019 20:00;59,62
06.02.2019 20:00;06.02.2019 21:00;55,8
06.02.2019 21:00;06.02.2019 22:00;50,49
06.02.2019 22:00;06.02.2019 23:00;49,5
06.02.2019 23:00;07.02.2019 00:00;46,18
07.02.2019 00:00;07.02.2019 01:00;46,25
07.02.2019 01:00;07.02.2019 02:00;45,21
07.02.2019 02:00;07.02.2019 03:00;41,24
07.02.2019 03:00;07.02.2019 04:00;38,05
07.02.2019 04:00;07.02.2019 05:00;37,0
07.02.2019 05:00;07.02.2019 06:00;39,04
07.02.2019 06:00;07.02.2019 07:00;48,06
07.02.2019 07:00;07.02.2019 08:00;53,29
07.02.2019 08:00;07.02.2019 09:00;53,04
07.02.2019 09:00;07.02.2019 10:00;51,98
07.02.2019 10:00;07.02.2019 11:00;51,47
07.02.2019 11:00;07.02.2019 12:00;46,38
07.02.2019 12:00;07.02.2019 13:00;43,24
07.02.2019 13:00;07.02.2019 14:00;42,32
07.02.2019 14:00;07.02.2019 15:00;40,75
07.02.2019 15:00;07.02.2019 16:00;41,63
07.02.2019 16:00;07.02.2019 17:00;41,77
07.02.2019 17:00;07.02.2019 18:00;51,37
07.02.2019 18:00;07.02.2019 19:00;51,4
07.02.2019 19:00;07.02.2019 20:00;45,75
07.02.2019 20:00;07.02.2019 21:00;46,07
07.02.2019 21:00;07.02.2019 22:00;41,47
07.02.2019 22:00;07.02.2019 23:00;38,71
07.02.2019 23:00;08.02.2019 00:00;33,68
08.02.2019 00:00;08.02.2019 01:00;32,73
08.02.2019 01:00;08.02.2019 02:00;33,24
08.02.2019 02:00;08.02.2019 03:00;32,57
08.02.2019 03:00;08.02.2019 04:00;31,16
08.02.2019 04:00;08.02.2019 05:00;35,71
08.02.2019 05:00;08.02.2019 06:00;38,99
08.02.2019 06:00;08.02.2019 07:00;45,85
08.02.2019 07:00;08.02.2019 08:00;56,33
08.02.2019 08:00;08.02.2019 09:00;57,94
08.02.2019 09:00;08.02.2019 10:00;54,91
08.02.2019 10:00;08.02.2019 11:00;51,35
08.02.2019 11:00;08.02.2019 12:00;50,66
08.02.2019 12:00;08.02.2019 13:00;44,59
08.02.2019 13:00;08.02.2019 14:00;39,51
08.02.2019 14:00;08.02.2019 15:00;38,77
08.02.2019 15:00;08.02.2019 16:00;42,31
08.02.2019 16:00;08.02.2019 17:00;43,98
08.02.2019 17:00;08.02.2019 18:00;49,61
08.02.2019 18:00;08.02.2019 19:00;50,66
08.02.2019 19:00;08.02.2019 20:00;46,04
08.02.2019 20:00;08.02.2019 21:00;35,88
08.02.2019 21:00;08.02.2019 22:00;33,96
08.02.2019 22:00;08.02.2019 23:00;27,56
08.02.2019 23:00;09.02.2019 00:00;24,47
09.02.2019 00:00;09.02.2019 01:00;0,02
09.02.2019 01:00;09.02.2019 02:00;0,08
09.02.2019 02:00;09.02.2019 03:00;-4,09
09.02.2019 03:00;09.02.2019 04:00;-4,0
09.02.2019 04:00;09.02.2019 05:00;0,06
09.02.2019 05:00;09.02.2019 06:00;0,09
09.02.2019 06:00;09.02.2019 07:00;0,05
09.02.2019 07:00;09.02.2019 08:00;6,37
09.02.2019 08:00;09.02.2019 09:00;12,08
09.02.2019 09:00;09.02.2019 10:00;11,18
09.02.2019 10:00;09.02.2019 11:00;10,64
09.02.2019 11:00;09.02.2019 12:00;4,12
09.02.2019 12:00;09.02.2019 13:00;0,05
09.02.2019 13:00;09.02.2019 14:00;-0,1
09.02.2019 14:00;09.02.2019 15:00;-2,05
09.02.2019 15:00;09.02.2019 16:00;0,09
09.02.2019 16:00;09.02.2019 17:00;9,64
09.02.2019 17:00;09.02.2019 18:00;26,97
09.02.2019 18:00;09.02.2019 19:00;36,17
09.02.2019 19:00;09.02.2019 20:00;25,97
09.02.2019 20:00;09.02.2019 21:00;16,96
09.02.2019 21:00;09.02.2019 22:00;0,09
09.02.2019 22:00;09.02.2019 23:00;12,91
09.02.2019 23:00;10.02.2019 00:00;0,09
10.02.2019 00:00;10.02.2019 01:00;22,88
10.02.2019 01:00;10.02.2019 02:00;16,16
10.02.2019 02:00;10.02.2019 03:00;16,02
10.02.2019 03:00;10.02.2019 04:00;12,45
10.02.2019 04:00;10.02.2019 05:00;10,19
10.02.2019 05:00;10.02.2019 06:00;14,51
10.02.2019 06:00;10.02.2019 07:00;7,01
10.02.2019 07:00;10.02.2019 08:00;10,98
10.02.2019 08:00;10.02.2019 09:00;20,62
10.02.2019 09:00;10.02.2019 10:00;32,95
10.02.2019 10:00;10.02.2019 11:00;36,75
10.02.2019 11:00;10.02.2019 12:00;38,68
10.02.2019 12:00;10.02.2019 13:00;32,5
10.02.2019 13:00;10.02.2019 14:00;34,0
10.02.2019 14:00;10.02.2019 15:00;31,2
10.02.2019 15:00;10.02.2019 16:00;27,99
10.02.2019 16:00;10.02.2019 17:00;32,61
10.02.2019 17:00;10.02.2019 18:00;39,41
10.02.2019 18:00;10.02.2019 19:00;49,19
10.02.2019 19:00;10.02.2019 20:00;49,48
10.02.2019 20:00;10.02.2019 21:00;43,1
10.02.2019 21:00;10.02.2019 22:00;28,99
10.02.2019 22:00;10.02.2019 23:00;34,37
10.02.2019 23:00;11.02.2019 00:00;30,58
11.02.2019 00:00;11.02.2019 01:00;-0,01
11.02.2019 01:00;11.02.2019 02:00;-1,22
11.02.2019 02:00;11.02.2019 03:00;-0,04
11.02.2019 03:00;11.02.2019 04:00;-3,54
11.02.2019 04:00;11.02.2019 05:00;-3,95
11.02.2019 05:00;11.02.2019 06:00;5,65
11.02.2019 06:00;11.02.2019 07:00;39,91
11.02.2019 07:00;11.02.2019 08:00;49,04
11.02.2019 08:00;11.02.2019 09:00;49,41
11.02.2019 09:00;11.02.2019 10:00;44,99
11.02.2019 10:00;11.02.2019 11:00;39,94
11.02.2019 11:00;11.02.2019 12:00;38,73
11.02.2019 12:00;11.02.2019 13:00;36,59
11.02.2019 13:00;11.02.2019 14:00;38,54
11.02.2019 14:00;11.02.2019 15:00;38,66
11.02.2019 15:00;11.02.2019 16:00;38,86
11.02.2019 16:00;11.02.2019 17:00;38,61
11.02.2019 17:00;11.02.2019 18:00;48,11
11.02.2019 18:00;11.02.2019 19:00;48,51
11.02.2019 19:00;11.02.2019 20:00;48,73
11.02.2019 20:00;11.02.2019 21:00;47,96
11.02.2019 21:00;11.02.2019 22:00;41,27
11.02.2019 22:00;11.02.2019 23:00;45,19
11.02.2019 23:00;12.02.2019 00:00;37,34
12.02.2019 00:00;12.02.2019 01:00;37,29
12.02.2019 01:00;12.02.2019 02:00;32,8
12.02.2019 02:00;12.02.2019 03:00;29,71
12.02.2019 03:00;12.02.2019 04:00;31,0
12.02.2019 04:00;12.02.2019 05:00;36,08
12.02.2019 05:00;12.02.2019 06:00;40,02
12.02.2019 06:00;12.02.2019 07:00;46,44
12.02.2019 07:00;12.02.2019 08:00;55,19
12.02.2019 08:00;12.02.2019 09:00;54,91
12.02.2019 09:00;12.02.2019 10:00;57,33
12.02.2019 10:00;12.02.2019 11:00;55,66
12.02.2019 11:00;12.02.2019 12:00;50,93
12.02.2019 12:00;12.02.2019 13:00;50,02
12.02.2019 13:00;12.02.2019 14:00;49,59
12.02.2019 14:00;12.02.2019 15:00;49,98
12.02.2019 15:00;12.02.2019 16:00;50,17
12.02.2019 16:00;12.02.2019 17:00;52,84
12.02.2019 17:00;12.02.2019 18:00;56,92
12.02.2019 18:00;12.02.2019 19:00;60,47
12.02.2019 19:00;12.02.2019 20:00;51,27
12.02.2019 20:00;12.02.2019 21:00;45,96
12.02.2019 21:00;12.02.2019 22:00;41,6
12.02.2019 22:00;12.02.2019 23:00;43,96
12.02.2019 23:00;13.02.2019 00:00;41,51
13.02.2019 00:00;13.02.2019 01:00;34,14
13.02.2019 01:00;13.02.2019 02:00;37,21
13.02.2019 02:00;13.02.2019 03:00;36,29
13.02.2019 03:00;13.02.2019 04:00;33,31
13.02.2019 04:00;13.02.2019 05:00;37,58
13.02.2019 05:00;13.02.2019 06:00;35,34
13.02.2019 06:00;13.02.2019 07:00;45,84
13.02.2019 07:00;13.02.2019 08:00;52,46
13.02.2019 08:00;13.02.2019 09:00;49,99
13.02.2019 09:00;13.02.2019 10:00;47,33
13.02.2019 10:00;13.02.2019 11:00;46,96
13.02.2019 11:00;13.02.2019 12:00;46,66
13.02.2019 12:00;13.02.2019 13:00;46,14
13.02.2019 13:00;13.02.2019 14:00;46,15
13.02.2019 14:00;13.02.2019 15:00;46,3
13.02.2019 15:00;13.02.2019 16:00;46,82
13.02.2019 16:00;13.02.2019 17:00;49,71
13.02.2019 17:00;13.02.2019 18:00;53,94
13.02.2019 18:00;13.02.2019 19:00;56,55
13.02.2019 19:00;13.02.2019 20:00;54,34
13.02.2019 20:00;13.02.2019 21:00;50,13
13.02.2019 21:00;13.02.2019 22:00;46,42
13.02.2019 22:00;13.02.2019 23:00;46,43
13.02.2019 23:00;14.02.2019 00:00;43,16
14.02.2019 00:00;14.02.2019 01:00;40,74
14.02.2019 01:00;14.02.2019 02:00;39,15
14.02.2019 02:00;14.02.2019 03:00;38,64
14.02.2019 03:00;14.02.2019 04:00;39,0
14.02.2019 04:00;14.02.2019 05:00;38,47
14.02.2019 05:00;14.02.2019 06:00;43,04
14.02.2019 06:00;14.02.2019 07:00;53,17
14.02.2019 07:00;14.02.2019 08:00;60,73
14.02.2019 08:00;14.02.2019 09:00;63,67
14.02.2019 09:00;14.02.2019 10:00;56,99
14.02.2019 10:00;14.02.2019 11:00;53,01
14.02.2019 11:00;14.02.2019 12:00;46,12
14.02.2019 12:00;14.02.2019 13:00;44,0
14.02.2019 13:00;14.02.2019 14:00;44,65
14.02.2019 14:00;14.02.2019 15:00;44,62
14.02.2019 15:00;14.02.2019 16:00;47,12
14.02.2019 16:00;14.02.2019 17:00;52,39
14.02.2019 17:00;14.02.2019 18:00;55,63
14.02.2019 18:00;14.02.2019 19:00;60,2
14.02.2019 19:00;14.02.2019 20:00;61,93
14.02.2019 20:00;14.02.2019 21:00;54,97
14.02.2019 21:00;14.02.2019 22:00;49,69
14.02.2019 22:00;14.02.2019 23:00;47,48
14.02.2019 23:00;15.02.2019 00:00;42,76
15.02.2019 00:00;15.02.2019 01:00;43,75
15.02.2019 01:00;15.02.2019 02:00;42,19
15.02.2019 02:00;15.02.2019 03:00;41,72
15.02.2019 03:00;15.02.2019 04:00;40,19
15.02.2019 04:00;15.02.2019 05:00;41,1
15.02.2019 05:00;15.02.2019 06:00;43,67
15.02.2019 06:00;15.02.2019 07:00;52,98
15.02.2019 07:00;15.02.2019 08:00;59,98
15.02.2019 08:00;15.02.2019 09:00;61,73
15.02.2019 09:00;15.02.2019 10:00;55,41
15.02.2019 10:00;15.02.2019 11:00;51,71
15.02.2019 11:00;15.02.2019 12:00;44,11
15.02.2019 12:00;15.02.2019 13:00;42,87
15.02.2019 13:00;15.02.2019 14:00;42,43
15.02.2019 14:00;15.02.2019 15:00;42,52
15.02.2019 15:00;15.02.2019 16:00;44,41
15.02.2019 16:00;15.02.2019 17:00;48,18
15.02.2019 17:00;15.02.2019 18:00;53,61
15.02.2019 18:00;15.02.2019 19:00;56,54
15.02.2019 19:00;15.02.2019 20:00;55,49
15.02.2019 20:00;15.02.2019 21:00;51,0
15.02.2019 21:00;15.02.2019 22:00;43,37
15.02.2019 22:00;15.02.2019 23:00;44,43
15.02.2019 23:00;16.02.2019 00:00;39,45
16.02.2019 00:00;16.02.2019 01:00;35,42
16.02.2019 01:00;16.02.2019 02:00;35,19
16.02.2019 02:00;16.02.2019 03:00;36,0
16.02.2019 03:00;16.02.2019 04:00;36,29
16.02.2019 04:00;16.02.2019 05:00;36,52
16.02.2019 05:00;16.02.2019 06:00;35,5
16.02.2019 06:00;16.02.2019 07:00;38,39
16.02.2019 07:00;16.02.2019 08:00;40,39
16.02.2019 08:00;16.02.2019 09:00;40,94
16.02.2019 09:00;16.02.2019 10:00;36,08
16.02.2019 10:00;16.02.2019 11:00;31,09
16.02.2019 11:00;16.02.2019 12:00;35,19
16.02.2019 12:00;16.02.2019 13:00;35,62
16.02.2019 13:00;16.02.2019 14:00;36,0
16.02.2019 14:00;16.02.2019 15:00;37,21
16.02.2019 15:00;16.02.2019 16:00;39,61
16.02.2019 16:00;16.02.2019 17:00;42,11
16.02.2019 17:00;16.02.2019 18:00;46,83
16.02.2019 18:00;16.02.2019 19:00;52,06
16.02.2019 19:00;16.02.2019 20:00;48,0
16.02.2019 20:00;16.02.2019 21:00;46,47
16.02.2019 21:00;16.02.2019 22:00;40,67
16.02.2019 22:00;16.02.2019 23:00;38,99
16.02.2019 23:00;17.02.2019 00:00;40,7
17.02.2019 00:00;17.02.2019 01:00;35,57
17.02.2019 01:00;17.02.2019 02:00;35,46
17.02.2019 02:00;17.02.2019 03:00;37,24
17.02.2019 03:00;17.02.2019 04:00;36,27
17.02.2019 04:00;17.02.2019 05:00;36,13
17.02.2019 05:00;17.02.2019 06:00;36,74
17.02.2019 06:00;17.02.2019 07:00;36,52
17.02.2019 07:00;17.02.2019 08:00;38,82
17.02.2019 08:00;17.02.2019 09:00;40,0
17.02.2019 09:00;17.02.2019 10:00;38,88
17.02.2019 10:00;17.02.2019 11:00;36,15
17.02.2019 11:00;17.02.2019 12:00;36,5
17.02.2019 12:00;17.02.2019 13:00;37,41
17.02.2019 13:00;17.02.2019 14:00;35,09
17.02.2019 14:00;17.02.2019 15:00;35,12
17.02.2019 15:00;17.02.2019 16:00;36,27
17.02.2019 16:00;17.02.2019 17:00;39,36
17.02.2019 17:00;17.02.2019 18:00;44,03
17.02.2019 18:00;17.02.2019 19:00;49,6
17.02.2019 19:00;17.02.2019 20:00;50,07
17.02.2019 20:00;17.02.2019 21:00;46,15
17.02.2019 21:00;17.02.2019 22:00;38,27
17.02.2019 22:00;17.02.2019 23:00;42,83
17.02.2019 23:00;18.02.2019 00:00;38,75
18.02.2019 00:00;18.02.2019 01:00;39,41
18.02.2019 01:00;18.02.2019 02:00;38,78
18.02.2019 02:00;18.02.2019 03:00;38,78
18.02.2019 03:00;18.02.2019 04:00;38,2
18.02.2019 04:00;18.02.2019 05:00;38,8
18.02.2019 05:00;18.02.2019 06:00;40,0
18.02.2019 06:00;18.02.2019 07:00;51,72
18.02.2019 07:00;18.02.2019 08:00;57,37
18.02.2019 08:00;18.02.2019 09:00;56,01
18.02.2019 09:00;18.02.2019 10:00;52,61
18.02.2019 10:00;18.02.2019 11:00;48,43
18.02.2019 11:00;18.02.2019 12:00;44,81
18.02.2019 12:00;18.02.2019 13:00;43,09
18.02.2019 13:00;18.02.2019 14:00;42,91
18.02.2019 14:00;18.02.2019 15:00;44,73
18.02.2019 15:00;18.02.2019 16:00;47,35
18.02.2019 16:00;18.02.2019 17:00;50,9
18.02.2019 17:00;18.02.2019 18:00;52,94
18.02.2019 18:00;18.02.2019 19:00;56,94
18.02.2019 19:00;18.02.2019 20:00;55,76
18.02.2019 20:00;18.02.2019 21:00;51,91
18.02.2019 21:00;18.02.2019 22:00;43,98
18.02.2019 22:00;18.02.2019 23:00;42,23
18.02.2019 23:00;19.02.2019 00:00;35,87
19.02.2019 00:00;19.02.2019 01:00;36,09
19.02.2019 01:00;19.02.2019 02:00;35,43
19.02.2019 02:00;19.02.2019 03:00;35,42
19.02.2019 03:00;19.02.2019 04:00;36,0
19.02.2019 04:00;19.02.2019 05:00;36,08
19.02.2019 05:00;19.02.2019 06:00;38,1
19.02.2019 06:00;19.02.2019 07:00;44,95
19.02.2019 07:00;19.02.2019 08:00;48,68
19.02.2019 08:00;19.02.2019 09:00;46,76
19.02.2019 09:00;19.02.2019 10:00;44,22
19.02.2019 10:00;19.02.2019 11:00;41,37
19.02.2019 11:00;19.02.2019 12:00;36,45
19.02.2019 12:00;19.02.2019 13:00;36,31
19.02.2019 13:00;19.02.2019 14:00;36,41
19.02.2019 14:00;19.02.2019 15:00;38,09
19.02.2019 15:00;19.02.2019 16:00;38,87
19.02.2019 16:00;19.02.2019 17:00;42,9
19.02.2019 17:00;19.02.2019 18:00;50,92
19.02.2019 18:00;19.02.2019 19:00;54,09
19.02.2019 19:00;19.02.2019 20:00;52,42
19.02.2019 20:00;19.02.2019 21:00;44,9
19.02.2019 21:00;19.02.2019 22:00;41,63
19.02.2019 22:00;19.02.2019 23:00;39,74
19.02.2019 23:00;20.02.2019 00:00;35,69
20.02.2019 00:00;20.02.2019 01:00;35,26
20.02.2019 01:00;20.02.2019 02:00;34,88
20.02.2019 02:00;20.02.2019 03:00;32,95
20.02.2019 03:00;20.02.2019 04:00;35,06
20.02.2019 04:00;20.02.2019 05:00;36,06
20.02.2019 05:00;20.02.2019 06:00;38,06
20.02.2019 06:00;20.02.2019 07:00;49,12
20.02.2019 07:00;20.02.2019 08:00;54,66
20.02.2019 08:00;20.02.2019 09:00;54,58
20.02.2019 09:00;20.02.2019 10:00;53,08
20.02.2019 10:00;20.02.2019 11:00;52,09
20.02.2019 11:00;20.02.2019 12:00;49,73
20.02.2019 12:00;20.02.2019 13:00;43,74
20.02.2019 13:00;20.02.2019 14:00;45,05
20.02.2019 14:00;20.02.2019 15:00;45,58
20.02.2019 15:00;20.02.2019 16:00;46,01
20.02.2019 16:00;20.02.2019 17:00;49,79
20.02.2019 17:00;20.02.2019 18:00;51,96
20.02.2019 18:00;20.02.2019 19:00;54,25
20.02.2019 19:00;20.02.2019 20:00;54,34
20.02.2019 20:00;20.02.2019 21:00;50,75
20.02.2019 21:00;20.02.2019 22:00;44,06
20.02.2019 22:00;20.02.2019 23:00;43,27
20.02.2019 23:00;21.02.2019 00:00;40,13
21.02.2019 00:00;21.02.2019 01:00;37,13
21.02.2019 01:00;21.02.2019 02:00;36,0
21.02.2019 02:00;21.02.2019 03:00;35,49
21.02.2019 03:00;21.02.2019 04:00;35,36
21.02.2019 04:00;21.02.2019 05:00;36,08
21.02.2019 05:00;21.02.2019 06:00;37,9
21.02.2019 06:00;21.02.2019 07:00;45,35
21.02.2019 07:00;21.02.2019 08:00;49,78
21.02.2019 08:00;21.02.2019 09:00;50,5
21.02.2019 09:00;21.02.2019 10:00;46,7
21.02.2019 10:00;21.02.2019 11:00;43,2
21.02.2019 11:00;21.02.2019 12:00;40,2
21.02.2019 12:00;21.02.2019 13:00;36,44
21.02.2019 13:00;21.02.2019 14:00;37,15
21.02.2019 14:00;21.02.2019 15:00;39,13
21.02.2019 15:00;21.02.2019 16:00;42,89
21.02.2019 16:00;21.02.2019 17:00;46,3
21.02.2019 17:00;21.02.2019 18:00;50,61
21.02.2019 18:00;21.02.2019 19:00;53,1
21.02.2019 19:00;21.02.2019 20:00;52,98
21.02.2019 20:00;21.02.2019 21:00;51,39
21.02.2019 21:00;21.02.2019 22:00;46,13
21.02.2019 22:00;21.02.2019 23:00;45,08
21.02.2019 23:00;22.02.2019 00:00;42,69
22.02.2019 00:00;22.02.2019 01:00;41,48
22.02.2019 01:00;22.02.2019 02:00;40,32
22.02.2019 02:00;22.02.2019 03:00;39,84
22.02.2019 03:00;22.02.2019 04:00;39,59
22.02.2019 04:00;22.02.2019 05:00;39,35
22.02.2019 05:00;22.02.2019 06:00;42,0
22.02.2019 06:00;22.02.2019 07:00;50,4
22.02.2019 07:00;22.02.2019 08:00;55,03
22.02.2019 08:00;22.02.2019 09:00;57,95
22.02.2019 09:00;22.02.2019 10:00;55,62
22.02.2019 10:00;22.02.2019 11:00;54,14
22.02.2019 11:00;22.02.2019 12:00;53,06
22.02.2019 12:00;22.02.2019 13:00;51,45
22.02.2019 13:00;22.02.2019 14:00;48,99
22.02.2019 14:00;22.02.2019 15:00;45,88
22.02.2019 15:00;22.02.2019 16:00;44,75
22.02.2019 16:00;22.02.2019 17:00;46,46
22.02.2019 17:00;22.02.2019 18:00;50,42
22.02.2019 18:00;22.02.2019 19:00;52,4
22.02.2019 19:00;22.02.2019 20:00;50,47
22.02.2019 20:00;22.02.2019 21:00;46,06
22.02.2019 21:00;22.02.2019 22:00;43,02
22.02.2019 22:00;22.02.2019 23:00;44,58
22.02.2019 23:00;23.02.2019 00:00;39,6
23.02.2019 00:00;23.02.2019 01:00;38,04
23.02.2019 01:00;23.02.2019 02:00;36,54
23.02.2019 02:00;23.02.2019 03:00;36,06
23.02.2019 03:00;23.02.2019 04:00;36,01
23.02.2019 04:00;23.02.2019 05:00;35,61
23.02.2019 05:00;23.02.2019 06:00;36,03
23.02.2019 06:00;23.02.2019 07:00;37,3
23.02.2019 07:00;23.02.2019 08:00;41,11
23.02.2019 08:00;23.02.2019 09:00;43,57
23.02.2019 09:00;23.02.2019 10:00;41,72
23.02.2019 10:00;23.02.2019 11:00;40,94
23.02.2019 11:00;23.02.2019 12:00;38,02
23.02.2019 12:00;23.02.2019 13:00;35,66
23.02.2019 13:00;23.02.2019 14:00;35,32
23.02.2019 14:00;23.02.2019 15:00;35,62
23.02.2019 15:00;23.02.2019 16:00;35,49
23.02.2019 16:00;23.02.2019 17:00;42,34
23.02.2019 17:00;23.02.2019 18:00;47,49
23.02.2019 18:00;23.02.2019 19:00;51,57
23.02.2019 19:00;23.02.2019 20:00;50,97
23.02.2019 20:00;23.02.2019 21:00;46,99
23.02.2019 21:00;23.02.2019 22:00;40,35
23.02.2019 22:00;23.02.2019 23:00;41,59
23.02.2019 23:00;24.02.2019 00:00;39,0
24.02.2019 00:00;24.02.2019 01:00;37,82
24.02.2019 01:00;24.02.2019 02:00;36,96
24.02.2019 02:00;24.02.2019 03:00;36,97
24.02.2019 03:00;24.02.2019 04:00;36,21
24.02.2019 04:00;24.02.2019 05:00;36,21
24.02.2019 05:00;24.02.2019 06:00;37,04
24.02.2019 06:00;24.02.2019 07:00;36,98
24.02.2019 07:00;24.02.2019 08:00;37,98
24.02.2019 08:00;24.02.2019 09:00;39,11
24.02.2019 09:00;24.02.2019 10:00;39,79
24.02.2019 10:00;24.02.2019 11:00;37,65
24.02.2019 11:00;24.02.2019 12:00;37,06
24.02.2019 12:00;24.02.2019 13:00;37,14
24.02.2019 13:00;24.02.2019 14:00;35,0
24.02.2019 14:00;24.02.2019 15:00;34,54
24.02.2019 15:00;24.02.2019 16:00;35,25
24.02.2019 16:00;24.02.2019 17:00;37,04
24.02.2019 17:00;24.02.2019 18:00;42,37
24.02.2019 18:00;24.02.2019 19:00;51,0
24.02.2019 19:00;24.02.2019 20:00;51,47
24.02.2019 20:00;24.02.2019 21:00;50,0
24.02.2019 21:00;24.02.2019 22:00;44,46
24.02.2019 22:00;24.02.2019 23:00;47,65
24.02.2019 23:00;25.02.2019 00:00;44,1
25.02.2019 00:00;25.02.2019 01:00;38,7
25.02.2019 01:00;25.02.2019 02:00;37,02
25.02.2019 02:00;25.02.2019 03:00;37,0
25.02.2019 03:00;25.02.2019 04:00;36,37
25.02.2019 04:00;25.02.2019 05:00;36,06
25.02.2019 05:00;25.02.2019 06:00;40,07
25.02.2019 06:00;25.02.2019 07:00;50,02
25.02.2019 07:00;25.02.2019 08:00;56,88
25.02.2019 08:00;25.02.2019 09:00;55,59
25.02.2019 09:00;25.02.2019 10:00;50,72
25.02.2019 10:00;25.02.2019 11:00;45,18
25.02.2019 11:00;25.02.2019 12:00;41,85
25.02.2019 12:00;25.02.2019 13:00;40,09
25.02.2019 13:00;25.02.2019 14:00;38,98
25.02.2019 14:00;25.02.2019 15:00;37,88
25.02.2019 15:00;25.02.2019 16:00;42,0
25.02.2019 16:00;25.02.2019 17:00;44,4
25.02.2019 17:00;25.02.2019 18:00;51,15
25.02.2019 18:00;25.02.2019 19:00;55,07
25.02.2019 19:00;25.02.2019 20:00;54,4
25.02.2019 20:00;25.02.2019 21:00;50,61
25.02.2019 21:00;25.02.2019 22:00;43,09
25.02.2019 22:00;25.02.2019 23:00;42,4
25.02.2019 23:00;26.02.2019 00:00;40,4
26.02.2019 00:00;26.02.2019 01:00;37,1
26.02.2019 01:00;26.02.2019 02:00;37,0
26.02.2019 02:00;26.02.2019 03:00;36,84
26.02.2019 03:00;26.02.2019 04:00;35,88
26.02.2019 04:00;26.02.2019 05:00;36,77
26.02.2019 05:00;26.02.2019 06:00;39,41
26.02.2019 06:00;26.02.2019 07:00;48,74
26.02.2019 07:00;26.02.2019 08:00;53,04
26.02.2019 08:00;26.02.2019 09:00;51,88
26.02.2019 09:00;26.02.2019 10:00;49,92
26.02.2019 10:00;26.02.2019 11:00;44,39
26.02.2019 11:00;26.02.2019 12:00;41,69
26.02.2019 12:00;26.02.2019 13:00;39,28
26.02.2019 13:00;26.02.2019 14:00;39,0
26.02.2019 14:00;26.02.2019 15:00;37,91
26.02.2019 15:00;26.02.2019 16:00;41,45
26.02.2019 16:00;26.02.2019 17:00;46,88
26.02.2019 17:00;26.02.2019 18:00;53,46
26.02.2019 18:00;26.02.2019 19:00;58,17
26.02.2019 19:00;26.02.2019 20:00;54,94
26.02.2019 20:00;26.02.2019 21:00;50,92
26.02.2019 21:00;26.02.2019 22:00;47,57
26.02.2019 22:00;26.02.2019 23:00;46,8
26.02.2019 23:00;27.02.2019 00:00;41,41
27.02.2019 00:00;27.02.2019 01:00;40,98
27.02.2019 01:00;27.02.2019 02:00;39,42
27.02.2019 02:00;27.02.2019 03:00;38,58
27.02.2019 03:00;27.02.2019 04:00;37,99
27.02.2019 04:00;27.02.2019 05:00;39,16
27.02.2019 05:00;27.02.2019 06:00;41,48
27.02.2019 06:00;27.02.2019 07:00;50,84
27.02.2019 07:00;27.02.2019 08:00;58,71
27.02.2019 08:00;27.02.2019 09:00;54,19
27.02.2019 09:00;27.02.2019 10:00;49,95
27.02.2019 10:00;27.02.2019 11:00;44,57
27.02.2019 11:00;27.02.2019 12:00;40,79
27.02.2019 12:00;27.02.2019 13:00;39,63
27.02.2019 13:00;27.02.2019 14:00;39,58
27.02.2019 14:00;27.02.2019 15:00;40,06
27.02.2019 15:00;27.02.2019 16:00;40,62
27.02.2019 16:00;27.02.2019 17:00;44,94
27.02.2019 17:00;27.02.2019 18:00;49,92
27.02.2019 18:00;27.02.2019 19:00;51,96
27.02.2019 19:00;27.02.2019 20:00;51,82
27.02.2019 20:00;27.02.2019 21:00;46,69
27.02.2019 21:00;27.02.2019 22:00;41,58
27.02.2019 22:00;27.02.2019 23:00;41,39
27.02.2019 23:00;28.02.2019 00:00;36,21
28.02.2019 00:00;28.02.2019 01:00;29,78
28.02.2019 01:00;28.02.2019 02:00;30,41
28.02.2019 02:00;28.02.2019 03:00;29,8
28.02.2019 03:00;28.02.2019 04:00;27,61
28.02.2019 04:00;28.02.2019 05:00;28,96
28.02.2019 05:00;28.02.2019 06:00;32,93
28.02.2019 06:00;28.02.2019 07:00;42,45
28.02.2019 07:00;28.02.2019 08:00;48,87
28.02.2019 08:00;28.02.2019 09:00;47,47
28.02.2019 09:00;28.02.2019 10:00;42,7
28.02.2019 10:00;28.02.2019 11:00;42,47
28.02.2019 11:00;28.02.2019 12:00;38,89
28.02.2019 12:00;28.02.2019 13:00;38,0
28.02.2019 13:00;28.02.2019 14:00;37,08
28.02.2019 14:00;28.02.2019 15:00;38,05
28.02.2019 15:00;28.02.2019 16:00;40,7
28.02.2019 16:00;28.02.2019 17:00;42,73
28.02.2019 17:00;28.02.2019 18:00;48,03
28.02.2019 18:00;28.02.2019 19:00;50,96
28.02.2019 19:00;28.02.2019 20:00;50,97
28.02.2019 20:00;28.02.2019 21:00;48,54
28.02.2019 21:00;28.02.2019 22:00;44,2
28.02.2019 22:00;28.02.2019 23:00;43,21
28.02.2019 23:00;01.03.2019 00:00;41,44
01.03.2019 00:00;01.03.2019 01:00;39,4
01.03.2019 01:00;01.03.2019 02:00;37,1
01.03.2019 02:00;01.03.2019 03:00;36,67
01.03.2019 03:00;01.03.2019 04:00;36,27
01.03.2019 04:00;01.03.2019 05:00;37,33
01.03.2019 05:00;01.03.2019 06:00;39,63
01.03.2019 06:00;01.03.2019 07:00;46,75
01.03.2019 07:00;01.03.2019 08:00;47,98
01.03.2019 08:00;01.03.2019 09:00;49,99
01.03.2019 09:00;01.03.2019 10:00;50,28
01.03.2019 10:00;01.03.2019 11:00;51,15
01.03.2019 11:00;01.03.2019 12:00;50,97
01.03.2019 12:00;01.03.2019 13:00;48,56
01.03.2019 13:00;01.03.2019 14:00;47,4
01.03.2019 14:00;01.03.2019 15:00;46,91
01.03.2019 15:00;01.03.2019 16:00;45,97
01.03.2019 16:00;01.03.2019 17:00;46,93
01.03.2019 17:00;01.03.2019 18:00;50,79
01.03.2019 18:00;01.03.2019 19:00;52,59
01.03.2019 19:00;01.03.2019 20:00;52,49
01.03.2019 20:00;01.03.2019 21:00;48,66
01.03.2019 21:00;01.03.2019 22:00;46,53
01.03.2019 22:00;01.03.2019 23:00;45,65
01.03.2019 23:00;02.03.2019 00:00;44,41
02.03.2019 00:00;02.03.2019 01:00;44,19
02.03.2019 01:00;02.03.2019 02:00;43,28
02.03.2019 02:00;02.03.2019 03:00;41,09
02.03.2019 03:00;02.03.2019 04:00;39,49
02.03.2019 04:00;02.03.2019 05:00;39,59
02.03.2019 05:00;02.03.2019 06:00;39,97
02.03.2019 06:00;02.03.2019 07:00;41,42
02.03.2019 07:00;02.03.2019 08:00;43,92
02.03.2019 08:00;02.03.2019 09:00;47,89
02.03.2019 09:00;02.03.2019 10:00;48,6
02.03.2019 10:00;02.03.2019 11:00;47,9
02.03.2019 11:00;02.03.2019 12:00;45,84
02.03.2019 12:00;02.03.2019 13:00;43,9
02.03.2019 13:00;02.03.2019 14:00;40,21
02.03.2019 14:00;02.03.2019 15:00;39,26
02.03.2019 15:00;02.03.2019 16:00;39,18
02.03.2019 16:00;02.03.2019 17:00;40,92
02.03.2019 17:00;02.03.2019 18:00;43,84
02.03.2019 18:00;02.03.2019 19:00;46,49
02.03.2019 19:00;02.03.2019 20:00;46,8
02.03.2019 20:00;02.03.2019 21:00;38,27
02.03.2019 21:00;02.03.2019 22:00;32,07
02.03.2019 22:00;02.03.2019 23:00;30,52
02.03.2019 23:00;03.03.2019 00:00;25,34
03.03.2019 00:00;03.03.2019 01:00;22,77
03.03.2019 01:00;03.03.2019 02:00;8,67
03.03.2019 02:00;03.03.2019 03:00;1,84
03.03.2019 03:00;03.03.2019 04:00;0,09
03.03.2019 04:00;03.03.2019 05:00;0,07
03.03.2019 05:00;03.03.2019 06:00;0,03
03.03.2019 06:00;03.03.2019 07:00;-2,81
03.03.2019 07:00;03.03.2019 08:00;-0,04
03.03.2019 08:00;03.03.2019 09:00;2,86
03.03.2019 09:00;03.03.2019 10:00;0,08
03.03.2019 10:00;03.03.2019 11:00;0,11
03.03.2019 11:00;03.03.2019 12:00;3,33
03.03.2019 12:00;03.03.2019 13:00;4,02
03.03.2019 13:00;03.03.2019 14:00;1,06
03.03.2019 14:00;03.03.2019 15:00;2,0
03.03.2019 15:00;03.03.2019 16:00;4,75
03.03.2019 16:00;03.03.2019 17:00;15,0
03.03.2019 17:00;03.03.2019 18:00;22,72
03.03.2019 18:00;03.03.2019 19:00;31,8
03.03.2019 19:00;03.03.2019 20:00;38,49
03.03.2019 20:00;03.03.2019 21:00;24,83
03.03.2019 21:00;03.03.2019 22:00;19,92
03.03.2019 22:00;03.03.2019 23:00;24,3
03.03.2019 23:00;04.03.2019 00:00;19,47
04.03.2019 00:00;04.03.2019 01:00;-0,07
04.03.2019 01:00;04.03.2019 02:00;-0,21
04.03.2019 02:00;04.03.2019 03:00;-6,86
04.03.2019 03:00;04.03.2019 04:00;-7,0
04.03.2019 04:00;04.03.2019 05:00;-2,47
04.03.2019 05:00;04.03.2019 06:00;6,24
04.03.2019 06:00;04.03.2019 07:00;25,83
04.03.2019 07:00;04.03.2019 08:00;37,96
04.03.2019 08:00;04.03.2019 09:00;33,1
04.03.2019 09:00;04.03.2019 10:00;20,69
04.03.2019 10:00;04.03.2019 11:00;7,54
04.03.2019 11:00;04.03.2019 12:00;0,09
04.03.2019 12:00;04.03.2019 13:00;4,28
04.03.2019 13:00;04.03.2019 14:00;0,07
04.03.2019 14:00;04.03.2019 15:00;5,28
04.03.2019 15:00;04.03.2019 16:00;12,81
04.03.2019 16:00;04.03.2019 17:00;14,81
04.03.2019 17:00;04.03.2019 18:00;27,09
04.03.2019 18:00;04.03.2019 19:00;42,46
04.03.2019 19:00;04.03.2019 20:00;43,02
04.03.2019 20:00;04.03.2019 21:00;25,98
04.03.2019 21:00;04.03.2019 22:00;21,1
04.03.2019 22:00;04.03.2019 23:00;10,06
04.03.2019 23:00;05.03.2019 00:00;-2,39
05.03.2019 00:00;05.03.2019 01:00;-0,08
05.03.2019 01:00;05.03.2019 02:00;-2,39
05.03.2019 02:00;05.03.2019 03:00;-4,95
05.03.2019 03:00;05.03.2019 04:00;-1,92
05.03.2019 04:00;05.03.2019 05:00;-2,23
05.03.2019 05:00;05.03.2019 06:00;11,23
05.03.2019 06:00;05.03.2019 07:00;33,49
05.03.2019 07:00;05.03.2019 08:00;44,24
05.03.2019 08:00;05.03.2019 09:00;40,76
05.03.2019 09:00;05.03.2019 10:00;34,59
05.03.2019 10:00;05.03.2019 11:00;27,31
05.03.2019 11:00;05.03.2019 12:00;31,07
05.03.2019 12:00;05.03.2019 13:00;32,45
05.03.2019 13:00;05.03.2019 14:00;34,04
05.03.2019 14:00;05.03.2019 15:00;37,7
05.03.2019 15:00;05.03.2019 16:00;44,09
05.03.2019 16:00;05.03.2019 17:00;46,39
05.03.2019 17:00;05.03.2019 18:00;49,27
05.03.2019 18:00;05.03.2019 19:00;55,01
05.03.2019 19:00;05.03.2019 20:00;55,23
05.03.2019 20:00;05.03.2019 21:00;51,1
05.03.2019 21:00;05.03.2019 22:00;48,09
05.03.2019 22:00;05.03.2019 23:00;46,09
05.03.2019 23:00;06.03.2019 00:00;41,54
06.03.2019 00:00;06.03.2019 01:00;36,08
06.03.2019 01:00;06.03.2019 02:00;32,69
06.03.2019 02:00;06.03.2019 03:00;33,01
06.03.2019 03:00;06.03.2019 04:00;32,2
06.03.2019 04:00;06.03.2019 05:00;30,7
06.03.2019 05:00;06.03.2019 06:00;33,11
06.03.2019 06:00;06.03.2019 07:00;43,81
06.03.2019 07:00;06.03.2019 08:00;47,46
06.03.2019 08:00;06.03.2019 09:00;47,38
06.03.2019 09:00;06.03.2019 10:00;40,04
06.03.2019 10:00;06.03.2019 11:00;33,13
06.03.2019 11:00;06.03.2019 12:00;29,79
06.03.2019 12:00;06.03.2019 13:00;28,65
06.03.2019 13:00;06.03.2019 14:00;28,62
06.03.2019 14:00;06.03.2019 15:00;28,9
06.03.2019 15:00;06.03.2019 16:00;28,66
06.03.2019 16:00;06.03.2019 17:00;29,37
06.03.2019 17:00;06.03.2019 18:00;36,88
06.03.2019 18:00;06.03.2019 19:00;43,7
06.03.2019 19:00;06.03.2019 20:00;43,9
06.03.2019 20:00;06.03.2019 21:00;40,38
06.03.2019 21:00;06.03.2019 22:00;28,96
06.03.2019 22:00;06.03.2019 23:00;29,55
06.03.2019 23:00;07.03.2019 00:00;27,49
07.03.2019 00:00;07.03.2019 01:00;25,05
07.03.2019 01:00;07.03.2019 02:00;23,81
07.03.2019 02:00;07.03.2019 03:00;21,16
07.03.2019 03:00;07.03.2019 04:00;17,97
07.03.2019 04:00;07.03.2019 05:00;21,8
07.03.2019 05:00;07.03.2019 06:00;23,17
07.03.2019 06:00;07.03.2019 07:00;31,58
07.03.2019 07:00;07.03.2019 08:00;39,91
07.03.2019 08:00;07.03.2019 09:00;39,4
07.03.2019 09:00;07.03.2019 10:00;32,39
07.03.2019 10:00;07.03.2019 11:00;28,35
07.03.2019 11:00;07.03.2019 12:00;28,54
07.03.2019 12:00;07.03.2019 13:00;28,22
07.03.2019 13:00;07.03.2019 14:00;25,63
07.03.2019 14:00;07.03.2019 15:00;27,62
07.03.2019 15:00;07.03.2019 16:00;27,54
07.03.2019 16:00;07.03.2019 17:00;28,24
07.03.2019 17:00;07.03.2019 18:00;34,06
07.03.2019 18:00;07.03.2019 19:00;43,95
07.03.2019 19:00;07.03.2019 20:00;45,01
07.03.2019 20:00;07.03.2019 21:00;39,76
07.03.2019 21:00;07.03.2019 22:00;27,12
07.03.2019 22:00;07.03.2019 23:00;29,25
07.03.2019 23:00;08.03.2019 00:00;7,01
08.03.2019 00:00;08.03.2019 01:00;12,49
08.03.2019 01:00;08.03.2019 02:00;-2,47
08.03.2019 02:00;08.03.2019 03:00;-4,97
08.03.2019 03:00;08.03.2019 04:00;-1,71
08.03.2019 04:00;08.03.2019 05:00;0,76
08.03.2019 05:00;08.03.2019 06:00;19,94
08.03.2019 06:00;08.03.2019 07:00;25,78
08.03.2019 07:00;08.03.2019 08:00;36,05
08.03.2019 08:00;08.03.2019 09:00;32,34
08.03.2019 09:00;08.03.2019 10:00;25,06
08.03.2019 10:00;08.03.2019 11:00;22,96
08.03.2019 11:00;08.03.2019 12:00;25,61
08.03.2019 12:00;08.03.2019 13:00;23,35
08.03.2019 13:00;08.03.2019 14:00;23,48
08.03.2019 14:00;08.03.2019 15:00;25,38
08.03.2019 15:00;08.03.2019 16:00;33,71
08.03.2019 16:00;08.03.2019 17:00;38,34
08.03.2019 17:00;08.03.2019 18:00;43,07
08.03.2019 18:00;08.03.2019 19:00;48,72
08.03.2019 19:00;08.03.2019 20:00;50,95
08.03.2019 20:00;08.03.2019 21:00;44,04
08.03.2019 21:00;08.03.2019 22:00;40,57
08.03.2019 22:00;08.03.2019 23:00;39,24
08.03.2019 23:00;09.03.2019 00:00;30,61
09.03.2019 00:00;09.03.2019 01:00;27,67
09.03.2019 01:00;09.03.2019 02:00;15,4
09.03.2019 02:00;09.03.2019 03:00;4,24
09.03.2019 03:00;09.03.2019 04:00;0,07
09.03.2019 04:00;09.03.2019 05:00;0,06
09.03.2019 05:00;09.03.2019 06:00;0,03
09.03.2019 06:00;09.03.2019 07:00;-0,04
09.03.2019 07:00;09.03.2019 08:00;0,13
09.03.2019 08:00;09.03.2019 09:00;10,05
09.03.2019 09:00;09.03.2019 10:00;8,54
09.03.2019 10:00;09.03.2019 11:00;7,83
09.03.2019 11:00;09.03.2019 12:00;11,03
09.03.2019 12:00;09.03.2019 13:00;0,74
09.03.2019 13:00;09.03.2019 14:00;0,04
09.03.2019 14:00;09.03.2019 15:00;-0,08
09.03.2019 15:00;09.03.2019 16:00;-0,82
09.03.2019 16:00;09.03.2019 17:00;0,08
09.03.2019 17:00;09.03.2019 18:00;10,96
09.03.2019 18:00;09.03.2019 19:00;22,8
09.03.2019 19:00;09.03.2019 20:00;25,08
09.03.2019 20:00;09.03.2019 21:00;21,62
09.03.2019 21:00;09.03.2019 22:00;11,96
09.03.2019 22:00;09.03.2019 23:00;13,37
09.03.2019 23:00;10.03.2019 00:00;0,72
10.03.2019 00:00;10.03.2019 01:00;-23,04
10.03.2019 01:00;10.03.2019 02:00;-11,15
10.03.2019 02:00;10.03.2019 03:00;-12,55
10.03.2019 03:00;10.03.2019 04:00;-2,89
10.03.2019 04:00;10.03.2019 05:00;-2,6
10.03.2019 05:00;10.03.2019 06:00;-0,86
10.03.2019 06:00;10.03.2019 07:00;4,97
10.03.2019 07:00;10.03.2019 08:00;19,32
10.03.2019 08:00;10.03.2019 09:00;26,24
10.03.2019 09:00;10.03.2019 10:00;28,97
10.03.2019 10:00;10.03.2019 11:00;27,12
10.03.2019 11:00;10.03.2019 12:00;32,46
10.03.2019 12:00;10.03.2019 13:00;31,01
10.03.2019 13:00;10.03.2019 14:00;27,84
10.03.2019 14:00;10.03.2019 15:00;23,06
10.03.2019 15:00;10.03.2019 16:00;23,07
10.03.2019 16:00;10.03.2019 17:00;23,79
10.03.2019 17:00;10.03.2019 18:00;29,17
10.03.2019 18:00;10.03.2019 19:00;31,01
10.03.2019 19:00;10.03.2019 20:00;40,92
10.03.2019 20:00;10.03.2019 21:00;29,91
10.03.2019 21:00;10.03.2019 22:00;24,89
10.03.2019 22:00;10.03.2019 23:00;26,63
10.03.2019 23:00;11.03.2019 00:00;22,92
11.03.2019 00:00;11.03.2019 01:00;21,8
11.03.2019 01:00;11.03.2019 02:00;19,81
11.03.2019 02:00;11.03.2019 03:00;22,02
11.03.2019 03:00;11.03.2019 04:00;16,21
11.03.2019 04:00;11.03.2019 05:00;18,22
11.03.2019 05:00;11.03.2019 06:00;24,4
11.03.2019 06:00;11.03.2019 07:00;39,45
11.03.2019 07:00;11.03.2019 08:00;47,96
11.03.2019 08:00;11.03.2019 09:00;48,06
11.03.2019 09:00;11.03.2019 10:00;46,84
11.03.2019 10:00;11.03.2019 11:00;45,31
11.03.2019 11:00;11.03.2019 12:00;42,66
11.03.2019 12:00;11.03.2019 13:00;39,95
11.03.2019 13:00;11.03.2019 14:00;38,69
11.03.2019 14:00;11.03.2019 15:00;36,9
11.03.2019 15:00;11.03.2019 16:00;37,11
11.03.2019 16:00;11.03.2019 17:00;39,0
11.03.2019 17:00;11.03.2019 18:00;46,28
11.03.2019 18:00;11.03.2019 19:00;50,29
11.03.2019 19:00;11.03.2019 20:00;57,9
11.03.2019 20:00;11.03.2019 21:00;50,06
11.03.2019 21:00;11.03.2019 22:00;47,52
11.03.2019 22:00;11.03.2019 23:00;47,61
11.03.2019 23:00;12.03.2019 00:00;44,01
12.03.2019 00:00;12.03.2019 01:00;40,98
12.03.2019 01:00;12.03.2019 02:00;38,97
12.03.2019 02:00;12.03.2019 03:00;36,91
12.03.2019 03:00;12.03.2019 04:00;35,0
12.03.2019 04:00;12.03.2019 05:00;32,92
12.03.2019 05:00;12.03.2019 06:00;36,3
12.03.2019 06:00;12.03.2019 07:00;46,83
12.03.2019 07:00;12.03.2019 08:00;52,05
12.03.2019 08:00;12.03.2019 09:00;51,37
12.03.2019 09:00;12.03.2019 10:00;48,02
12.03.2019 10:00;12.03.2019 11:00;43,81
12.03.2019 11:00;12.03.2019 12:00;38,72
12.03.2019 12:00;12.03.2019 13:00;35,82
12.03.2019 13:00;12.03.2019 14:00;31,76
12.03.2019 14:00;12.03.2019 15:00;31,06
12.03.2019 15:00;12.03.2019 16:00;32,93
12.03.2019 16:00;12.03.2019 17:00;35,26
12.03.2019 17:00;12.03.2019 18:00;40,06
12.03.2019 18:00;12.03.2019 19:00;44,02
12.03.2019 19:00;12.03.2019 20:00;41,57
12.03.2019 20:00;12.03.2019 21:00;33,01
12.03.2019 21:00;12.03.2019 22:00;26,49
12.03.2019 22:00;12.03.2019 23:00;23,87
12.03.2019 23:00;13.03.2019 00:00;0,36
13.03.2019 00:00;13.03.2019 01:00;7,07
13.03.2019 01:00;13.03.2019 02:00;0,06
13.03.2019 02:00;13.03.2019 03:00;-0,07
13.03.2019 03:00;13.03.2019 04:00;2,45
13.03.2019 04:00;13.03.2019 05:00;8,09
13.03.2019 05:00;13.03.2019 06:00;19,17
13.03.2019 06:00;13.03.2019 07:00;25,91
13.03.2019 07:00;13.03.2019 08:00;36,48
13.03.2019 08:00;13.03.2019 09:00;26,0
13.03.2019 09:00;13.03.2019 10:00;18,5
13.03.2019 10:00;13.03.2019 11:00;2,28
13.03.2019 11:00;13.03.2019 12:00;8,24
13.03.2019 12:00;13.03.2019 13:00;10,8
13.03.2019 13:00;13.03.2019 14:00;5,23
13.03.2019 14:00;13.03.2019 15:00;13,97
13.03.2019 15:00;13.03.2019 16:00;20,07
13.03.2019 16:00;13.03.2019 17:00;23,83
13.03.2019 17:00;13.03.2019 18:00;30,62
13.03.2019 18:00;13.03.2019 19:00;35,55
13.03.2019 19:00;13.03.2019 20:00;39,91
13.03.2019 20:00;13.03.2019 21:00;30,25
13.03.2019 21:00;13.03.2019 22:00;25,52
13.03.2019 22:00;13.03.2019 23:00;24,3
13.03.2019 23:00;14.03.2019 00:00;18,9
14.03.2019 00:00;14.03.2019 01:00;24,17
14.03.2019 01:00;14.03.2019 02:00;22,25
14.03.2019 02:00;14.03.2019 03:00;20,37
14.03.2019 03:00;14.03.2019 04:00;20,5
14.03.2019 04:00;14.03.2019 05:00;22,33
14.03.2019 05:00;14.03.2019 06:00;27,08
14.03.2019 06:00;14.03.2019 07:00;37,69
14.03.2019 07:00;14.03.2019 08:00;42,37
14.03.2019 08:00;14.03.2019 09:00;42,6
14.03.2019 09:00;14.03.2019 10:00;38,56
14.03.2019 10:00;14.03.2019 11:00;40,32
14.03.2019 11:00;14.03.2019 12:00;39,29
14.03.2019 12:00;14.03.2019 13:00;39,26
14.03.2019 13:00;14.03.2019 14:00;38,67
14.03.2019 14:00;14.03.2019 15:00;37,79
14.03.2019 15:00;14.03.2019 16:00;34,85
14.03.2019 16:00;14.03.2019 17:00;31,11
14.03.2019 17:00;14.03.2019 18:00;34,62
14.03.2019 18:00;14.03.2019 19:00;37,58
14.03.2019 19:00;14.03.2019 20:00;39,13
14.03.2019 20:00;14.03.2019 21:00;33,6
14.03.2019 21:00;14.03.2019 22:00;29,79
14.03.2019 22:00;14.03.2019 23:00;27,38
14.03.2019 23:00;15.03.2019 00:00;19,76
15.03.2019 00:00;15.03.2019 01:00;11,91
15.03.2019 01:00;15.03.2019 02:00;13,43
15.03.2019 02:00;15.03.2019 03:00;11,37
15.03.2019 03:00;15.03.2019 04:00;7,65
15.03.2019 04:00;15.03.2019 05:00;13,17
15.03.2019 05:00;15.03.2019 06:00;22,28
15.03.2019 06:00;15.03.2019 07:00;28,6
15.03.2019 07:00;15.03.2019 08:00;40,79
15.03.2019 08:00;15.03.2019 09:00;42,56
15.03.2019 09:00;15.03.2019 10:00;42,59
15.03.2019 10:00;15.03.2019 11:00;41,54
15.03.2019 11:00;15.03.2019 12:00;40,97
15.03.2019 12:00;15.03.2019 13:00;39,91
15.03.2019 13:00;15.03.2019 14:00;33,54
15.03.2019 14:00;15.03.2019 15:00;25,89
15.03.2019 15:00;15.03.2019 16:00;24,76
15.03.2019 16:00;15.03.2019 17:00;22,46
15.03.2019 17:00;15.03.2019 18:00;24,47
15.03.2019 18:00;15.03.2019 19:00;28,75
15.03.2019 19:00;15.03.2019 20:00;35,94
15.03.2019 20:00;15.03.2019 21:00;24,34
15.03.2019 21:00;15.03.2019 22:00;17,19
15.03.2019 22:00;15.03.2019 23:00;0,07
15.03.2019 23:00;16.03.2019 00:00;10,79
16.03.2019 00:00;16.03.2019 01:00;-1,0
16.03.2019 01:00;16.03.2019 02:00;-2,68
16.03.2019 02:00;16.03.2019 03:00;0,01
16.03.2019 03:00;16.03.2019 04:00;-1,96
16.03.2019 04:00;16.03.2019 05:00;2,02
16.03.2019 05:00;16.03.2019 06:00;2,33
16.03.2019 06:00;16.03.2019 07:00;9,97
16.03.2019 07:00;16.03.2019 08:00;21,59
16.03.2019 08:00;16.03.2019 09:00;27,93
16.03.2019 09:00;16.03.2019 10:00;34,18
16.03.2019 10:00;16.03.2019 11:00;34,14
16.03.2019 11:00;16.03.2019 12:00;31,91
16.03.2019 12:00;16.03.2019 13:00;30,9
16.03.2019 13:00;16.03.2019 14:00;26,37
16.03.2019 14:00;16.03.2019 15:00;24,76
16.03.2019 15:00;16.03.2019 16:00;23,4
16.03.2019 16:00;16.03.2019 17:00;26,23
16.03.2019 17:00;16.03.2019 18:00;26,23
16.03.2019 18:00;16.03.2019 19:00;28,95
16.03.2019 19:00;16.03.2019 20:00;28,27
16.03.2019 20:00;16.03.2019 21:00;22,78
16.03.2019 21:00;16.03.2019 22:00;5,74
16.03.2019 22:00;16.03.2019 23:00;9,09
16.03.2019 23:00;17.03.2019 00:00;2,1
17.03.2019 00:00;17.03.2019 01:00;-2,3
17.03.2019 01:00;17.03.2019 02:00;-3,34
17.03.2019 02:00;17.03.2019 03:00;-9,33
17.03.2019 03:00;17.03.2019 04:00;-13,53
17.03.2019 04:00;17.03.2019 05:00;-6,23
17.03.2019 05:00;17.03.2019 06:00;-9,9
17.03.2019 06:00;17.03.2019 07:00;-11,37
17.03.2019 07:00;17.03.2019 08:00;-11,26
17.03.2019 08:00;17.03.2019 09:00;-9,93
17.03.2019 09:00;17.03.2019 10:00;-8,53
17.03.2019 10:00;17.03.2019 11:00;-6,66
17.03.2019 11:00;17.03.2019 12:00;-0,75
17.03.2019 12:00;17.03.2019 13:00;-7,06
17.03.2019 13:00;17.03.2019 14:00;-9,99
17.03.2019 14:00;17.03.2019 15:00;-17,36
17.03.2019 15:00;17.03.2019 16:00;-20,23
17.03.2019 16:00;17.03.2019 17:00;-10,01
17.03.2019 17:00;17.03.2019 18:00;5,33
17.03.2019 18:00;17.03.2019 19:00;28,87
17.03.2019 19:00;17.03.2019 20:00;36,66
17.03.2019 20:00;17.03.2019 21:00;30,64
17.03.2019 21:00;17.03.2019 22:00;23,34
17.03.2019 22:00;17.03.2019 23:00;25,94
17.03.2019 23:00;18.03.2019 00:00;17,22
18.03.2019 00:00;18.03.2019 01:00;17,65
18.03.2019 01:00;18.03.2019 02:00;12,86
18.03.2019 02:00;18.03.2019 03:00;14,27
18.03.2019 03:00;18.03.2019 04:00;14,45
18.03.2019 04:00;18.03.2019 05:00;6,03
18.03.2019 05:00;18.03.2019 06:00;22,51
18.03.2019 06:00;18.03.2019 07:00;41,27
18.03.2019 07:00;18.03.2019 08:00;46,37
18.03.2019 08:00;18.03.2019 09:00;44,13
18.03.2019 09:00;18.03.2019 10:00;41,2
18.03.2019 10:00;18.03.2019 11:00;33,18
18.03.2019 11:00;18.03.2019 12:00;32,03
18.03.2019 12:00;18.03.2019 13:00;27,71
18.03.2019 13:00;18.03.2019 14:00;24,32
18.03.2019 14:00;18.03.2019 15:00;24,93
18.03.2019 15:00;18.03.2019 16:00;24,5
18.03.2019 16:00;18.03.2019 17:00;35,57
18.03.2019 17:00;18.03.2019 18:00;41,95
18.03.2019 18:00;18.03.2019 19:00;45,74
18.03.2019 19:00;18.03.2019 20:00;48,44
18.03.2019 20:00;18.03.2019 21:00;45,64
18.03.2019 21:00;18.03.2019 22:00;42,96
18.03.2019 22:00;18.03.2019 23:00;41,7
18.03.2019 23:00;19.03.2019 00:00;36,77
19.03.2019 00:00;19.03.2019 01:00;39,08
19.03.2019 01:00;19.03.2019 02:00;38,49
19.03.2019 02:00;19.03.2019 03:00;37,45
19.03.2019 03:00;19.03.2019 04:00;36,47
19.03.2019 04:00;19.03.2019 05:00;36,42
19.03.2019 05:00;19.03.2019 06:00;40,29
19.03.2019 06:00;19.03.2019 07:00;46,96
19.03.2019 07:00;19.03.2019 08:00;51,27
19.03.2019 08:00;19.03.2019 09:00;54,38
19.03.2019 09:00;19.03.2019 10:00;49,69
19.03.2019 10:00;19.03.2019 11:00;46,31
19.03.2019 11:00;19.03.2019 12:00;44,55
19.03.2019 12:00;19.03.2019 13:00;43,31
19.03.2019 13:00;19.03.2019 14:00;42,89
19.03.2019 14:00;19.03.2019 15:00;42,48
19.03.2019 15:00;19.03.2019 16:00;43,74
19.03.2019 16:00;19.03.2019 17:00;44,61
19.03.2019 17:00;19.03.2019 18:00;48,96
19.03.2019 18:00;19.03.2019 19:00;55,17
19.03.2019 19:00;19.03.2019 20:00;60,73
19.03.2019 20:00;19.03.2019 21:00;52,55
19.03.2019 21:00;19.03.2019 22:00;46,46
19.03.2019 22:00;19.03.2019 23:00;44,72
19.03.2019 23:00;20.03.2019 00:00;41,08
20.03.2019 00:00;20.03.2019 01:00;38,28
20.03.2019 01:00;20.03.2019 02:00;36,3
20.03.2019 02:00;20.03.2019 03:00;35,05
20.03.2019 03:00;20.03.2019 04:00;34,33
20.03.2019 04:00;20.03.2019 05:00;34,69
20.03.2019 05:00;20.03.2019 06:00;37,2
20.03.2019 06:00;20.03.2019 07:00;43,66
20.03.2019 07:00;20.03.2019 08:00;46,89
20.03.2019 08:00;20.03.2019 09:00;43,85
20.03.2019 09:00;20.03.2019 10:00;42,88
20.03.2019 10:00;20.03.2019 11:00;39,19
20.03.2019 11:00;20.03.2019 12:00;39,86
20.03.2019 12:00;20.03.2019 13:00;37,59
20.03.2019 13:00;20.03.2019 14:00;37,47
20.03.2019 14:00;20.03.2019 15:00;38,16
20.03.2019 15:00;20.03.2019 16:00;40,36
20.03.2019 16:00;20.03.2019 17:00;42,1
20.03.2019 17:00;20.03.2019 18:00;45,49
20.03.2019 18:00;20.03.2019 19:00;51,08
20.03.2019 19:00;20.03.2019 20:00;55,55
20.03.2019 20:00;20.03.2019 21:00;49,01
20.03.2019 21:00;20.03.2019 22:00;44,24
20.03.2019 22:00;20.03.2019 23:00;42,97
20.03.2019 23:00;21.03.2019 00:00;39,76
21.03.2019 00:00;21.03.2019 01:00;35,47
21.03.2019 01:00;21.03.2019 02:00;34,7
21.03.2019 02:00;21.03.2019 03:00;33,51
21.03.2019 03:00;21.03.2019 04:00;33,04
21.03.2019 04:00;21.03.2019 05:00;33,1
21.03.2019 05:00;21.03.2019 06:00;35,93
21.03.2019 06:00;21.03.2019 07:00;44,03
21.03.2019 07:00;21.03.2019 08:00;46,25
21.03.2019 08:00;21.03.2019 09:00;44,91
21.03.2019 09:00;21.03.2019 10:00;41,28
21.03.2019 10:00;21.03.2019 11:00;38,5
21.03.2019 11:00;21.03.2019 12:00;35,89
21.03.2019 12:00;21.03.2019 13:00;35,43
21.03.2019 13:00;21.03.2019 14:00;34,5
21.03.2019 14:00;21.03.2019 15:00;34,61
21.03.2019 15:00;21.03.2019 16:00;36,81
21.03.2019 16:00;21.03.2019 17:00;39,27
21.03.2019 17:00;21.03.2019 18:00;43,4
21.03.2019 18:00;21.03.2019 19:00;46,7
21.03.2019 19:00;21.03.2019 20:00;55,0
21.03.2019 20:00;21.03.2019 21:00;47,53
21.03.2019 21:00;21.03.2019 22:00;43,92
21.03.2019 22:00;21.03.2019 23:00;41,94
21.03.2019 23:00;22.03.2019 00:00;39,28
22.03.2019 00:00;22.03.2019 01:00;39,0
22.03.2019 01:00;22.03.2019 02:00;35,95
22.03.2019 02:00;22.03.2019 03:00;36,69
22.03.2019 03:00;22.03.2019 04:00;36,39
22.03.2019 04:00;22.03.2019 05:00;36,28
22.03.2019 05:00;22.03.2019 06:00;39,95
22.03.2019 06:00;22.03.2019 07:00;46,01
22.03.2019 07:00;22.03.2019 08:00;50,98
22.03.2019 08:00;22.03.2019 09:00;49,2
22.03.2019 09:00;22.03.2019 10:00;44,97
22.03.2019 10:00;22.03.2019 11:00;40,41
22.03.2019 11:00;22.03.2019 12:00;36,57
22.03.2019 12:00;22.03.2019 13:00;35,0
22.03.2019 13:00;22.03.2019 14:00;34,3
22.03.2019 14:00;22.03.2019 15:00;34,46
22.03.2019 15:00;22.03.2019 16:00;35,0
22.03.2019 16:00;22.03.2019 17:00;37,78
22.03.2019 17:00;22.03.2019 18:00;44,05
22.03.2019 18:00;22.03.2019 19:00;46,91
22.03.2019 19:00;22.03.2019 20:00;50,17
22.03.2019 20:00;22.03.2019 21:00;46,0
22.03.2019 21:00;22.03.2019 22:00;40,61
22.03.2019 22:00;22.03.2019 23:00;39,9
22.03.2019 23:00;23.03.2019 00:00;37,12
23.03.2019 00:00;23.03.2019 01:00;35,53
23.03.2019 01:00;23.03.2019 02:00;34,94
23.03.2019 02:00;23.03.2019 03:00;34,9
23.03.2019 03:00;23.03.2019 04:00;33,1
23.03.2019 04:00;23.03.2019 05:00;33,05
23.03.2019 05:00;23.03.2019 06:00;34,6
23.03.2019 06:00;23.03.2019 07:00;36,64
23.03.2019 07:00;23.03.2019 08:00;38,86
23.03.2019 08:00;23.03.2019 09:00;38,43
23.03.2019 09:00;23.03.2019 10:00;37,38
23.03.2019 10:00;23.03.2019 11:00;34,53
23.03.2019 11:00;23.03.2019 12:00;31,95
23.03.2019 12:00;23.03.2019 13:00;29,82
23.03.2019 13:00;23.03.2019 14:00;29,06
23.03.2019 14:00;23.03.2019 15:00;28,25
23.03.2019 15:00;23.03.2019 16:00;29,52
23.03.2019 16:00;23.03.2019 17:00;31,38
23.03.2019 17:00;23.03.2019 18:00;37,0
23.03.2019 18:00;23.03.2019 19:00;41,05
23.03.2019 19:00;23.03.2019 20:00;44,99
23.03.2019 20:00;23.03.2019 21:00;42,25
23.03.2019 21:00;23.03.2019 22:00;39,1
23.03.2019 22:00;23.03.2019 23:00;40,35
23.03.2019 23:00;24.03.2019 00:00;37,93
24.03.2019 00:00;24.03.2019 01:00;39,15
24.03.2019 01:00;24.03.2019 02:00;36,05
24.03.2019 02:00;24.03.2019 03:00;34,45
24.03.2019 03:00;24.03.2019 04:00;33,61
24.03.2019 04:00;24.03.2019 05:00;33,85
24.03.2019 05:00;24.03.2019 06:00;34,2
24.03.2019 06:00;24.03.2019 07:00;34,32
24.03.2019 07:00;24.03.2019 08:00;34,98
24.03.2019 08:00;24.03.2019 09:00;36,6
24.03.2019 09:00;24.03.2019 10:00;35,81
24.03.2019 10:00;24.03.2019 11:00;33,78
24.03.2019 11:00;24.03.2019 12:00;32,01
24.03.2019 12:00;24.03.2019 13:00;31,1
24.03.2019 13:00;24.03.2019 14:00;25,08
24.03.2019 14:00;24.03.2019 15:00;24,13
24.03.2019 15:00;24.03.2019 16:00;23,79
24.03.2019 16:00;24.03.2019 17:00;25,1
24.03.2019 17:00;24.03.2019 18:00;33,02
24.03.2019 18:00;24.03.2019 19:00;39,37
24.03.2019 19:00;24.03.2019 20:00;42,6
24.03.2019 20:00;24.03.2019 21:00;39,33
24.03.2019 21:00;24.03.2019 22:00;36,34
24.03.2019 22:00;24.03.2019 23:00;34,47
24.03.2019 23:00;25.03.2019 00:00;29,99
25.03.2019 00:00;25.03.2019 01:00;24,34
25.03.2019 01:00;25.03.2019 02:00;22,5
25.03.2019 02:00;25.03.2019 03:00;23,01
25.03.2019 03:00;25.03.2019 04:00;20,89
25.03.2019 04:00;25.03.2019 05:00;21,57
25.03.2019 05:00;25.03.2019 06:00;26,05
25.03.2019 06:00;25.03.2019 07:00;34,45
25.03.2019 07:00;25.03.2019 08:00;38,39
25.03.2019 08:00;25.03.2019 09:00;39,17
25.03.2019 09:00;25.03.2019 10:00;29,93
25.03.2019 10:00;25.03.2019 11:00;29,96
25.03.2019 11:00;25.03.2019 12:00;30,79
25.03.2019 12:00;25.03.2019 13:00;30,06
25.03.2019 13:00;25.03.2019 14:00;31,33
25.03.2019 14:00;25.03.2019 15:00;29,25
25.03.2019 15:00;25.03.2019 16:00;29,67
25.03.2019 16:00;25.03.2019 17:00;28,94
25.03.2019 17:00;25.03.2019 18:00;36,68
25.03.2019 18:00;25.03.2019 19:00;41,2
25.03.2019 19:00;25.03.2019 20:00;46,45
25.03.2019 20:00;25.03.2019 21:00;42,87
25.03.2019 21:00;25.03.2019 22:00;39,81
25.03.2019 22:00;25.03.2019 23:00;39,99
25.03.2019 23:00;26.03.2019 00:00;37,56
26.03.2019 00:00;26.03.2019 01:00;33,25
26.03.2019 01:00;26.03.2019 02:00;30,79
26.03.2019 02:00;26.03.2019 03:00;30,07
26.03.2019 03:00;26.03.2019 04:00;30,01
26.03.2019 04:00;26.03.2019 05:00;30,03
26.03.2019 05:00;26.03.2019 06:00;32,5
26.03.2019 06:00;26.03.2019 07:00;39,0
26.03.2019 07:00;26.03.2019 08:00;42,8
26.03.2019 08:00;26.03.2019 09:00;42,75
26.03.2019 09:00;26.03.2019 10:00;35,9
26.03.2019 10:00;26.03.2019 11:00;32,54
26.03.2019 11:00;26.03.2019 12:00;32,58
26.03.2019 12:00;26.03.2019 13:00;32,51
26.03.2019 13:00;26.03.2019 14:00;31,78
26.03.2019 14:00;26.03.2019 15:00;30,87
26.03.2019 15:00;26.03.2019 16:00;31,94
26.03.2019 16:00;26.03.2019 17:00;34,0
26.03.2019 17:00;26.03.2019 18:00;39,76
26.03.2019 18:00;26.03.2019 19:00;43,0
26.03.2019 19:00;26.03.2019 20:00;49,4
26.03.2019 20:00;26.03.2019 21:00;46,41
26.03.2019 21:00;26.03.2019 22:00;43,37
26.03.2019 22:00;26.03.2019 23:00;42,28
26.03.2019 23:00;27.03.2019 00:00;38,42
27.03.2019 00:00;27.03.2019 01:00;36,62
27.03.2019 01:00;27.03.2019 02:00;34,81
27.03.2019 02:00;27.03.2019 03:00;34,27
27.03.2019 03:00;27.03.2019 04:00;33,37
27.03.2019 04:00;27.03.2019 05:00;34,14
27.03.2019 05:00;27.03.2019 06:00;36,82
27.03.2019 06:00;27.03.2019 07:00;42,01
27.03.2019 07:00;27.03.2019 08:00;46,0
27.03.2019 08:00;27.03.2019 09:00;47,04
27.03.2019 09:00;27.03.2019 10:00;43,94
27.03.2019 10:00;27.03.2019 11:00;41,48
27.03.2019 11:00;27.03.2019 12:00;40,61
27.03.2019 12:00;27.03.2019 13:00;40,0
27.03.2019 13:00;27.03.2019 14:00;39,58
27.03.2019 14:00;27.03.2019 15:00;38,75
27.03.2019 15:00;27.03.2019 16:00;39,47
27.03.2019 16:00;27.03.2019 17:00;39,18
27.03.2019 17:00;27.03.2019 18:00;41,49
27.03.2019 18:00;27.03.2019 19:00;44,17
27.03.2019 19:00;27.03.2019 20:00;47,91
27.03.2019 20:00;27.03.2019 21:00;43,99
27.03.2019 21:00;27.03.2019 22:00;41,22
27.03.2019 22:00;27.03.2019 23:00;40,83
27.03.2019 23:00;28.03.2019 00:00;36,92
28.03.2019 00:00;28.03.2019 01:00;32,73
28.03.2019 01:00;28.03.2019 02:00;33,67
28.03.2019 02:00;28.03.2019 03:00;33,38
28.03.2019 03:00;28.03.2019 04:00;33,29
28.03.2019 04:00;28.03.2019 05:00;33,12
28.03.2019 05:00;28.03.2019 06:00;36,67
28.03.2019 06:00;28.03.2019 07:00;44,48
28.03.2019 07:00;28.03.2019 08:00;49,13
28.03.2019 08:00;28.03.2019 09:00;48,79
28.03.2019 09:00;28.03.2019 10:00;46,78
28.03.2019 10:00;28.03.2019 11:00;44,12
28.03.2019 11:00;28.03.2019 12:00;43,36
28.03.2019 12:00;28.03.2019 13:00;42,54
28.03.2019 13:00;28.03.2019 14:00;42,39
28.03.2019 14:00;28.03.2019 15:00;43,06
28.03.2019 15:00;28.03.2019 16:00;44,09
28.03.2019 16:00;28.03.2019 17:00;44,47
28.03.2019 17:00;28.03.2019 18:00;46,98
28.03.2019 18:00;28.03.2019 19:00;48,16
28.03.2019 19:00;28.03.2019 20:00;52,77
28.03.2019 20:00;28.03.2019 21:00;46,61
28.03.2019 21:00;28.03.2019 22:00;43,48
28.03.2019 22:00;28.03.2019 23:00;42,38
28.03.2019 23:00;29.03.2019 00:00;39,32
29.03.2019 00:00;29.03.2019 01:00;39,28
29.03.2019 01:00;29.03.2019 02:00;34,1
29.03.2019 02:00;29.03.2019 03:00;34,44
29.03.2019 03:00;29.03.2019 04:00;34,47
29.03.2019 04:00;29.03.2019 05:00;34,99
29.03.2019 05:00;29.03.2019 06:00;38,04
29.03.2019 06:00;29.03.2019 07:00;45,56
29.03.2019 07:00;29.03.2019 08:00;48,44
29.03.2019 08:00;29.03.2019 09:00;47,62
29.03.2019 09:00;29.03.2019 10:00;43,07
29.03.2019 10:00;29.03.2019 11:00;38,2
29.03.2019 11:00;29.03.2019 12:00;34,49
29.03.2019 12:00;29.03.2019 13:00;33,43
29.03.2019 13:00;29.03.2019 14:00;32,87
29.03.2019 14:00;29.03.2019 15:00;32,4
29.03.2019 15:00;29.03.2019 16:00;33,13
29.03.2019 16:00;29.03.2019 17:00;36,01
29.03.2019 17:00;29.03.2019 18:00;44,0
29.03.2019 18:00;29.03.2019 19:00;49,54
29.03.2019 19:00;29.03.2019 20:00;49,33
29.03.2019 20:00;29.03.2019 21:00;47,94
29.03.2019 21:00;29.03.2019 22:00;43,04
29.03.2019 22:00;29.03.2019 23:00;42,75
29.03.2019 23:00;30.03.2019 00:00;39,32
30.03.2019 00:00;30.03.2019 01:00;37,49
30.03.2019 01:00;30.03.2019 02:00;36,68
30.03.2019 02:00;30.03.2019 03:00;34,36
30.03.2019 03:00;30.03.2019 04:00;34,61
30.03.2019 04:00;30.03.2019 05:00;36,08
30.03.2019 05:00;30.03.2019 06:00;35,02
30.03.2019 06:00;30.03.2019 07:00;33,51
30.03.2019 07:00;30.03.2019 08:00;33,23
30.03.2019 08:00;30.03.2019 09:00;34,93
30.03.2019 09:00;30.03.2019 10:00;33,17
30.03.2019 10:00;30.03.2019 11:00;31,63
30.03.2019 11:00;30.03.2019 12:00;29,24
30.03.2019 12:00;30.03.2019 13:00;28,77
30.03.2019 13:00;30.03.2019 14:00;25,92
30.03.2019 14:00;30.03.2019 15:00;25,45
30.03.2019 15:00;30.03.2019 16:00;29,25
30.03.2019 16:00;30.03.2019 17:00;32,02
30.03.2019 17:00;30.03.2019 18:00;37,39
30.03.2019 18:00;30.03.2019 19:00;44,99
30.03.2019 19:00;30.03.2019 20:00;45,96
30.03.2019 20:00;30.03.2019 21:00;43,08
30.03.2019 21:00;30.03.2019 22:00;40,53
30.03.2019 22:00;30.03.2019 23:00;40,86
30.03.2019 23:00;31.03.2019 00:00;36,85
31.03.2019 00:00;31.03.2019 01:00;40,1
31.03.2019 01:00;30.03.2019 02:00;33,95
31.03.2019 03:00;31.03.2019 04:00;31,95
31.03.2019 04:00;31.03.2019 05:00;31,9
31.03.2019 05:00;31.03.2019 06:00;30,54
31.03.2019 06:00;31.03.2019 07:00;30,81
31.03.2019 07:00;31.03.2019 08:00;32,01
31.03.2019 08:00;31.03.2019 09:00;33,07
31.03.2019 09:00;31.03.2019 10:00;32,78
31.03.2019 10:00;31.03.2019 11:00;28,82
31.03.2019 11:00;31.03.2019 12:00;25,17
31.03.2019 12:00;31.03.2019 13:00;25,15
31.03.2019 13:00;31.03.2019 14:00;10,46
31.03.2019 14:00;31.03.2019 15:00;1,11
31.03.2019 15:00;31.03.2019 16:00;1,02
31.03.2019 16:00;31.03.2019 17:00;11,51
31.03.2019 17:00;31.03.2019 18:00;26,73
31.03.2019 18:00;31.03.2019 19:00;33,97
31.03.2019 19:00;31.03.2019 20:00;38,69
31.03.2019 20:00;31.03.2019 21:00;41,8
31.03.2019 21:00;31.03.2019 22:00;39,08
31.03.2019 22:00;31.03.2019 23:00;40,3
31.03.2019 23:00;01.04.2019 00:00;37,51
01.04.2019 00:00;01.04.2019 01:00;31,06
01.04.2019 01:00;01.04.2019 02:00;29,96
01.04.2019 02:00;01.04.2019 03:00;31,07
01.04.2019 03:00;01.04.2019 04:00;31,08
01.04.2019 04:00;01.04.2019 05:00;31,09
01.04.2019 05:00;01.04.2019 06:00;37,22
01.04.2019 06:00;01.04.2019 07:00;47,08
01.04.2019 07:00;01.04.2019 08:00;56,95
01.04.2019 08:00;01.04.2019 09:00;53,56
01.04.2019 09:00;01.04.2019 10:00;45,95
01.04.2019 10:00;01.04.2019 11:00;42,2
01.04.2019 11:00;01.04.2019 12:00;39,11
01.04.2019 12:00;01.04.2019 13:00;34,3
01.04.2019 13:00;01.04.2019 14:00;32,29
01.04.2019 14:00;01.04.2019 15:00;31,1
01.04.2019 15:00;01.04.2019 16:00;31,55
01.04.2019 16:00;01.04.2019 17:00;31,8
01.04.2019 17:00;01.04.2019 18:00;35,74
01.04.2019 18:00;01.04.2019 19:00;43,06
01.04.2019 19:00;01.04.2019 20:00;45,1
01.04.2019 20:00;01.04.2019 21:00;45,06
01.04.2019 21:00;01.04.2019 22:00;39,41
01.04.2019 22:00;01.04.2019 23:00;35,8
01.04.2019 23:00;02.04.2019 00:00;30,65
02.04.2019 00:00;02.04.2019 01:00;29,11
02.04.2019 01:00;02.04.2019 02:00;26,93
02.04.2019 02:00;02.04.2019 03:00;25,43
02.04.2019 03:00;02.04.2019 04:00;25,16
02.04.2019 04:00;02.04.2019 05:00;27,52
02.04.2019 05:00;02.04.2019 06:00;31,04
02.04.2019 06:00;02.04.2019 07:00;40,29
02.04.2019 07:00;02.04.2019 08:00;43,78
02.04.2019 08:00;02.04.2019 09:00;43,13
02.04.2019 09:00;02.04.2019 10:00;39,53
02.04.2019 10:00;02.04.2019 11:00;36,68
02.04.2019 11:00;02.04.2019 12:00;31,39
02.04.2019 12:00;02.04.2019 13:00;29,0
02.04.2019 13:00;02.04.2019 14:00;29,09
02.04.2019 14:00;02.04.2019 15:00;29,49
02.04.2019 15:00;02.04.2019 16:00;29,09
02.04.2019 16:00;02.04.2019 17:00;30,1
02.04.2019 17:00;02.04.2019 18:00;35,08
02.04.2019 18:00;02.04.2019 19:00;40,73
02.04.2019 19:00;02.04.2019 20:00;43,15
02.04.2019 20:00;02.04.2019 21:00;42,74
02.04.2019 21:00;02.04.2019 22:00;38,2
02.04.2019 22:00;02.04.2019 23:00;35,08
02.04.2019 23:00;03.04.2019 00:00;30,69
03.04.2019 00:00;03.04.2019 01:00;31,9
03.04.2019 01:00;03.04.2019 02:00;31,5
03.04.2019 02:00;03.04.2019 03:00;31,08
03.04.2019 03:00;03.04.2019 04:00;31,19
03.04.2019 04:00;03.04.2019 05:00;32,57
03.04.2019 05:00;03.04.2019 06:00;35,0
03.04.2019 06:00;03.04.2019 07:00;42,98
03.04.2019 07:00;03.04.2019 08:00;48,25
03.04.2019 08:00;03.04.2019 09:00;52,42
03.04.2019 09:00;03.04.2019 10:00;54,72
03.04.2019 10:00;03.04.2019 11:00;49,47
03.04.2019 11:00;03.04.2019 12:00;47,99
03.04.2019 12:00;03.04.2019 13:00;45,01
03.04.2019 13:00;03.04.2019 14:00;43,11
03.04.2019 14:00;03.04.2019 15:00;41,77
03.04.2019 15:00;03.04.2019 16:00;41,48
03.04.2019 16:00;03.04.2019 17:00;41,73
03.04.2019 17:00;03.04.2019 18:00;42,68
03.04.2019 18:00;03.04.2019 19:00;45,44
03.04.2019 19:00;03.04.2019 20:00;51,32
03.04.2019 20:00;03.04.2019 21:00;52,34
03.04.2019 21:00;03.04.2019 22:00;44,08
03.04.2019 22:00;03.04.2019 23:00;39,1
03.04.2019 23:00;04.04.2019 00:00;36,58
04.04.2019 00:00;04.04.2019 01:00;35,6
04.04.2019 01:00;04.04.2019 02:00;35,12
04.04.2019 02:00;04.04.2019 03:00;33,0
04.04.2019 03:00;04.04.2019 04:00;32,59
04.04.2019 04:00;04.04.2019 05:00;34,13
04.04.2019 05:00;04.04.2019 06:00;36,86
04.04.2019 06:00;04.04.2019 07:00;44,67
04.04.2019 07:00;04.04.2019 08:00;53,64
04.04.2019 08:00;04.04.2019 09:00;59,86
04.04.2019 09:00;04.04.2019 10:00;46,92
04.04.2019 10:00;04.04.2019 11:00;48,0
04.04.2019 11:00;04.04.2019 12:00;47,0
04.04.2019 12:00;04.04.2019 13:00;40,85
04.04.2019 13:00;04.04.2019 14:00;41,32
04.04.2019 14:00;04.04.2019 15:00;38,59
04.04.2019 15:00;04.04.2019 16:00;38,3
04.04.2019 16:00;04.04.2019 17:00;38,1
04.04.2019 17:00;04.04.2019 18:00;40,08
04.04.2019 18:00;04.04.2019 19:00;45,23
04.04.2019 19:00;04.04.2019 20:00;50,5
04.04.2019 20:00;04.04.2019 21:00;48,93
04.04.2019 21:00;04.04.2019 22:00;43,81
04.04.2019 22:00;04.04.2019 23:00;38,49
04.04.2019 23:00;05.04.2019 00:00;36,8
05.04.2019 00:00;05.04.2019 01:00;35,36
05.04.2019 01:00;05.04.2019 02:00;35,47
05.04.2019 02:00;05.04.2019 03:00;34,49
05.04.2019 03:00;05.04.2019 04:00;33,76
05.04.2019 04:00;05.04.2019 05:00;36,17
05.04.2019 05:00;05.04.2019 06:00;38,63
05.04.2019 06:00;05.04.2019 07:00;44,84
05.04.2019 07:00;05.04.2019 08:00;53,16
05.04.2019 08:00;05.04.2019 09:00;58,67
05.04.2019 09:00;05.04.2019 10:00;53,64
05.04.2019 10:00;05.04.2019 11:00;46,58
05.04.2019 11:00;05.04.2019 12:00;44,01
05.04.2019 12:00;05.04.2019 13:00;41,18
05.04.2019 13:00;05.04.2019 14:00;40,08
05.04.2019 14:00;05.04.2019 15:00;38,64
05.04.2019 15:00;05.04.2019 16:00;38,34
05.04.2019 16:00;05.04.2019 17:00;38,64
05.04.2019 17:00;05.04.2019 18:00;40,96
05.04.2019 18:00;05.04.2019 19:00;44,35
05.04.2019 19:00;05.04.2019 20:00;47,23
05.04.2019 20:00;05.04.2019 21:00;46,94
05.04.2019 21:00;05.04.2019 22:00;41,99
05.04.2019 22:00;05.04.2019 23:00;41,33
05.04.2019 23:00;06.04.2019 00:00;40,33
06.04.2019 00:00;06.04.2019 01:00;41,65
06.04.2019 01:00;06.04.2019 02:00;39,86
06.04.2019 02:00;06.04.2019 03:00;38,31
06.04.2019 03:00;06.04.2019 04:00;36,1
06.04.2019 04:00;06.04.2019 05:00;36,13
06.04.2019 05:00;06.04.2019 06:00;37,27
06.04.2019 06:00;06.04.2019 07:00;39,2
06.04.2019 07:00;06.04.2019 08:00;42,03
06.04.2019 08:00;06.04.2019 09:00;44,06
06.04.2019 09:00;06.04.2019 10:00;46,51
06.04.2019 10:00;06.04.2019 11:00;42,72
06.04.2019 11:00;06.04.2019 12:00;40,91
06.04.2019 12:00;06.04.2019 13:00;34,56
06.04.2019 13:00;06.04.2019 14:00;33,66
06.04.2019 14:00;06.04.2019 15:00;31,03
06.04.2019 15:00;06.04.2019 16:00;31,02
06.04.2019 16:00;06.04.2019 17:00;31,04
06.04.2019 17:00;06.04.2019 18:00;32,41
06.04.2019 18:00;06.04.2019 19:00;41,28
06.04.2019 19:00;06.04.2019 20:00;42,91
06.04.2019 20:00;06.04.2019 21:00;41,88
06.04.2019 21:00;06.04.2019 22:00;39,99
06.04.2019 22:00;06.04.2019 23:00;39,21
06.04.2019 23:00;07.04.2019 00:00;36,22
07.04.2019 00:00;07.04.2019 01:00;36,05
07.04.2019 01:00;07.04.2019 02:00;37,71
07.04.2019 02:00;07.04.2019 03:00;37,13
07.04.2019 03:00;07.04.2019 04:00;35,5
07.04.2019 04:00;07.04.2019 05:00;35,64
07.04.2019 05:00;07.04.2019 06:00;36,17
07.04.2019 06:00;07.04.2019 07:00;36,69
07.04.2019 07:00;07.04.2019 08:00;39,43
07.04.2019 08:00;07.04.2019 09:00;40,51
07.04.2019 09:00;07.04.2019 10:00;40,66
07.04.2019 10:00;07.04.2019 11:00;36,63
07.04.2019 11:00;07.04.2019 12:00;34,99
07.04.2019 12:00;07.04.2019 13:00;34,68
07.04.2019 13:00;07.04.2019 14:00;31,5
07.04.2019 14:00;07.04.2019 15:00;28,03
07.04.2019 15:00;07.04.2019 16:00;28,92
07.04.2019 16:00;07.04.2019 17:00;31,4
07.04.2019 17:00;07.04.2019 18:00;34,87
07.04.2019 18:00;07.04.2019 19:00;42,9
07.04.2019 19:00;07.04.2019 20:00;46,65
07.04.2019 20:00;07.04.2019 21:00;49,65
07.04.2019 21:00;07.04.2019 22:00;46,27
07.04.2019 22:00;07.04.2019 23:00;45,55
07.04.2019 23:00;08.04.2019 00:00;44,01
08.04.2019 00:00;08.04.2019 01:00;38,84
08.04.2019 01:00;08.04.2019 02:00;37,7
08.04.2019 02:00;08.04.2019 03:00;36,73
08.04.2019 03:00;08.04.2019 04:00;36,3
08.04.2019 04:00;08.04.2019 05:00;37,2
08.04.2019 05:00;08.04.2019 06:00;41,6
08.04.2019 06:00;08.04.2019 07:00;54,96
08.04.2019 07:00;08.04.2019 08:00;59,47
08.04.2019 08:00;08.04.2019 09:00;60,0
08.04.2019 09:00;08.04.2019 10:00;58,62
08.04.2019 10:00;08.04.2019 11:00;49,1
08.04.2019 11:00;08.04.2019 12:00;44,4
08.04.2019 12:00;08.04.2019 13:00;42,82
08.04.2019 13:00;08.04.2019 14:00;41,85
08.04.2019 14:00;08.04.2019 15:00;40,42
08.04.2019 15:00;08.04.2019 16:00;40,17
08.04.2019 16:00;08.04.2019 17:00;39,73
08.04.2019 17:00;08.04.2019 18:00;42,84
08.04.2019 18:00;08.04.2019 19:00;45,05
08.04.2019 19:00;08.04.2019 20:00;48,46
08.04.2019 20:00;08.04.2019 21:00;46,58
08.04.2019 21:00;08.04.2019 22:00;43,42
08.04.2019 22:00;08.04.2019 23:00;41,94
08.04.2019 23:00;09.04.2019 00:00;37,44
09.04.2019 00:00;09.04.2019 01:00;34,75
09.04.2019 01:00;09.04.2019 02:00;34,69
09.04.2019 02:00;09.04.2019 03:00;35,6
09.04.2019 03:00;09.04.2019 04:00;34,96
09.04.2019 04:00;09.04.2019 05:00;35,12
09.04.2019 05:00;09.04.2019 06:00;37,47
09.04.2019 06:00;09.04.2019 07:00;47,2
09.04.2019 07:00;09.04.2019 08:00;52,08
09.04.2019 08:00;09.04.2019 09:00;55,32
09.04.2019 09:00;09.04.2019 10:00;49,47
09.04.2019 10:00;09.04.2019 11:00;46,73
09.04.2019 11:00;09.04.2019 12:00;44,79
09.04.2019 12:00;09.04.2019 13:00;42,76
09.04.2019 13:00;09.04.2019 14:00;40,94
09.04.2019 14:00;09.04.2019 15:00;39,59
09.04.2019 15:00;09.04.2019 16:00;37,38
09.04.2019 16:00;09.04.2019 17:00;37,39
09.04.2019 17:00;09.04.2019 18:00;40,71
09.04.2019 18:00;09.04.2019 19:00;44,09
09.04.2019 19:00;09.04.2019 20:00;47,01
09.04.2019 20:00;09.04.2019 21:00;45,94
09.04.2019 21:00;09.04.2019 22:00;42,76
09.04.2019 22:00;09.04.2019 23:00;42,01
09.04.2019 23:00;10.04.2019 00:00;39,07
10.04.2019 00:00;10.04.2019 01:00;37,51
10.04.2019 01:00;10.04.2019 02:00;37,18
10.04.2019 02:00;10.04.2019 03:00;36,54
10.04.2019 03:00;10.04.2019 04:00;35,78
10.04.2019 04:00;10.04.2019 05:00;36,63
10.04.2019 05:00;10.04.2019 06:00;38,55
10.04.2019 06:00;10.04.2019 07:00;46,99
10.04.2019 07:00;10.04.2019 08:00;54,43
10.04.2019 08:00;10.04.2019 09:00;58,02
10.04.2019 09:00;10.04.2019 10:00;50,59
10.04.2019 10:00;10.04.2019 11:00;46,21
10.04.2019 11:00;10.04.2019 12:00;44,44
10.04.2019 12:00;10.04.2019 13:00;41,16
10.04.2019 13:00;10.04.2019 14:00;39,98
10.04.2019 14:00;10.04.2019 15:00;38,22
10.04.2019 15:00;10.04.2019 16:00;37,6
10.04.2019 16:00;10.04.2019 17:00;38,12
10.04.2019 17:00;10.04.2019 18:00;42,6
10.04.2019 18:00;10.04.2019 19:00;46,5
10.04.2019 19:00;10.04.2019 20:00;47,2
10.04.2019 20:00;10.04.2019 21:00;46,97
10.04.2019 21:00;10.04.2019 22:00;44,56
10.04.2019 22:00;10.04.2019 23:00;42,6
10.04.2019 23:00;11.04.2019 00:00;39,23
11.04.2019 00:00;11.04.2019 01:00;37,5
11.04.2019 01:00;11.04.2019 02:00;37,07
11.04.2019 02:00;11.04.2019 03:00;37,07
11.04.2019 03:00;11.04.2019 04:00;36,52
11.04.2019 04:00;11.04.2019 05:00;37,1
11.04.2019 05:00;11.04.2019 06:00;38,87
11.04.2019 06:00;11.04.2019 07:00;47,91
11.04.2019 07:00;11.04.2019 08:00;56,4
11.04.2019 08:00;11.04.2019 09:00;59,24
11.04.2019 09:00;11.04.2019 10:00;51,7
11.04.2019 10:00;11.04.2019 11:00;48,55
11.04.2019 11:00;11.04.2019 12:00;45,98
11.04.2019 12:00;11.04.2019 13:00;43,95
11.04.2019 13:00;11.04.2019 14:00;39,86
11.04.2019 14:00;11.04.2019 15:00;38,9
11.04.2019 15:00;11.04.2019 16:00;39,28
11.04.2019 16:00;11.04.2019 17:00;39,0
11.04.2019 17:00;11.04.2019 18:00;43,92
11.04.2019 18:00;11.04.2019 19:00;47,69
11.04.2019 19:00;11.04.2019 20:00;54,02
11.04.2019 20:00;11.04.2019 21:00;52,99
11.04.2019 21:00;11.04.2019 22:00;49,02
11.04.2019 22:00;11.04.2019 23:00;47,2
11.04.2019 23:00;12.04.2019 00:00;44,05
12.04.2019 00:00;12.04.2019 01:00;39,59
12.04.2019 01:00;12.04.2019 02:00;39,01
12.04.2019 02:00;12.04.2019 03:00;37,95
12.04.2019 03:00;12.04.2019 04:00;37,22
12.04.2019 04:00;12.04.2019 05:00;37,5
12.04.2019 05:00;12.04.2019 06:00;41,05
12.04.2019 06:00;12.04.2019 07:00;49,62
12.04.2019 07:00;12.04.2019 08:00;58,98
12.04.2019 08:00;12.04.2019 09:00;60,08
12.04.2019 09:00;12.04.2019 10:00;51,55
12.04.2019 10:00;12.04.2019 11:00;48,97
12.04.2019 11:00;12.04.2019 12:00;46,99
12.04.2019 12:00;12.04.2019 13:00;45,1
12.04.2019 13:00;12.04.2019 14:00;44,11
12.04.2019 14:00;12.04.2019 15:00;42,11
12.04.2019 15:00;12.04.2019 16:00;40,67
12.04.2019 16:00;12.04.2019 17:00;38,57
12.04.2019 17:00;12.04.2019 18:00;41,73
12.04.2019 18:00;12.04.2019 19:00;46,43
12.04.2019 19:00;12.04.2019 20:00;48,43
12.04.2019 20:00;12.04.2019 21:00;48,08
12.04.2019 21:00;12.04.2019 22:00;45,36
12.04.2019 22:00;12.04.2019 23:00;45,27
12.04.2019 23:00;13.04.2019 00:00;43,27
13.04.2019 00:00;13.04.2019 01:00;44,78
13.04.2019 01:00;13.04.2019 02:00;43,53
13.04.2019 02:00;13.04.2019 03:00;42,36
13.04.2019 03:00;13.04.2019 04:00;40,11
13.04.2019 04:00;13.04.2019 05:00;39,45
13.04.2019 05:00;13.04.2019 06:00;40,93
13.04.2019 06:00;13.04.2019 07:00;43,78
13.04.2019 07:00;13.04.2019 08:00;45,1
13.04.2019 08:00;13.04.2019 09:00;47,28
13.04.2019 09:00;13.04.2019 10:00;46,96
13.04.2019 10:00;13.04.2019 11:00;42,45
13.04.2019 11:00;13.04.2019 12:00;39,85
13.04.2019 12:00;13.04.2019 13:00;38,57
13.04.2019 13:00;13.04.2019 14:00;38,02
13.04.2019 14:00;13.04.2019 15:00;37,11
13.04.2019 15:00;13.04.2019 16:00;36,42
13.04.2019 16:00;13.04.2019 17:00;35,65
13.04.2019 17:00;13.04.2019 18:00;37,83
13.04.2019 18:00;13.04.2019 19:00;43,03
13.04.2019 19:00;13.04.2019 20:00;46,09
13.04.2019 20:00;13.04.2019 21:00;46,28
13.04.2019 21:00;13.04.2019 22:00;43,1
13.04.2019 22:00;13.04.2019 23:00;40,24
13.04.2019 23:00;14.04.2019 00:00;35,08
14.04.2019 00:00;14.04.2019 01:00;36,58
14.04.2019 01:00;14.04.2019 02:00;35,31
14.04.2019 02:00;14.04.2019 03:00;35,03
14.04.2019 03:00;14.04.2019 04:00;36,61
14.04.2019 04:00;14.04.2019 05:00;37,23
14.04.2019 05:00;14.04.2019 06:00;37,01
14.04.2019 06:00;14.04.2019 07:00;37,36
14.04.2019 07:00;14.04.2019 08:00;38,18
14.04.2019 08:00;14.04.2019 09:00;40,36
14.04.2019 09:00;14.04.2019 10:00;39,76
14.04.2019 10:00;14.04.2019 11:00;37,1
14.04.2019 11:00;14.04.2019 12:00;36,4
14.04.2019 12:00;14.04.2019 13:00;34,89
14.04.2019 13:00;14.04.2019 14:00;33,87
14.04.2019 14:00;14.04.2019 15:00;29,75
14.04.2019 15:00;14.04.2019 16:00;28,97
14.04.2019 16:00;14.04.2019 17:00;31,26
14.04.2019 17:00;14.04.2019 18:00;35,04
14.04.2019 18:00;14.04.2019 19:00;41,87
14.04.2019 19:00;14.04.2019 20:00;44,7
14.04.2019 20:00;14.04.2019 21:00;46,74
14.04.2019 21:00;14.04.2019 22:00;43,28
14.04.2019 22:00;14.04.2019 23:00;38,59
14.04.2019 23:00;15.04.2019 00:00;38,11
15.04.2019 00:00;15.04.2019 01:00;35,58
15.04.2019 01:00;15.04.2019 02:00;37,11
15.04.2019 02:00;15.04.2019 03:00;37,17
15.04.2019 03:00;15.04.2019 04:00;38,9
15.04.2019 04:00;15.04.2019 05:00;37,99
15.04.2019 05:00;15.04.2019 06:00;42,6
15.04.2019 06:00;15.04.2019 07:00;50,23
15.04.2019 07:00;15.04.2019 08:00;58,76
15.04.2019 08:00;15.04.2019 09:00;60,33
15.04.2019 09:00;15.04.2019 10:00;47,29
15.04.2019 10:00;15.04.2019 11:00;43,02
15.04.2019 11:00;15.04.2019 12:00;40,24
15.04.2019 12:00;15.04.2019 13:00;32,05
15.04.2019 13:00;15.04.2019 14:00;30,43
15.04.2019 14:00;15.04.2019 15:00;32,04
15.04.2019 15:00;15.04.2019 16:00;35,67
15.04.2019 16:00;15.04.2019 17:00;35,58
15.04.2019 17:00;15.04.2019 18:00;40,96
15.04.2019 18:00;15.04.2019 19:00;47,01
15.04.2019 19:00;15.04.2019 20:00;49,27
15.04.2019 20:00;15.04.2019 21:00;48,56
15.04.2019 21:00;15.04.2019 22:00;45,7
15.04.2019 22:00;15.04.2019 23:00;42,43
15.04.2019 23:00;16.04.2019 00:00;34,97
16.04.2019 00:00;16.04.2019 01:00;37,16
16.04.2019 01:00;16.04.2019 02:00;35,85
16.04.2019 02:00;16.04.2019 03:00;36,66
16.04.2019 03:00;16.04.2019 04:00;36,03
16.04.2019 04:00;16.04.2019 05:00;35,06
16.04.2019 05:00;16.04.2019 06:00;37,42
16.04.2019 06:00;16.04.2019 07:00;46,22
16.04.2019 07:00;16.04.2019 08:00;52,06
16.04.2019 08:00;16.04.2019 09:00;52,21
16.04.2019 09:00;16.04.2019 10:00;46,62
16.04.2019 10:00;16.04.2019 11:00;40,72
16.04.2019 11:00;16.04.2019 12:00;35,7
16.04.2019 12:00;16.04.2019 13:00;35,15
16.04.2019 13:00;16.04.2019 14:00;32,95
16.04.2019 14:00;16.04.2019 15:00;34,52
16.04.2019 15:00;16.04.2019 16:00;37,02
16.04.2019 16:00;16.04.2019 17:00;39,28
16.04.2019 17:00;16.04.2019 18:00;44,5
16.04.2019 18:00;16.04.2019 19:00;49,74
16.04.2019 19:00;16.04.2019 20:00;52,95
16.04.2019 20:00;16.04.2019 21:00;50,32
16.04.2019 21:00;16.04.2019 22:00;47,94
16.04.2019 22:00;16.04.2019 23:00;43,9
16.04.2019 23:00;17.04.2019 00:00;38,8
17.04.2019 00:00;17.04.2019 01:00;33,5
17.04.2019 01:00;17.04.2019 02:00;32,99
17.04.2019 02:00;17.04.2019 03:00;35,02
17.04.2019 03:00;17.04.2019 04:00;35,02
17.04.2019 04:00;17.04.2019 05:00;35,36
17.04.2019 05:00;17.04.2019 06:00;37,94
17.04.2019 06:00;17.04.2019 07:00;46,82
17.04.2019 07:00;17.04.2019 08:00;50,43
17.04.2019 08:00;17.04.2019 09:00;52,23
17.04.2019 09:00;17.04.2019 10:00;50,4
17.04.2019 10:00;17.04.2019 11:00;48,01
17.04.2019 11:00;17.04.2019 12:00;39,72
17.04.2019 12:00;17.04.2019 13:00;35,66
17.04.2019 13:00;17.04.2019 14:00;34,09
17.04.2019 14:00;17.04.2019 15:00;36,12
17.04.2019 15:00;17.04.2019 16:00;35,05
17.04.2019 16:00;17.04.2019 17:00;35,49
17.04.2019 17:00;17.04.2019 18:00;38,73
17.04.2019 18:00;17.04.2019 19:00;46,09
17.04.2019 19:00;17.04.2019 20:00;49,49
17.04.2019 20:00;17.04.2019 21:00;48,09
17.04.2019 21:00;17.04.2019 22:00;44,83
17.04.2019 22:00;17.04.2019 23:00;41,03
17.04.2019 23:00;18.04.2019 00:00;37,29
18.04.2019 00:00;18.04.2019 01:00;37,93
18.04.2019 01:00;18.04.2019 02:00;37,3
18.04.2019 02:00;18.04.2019 03:00;37,24
18.04.2019 03:00;18.04.2019 04:00;35,02
18.04.2019 04:00;18.04.2019 05:00;35,06
18.04.2019 05:00;18.04.2019 06:00;38,07
18.04.2019 06:00;18.04.2019 07:00;47,82
18.04.2019 07:00;18.04.2019 08:00;51,95
18.04.2019 08:00;18.04.2019 09:00;55,31
18.04.2019 09:00;18.04.2019 10:00;49,93
18.04.2019 10:00;18.04.2019 11:00;44,57
18.04.2019 11:00;18.04.2019 12:00;40,39
18.04.2019 12:00;18.04.2019 13:00;37,71
18.04.2019 13:00;18.04.2019 14:00;30,13
18.04.2019 14:00;18.04.2019 15:00;27,12
18.04.2019 15:00;18.04.2019 16:00;30,14
18.04.2019 16:00;18.04.2019 17:00;34,14
18.04.2019 17:00;18.04.2019 18:00;39,4
18.04.2019 18:00;18.04.2019 19:00;45,09
18.04.2019 19:00;18.04.2019 20:00;49,31
18.04.2019 20:00;18.04.2019 21:00;48,19
18.04.2019 21:00;18.04.2019 22:00;44,23
18.04.2019 22:00;18.04.2019 23:00;43,19
18.04.2019 23:00;19.04.2019 00:00;40,96
19.04.2019 00:00;19.04.2019 01:00;35,89
19.04.2019 01:00;19.04.2019 02:00;32,54
19.04.2019 02:00;19.04.2019 03:00;31,71
19.04.2019 03:00;19.04.2019 04:00;30,87
19.04.2019 04:00;19.04.2019 05:00;32,07
19.04.2019 05:00;19.04.2019 06:00;33,99
19.04.2019 06:00;19.04.2019 07:00;37,91
19.04.2019 07:00;19.04.2019 08:00;40,5
19.04.2019 08:00;19.04.2019 09:00;43,83
19.04.2019 09:00;19.04.2019 10:00;42,68
19.04.2019 10:00;19.04.2019 11:00;37,96
19.04.2019 11:00;19.04.2019 12:00;34,32
19.04.2019 12:00;19.04.2019 13:00;25,47
19.04.2019 13:00;19.04.2019 14:00;5,36
19.04.2019 14:00;19.04.2019 15:00;5,02
19.04.2019 15:00;19.04.2019 16:00;20,85
19.04.2019 16:00;19.04.2019 17:00;27,48
19.04.2019 17:00;19.04.2019 18:00;35,3
19.04.2019 18:00;19.04.2019 19:00;41,94
19.04.2019 19:00;19.04.2019 20:00;43,68
19.04.2019 20:00;19.04.2019 21:00;43,2
19.04.2019 21:00;19.04.2019 22:00;44,09
19.04.2019 22:00;19.04.2019 23:00;43,88
19.04.2019 23:00;20.04.2019 00:00;41,62
20.04.2019 00:00;20.04.2019 01:00;33,87
20.04.2019 01:00;20.04.2019 02:00;31,57
20.04.2019 02:00;20.04.2019 03:00;30,0
20.04.2019 03:00;20.04.2019 04:00;30,02
20.04.2019 04:00;20.04.2019 05:00;31,5
20.04.2019 05:00;20.04.2019 06:00;34,87
20.04.2019 06:00;20.04.2019 07:00;38,15
20.04.2019 07:00;20.04.2019 08:00;38,6
20.04.2019 08:00;20.04.2019 09:00;37,34
20.04.2019 09:00;20.04.2019 10:00;37,7
20.04.2019 10:00;20.04.2019 11:00;31,03
20.04.2019 11:00;20.04.2019 12:00;28,38
20.04.2019 12:00;20.04.2019 13:00;26,91
20.04.2019 13:00;20.04.2019 14:00;22,8
20.04.2019 14:00;20.04.2019 15:00;21,03
20.04.2019 15:00;20.04.2019 16:00;24,94
20.04.2019 16:00;20.04.2019 17:00;27,94
20.04.2019 17:00;20.04.2019 18:00;38,03
20.04.2019 18:00;20.04.2019 19:00;44,91
20.04.2019 19:00;20.04.2019 20:00;46,92
20.04.2019 20:00;20.04.2019 21:00;44,61
20.04.2019 21:00;20.04.2019 22:00;43,41
20.04.2019 22:00;20.04.2019 23:00;42,5
20.04.2019 23:00;21.04.2019 00:00;41,37
21.04.2019 00:00;21.04.2019 01:00;36,95
21.04.2019 01:00;21.04.2019 02:00;34,02
21.04.2019 02:00;21.04.2019 03:00;31,29
21.04.2019 03:00;21.04.2019 04:00;31,32
21.04.2019 04:00;21.04.2019 05:00;33,22
21.04.2019 05:00;21.04.2019 06:00;33,1
21.04.2019 06:00;21.04.2019 07:00;34,28
21.04.2019 07:00;21.04.2019 08:00;34,02
21.04.2019 08:00;21.04.2019 09:00;34,0
21.04.2019 09:00;21.04.2019 10:00;32,23
21.04.2019 10:00;21.04.2019 11:00;29,1
21.04.2019 11:00;21.04.2019 12:00;29,05
21.04.2019 12:00;21.04.2019 13:00;27,47
21.04.2019 13:00;21.04.2019 14:00;10,0
21.04.2019 14:00;21.04.2019 15:00;6,27
21.04.2019 15:00;21.04.2019 16:00;9,7
21.04.2019 16:00;21.04.2019 17:00;22,4
21.04.2019 17:00;21.04.2019 18:00;31,88
21.04.2019 18:00;21.04.2019 19:00;41,85
21.04.2019 19:00;21.04.2019 20:00;46,23
21.04.2019 20:00;21.04.2019 21:00;46,08
21.04.2019 21:00;21.04.2019 22:00;44,16
21.04.2019 22:00;21.04.2019 23:00;41,38
21.04.2019 23:00;22.04.2019 00:00;38,34
22.04.2019 00:00;22.04.2019 01:00;27,79
22.04.2019 01:00;22.04.2019 02:00;19,18
22.04.2019 02:00;22.04.2019 03:00;13,0
22.04.2019 03:00;22.04.2019 04:00;10,01
22.04.2019 04:00;22.04.2019 05:00;5,51
22.04.2019 05:00;22.04.2019 06:00;14,82
22.04.2019 06:00;22.04.2019 07:00;5,14
22.04.2019 07:00;22.04.2019 08:00;3,46
22.04.2019 08:00;22.04.2019 09:00;16,93
22.04.2019 09:00;22.04.2019 10:00;6,45
22.04.2019 10:00;22.04.2019 11:00;-5,26
22.04.2019 11:00;22.04.2019 12:00;-54,91
22.04.2019 12:00;22.04.2019 13:00;-62,08
22.04.2019 13:00;22.04.2019 14:00;-77,31
22.04.2019 14:00;22.04.2019 15:00;-83,01
22.04.2019 15:00;22.04.2019 16:00;-79,97
22.04.2019 16:00;22.04.2019 17:00;-68,75
22.04.2019 17:00;22.04.2019 18:00;-43,07
22.04.2019 18:00;22.04.2019 19:00;-0,39
22.04.2019 19:00;22.04.2019 20:00;15,06
22.04.2019 20:00;22.04.2019 21:00;17,03
22.04.2019 21:00;22.04.2019 22:00;2,98
22.04.2019 22:00;22.04.2019 23:00;0,03
22.04.2019 23:00;23.04.2019 00:00;-18,85
23.04.2019 00:00;23.04.2019 01:00;-1,72
23.04.2019 01:00;23.04.2019 02:00;-6,95
23.04.2019 02:00;23.04.2019 03:00;-9,64
23.04.2019 03:00;23.04.2019 04:00;-11,03
23.04.2019 04:00;23.04.2019 05:00;-9,56
23.04.2019 05:00;23.04.2019 06:00;6,84
23.04.2019 06:00;23.04.2019 07:00;29,45
23.04.2019 07:00;23.04.2019 08:00;38,82
23.04.2019 08:00;23.04.2019 09:00;38,53
23.04.2019 09:00;23.04.2019 10:00;27,91
23.04.2019 10:00;23.04.2019 11:00;16,47
23.04.2019 11:00;23.04.2019 12:00;0,03
23.04.2019 12:00;23.04.2019 13:00;-9,98
23.04.2019 13:00;23.04.2019 14:00;-9,97
23.04.2019 14:00;23.04.2019 15:00;-4,49
23.04.2019 15:00;23.04.2019 16:00;0,13
23.04.2019 16:00;23.04.2019 17:00;13,08
23.04.2019 17:00;23.04.2019 18:00;31,56
23.04.2019 18:00;23.04.2019 19:00;38,58
23.04.2019 19:00;23.04.2019 20:00;41,11
23.04.2019 20:00;23.04.2019 21:00;40,68
23.04.2019 21:00;23.04.2019 22:00;36,37
23.04.2019 22:00;23.04.2019 23:00;30,09
23.04.2019 23:00;24.04.2019 00:00;27,72
24.04.2019 00:00;24.04.2019 01:00;24,97
24.04.2019 01:00;24.04.2019 02:00;24,57
24.04.2019 02:00;24.04.2019 03:00;22,07
24.04.2019 03:00;24.04.2019 04:00;17,95
24.04.2019 04:00;24.04.2019 05:00;25,01
24.04.2019 05:00;24.04.2019 06:00;27,53
24.04.2019 06:00;24.04.2019 07:00;40,1
24.04.2019 07:00;24.04.2019 08:00;43,18
24.04.2019 08:00;24.04.2019 09:00;43,85
24.04.2019 09:00;24.04.2019 10:00;41,97
24.04.2019 10:00;24.04.2019 11:00;38,85
24.04.2019 11:00;24.04.2019 12:00;34,43
24.04.2019 12:00;24.04.2019 13:00;29,99
24.04.2019 13:00;24.04.2019 14:00;32,52
24.04.2019 14:00;24.04.2019 15:00;31,6
24.04.2019 15:00;24.04.2019 16:00;31,18
24.04.2019 16:00;24.04.2019 17:00;34,02
24.04.2019 17:00;24.04.2019 18:00;40,98
24.04.2019 18:00;24.04.2019 19:00;46,15
24.04.2019 19:00;24.04.2019 20:00;46,03
24.04.2019 20:00;24.04.2019 21:00;44,36
24.04.2019 21:00;24.04.2019 22:00;42,42
24.04.2019 22:00;24.04.2019 23:00;38,1
24.04.2019 23:00;25.04.2019 00:00;31,0
25.04.2019 00:00;25.04.2019 01:00;28,12
25.04.2019 01:00;25.04.2019 02:00;26,1
25.04.2019 02:00;25.04.2019 03:00;27,22
25.04.2019 03:00;25.04.2019 04:00;28,65
25.04.2019 04:00;25.04.2019 05:00;31,3
25.04.2019 05:00;25.04.2019 06:00;37,89
25.04.2019 06:00;25.04.2019 07:00;44,13
25.04.2019 07:00;25.04.2019 08:00;50,82
25.04.2019 08:00;25.04.2019 09:00;48,21
25.04.2019 09:00;25.04.2019 10:00;44,41
25.04.2019 10:00;25.04.2019 11:00;41,26
25.04.2019 11:00;25.04.2019 12:00;37,65
25.04.2019 12:00;25.04.2019 13:00;35,22
25.04.2019 13:00;25.04.2019 14:00;32,0
25.04.2019 14:00;25.04.2019 15:00;30,51
25.04.2019 15:00;25.04.2019 16:00;31,36
25.04.2019 16:00;25.04.2019 17:00;34,77
25.04.2019 17:00;25.04.2019 18:00;41,21
25.04.2019 18:00;25.04.2019 19:00;46,22
25.04.2019 19:00;25.04.2019 20:00;57,49
25.04.2019 20:00;25.04.2019 21:00;59,9
25.04.2019 21:00;25.04.2019 22:00;47,78
25.04.2019 22:00;25.04.2019 23:00;42,21
25.04.2019 23:00;26.04.2019 00:00;39,04
26.04.2019 00:00;26.04.2019 01:00;37,0
26.04.2019 01:00;26.04.2019 02:00;35,0
26.04.2019 02:00;26.04.2019 03:00;33,53
26.04.2019 03:00;26.04.2019 04:00;34,88
26.04.2019 04:00;26.04.2019 05:00;36,48
26.04.2019 05:00;26.04.2019 06:00;39,52
26.04.2019 06:00;26.04.2019 07:00;45,48
26.04.2019 07:00;26.04.2019 08:00;53,6
26.04.2019 08:00;26.04.2019 09:00;56,38
26.04.2019 09:00;26.04.2019 10:00;52,94
26.04.2019 10:00;26.04.2019 11:00;49,93
26.04.2019 11:00;26.04.2019 12:00;46,94
26.04.2019 12:00;26.04.2019 13:00;43,96
26.04.2019 13:00;26.04.2019 14:00;42,16
26.04.2019 14:00;26.04.2019 15:00;40,35
26.04.2019 15:00;26.04.2019 16:00;40,51
26.04.2019 16:00;26.04.2019 17:00;41,46
26.04.2019 17:00;26.04.2019 18:00;45,72
26.04.2019 18:00;26.04.2019 19:00;45,0
26.04.2019 19:00;26.04.2019 20:00;49,06
26.04.2019 20:00;26.04.2019 21:00;49,66
26.04.2019 21:00;26.04.2019 22:00;46,41
26.04.2019 22:00;26.04.2019 23:00;41,97
26.04.2019 23:00;27.04.2019 00:00;37,05
27.04.2019 00:00;27.04.2019 01:00;32,02
27.04.2019 01:00;27.04.2019 02:00;30,1
27.04.2019 02:00;27.04.2019 03:00;29,05
27.04.2019 03:00;27.04.2019 04:00;28,04
27.04.2019 04:00;27.04.2019 05:00;27,43
27.04.2019 05:00;27.04.2019 06:00;26,76
27.04.2019 06:00;27.04.2019 07:00;27,02
27.04.2019 07:00;27.04.2019 08:00;31,99
27.04.2019 08:00;27.04.2019 09:00;37,22
27.04.2019 09:00;27.04.2019 10:00;35,41
27.04.2019 10:00;27.04.2019 11:00;32,69
27.04.2019 11:00;27.04.2019 12:00;31,99
27.04.2019 12:00;27.04.2019 13:00;30,48
27.04.2019 13:00;27.04.2019 14:00;27,9
27.04.2019 14:00;27.04.2019 15:00;24,95
27.04.2019 15:00;27.04.2019 16:00;27,82
27.04.2019 16:00;27.04.2019 17:00;30,98
27.04.2019 17:00;27.04.2019 18:00;33,1
27.04.2019 18:00;27.04.2019 19:00;38,02
27.04.2019 19:00;27.04.2019 20:00;39,92
27.04.2019 20:00;27.04.2019 21:00;39,25
27.04.2019 21:00;27.04.2019 22:00;37,63
27.04.2019 22:00;27.04.2019 23:00;36,36
27.04.2019 23:00;28.04.2019 00:00;31,57
28.04.2019 00:00;28.04.2019 01:00;31,24
28.04.2019 01:00;28.04.2019 02:00;29,05
28.04.2019 02:00;28.04.2019 03:00;30,0
28.04.2019 03:00;28.04.2019 04:00;29,0
28.04.2019 04:00;28.04.2019 05:00;29,53
28.04.2019 05:00;28.04.2019 06:00;29,96
28.04.2019 06:00;28.04.2019 07:00;30,71
28.04.2019 07:00;28.04.2019 08:00;31,66
28.04.2019 08:00;28.04.2019 09:00;32,05
28.04.2019 09:00;28.04.2019 10:00;34,41
28.04.2019 10:00;28.04.2019 11:00;34,48
28.04.2019 11:00;28.04.2019 12:00;35,53
28.04.2019 12:00;28.04.2019 13:00;32,6
28.04.2019 13:00;28.04.2019 14:00;31,44
28.04.2019 14:00;28.04.2019 15:00;30,4
28.04.2019 15:00;28.04.2019 16:00;29,77
28.04.2019 16:00;28.04.2019 17:00;31,74
28.04.2019 17:00;28.04.2019 18:00;35,51
28.04.2019 18:00;28.04.2019 19:00;41,68
28.04.2019 19:00;28.04.2019 20:00;45,32
28.04.2019 20:00;28.04.2019 21:00;47,75
28.04.2019 21:00;28.04.2019 22:00;46,07
28.04.2019 22:00;28.04.2019 23:00;47,76
28.04.2019 23:00;29.04.2019 00:00;44,56
29.04.2019 00:00;29.04.2019 01:00;38,53
29.04.2019 01:00;29.04.2019 02:00;36,22
29.04.2019 02:00;29.04.2019 03:00;35,57
29.04.2019 03:00;29.04.2019 04:00;35,01
29.04.2019 04:00;29.04.2019 05:00;34,18
29.04.2019 05:00;29.04.2019 06:00;36,57
29.04.2019 06:00;29.04.2019 07:00;46,82
29.04.2019 07:00;29.04.2019 08:00;52,77
29.04.2019 08:00;29.04.2019 09:00;56,71
29.04.2019 09:00;29.04.2019 10:00;51,3
29.04.2019 10:00;29.04.2019 11:00;46,99
29.04.2019 11:00;29.04.2019 12:00;45,61
29.04.2019 12:00;29.04.2019 13:00;44,06
29.04.2019 13:00;29.04.2019 14:00;43,0
29.04.2019 14:00;29.04.2019 15:00;40,67
29.04.2019 15:00;29.04.2019 16:00;39,41
29.04.2019 16:00;29.04.2019 17:00;39,9
29.04.2019 17:00;29.04.2019 18:00;42,4
29.04.2019 18:00;29.04.2019 19:00;44,97
29.04.2019 19:00;29.04.2019 20:00;47,08
29.04.2019 20:00;29.04.2019 21:00;47,81
29.04.2019 21:00;29.04.2019 22:00;46,81
29.04.2019 22:00;29.04.2019 23:00;44,86
29.04.2019 23:00;30.04.2019 00:00;38,43
30.04.2019 00:00;30.04.2019 01:00;34,0
30.04.2019 01:00;30.04.2019 02:00;36,07
30.04.2019 02:00;30.04.2019 03:00;35,0
30.04.2019 03:00;30.04.2019 04:00;35,24
30.04.2019 04:00;30.04.2019 05:00;34,44
30.04.2019 05:00;30.04.2019 06:00;37,04
30.04.2019 06:00;30.04.2019 07:00;45,62
30.04.2019 07:00;30.04.2019 08:00;52,14
30.04.2019 08:00;30.04.2019 09:00;60,0
30.04.2019 09:00;30.04.2019 10:00;51,47
30.04.2019 10:00;30.04.2019 11:00;47,43
30.04.2019 11:00;30.04.2019 12:00;44,85
30.04.2019 12:00;30.04.2019 13:00;40,85
30.04.2019 13:00;30.04.2019 14:00;36,49
30.04.2019 14:00;30.04.2019 15:00;34,98
30.04.2019 15:00;30.04.2019 16:00;34,94
30.04.2019 16:00;30.04.2019 17:00;35,34
30.04.2019 17:00;30.04.2019 18:00;41,3
30.04.2019 18:00;30.04.2019 19:00;47,09
30.04.2019 19:00;30.04.2019 20:00;54,4
30.04.2019 20:00;30.04.2019 21:00;51,76
30.04.2019 21:00;30.04.2019 22:00;48,71
30.04.2019 22:00;30.04.2019 23:00;46,28
30.04.2019 23:00;01.05.2019 00:00;43,41
01.05.2019 00:00;01.05.2019 01:00;38,0
01.05.2019 01:00;01.05.2019 02:00;35,2
01.05.2019 02:00;01.05.2019 03:00;32,64
01.05.2019 03:00;01.05.2019 04:00;31,16
01.05.2019 04:00;01.05.2019 05:00;29,56
01.05.2019 05:00;01.05.2019 06:00;29,72
01.05.2019 06:00;01.05.2019 07:00;27,51
01.05.2019 07:00;01.05.2019 08:00;27,6
01.05.2019 08:00;01.05.2019 09:00;30,9
01.05.2019 09:00;01.05.2019 10:00;29,4
01.05.2019 10:00;01.05.2019 11:00;28,88
01.05.2019 11:00;01.05.2019 12:00;28,65
01.05.2019 12:00;01.05.2019 13:00;21,12
01.05.2019 13:00;01.05.2019 14:00;4,9
01.05.2019 14:00;01.05.2019 15:00;-2,46
01.05.2019 15:00;01.05.2019 16:00;-2,82
01.05.2019 16:00;01.05.2019 17:00;1,98
01.05.2019 17:00;01.05.2019 18:00;19,61
01.05.2019 18:00;01.05.2019 19:00;29,65
01.05.2019 19:00;01.05.2019 20:00;34,51
01.05.2019 20:00;01.05.2019 21:00;37,25
01.05.2019 21:00;01.05.2019 22:00;33,2
01.05.2019 22:00;01.05.2019 23:00;35,18
01.05.2019 23:00;02.05.2019 00:00;29,96
02.05.2019 00:00;02.05.2019 01:00;31,18
02.05.2019 01:00;02.05.2019 02:00;27,67
02.05.2019 02:00;02.05.2019 03:00;27,21
02.05.2019 03:00;02.05.2019 04:00;25,71
02.05.2019 04:00;02.05.2019 05:00;26,97
02.05.2019 05:00;02.05.2019 06:00;31,93
02.05.2019 06:00;02.05.2019 07:00;41,75
02.05.2019 07:00;02.05.2019 08:00;45,52
02.05.2019 08:00;02.05.2019 09:00;47,18
02.05.2019 09:00;02.05.2019 10:00;43,3
02.05.2019 10:00;02.05.2019 11:00;39,7
02.05.2019 11:00;02.05.2019 12:00;37,32
02.05.2019 12:00;02.05.2019 13:00;31,42
02.05.2019 13:00;02.05.2019 14:00;31,9
02.05.2019 14:00;02.05.2019 15:00;34,32
02.05.2019 15:00;02.05.2019 16:00;37,0
02.05.2019 16:00;02.05.2019 17:00;37,48
02.05.2019 17:00;02.05.2019 18:00;40,41
02.05.2019 18:00;02.05.2019 19:00;45,98
02.05.2019 19:00;02.05.2019 20:00;47,18
02.05.2019 20:00;02.05.2019 21:00;47,38
02.05.2019 21:00;02.05.2019 22:00;45,66
02.05.2019 22:00;02.05.2019 23:00;44,72
02.05.2019 23:00;03.05.2019 00:00;41,71
03.05.2019 00:00;03.05.2019 01:00;33,29
03.05.2019 01:00;03.05.2019 02:00;34,9
03.05.2019 02:00;03.05.2019 03:00;33,6
03.05.2019 03:00;03.05.2019 04:00;32,48
03.05.2019 04:00;03.05.2019 05:00;33,1
03.05.2019 05:00;03.05.2019 06:00;35,96
03.05.2019 06:00;03.05.2019 07:00;41,95
03.05.2019 07:00;03.05.2019 08:00;46,99
03.05.2019 08:00;03.05.2019 09:00;50,1
03.05.2019 09:00;03.05.2019 10:00;47,94
03.05.2019 10:00;03.05.2019 11:00;46,9
03.05.2019 11:00;03.05.2019 12:00;46,47
03.05.2019 12:00;03.05.2019 13:00;43,7
03.05.2019 13:00;03.05.2019 14:00;39,84
03.05.2019 14:00;03.05.2019 15:00;36,66
03.05.2019 15:00;03.05.2019 16:00;35,61
03.05.2019 16:00;03.05.2019 17:00;35,47
03.05.2019 17:00;03.05.2019 18:00;38,89
03.05.2019 18:00;03.05.2019 19:00;42,01
03.05.2019 19:00;03.05.2019 20:00;43,96
03.05.2019 20:00;03.05.2019 21:00;44,57
03.05.2019 21:00;03.05.2019 22:00;44,92
03.05.2019 22:00;03.05.2019 23:00;45,37
03.05.2019 23:00;04.05.2019 00:00;42,01
04.05.2019 00:00;04.05.2019 01:00;39,72
04.05.2019 01:00;04.05.2019 02:00;36,77
04.05.2019 02:00;04.05.2019 03:00;35,56
04.05.2019 03:00;04.05.2019 04:00;34,9
04.05.2019 04:00;04.05.2019 05:00;34,98
04.05.2019 05:00;04.05.2019 06:00;34,51
04.05.2019 06:00;04.05.2019 07:00;35,59
04.05.2019 07:00;04.05.2019 08:00;40,87
04.05.2019 08:00;04.05.2019 09:00;45,0
04.05.2019 09:00;04.05.2019 10:00;45,07
04.05.2019 10:00;04.05.2019 11:00;43,62
04.05.2019 11:00;04.05.2019 12:00;42,65
04.05.2019 12:00;04.05.2019 13:00;40,56
04.05.2019 13:00;04.05.2019 14:00;36,98
04.05.2019 14:00;04.05.2019 15:00;34,95
04.05.2019 15:00;04.05.2019 16:00;33,0
04.05.2019 16:00;04.05.2019 17:00;32,68
04.05.2019 17:00;04.05.2019 18:00;34,11
04.05.2019 18:00;04.05.2019 19:00;41,4
04.05.2019 19:00;04.05.2019 20:00;44,87
04.05.2019 20:00;04.05.2019 21:00;44,81
04.05.2019 21:00;04.05.2019 22:00;45,5
04.05.2019 22:00;04.05.2019 23:00;45,92
04.05.2019 23:00;05.05.2019 00:00;44,3
05.05.2019 00:00;05.05.2019 01:00;35,19
05.05.2019 01:00;05.05.2019 02:00;32,02
05.05.2019 02:00;05.05.2019 03:00;29,04
05.05.2019 03:00;05.05.2019 04:00;28,9
05.05.2019 04:00;05.05.2019 05:00;29,04
05.05.2019 05:00;05.05.2019 06:00;27,94
05.05.2019 06:00;05.05.2019 07:00;28,05
05.05.2019 07:00;05.05.2019 08:00;29,01
05.05.2019 08:00;05.05.2019 09:00;30,7
05.05.2019 09:00;05.05.2019 10:00;30,29
05.05.2019 10:00;05.05.2019 11:00;28,46
05.05.2019 11:00;05.05.2019 12:00;28,73
05.05.2019 12:00;05.05.2019 13:00;28,09
05.05.2019 13:00;05.05.2019 14:00;26,4
05.05.2019 14:00;05.05.2019 15:00;16,12
05.05.2019 15:00;05.05.2019 16:00;15,71
05.05.2019 16:00;05.05.2019 17:00;21,72
05.05.2019 17:00;05.05.2019 18:00;30,7
05.05.2019 18:00;05.05.2019 19:00;32,44
05.05.2019 19:00;05.05.2019 20:00;38,47
05.05.2019 20:00;05.05.2019 21:00;41,32
05.05.2019 21:00;05.05.2019 22:00;41,31
05.05.2019 22:00;05.05.2019 23:00;42,34
05.05.2019 23:00;06.05.2019 00:00;39,71
06.05.2019 00:00;06.05.2019 01:00;37,9
06.05.2019 01:00;06.05.2019 02:00;34,99
06.05.2019 02:00;06.05.2019 03:00;34,92
06.05.2019 03:00;06.05.2019 04:00;33,34
06.05.2019 04:00;06.05.2019 05:00;33,07
06.05.2019 05:00;06.05.2019 06:00;36,35
06.05.2019 06:00;06.05.2019 07:00;45,85
06.05.2019 07:00;06.05.2019 08:00;51,63
06.05.2019 08:00;06.05.2019 09:00;48,84
06.05.2019 09:00;06.05.2019 10:00;45,22
06.05.2019 10:00;06.05.2019 11:00;44,75
06.05.2019 11:00;06.05.2019 12:00;45,04
06.05.2019 12:00;06.05.2019 13:00;44,4
06.05.2019 13:00;06.05.2019 14:00;44,19
06.05.2019 14:00;06.05.2019 15:00;42,08
06.05.2019 15:00;06.05.2019 16:00;41,09
06.05.2019 16:00;06.05.2019 17:00;41,16
06.05.2019 17:00;06.05.2019 18:00;43,87
06.05.2019 18:00;06.05.2019 19:00;47,19
06.05.2019 19:00;06.05.2019 20:00;54,4
06.05.2019 20:00;06.05.2019 21:00;56,14
06.05.2019 21:00;06.05.2019 22:00;56,14
06.05.2019 22:00;06.05.2019 23:00;55,0
06.05.2019 23:00;07.05.2019 00:00;45,33
07.05.2019 00:00;07.05.2019 01:00;42,32
07.05.2019 01:00;07.05.2019 02:00;40,98
07.05.2019 02:00;07.05.2019 03:00;40,8
07.05.2019 03:00;07.05.2019 04:00;40,03
07.05.2019 04:00;07.05.2019 05:00;40,03
07.05.2019 05:00;07.05.2019 06:00;42,71
07.05.2019 06:00;07.05.2019 07:00;51,59
07.05.2019 07:00;07.05.2019 08:00;60,16
07.05.2019 08:00;07.05.2019 09:00;63,9
07.05.2019 09:00;07.05.2019 10:00;57,53
07.05.2019 10:00;07.05.2019 11:00;50,61
07.05.2019 11:00;07.05.2019 12:00;51,2
07.05.2019 12:00;07.05.2019 13:00;47,61
07.05.2019 13:00;07.05.2019 14:00;48,94
07.05.2019 14:00;07.05.2019 15:00;48,0
07.05.2019 15:00;07.05.2019 16:00;46,77
07.05.2019 16:00;07.05.2019 17:00;47,1
07.05.2019 17:00;07.05.2019 18:00;48,94
07.05.2019 18:00;07.05.2019 19:00;57,45
07.05.2019 19:00;07.05.2019 20:00;64,99
07.05.2019 20:00;07.05.2019 21:00;68,61
07.05.2019 21:00;07.05.2019 22:00;55,0
07.05.2019 22:00;07.05.2019 23:00;50,98
07.05.2019 23:00;08.05.2019 00:00;45,0
08.05.2019 00:00;08.05.2019 01:00;44,18
08.05.2019 01:00;08.05.2019 02:00;39,03
08.05.2019 02:00;08.05.2019 03:00;35,96
08.05.2019 03:00;08.05.2019 04:00;35,79
08.05.2019 04:00;08.05.2019 05:00;35,08
08.05.2019 05:00;08.05.2019 06:00;36,48
08.05.2019 06:00;08.05.2019 07:00;44,33
08.05.2019 07:00;08.05.2019 08:00;49,44
08.05.2019 08:00;08.05.2019 09:00;49,02
08.05.2019 09:00;08.05.2019 10:00;46,2
08.05.2019 10:00;08.05.2019 11:00;44,66
08.05.2019 11:00;08.05.2019 12:00;43,5
08.05.2019 12:00;08.05.2019 13:00;42,87
08.05.2019 13:00;08.05.2019 14:00;38,19
08.05.2019 14:00;08.05.2019 15:00;35,78
08.05.2019 15:00;08.05.2019 16:00;34,9
08.05.2019 16:00;08.05.2019 17:00;34,38
08.05.2019 17:00;08.05.2019 18:00;35,59
08.05.2019 18:00;08.05.2019 19:00;37,35
08.05.2019 19:00;08.05.2019 20:00;39,19
08.05.2019 20:00;08.05.2019 21:00;39,61
08.05.2019 21:00;08.05.2019 22:00;38,01
08.05.2019 22:00;08.05.2019 23:00;35,24
08.05.2019 23:00;09.05.2019 00:00;32,58
09.05.2019 00:00;09.05.2019 01:00;33,92
09.05.2019 01:00;09.05.2019 02:00;32,01
09.05.2019 02:00;09.05.2019 03:00;30,26
09.05.2019 03:00;09.05.2019 04:00;30,69
09.05.2019 04:00;09.05.2019 05:00;33,1
09.05.2019 05:00;09.05.2019 06:00;37,07
09.05.2019 06:00;09.05.2019 07:00;45,99
09.05.2019 07:00;09.05.2019 08:00;49,92
09.05.2019 08:00;09.05.2019 09:00;54,66
09.05.2019 09:00;09.05.2019 10:00;52,19
09.05.2019 10:00;09.05.2019 11:00;49,95
09.05.2019 11:00;09.05.2019 12:00;49,93
09.05.2019 12:00;09.05.2019 13:00;49,05
09.05.2019 13:00;09.05.2019 14:00;47,76
09.05.2019 14:00;09.05.2019 15:00;45,76
09.05.2019 15:00;09.05.2019 16:00;45,33
09.05.2019 16:00;09.05.2019 17:00;45,54
09.05.2019 17:00;09.05.2019 18:00;49,71
09.05.2019 18:00;09.05.2019 19:00;49,98
09.05.2019 19:00;09.05.2019 20:00;55,05
09.05.2019 20:00;09.05.2019 21:00;55,24
09.05.2019 21:00;09.05.2019 22:00;49,9
09.05.2019 22:00;09.05.2019 23:00;49,07
09.05.2019 23:00;10.05.2019 00:00;44,0
10.05.2019 00:00;10.05.2019 01:00;40,1
10.05.2019 01:00;10.05.2019 02:00;38,83
10.05.2019 02:00;10.05.2019 03:00;37,54
10.05.2019 03:00;10.05.2019 04:00;37,25
10.05.2019 04:00;10.05.2019 05:00;37,17
10.05.2019 05:00;10.05.2019 06:00;39,02
10.05.2019 06:00;10.05.2019 07:00;47,63
10.05.2019 07:00;10.05.2019 08:00;54,58
10.05.2019 08:00;10.05.2019 09:00;56,17
10.05.2019 09:00;10.05.2019 10:00;53,07
10.05.2019 10:00;10.05.2019 11:00;49,82
10.05.2019 11:00;10.05.2019 12:00;46,93
10.05.2019 12:00;10.05.2019 13:00;42,7
10.05.2019 13:00;10.05.2019 14:00;37,5
10.05.2019 14:00;10.05.2019 15:00;37,1
10.05.2019 15:00;10.05.2019 16:00;37,06
10.05.2019 16:00;10.05.2019 17:00;37,38
10.05.2019 17:00;10.05.2019 18:00;42,7
10.05.2019 18:00;10.05.2019 19:00;48,9
10.05.2019 19:00;10.05.2019 20:00;50,48
10.05.2019 20:00;10.05.2019 21:00;51,98
10.05.2019 21:00;10.05.2019 22:00;51,45
10.05.2019 22:00;10.05.2019 23:00;51,22
10.05.2019 23:00;11.05.2019 00:00;48,47
11.05.2019 00:00;11.05.2019 01:00;44,06
11.05.2019 01:00;11.05.2019 02:00;40,0
11.05.2019 02:00;11.05.2019 03:00;37,94
11.05.2019 03:00;11.05.2019 04:00;36,52
11.05.2019 04:00;11.05.2019 05:00;37,16
11.05.2019 05:00;11.05.2019 06:00;36,83
11.05.2019 06:00;11.05.2019 07:00;37,48
11.05.2019 07:00;11.05.2019 08:00;39,11
11.05.2019 08:00;11.05.2019 09:00;42,17
11.05.2019 09:00;11.05.2019 10:00;43,0
11.05.2019 10:00;11.05.2019 11:00;39,2
11.05.2019 11:00;11.05.2019 12:00;38,72
11.05.2019 12:00;11.05.2019 13:00;36,85
11.05.2019 13:00;11.05.2019 14:00;36,22
11.05.2019 14:00;11.05.2019 15:00;33,41
11.05.2019 15:00;11.05.2019 16:00;32,09
11.05.2019 16:00;11.05.2019 17:00;32,09
11.05.2019 17:00;11.05.2019 18:00;34,7
11.05.2019 18:00;11.05.2019 19:00;37,36
11.05.2019 19:00;11.05.2019 20:00;39,9
11.05.2019 20:00;11.05.2019 21:00;37,88
11.05.2019 21:00;11.05.2019 22:00;37,61
11.05.2019 22:00;11.05.2019 23:00;37,26
11.05.2019 23:00;12.05.2019 00:00;35,02
12.05.2019 00:00;12.05.2019 01:00;35,78
12.05.2019 01:00;12.05.2019 02:00;29,56
12.05.2019 02:00;12.05.2019 03:00;26,7
12.05.2019 03:00;12.05.2019 04:00;22,66
12.05.2019 04:00;12.05.2019 05:00;20,91
12.05.2019 05:00;12.05.2019 06:00;20,4
12.05.2019 06:00;12.05.2019 07:00;23,64
12.05.2019 07:00;12.05.2019 08:00;23,04
12.05.2019 08:00;12.05.2019 09:00;26,79
12.05.2019 09:00;12.05.2019 10:00;20,34
12.05.2019 10:00;12.05.2019 11:00;9,93
12.05.2019 11:00;12.05.2019 12:00;8,05
12.05.2019 12:00;12.05.2019 13:00;9,48
12.05.2019 13:00;12.05.2019 14:00;-0,51
12.05.2019 14:00;12.05.2019 15:00;-15,06
12.05.2019 15:00;12.05.2019 16:00;-22,96
12.05.2019 16:00;12.05.2019 17:00;-8,54
12.05.2019 17:00;12.05.2019 18:00;9,91
12.05.2019 18:00;12.05.2019 19:00;30,34
12.05.2019 19:00;12.05.2019 20:00;36,92
12.05.2019 20:00;12.05.2019 21:00;40,0
12.05.2019 21:00;12.05.2019 22:00;40,87
12.05.2019 22:00;12.05.2019 23:00;41,92
12.05.2019 23:00;13.05.2019 00:00;36,02
13.05.2019 00:00;13.05.2019 01:00;35,69
13.05.2019 01:00;13.05.2019 02:00;29,74
13.05.2019 02:00;13.05.2019 03:00;29,37
13.05.2019 03:00;13.05.2019 04:00;29,41
13.05.2019 04:00;13.05.2019 05:00;30,43
13.05.2019 05:00;13.05.2019 06:00;35,73
13.05.2019 06:00;13.05.2019 07:00;46,16
13.05.2019 07:00;13.05.2019 08:00;53,01
13.05.2019 08:00;13.05.2019 09:00;53,01
13.05.2019 09:00;13.05.2019 10:00;47,26
13.05.2019 10:00;13.05.2019 11:00;40,0
13.05.2019 11:00;13.05.2019 12:00;36,7
13.05.2019 12:00;13.05.2019 13:00;34,7
13.05.2019 13:00;13.05.2019 14:00;32,74
13.05.2019 14:00;13.05.2019 15:00;31,33
13.05.2019 15:00;13.05.2019 16:00;30,98
13.05.2019 16:00;13.05.2019 17:00;32,06
13.05.2019 17:00;13.05.2019 18:00;36,05
13.05.2019 18:00;13.05.2019 19:00;43,6
13.05.2019 19:00;13.05.2019 20:00;48,95
13.05.2019 20:00;13.05.2019 21:00;48,96
13.05.2019 21:00;13.05.2019 22:00;47,61
13.05.2019 22:00;13.05.2019 23:00;46,88
13.05.2019 23:00;14.05.2019 00:00;41,26
14.05.2019 00:00;14.05.2019 01:00;38,34
14.05.2019 01:00;14.05.2019 02:00;35,83
14.05.2019 02:00;14.05.2019 03:00;35,32
14.05.2019 03:00;14.05.2019 04:00;34,96
14.05.2019 04:00;14.05.2019 05:00;35,6
14.05.2019 05:00;14.05.2019 06:00;38,79
14.05.2019 06:00;14.05.2019 07:00;48,43
14.05.2019 07:00;14.05.2019 08:00;54,76
14.05.2019 08:00;14.05.2019 09:00;55,53
14.05.2019 09:00;14.05.2019 10:00;46,98
14.05.2019 10:00;14.05.2019 11:00;40,71
14.05.2019 11:00;14.05.2019 12:00;36,3
14.05.2019 12:00;14.05.2019 13:00;34,26
14.05.2019 13:00;14.05.2019 14:00;34,0
14.05.2019 14:00;14.05.2019 15:00;33,84
14.05.2019 15:00;14.05.2019 16:00;34,04
14.05.2019 16:00;14.05.2019 17:00;34,93
14.05.2019 17:00;14.05.2019 18:00;37,3
14.05.2019 18:00;14.05.2019 19:00;43,95
14.05.2019 19:00;14.05.2019 20:00;47,91
14.05.2019 20:00;14.05.2019 21:00;48,45
14.05.2019 21:00;14.05.2019 22:00;48,36
14.05.2019 22:00;14.05.2019 23:00;45,19
14.05.2019 23:00;15.05.2019 00:00;40,36
15.05.2019 00:00;15.05.2019 01:00;37,1
15.05.2019 01:00;15.05.2019 02:00;35,68
15.05.2019 02:00;15.05.2019 03:00;35,57
15.05.2019 03:00;15.05.2019 04:00;35,44
15.05.2019 04:00;15.05.2019 05:00;34,38
15.05.2019 05:00;15.05.2019 06:00;36,21
15.05.2019 06:00;15.05.2019 07:00;46,65
15.05.2019 07:00;15.05.2019 08:00;50,99
15.05.2019 08:00;15.05.2019 09:00;55,07
15.05.2019 09:00;15.05.2019 10:00;47,82
15.05.2019 10:00;15.05.2019 11:00;44,84
15.05.2019 11:00;15.05.2019 12:00;40,94
15.05.2019 12:00;15.05.2019 13:00;38,77
15.05.2019 13:00;15.05.2019 14:00;35,67
15.05.2019 14:00;15.05.2019 15:00;35,57
15.05.2019 15:00;15.05.2019 16:00;34,28
15.05.2019 16:00;15.05.2019 17:00;35,52
15.05.2019 17:00;15.05.2019 18:00;40,0
15.05.2019 18:00;15.05.2019 19:00;44,11
15.05.2019 19:00;15.05.2019 20:00;45,8
15.05.2019 20:00;15.05.2019 21:00;44,37
15.05.2019 21:00;15.05.2019 22:00;43,23
15.05.2019 22:00;15.05.2019 23:00;43,5
15.05.2019 23:00;16.05.2019 00:00;38,91
16.05.2019 00:00;16.05.2019 01:00;34,5
16.05.2019 01:00;16.05.2019 02:00;34,5
16.05.2019 02:00;16.05.2019 03:00;34,01
16.05.2019 03:00;16.05.2019 04:00;32,07
16.05.2019 04:00;16.05.2019 05:00;33,09
16.05.2019 05:00;16.05.2019 06:00;35,05
16.05.2019 06:00;16.05.2019 07:00;42,7
16.05.2019 07:00;16.05.2019 08:00;47,21
16.05.2019 08:00;16.05.2019 09:00;49,3
16.05.2019 09:00;16.05.2019 10:00;45,06
16.05.2019 10:00;16.05.2019 11:00;44,23
16.05.2019 11:00;16.05.2019 12:00;43,93
16.05.2019 12:00;16.05.2019 13:00;41,7
16.05.2019 13:00;16.05.2019 14:00;39,97
16.05.2019 14:00;16.05.2019 15:00;38,87
16.05.2019 15:00;16.05.2019 16:00;37,97
16.05.2019 16:00;16.05.2019 17:00;35,9
16.05.2019 17:00;16.05.2019 18:00;39,05
16.05.2019 18:00;16.05.2019 19:00;40,97
16.05.2019 19:00;16.05.2019 20:00;42,8
16.05.2019 20:00;16.05.2019 21:00;41,58
16.05.2019 21:00;16.05.2019 22:00;41,38
16.05.2019 22:00;16.05.2019 23:00;40,83
16.05.2019 23:00;17.05.2019 00:00;36,79
17.05.2019 00:00;17.05.2019 01:00;35,7
17.05.2019 01:00;17.05.2019 02:00;35,18
17.05.2019 02:00;17.05.2019 03:00;34,25
17.05.2019 03:00;17.05.2019 04:00;33,79
17.05.2019 04:00;17.05.2019 05:00;34,0
17.05.2019 05:00;17.05.2019 06:00;36,09
17.05.2019 06:00;17.05.2019 07:00;41,13
17.05.2019 07:00;17.05.2019 08:00;47,06
17.05.2019 08:00;17.05.2019 09:00;51,13
17.05.2019 09:00;17.05.2019 10:00;49,17
17.05.2019 10:00;17.05.2019 11:00;46,27
17.05.2019 11:00;17.05.2019 12:00;46,03
17.05.2019 12:00;17.05.2019 13:00;44,86
17.05.2019 13:00;17.05.2019 14:00;41,6
17.05.2019 14:00;17.05.2019 15:00;39,15
17.05.2019 15:00;17.05.2019 16:00;38,49
17.05.2019 16:00;17.05.2019 17:00;39,04
17.05.2019 17:00;17.05.2019 18:00;42,53
17.05.2019 18:00;17.05.2019 19:00;48,53
17.05.2019 19:00;17.05.2019 20:00;52,92
17.05.2019 20:00;17.05.2019 21:00;52,9
17.05.2019 21:00;17.05.2019 22:00;49,25
17.05.2019 22:00;17.05.2019 23:00;48,32
17.05.2019 23:00;18.05.2019 00:00;43,47
18.05.2019 00:00;18.05.2019 01:00;37,37
18.05.2019 01:00;18.05.2019 02:00;34,39
18.05.2019 02:00;18.05.2019 03:00;34,85
18.05.2019 03:00;18.05.2019 04:00;34,11
18.05.2019 04:00;18.05.2019 05:00;34,76
18.05.2019 05:00;18.05.2019 06:00;33,42
18.05.2019 06:00;18.05.2019 07:00;33,92
18.05.2019 07:00;18.05.2019 08:00;36,24
18.05.2019 08:00;18.05.2019 09:00;38,99
18.05.2019 09:00;18.05.2019 10:00;37,52
18.05.2019 10:00;18.05.2019 11:00;35,12
18.05.2019 11:00;18.05.2019 12:00;34,79
18.05.2019 12:00;18.05.2019 13:00;33,9
18.05.2019 13:00;18.05.2019 14:00;33,05
18.05.2019 14:00;18.05.2019 15:00;32,36
18.05.2019 15:00;18.05.2019 16:00;33,25
18.05.2019 16:00;18.05.2019 17:00;34,1
18.05.2019 17:00;18.05.2019 18:00;35,36
18.05.2019 18:00;18.05.2019 19:00;43,09
18.05.2019 19:00;18.05.2019 20:00;45,08
18.05.2019 20:00;18.05.2019 21:00;45,17
18.05.2019 21:00;18.05.2019 22:00;44,75
18.05.2019 22:00;18.05.2019 23:00;44,96
18.05.2019 23:00;19.05.2019 00:00;42,0
19.05.2019 00:00;19.05.2019 01:00;39,66
19.05.2019 01:00;19.05.2019 02:00;36,02
19.05.2019 02:00;19.05.2019 03:00;35,0
19.05.2019 03:00;19.05.2019 04:00;34,03
19.05.2019 04:00;19.05.2019 05:00;34,3
19.05.2019 05:00;19.05.2019 06:00;34,03
19.05.2019 06:00;19.05.2019 07:00;33,37
19.05.2019 07:00;19.05.2019 08:00;34,04
19.05.2019 08:00;19.05.2019 09:00;35,07
19.05.2019 09:00;19.05.2019 10:00;35,02
19.05.2019 10:00;19.05.2019 11:00;34,08
19.05.2019 11:00;19.05.2019 12:00;34,1
19.05.2019 12:00;19.05.2019 13:00;33,8
19.05.2019 13:00;19.05.2019 14:00;29,64
19.05.2019 14:00;19.05.2019 15:00;27,41
19.05.2019 15:00;19.05.2019 16:00;27,49
19.05.2019 16:00;19.05.2019 17:00;30,28
19.05.2019 17:00;19.05.2019 18:00;34,47
19.05.2019 18:00;19.05.2019 19:00;38,28
19.05.2019 19:00;19.05.2019 20:00;42,28
19.05.2019 20:00;19.05.2019 21:00;42,34
19.05.2019 21:00;19.05.2019 22:00;41,71
19.05.2019 22:00;19.05.2019 23:00;43,33
19.05.2019 23:00;20.05.2019 00:00;38,94
20.05.2019 00:00;20.05.2019 01:00;37,3
20.05.2019 01:00;20.05.2019 02:00;35,0
20.05.2019 02:00;20.05.2019 03:00;34,55
20.05.2019 03:00;20.05.2019 04:00;34,13
20.05.2019 04:00;20.05.2019 05:00;33,77
20.05.2019 05:00;20.05.2019 06:00;36,04
20.05.2019 06:00;20.05.2019 07:00;48,06
20.05.2019 07:00;20.05.2019 08:00;60,87
20.05.2019 08:00;20.05.2019 09:00;63,22
20.05.2019 09:00;20.05.2019 10:00;57,73
20.05.2019 10:00;20.05.2019 11:00;56,63
20.05.2019 11:00;20.05.2019 12:00;55,5
20.05.2019 12:00;20.05.2019 13:00;51,99
20.05.2019 13:00;20.05.2019 14:00;50,29
20.05.2019 14:00;20.05.2019 15:00;47,59
20.05.2019 15:00;20.05.2019 16:00;46,01
20.05.2019 16:00;20.05.2019 17:00;45,1
20.05.2019 17:00;20.05.2019 18:00;46,09
20.05.2019 18:00;20.05.2019 19:00;47,91
20.05.2019 19:00;20.05.2019 20:00;49,39
20.05.2019 20:00;20.05.2019 21:00;46,18
20.05.2019 21:00;20.05.2019 22:00;45,8
20.05.2019 22:00;20.05.2019 23:00;44,17
20.05.2019 23:00;21.05.2019 00:00;37,66
21.05.2019 00:00;21.05.2019 01:00;35,2
21.05.2019 01:00;21.05.2019 02:00;34,44
21.05.2019 02:00;21.05.2019 03:00;33,12
21.05.2019 03:00;21.05.2019 04:00;31,49
21.05.2019 04:00;21.05.2019 05:00;32,37
21.05.2019 05:00;21.05.2019 06:00;35,04
21.05.2019 06:00;21.05.2019 07:00;40,81
21.05.2019 07:00;21.05.2019 08:00;50,08
21.05.2019 08:00;21.05.2019 09:00;57,61
21.05.2019 09:00;21.05.2019 10:00;55,0
21.05.2019 10:00;21.05.2019 11:00;52,52
21.05.2019 11:00;21.05.2019 12:00;51,15
21.05.2019 12:00;21.05.2019 13:00;49,85
21.05.2019 13:00;21.05.2019 14:00;46,27
21.05.2019 14:00;21.05.2019 15:00;44,25
21.05.2019 15:00;21.05.2019 16:00;42,65
21.05.2019 16:00;21.05.2019 17:00;41,86
21.05.2019 17:00;21.05.2019 18:00;44,38
21.05.2019 18:00;21.05.2019 19:00;45,95
21.05.2019 19:00;21.05.2019 20:00;46,96
21.05.2019 20:00;21.05.2019 21:00;44,87
21.05.2019 21:00;21.05.2019 22:00;44,11
21.05.2019 22:00;21.05.2019 23:00;42,57
21.05.2019 23:00;22.05.2019 00:00;36,35
22.05.2019 00:00;22.05.2019 01:00;32,66
22.05.2019 01:00;22.05.2019 02:00;32,5
22.05.2019 02:00;22.05.2019 03:00;29,66
22.05.2019 03:00;22.05.2019 04:00;29,0
22.05.2019 04:00;22.05.2019 05:00;29,61
22.05.2019 05:00;22.05.2019 06:00;33,09
22.05.2019 06:00;22.05.2019 07:00;37,6
22.05.2019 07:00;22.05.2019 08:00;46,6
22.05.2019 08:00;22.05.2019 09:00;50,35
22.05.2019 09:00;22.05.2019 10:00;48,37
22.05.2019 10:00;22.05.2019 11:00;45,77
22.05.2019 11:00;22.05.2019 12:00;42,41
22.05.2019 12:00;22.05.2019 13:00;40,99
22.05.2019 13:00;22.05.2019 14:00;38,65
22.05.2019 14:00;22.05.2019 15:00;36,99
22.05.2019 15:00;22.05.2019 16:00;36,02
22.05.2019 16:00;22.05.2019 17:00;35,71
22.05.2019 17:00;22.05.2019 18:00;39,0
22.05.2019 18:00;22.05.2019 19:00;42,85
22.05.2019 19:00;22.05.2019 20:00;47,47
22.05.2019 20:00;22.05.2019 21:00;48,99
22.05.2019 21:00;22.05.2019 22:00;48,14
22.05.2019 22:00;22.05.2019 23:00;48,45
22.05.2019 23:00;23.05.2019 00:00;41,16
23.05.2019 00:00;23.05.2019 01:00;35,8
23.05.2019 01:00;23.05.2019 02:00;33,32
23.05.2019 02:00;23.05.2019 03:00;32,37
23.05.2019 03:00;23.05.2019 04:00;31,85
23.05.2019 04:00;23.05.2019 05:00;33,03
23.05.2019 05:00;23.05.2019 06:00;35,72
23.05.2019 06:00;23.05.2019 07:00;40,8
23.05.2019 07:00;23.05.2019 08:00;46,77
23.05.2019 08:00;23.05.2019 09:00;47,06
23.05.2019 09:00;23.05.2019 10:00;40,86
23.05.2019 10:00;23.05.2019 11:00;35,85
23.05.2019 11:00;23.05.2019 12:00;35,6
23.05.2019 12:00;23.05.2019 13:00;35,56
23.05.2019 13:00;23.05.2019 14:00;35,74
23.05.2019 14:00;23.05.2019 15:00;35,55
23.05.2019 15:00;23.05.2019 16:00;36,76
23.05.2019 16:00;23.05.2019 17:00;37,57
23.05.2019 17:00;23.05.2019 18:00;43,04
23.05.2019 18:00;23.05.2019 19:00;48,55
23.05.2019 19:00;23.05.2019 20:00;52,38
23.05.2019 20:00;23.05.2019 21:00;55,18
23.05.2019 21:00;23.05.2019 22:00;52,07
23.05.2019 22:00;23.05.2019 23:00;49,41
23.05.2019 23:00;24.05.2019 00:00;45,28
24.05.2019 00:00;24.05.2019 01:00;39,9
24.05.2019 01:00;24.05.2019 02:00;35,24
24.05.2019 02:00;24.05.2019 03:00;34,96
24.05.2019 03:00;24.05.2019 04:00;34,93
24.05.2019 04:00;24.05.2019 05:00;34,79
24.05.2019 05:00;24.05.2019 06:00;35,99
24.05.2019 06:00;24.05.2019 07:00;44,78
24.05.2019 07:00;24.05.2019 08:00;49,9
24.05.2019 08:00;24.05.2019 09:00;50,95
24.05.2019 09:00;24.05.2019 10:00;45,94
24.05.2019 10:00;24.05.2019 11:00;43,78
24.05.2019 11:00;24.05.2019 12:00;39,54
24.05.2019 12:00;24.05.2019 13:00;37,48
24.05.2019 13:00;24.05.2019 14:00;35,85
24.05.2019 14:00;24.05.2019 15:00;35,35
24.05.2019 15:00;24.05.2019 16:00;35,0
24.05.2019 16:00;24.05.2019 17:00;35,08
24.05.2019 17:00;24.05.2019 18:00;36,64
24.05.2019 18:00;24.05.2019 19:00;41,64
24.05.2019 19:00;24.05.2019 20:00;44,88
24.05.2019 20:00;24.05.2019 21:00;45,74
24.05.2019 21:00;24.05.2019 22:00;45,77
24.05.2019 22:00;24.05.2019 23:00;45,06
24.05.2019 23:00;25.05.2019 00:00;41,89
25.05.2019 00:00;25.05.2019 01:00;41,97
25.05.2019 01:00;25.05.2019 02:00;37,15
25.05.2019 02:00;25.05.2019 03:00;35,07
25.05.2019 03:00;25.05.2019 04:00;34,03
25.05.2019 04:00;25.05.2019 05:00;33,84
25.05.2019 05:00;25.05.2019 06:00;33,09
25.05.2019 06:00;25.05.2019 07:00;34,05
25.05.2019 07:00;25.05.2019 08:00;35,11
25.05.2019 08:00;25.05.2019 09:00;37,7
25.05.2019 09:00;25.05.2019 10:00;37,56
25.05.2019 10:00;25.05.2019 11:00;36,32
25.05.2019 11:00;25.05.2019 12:00;35,2
25.05.2019 12:00;25.05.2019 13:00;34,24
25.05.2019 13:00;25.05.2019 14:00;33,01
25.05.2019 14:00;25.05.2019 15:00;31,42
25.05.2019 15:00;25.05.2019 16:00;31,35
25.05.2019 16:00;25.05.2019 17:00;32,08
25.05.2019 17:00;25.05.2019 18:00;34,19
25.05.2019 18:00;25.05.2019 19:00;37,48
25.05.2019 19:00;25.05.2019 20:00;41,12
25.05.2019 20:00;25.05.2019 21:00;44,47
25.05.2019 21:00;25.05.2019 22:00;44,71
25.05.2019 22:00;25.05.2019 23:00;44,47
25.05.2019 23:00;26.05.2019 00:00;40,58
26.05.2019 00:00;26.05.2019 01:00;36,4
26.05.2019 01:00;26.05.2019 02:00;33,04
26.05.2019 02:00;26.05.2019 03:00;29,44
26.05.2019 03:00;26.05.2019 04:00;28,59
26.05.2019 04:00;26.05.2019 05:00;23,06
26.05.2019 05:00;26.05.2019 06:00;18,4
26.05.2019 06:00;26.05.2019 07:00;14,63
26.05.2019 07:00;26.05.2019 08:00;18,65
26.05.2019 08:00;26.05.2019 09:00;24,58
26.05.2019 09:00;26.05.2019 10:00;22,61
26.05.2019 10:00;26.05.2019 11:00;18,69
26.05.2019 11:00;26.05.2019 12:00;19,93
26.05.2019 12:00;26.05.2019 13:00;15,31
26.05.2019 13:00;26.05.2019 14:00;-3,13
26.05.2019 14:00;26.05.2019 15:00;-13,95
26.05.2019 15:00;26.05.2019 16:00;-6,54
26.05.2019 16:00;26.05.2019 17:00;4,67
26.05.2019 17:00;26.05.2019 18:00;21,78
26.05.2019 18:00;26.05.2019 19:00;33,01
26.05.2019 19:00;26.05.2019 20:00;36,63
26.05.2019 20:00;26.05.2019 21:00;37,16
26.05.2019 21:00;26.05.2019 22:00;36,59
26.05.2019 22:00;26.05.2019 23:00;36,37
26.05.2019 23:00;27.05.2019 00:00;32,45
27.05.2019 00:00;27.05.2019 01:00;18,67
27.05.2019 01:00;27.05.2019 02:00;12,86
27.05.2019 02:00;27.05.2019 03:00;12,2
27.05.2019 03:00;27.05.2019 04:00;14,09
27.05.2019 04:00;27.05.2019 05:00;19,65
27.05.2019 05:00;27.05.2019 06:00;28,76
27.05.2019 06:00;27.05.2019 07:00;37,32
27.05.2019 07:00;27.05.2019 08:00;46,45
27.05.2019 08:00;27.05.2019 09:00;43,35
27.05.2019 09:00;27.05.2019 10:00;42,37
27.05.2019 10:00;27.05.2019 11:00;39,74
27.05.2019 11:00;27.05.2019 12:00;39,27
27.05.2019 12:00;27.05.2019 13:00;38,03
27.05.2019 13:00;27.05.2019 14:00;38,0
27.05.2019 14:00;27.05.2019 15:00;36,43
27.05.2019 15:00;27.05.2019 16:00;35,89
27.05.2019 16:00;27.05.2019 17:00;35,46
27.05.2019 17:00;27.05.2019 18:00;38,52
27.05.2019 18:00;27.05.2019 19:00;43,78
27.05.2019 19:00;27.05.2019 20:00;46,96
27.05.2019 20:00;27.05.2019 21:00;50,59
27.05.2019 21:00;27.05.2019 22:00;48,01
27.05.2019 22:00;27.05.2019 23:00;43,39
27.05.2019 23:00;28.05.2019 00:00;38,64
28.05.2019 00:00;28.05.2019 01:00;34,07
28.05.2019 01:00;28.05.2019 02:00;33,42
28.05.2019 02:00;28.05.2019 03:00;33,14
28.05.2019 03:00;28.05.2019 04:00;33,72
28.05.2019 04:00;28.05.2019 05:00;34,22
28.05.2019 05:00;28.05.2019 06:00;35,32
28.05.2019 06:00;28.05.2019 07:00;48,9
28.05.2019 07:00;28.05.2019 08:00;57,15
28.05.2019 08:00;28.05.2019 09:00;64,59
28.05.2019 09:00;28.05.2019 10:00;59,95
28.05.2019 10:00;28.05.2019 11:00;51,72
28.05.2019 11:00;28.05.2019 12:00;48,4
28.05.2019 12:00;28.05.2019 13:00;44,95
28.05.2019 13:00;28.05.2019 14:00;45,69
28.05.2019 14:00;28.05.2019 15:00;42,95
28.05.2019 15:00;28.05.2019 16:00;41,15
28.05.2019 16:00;28.05.2019 17:00;40,88
28.05.2019 17:00;28.05.2019 18:00;42,94
28.05.2019 18:00;28.05.2019 19:00;44,01
28.05.2019 19:00;28.05.2019 20:00;43,1
28.05.2019 20:00;28.05.2019 21:00;44,12
28.05.2019 21:00;28.05.2019 22:00;42,75
28.05.2019 22:00;28.05.2019 23:00;38,77
28.05.2019 23:00;29.05.2019 00:00;34,07
29.05.2019 00:00;29.05.2019 01:00;34,4
29.05.2019 01:00;29.05.2019 02:00;33,07
29.05.2019 02:00;29.05.2019 03:00;30,57
29.05.2019 03:00;29.05.2019 04:00;30,97
29.05.2019 04:00;29.05.2019 05:00;32,05
29.05.2019 05:00;29.05.2019 06:00;33,27
29.05.2019 06:00;29.05.2019 07:00;42,87
29.05.2019 07:00;29.05.2019 08:00;49,0
29.05.2019 08:00;29.05.2019 09:00;50,87
29.05.2019 09:00;29.05.2019 10:00;47,92
29.05.2019 10:00;29.05.2019 11:00;46,41
29.05.2019 11:00;29.05.2019 12:00;45,0
29.05.2019 12:00;29.05.2019 13:00;40,89
29.05.2019 13:00;29.05.2019 14:00;39,9
29.05.2019 14:00;29.05.2019 15:00;39,92
29.05.2019 15:00;29.05.2019 16:00;38,29
29.05.2019 16:00;29.05.2019 17:00;40,53
29.05.2019 17:00;29.05.2019 18:00;45,52
29.05.2019 18:00;29.05.2019 19:00;50,27
29.05.2019 19:00;29.05.2019 20:00;53,43
29.05.2019 20:00;29.05.2019 21:00;53,92
29.05.2019 21:00;29.05.2019 22:00;47,76
29.05.2019 22:00;29.05.2019 23:00;40,77
29.05.2019 23:00;30.05.2019 00:00;34,55
30.05.2019 00:00;30.05.2019 01:00;32,1
30.05.2019 01:00;30.05.2019 02:00;28,41
30.05.2019 02:00;30.05.2019 03:00;22,89
30.05.2019 03:00;30.05.2019 04:00;11,44
30.05.2019 04:00;30.05.2019 05:00;4,63
30.05.2019 05:00;30.05.2019 06:00;5,06
30.05.2019 06:00;30.05.2019 07:00;3,83
30.05.2019 07:00;30.05.2019 08:00;8,89
30.05.2019 08:00;30.05.2019 09:00;10,44
30.05.2019 09:00;30.05.2019 10:00;4,5
30.05.2019 10:00;30.05.2019 11:00;0,24
30.05.2019 11:00;30.05.2019 12:00;2,15
30.05.2019 12:00;30.05.2019 13:00;2,23
30.05.2019 13:00;30.05.2019 14:00;0,03
30.05.2019 14:00;30.05.2019 15:00;0,1
30.05.2019 15:00;30.05.2019 16:00;2,24
30.05.2019 16:00;30.05.2019 17:00;7,18
30.05.2019 17:00;30.05.2019 18:00;25,1
30.05.2019 18:00;30.05.2019 19:00;30,14
30.05.2019 19:00;30.05.2019 20:00;35,01
30.05.2019 20:00;30.05.2019 21:00;35,84
30.05.2019 21:00;30.05.2019 22:00;36,79
30.05.2019 22:00;30.05.2019 23:00;40,34
30.05.2019 23:00;31.05.2019 00:00;36,69
31.05.2019 00:00;31.05.2019 01:00;32,02
31.05.2019 01:00;31.05.2019 02:00;29,49
31.05.2019 02:00;31.05.2019 03:00;27,08
31.05.2019 03:00;31.05.2019 04:00;27,19
31.05.2019 04:00;31.05.2019 05:00;27,95
31.05.2019 05:00;31.05.2019 06:00;29,07
31.05.2019 06:00;31.05.2019 07:00;35,0
31.05.2019 07:00;31.05.2019 08:00;41,05
31.05.2019 08:00;31.05.2019 09:00;41,49
31.05.2019 09:00;31.05.2019 10:00;39,78
31.05.2019 10:00;31.05.2019 11:00;37,0
31.05.2019 11:00;31.05.2019 12:00;35,63
31.05.2019 12:00;31.05.2019 13:00;34,17
31.05.2019 13:00;31.05.2019 14:00;30,51
31.05.2019 14:00;31.05.2019 15:00;30,0
31.05.2019 15:00;31.05.2019 16:00;29,14
31.05.2019 16:00;31.05.2019 17:00;29,79
31.05.2019 17:00;31.05.2019 18:00;37,67
31.05.2019 18:00;31.05.2019 19:00;41,03
31.05.2019 19:00;31.05.2019 20:00;46,38
31.05.2019 20:00;31.05.2019 21:00;48,23
31.05.2019 21:00;31.05.2019 22:00;45,67
31.05.2019 22:00;31.05.2019 23:00;43,98
31.05.2019 23:00;01.06.2019 00:00;40,0
01.06.2019 00:00;01.06.2019 01:00;33,63
01.06.2019 01:00;01.06.2019 02:00;31,03
01.06.2019 02:00;01.06.2019 03:00;28,23
01.06.2019 03:00;01.06.2019 04:00;27,62
01.06.2019 04:00;01.06.2019 05:00;25,53
01.06.2019 05:00;01.06.2019 06:00;23,14
01.06.2019 06:00;01.06.2019 07:00;25,8
01.06.2019 07:00;01.06.2019 08:00;27,55
01.06.2019 08:00;01.06.2019 09:00;29,61
01.06.2019 09:00;01.06.2019 10:00;28,68
01.06.2019 10:00;01.06.2019 11:00;26,42
01.06.2019 11:00;01.06.2019 12:00;25,28
01.06.2019 12:00;01.06.2019 13:00;26,69
01.06.2019 13:00;01.06.2019 14:00;22,4
01.06.2019 14:00;01.06.2019 15:00;18,33
01.06.2019 15:00;01.06.2019 16:00;24,71
01.06.2019 16:00;01.06.2019 17:00;27,57
01.06.2019 17:00;01.06.2019 18:00;29,09
01.06.2019 18:00;01.06.2019 19:00;36,95
01.06.2019 19:00;01.06.2019 20:00;40,15
01.06.2019 20:00;01.06.2019 21:00;41,8
01.06.2019 21:00;01.06.2019 22:00;40,94
01.06.2019 22:00;01.06.2019 23:00;40,36
01.06.2019 23:00;02.06.2019 00:00;37,6
02.06.2019 00:00;02.06.2019 01:00;28,54
02.06.2019 01:00;02.06.2019 02:00;29,0
02.06.2019 02:00;02.06.2019 03:00;29,11
02.06.2019 03:00;02.06.2019 04:00;28,03
02.06.2019 04:00;02.06.2019 05:00;27,79
02.06.2019 05:00;02.06.2019 06:00;25,2
02.06.2019 06:00;02.06.2019 07:00;24,79
02.06.2019 07:00;02.06.2019 08:00;23,31
02.06.2019 08:00;02.06.2019 09:00;25,22
02.06.2019 09:00;02.06.2019 10:00;19,38
02.06.2019 10:00;02.06.2019 11:00;11,76
02.06.2019 11:00;02.06.2019 12:00;11,9
02.06.2019 12:00;02.06.2019 13:00;8,91
02.06.2019 13:00;02.06.2019 14:00;3,5
02.06.2019 14:00;02.06.2019 15:00;-9,02
02.06.2019 15:00;02.06.2019 16:00;-0,48
02.06.2019 16:00;02.06.2019 17:00;3,5
02.06.2019 17:00;02.06.2019 18:00;23,49
02.06.2019 18:00;02.06.2019 19:00;31,24
02.06.2019 19:00;02.06.2019 20:00;37,41
02.06.2019 20:00;02.06.2019 21:00;38,13
02.06.2019 21:00;02.06.2019 22:00;37,14
02.06.2019 22:00;02.06.2019 23:00;37,12
02.06.2019 23:00;03.06.2019 00:00;29,85
03.06.2019 00:00;03.06.2019 01:00;26,57
03.06.2019 01:00;03.06.2019 02:00;23,34
03.06.2019 02:00;03.06.2019 03:00;20,78
03.06.2019 03:00;03.06.2019 04:00;19,97
03.06.2019 04:00;03.06.2019 05:00;19,64
03.06.2019 05:00;03.06.2019 06:00;24,04
03.06.2019 06:00;03.06.2019 07:00;40,62
03.06.2019 07:00;03.06.2019 08:00;44,92
03.06.2019 08:00;03.06.2019 09:00;45,02
03.06.2019 09:00;03.06.2019 10:00;41,81
03.06.2019 10:00;03.06.2019 11:00;39,36
03.06.2019 11:00;03.06.2019 12:00;37,71
03.06.2019 12:00;03.06.2019 13:00;36,25
03.06.2019 13:00;03.06.2019 14:00;35,46
03.06.2019 14:00;03.06.2019 15:00;35,23
03.06.2019 15:00;03.06.2019 16:00;35,68
03.06.2019 16:00;03.06.2019 17:00;35,69
03.06.2019 17:00;03.06.2019 18:00;42,97
03.06.2019 18:00;03.06.2019 19:00;45,42
03.06.2019 19:00;03.06.2019 20:00;50,5
03.06.2019 20:00;03.06.2019 21:00;48,98
03.06.2019 21:00;03.06.2019 22:00;48,35
03.06.2019 22:00;03.06.2019 23:00;45,96
03.06.2019 23:00;04.06.2019 00:00;41,4
04.06.2019 00:00;04.06.2019 01:00;34,74
04.06.2019 01:00;04.06.2019 02:00;32,99
04.06.2019 02:00;04.06.2019 03:00;31,86
04.06.2019 03:00;04.06.2019 04:00;31,21
04.06.2019 04:00;04.06.2019 05:00;32,83
04.06.2019 05:00;04.06.2019 06:00;33,91
04.06.2019 06:00;04.06.2019 07:00;42,95
04.06.2019 07:00;04.06.2019 08:00;50,29
04.06.2019 08:00;04.06.2019 09:00;55,43
04.06.2019 09:00;04.06.2019 10:00;46,93
04.06.2019 10:00;04.06.2019 11:00;42,24
04.06.2019 11:00;04.06.2019 12:00;41,0
04.06.2019 12:00;04.06.2019 13:00;37,56
04.06.2019 13:00;04.06.2019 14:00;36,5
04.06.2019 14:00;04.06.2019 15:00;35,19
04.06.2019 15:00;04.06.2019 16:00;34,47
04.06.2019 16:00;04.06.2019 17:00;36,65
04.06.2019 17:00;04.06.2019 18:00;42,92
04.06.2019 18:00;04.06.2019 19:00;45,13
04.06.2019 19:00;04.06.2019 20:00;46,17
04.06.2019 20:00;04.06.2019 21:00;44,72
04.06.2019 21:00;04.06.2019 22:00;38,28
04.06.2019 22:00;04.06.2019 23:00;33,83
04.06.2019 23:00;05.06.2019 00:00;28,01
05.06.2019 00:00;05.06.2019 01:00;27,48
05.06.2019 01:00;05.06.2019 02:00;26,06
05.06.2019 02:00;05.06.2019 03:00;24,55
05.06.2019 03:00;05.06.2019 04:00;24,54
05.06.2019 04:00;05.06.2019 05:00;25,31
05.06.2019 05:00;05.06.2019 06:00;27,75
05.06.2019 06:00;05.06.2019 07:00;37,52
05.06.2019 07:00;05.06.2019 08:00;44,51
05.06.2019 08:00;05.06.2019 09:00;44,99
05.06.2019 09:00;05.06.2019 10:00;43,97
05.06.2019 10:00;05.06.2019 11:00;41,38
05.06.2019 11:00;05.06.2019 12:00;40,46
05.06.2019 12:00;05.06.2019 13:00;38,85
05.06.2019 13:00;05.06.2019 14:00;36,32
05.06.2019 14:00;05.06.2019 15:00;36,19
05.06.2019 15:00;05.06.2019 16:00;38,01
05.06.2019 16:00;05.06.2019 17:00;39,0
05.06.2019 17:00;05.06.2019 18:00;43,45
05.06.2019 18:00;05.06.2019 19:00;48,28
05.06.2019 19:00;05.06.2019 20:00;56,52
05.06.2019 20:00;05.06.2019 21:00;49,41
05.06.2019 21:00;05.06.2019 22:00;43,68
05.06.2019 22:00;05.06.2019 23:00;39,99
05.06.2019 23:00;06.06.2019 00:00;32,09
06.06.2019 00:00;06.06.2019 01:00;28,5
06.06.2019 01:00;06.06.2019 02:00;26,5
06.06.2019 02:00;06.06.2019 03:00;24,64
06.06.2019 03:00;06.06.2019 04:00;24,03
06.06.2019 04:00;06.06.2019 05:00;24,06
06.06.2019 05:00;06.06.2019 06:00;27,54
06.06.2019 06:00;06.06.2019 07:00;32,16
06.06.2019 07:00;06.06.2019 08:00;40,73
06.06.2019 08:00;06.06.2019 09:00;42,91
06.06.2019 09:00;06.06.2019 10:00;39,93
06.06.2019 10:00;06.06.2019 11:00;34,11
06.06.2019 11:00;06.06.2019 12:00;33,62
06.06.2019 12:00;06.06.2019 13:00;32,31
06.06.2019 13:00;06.06.2019 14:00;32,0
06.06.2019 14:00;06.06.2019 15:00;32,0
06.06.2019 15:00;06.06.2019 16:00;32,53
06.06.2019 16:00;06.06.2019 17:00;33,58
06.06.2019 17:00;06.06.2019 18:00;35,76
06.06.2019 18:00;06.06.2019 19:00;42,98
06.06.2019 19:00;06.06.2019 20:00;52,04
06.06.2019 20:00;06.06.2019 21:00;59,09
06.06.2019 21:00;06.06.2019 22:00;55,3
06.06.2019 22:00;06.06.2019 23:00;47,73
06.06.2019 23:00;07.06.2019 00:00;41,47
07.06.2019 00:00;07.06.2019 01:00;40,41
07.06.2019 01:00;07.06.2019 02:00;34,15
07.06.2019 02:00;07.06.2019 03:00;32,46
07.06.2019 03:00;07.06.2019 04:00;33,14
07.06.2019 04:00;07.06.2019 05:00;32,09
07.06.2019 05:00;07.06.2019 06:00;32,49
07.06.2019 06:00;07.06.2019 07:00;57,33
07.06.2019 07:00;07.06.2019 08:00;73,75
07.06.2019 08:00;07.06.2019 09:00;66,98
07.06.2019 09:00;07.06.2019 10:00;45,93
07.06.2019 10:00;07.06.2019 11:00;37,21
07.06.2019 11:00;07.06.2019 12:00;33,39
07.06.2019 12:00;07.06.2019 13:00;30,09
07.06.2019 13:00;07.06.2019 14:00;27,7
07.06.2019 14:00;07.06.2019 15:00;27,07
07.06.2019 15:00;07.06.2019 16:00;27,21
07.06.2019 16:00;07.06.2019 17:00;28,66
07.06.2019 17:00;07.06.2019 18:00;31,27
07.06.2019 18:00;07.06.2019 19:00;39,92
07.06.2019 19:00;07.06.2019 20:00;42,04
07.06.2019 20:00;07.06.2019 21:00;40,07
07.06.2019 21:00;07.06.2019 22:00;33,0
07.06.2019 22:00;07.06.2019 23:00;30,04
07.06.2019 23:00;08.06.2019 00:00;26,25
08.06.2019 00:00;08.06.2019 01:00;-0,05
08.06.2019 01:00;08.06.2019 02:00;-19,95
08.06.2019 02:00;08.06.2019 03:00;-39,96
08.06.2019 03:00;08.06.2019 04:00;-40,0
08.06.2019 04:00;08.06.2019 05:00;-44,93
08.06.2019 05:00;08.06.2019 06:00;-54,78
08.06.2019 06:00;08.06.2019 07:00;-59,95
08.06.2019 07:00;08.06.2019 08:00;-60,0
08.06.2019 08:00;08.06.2019 09:00;-60,07
08.06.2019 09:00;08.06.2019 10:00;-65,06
08.06.2019 10:00;08.06.2019 11:00;-68,26
08.06.2019 11:00;08.06.2019 12:00;-73,04
08.06.2019 12:00;08.06.2019 13:00;-75,9
08.06.2019 13:00;08.06.2019 14:00;-85,03
08.06.2019 14:00;08.06.2019 15:00;-90,01
08.06.2019 15:00;08.06.2019 16:00;-85,04
08.06.2019 16:00;08.06.2019 17:00;-74,44
08.06.2019 17:00;08.06.2019 18:00;-65,04
08.06.2019 18:00;08.06.2019 19:00;-59,94
08.06.2019 19:00;08.06.2019 20:00;10,54
08.06.2019 20:00;08.06.2019 21:00;23,54
08.06.2019 21:00;08.06.2019 22:00;25,47
08.06.2019 22:00;08.06.2019 23:00;27,31
08.06.2019 23:00;09.06.2019 00:00;20,84
09.06.2019 00:00;09.06.2019 01:00;25,62
09.06.2019 01:00;09.06.2019 02:00;14,24
09.06.2019 02:00;09.06.2019 03:00;12,0
09.06.2019 03:00;09.06.2019 04:00;9,16
09.06.2019 04:00;09.06.2019 05:00;10,98
09.06.2019 05:00;09.06.2019 06:00;10,72
09.06.2019 06:00;09.06.2019 07:00;14,81
09.06.2019 07:00;09.06.2019 08:00;13,38
09.06.2019 08:00;09.06.2019 09:00;15,53
09.06.2019 09:00;09.06.2019 10:00;10,47
09.06.2019 10:00;09.06.2019 11:00;5,28
09.06.2019 11:00;09.06.2019 12:00;12,26
09.06.2019 12:00;09.06.2019 13:00;14,96
09.06.2019 13:00;09.06.2019 14:00;13,58
09.06.2019 14:00;09.06.2019 15:00;14,93
09.06.2019 15:00;09.06.2019 16:00;17,94
09.06.2019 16:00;09.06.2019 17:00;24,68
09.06.2019 17:00;09.06.2019 18:00;31,9
09.06.2019 18:00;09.06.2019 19:00;44,38
09.06.2019 19:00;09.06.2019 20:00;48,77
09.06.2019 20:00;09.06.2019 21:00;50,53
09.06.2019 21:00;09.06.2019 22:00;47,15
09.06.2019 22:00;09.06.2019 23:00;41,12
09.06.2019 23:00;10.06.2019 00:00;35,6
10.06.2019 00:00;10.06.2019 01:00;33,32
10.06.2019 01:00;10.06.2019 02:00;28,84
10.06.2019 02:00;10.06.2019 03:00;27,78
10.06.2019 03:00;10.06.2019 04:00;27,0
10.06.2019 04:00;10.06.2019 05:00;27,01
10.06.2019 05:00;10.06.2019 06:00;25,83
10.06.2019 06:00;10.06.2019 07:00;26,84
10.06.2019 07:00;10.06.2019 08:00;30,03
10.06.2019 08:00;10.06.2019 09:00;33,54
10.06.2019 09:00;10.06.2019 10:00;30,92
10.06.2019 10:00;10.06.2019 11:00;30,06
10.06.2019 11:00;10.06.2019 12:00;29,55
10.06.2019 12:00;10.06.2019 13:00;28,69
10.06.2019 13:00;10.06.2019 14:00;27,13
10.06.2019 14:00;10.06.2019 15:00;27,3
10.06.2019 15:00;10.06.2019 16:00;27,45
10.06.2019 16:00;10.06.2019 17:00;28,08
10.06.2019 17:00;10.06.2019 18:00;31,19
10.06.2019 18:00;10.06.2019 19:00;36,48
10.06.2019 19:00;10.06.2019 20:00;40,0
10.06.2019 20:00;10.06.2019 21:00;40,83
10.06.2019 21:00;10.06.2019 22:00;39,9
10.06.2019 22:00;10.06.2019 23:00;40,0
10.06.2019 23:00;11.06.2019 00:00;35,06
11.06.2019 00:00;11.06.2019 01:00;30,09
11.06.2019 01:00;11.06.2019 02:00;29,21
11.06.2019 02:00;11.06.2019 03:00;28,28
11.06.2019 03:00;11.06.2019 04:00;27,05
11.06.2019 04:00;11.06.2019 05:00;25,92
11.06.2019 05:00;11.06.2019 06:00;29,13
11.06.2019 06:00;11.06.2019 07:00;43,29
11.06.2019 07:00;11.06.2019 08:00;47,38
11.06.2019 08:00;11.06.2019 09:00;52,85
11.06.2019 09:00;11.06.2019 10:00;50,03
11.06.2019 10:00;11.06.2019 11:00;52,73
11.06.2019 11:00;11.06.2019 12:00;54,02
11.06.2019 12:00;11.06.2019 13:00;47,38
11.06.2019 13:00;11.06.2019 14:00;45,72
11.06.2019 14:00;11.06.2019 15:00;45,09
11.06.2019 15:00;11.06.2019 16:00;46,48
11.06.2019 16:00;11.06.2019 17:00;49,8
11.06.2019 17:00;11.06.2019 18:00;55,99
11.06.2019 18:00;11.06.2019 19:00;59,38
11.06.2019 19:00;11.06.2019 20:00;59,93
11.06.2019 20:00;11.06.2019 21:00;54,0
11.06.2019 21:00;11.06.2019 22:00;51,25
11.06.2019 22:00;11.06.2019 23:00;46,1
11.06.2019 23:00;12.06.2019 00:00;40,93
12.06.2019 00:00;12.06.2019 01:00;37,69
12.06.2019 01:00;12.06.2019 02:00;35,65
12.06.2019 02:00;12.06.2019 03:00;33,43
12.06.2019 03:00;12.06.2019 04:00;33,44
12.06.2019 04:00;12.06.2019 05:00;32,87
12.06.2019 05:00;12.06.2019 06:00;35,04
12.06.2019 06:00;12.06.2019 07:00;47,82
12.06.2019 07:00;12.06.2019 08:00;56,51
12.06.2019 08:00;12.06.2019 09:00;62,61
12.06.2019 09:00;12.06.2019 10:00;57,49
12.06.2019 10:00;12.06.2019 11:00;51,91
12.06.2019 11:00;12.06.2019 12:00;50,54
12.06.2019 12:00;12.06.2019 13:00;45,98
12.06.2019 13:00;12.06.2019 14:00;42,91
12.06.2019 14:00;12.06.2019 15:00;39,05
12.06.2019 15:00;12.06.2019 16:00;34,09
12.06.2019 16:00;12.06.2019 17:00;35,34
12.06.2019 17:00;12.06.2019 18:00;42,14
12.06.2019 18:00;12.06.2019 19:00;48,5
12.06.2019 19:00;12.06.2019 20:00;51,44
12.06.2019 20:00;12.06.2019 21:00;50,56
12.06.2019 21:00;12.06.2019 22:00;47,7
12.06.2019 22:00;12.06.2019 23:00;44,64
12.06.2019 23:00;13.06.2019 00:00;38,7
13.06.2019 00:00;13.06.2019 01:00;29,78
13.06.2019 01:00;13.06.2019 02:00;28,34
13.06.2019 02:00;13.06.2019 03:00;27,38
13.06.2019 03:00;13.06.2019 04:00;28,34
13.06.2019 04:00;13.06.2019 05:00;28,32
13.06.2019 05:00;13.06.2019 06:00;29,89
13.06.2019 06:00;13.06.2019 07:00;37,45
13.06.2019 07:00;13.06.2019 08:00;48,01
13.06.2019 08:00;13.06.2019 09:00;44,49
13.06.2019 09:00;13.06.2019 10:00;36,42
13.06.2019 10:00;13.06.2019 11:00;32,9
13.06.2019 11:00;13.06.2019 12:00;30,18
13.06.2019 12:00;13.06.2019 13:00;28,42
13.06.2019 13:00;13.06.2019 14:00;28,66
13.06.2019 14:00;13.06.2019 15:00;28,85
13.06.2019 15:00;13.06.2019 16:00;30,03
13.06.2019 16:00;13.06.2019 17:00;31,11
13.06.2019 17:00;13.06.2019 18:00;33,68
13.06.2019 18:00;13.06.2019 19:00;50,09
13.06.2019 19:00;13.06.2019 20:00;64,24
13.06.2019 20:00;13.06.2019 21:00;76,5
13.06.2019 21:00;13.06.2019 22:00;62,61
13.06.2019 22:00;13.06.2019 23:00;47,56
13.06.2019 23:00;14.06.2019 00:00;41,03
14.06.2019 00:00;14.06.2019 01:00;33,44
14.06.2019 01:00;14.06.2019 02:00;29,78
14.06.2019 02:00;14.06.2019 03:00;28,24
14.06.2019 03:00;14.06.2019 04:00;28,37
14.06.2019 04:00;14.06.2019 05:00;28,89
14.06.2019 05:00;14.06.2019 06:00;29,88
14.06.2019 06:00;14.06.2019 07:00;40,25
14.06.2019 07:00;14.06.2019 08:00;52,94
14.06.2019 08:00;14.06.2019 09:00;59,61
14.06.2019 09:00;14.06.2019 10:00;49,04
14.06.2019 10:00;14.06.2019 11:00;42,91
14.06.2019 11:00;14.06.2019 12:00;41,01
14.06.2019 12:00;14.06.2019 13:00;34,9
14.06.2019 13:00;14.06.2019 14:00;33,02
14.06.2019 14:00;14.06.2019 15:00;33,28
14.06.2019 15:00;14.06.2019 16:00;34,06
14.06.2019 16:00;14.06.2019 17:00;36,34
14.06.2019 17:00;14.06.2019 18:00;49,02
14.06.2019 18:00;14.06.2019 19:00;58,28
14.06.2019 19:00;14.06.2019 20:00;64,69
14.06.2019 20:00;14.06.2019 21:00;58,94
14.06.2019 21:00;14.06.2019 22:00;50,45
14.06.2019 22:00;14.06.2019 23:00;43,54
14.06.2019 23:00;15.06.2019 00:00;37,94
15.06.2019 00:00;15.06.2019 01:00;33,29
15.06.2019 01:00;15.06.2019 02:00;31,47
15.06.2019 02:00;15.06.2019 03:00;29,92
15.06.2019 03:00;15.06.2019 04:00;27,94
15.06.2019 04:00;15.06.2019 05:00;26,6
15.06.2019 05:00;15.06.2019 06:00;25,66
15.06.2019 06:00;15.06.2019 07:00;26,68
15.06.2019 07:00;15.06.2019 08:00;29,99
15.06.2019 08:00;15.06.2019 09:00;33,0
15.06.2019 09:00;15.06.2019 10:00;32,27
15.06.2019 10:00;15.06.2019 11:00;30,13
15.06.2019 11:00;15.06.2019 12:00;27,47
15.06.2019 12:00;15.06.2019 13:00;25,38
15.06.2019 13:00;15.06.2019 14:00;24,93
15.06.2019 14:00;15.06.2019 15:00;23,54
15.06.2019 15:00;15.06.2019 16:00;23,64
15.06.2019 16:00;15.06.2019 17:00;24,92
15.06.2019 17:00;15.06.2019 18:00;28,97
15.06.2019 18:00;15.06.2019 19:00;35,73
15.06.2019 19:00;15.06.2019 20:00;40,2
15.06.2019 20:00;15.06.2019 21:00;39,64
15.06.2019 21:00;15.06.2019 22:00;39,05
15.06.2019 22:00;15.06.2019 23:00;39,09
15.06.2019 23:00;16.06.2019 00:00;34,31
16.06.2019 00:00;16.06.2019 01:00;30,17
16.06.2019 01:00;16.06.2019 02:00;27,52
16.06.2019 02:00;16.06.2019 03:00;26,05
16.06.2019 03:00;16.06.2019 04:00;25,39
16.06.2019 04:00;16.06.2019 05:00;25,07
16.06.2019 05:00;16.06.2019 06:00;23,88
16.06.2019 06:00;16.06.2019 07:00;23,89
16.06.2019 07:00;16.06.2019 08:00;26,93
16.06.2019 08:00;16.06.2019 09:00;28,35
16.06.2019 09:00;16.06.2019 10:00;28,04
16.06.2019 10:00;16.06.2019 11:00;27,44
16.06.2019 11:00;16.06.2019 12:00;27,98
16.06.2019 12:00;16.06.2019 13:00;27,17
16.06.2019 13:00;16.06.2019 14:00;23,92
16.06.2019 14:00;16.06.2019 15:00;23,1
16.06.2019 15:00;16.06.2019 16:00;24,65
16.06.2019 16:00;16.06.2019 17:00;25,78
16.06.2019 17:00;16.06.2019 18:00;30,71
16.06.2019 18:00;16.06.2019 19:00;38,2
16.06.2019 19:00;16.06.2019 20:00;44,84
16.06.2019 20:00;16.06.2019 21:00;47,95
16.06.2019 21:00;16.06.2019 22:00;51,6
16.06.2019 22:00;16.06.2019 23:00;48,05
16.06.2019 23:00;17.06.2019 00:00;40,91
17.06.2019 00:00;17.06.2019 01:00;33,06
17.06.2019 01:00;17.06.2019 02:00;30,28
17.06.2019 02:00;17.06.2019 03:00;29,96
17.06.2019 03:00;17.06.2019 04:00;29,48
17.06.2019 04:00;17.06.2019 05:00;29,49
17.06.2019 05:00;17.06.2019 06:00;30,95
17.06.2019 06:00;17.06.2019 07:00;45,79
17.06.2019 07:00;17.06.2019 08:00;50,8
17.06.2019 08:00;17.06.2019 09:00;49,02
17.06.2019 09:00;17.06.2019 10:00;39,19
17.06.2019 10:00;17.06.2019 11:00;34,64
17.06.2019 11:00;17.06.2019 12:00;33,7
17.06.2019 12:00;17.06.2019 13:00;33,99
17.06.2019 13:00;17.06.2019 14:00;35,16
17.06.2019 14:00;17.06.2019 15:00;34,76
17.06.2019 15:00;17.06.2019 16:00;35,5
17.06.2019 16:00;17.06.2019 17:00;39,52
17.06.2019 17:00;17.06.2019 18:00;44,97
17.06.2019 18:00;17.06.2019 19:00;57,06
17.06.2019 19:00;17.06.2019 20:00;70,1
17.06.2019 20:00;17.06.2019 21:00;69,52
17.06.2019 21:00;17.06.2019 22:00;58,24
17.06.2019 22:00;17.06.2019 23:00;45,53
17.06.2019 23:00;18.06.2019 00:00;39,1
18.06.2019 00:00;18.06.2019 01:00;32,97
18.06.2019 01:00;18.06.2019 02:00;32,85
18.06.2019 02:00;18.06.2019 03:00;30,6
18.06.2019 03:00;18.06.2019 04:00;30,05
18.06.2019 04:00;18.06.2019 05:00;30,96
18.06.2019 05:00;18.06.2019 06:00;31,09
18.06.2019 06:00;18.06.2019 07:00;41,26
18.06.2019 07:00;18.06.2019 08:00;51,74
18.06.2019 08:00;18.06.2019 09:00;49,75
18.06.2019 09:00;18.06.2019 10:00;43,74
18.06.2019 10:00;18.06.2019 11:00;39,92
18.06.2019 11:00;18.06.2019 12:00;38,9
18.06.2019 12:00;18.06.2019 13:00;37,12
18.06.2019 13:00;18.06.2019 14:00;36,1
18.06.2019 14:00;18.06.2019 15:00;36,06
18.06.2019 15:00;18.06.2019 16:00;38,37
18.06.2019 16:00;18.06.2019 17:00;42,92
18.06.2019 17:00;18.06.2019 18:00;47,74
18.06.2019 18:00;18.06.2019 19:00;51,96
18.06.2019 19:00;18.06.2019 20:00;66,16
18.06.2019 20:00;18.06.2019 21:00;67,12
18.06.2019 21:00;18.06.2019 22:00;53,2
18.06.2019 22:00;18.06.2019 23:00;47,06
18.06.2019 23:00;19.06.2019 00:00;37,08
19.06.2019 00:00;19.06.2019 01:00;34,12
19.06.2019 01:00;19.06.2019 02:00;33,26
19.06.2019 02:00;19.06.2019 03:00;33,02
19.06.2019 03:00;19.06.2019 04:00;33,23
19.06.2019 04:00;19.06.2019 05:00;33,62
19.06.2019 05:00;19.06.2019 06:00;33,28
19.06.2019 06:00;19.06.2019 07:00;43,07
19.06.2019 07:00;19.06.2019 08:00;54,43
19.06.2019 08:00;19.06.2019 09:00;58,64
19.06.2019 09:00;19.06.2019 10:00;49,28
19.06.2019 10:00;19.06.2019 11:00;42,98
19.06.2019 11:00;19.06.2019 12:00;40,81
19.06.2019 12:00;19.06.2019 13:00;37,01
19.06.2019 13:00;19.06.2019 14:00;36,93
19.06.2019 14:00;19.06.2019 15:00;36,29
19.06.2019 15:00;19.06.2019 16:00;36,09
19.06.2019 16:00;19.06.2019 17:00;34,91
19.06.2019 17:00;19.06.2019 18:00;42,91
19.06.2019 18:00;19.06.2019 19:00;49,94
19.06.2019 19:00;19.06.2019 20:00;53,17
19.06.2019 20:00;19.06.2019 21:00;51,07
19.06.2019 21:00;19.06.2019 22:00;45,64
19.06.2019 22:00;19.06.2019 23:00;40,08
19.06.2019 23:00;20.06.2019 00:00;34,99
20.06.2019 00:00;20.06.2019 01:00;30,8
20.06.2019 01:00;20.06.2019 02:00;30,23
20.06.2019 02:00;20.06.2019 03:00;29,87
20.06.2019 03:00;20.06.2019 04:00;28,71
20.06.2019 04:00;20.06.2019 05:00;28,54
20.06.2019 05:00;20.06.2019 06:00;29,11
20.06.2019 06:00;20.06.2019 07:00;30,93
20.06.2019 07:00;20.06.2019 08:00;36,09
20.06.2019 08:00;20.06.2019 09:00;39,68
20.06.2019 09:00;20.06.2019 10:00;36,91
20.06.2019 10:00;20.06.2019 11:00;35,69
20.06.2019 11:00;20.06.2019 12:00;36,98
20.06.2019 12:00;20.06.2019 13:00;36,08
20.06.2019 13:00;20.06.2019 14:00;34,09
20.06.2019 14:00;20.06.2019 15:00;33,17
20.06.2019 15:00;20.06.2019 16:00;33,93
20.06.2019 16:00;20.06.2019 17:00;33,54
20.06.2019 17:00;20.06.2019 18:00;36,71
20.06.2019 18:00;20.06.2019 19:00;39,62
20.06.2019 19:00;20.06.2019 20:00;44,82
20.06.2019 20:00;20.06.2019 21:00;51,96
20.06.2019 21:00;20.06.2019 22:00;50,0
20.06.2019 22:00;20.06.2019 23:00;46,63
20.06.2019 23:00;21.06.2019 00:00;39,28
21.06.2019 00:00;21.06.2019 01:00;34,3
21.06.2019 01:00;21.06.2019 02:00;32,17
21.06.2019 02:00;21.06.2019 03:00;31,92
21.06.2019 03:00;21.06.2019 04:00;33,0
21.06.2019 04:00;21.06.2019 05:00;33,42
21.06.2019 05:00;21.06.2019 06:00;34,02
21.06.2019 06:00;21.06.2019 07:00;40,72
21.06.2019 07:00;21.06.2019 08:00;46,42
21.06.2019 08:00;21.06.2019 09:00;47,09
21.06.2019 09:00;21.06.2019 10:00;44,41
21.06.2019 10:00;21.06.2019 11:00;43,93
21.06.2019 11:00;21.06.2019 12:00;41,04
21.06.2019 12:00;21.06.2019 13:00;36,21
21.06.2019 13:00;21.06.2019 14:00;33,53
21.06.2019 14:00;21.06.2019 15:00;32,41
21.06.2019 15:00;21.06.2019 16:00;32,26
21.06.2019 16:00;21.06.2019 17:00;32,22
21.06.2019 17:00;21.06.2019 18:00;34,98
21.06.2019 18:00;21.06.2019 19:00;40,79
21.06.2019 19:00;21.06.2019 20:00;44,54
21.06.2019 20:00;21.06.2019 21:00;47,84
21.06.2019 21:00;21.06.2019 22:00;49,91
21.06.2019 22:00;21.06.2019 23:00;44,41
21.06.2019 23:00;22.06.2019 00:00;36,95
22.06.2019 00:00;22.06.2019 01:00;35,58
22.06.2019 01:00;22.06.2019 02:00;31,91
22.06.2019 02:00;22.06.2019 03:00;29,99
22.06.2019 03:00;22.06.2019 04:00;29,92
22.06.2019 04:00;22.06.2019 05:00;29,3
22.06.2019 05:00;22.06.2019 06:00;29,06
22.06.2019 06:00;22.06.2019 07:00;29,91
22.06.2019 07:00;22.06.2019 08:00;32,57
22.06.2019 08:00;22.06.2019 09:00;34,85
22.06.2019 09:00;22.06.2019 10:00;31,98
22.06.2019 10:00;22.06.2019 11:00;31,06
22.06.2019 11:00;22.06.2019 12:00;29,98
22.06.2019 12:00;22.06.2019 13:00;29,97
22.06.2019 13:00;22.06.2019 14:00;28,55
22.06.2019 14:00;22.06.2019 15:00;28,45
22.06.2019 15:00;22.06.2019 16:00;28,69
22.06.2019 16:00;22.06.2019 17:00;29,96
22.06.2019 17:00;22.06.2019 18:00;33,15
22.06.2019 18:00;22.06.2019 19:00;34,73
22.06.2019 19:00;22.06.2019 20:00;37,91
22.06.2019 20:00;22.06.2019 21:00;35,38
22.06.2019 21:00;22.06.2019 22:00;32,63
22.06.2019 22:00;22.06.2019 23:00;34,03
22.06.2019 23:00;23.06.2019 00:00;29,58
23.06.2019 00:00;23.06.2019 01:00;28,1
23.06.2019 01:00;23.06.2019 02:00;26,76
23.06.2019 02:00;23.06.2019 03:00;26,02
23.06.2019 03:00;23.06.2019 04:00;25,33
23.06.2019 04:00;23.06.2019 05:00;21,81
23.06.2019 05:00;23.06.2019 06:00;21,81
23.06.2019 06:00;23.06.2019 07:00;21,19
23.06.2019 07:00;23.06.2019 08:00;21,89
23.06.2019 08:00;23.06.2019 09:00;25,2
23.06.2019 09:00;23.06.2019 10:00;24,95
23.06.2019 10:00;23.06.2019 11:00;19,03
23.06.2019 11:00;23.06.2019 12:00;16,96
23.06.2019 12:00;23.06.2019 13:00;9,94
23.06.2019 13:00;23.06.2019 14:00;2,58
23.06.2019 14:00;23.06.2019 15:00;-4,27
23.06.2019 15:00;23.06.2019 16:00;-5,34
23.06.2019 16:00;23.06.2019 17:00;0,04
23.06.2019 17:00;23.06.2019 18:00;25,1
23.06.2019 18:00;23.06.2019 19:00;28,75
23.06.2019 19:00;23.06.2019 20:00;35,61
23.06.2019 20:00;23.06.2019 21:00;36,35
23.06.2019 21:00;23.06.2019 22:00;31,89
23.06.2019 22:00;23.06.2019 23:00;34,19
23.06.2019 23:00;24.06.2019 00:00;28,19
24.06.2019 00:00;24.06.2019 01:00;26,97
24.06.2019 01:00;24.06.2019 02:00;25,68
24.06.2019 02:00;24.06.2019 03:00;24,0
24.06.2019 03:00;24.06.2019 04:00;24,6
24.06.2019 04:00;24.06.2019 05:00;22,22
24.06.2019 05:00;24.06.2019 06:00;25,97
24.06.2019 06:00;24.06.2019 07:00;35,24
24.06.2019 07:00;24.06.2019 08:00;47,95
24.06.2019 08:00;24.06.2019 09:00;42,78
24.06.2019 09:00;24.06.2019 10:00;36,24
24.06.2019 10:00;24.06.2019 11:00;32,67
24.06.2019 11:00;24.06.2019 12:00;32,74
24.06.2019 12:00;24.06.2019 13:00;30,87
24.06.2019 13:00;24.06.2019 14:00;29,9
24.06.2019 14:00;24.06.2019 15:00;29,92
24.06.2019 15:00;24.06.2019 16:00;31,41
24.06.2019 16:00;24.06.2019 17:00;32,18
24.06.2019 17:00;24.06.2019 18:00;35,95
24.06.2019 18:00;24.06.2019 19:00;45,06
24.06.2019 19:00;24.06.2019 20:00;56,78
24.06.2019 20:00;24.06.2019 21:00;54,01
24.06.2019 21:00;24.06.2019 22:00;40,92
24.06.2019 22:00;24.06.2019 23:00;34,3
24.06.2019 23:00;25.06.2019 00:00;29,0
25.06.2019 00:00;25.06.2019 01:00;28,08
25.06.2019 01:00;25.06.2019 02:00;25,6
25.06.2019 02:00;25.06.2019 03:00;24,48
25.06.2019 03:00;25.06.2019 04:00;23,65
25.06.2019 04:00;25.06.2019 05:00;22,86
25.06.2019 05:00;25.06.2019 06:00;27,29
25.06.2019 06:00;25.06.2019 07:00;33,5
25.06.2019 07:00;25.06.2019 08:00;43,91
25.06.2019 08:00;25.06.2019 09:00;49,18
25.06.2019 09:00;25.06.2019 10:00;40,96
25.06.2019 10:00;25.06.2019 11:00;37,77
25.06.2019 11:00;25.06.2019 12:00;36,45
25.06.2019 12:00;25.06.2019 13:00;34,92
25.06.2019 13:00;25.06.2019 14:00;33,8
25.06.2019 14:00;25.06.2019 15:00;33,9
25.06.2019 15:00;25.06.2019 16:00;34,91
25.06.2019 16:00;25.06.2019 17:00;36,93
25.06.2019 17:00;25.06.2019 18:00;49,22
25.06.2019 18:00;25.06.2019 19:00;61,53
25.06.2019 19:00;25.06.2019 20:00;74,8
25.06.2019 20:00;25.06.2019 21:00;73,09
25.06.2019 21:00;25.06.2019 22:00;61,92
25.06.2019 22:00;25.06.2019 23:00;46,27
25.06.2019 23:00;26.06.2019 00:00;37,4
26.06.2019 00:00;26.06.2019 01:00;37,34
26.06.2019 01:00;26.06.2019 02:00;33,37
26.06.2019 02:00;26.06.2019 03:00;33,31
26.06.2019 03:00;26.06.2019 04:00;31,3
26.06.2019 04:00;26.06.2019 05:00;31,08
26.06.2019 05:00;26.06.2019 06:00;30,87
26.06.2019 06:00;26.06.2019 07:00;44,45
26.06.2019 07:00;26.06.2019 08:00;59,82
26.06.2019 08:00;26.06.2019 09:00;60,08
26.06.2019 09:00;26.06.2019 10:00;48,44
26.06.2019 10:00;26.06.2019 11:00;38,09
26.06.2019 11:00;26.06.2019 12:00;36,7
26.06.2019 12:00;26.06.2019 13:00;35,08
26.06.2019 13:00;26.06.2019 14:00;33,09
26.06.2019 14:00;26.06.2019 15:00;31,88
26.06.2019 15:00;26.06.2019 16:00;30,89
26.06.2019 16:00;26.06.2019 17:00;31,47
26.06.2019 17:00;26.06.2019 18:00;34,27
26.06.2019 18:00;26.06.2019 19:00;38,98
26.06.2019 19:00;26.06.2019 20:00;49,92
26.06.2019 20:00;26.06.2019 21:00;48,88
26.06.2019 21:00;26.06.2019 22:00;38,97
26.06.2019 22:00;26.06.2019 23:00;36,7
26.06.2019 23:00;27.06.2019 00:00;30,57
27.06.2019 00:00;27.06.2019 01:00;28,0
27.06.2019 01:00;27.06.2019 02:00;26,53
27.06.2019 02:00;27.06.2019 03:00;25,03
27.06.2019 03:00;27.06.2019 04:00;26,03
27.06.2019 04:00;27.06.2019 05:00;27,06
27.06.2019 05:00;27.06.2019 06:00;30,03
27.06.2019 06:00;27.06.2019 07:00;35,72
27.06.2019 07:00;27.06.2019 08:00;43,29
27.06.2019 08:00;27.06.2019 09:00;42,1
27.06.2019 09:00;27.06.2019 10:00;36,5
27.06.2019 10:00;27.06.2019 11:00;34,56
27.06.2019 11:00;27.06.2019 12:00;34,47
27.06.2019 12:00;27.06.2019 13:00;31,97
27.06.2019 13:00;27.06.2019 14:00;30,93
27.06.2019 14:00;27.06.2019 15:00;30,91
27.06.2019 15:00;27.06.2019 16:00;31,31
27.06.2019 16:00;27.06.2019 17:00;31,94
27.06.2019 17:00;27.06.2019 18:00;35,98
27.06.2019 18:00;27.06.2019 19:00;41,9
27.06.2019 19:00;27.06.2019 20:00;54,11
27.06.2019 20:00;27.06.2019 21:00;52,23
27.06.2019 21:00;27.06.2019 22:00;44,02
27.06.2019 22:00;27.06.2019 23:00;41,17
27.06.2019 23:00;28.06.2019 00:00;35,58
28.06.2019 00:00;28.06.2019 01:00;31,44
28.06.2019 01:00;28.06.2019 02:00;31,68
28.06.2019 02:00;28.06.2019 03:00;32,97
28.06.2019 03:00;28.06.2019 04:00;33,89
28.06.2019 04:00;28.06.2019 05:00;32,8
28.06.2019 05:00;28.06.2019 06:00;32,85
28.06.2019 06:00;28.06.2019 07:00;49,41
28.06.2019 07:00;28.06.2019 08:00;61,98
28.06.2019 08:00;28.06.2019 09:00;61,66
28.06.2019 09:00;28.06.2019 10:00;49,28
28.06.2019 10:00;28.06.2019 11:00;43,99
28.06.2019 11:00;28.06.2019 12:00;39,53
28.06.2019 12:00;28.06.2019 13:00;36,75
28.06.2019 13:00;28.06.2019 14:00;34,33
28.06.2019 14:00;28.06.2019 15:00;33,89
28.06.2019 15:00;28.06.2019 16:00;33,91
28.06.2019 16:00;28.06.2019 17:00;34,4
28.06.2019 17:00;28.06.2019 18:00;39,04
28.06.2019 18:00;28.06.2019 19:00;54,13
28.06.2019 19:00;28.06.2019 20:00;66,53
28.06.2019 20:00;28.06.2019 21:00;66,06
28.06.2019 21:00;28.06.2019 22:00;54,73
28.06.2019 22:00;28.06.2019 23:00;48,54
28.06.2019 23:00;29.06.2019 00:00;39,05
29.06.2019 00:00;29.06.2019 01:00;35,24
29.06.2019 01:00;29.06.2019 02:00;31,63
29.06.2019 02:00;29.06.2019 03:00;29,88
29.06.2019 03:00;29.06.2019 04:00;29,13
29.06.2019 04:00;29.06.2019 05:00;29,52
29.06.2019 05:00;29.06.2019 06:00;28,76
29.06.2019 06:00;29.06.2019 07:00;30,06
29.06.2019 07:00;29.06.2019 08:00;31,48
29.06.2019 08:00;29.06.2019 09:00;30,15
29.06.2019 09:00;29.06.2019 10:00;30,15
29.06.2019 10:00;29.06.2019 11:00;28,07
29.06.2019 11:00;29.06.2019 12:00;28,01
29.06.2019 12:00;29.06.2019 13:00;28,01
29.06.2019 13:00;29.06.2019 14:00;25,82
29.06.2019 14:00;29.06.2019 15:00;25,06
29.06.2019 15:00;29.06.2019 16:00;25,19
29.06.2019 16:00;29.06.2019 17:00;26,39
29.06.2019 17:00;29.06.2019 18:00;30,18
29.06.2019 18:00;29.06.2019 19:00;40,0
29.06.2019 19:00;29.06.2019 20:00;52,46
29.06.2019 20:00;29.06.2019 21:00;56,23
29.06.2019 21:00;29.06.2019 22:00;49,95
29.06.2019 22:00;29.06.2019 23:00;41,03
29.06.2019 23:00;30.06.2019 00:00;35,61
30.06.2019 00:00;30.06.2019 01:00;30,41
30.06.2019 01:00;30.06.2019 02:00;26,9
30.06.2019 02:00;30.06.2019 03:00;21,55
30.06.2019 03:00;30.06.2019 04:00;17,13
30.06.2019 04:00;30.06.2019 05:00;14,92
30.06.2019 05:00;30.06.2019 06:00;10,16
30.06.2019 06:00;30.06.2019 07:00;12,26
30.06.2019 07:00;30.06.2019 08:00;13,38
30.06.2019 08:00;30.06.2019 09:00;19,65
30.06.2019 09:00;30.06.2019 10:00;17,24
30.06.2019 10:00;30.06.2019 11:00;11,78
30.06.2019 11:00;30.06.2019 12:00;9,06
30.06.2019 12:00;30.06.2019 13:00;0,06
30.06.2019 13:00;30.06.2019 14:00;-29,29
30.06.2019 14:00;30.06.2019 15:00;-39,97
30.06.2019 15:00;30.06.2019 16:00;-12,51
30.06.2019 16:00;30.06.2019 17:00;0,02
30.06.2019 17:00;30.06.2019 18:00;20,05
30.06.2019 18:00;30.06.2019 19:00;28,83
30.06.2019 19:00;30.06.2019 20:00;36,63
30.06.2019 20:00;30.06.2019 21:00;37,94
30.06.2019 21:00;30.06.2019 22:00;37,07
30.06.2019 22:00;30.06.2019 23:00;43,19
30.06.2019 23:00;01.07.2019 00:00;36,72
01.07.2019 00:00;01.07.2019 01:00;28,98
01.07.2019 01:00;01.07.2019 02:00;26,23
01.07.2019 02:00;01.07.2019 03:00;25,04
01.07.2019 03:00;01.07.2019 04:00;24,94
01.07.2019 04:00;01.07.2019 05:00;26,04
01.07.2019 05:00;01.07.2019 06:00;27,14
01.07.2019 06:00;01.07.2019 07:00;41,93
01.07.2019 07:00;01.07.2019 08:00;53,1
01.07.2019 08:00;01.07.2019 09:00;52,85
01.07.2019 09:00;01.07.2019 10:00;41,13
01.07.2019 10:00;01.07.2019 11:00;37,57
01.07.2019 11:00;01.07.2019 12:00;32,85
01.07.2019 12:00;01.07.2019 13:00;29,46
01.07.2019 13:00;01.07.2019 14:00;27,39
01.07.2019 14:00;01.07.2019 15:00;27,25
01.07.2019 15:00;01.07.2019 16:00;27,0
01.07.2019 16:00;01.07.2019 17:00;26,72
01.07.2019 17:00;01.07.2019 18:00;27,5
01.07.2019 18:00;01.07.2019 19:00;31,03
01.07.2019 19:00;01.07.2019 20:00;36,49
01.07.2019 20:00;01.07.2019 21:00;36,32
01.07.2019 21:00;01.07.2019 22:00;34,93
01.07.2019 22:00;01.07.2019 23:00;37,24
01.07.2019 23:00;02.07.2019 00:00;31,97
02.07.2019 00:00;02.07.2019 01:00;28,9
02.07.2019 01:00;02.07.2019 02:00;26,97
02.07.2019 02:00;02.07.2019 03:00;25,48
02.07.2019 03:00;02.07.2019 04:00;24,75
02.07.2019 04:00;02.07.2019 05:00;24,91
02.07.2019 05:00;02.07.2019 06:00;26,99
02.07.2019 06:00;02.07.2019 07:00;31,0
02.07.2019 07:00;02.07.2019 08:00;36,12
02.07.2019 08:00;02.07.2019 09:00;36,1
02.07.2019 09:00;02.07.2019 10:00;33,33
02.07.2019 10:00;02.07.2019 11:00;32,75
02.07.2019 11:00;02.07.2019 12:00;31,8
02.07.2019 12:00;02.07.2019 13:00;29,59
02.07.2019 13:00;02.07.2019 14:00;29,55
02.07.2019 14:00;02.07.2019 15:00;29,52
02.07.2019 15:00;02.07.2019 16:00;29,6
02.07.2019 16:00;02.07.2019 17:00;29,96
02.07.2019 17:00;02.07.2019 18:00;33,05
02.07.2019 18:00;02.07.2019 19:00;38,02
02.07.2019 19:00;02.07.2019 20:00;44,0
02.07.2019 20:00;02.07.2019 21:00;50,96
02.07.2019 21:00;02.07.2019 22:00;47,9
02.07.2019 22:00;02.07.2019 23:00;42,14
02.07.2019 23:00;03.07.2019 00:00;37,05
03.07.2019 00:00;03.07.2019 01:00;30,94
03.07.2019 01:00;03.07.2019 02:00;28,07
03.07.2019 02:00;03.07.2019 03:00;27,6
03.07.2019 03:00;03.07.2019 04:00;27,37
03.07.2019 04:00;03.07.2019 05:00;28,01
03.07.2019 05:00;03.07.2019 06:00;29,04
03.07.2019 06:00;03.07.2019 07:00;38,22
03.07.2019 07:00;03.07.2019 08:00;47,6
03.07.2019 08:00;03.07.2019 09:00;46,95
03.07.2019 09:00;03.07.2019 10:00;37,53
03.07.2019 10:00;03.07.2019 11:00;33,68
03.07.2019 11:00;03.07.2019 12:00;33,4
03.07.2019 12:00;03.07.2019 13:00;31,19
03.07.2019 13:00;03.07.2019 14:00;30,14
03.07.2019 14:00;03.07.2019 15:00;30,1
03.07.2019 15:00;03.07.2019 16:00;29,98
03.07.2019 16:00;03.07.2019 17:00;30,08
03.07.2019 17:00;03.07.2019 18:00;33,0
03.07.2019 18:00;03.07.2019 19:00;36,49
03.07.2019 19:00;03.07.2019 20:00;43,07
03.07.2019 20:00;03.07.2019 21:00;48,39
03.07.2019 21:00;03.07.2019 22:00;40,07
03.07.2019 22:00;03.07.2019 23:00;37,57
03.07.2019 23:00;04.07.2019 00:00;33,41
04.07.2019 00:00;04.07.2019 01:00;29,93
04.07.2019 01:00;04.07.2019 02:00;28,83
04.07.2019 02:00;04.07.2019 03:00;28,06
04.07.2019 03:00;04.07.2019 04:00;29,06
04.07.2019 04:00;04.07.2019 05:00;29,73
04.07.2019 05:00;04.07.2019 06:00;30,74
04.07.2019 06:00;04.07.2019 07:00;36,99
04.07.2019 07:00;04.07.2019 08:00;44,31
04.07.2019 08:00;04.07.2019 09:00;39,72
04.07.2019 09:00;04.07.2019 10:00;34,77
04.07.2019 10:00;04.07.2019 11:00;31,88
04.07.2019 11:00;04.07.2019 12:00;30,89
04.07.2019 12:00;04.07.2019 13:00;29,73
04.07.2019 13:00;04.07.2019 14:00;29,65
04.07.2019 14:00;04.07.2019 15:00;29,53
04.07.2019 15:00;04.07.2019 16:00;29,64
04.07.2019 16:00;04.07.2019 17:00;29,8
04.07.2019 17:00;04.07.2019 18:00;32,98
04.07.2019 18:00;04.07.2019 19:00;36,92
04.07.2019 19:00;04.07.2019 20:00;43,58
04.07.2019 20:00;04.07.2019 21:00;44,98
04.07.2019 21:00;04.07.2019 22:00;39,9
04.07.2019 22:00;04.07.2019 23:00;39,06
04.07.2019 23:00;05.07.2019 00:00;34,9
05.07.2019 00:00;05.07.2019 01:00;29,8
05.07.2019 01:00;05.07.2019 02:00;29,0
05.07.2019 02:00;05.07.2019 03:00;27,8
05.07.2019 03:00;05.07.2019 04:00;27,64
05.07.2019 04:00;05.07.2019 05:00;27,9
05.07.2019 05:00;05.07.2019 06:00;29,08
05.07.2019 06:00;05.07.2019 07:00;34,62
05.07.2019 07:00;05.07.2019 08:00;42,89
05.07.2019 08:00;05.07.2019 09:00;45,92
05.07.2019 09:00;05.07.2019 10:00;43,4
05.07.2019 10:00;05.07.2019 11:00;38,0
05.07.2019 11:00;05.07.2019 12:00;36,6
05.07.2019 12:00;05.07.2019 13:00;33,02
05.07.2019 13:00;05.07.2019 14:00;31,05
05.07.2019 14:00;05.07.2019 15:00;29,68
05.07.2019 15:00;05.07.2019 16:00;29,23
05.07.2019 16:00;05.07.2019 17:00;30,4
05.07.2019 17:00;05.07.2019 18:00;32,97
05.07.2019 18:00;05.07.2019 19:00;35,35
05.07.2019 19:00;05.07.2019 20:00;40,15
05.07.2019 20:00;05.07.2019 21:00;45,86
05.07.2019 21:00;05.07.2019 22:00;45,75
05.07.2019 22:00;05.07.2019 23:00;42,07
05.07.2019 23:00;06.07.2019 00:00;38,09
06.07.2019 00:00;06.07.2019 01:00;37,97
06.07.2019 01:00;06.07.2019 02:00;34,1
06.07.2019 02:00;06.07.2019 03:00;30,99
06.07.2019 03:00;06.07.2019 04:00;30,52
06.07.2019 04:00;06.07.2019 05:00;30,01
06.07.2019 05:00;06.07.2019 06:00;29,24
06.07.2019 06:00;06.07.2019 07:00;29,21
06.07.2019 07:00;06.07.2019 08:00;29,74
06.07.2019 08:00;06.07.2019 09:00;31,05
06.07.2019 09:00;06.07.2019 10:00;30,99
06.07.2019 10:00;06.07.2019 11:00;29,7
06.07.2019 11:00;06.07.2019 12:00;28,53
06.07.2019 12:00;06.07.2019 13:00;26,86
06.07.2019 13:00;06.07.2019 14:00;26,09
06.07.2019 14:00;06.07.2019 15:00;24,94
06.07.2019 15:00;06.07.2019 16:00;26,1
06.07.2019 16:00;06.07.2019 17:00;27,64
06.07.2019 17:00;06.07.2019 18:00;28,99
06.07.2019 18:00;06.07.2019 19:00;30,53
06.07.2019 19:00;06.07.2019 20:00;30,77
06.07.2019 20:00;06.07.2019 21:00;29,73
06.07.2019 21:00;06.07.2019 22:00;29,34
06.07.2019 22:00;06.07.2019 23:00;32,12
06.07.2019 23:00;07.07.2019 00:00;29,09
07.07.2019 00:00;07.07.2019 01:00;28,21
07.07.2019 01:00;07.07.2019 02:00;25,98
07.07.2019 02:00;07.07.2019 03:00;25,03
07.07.2019 03:00;07.07.2019 04:00;24,27
07.07.2019 04:00;07.07.2019 05:00;23,36
07.07.2019 05:00;07.07.2019 06:00;23,6
07.07.2019 06:00;07.07.2019 07:00;21,82
07.07.2019 07:00;07.07.2019 08:00;20,78
07.07.2019 08:00;07.07.2019 09:00;24,11
07.07.2019 09:00;07.07.2019 10:00;25,76
07.07.2019 10:00;07.07.2019 11:00;25,99
07.07.2019 11:00;07.07.2019 12:00;26,4
07.07.2019 12:00;07.07.2019 13:00;26,3
07.07.2019 13:00;07.07.2019 14:00;20,66
07.07.2019 14:00;07.07.2019 15:00;9,39
07.07.2019 15:00;07.07.2019 16:00;6,77
07.07.2019 16:00;07.07.2019 17:00;12,12
07.07.2019 17:00;07.07.2019 18:00;25,62
07.07.2019 18:00;07.07.2019 19:00;29,2
07.07.2019 19:00;07.07.2019 20:00;31,47
07.07.2019 20:00;07.07.2019 21:00;31,98
07.07.2019 21:00;07.07.2019 22:00;33,06
07.07.2019 22:00;07.07.2019 23:00;37,02
07.07.2019 23:00;08.07.2019 00:00;33,02
08.07.2019 00:00;08.07.2019 01:00;34,93
08.07.2019 01:00;08.07.2019 02:00;30,11
08.07.2019 02:00;08.07.2019 03:00;29,55
08.07.2019 03:00;08.07.2019 04:00;30,47
08.07.2019 04:00;08.07.2019 05:00;30,04
08.07.2019 05:00;08.07.2019 06:00;30,1
08.07.2019 06:00;08.07.2019 07:00;34,9
08.07.2019 07:00;08.07.2019 08:00;39,06
08.07.2019 08:00;08.07.2019 09:00;39,99
08.07.2019 09:00;08.07.2019 10:00;38,59
08.07.2019 10:00;08.07.2019 11:00;37,29
08.07.2019 11:00;08.07.2019 12:00;39,94
08.07.2019 12:00;08.07.2019 13:00;38,68
08.07.2019 13:00;08.07.2019 14:00;35,09
08.07.2019 14:00;08.07.2019 15:00;33,48
08.07.2019 15:00;08.07.2019 16:00;33,76
08.07.2019 16:00;08.07.2019 17:00;34,47
08.07.2019 17:00;08.07.2019 18:00;34,92
08.07.2019 18:00;08.07.2019 19:00;38,0
08.07.2019 19:00;08.07.2019 20:00;42,9
08.07.2019 20:00;08.07.2019 21:00;38,35
08.07.2019 21:00;08.07.2019 22:00;37,93
08.07.2019 22:00;08.07.2019 23:00;39,43
08.07.2019 23:00;09.07.2019 00:00;34,63
09.07.2019 00:00;09.07.2019 01:00;31,56
09.07.2019 01:00;09.07.2019 02:00;30,19
09.07.2019 02:00;09.07.2019 03:00;29,81
09.07.2019 03:00;09.07.2019 04:00;29,43
09.07.2019 04:00;09.07.2019 05:00;29,95
09.07.2019 05:00;09.07.2019 06:00;30,47
09.07.2019 06:00;09.07.2019 07:00;36,16
09.07.2019 07:00;09.07.2019 08:00;43,95
09.07.2019 08:00;09.07.2019 09:00;44,06
09.07.2019 09:00;09.07.2019 10:00;41,09
09.07.2019 10:00;09.07.2019 11:00;38,17
09.07.2019 11:00;09.07.2019 12:00;38,04
09.07.2019 12:00;09.07.2019 13:00;37,06
09.07.2019 13:00;09.07.2019 14:00;35,15
09.07.2019 14:00;09.07.2019 15:00;34,75
09.07.2019 15:00;09.07.2019 16:00;34,24
09.07.2019 16:00;09.07.2019 17:00;34,74
09.07.2019 17:00;09.07.2019 18:00;36,71
09.07.2019 18:00;09.07.2019 19:00;40,34
09.07.2019 19:00;09.07.2019 20:00;47,0
09.07.2019 20:00;09.07.2019 21:00;47,9
09.07.2019 21:00;09.07.2019 22:00;45,99
09.07.2019 22:00;09.07.2019 23:00;43,88
09.07.2019 23:00;10.07.2019 00:00;36,66
10.07.2019 00:00;10.07.2019 01:00;35,91
10.07.2019 01:00;10.07.2019 02:00;33,54
10.07.2019 02:00;10.07.2019 03:00;32,98
10.07.2019 03:00;10.07.2019 04:00;32,92
10.07.2019 04:00;10.07.2019 05:00;33,3
10.07.2019 05:00;10.07.2019 06:00;33,5
10.07.2019 06:00;10.07.2019 07:00;41,92
10.07.2019 07:00;10.07.2019 08:00;49,45
10.07.2019 08:00;10.07.2019 09:00;48,8
10.07.2019 09:00;10.07.2019 10:00;43,99
10.07.2019 10:00;10.07.2019 11:00;41,34
10.07.2019 11:00;10.07.2019 12:00;42,13
10.07.2019 12:00;10.07.2019 13:00;39,16
10.07.2019 13:00;10.07.2019 14:00;37,32
10.07.2019 14:00;10.07.2019 15:00;36,99
10.07.2019 15:00;10.07.2019 16:00;37,05
10.07.2019 16:00;10.07.2019 17:00;38,84
10.07.2019 17:00;10.07.2019 18:00;44,08
10.07.2019 18:00;10.07.2019 19:00;48,95
10.07.2019 19:00;10.07.2019 20:00;53,19
10.07.2019 20:00;10.07.2019 21:00;51,47
10.07.2019 21:00;10.07.2019 22:00;48,06
10.07.2019 22:00;10.07.2019 23:00;47,73
10.07.2019 23:00;11.07.2019 00:00;42,65
11.07.2019 00:00;11.07.2019 01:00;36,52
11.07.2019 01:00;11.07.2019 02:00;35,99
11.07.2019 02:00;11.07.2019 03:00;35,12
11.07.2019 03:00;11.07.2019 04:00;35,0
11.07.2019 04:00;11.07.2019 05:00;35,0
11.07.2019 05:00;11.07.2019 06:00;35,96
11.07.2019 06:00;11.07.2019 07:00;42,41
11.07.2019 07:00;11.07.2019 08:00;50,92
11.07.2019 08:00;11.07.2019 09:00;51,94
11.07.2019 09:00;11.07.2019 10:00;52,84
11.07.2019 10:00;11.07.2019 11:00;51,78
11.07.2019 11:00;11.07.2019 12:00;53,99
11.07.2019 12:00;11.07.2019 13:00;51,42
11.07.2019 13:00;11.07.2019 14:00;50,0
11.07.2019 14:00;11.07.2019 15:00;46,65
11.07.2019 15:00;11.07.2019 16:00;45,51
11.07.2019 16:00;11.07.2019 17:00;46,0
11.07.2019 17:00;11.07.2019 18:00;49,9
11.07.2019 18:00;11.07.2019 19:00;52,7
11.07.2019 19:00;11.07.2019 20:00;53,39
11.07.2019 20:00;11.07.2019 21:00;51,9
11.07.2019 21:00;11.07.2019 22:00;49,04
11.07.2019 22:00;11.07.2019 23:00;47,76
11.07.2019 23:00;12.07.2019 00:00;40,17
12.07.2019 00:00;12.07.2019 01:00;38,94
12.07.2019 01:00;12.07.2019 02:00;37,89
12.07.2019 02:00;12.07.2019 03:00;37,43
12.07.2019 03:00;12.07.2019 04:00;37,33
12.07.2019 04:00;12.07.2019 05:00;37,68
12.07.2019 05:00;12.07.2019 06:00;37,83
12.07.2019 06:00;12.07.2019 07:00;48,39
12.07.2019 07:00;12.07.2019 08:00;53,91
12.07.2019 08:00;12.07.2019 09:00;58,4
12.07.2019 09:00;12.07.2019 10:00;56,77
12.07.2019 10:00;12.07.2019 11:00;52,4
12.07.2019 11:00;12.07.2019 12:00;50,97
12.07.2019 12:00;12.07.2019 13:00;44,54
12.07.2019 13:00;12.07.2019 14:00;41,73
12.07.2019 14:00;12.07.2019 15:00;40,73
12.07.2019 15:00;12.07.2019 16:00;38,0
12.07.2019 16:00;12.07.2019 17:00;38,64
12.07.2019 17:00;12.07.2019 18:00;41,91
12.07.2019 18:00;12.07.2019 19:00;50,9
12.07.2019 19:00;12.07.2019 20:00;53,94
12.07.2019 20:00;12.07.2019 21:00;53,92
12.07.2019 21:00;12.07.2019 22:00;48,31
12.07.2019 22:00;12.07.2019 23:00;43,88
12.07.2019 23:00;13.07.2019 00:00;41,42
13.07.2019 00:00;13.07.2019 01:00;41,05
13.07.2019 01:00;13.07.2019 02:00;38,38
13.07.2019 02:00;13.07.2019 03:00;36,87
13.07.2019 03:00;13.07.2019 04:00;36,12
13.07.2019 04:00;13.07.2019 05:00;37,02
13.07.2019 05:00;13.07.2019 06:00;35,36
13.07.2019 06:00;13.07.2019 07:00;36,1
13.07.2019 07:00;13.07.2019 08:00;37,78
13.07.2019 08:00;13.07.2019 09:00;38,46
13.07.2019 09:00;13.07.2019 10:00;39,83
13.07.2019 10:00;13.07.2019 11:00;39,82
13.07.2019 11:00;13.07.2019 12:00;39,0
13.07.2019 12:00;13.07.2019 13:00;37,87
13.07.2019 13:00;13.07.2019 14:00;34,7
13.07.2019 14:00;13.07.2019 15:00;33,94
13.07.2019 15:00;13.07.2019 16:00;33,51
13.07.2019 16:00;13.07.2019 17:00;33,56
13.07.2019 17:00;13.07.2019 18:00;34,71
13.07.2019 18:00;13.07.2019 19:00;36,91
13.07.2019 19:00;13.07.2019 20:00;37,98
13.07.2019 20:00;13.07.2019 21:00;37,79
13.07.2019 21:00;13.07.2019 22:00;37,72
13.07.2019 22:00;13.07.2019 23:00;41,2
13.07.2019 23:00;14.07.2019 00:00;38,17
14.07.2019 00:00;14.07.2019 01:00;35,85
14.07.2019 01:00;14.07.2019 02:00;35,04
14.07.2019 02:00;14.07.2019 03:00;33,77
14.07.2019 03:00;14.07.2019 04:00;32,69
14.07.2019 04:00;14.07.2019 05:00;32,15
14.07.2019 05:00;14.07.2019 06:00;32,14
14.07.2019 06:00;14.07.2019 07:00;32,29
14.07.2019 07:00;14.07.2019 08:00;33,92
14.07.2019 08:00;14.07.2019 09:00;35,46
14.07.2019 09:00;14.07.2019 10:00;36,92
14.07.2019 10:00;14.07.2019 11:00;37,0
14.07.2019 11:00;14.07.2019 12:00;37,16
14.07.2019 12:00;14.07.2019 13:00;36,43
14.07.2019 13:00;14.07.2019 14:00;34,04
14.07.2019 14:00;14.07.2019 15:00;32,14
14.07.2019 15:00;14.07.2019 16:00;32,04
14.07.2019 16:00;14.07.2019 17:00;32,17
14.07.2019 17:00;14.07.2019 18:00;34,94
14.07.2019 18:00;14.07.2019 19:00;37,84
14.07.2019 19:00;14.07.2019 20:00;38,97
14.07.2019 20:00;14.07.2019 21:00;39,91
14.07.2019 21:00;14.07.2019 22:00;39,05
14.07.2019 22:00;14.07.2019 23:00;43,72
14.07.2019 23:00;15.07.2019 00:00;39,11
15.07.2019 00:00;15.07.2019 01:00;37,8
15.07.2019 01:00;15.07.2019 02:00;36,58
15.07.2019 02:00;15.07.2019 03:00;36,45
15.07.2019 03:00;15.07.2019 04:00;35,16
15.07.2019 04:00;15.07.2019 05:00;34,93
15.07.2019 05:00;15.07.2019 06:00;36,84
15.07.2019 06:00;15.07.2019 07:00;44,91
15.07.2019 07:00;15.07.2019 08:00;50,02
15.07.2019 08:00;15.07.2019 09:00;50,06
15.07.2019 09:00;15.07.2019 10:00;47,94
15.07.2019 10:00;15.07.2019 11:00;46,2
15.07.2019 11:00;15.07.2019 12:00;45,3
15.07.2019 12:00;15.07.2019 13:00;44,0
15.07.2019 13:00;15.07.2019 14:00;41,0
15.07.2019 14:00;15.07.2019 15:00;38,56
15.07.2019 15:00;15.07.2019 16:00;37,78
15.07.2019 16:00;15.07.2019 17:00;37,26
15.07.2019 17:00;15.07.2019 18:00;37,77
15.07.2019 18:00;15.07.2019 19:00;42,56
15.07.2019 19:00;15.07.2019 20:00;45,94
15.07.2019 20:00;15.07.2019 21:00;44,08
15.07.2019 21:00;15.07.2019 22:00;43,44
15.07.2019 22:00;15.07.2019 23:00;44,6
15.07.2019 23:00;16.07.2019 00:00;38,16
16.07.2019 00:00;16.07.2019 01:00;36,82
16.07.2019 01:00;16.07.2019 02:00;36,27
16.07.2019 02:00;16.07.2019 03:00;34,93
16.07.2019 03:00;16.07.2019 04:00;33,89
16.07.2019 04:00;16.07.2019 05:00;33,13
16.07.2019 05:00;16.07.2019 06:00;35,11
16.07.2019 06:00;16.07.2019 07:00;39,21
16.07.2019 07:00;16.07.2019 08:00;46,95
16.07.2019 08:00;16.07.2019 09:00;49,14
16.07.2019 09:00;16.07.2019 10:00;47,95
16.07.2019 10:00;16.07.2019 11:00;47,13
16.07.2019 11:00;16.07.2019 12:00;46,92
16.07.2019 12:00;16.07.2019 13:00;42,07
16.07.2019 13:00;16.07.2019 14:00;39,9
16.07.2019 14:00;16.07.2019 15:00;39,46
16.07.2019 15:00;16.07.2019 16:00;39,04
16.07.2019 16:00;16.07.2019 17:00;39,3
16.07.2019 17:00;16.07.2019 18:00;45,38
16.07.2019 18:00;16.07.2019 19:00;48,81
16.07.2019 19:00;16.07.2019 20:00;52,64
16.07.2019 20:00;16.07.2019 21:00;51,96
16.07.2019 21:00;16.07.2019 22:00;49,19
16.07.2019 22:00;16.07.2019 23:00;49,0
16.07.2019 23:00;17.07.2019 00:00;45,19
17.07.2019 00:00;17.07.2019 01:00;40,02
17.07.2019 01:00;17.07.2019 02:00;38,87
17.07.2019 02:00;17.07.2019 03:00;38,12
17.07.2019 03:00;17.07.2019 04:00;37,28
17.07.2019 04:00;17.07.2019 05:00;37,9
17.07.2019 05:00;17.07.2019 06:00;39,1
17.07.2019 06:00;17.07.2019 07:00;44,03
17.07.2019 07:00;17.07.2019 08:00;53,92
17.07.2019 08:00;17.07.2019 09:00;54,8
17.07.2019 09:00;17.07.2019 10:00;50,23
17.07.2019 10:00;17.07.2019 11:00;48,78
17.07.2019 11:00;17.07.2019 12:00;47,7
17.07.2019 12:00;17.07.2019 13:00;45,0
17.07.2019 13:00;17.07.2019 14:00;43,14
17.07.2019 14:00;17.07.2019 15:00;40,52
17.07.2019 15:00;17.07.2019 16:00;40,55
17.07.2019 16:00;17.07.2019 17:00;41,6
17.07.2019 17:00;17.07.2019 18:00;48,0
17.07.2019 18:00;17.07.2019 19:00;52,0
17.07.2019 19:00;17.07.2019 20:00;54,01
17.07.2019 20:00;17.07.2019 21:00;55,03
17.07.2019 21:00;17.07.2019 22:00;54,07
17.07.2019 22:00;17.07.2019 23:00;50,64
17.07.2019 23:00;18.07.2019 00:00;45,9
18.07.2019 00:00;18.07.2019 01:00;40,47
18.07.2019 01:00;18.07.2019 02:00;39,0
18.07.2019 02:00;18.07.2019 03:00;37,82
18.07.2019 03:00;18.07.2019 04:00;37,8
18.07.2019 04:00;18.07.2019 05:00;37,68
18.07.2019 05:00;18.07.2019 06:00;37,87
18.07.2019 06:00;18.07.2019 07:00;43,8
18.07.2019 07:00;18.07.2019 08:00;49,73
18.07.2019 08:00;18.07.2019 09:00;48,96
18.07.2019 09:00;18.07.2019 10:00;47,5
18.07.2019 10:00;18.07.2019 11:00;44,91
18.07.2019 11:00;18.07.2019 12:00;43,49
18.07.2019 12:00;18.07.2019 13:00;40,41
18.07.2019 13:00;18.07.2019 14:00;39,25
18.07.2019 14:00;18.07.2019 15:00;38,99
18.07.2019 15:00;18.07.2019 16:00;39,72
18.07.2019 16:00;18.07.2019 17:00;39,21
18.07.2019 17:00;18.07.2019 18:00;47,91
18.07.2019 18:00;18.07.2019 19:00;49,94
18.07.2019 19:00;18.07.2019 20:00;54,79
18.07.2019 20:00;18.07.2019 21:00;54,02
18.07.2019 21:00;18.07.2019 22:00;49,4
18.07.2019 22:00;18.07.2019 23:00;48,01
18.07.2019 23:00;19.07.2019 00:00;43,73
19.07.2019 00:00;19.07.2019 01:00;37,86
19.07.2019 01:00;19.07.2019 02:00;37,06
19.07.2019 02:00;19.07.2019 03:00;37,0
19.07.2019 03:00;19.07.2019 04:00;36,66
19.07.2019 04:00;19.07.2019 05:00;36,68
19.07.2019 05:00;19.07.2019 06:00;37,87
19.07.2019 06:00;19.07.2019 07:00;42,84
19.07.2019 07:00;19.07.2019 08:00;52,07
19.07.2019 08:00;19.07.2019 09:00;52,48
19.07.2019 09:00;19.07.2019 10:00;49,43
19.07.2019 10:00;19.07.2019 11:00;47,86
19.07.2019 11:00;19.07.2019 12:00;47,03
19.07.2019 12:00;19.07.2019 13:00;44,01
19.07.2019 13:00;19.07.2019 14:00;39,59
19.07.2019 14:00;19.07.2019 15:00;39,4
19.07.2019 15:00;19.07.2019 16:00;39,2
19.07.2019 16:00;19.07.2019 17:00;39,36
19.07.2019 17:00;19.07.2019 18:00;46,21
19.07.2019 18:00;19.07.2019 19:00;51,27
19.07.2019 19:00;19.07.2019 20:00;55,0
19.07.2019 20:00;19.07.2019 21:00;53,99
19.07.2019 21:00;19.07.2019 22:00;57,0
19.07.2019 22:00;19.07.2019 23:00;50,6
19.07.2019 23:00;20.07.2019 00:00;44,92
20.07.2019 00:00;20.07.2019 01:00;41,21
20.07.2019 01:00;20.07.2019 02:00;38,08
20.07.2019 02:00;20.07.2019 03:00;36,81
20.07.2019 03:00;20.07.2019 04:00;35,61
20.07.2019 04:00;20.07.2019 05:00;34,36
20.07.2019 05:00;20.07.2019 06:00;34,03
20.07.2019 06:00;20.07.2019 07:00;35,0
20.07.2019 07:00;20.07.2019 08:00;35,9
20.07.2019 08:00;20.07.2019 09:00;36,79
20.07.2019 09:00;20.07.2019 10:00;36,8
20.07.2019 10:00;20.07.2019 11:00;35,04
20.07.2019 11:00;20.07.2019 12:00;32,91
20.07.2019 12:00;20.07.2019 13:00;31,63
20.07.2019 13:00;20.07.2019 14:00;27,79
20.07.2019 14:00;20.07.2019 15:00;27,98
20.07.2019 15:00;20.07.2019 16:00;28,81
20.07.2019 16:00;20.07.2019 17:00;31,51
20.07.2019 17:00;20.07.2019 18:00;34,74
20.07.2019 18:00;20.07.2019 19:00;36,92
20.07.2019 19:00;20.07.2019 20:00;38,38
20.07.2019 20:00;20.07.2019 21:00;37,53
20.07.2019 21:00;20.07.2019 22:00;37,72
20.07.2019 22:00;20.07.2019 23:00;39,2
20.07.2019 23:00;21.07.2019 00:00;37,29
21.07.2019 00:00;21.07.2019 01:00;34,5
21.07.2019 01:00;21.07.2019 02:00;32,4
21.07.2019 02:00;21.07.2019 03:00;31,98
21.07.2019 03:00;21.07.2019 04:00;30,27
21.07.2019 04:00;21.07.2019 05:00;30,0
21.07.2019 05:00;21.07.2019 06:00;30,03
21.07.2019 06:00;21.07.2019 07:00;29,88
21.07.2019 07:00;21.07.2019 08:00;30,67
21.07.2019 08:00;21.07.2019 09:00;31,02
21.07.2019 09:00;21.07.2019 10:00;31,01
21.07.2019 10:00;21.07.2019 11:00;29,69
21.07.2019 11:00;21.07.2019 12:00;29,31
21.07.2019 12:00;21.07.2019 13:00;28,72
21.07.2019 13:00;21.07.2019 14:00;13,05
21.07.2019 14:00;21.07.2019 15:00;9,75
21.07.2019 15:00;21.07.2019 16:00;20,86
21.07.2019 16:00;21.07.2019 17:00;28,04
21.07.2019 17:00;21.07.2019 18:00;32,02
21.07.2019 18:00;21.07.2019 19:00;35,9
21.07.2019 19:00;21.07.2019 20:00;42,42
21.07.2019 20:00;21.07.2019 21:00;43,6
21.07.2019 21:00;21.07.2019 22:00;44,92
21.07.2019 22:00;21.07.2019 23:00;46,62
21.07.2019 23:00;22.07.2019 00:00;40,0
22.07.2019 00:00;22.07.2019 01:00;37,47
22.07.2019 01:00;22.07.2019 02:00;35,11
22.07.2019 02:00;22.07.2019 03:00;34,23
22.07.2019 03:00;22.07.2019 04:00;34,22
22.07.2019 04:00;22.07.2019 05:00;34,16
22.07.2019 05:00;22.07.2019 06:00;36,18
22.07.2019 06:00;22.07.2019 07:00;42,9
22.07.2019 07:00;22.07.2019 08:00;47,69
22.07.2019 08:00;22.07.2019 09:00;48,0
22.07.2019 09:00;22.07.2019 10:00;46,47
22.07.2019 10:00;22.07.2019 11:00;44,45
22.07.2019 11:00;22.07.2019 12:00;42,2
22.07.2019 12:00;22.07.2019 13:00;38,35
22.07.2019 13:00;22.07.2019 14:00;38,39
22.07.2019 14:00;22.07.2019 15:00;38,0
22.07.2019 15:00;22.07.2019 16:00;38,31
22.07.2019 16:00;22.07.2019 17:00;39,76
22.07.2019 17:00;22.07.2019 18:00;44,98
22.07.2019 18:00;22.07.2019 19:00;48,98
22.07.2019 19:00;22.07.2019 20:00;53,94
22.07.2019 20:00;22.07.2019 21:00;53,34
22.07.2019 21:00;22.07.2019 22:00;50,59
22.07.2019 22:00;22.07.2019 23:00;51,87
22.07.2019 23:00;23.07.2019 00:00;43,36
23.07.2019 00:00;23.07.2019 01:00;38,61
23.07.2019 01:00;23.07.2019 02:00;37,58
23.07.2019 02:00;23.07.2019 03:00;36,98
23.07.2019 03:00;23.07.2019 04:00;36,52
23.07.2019 04:00;23.07.2019 05:00;36,32
23.07.2019 05:00;23.07.2019 06:00;37,7
23.07.2019 06:00;23.07.2019 07:00;45,15
23.07.2019 07:00;23.07.2019 08:00;53,96
23.07.2019 08:00;23.07.2019 09:00;50,98
23.07.2019 09:00;23.07.2019 10:00;49,65
23.07.2019 10:00;23.07.2019 11:00;46,47
23.07.2019 11:00;23.07.2019 12:00;44,3
23.07.2019 12:00;23.07.2019 13:00;40,97
23.07.2019 13:00;23.07.2019 14:00;40,23
23.07.2019 14:00;23.07.2019 15:00;40,17
23.07.2019 15:00;23.07.2019 16:00;40,95
23.07.2019 16:00;23.07.2019 17:00;44,9
23.07.2019 17:00;23.07.2019 18:00;52,97
23.07.2019 18:00;23.07.2019 19:00;57,71
23.07.2019 19:00;23.07.2019 20:00;62,98
23.07.2019 20:00;23.07.2019 21:00;63,41
23.07.2019 21:00;23.07.2019 22:00;59,42
23.07.2019 22:00;23.07.2019 23:00;55,0
23.07.2019 23:00;24.07.2019 00:00;45,5
24.07.2019 00:00;24.07.2019 01:00;42,25
24.07.2019 01:00;24.07.2019 02:00;39,65
24.07.2019 02:00;24.07.2019 03:00;38,48
24.07.2019 03:00;24.07.2019 04:00;38,14
24.07.2019 04:00;24.07.2019 05:00;37,94
24.07.2019 05:00;24.07.2019 06:00;38,53
24.07.2019 06:00;24.07.2019 07:00;45,78
24.07.2019 07:00;24.07.2019 08:00;53,06
24.07.2019 08:00;24.07.2019 09:00;57,35
24.07.2019 09:00;24.07.2019 10:00;57,75
24.07.2019 10:00;24.07.2019 11:00;51,44
24.07.2019 11:00;24.07.2019 12:00;47,46
24.07.2019 12:00;24.07.2019 13:00;45,65
24.07.2019 13:00;24.07.2019 14:00;44,08
24.07.2019 14:00;24.07.2019 15:00;45,12
24.07.2019 15:00;24.07.2019 16:00;47,0
24.07.2019 16:00;24.07.2019 17:00;50,63
24.07.2019 17:00;24.07.2019 18:00;57,75
24.07.2019 18:00;24.07.2019 19:00;68,13
24.07.2019 19:00;24.07.2019 20:00;74,06
24.07.2019 20:00;24.07.2019 21:00;68,16
24.07.2019 21:00;24.07.2019 22:00;59,36
24.07.2019 22:00;24.07.2019 23:00;57,81
24.07.2019 23:00;25.07.2019 00:00;49,8
25.07.2019 00:00;25.07.2019 01:00;45,62
25.07.2019 01:00;25.07.2019 02:00;42,05
25.07.2019 02:00;25.07.2019 03:00;39,58
25.07.2019 03:00;25.07.2019 04:00;39,09
25.07.2019 04:00;25.07.2019 05:00;38,9
25.07.2019 05:00;25.07.2019 06:00;40,67
25.07.2019 06:00;25.07.2019 07:00;47,07
25.07.2019 07:00;25.07.2019 08:00;58,94
25.07.2019 08:00;25.07.2019 09:00;55,31
25.07.2019 09:00;25.07.2019 10:00;56,7
25.07.2019 10:00;25.07.2019 11:00;52,78
25.07.2019 11:00;25.07.2019 12:00;50,65
25.07.2019 12:00;25.07.2019 13:00;47,85
25.07.2019 13:00;25.07.2019 14:00;46,94
25.07.2019 14:00;25.07.2019 15:00;45,69
25.07.2019 15:00;25.07.2019 16:00;47,78
25.07.2019 16:00;25.07.2019 17:00;50,15
25.07.2019 17:00;25.07.2019 18:00;56,85
25.07.2019 18:00;25.07.2019 19:00;62,05
25.07.2019 19:00;25.07.2019 20:00;69,58
25.07.2019 20:00;25.07.2019 21:00;61,86
25.07.2019 21:00;25.07.2019 22:00;56,75
25.07.2019 22:00;25.07.2019 23:00;50,74
25.07.2019 23:00;26.07.2019 00:00;41,88
26.07.2019 00:00;26.07.2019 01:00;38,65
26.07.2019 01:00;26.07.2019 02:00;37,73
26.07.2019 02:00;26.07.2019 03:00;37,19
26.07.2019 03:00;26.07.2019 04:00;36,57
26.07.2019 04:00;26.07.2019 05:00;36,37
26.07.2019 05:00;26.07.2019 06:00;38,49
26.07.2019 06:00;26.07.2019 07:00;43,08
26.07.2019 07:00;26.07.2019 08:00;49,66
26.07.2019 08:00;26.07.2019 09:00;54,18
26.07.2019 09:00;26.07.2019 10:00;55,89
26.07.2019 10:00;26.07.2019 11:00;53,66
26.07.2019 11:00;26.07.2019 12:00;48,31
26.07.2019 12:00;26.07.2019 13:00;39,6
26.07.2019 13:00;26.07.2019 14:00;39,03
26.07.2019 14:00;26.07.2019 15:00;38,72
26.07.2019 15:00;26.07.2019 16:00;38,85
26.07.2019 16:00;26.07.2019 17:00;39,36
26.07.2019 17:00;26.07.2019 18:00;49,19
26.07.2019 18:00;26.07.2019 19:00;52,07
26.07.2019 19:00;26.07.2019 20:00;53,62
26.07.2019 20:00;26.07.2019 21:00;52,06
26.07.2019 21:00;26.07.2019 22:00;48,97
26.07.2019 22:00;26.07.2019 23:00;48,14
26.07.2019 23:00;27.07.2019 00:00;38,67
27.07.2019 00:00;27.07.2019 01:00;39,01
27.07.2019 01:00;27.07.2019 02:00;37,59
27.07.2019 02:00;27.07.2019 03:00;37,01
27.07.2019 03:00;27.07.2019 04:00;36,04
27.07.2019 04:00;27.07.2019 05:00;35,1
27.07.2019 05:00;27.07.2019 06:00;35,28
27.07.2019 06:00;27.07.2019 07:00;34,2
27.07.2019 07:00;27.07.2019 08:00;36,05
27.07.2019 08:00;27.07.2019 09:00;37,42
27.07.2019 09:00;27.07.2019 10:00;39,43
27.07.2019 10:00;27.07.2019 11:00;38,16
27.07.2019 11:00;27.07.2019 12:00;36,89
27.07.2019 12:00;27.07.2019 13:00;34,9
27.07.2019 13:00;27.07.2019 14:00;33,71
27.07.2019 14:00;27.07.2019 15:00;32,92
27.07.2019 15:00;27.07.2019 16:00;32,74
27.07.2019 16:00;27.07.2019 17:00;33,85
27.07.2019 17:00;27.07.2019 18:00;35,62
27.07.2019 18:00;27.07.2019 19:00;38,79
27.07.2019 19:00;27.07.2019 20:00;38,94
27.07.2019 20:00;27.07.2019 21:00;37,91
27.07.2019 21:00;27.07.2019 22:00;36,19
27.07.2019 22:00;27.07.2019 23:00;36,19
27.07.2019 23:00;28.07.2019 00:00;34,0
28.07.2019 00:00;28.07.2019 01:00;30,98
28.07.2019 01:00;28.07.2019 02:00;30,02
28.07.2019 02:00;28.07.2019 03:00;28,2
28.07.2019 03:00;28.07.2019 04:00;26,27
28.07.2019 04:00;28.07.2019 05:00;27,1
28.07.2019 05:00;28.07.2019 06:00;26,8
28.07.2019 06:00;28.07.2019 07:00;25,6
28.07.2019 07:00;28.07.2019 08:00;28,1
28.07.2019 08:00;28.07.2019 09:00;30,05
28.07.2019 09:00;28.07.2019 10:00;30,28
28.07.2019 10:00;28.07.2019 11:00;32,06
28.07.2019 11:00;28.07.2019 12:00;32,61
28.07.2019 12:00;28.07.2019 13:00;31,68
28.07.2019 13:00;28.07.2019 14:00;29,32
28.07.2019 14:00;28.07.2019 15:00;28,45
28.07.2019 15:00;28.07.2019 16:00;28,45
28.07.2019 16:00;28.07.2019 17:00;30,05
28.07.2019 17:00;28.07.2019 18:00;34,0
28.07.2019 18:00;28.07.2019 19:00;38,37
28.07.2019 19:00;28.07.2019 20:00;40,03
28.07.2019 20:00;28.07.2019 21:00;40,3
28.07.2019 21:00;28.07.2019 22:00;40,87
28.07.2019 22:00;28.07.2019 23:00;41,46
28.07.2019 23:00;29.07.2019 00:00;39,01
29.07.2019 00:00;29.07.2019 01:00;35,77
29.07.2019 01:00;29.07.2019 02:00;34,05
29.07.2019 02:00;29.07.2019 03:00;32,65
29.07.2019 03:00;29.07.2019 04:00;32,46
29.07.2019 04:00;29.07.2019 05:00;32,7
29.07.2019 05:00;29.07.2019 06:00;35,43
29.07.2019 06:00;29.07.2019 07:00;40,75
29.07.2019 07:00;29.07.2019 08:00;51,95
29.07.2019 08:00;29.07.2019 09:00;57,4
29.07.2019 09:00;29.07.2019 10:00;51,51
29.07.2019 10:00;29.07.2019 11:00;48,84
29.07.2019 11:00;29.07.2019 12:00;48,29
29.07.2019 12:00;29.07.2019 13:00;47,35
29.07.2019 13:00;29.07.2019 14:00;45,72
29.07.2019 14:00;29.07.2019 15:00;45,3
29.07.2019 15:00;29.07.2019 16:00;45,13
29.07.2019 16:00;29.07.2019 17:00;44,95
29.07.2019 17:00;29.07.2019 18:00;45,21
29.07.2019 18:00;29.07.2019 19:00;49,5
29.07.2019 19:00;29.07.2019 20:00;60,74
29.07.2019 20:00;29.07.2019 21:00;60,5
29.07.2019 21:00;29.07.2019 22:00;53,23
29.07.2019 22:00;29.07.2019 23:00;49,38
29.07.2019 23:00;30.07.2019 00:00;43,25
30.07.2019 00:00;30.07.2019 01:00;38,8
30.07.2019 01:00;30.07.2019 02:00;38,35
30.07.2019 02:00;30.07.2019 03:00;38,16
30.07.2019 03:00;30.07.2019 04:00;38,0
30.07.2019 04:00;30.07.2019 05:00;38,16
30.07.2019 05:00;30.07.2019 06:00;39,54
30.07.2019 06:00;30.07.2019 07:00;48,5
30.07.2019 07:00;30.07.2019 08:00;54,98
30.07.2019 08:00;30.07.2019 09:00;56,16
30.07.2019 09:00;30.07.2019 10:00;54,25
30.07.2019 10:00;30.07.2019 11:00;49,9
30.07.2019 11:00;30.07.2019 12:00;45,96
30.07.2019 12:00;30.07.2019 13:00;41,75
30.07.2019 13:00;30.07.2019 14:00;40,65
30.07.2019 14:00;30.07.2019 15:00;40,0
30.07.2019 15:00;30.07.2019 16:00;39,95
30.07.2019 16:00;30.07.2019 17:00;39,78
30.07.2019 17:00;30.07.2019 18:00;42,04
30.07.2019 18:00;30.07.2019 19:00;46,91
30.07.2019 19:00;30.07.2019 20:00;53,66
30.07.2019 20:00;30.07.2019 21:00;52,99
30.07.2019 21:00;30.07.2019 22:00;47,88
30.07.2019 22:00;30.07.2019 23:00;43,66
30.07.2019 23:00;31.07.2019 00:00;38,66
31.07.2019 00:00;31.07.2019 01:00;37,98
31.07.2019 01:00;31.07.2019 02:00;37,54
31.07.2019 02:00;31.07.2019 03:00;35,98
31.07.2019 03:00;31.07.2019 04:00;35,78
31.07.2019 04:00;31.07.2019 05:00;36,19
31.07.2019 05:00;31.07.2019 06:00;38,0
31.07.2019 06:00;31.07.2019 07:00;44,12
31.07.2019 07:00;31.07.2019 08:00;61,11
31.07.2019 08:00;31.07.2019 09:00;61,94
31.07.2019 09:00;31.07.2019 10:00;59,78
31.07.2019 10:00;31.07.2019 11:00;51,47
31.07.2019 11:00;31.07.2019 12:00;50,71
31.07.2019 12:00;31.07.2019 13:00;47,7
31.07.2019 13:00;31.07.2019 14:00;45,83
31.07.2019 14:00;31.07.2019 15:00;44,01
31.07.2019 15:00;31.07.2019 16:00;43,17
31.07.2019 16:00;31.07.2019 17:00;43,21
31.07.2019 17:00;31.07.2019 18:00;47,9
31.07.2019 18:00;31.07.2019 19:00;52,02
31.07.2019 19:00;31.07.2019 20:00;55,93
31.07.2019 20:00;31.07.2019 21:00;65,71
31.07.2019 21:00;31.07.2019 22:00;69,95
31.07.2019 22:00;31.07.2019 23:00;54,51
31.07.2019 23:00;01.08.2019 00:00;42,62
01.08.2019 00:00;01.08.2019 01:00;39,0
01.08.2019 01:00;01.08.2019 02:00;37,07
01.08.2019 02:00;01.08.2019 03:00;36,64
01.08.2019 03:00;01.08.2019 04:00;37,26
01.08.2019 04:00;01.08.2019 05:00;37,37
01.08.2019 05:00;01.08.2019 06:00;37,54
01.08.2019 06:00;01.08.2019 07:00;41,93
01.08.2019 07:00;01.08.2019 08:00;46,92
01.08.2019 08:00;01.08.2019 09:00;46,81
01.08.2019 09:00;01.08.2019 10:00;42,43
01.08.2019 10:00;01.08.2019 11:00;40,76
01.08.2019 11:00;01.08.2019 12:00;39,85
01.08.2019 12:00;01.08.2019 13:00;39,52
01.08.2019 13:00;01.08.2019 14:00;39,57
01.08.2019 14:00;01.08.2019 15:00;39,23
01.08.2019 15:00;01.08.2019 16:00;40,11
01.08.2019 16:00;01.08.2019 17:00;40,15
01.08.2019 17:00;01.08.2019 18:00;45,33
01.08.2019 18:00;01.08.2019 19:00;55,96
01.08.2019 19:00;01.08.2019 20:00;64,94
01.08.2019 20:00;01.08.2019 21:00;68,07
01.08.2019 21:00;01.08.2019 22:00;59,36
01.08.2019 22:00;01.08.2019 23:00;51,53
01.08.2019 23:00;02.08.2019 00:00;44,54
02.08.2019 00:00;02.08.2019 01:00;40,0
02.08.2019 01:00;02.08.2019 02:00;38,89
02.08.2019 02:00;02.08.2019 03:00;38,2
02.08.2019 03:00;02.08.2019 04:00;37,93
02.08.2019 04:00;02.08.2019 05:00;38,1
02.08.2019 05:00;02.08.2019 06:00;40,72
02.08.2019 06:00;02.08.2019 07:00;48,0
02.08.2019 07:00;02.08.2019 08:00;47,96
02.08.2019 08:00;02.08.2019 09:00;49,46
02.08.2019 09:00;02.08.2019 10:00;50,47
02.08.2019 10:00;02.08.2019 11:00;47,95
02.08.2019 11:00;02.08.2019 12:00;44,96
02.08.2019 12:00;02.08.2019 13:00;42,31
02.08.2019 13:00;02.08.2019 14:00;41,28
02.08.2019 14:00;02.08.2019 15:00;40,08
02.08.2019 15:00;02.08.2019 16:00;40,22
02.08.2019 16:00;02.08.2019 17:00;41,46
02.08.2019 17:00;02.08.2019 18:00;44,09
02.08.2019 18:00;02.08.2019 19:00;45,95
02.08.2019 19:00;02.08.2019 20:00;49,51
02.08.2019 20:00;02.08.2019 21:00;49,0
02.08.2019 21:00;02.08.2019 22:00;47,17
02.08.2019 22:00;02.08.2019 23:00;43,96
02.08.2019 23:00;03.08.2019 00:00;41,12
03.08.2019 00:00;03.08.2019 01:00;38,96
03.08.2019 01:00;03.08.2019 02:00;36,94
03.08.2019 02:00;03.08.2019 03:00;34,93
03.08.2019 03:00;03.08.2019 04:00;35,05
03.08.2019 04:00;03.08.2019 05:00;36,85
03.08.2019 05:00;03.08.2019 06:00;35,5
03.08.2019 06:00;03.08.2019 07:00;35,0
03.08.2019 07:00;03.08.2019 08:00;34,01
03.08.2019 08:00;03.08.2019 09:00;37,72
03.08.2019 09:00;03.08.2019 10:00;38,51
03.08.2019 10:00;03.08.2019 11:00;37,04
03.08.2019 11:00;03.08.2019 12:00;35,63
03.08.2019 12:00;03.08.2019 13:00;35,04
03.08.2019 13:00;03.08.2019 14:00;32,43
03.08.2019 14:00;03.08.2019 15:00;30,1
03.08.2019 15:00;03.08.2019 16:00;30,4
03.08.2019 16:00;03.08.2019 17:00;30,52
03.08.2019 17:00;03.08.2019 18:00;34,09
03.08.2019 18:00;03.08.2019 19:00;38,95
03.08.2019 19:00;03.08.2019 20:00;41,08
03.08.2019 20:00;03.08.2019 21:00;41,02
03.08.2019 21:00;03.08.2019 22:00;41,58
03.08.2019 22:00;03.08.2019 23:00;41,96
03.08.2019 23:00;04.08.2019 00:00;39,47
04.08.2019 00:00;04.08.2019 01:00;37,69
04.08.2019 01:00;04.08.2019 02:00;35,0
04.08.2019 02:00;04.08.2019 03:00;35,42
04.08.2019 03:00;04.08.2019 04:00;36,01
04.08.2019 04:00;04.08.2019 05:00;35,91
04.08.2019 05:00;04.08.2019 06:00;33,88
04.08.2019 06:00;04.08.2019 07:00;36,25
04.08.2019 07:00;04.08.2019 08:00;34,3
04.08.2019 08:00;04.08.2019 09:00;31,91
04.08.2019 09:00;04.08.2019 10:00;30,03
04.08.2019 10:00;04.08.2019 11:00;28,26
04.08.2019 11:00;04.08.2019 12:00;28,36
04.08.2019 12:00;04.08.2019 13:00;29,06
04.08.2019 13:00;04.08.2019 14:00;29,12
04.08.2019 14:00;04.08.2019 15:00;29,02
04.08.2019 15:00;04.08.2019 16:00;28,29
04.08.2019 16:00;04.08.2019 17:00;29,89
04.08.2019 17:00;04.08.2019 18:00;34,23
04.08.2019 18:00;04.08.2019 19:00;39,02
04.08.2019 19:00;04.08.2019 20:00;42,0
04.08.2019 20:00;04.08.2019 21:00;43,99
04.08.2019 21:00;04.08.2019 22:00;47,0
04.08.2019 22:00;04.08.2019 23:00;46,76
04.08.2019 23:00;05.08.2019 00:00;42,24
05.08.2019 00:00;05.08.2019 01:00;38,46
05.08.2019 01:00;05.08.2019 02:00;35,31
05.08.2019 02:00;05.08.2019 03:00;35,65
05.08.2019 03:00;05.08.2019 04:00;34,92
05.08.2019 04:00;05.08.2019 05:00;35,93
05.08.2019 05:00;05.08.2019 06:00;38,73
05.08.2019 06:00;05.08.2019 07:00;48,0
05.08.2019 07:00;05.08.2019 08:00;55,18
05.08.2019 08:00;05.08.2019 09:00;56,02
05.08.2019 09:00;05.08.2019 10:00;56,04
05.08.2019 10:00;05.08.2019 11:00;55,73
05.08.2019 11:00;05.08.2019 12:00;53,89
05.08.2019 12:00;05.08.2019 13:00;45,22
05.08.2019 13:00;05.08.2019 14:00;47,24
05.08.2019 14:00;05.08.2019 15:00;43,87
05.08.2019 15:00;05.08.2019 16:00;44,32
05.08.2019 16:00;05.08.2019 17:00;44,93
05.08.2019 17:00;05.08.2019 18:00;46,28
05.08.2019 18:00;05.08.2019 19:00;53,0
05.08.2019 19:00;05.08.2019 20:00;51,11
05.08.2019 20:00;05.08.2019 21:00;55,0
05.08.2019 21:00;05.08.2019 22:00;51,13
05.08.2019 22:00;05.08.2019 23:00;45,0
05.08.2019 23:00;06.08.2019 00:00;39,87
06.08.2019 00:00;06.08.2019 01:00;38,48
06.08.2019 01:00;06.08.2019 02:00;36,92
06.08.2019 02:00;06.08.2019 03:00;34,62
06.08.2019 03:00;06.08.2019 04:00;33,69
06.08.2019 04:00;06.08.2019 05:00;34,61
06.08.2019 05:00;06.08.2019 06:00;37,54
06.08.2019 06:00;06.08.2019 07:00;39,27
06.08.2019 07:00;06.08.2019 08:00;43,64
06.08.2019 08:00;06.08.2019 09:00;45,0
06.08.2019 09:00;06.08.2019 10:00;44,0
06.08.2019 10:00;06.08.2019 11:00;41,96
06.08.2019 11:00;06.08.2019 12:00;41,37
06.08.2019 12:00;06.08.2019 13:00;40,02
06.08.2019 13:00;06.08.2019 14:00;38,87
06.08.2019 14:00;06.08.2019 15:00;38,97
06.08.2019 15:00;06.08.2019 16:00;38,99
06.08.2019 16:00;06.08.2019 17:00;40,04
06.08.2019 17:00;06.08.2019 18:00;43,84
06.08.2019 18:00;06.08.2019 19:00;48,93
06.08.2019 19:00;06.08.2019 20:00;51,78
06.08.2019 20:00;06.08.2019 21:00;53,87
06.08.2019 21:00;06.08.2019 22:00;52,99
06.08.2019 22:00;06.08.2019 23:00;49,12
06.08.2019 23:00;07.08.2019 00:00;40,97
07.08.2019 00:00;07.08.2019 01:00;37,03
07.08.2019 01:00;07.08.2019 02:00;35,41
07.08.2019 02:00;07.08.2019 03:00;34,9
07.08.2019 03:00;07.08.2019 04:00;34,9
07.08.2019 04:00;07.08.2019 05:00;34,84
07.08.2019 05:00;07.08.2019 06:00;36,86
07.08.2019 06:00;07.08.2019 07:00;40,58
07.08.2019 07:00;07.08.2019 08:00;44,96
07.08.2019 08:00;07.08.2019 09:00;44,98
07.08.2019 09:00;07.08.2019 10:00;44,98
07.08.2019 10:00;07.08.2019 11:00;44,34
07.08.2019 11:00;07.08.2019 12:00;44,47
07.08.2019 12:00;07.08.2019 13:00;42,16
07.08.2019 13:00;07.08.2019 14:00;42,84
07.08.2019 14:00;07.08.2019 15:00;40,73
07.08.2019 15:00;07.08.2019 16:00;41,15
07.08.2019 16:00;07.08.2019 17:00;42,05
07.08.2019 17:00;07.08.2019 18:00;44,22
07.08.2019 18:00;07.08.2019 19:00;43,48
07.08.2019 19:00;07.08.2019 20:00;43,15
07.08.2019 20:00;07.08.2019 21:00;42,68
07.08.2019 21:00;07.08.2019 22:00;41,94
07.08.2019 22:00;07.08.2019 23:00;40,55
07.08.2019 23:00;08.08.2019 00:00;37,64
08.08.2019 00:00;08.08.2019 01:00;32,74
08.08.2019 01:00;08.08.2019 02:00;31,35
08.08.2019 02:00;08.08.2019 03:00;28,9
08.08.2019 03:00;08.08.2019 04:00;27,97
08.08.2019 04:00;08.08.2019 05:00;28,75
08.08.2019 05:00;08.08.2019 06:00;32,25
08.08.2019 06:00;08.08.2019 07:00;37,88
08.08.2019 07:00;08.08.2019 08:00;42,76
08.08.2019 08:00;08.08.2019 09:00;39,98
08.08.2019 09:00;08.08.2019 10:00;37,47
08.08.2019 10:00;08.08.2019 11:00;32,56
08.08.2019 11:00;08.08.2019 12:00;30,46
08.08.2019 12:00;08.08.2019 13:00;28,53
08.08.2019 13:00;08.08.2019 14:00;28,5
08.08.2019 14:00;08.08.2019 15:00;28,37
08.08.2019 15:00;08.08.2019 16:00;28,7
08.08.2019 16:00;08.08.2019 17:00;30,76
08.08.2019 17:00;08.08.2019 18:00;35,99
08.08.2019 18:00;08.08.2019 19:00;39,04
08.08.2019 19:00;08.08.2019 20:00;43,05
08.08.2019 20:00;08.08.2019 21:00;43,37
08.08.2019 21:00;08.08.2019 22:00;43,63
08.08.2019 22:00;08.08.2019 23:00;42,1
08.08.2019 23:00;09.08.2019 00:00;38,12
09.08.2019 00:00;09.08.2019 01:00;34,92
09.08.2019 01:00;09.08.2019 02:00;34,57
09.08.2019 02:00;09.08.2019 03:00;33,97
09.08.2019 03:00;09.08.2019 04:00;34,06
09.08.2019 04:00;09.08.2019 05:00;33,02
09.08.2019 05:00;09.08.2019 06:00;35,99
09.08.2019 06:00;09.08.2019 07:00;44,11
09.08.2019 07:00;09.08.2019 08:00;53,92
09.08.2019 08:00;09.08.2019 09:00;49,9
09.08.2019 09:00;09.08.2019 10:00;43,93
09.08.2019 10:00;09.08.2019 11:00;39,84
09.08.2019 11:00;09.08.2019 12:00;38,38
09.08.2019 12:00;09.08.2019 13:00;37,38
09.08.2019 13:00;09.08.2019 14:00;35,64
09.08.2019 14:00;09.08.2019 15:00;34,97
09.08.2019 15:00;09.08.2019 16:00;34,96
09.08.2019 16:00;09.08.2019 17:00;37,79
09.08.2019 17:00;09.08.2019 18:00;40,81
09.08.2019 18:00;09.08.2019 19:00;43,66
09.08.2019 19:00;09.08.2019 20:00;43,4
09.08.2019 20:00;09.08.2019 21:00;40,07
09.08.2019 21:00;09.08.2019 22:00;37,7
09.08.2019 22:00;09.08.2019 23:00;34,26
09.08.2019 23:00;10.08.2019 00:00;31,26
10.08.2019 00:00;10.08.2019 01:00;33,54
10.08.2019 01:00;10.08.2019 02:00;29,09
10.08.2019 02:00;10.08.2019 03:00;28,7
10.08.2019 03:00;10.08.2019 04:00;26,9
10.08.2019 04:00;10.08.2019 05:00;25,0
10.08.2019 05:00;10.08.2019 06:00;20,66
10.08.2019 06:00;10.08.2019 07:00;21,84
10.08.2019 07:00;10.08.2019 08:00;28,41
10.08.2019 08:00;10.08.2019 09:00;29,17
10.08.2019 09:00;10.08.2019 10:00;26,15
10.08.2019 10:00;10.08.2019 11:00;12,59
10.08.2019 11:00;10.08.2019 12:00;5,34
10.08.2019 12:00;10.08.2019 13:00;-4,84
10.08.2019 13:00;10.08.2019 14:00;-24,75
10.08.2019 14:00;10.08.2019 15:00;-49,62
10.08.2019 15:00;10.08.2019 16:00;-44,98
10.08.2019 16:00;10.08.2019 17:00;-19,22
10.08.2019 17:00;10.08.2019 18:00;-0,02
10.08.2019 18:00;10.08.2019 19:00;10,61
10.08.2019 19:00;10.08.2019 20:00;26,3
10.08.2019 20:00;10.08.2019 21:00;27,9
10.08.2019 21:00;10.08.2019 22:00;29,09
10.08.2019 22:00;10.08.2019 23:00;31,83
10.08.2019 23:00;11.08.2019 00:00;28,84
11.08.2019 00:00;11.08.2019 01:00;24,96
11.08.2019 01:00;11.08.2019 02:00;18,58
11.08.2019 02:00;11.08.2019 03:00;14,55
11.08.2019 03:00;11.08.2019 04:00;12,7
11.08.2019 04:00;11.08.2019 05:00;13,13
11.08.2019 05:00;11.08.2019 06:00;13,62
11.08.2019 06:00;11.08.2019 07:00;11,94
11.08.2019 07:00;11.08.2019 08:00;9,2
11.08.2019 08:00;11.08.2019 09:00;11,58
11.08.2019 09:00;11.08.2019 10:00;9,48
11.08.2019 10:00;11.08.2019 11:00;-0,09
11.08.2019 11:00;11.08.2019 12:00;-12,01
11.08.2019 12:00;11.08.2019 13:00;-32,25
11.08.2019 13:00;11.08.2019 14:00;-35,75
11.08.2019 14:00;11.08.2019 15:00;-9,98
11.08.2019 15:00;11.08.2019 16:00;0,09
11.08.2019 16:00;11.08.2019 17:00;14,14
11.08.2019 17:00;11.08.2019 18:00;27,53
11.08.2019 18:00;11.08.2019 19:00;35,97
11.08.2019 19:00;11.08.2019 20:00;42,63
11.08.2019 20:00;11.08.2019 21:00;48,71
11.08.2019 21:00;11.08.2019 22:00;48,42
11.08.2019 22:00;11.08.2019 23:00;40,0
11.08.2019 23:00;12.08.2019 00:00;37,29
12.08.2019 00:00;12.08.2019 01:00;28,79
12.08.2019 01:00;12.08.2019 02:00;28,62
12.08.2019 02:00;12.08.2019 03:00;28,1
12.08.2019 03:00;12.08.2019 04:00;27,5
12.08.2019 04:00;12.08.2019 05:00;28,1
12.08.2019 05:00;12.08.2019 06:00;29,14
12.08.2019 06:00;12.08.2019 07:00;39,14
12.08.2019 07:00;12.08.2019 08:00;46,03
12.08.2019 08:00;12.08.2019 09:00;40,52
12.08.2019 09:00;12.08.2019 10:00;38,71
12.08.2019 10:00;12.08.2019 11:00;36,7
12.08.2019 11:00;12.08.2019 12:00;37,9
12.08.2019 12:00;12.08.2019 13:00;36,18
12.08.2019 13:00;12.08.2019 14:00;36,23
12.08.2019 14:00;12.08.2019 15:00;37,2
12.08.2019 15:00;12.08.2019 16:00;37,51
12.08.2019 16:00;12.08.2019 17:00;38,71
12.08.2019 17:00;12.08.2019 18:00;45,53
12.08.2019 18:00;12.08.2019 19:00;60,54
12.08.2019 19:00;12.08.2019 20:00;71,5
12.08.2019 20:00;12.08.2019 21:00;70,6
12.08.2019 21:00;12.08.2019 22:00;65,04
12.08.2019 22:00;12.08.2019 23:00;44,86
12.08.2019 23:00;13.08.2019 00:00;36,63
13.08.2019 00:00;13.08.2019 01:00;34,97
13.08.2019 01:00;13.08.2019 02:00;34,01
13.08.2019 02:00;13.08.2019 03:00;33,07
13.08.2019 03:00;13.08.2019 04:00;33,27
13.08.2019 04:00;13.08.2019 05:00;33,19
13.08.2019 05:00;13.08.2019 06:00;35,31
13.08.2019 06:00;13.08.2019 07:00;43,24
13.08.2019 07:00;13.08.2019 08:00;52,96
13.08.2019 08:00;13.08.2019 09:00;49,97
13.08.2019 09:00;13.08.2019 10:00;40,85
13.08.2019 10:00;13.08.2019 11:00;37,26
13.08.2019 11:00;13.08.2019 12:00;34,85
13.08.2019 12:00;13.08.2019 13:00;32,1
13.08.2019 13:00;13.08.2019 14:00;30,94
13.08.2019 14:00;13.08.2019 15:00;29,34
13.08.2019 15:00;13.08.2019 16:00;29,78
13.08.2019 16:00;13.08.2019 17:00;30,87
13.08.2019 17:00;13.08.2019 18:00;35,54
13.08.2019 18:00;13.08.2019 19:00;38,53
13.08.2019 19:00;13.08.2019 20:00;46,81
13.08.2019 20:00;13.08.2019 21:00;49,94
13.08.2019 21:00;13.08.2019 22:00;47,92
13.08.2019 22:00;13.08.2019 23:00;41,82
13.08.2019 23:00;14.08.2019 00:00;36,3
14.08.2019 00:00;14.08.2019 01:00;32,39
14.08.2019 01:00;14.08.2019 02:00;30,45
14.08.2019 02:00;14.08.2019 03:00;28,43
14.08.2019 03:00;14.08.2019 04:00;28,27
14.08.2019 04:00;14.08.2019 05:00;29,68
14.08.2019 05:00;14.08.2019 06:00;30,57
14.08.2019 06:00;14.08.2019 07:00;38,7
14.08.2019 07:00;14.08.2019 08:00;49,42
14.08.2019 08:00;14.08.2019 09:00;45,84
14.08.2019 09:00;14.08.2019 10:00;37,77
14.08.2019 10:00;14.08.2019 11:00;35,67
14.08.2019 11:00;14.08.2019 12:00;34,29
14.08.2019 12:00;14.08.2019 13:00;32,02
14.08.2019 13:00;14.08.2019 14:00;30,0
14.08.2019 14:00;14.08.2019 15:00;31,01
14.08.2019 15:00;14.08.2019 16:00;32,32
14.08.2019 16:00;14.08.2019 17:00;34,05
14.08.2019 17:00;14.08.2019 18:00;38,53
14.08.2019 18:00;14.08.2019 19:00;49,26
14.08.2019 19:00;14.08.2019 20:00;65,18
14.08.2019 20:00;14.08.2019 21:00;67,93
14.08.2019 21:00;14.08.2019 22:00;52,74
14.08.2019 22:00;14.08.2019 23:00;39,97
14.08.2019 23:00;15.08.2019 00:00;35,95
15.08.2019 00:00;15.08.2019 01:00;29,15
15.08.2019 01:00;15.08.2019 02:00;27,12
15.08.2019 02:00;15.08.2019 03:00;25,96
15.08.2019 03:00;15.08.2019 04:00;24,58
15.08.2019 04:00;15.08.2019 05:00;23,18
15.08.2019 05:00;15.08.2019 06:00;23,47
15.08.2019 06:00;15.08.2019 07:00;26,47
15.08.2019 07:00;15.08.2019 08:00;30,68
15.08.2019 08:00;15.08.2019 09:00;34,47
15.08.2019 09:00;15.08.2019 10:00;32,35
15.08.2019 10:00;15.08.2019 11:00;30,89
15.08.2019 11:00;15.08.2019 12:00;30,77
15.08.2019 12:00;15.08.2019 13:00;29,93
15.08.2019 13:00;15.08.2019 14:00;27,68
15.08.2019 14:00;15.08.2019 15:00;27,69
15.08.2019 15:00;15.08.2019 16:00;27,01
15.08.2019 16:00;15.08.2019 17:00;27,01
15.08.2019 17:00;15.08.2019 18:00;32,94
15.08.2019 18:00;15.08.2019 19:00;36,28
15.08.2019 19:00;15.08.2019 20:00;38,99
15.08.2019 20:00;15.08.2019 21:00;40,91
15.08.2019 21:00;15.08.2019 22:00;36,15
15.08.2019 22:00;15.08.2019 23:00;35,07
15.08.2019 23:00;16.08.2019 00:00;33,33
16.08.2019 00:00;16.08.2019 01:00;29,83
16.08.2019 01:00;16.08.2019 02:00;27,3
16.08.2019 02:00;16.08.2019 03:00;26,38
16.08.2019 03:00;16.08.2019 04:00;25,7
16.08.2019 04:00;16.08.2019 05:00;25,65
16.08.2019 05:00;16.08.2019 06:00;28,54
16.08.2019 06:00;16.08.2019 07:00;34,88
16.08.2019 07:00;16.08.2019 08:00;41,02
16.08.2019 08:00;16.08.2019 09:00;43,93
16.08.2019 09:00;16.08.2019 10:00;39,95
16.08.2019 10:00;16.08.2019 11:00;36,91
16.08.2019 11:00;16.08.2019 12:00;34,9
16.08.2019 12:00;16.08.2019 13:00;33,06
16.08.2019 13:00;16.08.2019 14:00;30,54
16.08.2019 14:00;16.08.2019 15:00;28,71
16.08.2019 15:00;16.08.2019 16:00;29,9
16.08.2019 16:00;16.08.2019 17:00;31,04
16.08.2019 17:00;16.08.2019 18:00;37,82
16.08.2019 18:00;16.08.2019 19:00;46,97
16.08.2019 19:00;16.08.2019 20:00;57,91
16.08.2019 20:00;16.08.2019 21:00;52,37
16.08.2019 21:00;16.08.2019 22:00;45,29
16.08.2019 22:00;16.08.2019 23:00;36,76
16.08.2019 23:00;17.08.2019 00:00;31,19
17.08.2019 00:00;17.08.2019 01:00;27,58
17.08.2019 01:00;17.08.2019 02:00;26,74
17.08.2019 02:00;17.08.2019 03:00;22,98
17.08.2019 03:00;17.08.2019 04:00;18,17
17.08.2019 04:00;17.08.2019 05:00;12,77
17.08.2019 05:00;17.08.2019 06:00;12,21
17.08.2019 06:00;17.08.2019 07:00;18,51
17.08.2019 07:00;17.08.2019 08:00;14,87
17.08.2019 08:00;17.08.2019 09:00;25,13
17.08.2019 09:00;17.08.2019 10:00;26,93
17.08.2019 10:00;17.08.2019 11:00;26,97
17.08.2019 11:00;17.08.2019 12:00;26,95
17.08.2019 12:00;17.08.2019 13:00;26,8
17.08.2019 13:00;17.08.2019 14:00;26,07
17.08.2019 14:00;17.08.2019 15:00;24,07
17.08.2019 15:00;17.08.2019 16:00;24,04
17.08.2019 16:00;17.08.2019 17:00;22,97
17.08.2019 17:00;17.08.2019 18:00;28,95
17.08.2019 18:00;17.08.2019 19:00;33,29
17.08.2019 19:00;17.08.2019 20:00;35,47
17.08.2019 20:00;17.08.2019 21:00;37,95
17.08.2019 21:00;17.08.2019 22:00;39,68
17.08.2019 22:00;17.08.2019 23:00;36,92
17.08.2019 23:00;18.08.2019 00:00;33,29
18.08.2019 00:00;18.08.2019 01:00;31,8
18.08.2019 01:00;18.08.2019 02:00;28,61
18.08.2019 02:00;18.08.2019 03:00;28,73
18.08.2019 03:00;18.08.2019 04:00;29,0
18.08.2019 04:00;18.08.2019 05:00;28,94
18.08.2019 05:00;18.08.2019 06:00;27,8
18.08.2019 06:00;18.08.2019 07:00;28,05
18.08.2019 07:00;18.08.2019 08:00;29,72
18.08.2019 08:00;18.08.2019 09:00;29,04
18.08.2019 09:00;18.08.2019 10:00;31,11
18.08.2019 10:00;18.08.2019 11:00;28,87
18.08.2019 11:00;18.08.2019 12:00;28,01
18.08.2019 12:00;18.08.2019 13:00;26,66
18.08.2019 13:00;18.08.2019 14:00;14,06
18.08.2019 14:00;18.08.2019 15:00;8,53
18.08.2019 15:00;18.08.2019 16:00;8,77
18.08.2019 16:00;18.08.2019 17:00;18,25
18.08.2019 17:00;18.08.2019 18:00;26,59
18.08.2019 18:00;18.08.2019 19:00;31,58
18.08.2019 19:00;18.08.2019 20:00;35,89
18.08.2019 20:00;18.08.2019 21:00;36,69
18.08.2019 21:00;18.08.2019 22:00;36,96
18.08.2019 22:00;18.08.2019 23:00;36,97
18.08.2019 23:00;19.08.2019 00:00;33,81
19.08.2019 00:00;19.08.2019 01:00;28,64
19.08.2019 01:00;19.08.2019 02:00;27,45
19.08.2019 02:00;19.08.2019 03:00;26,86
19.08.2019 03:00;19.08.2019 04:00;28,16
19.08.2019 04:00;19.08.2019 05:00;27,06
19.08.2019 05:00;19.08.2019 06:00;31,18
19.08.2019 06:00;19.08.2019 07:00;36,08
19.08.2019 07:00;19.08.2019 08:00;43,89
19.08.2019 08:00;19.08.2019 09:00;41,87
19.08.2019 09:00;19.08.2019 10:00;36,98
19.08.2019 10:00;19.08.2019 11:00;34,32
19.08.2019 11:00;19.08.2019 12:00;32,06
19.08.2019 12:00;19.08.2019 13:00;29,9
19.08.2019 13:00;19.08.2019 14:00;27,9
19.08.2019 14:00;19.08.2019 15:00;27,8
19.08.2019 15:00;19.08.2019 16:00;27,73
19.08.2019 16:00;19.08.2019 17:00;27,28
19.08.2019 17:00;19.08.2019 18:00;33,06
19.08.2019 18:00;19.08.2019 19:00;38,0
19.08.2019 19:00;19.08.2019 20:00;44,57
19.08.2019 20:00;19.08.2019 21:00;52,19
19.08.2019 21:00;19.08.2019 22:00;47,95
19.08.2019 22:00;19.08.2019 23:00;40,5
19.08.2019 23:00;20.08.2019 00:00;34,92
20.08.2019 00:00;20.08.2019 01:00;31,38
20.08.2019 01:00;20.08.2019 02:00;29,74
20.08.2019 02:00;20.08.2019 03:00;29,58
20.08.2019 03:00;20.08.2019 04:00;28,67
20.08.2019 04:00;20.08.2019 05:00;30,08
20.08.2019 05:00;20.08.2019 06:00;32,39
20.08.2019 06:00;20.08.2019 07:00;38,59
20.08.2019 07:00;20.08.2019 08:00;45,75
20.08.2019 08:00;20.08.2019 09:00;48,31
20.08.2019 09:00;20.08.2019 10:00;45,13
20.08.2019 10:00;20.08.2019 11:00;39,51
20.08.2019 11:00;20.08.2019 12:00;38,91
20.08.2019 12:00;20.08.2019 13:00;37,93
20.08.2019 13:00;20.08.2019 14:00;37,35
20.08.2019 14:00;20.08.2019 15:00;37,55
20.08.2019 15:00;20.08.2019 16:00;37,98
20.08.2019 16:00;20.08.2019 17:00;37,82
20.08.2019 17:00;20.08.2019 18:00;44,97
20.08.2019 18:00;20.08.2019 19:00;50,05
20.08.2019 19:00;20.08.2019 20:00;53,86
20.08.2019 20:00;20.08.2019 21:00;54,28
20.08.2019 21:00;20.08.2019 22:00;48,94
20.08.2019 22:00;20.08.2019 23:00;40,61
20.08.2019 23:00;21.08.2019 00:00;35,85
21.08.2019 00:00;21.08.2019 01:00;33,07
21.08.2019 01:00;21.08.2019 02:00;33,11
21.08.2019 02:00;21.08.2019 03:00;32,01
21.08.2019 03:00;21.08.2019 04:00;31,23
21.08.2019 04:00;21.08.2019 05:00;31,93
21.08.2019 05:00;21.08.2019 06:00;33,17
21.08.2019 06:00;21.08.2019 07:00;42,36
21.08.2019 07:00;21.08.2019 08:00;57,0
21.08.2019 08:00;21.08.2019 09:00;56,11
21.08.2019 09:00;21.08.2019 10:00;41,95
21.08.2019 10:00;21.08.2019 11:00;38,0
21.08.2019 11:00;21.08.2019 12:00;36,97
21.08.2019 12:00;21.08.2019 13:00;35,72
21.08.2019 13:00;21.08.2019 14:00;34,05
21.08.2019 14:00;21.08.2019 15:00;33,17
21.08.2019 15:00;21.08.2019 16:00;33,03
21.08.2019 16:00;21.08.2019 17:00;35,79
21.08.2019 17:00;21.08.2019 18:00;40,62
21.08.2019 18:00;21.08.2019 19:00;50,04
21.08.2019 19:00;21.08.2019 20:00;66,75
21.08.2019 20:00;21.08.2019 21:00;68,91
21.08.2019 21:00;21.08.2019 22:00;52,9
21.08.2019 22:00;21.08.2019 23:00;44,58
21.08.2019 23:00;22.08.2019 00:00;37,94
22.08.2019 00:00;22.08.2019 01:00;33,26
22.08.2019 01:00;22.08.2019 02:00;32,02
22.08.2019 02:00;22.08.2019 03:00;30,2
22.08.2019 03:00;22.08.2019 04:00;30,03
22.08.2019 04:00;22.08.2019 05:00;29,41
22.08.2019 05:00;22.08.2019 06:00;30,18
22.08.2019 06:00;22.08.2019 07:00;36,64
22.08.2019 07:00;22.08.2019 08:00;41,93
22.08.2019 08:00;22.08.2019 09:00;40,64
22.08.2019 09:00;22.08.2019 10:00;37,9
22.08.2019 10:00;22.08.2019 11:00;34,91
22.08.2019 11:00;22.08.2019 12:00;33,01
22.08.2019 12:00;22.08.2019 13:00;32,01
22.08.2019 13:00;22.08.2019 14:00;30,53
22.08.2019 14:00;22.08.2019 15:00;31,21
22.08.2019 15:00;22.08.2019 16:00;31,14
22.08.2019 16:00;22.08.2019 17:00;31,94
22.08.2019 17:00;22.08.2019 18:00;36,99
22.08.2019 18:00;22.08.2019 19:00;42,47
22.08.2019 19:00;22.08.2019 20:00;55,36
22.08.2019 20:00;22.08.2019 21:00;51,81
22.08.2019 21:00;22.08.2019 22:00;45,41
22.08.2019 22:00;22.08.2019 23:00;38,48
22.08.2019 23:00;23.08.2019 00:00;33,95
23.08.2019 00:00;23.08.2019 01:00;30,28
23.08.2019 01:00;23.08.2019 02:00;30,17
23.08.2019 02:00;23.08.2019 03:00;30,07
23.08.2019 03:00;23.08.2019 04:00;30,03
23.08.2019 04:00;23.08.2019 05:00;30,38
23.08.2019 05:00;23.08.2019 06:00;32,31
23.08.2019 06:00;23.08.2019 07:00;40,0
23.08.2019 07:00;23.08.2019 08:00;43,93
23.08.2019 08:00;23.08.2019 09:00;41,0
23.08.2019 09:00;23.08.2019 10:00;36,68
23.08.2019 10:00;23.08.2019 11:00;34,8
23.08.2019 11:00;23.08.2019 12:00;34,13
23.08.2019 12:00;23.08.2019 13:00;31,95
23.08.2019 13:00;23.08.2019 14:00;31,23
23.08.2019 14:00;23.08.2019 15:00;30,81
23.08.2019 15:00;23.08.2019 16:00;31,57
23.08.2019 16:00;23.08.2019 17:00;32,28
23.08.2019 17:00;23.08.2019 18:00;40,47
23.08.2019 18:00;23.08.2019 19:00;48,75
23.08.2019 19:00;23.08.2019 20:00;59,56
23.08.2019 20:00;23.08.2019 21:00;57,77
23.08.2019 21:00;23.08.2019 22:00;45,95
23.08.2019 22:00;23.08.2019 23:00;36,97
23.08.2019 23:00;24.08.2019 00:00;34,68
24.08.2019 00:00;24.08.2019 01:00;34,07
24.08.2019 01:00;24.08.2019 02:00;31,92
24.08.2019 02:00;24.08.2019 03:00;30,86
24.08.2019 03:00;24.08.2019 04:00;30,82
24.08.2019 04:00;24.08.2019 05:00;30,03
24.08.2019 05:00;24.08.2019 06:00;30,25
24.08.2019 06:00;24.08.2019 07:00;32,97
24.08.2019 07:00;24.08.2019 08:00;34,24
24.08.2019 08:00;24.08.2019 09:00;36,29
24.08.2019 09:00;24.08.2019 10:00;35,5
24.08.2019 10:00;24.08.2019 11:00;29,51
24.08.2019 11:00;24.08.2019 12:00;27,5
24.08.2019 12:00;24.08.2019 13:00;26,83
24.08.2019 13:00;24.08.2019 14:00;26,84
24.08.2019 14:00;24.08.2019 15:00;27,01
24.08.2019 15:00;24.08.2019 16:00;28,03
24.08.2019 16:00;24.08.2019 17:00;28,03
24.08.2019 17:00;24.08.2019 18:00;33,29
24.08.2019 18:00;24.08.2019 19:00;36,93
24.08.2019 19:00;24.08.2019 20:00;42,39
24.08.2019 20:00;24.08.2019 21:00;38,75
24.08.2019 21:00;24.08.2019 22:00;36,29
24.08.2019 22:00;24.08.2019 23:00;34,95
24.08.2019 23:00;25.08.2019 00:00;31,67
25.08.2019 00:00;25.08.2019 01:00;29,08
25.08.2019 01:00;25.08.2019 02:00;28,65
25.08.2019 02:00;25.08.2019 03:00;27,8
25.08.2019 03:00;25.08.2019 04:00;26,97
25.08.2019 04:00;25.08.2019 05:00;26,12
25.08.2019 05:00;25.08.2019 06:00;25,91
25.08.2019 06:00;25.08.2019 07:00;25,87
25.08.2019 07:00;25.08.2019 08:00;27,8
25.08.2019 08:00;25.08.2019 09:00;29,07
25.08.2019 09:00;25.08.2019 10:00;29,0
25.08.2019 10:00;25.08.2019 11:00;25,89
25.08.2019 11:00;25.08.2019 12:00;25,88
25.08.2019 12:00;25.08.2019 13:00;25,83
25.08.2019 13:00;25.08.2019 14:00;25,03
25.08.2019 14:00;25.08.2019 15:00;25,01
25.08.2019 15:00;25.08.2019 16:00;25,39
25.08.2019 16:00;25.08.2019 17:00;26,4
25.08.2019 17:00;25.08.2019 18:00;30,97
25.08.2019 18:00;25.08.2019 19:00;41,52
25.08.2019 19:00;25.08.2019 20:00;47,13
25.08.2019 20:00;25.08.2019 21:00;46,99
25.08.2019 21:00;25.08.2019 22:00;40,94
25.08.2019 22:00;25.08.2019 23:00;37,49
25.08.2019 23:00;26.08.2019 00:00;34,52
26.08.2019 00:00;26.08.2019 01:00;33,67
26.08.2019 01:00;26.08.2019 02:00;32,95
26.08.2019 02:00;26.08.2019 03:00;32,06
26.08.2019 03:00;26.08.2019 04:00;32,23
26.08.2019 04:00;26.08.2019 05:00;32,63
26.08.2019 05:00;26.08.2019 06:00;33,7
26.08.2019 06:00;26.08.2019 07:00;50,07
26.08.2019 07:00;26.08.2019 08:00;69,32
26.08.2019 08:00;26.08.2019 09:00;61,99
26.08.2019 09:00;26.08.2019 10:00;49,18
26.08.2019 10:00;26.08.2019 11:00;45,7
26.08.2019 11:00;26.08.2019 12:00;43,74
26.08.2019 12:00;26.08.2019 13:00;40,91
26.08.2019 13:00;26.08.2019 14:00;38,96
26.08.2019 14:00;26.08.2019 15:00;38,25
26.08.2019 15:00;26.08.2019 16:00;38,39
26.08.2019 16:00;26.08.2019 17:00;43,46
26.08.2019 17:00;26.08.2019 18:00;53,02
26.08.2019 18:00;26.08.2019 19:00;55,97
26.08.2019 19:00;26.08.2019 20:00;67,13
26.08.2019 20:00;26.08.2019 21:00;59,46
26.08.2019 21:00;26.08.2019 22:00;55,65
26.08.2019 22:00;26.08.2019 23:00;47,87
26.08.2019 23:00;27.08.2019 00:00;39,44
27.08.2019 00:00;27.08.2019 01:00;38,33
27.08.2019 01:00;27.08.2019 02:00;35,26
27.08.2019 02:00;27.08.2019 03:00;34,91
27.08.2019 03:00;27.08.2019 04:00;34,67
27.08.2019 04:00;27.08.2019 05:00;34,96
27.08.2019 05:00;27.08.2019 06:00;35,91
27.08.2019 06:00;27.08.2019 07:00;45,23
27.08.2019 07:00;27.08.2019 08:00;56,76
27.08.2019 08:00;27.08.2019 09:00;53,69
27.08.2019 09:00;27.08.2019 10:00;53,53
27.08.2019 10:00;27.08.2019 11:00;50,95
27.08.2019 11:00;27.08.2019 12:00;48,82
27.08.2019 12:00;27.08.2019 13:00;45,15
27.08.2019 13:00;27.08.2019 14:00;44,98
27.08.2019 14:00;27.08.2019 15:00;45,09
27.08.2019 15:00;27.08.2019 16:00;45,11
27.08.2019 16:00;27.08.2019 17:00;48,08
27.08.2019 17:00;27.08.2019 18:00;51,22
27.08.2019 18:00;27.08.2019 19:00;56,99
27.08.2019 19:00;27.08.2019 20:00;63,43
27.08.2019 20:00;27.08.2019 21:00;56,05
27.08.2019 21:00;27.08.2019 22:00;51,2
27.08.2019 22:00;27.08.2019 23:00;46,18
27.08.2019 23:00;28.08.2019 00:00;37,49
28.08.2019 00:00;28.08.2019 01:00;38,08
28.08.2019 01:00;28.08.2019 02:00;35,55
28.08.2019 02:00;28.08.2019 03:00;34,92
28.08.2019 03:00;28.08.2019 04:00;34,84
28.08.2019 04:00;28.08.2019 05:00;35,35
28.08.2019 05:00;28.08.2019 06:00;37,32
28.08.2019 06:00;28.08.2019 07:00;48,31
28.08.2019 07:00;28.08.2019 08:00;66,14
28.08.2019 08:00;28.08.2019 09:00;66,73
28.08.2019 09:00;28.08.2019 10:00;56,07
28.08.2019 10:00;28.08.2019 11:00;52,79
28.08.2019 11:00;28.08.2019 12:00;51,7
28.08.2019 12:00;28.08.2019 13:00;46,58
28.08.2019 13:00;28.08.2019 14:00;44,73
28.08.2019 14:00;28.08.2019 15:00;45,0
28.08.2019 15:00;28.08.2019 16:00;45,6
28.08.2019 16:00;28.08.2019 17:00;48,83
28.08.2019 17:00;28.08.2019 18:00;55,92
28.08.2019 18:00;28.08.2019 19:00;69,85
28.08.2019 19:00;28.08.2019 20:00;80,01
28.08.2019 20:00;28.08.2019 21:00;73,08
28.08.2019 21:00;28.08.2019 22:00;57,69
28.08.2019 22:00;28.08.2019 23:00;50,79
28.08.2019 23:00;29.08.2019 00:00;43,92
29.08.2019 00:00;29.08.2019 01:00;39,54
29.08.2019 01:00;29.08.2019 02:00;35,64
29.08.2019 02:00;29.08.2019 03:00;34,5
29.08.2019 03:00;29.08.2019 04:00;33,98
29.08.2019 04:00;29.08.2019 05:00;34,39
29.08.2019 05:00;29.08.2019 06:00;35,39
29.08.2019 06:00;29.08.2019 07:00;43,16
29.08.2019 07:00;29.08.2019 08:00;52,54
29.08.2019 08:00;29.08.2019 09:00;58,92
29.08.2019 09:00;29.08.2019 10:00;56,92
29.08.2019 10:00;29.08.2019 11:00;51,9
29.08.2019 11:00;29.08.2019 12:00;50,01
29.08.2019 12:00;29.08.2019 13:00;42,12
29.08.2019 13:00;29.08.2019 14:00;39,62
29.08.2019 14:00;29.08.2019 15:00;37,77
29.08.2019 15:00;29.08.2019 16:00;36,88
29.08.2019 16:00;29.08.2019 17:00;37,42
29.08.2019 17:00;29.08.2019 18:00;44,0
29.08.2019 18:00;29.08.2019 19:00;50,9
29.08.2019 19:00;29.08.2019 20:00;61,97
29.08.2019 20:00;29.08.2019 21:00;56,93
29.08.2019 21:00;29.08.2019 22:00;50,96
29.08.2019 22:00;29.08.2019 23:00;44,95
29.08.2019 23:00;30.08.2019 00:00;37,4
30.08.2019 00:00;30.08.2019 01:00;34,33
30.08.2019 01:00;30.08.2019 02:00;33,1
30.08.2019 02:00;30.08.2019 03:00;33,55
30.08.2019 03:00;30.08.2019 04:00;32,25
30.08.2019 04:00;30.08.2019 05:00;34,08
30.08.2019 05:00;30.08.2019 06:00;35,29
30.08.2019 06:00;30.08.2019 07:00;48,58
30.08.2019 07:00;30.08.2019 08:00;51,28
30.08.2019 08:00;30.08.2019 09:00;50,8
30.08.2019 09:00;30.08.2019 10:00;46,04
30.08.2019 10:00;30.08.2019 11:00;41,36
30.08.2019 11:00;30.08.2019 12:00;38,19
30.08.2019 12:00;30.08.2019 13:00;35,42
30.08.2019 13:00;30.08.2019 14:00;34,78
30.08.2019 14:00;30.08.2019 15:00;34,46
30.08.2019 15:00;30.08.2019 16:00;35,45
30.08.2019 16:00;30.08.2019 17:00;36,22
30.08.2019 17:00;30.08.2019 18:00;43,4
30.08.2019 18:00;30.08.2019 19:00;50,49
30.08.2019 19:00;30.08.2019 20:00;52,34
30.08.2019 20:00;30.08.2019 21:00;52,49
30.08.2019 21:00;30.08.2019 22:00;51,51
30.08.2019 22:00;30.08.2019 23:00;48,14
30.08.2019 23:00;31.08.2019 00:00;38,72
31.08.2019 00:00;31.08.2019 01:00;37,39
31.08.2019 01:00;31.08.2019 02:00;32,66
31.08.2019 02:00;31.08.2019 03:00;30,64
31.08.2019 03:00;31.08.2019 04:00;31,05
31.08.2019 04:00;31.08.2019 05:00;30,3
31.08.2019 05:00;31.08.2019 06:00;31,01
31.08.2019 06:00;31.08.2019 07:00;31,28
31.08.2019 07:00;31.08.2019 08:00;32,83
31.08.2019 08:00;31.08.2019 09:00;32,35
31.08.2019 09:00;31.08.2019 10:00;33,72
31.08.2019 10:00;31.08.2019 11:00;31,29
31.08.2019 11:00;31.08.2019 12:00;30,44
31.08.2019 12:00;31.08.2019 13:00;29,35
31.08.2019 13:00;31.08.2019 14:00;28,5
31.08.2019 14:00;31.08.2019 15:00;28,03
31.08.2019 15:00;31.08.2019 16:00;28,13
31.08.2019 16:00;31.08.2019 17:00;29,87
31.08.2019 17:00;31.08.2019 18:00;32,59
31.08.2019 18:00;31.08.2019 19:00;40,68
31.08.2019 19:00;31.08.2019 20:00;47,21
31.08.2019 20:00;31.08.2019 21:00;47,0
31.08.2019 21:00;31.08.2019 22:00;41,42
31.08.2019 22:00;31.08.2019 23:00;37,07
31.08.2019 23:00;01.09.2019 00:00;33,02
01.09.2019 00:00;01.09.2019 01:00;27,2
01.09.2019 01:00;01.09.2019 02:00;26,7
01.09.2019 02:00;01.09.2019 03:00;26,47
01.09.2019 03:00;01.09.2019 04:00;25,92
01.09.2019 04:00;01.09.2019 05:00;25,29
01.09.2019 05:00;01.09.2019 06:00;25,97
01.09.2019 06:00;01.09.2019 07:00;26,49
01.09.2019 07:00;01.09.2019 08:00;26,49
01.09.2019 08:00;01.09.2019 09:00;26,84
01.09.2019 09:00;01.09.2019 10:00;30,1
01.09.2019 10:00;01.09.2019 11:00;29,7
01.09.2019 11:00;01.09.2019 12:00;30,17
01.09.2019 12:00;01.09.2019 13:00;31,01
01.09.2019 13:00;01.09.2019 14:00;30,23
01.09.2019 14:00;01.09.2019 15:00;28,39
01.09.2019 15:00;01.09.2019 16:00;27,74
01.09.2019 16:00;01.09.2019 17:00;27,2
01.09.2019 17:00;01.09.2019 18:00;29,94
01.09.2019 18:00;01.09.2019 19:00;34,07
01.09.2019 19:00;01.09.2019 20:00;36,52
01.09.2019 20:00;01.09.2019 21:00;39,67
01.09.2019 21:00;01.09.2019 22:00;38,76
01.09.2019 22:00;01.09.2019 23:00;37,33
01.09.2019 23:00;02.09.2019 00:00;34,35
02.09.2019 00:00;02.09.2019 01:00;29,28
02.09.2019 01:00;02.09.2019 02:00;26,97
02.09.2019 02:00;02.09.2019 03:00;25,96
02.09.2019 03:00;02.09.2019 04:00;25,0
02.09.2019 04:00;02.09.2019 05:00;25,63
02.09.2019 05:00;02.09.2019 06:00;28,18
02.09.2019 06:00;02.09.2019 07:00;38,21
02.09.2019 07:00;02.09.2019 08:00;46,09
02.09.2019 08:00;02.09.2019 09:00;49,55
02.09.2019 09:00;02.09.2019 10:00;48,29
02.09.2019 10:00;02.09.2019 11:00;44,07
02.09.2019 11:00;02.09.2019 12:00;41,81
02.09.2019 12:00;02.09.2019 13:00;38,95
02.09.2019 13:00;02.09.2019 14:00;38,18
02.09.2019 14:00;02.09.2019 15:00;36,72
02.09.2019 15:00;02.09.2019 16:00;35,99
02.09.2019 16:00;02.09.2019 17:00;37,57
02.09.2019 17:00;02.09.2019 18:00;40,84
02.09.2019 18:00;02.09.2019 19:00;45,41
02.09.2019 19:00;02.09.2019 20:00;61,67
02.09.2019 20:00;02.09.2019 21:00;52,91
02.09.2019 21:00;02.09.2019 22:00;46,92
02.09.2019 22:00;02.09.2019 23:00;40,76
02.09.2019 23:00;03.09.2019 00:00;35,24
03.09.2019 00:00;03.09.2019 01:00;31,89
03.09.2019 01:00;03.09.2019 02:00;28,14
03.09.2019 02:00;03.09.2019 03:00;26,95
03.09.2019 03:00;03.09.2019 04:00;24,3
03.09.2019 04:00;03.09.2019 05:00;24,1
03.09.2019 05:00;03.09.2019 06:00;28,23
03.09.2019 06:00;03.09.2019 07:00;32,44
03.09.2019 07:00;03.09.2019 08:00;40,74
03.09.2019 08:00;03.09.2019 09:00;40,97
03.09.2019 09:00;03.09.2019 10:00;37,96
03.09.2019 10:00;03.09.2019 11:00;32,95
03.09.2019 11:00;03.09.2019 12:00;31,05
03.09.2019 12:00;03.09.2019 13:00;29,82
03.09.2019 13:00;03.09.2019 14:00;31,15
03.09.2019 14:00;03.09.2019 15:00;31,7
03.09.2019 15:00;03.09.2019 16:00;32,01
03.09.2019 16:00;03.09.2019 17:00;33,29
03.09.2019 17:00;03.09.2019 18:00;39,76
03.09.2019 18:00;03.09.2019 19:00;44,96
03.09.2019 19:00;03.09.2019 20:00;50,83
03.09.2019 20:00;03.09.2019 21:00;53,36
03.09.2019 21:00;03.09.2019 22:00;46,12
03.09.2019 22:00;03.09.2019 23:00;40,9
03.09.2019 23:00;04.09.2019 00:00;36,08
04.09.2019 00:00;04.09.2019 01:00;31,31
04.09.2019 01:00;04.09.2019 02:00;29,0
04.09.2019 02:00;04.09.2019 03:00;29,0
04.09.2019 03:00;04.09.2019 04:00;28,27
04.09.2019 04:00;04.09.2019 05:00;28,83
04.09.2019 05:00;04.09.2019 06:00;29,11
04.09.2019 06:00;04.09.2019 07:00;39,72
04.09.2019 07:00;04.09.2019 08:00;42,81
04.09.2019 08:00;04.09.2019 09:00;45,29
04.09.2019 09:00;04.09.2019 10:00;42,96
04.09.2019 10:00;04.09.2019 11:00;37,73
04.09.2019 11:00;04.09.2019 12:00;32,57
04.09.2019 12:00;04.09.2019 13:00;28,88
04.09.2019 13:00;04.09.2019 14:00;29,37
04.09.2019 14:00;04.09.2019 15:00;29,43
04.09.2019 15:00;04.09.2019 16:00;28,9
04.09.2019 16:00;04.09.2019 17:00;28,86
04.09.2019 17:00;04.09.2019 18:00;31,68
04.09.2019 18:00;04.09.2019 19:00;38,05
04.09.2019 19:00;04.09.2019 20:00;40,26
04.09.2019 20:00;04.09.2019 21:00;40,67
04.09.2019 21:00;04.09.2019 22:00;38,25
04.09.2019 22:00;04.09.2019 23:00;35,3
04.09.2019 23:00;05.09.2019 00:00;29,87
05.09.2019 00:00;05.09.2019 01:00;28,0
05.09.2019 01:00;05.09.2019 02:00;25,96
05.09.2019 02:00;05.09.2019 03:00;25,3
05.09.2019 03:00;05.09.2019 04:00;24,09
05.09.2019 04:00;05.09.2019 05:00;24,66
05.09.2019 05:00;05.09.2019 06:00;26,34
05.09.2019 06:00;05.09.2019 07:00;33,68
05.09.2019 07:00;05.09.2019 08:00;39,62
05.09.2019 08:00;05.09.2019 09:00;40,59
05.09.2019 09:00;05.09.2019 10:00;37,19
05.09.2019 10:00;05.09.2019 11:00;33,27
05.09.2019 11:00;05.09.2019 12:00;29,85
05.09.2019 12:00;05.09.2019 13:00;27,07
05.09.2019 13:00;05.09.2019 14:00;27,2
05.09.2019 14:00;05.09.2019 15:00;26,69
05.09.2019 15:00;05.09.2019 16:00;27,2
05.09.2019 16:00;05.09.2019 17:00;29,16
05.09.2019 17:00;05.09.2019 18:00;32,26
05.09.2019 18:00;05.09.2019 19:00;36,09
05.09.2019 19:00;05.09.2019 20:00;39,95
05.09.2019 20:00;05.09.2019 21:00;40,92
05.09.2019 21:00;05.09.2019 22:00;38,95
05.09.2019 22:00;05.09.2019 23:00;36,21
05.09.2019 23:00;06.09.2019 00:00;30,95
06.09.2019 00:00;06.09.2019 01:00;26,28
06.09.2019 01:00;06.09.2019 02:00;25,64
06.09.2019 02:00;06.09.2019 03:00;24,36
06.09.2019 03:00;06.09.2019 04:00;24,67
06.09.2019 04:00;06.09.2019 05:00;25,67
06.09.2019 05:00;06.09.2019 06:00;26,18
06.09.2019 06:00;06.09.2019 07:00;33,71
06.09.2019 07:00;06.09.2019 08:00;38,23
06.09.2019 08:00;06.09.2019 09:00;39,07
06.09.2019 09:00;06.09.2019 10:00;38,99
06.09.2019 10:00;06.09.2019 11:00;37,45
06.09.2019 11:00;06.09.2019 12:00;33,06
06.09.2019 12:00;06.09.2019 13:00;29,47
06.09.2019 13:00;06.09.2019 14:00;28,22
06.09.2019 14:00;06.09.2019 15:00;28,6
06.09.2019 15:00;06.09.2019 16:00;28,52
06.09.2019 16:00;06.09.2019 17:00;29,14
06.09.2019 17:00;06.09.2019 18:00;33,49
06.09.2019 18:00;06.09.2019 19:00;38,26
06.09.2019 19:00;06.09.2019 20:00;39,31
06.09.2019 20:00;06.09.2019 21:00;40,07
06.09.2019 21:00;06.09.2019 22:00;38,4
06.09.2019 22:00;06.09.2019 23:00;37,89
06.09.2019 23:00;07.09.2019 00:00;34,07
07.09.2019 00:00;07.09.2019 01:00;32,01
07.09.2019 01:00;07.09.2019 02:00;30,0
07.09.2019 02:00;07.09.2019 03:00;29,44
07.09.2019 03:00;07.09.2019 04:00;29,19
07.09.2019 04:00;07.09.2019 05:00;29,45
07.09.2019 05:00;07.09.2019 06:00;29,99
07.09.2019 06:00;07.09.2019 07:00;32,57
07.09.2019 07:00;07.09.2019 08:00;35,09
07.09.2019 08:00;07.09.2019 09:00;36,53
07.09.2019 09:00;07.09.2019 10:00;39,97
07.09.2019 10:00;07.09.2019 11:00;39,98
07.09.2019 11:00;07.09.2019 12:00;36,99
07.09.2019 12:00;07.09.2019 13:00;36,0
07.09.2019 13:00;07.09.2019 14:00;35,05
07.09.2019 14:00;07.09.2019 15:00;33,96
07.09.2019 15:00;07.09.2019 16:00;33,41
07.09.2019 16:00;07.09.2019 17:00;33,39
07.09.2019 17:00;07.09.2019 18:00;38,98
07.09.2019 18:00;07.09.2019 19:00;44,05
07.09.2019 19:00;07.09.2019 20:00;46,71
07.09.2019 20:00;07.09.2019 21:00;48,01
07.09.2019 21:00;07.09.2019 22:00;39,0
07.09.2019 22:00;07.09.2019 23:00;37,98
07.09.2019 23:00;08.09.2019 00:00;34,78
08.09.2019 00:00;08.09.2019 01:00;34,46
08.09.2019 01:00;08.09.2019 02:00;32,61
08.09.2019 02:00;08.09.2019 03:00;32,36
08.09.2019 03:00;08.09.2019 04:00;32,01
08.09.2019 04:00;08.09.2019 05:00;31,92
08.09.2019 05:00;08.09.2019 06:00;32,08
08.09.2019 06:00;08.09.2019 07:00;32,39
08.09.2019 07:00;08.09.2019 08:00;33,2
08.09.2019 08:00;08.09.2019 09:00;35,0
08.09.2019 09:00;08.09.2019 10:00;37,27
08.09.2019 10:00;08.09.2019 11:00;36,31
08.09.2019 11:00;08.09.2019 12:00;36,19
08.09.2019 12:00;08.09.2019 13:00;35,46
08.09.2019 13:00;08.09.2019 14:00;32,2
08.09.2019 14:00;08.09.2019 15:00;32,3
08.09.2019 15:00;08.09.2019 16:00;32,37
08.09.2019 16:00;08.09.2019 17:00;34,26
08.09.2019 17:00;08.09.2019 18:00;39,3
08.09.2019 18:00;08.09.2019 19:00;43,11
08.09.2019 19:00;08.09.2019 20:00;49,55
08.09.2019 20:00;08.09.2019 21:00;54,34
08.09.2019 21:00;08.09.2019 22:00;45,49
08.09.2019 22:00;08.09.2019 23:00;42,5
08.09.2019 23:00;09.09.2019 00:00;38,27
09.09.2019 00:00;09.09.2019 01:00;38,33
09.09.2019 01:00;09.09.2019 02:00;34,09
09.09.2019 02:00;09.09.2019 03:00;33,03
09.09.2019 03:00;09.09.2019 04:00;32,09
09.09.2019 04:00;09.09.2019 05:00;32,44
09.09.2019 05:00;09.09.2019 06:00;34,16
09.09.2019 06:00;09.09.2019 07:00;48,18
09.09.2019 07:00;09.09.2019 08:00;63,52
09.09.2019 08:00;09.09.2019 09:00;71,36
09.09.2019 09:00;09.09.2019 10:00;56,51
09.09.2019 10:00;09.09.2019 11:00;48,71
09.09.2019 11:00;09.09.2019 12:00;47,83
09.09.2019 12:00;09.09.2019 13:00;46,0
09.09.2019 13:00;09.09.2019 14:00;45,23
09.09.2019 14:00;09.09.2019 15:00;42,64
09.09.2019 15:00;09.09.2019 16:00;42,23
09.09.2019 16:00;09.09.2019 17:00;41,6
09.09.2019 17:00;09.09.2019 18:00;45,14
09.09.2019 18:00;09.09.2019 19:00;49,99
09.09.2019 19:00;09.09.2019 20:00;60,94
09.09.2019 20:00;09.09.2019 21:00;57,48
09.09.2019 21:00;09.09.2019 22:00;45,94
09.09.2019 22:00;09.09.2019 23:00;40,38
09.09.2019 23:00;10.09.2019 00:00;34,35
10.09.2019 00:00;10.09.2019 01:00;33,01
10.09.2019 01:00;10.09.2019 02:00;32,45
10.09.2019 02:00;10.09.2019 03:00;31,0
10.09.2019 03:00;10.09.2019 04:00;30,02
10.09.2019 04:00;10.09.2019 05:00;29,9
10.09.2019 05:00;10.09.2019 06:00;32,23
10.09.2019 06:00;10.09.2019 07:00;41,0
10.09.2019 07:00;10.09.2019 08:00;44,95
10.09.2019 08:00;10.09.2019 09:00;45,93
10.09.2019 09:00;10.09.2019 10:00;41,0
10.09.2019 10:00;10.09.2019 11:00;36,0
10.09.2019 11:00;10.09.2019 12:00;32,6
10.09.2019 12:00;10.09.2019 13:00;31,04
10.09.2019 13:00;10.09.2019 14:00;31,07
10.09.2019 14:00;10.09.2019 15:00;31,3
10.09.2019 15:00;10.09.2019 16:00;32,01
10.09.2019 16:00;10.09.2019 17:00;34,1
10.09.2019 17:00;10.09.2019 18:00;39,18
10.09.2019 18:00;10.09.2019 19:00;44,94
10.09.2019 19:00;10.09.2019 20:00;48,02
10.09.2019 20:00;10.09.2019 21:00;51,59
10.09.2019 21:00;10.09.2019 22:00;42,75
10.09.2019 22:00;10.09.2019 23:00;35,89
10.09.2019 23:00;11.09.2019 00:00;31,7
11.09.2019 00:00;11.09.2019 01:00;31,25
11.09.2019 01:00;11.09.2019 02:00;30,23
11.09.2019 02:00;11.09.2019 03:00;28,62
11.09.2019 03:00;11.09.2019 04:00;28,88
11.09.2019 04:00;11.09.2019 05:00;29,9
11.09.2019 05:00;11.09.2019 06:00;30,64
11.09.2019 06:00;11.09.2019 07:00;38,82
11.09.2019 07:00;11.09.2019 08:00;42,57
11.09.2019 08:00;11.09.2019 09:00;43,25
11.09.2019 09:00;11.09.2019 10:00;39,82
11.09.2019 10:00;11.09.2019 11:00;36,29
11.09.2019 11:00;11.09.2019 12:00;33,94
11.09.2019 12:00;11.09.2019 13:00;30,55
11.09.2019 13:00;11.09.2019 14:00;28,79
11.09.2019 14:00;11.09.2019 15:00;28,68
11.09.2019 15:00;11.09.2019 16:00;30,02
11.09.2019 16:00;11.09.2019 17:00;29,33
11.09.2019 17:00;11.09.2019 18:00;33,06
11.09.2019 18:00;11.09.2019 19:00;37,34
11.09.2019 19:00;11.09.2019 20:00;39,67
11.09.2019 20:00;11.09.2019 21:00;41,1
11.09.2019 21:00;11.09.2019 22:00;38,37
11.09.2019 22:00;11.09.2019 23:00;33,04
11.09.2019 23:00;12.09.2019 00:00;30,1
12.09.2019 00:00;12.09.2019 01:00;27,88
12.09.2019 01:00;12.09.2019 02:00;27,21
12.09.2019 02:00;12.09.2019 03:00;27,53
12.09.2019 03:00;12.09.2019 04:00;26,89
12.09.2019 04:00;12.09.2019 05:00;28,03
12.09.2019 05:00;12.09.2019 06:00;30,74
12.09.2019 06:00;12.09.2019 07:00;44,66
12.09.2019 07:00;12.09.2019 08:00;50,32
12.09.2019 08:00;12.09.2019 09:00;55,55
12.09.2019 09:00;12.09.2019 10:00;47,96
12.09.2019 10:00;12.09.2019 11:00;43,93
12.09.2019 11:00;12.09.2019 12:00;41,97
12.09.2019 12:00;12.09.2019 13:00;40,99
12.09.2019 13:00;12.09.2019 14:00;35,28
12.09.2019 14:00;12.09.2019 15:00;32,68
12.09.2019 15:00;12.09.2019 16:00;32,72
12.09.2019 16:00;12.09.2019 17:00;32,75
12.09.2019 17:00;12.09.2019 18:00;39,9
12.09.2019 18:00;12.09.2019 19:00;42,0
12.09.2019 19:00;12.09.2019 20:00;44,27
12.09.2019 20:00;12.09.2019 21:00;44,17
12.09.2019 21:00;12.09.2019 22:00;41,51
12.09.2019 22:00;12.09.2019 23:00;36,84
12.09.2019 23:00;13.09.2019 00:00;30,93
13.09.2019 00:00;13.09.2019 01:00;30,05
13.09.2019 01:00;13.09.2019 02:00;28,31
13.09.2019 02:00;13.09.2019 03:00;27,11
13.09.2019 03:00;13.09.2019 04:00;26,24
13.09.2019 04:00;13.09.2019 05:00;27,05
13.09.2019 05:00;13.09.2019 06:00;30,01
13.09.2019 06:00;13.09.2019 07:00;40,01
13.09.2019 07:00;13.09.2019 08:00;43,98
13.09.2019 08:00;13.09.2019 09:00;45,72
13.09.2019 09:00;13.09.2019 10:00;44,69
13.09.2019 10:00;13.09.2019 11:00;43,65
13.09.2019 11:00;13.09.2019 12:00;42,21
13.09.2019 12:00;13.09.2019 13:00;40,92
13.09.2019 13:00;13.09.2019 14:00;38,11
13.09.2019 14:00;13.09.2019 15:00;37,06
13.09.2019 15:00;13.09.2019 16:00;36,25
13.09.2019 16:00;13.09.2019 17:00;37,53
13.09.2019 17:00;13.09.2019 18:00;42,48
13.09.2019 18:00;13.09.2019 19:00;46,13
13.09.2019 19:00;13.09.2019 20:00;50,91
13.09.2019 20:00;13.09.2019 21:00;52,07
13.09.2019 21:00;13.09.2019 22:00;44,91
13.09.2019 22:00;13.09.2019 23:00;42,02
13.09.2019 23:00;14.09.2019 00:00;39,0
14.09.2019 00:00;14.09.2019 01:00;39,7
14.09.2019 01:00;14.09.2019 02:00;32,5
14.09.2019 02:00;14.09.2019 03:00;32,07
14.09.2019 03:00;14.09.2019 04:00;31,95
14.09.2019 04:00;14.09.2019 05:00;31,93
14.09.2019 05:00;14.09.2019 06:00;31,98
14.09.2019 06:00;14.09.2019 07:00;32,86
14.09.2019 07:00;14.09.2019 08:00;40,52
14.09.2019 08:00;14.09.2019 09:00;41,95
14.09.2019 09:00;14.09.2019 10:00;41,77
14.09.2019 10:00;14.09.2019 11:00;36,49
14.09.2019 11:00;14.09.2019 12:00;32,54
14.09.2019 12:00;14.09.2019 13:00;31,28
14.09.2019 13:00;14.09.2019 14:00;30,01
14.09.2019 14:00;14.09.2019 15:00;28,03
14.09.2019 15:00;14.09.2019 16:00;28,02
14.09.2019 16:00;14.09.2019 17:00;30,0
14.09.2019 17:00;14.09.2019 18:00;35,48
14.09.2019 18:00;14.09.2019 19:00;42,96
14.09.2019 19:00;14.09.2019 20:00;50,85
14.09.2019 20:00;14.09.2019 21:00;47,99
14.09.2019 21:00;14.09.2019 22:00;44,05
14.09.2019 22:00;14.09.2019 23:00;40,95
14.09.2019 23:00;15.09.2019 00:00;32,89
15.09.2019 00:00;15.09.2019 01:00;33,08
15.09.2019 01:00;15.09.2019 02:00;29,4
15.09.2019 02:00;15.09.2019 03:00;25,35
15.09.2019 03:00;15.09.2019 04:00;17,86
15.09.2019 04:00;15.09.2019 05:00;16,29
15.09.2019 05:00;15.09.2019 06:00;17,42
15.09.2019 06:00;15.09.2019 07:00;19,75
15.09.2019 07:00;15.09.2019 08:00;19,15
15.09.2019 08:00;15.09.2019 09:00;24,24
15.09.2019 09:00;15.09.2019 10:00;24,83
15.09.2019 10:00;15.09.2019 11:00;20,99
15.09.2019 11:00;15.09.2019 12:00;8,51
15.09.2019 12:00;15.09.2019 13:00;-0,07
15.09.2019 13:00;15.09.2019 14:00;-7,45
15.09.2019 14:00;15.09.2019 15:00;-6,83
15.09.2019 15:00;15.09.2019 16:00;0,07
15.09.2019 16:00;15.09.2019 17:00;25,48
15.09.2019 17:00;15.09.2019 18:00;32,4
15.09.2019 18:00;15.09.2019 19:00;41,75
15.09.2019 19:00;15.09.2019 20:00;43,96
15.09.2019 20:00;15.09.2019 21:00;48,9
15.09.2019 21:00;15.09.2019 22:00;47,99
15.09.2019 22:00;15.09.2019 23:00;45,91
15.09.2019 23:00;16.09.2019 00:00;41,17
16.09.2019 00:00;16.09.2019 01:00;32,45
16.09.2019 01:00;16.09.2019 02:00;32,57
16.09.2019 02:00;16.09.2019 03:00;32,09
16.09.2019 03:00;16.09.2019 04:00;30,43
16.09.2019 04:00;16.09.2019 05:00;30,92
16.09.2019 05:00;16.09.2019 06:00;33,3
16.09.2019 06:00;16.09.2019 07:00;50,67
16.09.2019 07:00;16.09.2019 08:00;52,98
16.09.2019 08:00;16.09.2019 09:00;59,69
16.09.2019 09:00;16.09.2019 10:00;55,31
16.09.2019 10:00;16.09.2019 11:00;50,79
16.09.2019 11:00;16.09.2019 12:00;54,69
16.09.2019 12:00;16.09.2019 13:00;50,0
16.09.2019 13:00;16.09.2019 14:00;50,32
16.09.2019 14:00;16.09.2019 15:00;49,39
16.09.2019 15:00;16.09.2019 16:00;48,91
16.09.2019 16:00;16.09.2019 17:00;48,11
16.09.2019 17:00;16.09.2019 18:00;51,93
16.09.2019 18:00;16.09.2019 19:00;56,67
16.09.2019 19:00;16.09.2019 20:00;60,91
16.09.2019 20:00;16.09.2019 21:00;60,16
16.09.2019 21:00;16.09.2019 22:00;51,09
16.09.2019 22:00;16.09.2019 23:00;47,91
16.09.2019 23:00;17.09.2019 00:00;40,32
17.09.2019 00:00;17.09.2019 01:00;36,88
17.09.2019 01:00;17.09.2019 02:00;33,02
17.09.2019 02:00;17.09.2019 03:00;30,91
17.09.2019 03:00;17.09.2019 04:00;30,5
17.09.2019 04:00;17.09.2019 05:00;30,57
17.09.2019 05:00;17.09.2019 06:00;33,15
17.09.2019 06:00;17.09.2019 07:00;45,9
17.09.2019 07:00;17.09.2019 08:00;50,91
17.09.2019 08:00;17.09.2019 09:00;52,03
17.09.2019 09:00;17.09.2019 10:00;45,09
17.09.2019 10:00;17.09.2019 11:00;36,32
17.09.2019 11:00;17.09.2019 12:00;30,23
17.09.2019 12:00;17.09.2019 13:00;27,51
17.09.2019 13:00;17.09.2019 14:00;26,46
17.09.2019 14:00;17.09.2019 15:00;17,88
17.09.2019 15:00;17.09.2019 16:00;20,45
17.09.2019 16:00;17.09.2019 17:00;25,03
17.09.2019 17:00;17.09.2019 18:00;27,99
17.09.2019 18:00;17.09.2019 19:00;34,68
17.09.2019 19:00;17.09.2019 20:00;39,49
17.09.2019 20:00;17.09.2019 21:00;38,81
17.09.2019 21:00;17.09.2019 22:00;35,77
17.09.2019 22:00;17.09.2019 23:00;33,23
17.09.2019 23:00;18.09.2019 00:00;30,03
18.09.2019 00:00;18.09.2019 01:00;27,53
18.09.2019 01:00;18.09.2019 02:00;27,16
18.09.2019 02:00;18.09.2019 03:00;27,0
18.09.2019 03:00;18.09.2019 04:00;26,74
18.09.2019 04:00;18.09.2019 05:00;27,7
18.09.2019 05:00;18.09.2019 06:00;30,18
18.09.2019 06:00;18.09.2019 07:00;39,77
18.09.2019 07:00;18.09.2019 08:00;49,95
18.09.2019 08:00;18.09.2019 09:00;51,22
18.09.2019 09:00;18.09.2019 10:00;46,36
18.09.2019 10:00;18.09.2019 11:00;32,66
18.09.2019 11:00;18.09.2019 12:00;29,23
18.09.2019 12:00;18.09.2019 13:00;27,65
18.09.2019 13:00;18.09.2019 14:00;27,05
18.09.2019 14:00;18.09.2019 15:00;26,09
18.09.2019 15:00;18.09.2019 16:00;27,66
18.09.2019 16:00;18.09.2019 17:00;29,65
18.09.2019 17:00;18.09.2019 18:00;37,91
18.09.2019 18:00;18.09.2019 19:00;48,29
18.09.2019 19:00;18.09.2019 20:00;52,27
18.09.2019 20:00;18.09.2019 21:00;53,17
18.09.2019 21:00;18.09.2019 22:00;48,07
18.09.2019 22:00;18.09.2019 23:00;45,19
18.09.2019 23:00;19.09.2019 00:00;37,0
19.09.2019 00:00;19.09.2019 01:00;33,34
19.09.2019 01:00;19.09.2019 02:00;31,15
19.09.2019 02:00;19.09.2019 03:00;30,78
19.09.2019 03:00;19.09.2019 04:00;30,36
19.09.2019 04:00;19.09.2019 05:00;31,43
19.09.2019 05:00;19.09.2019 06:00;34,5
19.09.2019 06:00;19.09.2019 07:00;48,73
19.09.2019 07:00;19.09.2019 08:00;51,79
19.09.2019 08:00;19.09.2019 09:00;54,0
19.09.2019 09:00;19.09.2019 10:00;52,0
19.09.2019 10:00;19.09.2019 11:00;50,19
19.09.2019 11:00;19.09.2019 12:00;44,3
19.09.2019 12:00;19.09.2019 13:00;37,81
19.09.2019 13:00;19.09.2019 14:00;36,31
19.09.2019 14:00;19.09.2019 15:00;36,0
19.09.2019 15:00;19.09.2019 16:00;36,41
19.09.2019 16:00;19.09.2019 17:00;38,88
19.09.2019 17:00;19.09.2019 18:00;50,0
19.09.2019 18:00;19.09.2019 19:00;52,2
19.09.2019 19:00;19.09.2019 20:00;71,47
19.09.2019 20:00;19.09.2019 21:00;61,13
19.09.2019 21:00;19.09.2019 22:00;51,24
19.09.2019 22:00;19.09.2019 23:00;48,09
19.09.2019 23:00;20.09.2019 00:00;38,61
20.09.2019 00:00;20.09.2019 01:00;37,37
20.09.2019 01:00;20.09.2019 02:00;36,06
20.09.2019 02:00;20.09.2019 03:00;35,04
20.09.2019 03:00;20.09.2019 04:00;35,4
20.09.2019 04:00;20.09.2019 05:00;36,13
20.09.2019 05:00;20.09.2019 06:00;37,25
20.09.2019 06:00;20.09.2019 07:00;48,77
20.09.2019 07:00;20.09.2019 08:00;53,47
20.09.2019 08:00;20.09.2019 09:00;60,73
20.09.2019 09:00;20.09.2019 10:00;52,09
20.09.2019 10:00;20.09.2019 11:00;49,48
20.09.2019 11:00;20.09.2019 12:00;42,85
20.09.2019 12:00;20.09.2019 13:00;37,02
20.09.2019 13:00;20.09.2019 14:00;34,63
20.09.2019 14:00;20.09.2019 15:00;33,38
20.09.2019 15:00;20.09.2019 16:00;33,81
20.09.2019 16:00;20.09.2019 17:00;36,52
20.09.2019 17:00;20.09.2019 18:00;46,13
20.09.2019 18:00;20.09.2019 19:00;52,96
20.09.2019 19:00;20.09.2019 20:00;56,94
20.09.2019 20:00;20.09.2019 21:00;51,22
20.09.2019 21:00;20.09.2019 22:00;44,08
20.09.2019 22:00;20.09.2019 23:00;39,18
20.09.2019 23:00;21.09.2019 00:00;34,2
21.09.2019 00:00;21.09.2019 01:00;33,07
21.09.2019 01:00;21.09.2019 02:00;30,01
21.09.2019 02:00;21.09.2019 03:00;29,45
21.09.2019 03:00;21.09.2019 04:00;30,09
21.09.2019 04:00;21.09.2019 05:00;31,97
21.09.2019 05:00;21.09.2019 06:00;32,96
21.09.2019 06:00;21.09.2019 07:00;35,38
21.09.2019 07:00;21.09.2019 08:00;44,98
21.09.2019 08:00;21.09.2019 09:00;43,4
21.09.2019 09:00;21.09.2019 10:00;36,5
21.09.2019 10:00;21.09.2019 11:00;31,49
21.09.2019 11:00;21.09.2019 12:00;29,86
21.09.2019 12:00;21.09.2019 13:00;28,27
21.09.2019 13:00;21.09.2019 14:00;27,25
21.09.2019 14:00;21.09.2019 15:00;26,7
21.09.2019 15:00;21.09.2019 16:00;27,67
21.09.2019 16:00;21.09.2019 17:00;28,0
21.09.2019 17:00;21.09.2019 18:00;39,66
21.09.2019 18:00;21.09.2019 19:00;50,0
21.09.2019 19:00;21.09.2019 20:00;50,0
21.09.2019 20:00;21.09.2019 21:00;46,32
21.09.2019 21:00;21.09.2019 22:00;34,93
21.09.2019 22:00;21.09.2019 23:00;33,1
21.09.2019 23:00;22.09.2019 00:00;30,56
22.09.2019 00:00;22.09.2019 01:00;27,62
22.09.2019 01:00;22.09.2019 02:00;28,14
22.09.2019 02:00;22.09.2019 03:00;28,36
22.09.2019 03:00;22.09.2019 04:00;28,54
22.09.2019 04:00;22.09.2019 05:00;29,87
22.09.2019 05:00;22.09.2019 06:00;27,3
22.09.2019 06:00;22.09.2019 07:00;26,6
22.09.2019 07:00;22.09.2019 08:00;26,88
22.09.2019 08:00;22.09.2019 09:00;26,0
22.09.2019 09:00;22.09.2019 10:00;25,33
22.09.2019 10:00;22.09.2019 11:00;26,24
22.09.2019 11:00;22.09.2019 12:00;26,91
22.09.2019 12:00;22.09.2019 13:00;26,58
22.09.2019 13:00;22.09.2019 14:00;24,9
22.09.2019 14:00;22.09.2019 15:00;25,05
22.09.2019 15:00;22.09.2019 16:00;26,49
22.09.2019 16:00;22.09.2019 17:00;27,27
22.09.2019 17:00;22.09.2019 18:00;34,99
22.09.2019 18:00;22.09.2019 19:00;39,01
22.09.2019 19:00;22.09.2019 20:00;40,97
22.09.2019 20:00;22.09.2019 21:00;38,5
22.09.2019 21:00;22.09.2019 22:00;34,44
22.09.2019 22:00;22.09.2019 23:00;33,4
22.09.2019 23:00;23.09.2019 00:00;31,99
23.09.2019 00:00;23.09.2019 01:00;27,66
23.09.2019 01:00;23.09.2019 02:00;27,2
23.09.2019 02:00;23.09.2019 03:00;27,38
23.09.2019 03:00;23.09.2019 04:00;27,62
23.09.2019 04:00;23.09.2019 05:00;27,24
23.09.2019 05:00;23.09.2019 06:00;31,31
23.09.2019 06:00;23.09.2019 07:00;39,14
23.09.2019 07:00;23.09.2019 08:00;48,99
23.09.2019 08:00;23.09.2019 09:00;50,0
23.09.2019 09:00;23.09.2019 10:00;49,98
23.09.2019 10:00;23.09.2019 11:00;49,99
23.09.2019 11:00;23.09.2019 12:00;50,5
23.09.2019 12:00;23.09.2019 13:00;48,76
23.09.2019 13:00;23.09.2019 14:00;48,27
23.09.2019 14:00;23.09.2019 15:00;47,27
23.09.2019 15:00;23.09.2019 16:00;48,36
23.09.2019 16:00;23.09.2019 17:00;53,92
23.09.2019 17:00;23.09.2019 18:00;53,97
23.09.2019 18:00;23.09.2019 19:00;55,58
23.09.2019 19:00;23.09.2019 20:00;64,98
23.09.2019 20:00;23.09.2019 21:00;53,1
23.09.2019 21:00;23.09.2019 22:00;49,21
23.09.2019 22:00;23.09.2019 23:00;42,85
23.09.2019 23:00;24.09.2019 00:00;35,79
24.09.2019 00:00;24.09.2019 01:00;36,35
24.09.2019 01:00;24.09.2019 02:00;35,44
24.09.2019 02:00;24.09.2019 03:00;35,24
24.09.2019 03:00;24.09.2019 04:00;35,43
24.09.2019 04:00;24.09.2019 05:00;36,33
24.09.2019 05:00;24.09.2019 06:00;38,95
24.09.2019 06:00;24.09.2019 07:00;55,98
24.09.2019 07:00;24.09.2019 08:00;65,17
24.09.2019 08:00;24.09.2019 09:00;65,19
24.09.2019 09:00;24.09.2019 10:00;53,04
24.09.2019 10:00;24.09.2019 11:00;52,95
24.09.2019 11:00;24.09.2019 12:00;50,9
24.09.2019 12:00;24.09.2019 13:00;49,15
24.09.2019 13:00;24.09.2019 14:00;46,99
24.09.2019 14:00;24.09.2019 15:00;45,74
24.09.2019 15:00;24.09.2019 16:00;46,82
24.09.2019 16:00;24.09.2019 17:00;49,77
24.09.2019 17:00;24.09.2019 18:00;54,96
24.09.2019 18:00;24.09.2019 19:00;60,2
24.09.2019 19:00;24.09.2019 20:00;54,19
24.09.2019 20:00;24.09.2019 21:00;51,18
24.09.2019 21:00;24.09.2019 22:00;46,41
24.09.2019 22:00;24.09.2019 23:00;37,58
24.09.2019 23:00;25.09.2019 00:00;34,72
25.09.2019 00:00;25.09.2019 01:00;34,31
25.09.2019 01:00;25.09.2019 02:00;33,17
25.09.2019 02:00;25.09.2019 03:00;33,0
25.09.2019 03:00;25.09.2019 04:00;34,25
25.09.2019 04:00;25.09.2019 05:00;34,9
25.09.2019 05:00;25.09.2019 06:00;36,5
25.09.2019 06:00;25.09.2019 07:00;50,91
25.09.2019 07:00;25.09.2019 08:00;56,97
25.09.2019 08:00;25.09.2019 09:00;62,08
25.09.2019 09:00;25.09.2019 10:00;56,64
25.09.2019 10:00;25.09.2019 11:00;51,67
25.09.2019 11:00;25.09.2019 12:00;50,98
25.09.2019 12:00;25.09.2019 13:00;49,8
25.09.2019 13:00;25.09.2019 14:00;50,24
25.09.2019 14:00;25.09.2019 15:00;50,02
25.09.2019 15:00;25.09.2019 16:00;49,95
25.09.2019 16:00;25.09.2019 17:00;48,48
25.09.2019 17:00;25.09.2019 18:00;49,99
25.09.2019 18:00;25.09.2019 19:00;54,19
25.09.2019 19:00;25.09.2019 20:00;59,66
25.09.2019 20:00;25.09.2019 21:00;51,74
25.09.2019 21:00;25.09.2019 22:00;47,68
25.09.2019 22:00;25.09.2019 23:00;39,69
25.09.2019 23:00;26.09.2019 00:00;35,05
26.09.2019 00:00;26.09.2019 01:00;34,18
26.09.2019 01:00;26.09.2019 02:00;32,92
26.09.2019 02:00;26.09.2019 03:00;31,8
26.09.2019 03:00;26.09.2019 04:00;31,55
26.09.2019 04:00;26.09.2019 05:00;32,12
26.09.2019 05:00;26.09.2019 06:00;34,9
26.09.2019 06:00;26.09.2019 07:00;46,21
26.09.2019 07:00;26.09.2019 08:00;50,29
26.09.2019 08:00;26.09.2019 09:00;51,51
26.09.2019 09:00;26.09.2019 10:00;50,52
26.09.2019 10:00;26.09.2019 11:00;49,84
26.09.2019 11:00;26.09.2019 12:00;48,93
26.09.2019 12:00;26.09.2019 13:00;47,35
26.09.2019 13:00;26.09.2019 14:00;46,6
26.09.2019 14:00;26.09.2019 15:00;44,7
26.09.2019 15:00;26.09.2019 16:00;44,37
26.09.2019 16:00;26.09.2019 17:00;44,38
26.09.2019 17:00;26.09.2019 18:00;45,04
26.09.2019 18:00;26.09.2019 19:00;45,28
26.09.2019 19:00;26.09.2019 20:00;43,4
26.09.2019 20:00;26.09.2019 21:00;42,49
26.09.2019 21:00;26.09.2019 22:00;36,12
26.09.2019 22:00;26.09.2019 23:00;32,8
26.09.2019 23:00;27.09.2019 00:00;30,29
27.09.2019 00:00;27.09.2019 01:00;29,05
27.09.2019 01:00;27.09.2019 02:00;27,95
27.09.2019 02:00;27.09.2019 03:00;27,9
27.09.2019 03:00;27.09.2019 04:00;27,99
27.09.2019 04:00;27.09.2019 05:00;28,87
27.09.2019 05:00;27.09.2019 06:00;31,9
27.09.2019 06:00;27.09.2019 07:00;42,55
27.09.2019 07:00;27.09.2019 08:00;48,37
27.09.2019 08:00;27.09.2019 09:00;50,31
27.09.2019 09:00;27.09.2019 10:00;50,08
27.09.2019 10:00;27.09.2019 11:00;47,27
27.09.2019 11:00;27.09.2019 12:00;44,14
27.09.2019 12:00;27.09.2019 13:00;38,81
27.09.2019 13:00;27.09.2019 14:00;35,72
27.09.2019 14:00;27.09.2019 15:00;34,46
27.09.2019 15:00;27.09.2019 16:00;33,94
27.09.2019 16:00;27.09.2019 17:00;36,79
27.09.2019 17:00;27.09.2019 18:00;44,8
27.09.2019 18:00;27.09.2019 19:00;46,54
27.09.2019 19:00;27.09.2019 20:00;48,36
27.09.2019 20:00;27.09.2019 21:00;47,49
27.09.2019 21:00;27.09.2019 22:00;35,14
27.09.2019 22:00;27.09.2019 23:00;34,0
27.09.2019 23:00;28.09.2019 00:00;30,07
28.09.2019 00:00;28.09.2019 01:00;26,5
28.09.2019 01:00;28.09.2019 02:00;24,5
28.09.2019 02:00;28.09.2019 03:00;23,0
28.09.2019 03:00;28.09.2019 04:00;22,78
28.09.2019 04:00;28.09.2019 05:00;22,94
28.09.2019 05:00;28.09.2019 06:00;22,73
28.09.2019 06:00;28.09.2019 07:00;25,94
28.09.2019 07:00;28.09.2019 08:00;27,46
28.09.2019 08:00;28.09.2019 09:00;33,2
28.09.2019 09:00;28.09.2019 10:00;34,58
28.09.2019 10:00;28.09.2019 11:00;30,11
28.09.2019 11:00;28.09.2019 12:00;25,7
28.09.2019 12:00;28.09.2019 13:00;14,06
28.09.2019 13:00;28.09.2019 14:00;-1,56
28.09.2019 14:00;28.09.2019 15:00;-2,77
28.09.2019 15:00;28.09.2019 16:00;10,27
28.09.2019 16:00;28.09.2019 17:00;23,0
28.09.2019 17:00;28.09.2019 18:00;32,28
28.09.2019 18:00;28.09.2019 19:00;38,19
28.09.2019 19:00;28.09.2019 20:00;43,69
28.09.2019 20:00;28.09.2019 21:00;33,4
28.09.2019 21:00;28.09.2019 22:00;26,1
28.09.2019 22:00;28.09.2019 23:00;22,99
28.09.2019 23:00;29.09.2019 00:00;19,38
29.09.2019 00:00;29.09.2019 01:00;-2,97
29.09.2019 01:00;29.09.2019 02:00;1,19
29.09.2019 02:00;29.09.2019 03:00;12,79
29.09.2019 03:00;29.09.2019 04:00;13,15
29.09.2019 04:00;29.09.2019 05:00;13,96
29.09.2019 05:00;29.09.2019 06:00;13,08
29.09.2019 06:00;29.09.2019 07:00;18,11
29.09.2019 07:00;29.09.2019 08:00;22,43
29.09.2019 08:00;29.09.2019 09:00;22,48
29.09.2019 09:00;29.09.2019 10:00;23,49
29.09.2019 10:00;29.09.2019 11:00;18,13
29.09.2019 11:00;29.09.2019 12:00;18,02
29.09.2019 12:00;29.09.2019 13:00;7,22
29.09.2019 13:00;29.09.2019 14:00;-0,33
29.09.2019 14:00;29.09.2019 15:00;-12,77
29.09.2019 15:00;29.09.2019 16:00;-10,92
29.09.2019 16:00;29.09.2019 17:00;-0,47
29.09.2019 17:00;29.09.2019 18:00;6,83
29.09.2019 18:00;29.09.2019 19:00;16,58
29.09.2019 19:00;29.09.2019 20:00;28,0
29.09.2019 20:00;29.09.2019 21:00;25,48
29.09.2019 21:00;29.09.2019 22:00;13,97
29.09.2019 22:00;29.09.2019 23:00;13,92
29.09.2019 23:00;30.09.2019 00:00;3,99
30.09.2019 00:00;30.09.2019 01:00;5,07
30.09.2019 01:00;30.09.2019 02:00;-3,93
30.09.2019 02:00;30.09.2019 03:00;-24,32
30.09.2019 03:00;30.09.2019 04:00;-37,29
30.09.2019 04:00;30.09.2019 05:00;-32,38
30.09.2019 05:00;30.09.2019 06:00;-0,49
30.09.2019 06:00;30.09.2019 07:00;29,9
30.09.2019 07:00;30.09.2019 08:00;45,33
30.09.2019 08:00;30.09.2019 09:00;40,33
30.09.2019 09:00;30.09.2019 10:00;29,21
30.09.2019 10:00;30.09.2019 11:00;28,21
30.09.2019 11:00;30.09.2019 12:00;25,41
30.09.2019 12:00;30.09.2019 13:00;11,82
30.09.2019 13:00;30.09.2019 14:00;12,99
30.09.2019 14:00;30.09.2019 15:00;6,9
30.09.2019 15:00;30.09.2019 16:00;25,32
30.09.2019 16:00;30.09.2019 17:00;26,62
30.09.2019 17:00;30.09.2019 18:00;41,39
30.09.2019 18:00;30.09.2019 19:00;50,18
30.09.2019 19:00;30.09.2019 20:00;64,37
30.09.2019 20:00;30.09.2019 21:00;57,34
30.09.2019 21:00;30.09.2019 22:00;49,27
30.09.2019 22:00;30.09.2019 23:00;44,58
30.09.2019 23:00;01.10.2019 00:00;34,6
01.10.2019 00:00;01.10.2019 01:00;33,09
01.10.2019 01:00;01.10.2019 02:00;31,58
01.10.2019 02:00;01.10.2019 03:00;30,04
01.10.2019 03:00;01.10.2019 04:00;30,2
01.10.2019 04:00;01.10.2019 05:00;30,13
01.10.2019 05:00;01.10.2019 06:00;33,01
01.10.2019 06:00;01.10.2019 07:00;47,47
01.10.2019 07:00;01.10.2019 08:00;50,98
01.10.2019 08:00;01.10.2019 09:00;51,05
01.10.2019 09:00;01.10.2019 10:00;49,63
01.10.2019 10:00;01.10.2019 11:00;46,86
01.10.2019 11:00;01.10.2019 12:00;44,92
01.10.2019 12:00;01.10.2019 13:00;42,17
01.10.2019 13:00;01.10.2019 14:00;41,04
01.10.2019 14:00;01.10.2019 15:00;39,49
01.10.2019 15:00;01.10.2019 16:00;39,38
01.10.2019 16:00;01.10.2019 17:00;42,88
01.10.2019 17:00;01.10.2019 18:00;48,6
01.10.2019 18:00;01.10.2019 19:00;50,16
01.10.2019 19:00;01.10.2019 20:00;54,99
01.10.2019 20:00;01.10.2019 21:00;52,92
01.10.2019 21:00;01.10.2019 22:00;50,02
01.10.2019 22:00;01.10.2019 23:00;45,06
01.10.2019 23:00;02.10.2019 00:00;35,53
02.10.2019 00:00;02.10.2019 01:00;33,49
02.10.2019 01:00;02.10.2019 02:00;31,92
02.10.2019 02:00;02.10.2019 03:00;32,39
02.10.2019 03:00;02.10.2019 04:00;32,03
02.10.2019 04:00;02.10.2019 05:00;32,95
02.10.2019 05:00;02.10.2019 06:00;35,1
02.10.2019 06:00;02.10.2019 07:00;48,61
02.10.2019 07:00;02.10.2019 08:00;52,79
02.10.2019 08:00;02.10.2019 09:00;52,63
02.10.2019 09:00;02.10.2019 10:00;51,75
02.10.2019 10:00;02.10.2019 11:00;50,0
02.10.2019 11:00;02.10.2019 12:00;48,04
02.10.2019 12:00;02.10.2019 13:00;41,4
02.10.2019 13:00;02.10.2019 14:00;36,58
02.10.2019 14:00;02.10.2019 15:00;35,22
02.10.2019 15:00;02.10.2019 16:00;34,92
02.10.2019 16:00;02.10.2019 17:00;35,17
02.10.2019 17:00;02.10.2019 18:00;40,49
02.10.2019 18:00;02.10.2019 19:00;48,01
02.10.2019 19:00;02.10.2019 20:00;51,61
02.10.2019 20:00;02.10.2019 21:00;48,47
02.10.2019 21:00;02.10.2019 22:00;40,21
02.10.2019 22:00;02.10.2019 23:00;35,05
02.10.2019 23:00;03.10.2019 00:00;31,8
03.10.2019 00:00;03.10.2019 01:00;26,21
03.10.2019 01:00;03.10.2019 02:00;26,41
03.10.2019 02:00;03.10.2019 03:00;25,3
03.10.2019 03:00;03.10.2019 04:00;25,35
03.10.2019 04:00;03.10.2019 05:00;26,43
03.10.2019 05:00;03.10.2019 06:00;29,31
03.10.2019 06:00;03.10.2019 07:00;35,32
03.10.2019 07:00;03.10.2019 08:00;42,98
03.10.2019 08:00;03.10.2019 09:00;49,92
03.10.2019 09:00;03.10.2019 10:00;47,89
03.10.2019 10:00;03.10.2019 11:00;46,8
03.10.2019 11:00;03.10.2019 12:00;47,61
03.10.2019 12:00;03.10.2019 13:00;42,93
03.10.2019 13:00;03.10.2019 14:00;37,82
03.10.2019 14:00;03.10.2019 15:00;36,74
03.10.2019 15:00;03.10.2019 16:00;36,86
03.10.2019 16:00;03.10.2019 17:00;40,4
03.10.2019 17:00;03.10.2019 18:00;47,93
03.10.2019 18:00;03.10.2019 19:00;51,23
03.10.2019 19:00;03.10.2019 20:00;55,06
03.10.2019 20:00;03.10.2019 21:00;53,53
03.10.2019 21:00;03.10.2019 22:00;48,06
03.10.2019 22:00;03.10.2019 23:00;45,59
03.10.2019 23:00;04.10.2019 00:00;35,93
04.10.2019 00:00;04.10.2019 01:00;37,49
04.10.2019 01:00;04.10.2019 02:00;34,96
04.10.2019 02:00;04.10.2019 03:00;33,79
04.10.2019 03:00;04.10.2019 04:00;32,9
04.10.2019 04:00;04.10.2019 05:00;32,59
04.10.2019 05:00;04.10.2019 06:00;33,5
04.10.2019 06:00;04.10.2019 07:00;43,33
04.10.2019 07:00;04.10.2019 08:00;48,77
04.10.2019 08:00;04.10.2019 09:00;50,06
04.10.2019 09:00;04.10.2019 10:00;49,87
04.10.2019 10:00;04.10.2019 11:00;48,71
04.10.2019 11:00;04.10.2019 12:00;48,72
04.10.2019 12:00;04.10.2019 13:00;49,41
04.10.2019 13:00;04.10.2019 14:00;47,78
04.10.2019 14:00;04.10.2019 15:00;45,35
04.10.2019 15:00;04.10.2019 16:00;47,93
04.10.2019 16:00;04.10.2019 17:00;49,49
04.10.2019 17:00;04.10.2019 18:00;50,05
04.10.2019 18:00;04.10.2019 19:00;50,27
04.10.2019 19:00;04.10.2019 20:00;53,52
04.10.2019 20:00;04.10.2019 21:00;49,22
04.10.2019 21:00;04.10.2019 22:00;40,5
04.10.2019 22:00;04.10.2019 23:00;35,87
04.10.2019 23:00;05.10.2019 00:00;34,35
05.10.2019 00:00;05.10.2019 01:00;28,3
05.10.2019 01:00;05.10.2019 02:00;32,17
05.10.2019 02:00;05.10.2019 03:00;29,28
05.10.2019 03:00;05.10.2019 04:00;28,24
05.10.2019 04:00;05.10.2019 05:00;27,33
05.10.2019 05:00;05.10.2019 06:00;28,39
05.10.2019 06:00;05.10.2019 07:00;29,3
05.10.2019 07:00;05.10.2019 08:00;31,51
05.10.2019 08:00;05.10.2019 09:00;37,03
05.10.2019 09:00;05.10.2019 10:00;42,95
05.10.2019 10:00;05.10.2019 11:00;39,96
05.10.2019 11:00;05.10.2019 12:00;37,7
05.10.2019 12:00;05.10.2019 13:00;37,18
05.10.2019 13:00;05.10.2019 14:00;36,51
05.10.2019 14:00;05.10.2019 15:00;35,24
05.10.2019 15:00;05.10.2019 16:00;35,89
05.10.2019 16:00;05.10.2019 17:00;38,05
05.10.2019 17:00;05.10.2019 18:00;43,59
05.10.2019 18:00;05.10.2019 19:00;48,11
05.10.2019 19:00;05.10.2019 20:00;52,09
05.10.2019 20:00;05.10.2019 21:00;49,75
05.10.2019 21:00;05.10.2019 22:00;41,0
05.10.2019 22:00;05.10.2019 23:00;40,0
05.10.2019 23:00;06.10.2019 00:00;35,9
06.10.2019 00:00;06.10.2019 01:00;34,22
06.10.2019 01:00;06.10.2019 02:00;28,94
06.10.2019 02:00;06.10.2019 03:00;27,43
06.10.2019 03:00;06.10.2019 04:00;28,99
06.10.2019 04:00;06.10.2019 05:00;27,0
06.10.2019 05:00;06.10.2019 06:00;27,08
06.10.2019 06:00;06.10.2019 07:00;27,1
06.10.2019 07:00;06.10.2019 08:00;28,97
06.10.2019 08:00;06.10.2019 09:00;28,22
06.10.2019 09:00;06.10.2019 10:00;32,83
06.10.2019 10:00;06.10.2019 11:00;33,93
06.10.2019 11:00;06.10.2019 12:00;35,87
06.10.2019 12:00;06.10.2019 13:00;33,96
06.10.2019 13:00;06.10.2019 14:00;30,2
06.10.2019 14:00;06.10.2019 15:00;28,03
06.10.2019 15:00;06.10.2019 16:00;29,0
06.10.2019 16:00;06.10.2019 17:00;28,92
06.10.2019 17:00;06.10.2019 18:00;32,99
06.10.2019 18:00;06.10.2019 19:00;38,09
06.10.2019 19:00;06.10.2019 20:00;43,35
06.10.2019 20:00;06.10.2019 21:00;38,41
06.10.2019 21:00;06.10.2019 22:00;34,93
06.10.2019 22:00;06.10.2019 23:00;35,36
06.10.2019 23:00;07.10.2019 00:00;34,06
07.10.2019 00:00;07.10.2019 01:00;28,99
07.10.2019 01:00;07.10.2019 02:00;27,07
07.10.2019 02:00;07.10.2019 03:00;27,0
07.10.2019 03:00;07.10.2019 04:00;27,99
07.10.2019 04:00;07.10.2019 05:00;27,06
07.10.2019 05:00;07.10.2019 06:00;30,23
07.10.2019 06:00;07.10.2019 07:00;50,62
07.10.2019 07:00;07.10.2019 08:00;56,49
07.10.2019 08:00;07.10.2019 09:00;59,86
07.10.2019 09:00;07.10.2019 10:00;56,51
07.10.2019 10:00;07.10.2019 11:00;53,08
07.10.2019 11:00;07.10.2019 12:00;51,75
07.10.2019 12:00;07.10.2019 13:00;49,91
07.10.2019 13:00;07.10.2019 14:00;48,8
07.10.2019 14:00;07.10.2019 15:00;47,57
07.10.2019 15:00;07.10.2019 16:00;48,04
07.10.2019 16:00;07.10.2019 17:00;48,78
07.10.2019 17:00;07.10.2019 18:00;51,5
07.10.2019 18:00;07.10.2019 19:00;54,91
07.10.2019 19:00;07.10.2019 20:00;61,76
07.10.2019 20:00;07.10.2019 21:00;52,0
07.10.2019 21:00;07.10.2019 22:00;43,46
07.10.2019 22:00;07.10.2019 23:00;39,18
07.10.2019 23:00;08.10.2019 00:00;28,44
08.10.2019 00:00;08.10.2019 01:00;30,64
08.10.2019 01:00;08.10.2019 02:00;27,93
08.10.2019 02:00;08.10.2019 03:00;25,0
08.10.2019 03:00;08.10.2019 04:00;22,98
08.10.2019 04:00;08.10.2019 05:00;22,02
08.10.2019 05:00;08.10.2019 06:00;24,5
08.10.2019 06:00;08.10.2019 07:00;30,52
08.10.2019 07:00;08.10.2019 08:00;42,12
08.10.2019 08:00;08.10.2019 09:00;47,19
08.10.2019 09:00;08.10.2019 10:00;43,04
08.10.2019 10:00;08.10.2019 11:00;40,16
08.10.2019 11:00;08.10.2019 12:00;38,73
08.10.2019 12:00;08.10.2019 13:00;37,54
08.10.2019 13:00;08.10.2019 14:00;36,95
08.10.2019 14:00;08.10.2019 15:00;36,2
08.10.2019 15:00;08.10.2019 16:00;36,3
08.10.2019 16:00;08.10.2019 17:00;36,28
08.10.2019 17:00;08.10.2019 18:00;40,62
08.10.2019 18:00;08.10.2019 19:00;44,44
08.10.2019 19:00;08.10.2019 20:00;50,15
08.10.2019 20:00;08.10.2019 21:00;37,5
08.10.2019 21:00;08.10.2019 22:00;33,16
08.10.2019 22:00;08.10.2019 23:00;28,5
08.10.2019 23:00;09.10.2019 00:00;24,24
09.10.2019 00:00;09.10.2019 01:00;24,19
09.10.2019 01:00;09.10.2019 02:00;23,63
09.10.2019 02:00;09.10.2019 03:00;22,25
09.10.2019 03:00;09.10.2019 04:00;19,44
09.10.2019 04:00;09.10.2019 05:00;21,92
09.10.2019 05:00;09.10.2019 06:00;25,22
09.10.2019 06:00;09.10.2019 07:00;30,87
09.10.2019 07:00;09.10.2019 08:00;44,22
09.10.2019 08:00;09.10.2019 09:00;45,51
09.10.2019 09:00;09.10.2019 10:00;47,06
09.10.2019 10:00;09.10.2019 11:00;42,62
09.10.2019 11:00;09.10.2019 12:00;38,9
09.10.2019 12:00;09.10.2019 13:00;37,37
09.10.2019 13:00;09.10.2019 14:00;36,1
09.10.2019 14:00;09.10.2019 15:00;35,65
09.10.2019 15:00;09.10.2019 16:00;35,25
09.10.2019 16:00;09.10.2019 17:00;33,49
09.10.2019 17:00;09.10.2019 18:00;40,73
09.10.2019 18:00;09.10.2019 19:00;45,14
09.10.2019 19:00;09.10.2019 20:00;51,44
09.10.2019 20:00;09.10.2019 21:00;43,27
09.10.2019 21:00;09.10.2019 22:00;38,13
09.10.2019 22:00;09.10.2019 23:00;34,2
09.10.2019 23:00;10.10.2019 00:00;28,08
10.10.2019 00:00;10.10.2019 01:00;23,88
10.10.2019 01:00;10.10.2019 02:00;22,73
10.10.2019 02:00;10.10.2019 03:00;21,61
10.10.2019 03:00;10.10.2019 04:00;18,26
10.10.2019 04:00;10.10.2019 05:00;18,95
10.10.2019 05:00;10.10.2019 06:00;22,2
10.10.2019 06:00;10.10.2019 07:00;34,73
10.10.2019 07:00;10.10.2019 08:00;45,97
10.10.2019 08:00;10.10.2019 09:00;47,74
10.10.2019 09:00;10.10.2019 10:00;44,0
10.10.2019 10:00;10.10.2019 11:00;29,95
10.10.2019 11:00;10.10.2019 12:00;26,33
10.10.2019 12:00;10.10.2019 13:00;25,23
10.10.2019 13:00;10.10.2019 14:00;23,45
10.10.2019 14:00;10.10.2019 15:00;23,41
10.10.2019 15:00;10.10.2019 16:00;23,83
10.10.2019 16:00;10.10.2019 17:00;26,38
10.10.2019 17:00;10.10.2019 18:00;36,95
10.10.2019 18:00;10.10.2019 19:00;43,3
10.10.2019 19:00;10.10.2019 20:00;47,79
10.10.2019 20:00;10.10.2019 21:00;41,78
10.10.2019 21:00;10.10.2019 22:00;29,0
10.10.2019 22:00;10.10.2019 23:00;28,39
10.10.2019 23:00;11.10.2019 00:00;25,23
11.10.2019 00:00;11.10.2019 01:00;23,75
11.10.2019 01:00;11.10.2019 02:00;22,34
11.10.2019 02:00;11.10.2019 03:00;17,65
11.10.2019 03:00;11.10.2019 04:00;12,57
11.10.2019 04:00;11.10.2019 05:00;14,54
11.10.2019 05:00;11.10.2019 06:00;20,15
11.10.2019 06:00;11.10.2019 07:00;26,04
11.10.2019 07:00;11.10.2019 08:00;38,69
11.10.2019 08:00;11.10.2019 09:00;40,84
11.10.2019 09:00;11.10.2019 10:00;37,42
11.10.2019 10:00;11.10.2019 11:00;33,9
11.10.2019 11:00;11.10.2019 12:00;30,41
11.10.2019 12:00;11.10.2019 13:00;23,59
11.10.2019 13:00;11.10.2019 14:00;22,93
11.10.2019 14:00;11.10.2019 15:00;21,77
11.10.2019 15:00;11.10.2019 16:00;22,11
11.10.2019 16:00;11.10.2019 17:00;23,8
11.10.2019 17:00;11.10.2019 18:00;30,38
11.10.2019 18:00;11.10.2019 19:00;33,65
11.10.2019 19:00;11.10.2019 20:00;34,92
11.10.2019 20:00;11.10.2019 21:00;31,19
11.10.2019 21:00;11.10.2019 22:00;24,8
11.10.2019 22:00;11.10.2019 23:00;22,98
11.10.2019 23:00;12.10.2019 00:00;12,94
12.10.2019 00:00;12.10.2019 01:00;0,47
12.10.2019 01:00;12.10.2019 02:00;0,03
12.10.2019 02:00;12.10.2019 03:00;-4,91
12.10.2019 03:00;12.10.2019 04:00;0,09
12.10.2019 04:00;12.10.2019 05:00;5,8
12.10.2019 05:00;12.10.2019 06:00;10,79
12.10.2019 06:00;12.10.2019 07:00;19,47
12.10.2019 07:00;12.10.2019 08:00;24,44
12.10.2019 08:00;12.10.2019 09:00;23,47
12.10.2019 09:00;12.10.2019 10:00;22,96
12.10.2019 10:00;12.10.2019 11:00;12,75
12.10.2019 11:00;12.10.2019 12:00;7,49
12.10.2019 12:00;12.10.2019 13:00;10,13
12.10.2019 13:00;12.10.2019 14:00;5,83
12.10.2019 14:00;12.10.2019 15:00;20,29
12.10.2019 15:00;12.10.2019 16:00;24,64
12.10.2019 16:00;12.10.2019 17:00;28,93
12.10.2019 17:00;12.10.2019 18:00;35,74
12.10.2019 18:00;12.10.2019 19:00;42,07
12.10.2019 19:00;12.10.2019 20:00;44,65
12.10.2019 20:00;12.10.2019 21:00;40,13
12.10.2019 21:00;12.10.2019 22:00;33,15
12.10.2019 22:00;12.10.2019 23:00;33,59
12.10.2019 23:00;13.10.2019 00:00;31,53
13.10.2019 00:00;13.10.2019 01:00;31,44
13.10.2019 01:00;13.10.2019 02:00;25,66
13.10.2019 02:00;13.10.2019 03:00;24,05
13.10.2019 03:00;13.10.2019 04:00;24,11
13.10.2019 04:00;13.10.2019 05:00;25,12
13.10.2019 05:00;13.10.2019 06:00;25,29
13.10.2019 06:00;13.10.2019 07:00;25,82
13.10.2019 07:00;13.10.2019 08:00;28,37
13.10.2019 08:00;13.10.2019 09:00;27,85
13.10.2019 09:00;13.10.2019 10:00;26,58
13.10.2019 10:00;13.10.2019 11:00;25,1
13.10.2019 11:00;13.10.2019 12:00;24,0
13.10.2019 12:00;13.10.2019 13:00;23,08
13.10.2019 13:00;13.10.2019 14:00;12,12
13.10.2019 14:00;13.10.2019 15:00;4,77
13.10.2019 15:00;13.10.2019 16:00;10,02
13.10.2019 16:00;13.10.2019 17:00;21,29
13.10.2019 17:00;13.10.2019 18:00;27,94
13.10.2019 18:00;13.10.2019 19:00;30,0
13.10.2019 19:00;13.10.2019 20:00;28,47
13.10.2019 20:00;13.10.2019 21:00;22,45
13.10.2019 21:00;13.10.2019 22:00;17,39
13.10.2019 22:00;13.10.2019 23:00;16,51
13.10.2019 23:00;14.10.2019 00:00;4,02
14.10.2019 00:00;14.10.2019 01:00;-8,25
14.10.2019 01:00;14.10.2019 02:00;3,17
14.10.2019 02:00;14.10.2019 03:00;9,31
14.10.2019 03:00;14.10.2019 04:00;15,17
14.10.2019 04:00;14.10.2019 05:00;16,0
14.10.2019 05:00;14.10.2019 06:00;24,63
14.10.2019 06:00;14.10.2019 07:00;36,06
14.10.2019 07:00;14.10.2019 08:00;48,92
14.10.2019 08:00;14.10.2019 09:00;50,24
14.10.2019 09:00;14.10.2019 10:00;49,6
14.10.2019 10:00;14.10.2019 11:00;48,34
14.10.2019 11:00;14.10.2019 12:00;48,0
14.10.2019 12:00;14.10.2019 13:00;45,25
14.10.2019 13:00;14.10.2019 14:00;43,0
14.10.2019 14:00;14.10.2019 15:00;39,5
14.10.2019 15:00;14.10.2019 16:00;42,19
14.10.2019 16:00;14.10.2019 17:00;46,86
14.10.2019 17:00;14.10.2019 18:00;49,0
14.10.2019 18:00;14.10.2019 19:00;50,09
14.10.2019 19:00;14.10.2019 20:00;52,79
14.10.2019 20:00;14.10.2019 21:00;48,93
14.10.2019 21:00;14.10.2019 22:00;37,01
14.10.2019 22:00;14.10.2019 23:00;32,51
14.10.2019 23:00;15.10.2019 00:00;25,18
15.10.2019 00:00;15.10.2019 01:00;26,0
15.10.2019 01:00;15.10.2019 02:00;25,72
15.10.2019 02:00;15.10.2019 03:00;25,0
15.10.2019 03:00;15.10.2019 04:00;24,27
15.10.2019 04:00;15.10.2019 05:00;25,0
15.10.2019 05:00;15.10.2019 06:00;29,99
15.10.2019 06:00;15.10.2019 07:00;40,61
15.10.2019 07:00;15.10.2019 08:00;52,64
15.10.2019 08:00;15.10.2019 09:00;55,21
15.10.2019 09:00;15.10.2019 10:00;54,8
15.10.2019 10:00;15.10.2019 11:00;51,76
15.10.2019 11:00;15.10.2019 12:00;50,62
15.10.2019 12:00;15.10.2019 13:00;47,9
15.10.2019 13:00;15.10.2019 14:00;46,64
15.10.2019 14:00;15.10.2019 15:00;44,58
15.10.2019 15:00;15.10.2019 16:00;45,38
15.10.2019 16:00;15.10.2019 17:00;47,96
15.10.2019 17:00;15.10.2019 18:00;53,1
15.10.2019 18:00;15.10.2019 19:00;58,33
15.10.2019 19:00;15.10.2019 20:00;67,95
15.10.2019 20:00;15.10.2019 21:00;55,29
15.10.2019 21:00;15.10.2019 22:00;45,97
15.10.2019 22:00;15.10.2019 23:00;39,95
15.10.2019 23:00;16.10.2019 00:00;32,46
16.10.2019 00:00;16.10.2019 01:00;34,81
16.10.2019 01:00;16.10.2019 02:00;33,02
16.10.2019 02:00;16.10.2019 03:00;29,25
16.10.2019 03:00;16.10.2019 04:00;28,4
16.10.2019 04:00;16.10.2019 05:00;29,0
16.10.2019 05:00;16.10.2019 06:00;31,45
16.10.2019 06:00;16.10.2019 07:00;38,68
16.10.2019 07:00;16.10.2019 08:00;49,97
16.10.2019 08:00;16.10.2019 09:00;51,3
16.10.2019 09:00;16.10.2019 10:00;50,14
16.10.2019 10:00;16.10.2019 11:00;46,99
16.10.2019 11:00;16.10.2019 12:00;42,92
16.10.2019 12:00;16.10.2019 13:00;37,55
16.10.2019 13:00;16.10.2019 14:00;37,01
16.10.2019 14:00;16.10.2019 15:00;36,17
16.10.2019 15:00;16.10.2019 16:00;36,98
16.10.2019 16:00;16.10.2019 17:00;38,06
16.10.2019 17:00;16.10.2019 18:00;46,99
16.10.2019 18:00;16.10.2019 19:00;50,07
16.10.2019 19:00;16.10.2019 20:00;49,95
16.10.2019 20:00;16.10.2019 21:00;45,01
16.10.2019 21:00;16.10.2019 22:00;37,07
16.10.2019 22:00;16.10.2019 23:00;35,44
16.10.2019 23:00;17.10.2019 00:00;30,87
17.10.2019 00:00;17.10.2019 01:00;27,65
17.10.2019 01:00;17.10.2019 02:00;28,1
17.10.2019 02:00;17.10.2019 03:00;26,6
17.10.2019 03:00;17.10.2019 04:00;26,34
17.10.2019 04:00;17.10.2019 05:00;28,43
17.10.2019 05:00;17.10.2019 06:00;31,29
17.10.2019 06:00;17.10.2019 07:00;40,5
17.10.2019 07:00;17.10.2019 08:00;52,13
17.10.2019 08:00;17.10.2019 09:00;54,42
17.10.2019 09:00;17.10.2019 10:00;54,03
17.10.2019 10:00;17.10.2019 11:00;51,97
17.10.2019 11:00;17.10.2019 12:00;51,11
17.10.2019 12:00;17.10.2019 13:00;48,7
17.10.2019 13:00;17.10.2019 14:00;44,39
17.10.2019 14:00;17.10.2019 15:00;42,91
17.10.2019 15:00;17.10.2019 16:00;45,01
17.10.2019 16:00;17.10.2019 17:00;49,76
17.10.2019 17:00;17.10.2019 18:00;52,0
17.10.2019 18:00;17.10.2019 19:00;56,62
17.10.2019 19:00;17.10.2019 20:00;63,96
17.10.2019 20:00;17.10.2019 21:00;54,41
17.10.2019 21:00;17.10.2019 22:00;45,59
17.10.2019 22:00;17.10.2019 23:00;39,34
17.10.2019 23:00;18.10.2019 00:00;35,11
18.10.2019 00:00;18.10.2019 01:00;33,15
18.10.2019 01:00;18.10.2019 02:00;31,05
18.10.2019 02:00;18.10.2019 03:00;28,31
18.10.2019 03:00;18.10.2019 04:00;29,32
18.10.2019 04:00;18.10.2019 05:00;30,11
18.10.2019 05:00;18.10.2019 06:00;33,11
18.10.2019 06:00;18.10.2019 07:00;38,2
18.10.2019 07:00;18.10.2019 08:00;47,58
18.10.2019 08:00;18.10.2019 09:00;51,46
18.10.2019 09:00;18.10.2019 10:00;47,7
18.10.2019 10:00;18.10.2019 11:00;41,79
18.10.2019 11:00;18.10.2019 12:00;38,69
18.10.2019 12:00;18.10.2019 13:00;33,96
18.10.2019 13:00;18.10.2019 14:00;30,41
18.10.2019 14:00;18.10.2019 15:00;30,49
18.10.2019 15:00;18.10.2019 16:00;30,5
18.10.2019 16:00;18.10.2019 17:00;30,78
18.10.2019 17:00;18.10.2019 18:00;37,52
18.10.2019 18:00;18.10.2019 19:00;39,61
18.10.2019 19:00;18.10.2019 20:00;39,09
18.10.2019 20:00;18.10.2019 21:00;34,98
18.10.2019 21:00;18.10.2019 22:00;30,29
18.10.2019 22:00;18.10.2019 23:00;30,42
18.10.2019 23:00;19.10.2019 00:00;29,99
19.10.2019 00:00;19.10.2019 01:00;27,04
19.10.2019 01:00;19.10.2019 02:00;27,56
19.10.2019 02:00;19.10.2019 03:00;25,4
19.10.2019 03:00;19.10.2019 04:00;23,9
19.10.2019 04:00;19.10.2019 05:00;24,2
19.10.2019 05:00;19.10.2019 06:00;25,09
19.10.2019 06:00;19.10.2019 07:00;26,89
19.10.2019 07:00;19.10.2019 08:00;29,7
19.10.2019 08:00;19.10.2019 09:00;32,97
19.10.2019 09:00;19.10.2019 10:00;35,14
19.10.2019 10:00;19.10.2019 11:00;36,0
19.10.2019 11:00;19.10.2019 12:00;36,53
19.10.2019 12:00;19.10.2019 13:00;35,2
19.10.2019 13:00;19.10.2019 14:00;34,08
19.10.2019 14:00;19.10.2019 15:00;33,3
19.10.2019 15:00;19.10.2019 16:00;33,07
19.10.2019 16:00;19.10.2019 17:00;35,04
19.10.2019 17:00;19.10.2019 18:00;38,48
19.10.2019 18:00;19.10.2019 19:00;44,08
19.10.2019 19:00;19.10.2019 20:00;47,9
19.10.2019 20:00;19.10.2019 21:00;39,19
19.10.2019 21:00;19.10.2019 22:00;35,06
19.10.2019 22:00;19.10.2019 23:00;35,05
19.10.2019 23:00;20.10.2019 00:00;33,18
20.10.2019 00:00;20.10.2019 01:00;29,99
20.10.2019 01:00;20.10.2019 02:00;26,01
20.10.2019 02:00;20.10.2019 03:00;27,01
20.10.2019 03:00;20.10.2019 04:00;26,9
20.10.2019 04:00;20.10.2019 05:00;26,51
20.10.2019 05:00;20.10.2019 06:00;26,3
20.10.2019 06:00;20.10.2019 07:00;27,03
20.10.2019 07:00;20.10.2019 08:00;29,94
20.10.2019 08:00;20.10.2019 09:00;31,74
20.10.2019 09:00;20.10.2019 10:00;36,37
20.10.2019 10:00;20.10.2019 11:00;37,47
20.10.2019 11:00;20.10.2019 12:00;38,32
20.10.2019 12:00;20.10.2019 13:00;37,9
20.10.2019 13:00;20.10.2019 14:00;35,02
20.10.2019 14:00;20.10.2019 15:00;31,04
20.10.2019 15:00;20.10.2019 16:00;32,8
20.10.2019 16:00;20.10.2019 17:00;35,73
20.10.2019 17:00;20.10.2019 18:00;40,38
20.10.2019 18:00;20.10.2019 19:00;47,58
20.10.2019 19:00;20.10.2019 20:00;51,06
20.10.2019 20:00;20.10.2019 21:00;47,1
20.10.2019 21:00;20.10.2019 22:00;39,62
20.10.2019 22:00;20.10.2019 23:00;38,09
20.10.2019 23:00;21.10.2019 00:00;36,0
21.10.2019 00:00;21.10.2019 01:00;30,34
21.10.2019 01:00;21.10.2019 02:00;27,11
21.10.2019 02:00;21.10.2019 03:00;26,28
21.10.2019 03:00;21.10.2019 04:00;25,79
21.10.2019 04:00;21.10.2019 05:00;25,7
21.10.2019 05:00;21.10.2019 06:00;26,39
21.10.2019 06:00;21.10.2019 07:00;38,01
21.10.2019 07:00;21.10.2019 08:00;51,93
21.10.2019 08:00;21.10.2019 09:00;52,43
21.10.2019 09:00;21.10.2019 10:00;51,96
21.10.2019 10:00;21.10.2019 11:00;50,32
21.10.2019 11:00;21.10.2019 12:00;50,32
21.10.2019 12:00;21.10.2019 13:00;45,57
21.10.2019 13:00;21.10.2019 14:00;44,14
21.10.2019 14:00;21.10.2019 15:00;45,21
21.10.2019 15:00;21.10.2019 16:00;47,71
21.10.2019 16:00;21.10.2019 17:00;50,03
21.10.2019 17:00;21.10.2019 18:00;54,11
21.10.2019 18:00;21.10.2019 19:00;58,02
21.10.2019 19:00;21.10.2019 20:00;66,51
21.10.2019 20:00;21.10.2019 21:00;52,2
21.10.2019 21:00;21.10.2019 22:00;49,02
21.10.2019 22:00;21.10.2019 23:00;43,0
21.10.2019 23:00;22.10.2019 00:00;37,24
22.10.2019 00:00;22.10.2019 01:00;39,79
22.10.2019 01:00;22.10.2019 02:00;35,88
22.10.2019 02:00;22.10.2019 03:00;34,64
22.10.2019 03:00;22.10.2019 04:00;31,84
22.10.2019 04:00;22.10.2019 05:00;33,69
22.10.2019 05:00;22.10.2019 06:00;36,2
22.10.2019 06:00;22.10.2019 07:00;46,99
22.10.2019 07:00;22.10.2019 08:00;56,43
22.10.2019 08:00;22.10.2019 09:00;61,3
22.10.2019 09:00;22.10.2019 10:00;60,0
22.10.2019 10:00;22.10.2019 11:00;55,49
22.10.2019 11:00;22.10.2019 12:00;52,72
22.10.2019 12:00;22.10.2019 13:00;46,35
22.10.2019 13:00;22.10.2019 14:00;43,67
22.10.2019 14:00;22.10.2019 15:00;43,99
22.10.2019 15:00;22.10.2019 16:00;43,66
22.10.2019 16:00;22.10.2019 17:00;46,24
22.10.2019 17:00;22.10.2019 18:00;51,93
22.10.2019 18:00;22.10.2019 19:00;60,0
22.10.2019 19:00;22.10.2019 20:00;65,47
22.10.2019 20:00;22.10.2019 21:00;52,95
22.10.2019 21:00;22.10.2019 22:00;46,34
22.10.2019 22:00;22.10.2019 23:00;41,16
22.10.2019 23:00;23.10.2019 00:00;37,15
23.10.2019 00:00;23.10.2019 01:00;35,61
23.10.2019 01:00;23.10.2019 02:00;32,31
23.10.2019 02:00;23.10.2019 03:00;31,36
23.10.2019 03:00;23.10.2019 04:00;30,09
23.10.2019 04:00;23.10.2019 05:00;30,39
23.10.2019 05:00;23.10.2019 06:00;34,92
23.10.2019 06:00;23.10.2019 07:00;40,7
23.10.2019 07:00;23.10.2019 08:00;52,4
23.10.2019 08:00;23.10.2019 09:00;59,77
23.10.2019 09:00;23.10.2019 10:00;57,12
23.10.2019 10:00;23.10.2019 11:00;54,11
23.10.2019 11:00;23.10.2019 12:00;51,23
23.10.2019 12:00;23.10.2019 13:00;44,48
23.10.2019 13:00;23.10.2019 14:00;42,55
23.10.2019 14:00;23.10.2019 15:00;41,94
23.10.2019 15:00;23.10.2019 16:00;43,26
23.10.2019 16:00;23.10.2019 17:00;45,87
23.10.2019 17:00;23.10.2019 18:00;50,67
23.10.2019 18:00;23.10.2019 19:00;53,49
23.10.2019 19:00;23.10.2019 20:00;55,23
23.10.2019 20:00;23.10.2019 21:00;45,91
23.10.2019 21:00;23.10.2019 22:00;39,16
23.10.2019 22:00;23.10.2019 23:00;37,38
23.10.2019 23:00;24.10.2019 00:00;34,41
24.10.2019 00:00;24.10.2019 01:00;33,59
24.10.2019 01:00;24.10.2019 02:00;31,04
24.10.2019 02:00;24.10.2019 03:00;30,02
24.10.2019 03:00;24.10.2019 04:00;29,41
24.10.2019 04:00;24.10.2019 05:00;30,06
24.10.2019 05:00;24.10.2019 06:00;32,89
24.10.2019 06:00;24.10.2019 07:00;39,55
24.10.2019 07:00;24.10.2019 08:00;48,98
24.10.2019 08:00;24.10.2019 09:00;54,11
24.10.2019 09:00;24.10.2019 10:00;54,11
24.10.2019 10:00;24.10.2019 11:00;51,08
24.10.2019 11:00;24.10.2019 12:00;46,93
24.10.2019 12:00;24.10.2019 13:00;43,94
24.10.2019 13:00;24.10.2019 14:00;40,52
24.10.2019 14:00;24.10.2019 15:00;38,0
24.10.2019 15:00;24.10.2019 16:00;36,78
24.10.2019 16:00;24.10.2019 17:00;38,07
24.10.2019 17:00;24.10.2019 18:00;39,9
24.10.2019 18:00;24.10.2019 19:00;43,55
24.10.2019 19:00;24.10.2019 20:00;42,1
24.10.2019 20:00;24.10.2019 21:00;35,75
24.10.2019 21:00;24.10.2019 22:00;30,07
24.10.2019 22:00;24.10.2019 23:00;30,21
24.10.2019 23:00;25.10.2019 00:00;26,03
25.10.2019 00:00;25.10.2019 01:00;25,92
25.10.2019 01:00;25.10.2019 02:00;25,27
25.10.2019 02:00;25.10.2019 03:00;25,2
25.10.2019 03:00;25.10.2019 04:00;24,42
25.10.2019 04:00;25.10.2019 05:00;25,2
25.10.2019 05:00;25.10.2019 06:00;28,22
25.10.2019 06:00;25.10.2019 07:00;36,06
25.10.2019 07:00;25.10.2019 08:00;47,9
25.10.2019 08:00;25.10.2019 09:00;51,52
25.10.2019 09:00;25.10.2019 10:00;46,68
25.10.2019 10:00;25.10.2019 11:00;44,49
25.10.2019 11:00;25.10.2019 12:00;39,76
25.10.2019 12:00;25.10.2019 13:00;35,65
25.10.2019 13:00;25.10.2019 14:00;36,07
25.10.2019 14:00;25.10.2019 15:00;34,78
25.10.2019 15:00;25.10.2019 16:00;35,33
25.10.2019 16:00;25.10.2019 17:00;36,92
25.10.2019 17:00;25.10.2019 18:00;43,83
25.10.2019 18:00;25.10.2019 19:00;48,11
25.10.2019 19:00;25.10.2019 20:00;48,24
25.10.2019 20:00;25.10.2019 21:00;38,03
25.10.2019 21:00;25.10.2019 22:00;33,21
25.10.2019 22:00;25.10.2019 23:00;30,35
25.10.2019 23:00;26.10.2019 00:00;25,51
26.10.2019 00:00;26.10.2019 01:00;23,54
26.10.2019 01:00;26.10.2019 02:00;18,84
26.10.2019 02:00;26.10.2019 03:00;19,89
26.10.2019 03:00;26.10.2019 04:00;15,78
26.10.2019 04:00;26.10.2019 05:00;8,55
26.10.2019 05:00;26.10.2019 06:00;15,84
26.10.2019 06:00;26.10.2019 07:00;14,62
26.10.2019 07:00;26.10.2019 08:00;24,61
26.10.2019 08:00;26.10.2019 09:00;29,36
26.10.2019 09:00;26.10.2019 10:00;25,92
26.10.2019 10:00;26.10.2019 11:00;22,9
26.10.2019 11:00;26.10.2019 12:00;20,24
26.10.2019 12:00;26.10.2019 13:00;4,83
26.10.2019 13:00;26.10.2019 14:00;1,37
26.10.2019 14:00;26.10.2019 15:00;3,96
26.10.2019 15:00;26.10.2019 16:00;19,73
26.10.2019 16:00;26.10.2019 17:00;24,17
26.10.2019 17:00;26.10.2019 18:00;28,01
26.10.2019 18:00;26.10.2019 19:00;36,55
26.10.2019 19:00;26.10.2019 20:00;37,37
26.10.2019 20:00;26.10.2019 21:00;27,18
26.10.2019 21:00;26.10.2019 22:00;23,17
26.10.2019 22:00;26.10.2019 23:00;26,12
26.10.2019 23:00;27.10.2019 00:00;12,38
27.10.2019 00:00;27.10.2019 01:00;0,03
27.10.2019 01:00;27.10.2019 02:00;-34,57
27.10.2019 02:00;27.10.2019 03:00;-29,97
27.10.2019 03:00;27.10.2019 04:00;0,12
27.10.2019 04:00;27.10.2019 05:00;5,5
27.10.2019 05:00;27.10.2019 06:00;17,28
27.10.2019 06:00;27.10.2019 07:00;20,54
27.10.2019 07:00;27.10.2019 08:00;25,09
27.10.2019 08:00;27.10.2019 09:00;28,85
27.10.2019 09:00;27.10.2019 10:00;28,91
27.10.2019 10:00;27.10.2019 11:00;27,95
27.10.2019 11:00;27.10.2019 12:00;30,0
27.10.2019 12:00;27.10.2019 13:00;28,44
27.10.2019 13:00;27.10.2019 14:00;28,0
27.10.2019 14:00;27.10.2019 15:00;28,0
27.10.2019 15:00;27.10.2019 16:00;31,1
27.10.2019 16:00;27.10.2019 17:00;36,3
27.10.2019 17:00;27.10.2019 18:00;44,44
27.10.2019 18:00;27.10.2019 19:00;45,9
27.10.2019 19:00;27.10.2019 20:00;41,32
27.10.2019 20:00;27.10.2019 21:00;36,06
27.10.2019 21:00;27.10.2019 22:00;34,06
27.10.2019 22:00;27.10.2019 23:00;29,85
27.10.2019 23:00;28.10.2019 00:00;25,82
28.10.2019 00:00;28.10.2019 01:00;26,4
28.10.2019 01:00;28.10.2019 02:00;26,6
28.10.2019 02:00;28.10.2019 03:00;26,9
28.10.2019 03:00;28.10.2019 04:00;27,64
28.10.2019 04:00;28.10.2019 05:00;27,93
28.10.2019 05:00;28.10.2019 06:00;30,97
28.10.2019 06:00;28.10.2019 07:00;40,0
28.10.2019 07:00;28.10.2019 08:00;48,47
28.10.2019 08:00;28.10.2019 09:00;45,93
28.10.2019 09:00;28.10.2019 10:00;44,01
28.10.2019 10:00;28.10.2019 11:00;43,06
28.10.2019 11:00;28.10.2019 12:00;42,33
28.10.2019 12:00;28.10.2019 13:00;40,58
28.10.2019 13:00;28.10.2019 14:00;43,28
28.10.2019 14:00;28.10.2019 15:00;48,83
28.10.2019 15:00;28.10.2019 16:00;51,42
28.10.2019 16:00;28.10.2019 17:00;54,99
28.10.2019 17:00;28.10.2019 18:00;61,23
28.10.2019 18:00;28.10.2019 19:00;63,62
28.10.2019 19:00;28.10.2019 20:00;57,39
28.10.2019 20:00;28.10.2019 21:00;48,69
28.10.2019 21:00;28.10.2019 22:00;41,62
28.10.2019 22:00;28.10.2019 23:00;40,23
28.10.2019 23:00;29.10.2019 00:00;36,55
29.10.2019 00:00;29.10.2019 01:00;37,02
29.10.2019 01:00;29.10.2019 02:00;36,6
29.10.2019 02:00;29.10.2019 03:00;35,83
29.10.2019 03:00;29.10.2019 04:00;35,22
29.10.2019 04:00;29.10.2019 05:00;35,17
29.10.2019 05:00;29.10.2019 06:00;36,0
29.10.2019 06:00;29.10.2019 07:00;43,26
29.10.2019 07:00;29.10.2019 08:00;53,5
29.10.2019 08:00;29.10.2019 09:00;55,81
29.10.2019 09:00;29.10.2019 10:00;55,01
29.10.2019 10:00;29.10.2019 11:00;51,56
29.10.2019 11:00;29.10.2019 12:00;51,46
29.10.2019 12:00;29.10.2019 13:00;47,32
29.10.2019 13:00;29.10.2019 14:00;47,75
29.10.2019 14:00;29.10.2019 15:00;52,3
29.10.2019 15:00;29.10.2019 16:00;55,01
29.10.2019 16:00;29.10.2019 17:00;57,2
29.10.2019 17:00;29.10.2019 18:00;62,44
29.10.2019 18:00;29.10.2019 19:00;66,18
29.10.2019 19:00;29.10.2019 20:00;60,75
29.10.2019 20:00;29.10.2019 21:00;53,91
29.10.2019 21:00;29.10.2019 22:00;45,91
29.10.2019 22:00;29.10.2019 23:00;40,91
29.10.2019 23:00;30.10.2019 00:00;38,62
30.10.2019 00:00;30.10.2019 01:00;37,92
30.10.2019 01:00;30.10.2019 02:00;36,86
30.10.2019 02:00;30.10.2019 03:00;36,14
30.10.2019 03:00;30.10.2019 04:00;35,58
30.10.2019 04:00;30.10.2019 05:00;36,15
30.10.2019 05:00;30.10.2019 06:00;38,25
30.10.2019 06:00;30.10.2019 07:00;46,67
30.10.2019 07:00;30.10.2019 08:00;54,12
30.10.2019 08:00;30.10.2019 09:00;57,6
30.10.2019 09:00;30.10.2019 10:00;54,37
30.10.2019 10:00;30.10.2019 11:00;50,39
30.10.2019 11:00;30.10.2019 12:00;48,92
30.10.2019 12:00;30.10.2019 13:00;47,31
30.10.2019 13:00;30.10.2019 14:00;46,37
30.10.2019 14:00;30.10.2019 15:00;49,95
30.10.2019 15:00;30.10.2019 16:00;54,03
30.10.2019 16:00;30.10.2019 17:00;56,17
30.10.2019 17:00;30.10.2019 18:00;61,57
30.10.2019 18:00;30.10.2019 19:00;66,7
30.10.2019 19:00;30.10.2019 20:00;60,0
30.10.2019 20:00;30.10.2019 21:00;53,59
30.10.2019 21:00;30.10.2019 22:00;44,61
30.10.2019 22:00;30.10.2019 23:00;41,79
30.10.2019 23:00;31.10.2019 00:00;37,47
31.10.2019 00:00;31.10.2019 01:00;36,2
31.10.2019 01:00;31.10.2019 02:00;34,98
31.10.2019 02:00;31.10.2019 03:00;33,94
31.10.2019 03:00;31.10.2019 04:00;33,16
31.10.2019 04:00;31.10.2019 05:00;33,86
31.10.2019 05:00;31.10.2019 06:00;35,84
31.10.2019 06:00;31.10.2019 07:00;41,98
31.10.2019 07:00;31.10.2019 08:00;46,68
31.10.2019 08:00;31.10.2019 09:00;48,37
31.10.2019 09:00;31.10.2019 10:00;45,21
31.10.2019 10:00;31.10.2019 11:00;40,52
31.10.2019 11:00;31.10.2019 12:00;40,1
31.10.2019 12:00;31.10.2019 13:00;39,38
31.10.2019 13:00;31.10.2019 14:00;40,15
31.10.2019 14:00;31.10.2019 15:00;43,95
31.10.2019 15:00;31.10.2019 16:00;47,75
31.10.2019 16:00;31.10.2019 17:00;51,08
31.10.2019 17:00;31.10.2019 18:00;56,01
31.10.2019 18:00;31.10.2019 19:00;55,44
31.10.2019 19:00;31.10.2019 20:00;50,35
31.10.2019 20:00;31.10.2019 21:00;47,93
31.10.2019 21:00;31.10.2019 22:00;43,12
31.10.2019 22:00;31.10.2019 23:00;40,0
31.10.2019 23:00;01.11.2019 00:00;37,23
01.11.2019 00:00;01.11.2019 01:00;35,94
01.11.2019 01:00;01.11.2019 02:00;33,49
01.11.2019 02:00;01.11.2019 03:00;28,99
01.11.2019 03:00;01.11.2019 04:00;27,12
01.11.2019 04:00;01.11.2019 05:00;26,17
01.11.2019 05:00;01.11.2019 06:00;26,14
01.11.2019 06:00;01.11.2019 07:00;29,1
01.11.2019 07:00;01.11.2019 08:00;32,86
01.11.2019 08:00;01.11.2019 09:00;35,01
01.11.2019 09:00;01.11.2019 10:00;35,07
01.11.2019 10:00;01.11.2019 11:00;33,01
01.11.2019 11:00;01.11.2019 12:00;34,04
01.11.2019 12:00;01.11.2019 13:00;35,9
01.11.2019 13:00;01.11.2019 14:00;33,43
01.11.2019 14:00;01.11.2019 15:00;31,5
01.11.2019 15:00;01.11.2019 16:00;31,52
01.11.2019 16:00;01.11.2019 17:00;31,59
01.11.2019 17:00;01.11.2019 18:00;38,94
01.11.2019 18:00;01.11.2019 19:00;38,08
01.11.2019 19:00;01.11.2019 20:00;37,01
01.11.2019 20:00;01.11.2019 21:00;31,98
01.11.2019 21:00;01.11.2019 22:00;30,11
01.11.2019 22:00;01.11.2019 23:00;30,49
01.11.2019 23:00;02.11.2019 00:00;26,89
02.11.2019 00:00;02.11.2019 01:00;25,79
02.11.2019 01:00;02.11.2019 02:00;24,71
02.11.2019 02:00;02.11.2019 03:00;24,37
02.11.2019 03:00;02.11.2019 04:00;19,44
02.11.2019 04:00;02.11.2019 05:00;18,99
02.11.2019 05:00;02.11.2019 06:00;21,86
02.11.2019 06:00;02.11.2019 07:00;24,01
02.11.2019 07:00;02.11.2019 08:00;25,81
02.11.2019 08:00;02.11.2019 09:00;27,38
02.11.2019 09:00;02.11.2019 10:00;30,28
02.11.2019 10:00;02.11.2019 11:00;28,59
02.11.2019 11:00;02.11.2019 12:00;27,56
02.11.2019 12:00;02.11.2019 13:00;29,41
02.11.2019 13:00;02.11.2019 14:00;27,1
02.11.2019 14:00;02.11.2019 15:00;26,69
02.11.2019 15:00;02.11.2019 16:00;27,94
02.11.2019 16:00;02.11.2019 17:00;30,0
02.11.2019 17:00;02.11.2019 18:00;33,91
02.11.2019 18:00;02.11.2019 19:00;39,44
02.11.2019 19:00;02.11.2019 20:00;33,14
02.11.2019 20:00;02.11.2019 21:00;29,71
02.11.2019 21:00;02.11.2019 22:00;27,85
02.11.2019 22:00;02.11.2019 23:00;28,81
02.11.2019 23:00;03.11.2019 00:00;26,62
03.11.2019 00:00;03.11.2019 01:00;15,1
03.11.2019 01:00;03.11.2019 02:00;9,13
03.11.2019 02:00;03.11.2019 03:00;5,4
03.11.2019 03:00;03.11.2019 04:00;1,4
03.11.2019 04:00;03.11.2019 05:00;4,49
03.11.2019 05:00;03.11.2019 06:00;9,57
03.11.2019 06:00;03.11.2019 07:00;13,6
03.11.2019 07:00;03.11.2019 08:00;19,45
03.11.2019 08:00;03.11.2019 09:00;24,2
03.11.2019 09:00;03.11.2019 10:00;29,11
03.11.2019 10:00;03.11.2019 11:00;30,02
03.11.2019 11:00;03.11.2019 12:00;35,19
03.11.2019 12:00;03.11.2019 13:00;37,76
03.11.2019 13:00;03.11.2019 14:00;36,97
03.11.2019 14:00;03.11.2019 15:00;37,32
03.11.2019 15:00;03.11.2019 16:00;36,52
03.11.2019 16:00;03.11.2019 17:00;39,76
03.11.2019 17:00;03.11.2019 18:00;41,24
03.11.2019 18:00;03.11.2019 19:00;42,83
03.11.2019 19:00;03.11.2019 20:00;41,04
03.11.2019 20:00;03.11.2019 21:00;38,29
03.11.2019 21:00;03.11.2019 22:00;34,3
03.11.2019 22:00;03.11.2019 23:00;31,37
03.11.2019 23:00;04.11.2019 00:00;26,46
04.11.2019 00:00;04.11.2019 01:00;26,68
04.11.2019 01:00;04.11.2019 02:00;24,94
04.11.2019 02:00;04.11.2019 03:00;22,51
04.11.2019 03:00;04.11.2019 04:00;22,28
04.11.2019 04:00;04.11.2019 05:00;22,85
04.11.2019 05:00;04.11.2019 06:00;26,1
04.11.2019 06:00;04.11.2019 07:00;35,5
04.11.2019 07:00;04.11.2019 08:00;43,56
04.11.2019 08:00;04.11.2019 09:00;45,35
04.11.2019 09:00;04.11.2019 10:00;45,07
04.11.2019 10:00;04.11.2019 11:00;43,97
04.11.2019 11:00;04.11.2019 12:00;43,33
04.11.2019 12:00;04.11.2019 13:00;41,71
04.11.2019 13:00;04.11.2019 14:00;43,65
04.11.2019 14:00;04.11.2019 15:00;44,39
04.11.2019 15:00;04.11.2019 16:00;46,38
04.11.2019 16:00;04.11.2019 17:00;48,19
04.11.2019 17:00;04.11.2019 18:00;52,89
04.11.2019 18:00;04.11.2019 19:00;52,92
04.11.2019 19:00;04.11.2019 20:00;48,91
04.11.2019 20:00;04.11.2019 21:00;44,21
04.11.2019 21:00;04.11.2019 22:00;37,95
04.11.2019 22:00;04.11.2019 23:00;35,5
04.11.2019 23:00;05.11.2019 00:00;30,0
05.11.2019 00:00;05.11.2019 01:00;26,5
05.11.2019 01:00;05.11.2019 02:00;25,64
05.11.2019 02:00;05.11.2019 03:00;25,97
05.11.2019 03:00;05.11.2019 04:00;24,99
05.11.2019 04:00;05.11.2019 05:00;26,04
05.11.2019 05:00;05.11.2019 06:00;27,94
05.11.2019 06:00;05.11.2019 07:00;38,92
05.11.2019 07:00;05.11.2019 08:00;45,52
05.11.2019 08:00;05.11.2019 09:00;47,97
05.11.2019 09:00;05.11.2019 10:00;47,43
05.11.2019 10:00;05.11.2019 11:00;47,98
05.11.2019 11:00;05.11.2019 12:00;48,43
05.11.2019 12:00;05.11.2019 13:00;46,96
05.11.2019 13:00;05.11.2019 14:00;48,34
05.11.2019 14:00;05.11.2019 15:00;49,91
05.11.2019 15:00;05.11.2019 16:00;50,0
05.11.2019 16:00;05.11.2019 17:00;50,04
05.11.2019 17:00;05.11.2019 18:00;60,71
05.11.2019 18:00;05.11.2019 19:00;62,89
05.11.2019 19:00;05.11.2019 20:00;52,3
05.11.2019 20:00;05.11.2019 21:00;47,56
05.11.2019 21:00;05.11.2019 22:00;43,3
05.11.2019 22:00;05.11.2019 23:00;41,21
05.11.2019 23:00;06.11.2019 00:00;38,3
06.11.2019 00:00;06.11.2019 01:00;36,97
06.11.2019 01:00;06.11.2019 02:00;35,75
06.11.2019 02:00;06.11.2019 03:00;34,27
06.11.2019 03:00;06.11.2019 04:00;33,79
06.11.2019 04:00;06.11.2019 05:00;34,45
06.11.2019 05:00;06.11.2019 06:00;37,74
06.11.2019 06:00;06.11.2019 07:00;45,63
06.11.2019 07:00;06.11.2019 08:00;55,77
06.11.2019 08:00;06.11.2019 09:00;57,77
06.11.2019 09:00;06.11.2019 10:00;56,92
06.11.2019 10:00;06.11.2019 11:00;56,8
06.11.2019 11:00;06.11.2019 12:00;56,44
06.11.2019 12:00;06.11.2019 13:00;54,42
06.11.2019 13:00;06.11.2019 14:00;55,8
06.11.2019 14:00;06.11.2019 15:00;57,28
06.11.2019 15:00;06.11.2019 16:00;57,39
06.11.2019 16:00;06.11.2019 17:00;60,71
06.11.2019 17:00;06.11.2019 18:00;76,08
06.11.2019 18:00;06.11.2019 19:00;87,12
06.11.2019 19:00;06.11.2019 20:00;65,0
06.11.2019 20:00;06.11.2019 21:00;54,47
06.11.2019 21:00;06.11.2019 22:00;47,52
06.11.2019 22:00;06.11.2019 23:00;44,59
06.11.2019 23:00;07.11.2019 00:00;40,3
07.11.2019 00:00;07.11.2019 01:00;39,07
07.11.2019 01:00;07.11.2019 02:00;35,95
07.11.2019 02:00;07.11.2019 03:00;33,4
07.11.2019 03:00;07.11.2019 04:00;32,67
07.11.2019 04:00;07.11.2019 05:00;32,98
07.11.2019 05:00;07.11.2019 06:00;35,3
07.11.2019 06:00;07.11.2019 07:00;42,62
07.11.2019 07:00;07.11.2019 08:00;48,12
07.11.2019 08:00;07.11.2019 09:00;51,29
07.11.2019 09:00;07.11.2019 10:00;48,56
07.11.2019 10:00;07.11.2019 11:00;47,54
07.11.2019 11:00;07.11.2019 12:00;46,36
07.11.2019 12:00;07.11.2019 13:00;43,91
07.11.2019 13:00;07.11.2019 14:00;44,57
07.11.2019 14:00;07.11.2019 15:00;45,61
07.11.2019 15:00;07.11.2019 16:00;46,83
07.11.2019 16:00;07.11.2019 17:00;48,68
07.11.2019 17:00;07.11.2019 18:00;51,17
07.11.2019 18:00;07.11.2019 19:00;48,19
07.11.2019 19:00;07.11.2019 20:00;46,72
07.11.2019 20:00;07.11.2019 21:00;44,98
07.11.2019 21:00;07.11.2019 22:00;37,8
07.11.2019 22:00;07.11.2019 23:00;37,55
07.11.2019 23:00;08.11.2019 00:00;35,33
08.11.2019 00:00;08.11.2019 01:00;32,8
08.11.2019 01:00;08.11.2019 02:00;32,91
08.11.2019 02:00;08.11.2019 03:00;32,07
08.11.2019 03:00;08.11.2019 04:00;31,82
08.11.2019 04:00;08.11.2019 05:00;33,19
08.11.2019 05:00;08.11.2019 06:00;35,22
08.11.2019 06:00;08.11.2019 07:00;45,05
08.11.2019 07:00;08.11.2019 08:00;51,78
08.11.2019 08:00;08.11.2019 09:00;54,32
08.11.2019 09:00;08.11.2019 10:00;55,62
08.11.2019 10:00;08.11.2019 11:00;54,94
08.11.2019 11:00;08.11.2019 12:00;53,95
08.11.2019 12:00;08.11.2019 13:00;52,44
08.11.2019 13:00;08.11.2019 14:00;52,52
08.11.2019 14:00;08.11.2019 15:00;53,01
08.11.2019 15:00;08.11.2019 16:00;52,19
08.11.2019 16:00;08.11.2019 17:00;54,3
08.11.2019 17:00;08.11.2019 18:00;66,47
08.11.2019 18:00;08.11.2019 19:00;59,98
08.11.2019 19:00;08.11.2019 20:00;51,97
08.11.2019 20:00;08.11.2019 21:00;46,94
08.11.2019 21:00;08.11.2019 22:00;43,83
08.11.2019 22:00;08.11.2019 23:00;44,28
08.11.2019 23:00;09.11.2019 00:00;39,34
09.11.2019 00:00;09.11.2019 01:00;42,63
09.11.2019 01:00;09.11.2019 02:00;39,78
09.11.2019 02:00;09.11.2019 03:00;38,81
09.11.2019 03:00;09.11.2019 04:00;36,94
09.11.2019 04:00;09.11.2019 05:00;36,2
09.11.2019 05:00;09.11.2019 06:00;36,13
09.11.2019 06:00;09.11.2019 07:00;39,57
09.11.2019 07:00;09.11.2019 08:00;41,56
09.11.2019 08:00;09.11.2019 09:00;42,02
09.11.2019 09:00;09.11.2019 10:00;44,57
09.11.2019 10:00;09.11.2019 11:00;44,15
09.11.2019 11:00;09.11.2019 12:00;42,55
09.11.2019 12:00;09.11.2019 13:00;41,42
09.11.2019 13:00;09.11.2019 14:00;40,01
09.11.2019 14:00;09.11.2019 15:00;39,96
09.11.2019 15:00;09.11.2019 16:00;41,67
09.11.2019 16:00;09.11.2019 17:00;43,81
09.11.2019 17:00;09.11.2019 18:00;49,95
09.11.2019 18:00;09.11.2019 19:00;51,0
09.11.2019 19:00;09.11.2019 20:00;48,45
09.11.2019 20:00;09.11.2019 21:00;42,75
09.11.2019 21:00;09.11.2019 22:00;40,36
09.11.2019 22:00;09.11.2019 23:00;39,66
09.11.2019 23:00;10.11.2019 00:00;36,67
10.11.2019 00:00;10.11.2019 01:00;37,57
10.11.2019 01:00;10.11.2019 02:00;35,3
10.11.2019 02:00;10.11.2019 03:00;35,13
10.11.2019 03:00;10.11.2019 04:00;34,22
10.11.2019 04:00;10.11.2019 05:00;33,86
10.11.2019 05:00;10.11.2019 06:00;35,01
10.11.2019 06:00;10.11.2019 07:00;35,6
10.11.2019 07:00;10.11.2019 08:00;37,52
10.11.2019 08:00;10.11.2019 09:00;37,52
10.11.2019 09:00;10.11.2019 10:00;39,12
10.11.2019 10:00;10.11.2019 11:00;38,4
10.11.2019 11:00;10.11.2019 12:00;38,84
10.11.2019 12:00;10.11.2019 13:00;40,1
10.11.2019 13:00;10.11.2019 14:00;37,8
10.11.2019 14:00;10.11.2019 15:00;39,68
10.11.2019 15:00;10.11.2019 16:00;41,35
10.11.2019 16:00;10.11.2019 17:00;46,41
10.11.2019 17:00;10.11.2019 18:00;52,17
10.11.2019 18:00;10.11.2019 19:00;53,09
10.11.2019 19:00;10.11.2019 20:00;52,51
10.11.2019 20:00;10.11.2019 21:00;51,01
10.11.2019 21:00;10.11.2019 22:00;47,0
10.11.2019 22:00;10.11.2019 23:00;44,25
10.11.2019 23:00;11.11.2019 00:00;39,88
11.11.2019 00:00;11.11.2019 01:00;35,66
11.11.2019 01:00;11.11.2019 02:00;35,97
11.11.2019 02:00;11.11.2019 03:00;36,03
11.11.2019 03:00;11.11.2019 04:00;34,75
11.11.2019 04:00;11.11.2019 05:00;34,8
11.11.2019 05:00;11.11.2019 06:00;36,58
11.11.2019 06:00;11.11.2019 07:00;43,42
11.11.2019 07:00;11.11.2019 08:00;47,69
11.11.2019 08:00;11.11.2019 09:00;51,0
11.11.2019 09:00;11.11.2019 10:00;49,85
11.11.2019 10:00;11.11.2019 11:00;48,0
11.11.2019 11:00;11.11.2019 12:00;47,42
11.11.2019 12:00;11.11.2019 13:00;46,0
11.11.2019 13:00;11.11.2019 14:00;45,64
11.11.2019 14:00;11.11.2019 15:00;44,11
11.11.2019 15:00;11.11.2019 16:00;44,62
11.11.2019 16:00;11.11.2019 17:00;44,78
11.11.2019 17:00;11.11.2019 18:00;48,28
11.11.2019 18:00;11.11.2019 19:00;45,39
11.11.2019 19:00;11.11.2019 20:00;40,36
11.11.2019 20:00;11.11.2019 21:00;35,26
11.11.2019 21:00;11.11.2019 22:00;32,8
11.11.2019 22:00;11.11.2019 23:00;32,05
11.11.2019 23:00;12.11.2019 00:00;26,09
12.11.2019 00:00;12.11.2019 01:00;30,9
12.11.2019 01:00;12.11.2019 02:00;31,45
12.11.2019 02:00;12.11.2019 03:00;30,67
12.11.2019 03:00;12.11.2019 04:00;29,1
12.11.2019 04:00;12.11.2019 05:00;32,3
12.11.2019 05:00;12.11.2019 06:00;35,3
12.11.2019 06:00;12.11.2019 07:00;40,66
12.11.2019 07:00;12.11.2019 08:00;46,35
12.11.2019 08:00;12.11.2019 09:00;43,99
12.11.2019 09:00;12.11.2019 10:00;43,0
12.11.2019 10:00;12.11.2019 11:00;42,41
12.11.2019 11:00;12.11.2019 12:00;42,03
12.11.2019 12:00;12.11.2019 13:00;40,5
12.11.2019 13:00;12.11.2019 14:00;43,79
12.11.2019 14:00;12.11.2019 15:00;46,39
12.11.2019 15:00;12.11.2019 16:00;51,18
12.11.2019 16:00;12.11.2019 17:00;51,08
12.11.2019 17:00;12.11.2019 18:00;59,21
12.11.2019 18:00;12.11.2019 19:00;58,32
12.11.2019 19:00;12.11.2019 20:00;50,42
12.11.2019 20:00;12.11.2019 21:00;46,81
12.11.2019 21:00;12.11.2019 22:00;40,95
12.11.2019 22:00;12.11.2019 23:00;39,26
12.11.2019 23:00;13.11.2019 00:00;36,74
13.11.2019 00:00;13.11.2019 01:00;34,0
13.11.2019 01:00;13.11.2019 02:00;34,83
13.11.2019 02:00;13.11.2019 03:00;35,01
13.11.2019 03:00;13.11.2019 04:00;35,01
13.11.2019 04:00;13.11.2019 05:00;35,13
13.11.2019 05:00;13.11.2019 06:00;36,06
13.11.2019 06:00;13.11.2019 07:00;40,71
13.11.2019 07:00;13.11.2019 08:00;47,7
13.11.2019 08:00;13.11.2019 09:00;52,08
13.11.2019 09:00;13.11.2019 10:00;51,56
13.11.2019 10:00;13.11.2019 11:00;50,12
13.11.2019 11:00;13.11.2019 12:00;50,59
13.11.2019 12:00;13.11.2019 13:00;48,97
13.11.2019 13:00;13.11.2019 14:00;55,12
13.11.2019 14:00;13.11.2019 15:00;55,98
13.11.2019 15:00;13.11.2019 16:00;58,42
13.11.2019 16:00;13.11.2019 17:00;63,51
13.11.2019 17:00;13.11.2019 18:00;67,2
13.11.2019 18:00;13.11.2019 19:00;56,09
13.11.2019 19:00;13.11.2019 20:00;52,94
13.11.2019 20:00;13.11.2019 21:00;46,22
13.11.2019 21:00;13.11.2019 22:00;42,91
13.11.2019 22:00;13.11.2019 23:00;41,47
13.11.2019 23:00;14.11.2019 00:00;38,28
14.11.2019 00:00;14.11.2019 01:00;37,6
14.11.2019 01:00;14.11.2019 02:00;37,85
14.11.2019 02:00;14.11.2019 03:00;36,51
14.11.2019 03:00;14.11.2019 04:00;35,37
14.11.2019 04:00;14.11.2019 05:00;35,77
14.11.2019 05:00;14.11.2019 06:00;38,18
14.11.2019 06:00;14.11.2019 07:00;45,31
14.11.2019 07:00;14.11.2019 08:00;53,7
14.11.2019 08:00;14.11.2019 09:00;52,32
14.11.2019 09:00;14.11.2019 10:00;49,1
14.11.2019 10:00;14.11.2019 11:00;47,24
14.11.2019 11:00;14.11.2019 12:00;47,95
14.11.2019 12:00;14.11.2019 13:00;48,64
14.11.2019 13:00;14.11.2019 14:00;50,62
14.11.2019 14:00;14.11.2019 15:00;53,7
14.11.2019 15:00;14.11.2019 16:00;54,12
14.11.2019 16:00;14.11.2019 17:00;56,15
14.11.2019 17:00;14.11.2019 18:00;58,5
14.11.2019 18:00;14.11.2019 19:00;49,8
14.11.2019 19:00;14.11.2019 20:00;45,1
14.11.2019 20:00;14.11.2019 21:00;41,71
14.11.2019 21:00;14.11.2019 22:00;38,49
14.11.2019 22:00;14.11.2019 23:00;38,65
14.11.2019 23:00;15.11.2019 00:00;35,38
15.11.2019 00:00;15.11.2019 01:00;29,65
15.11.2019 01:00;15.11.2019 02:00;28,38
15.11.2019 02:00;15.11.2019 03:00;28,32
15.11.2019 03:00;15.11.2019 04:00;25,16
15.11.2019 04:00;15.11.2019 05:00;25,41
15.11.2019 05:00;15.11.2019 06:00;30,12
15.11.2019 06:00;15.11.2019 07:00;34,1
15.11.2019 07:00;15.11.2019 08:00;39,73
15.11.2019 08:00;15.11.2019 09:00;40,86
15.11.2019 09:00;15.11.2019 10:00;35,4
15.11.2019 10:00;15.11.2019 11:00;35,76
15.11.2019 11:00;15.11.2019 12:00;34,85
15.11.2019 12:00;15.11.2019 13:00;36,13
15.11.2019 13:00;15.11.2019 14:00;39,68
15.11.2019 14:00;15.11.2019 15:00;42,0
15.11.2019 15:00;15.11.2019 16:00;45,41
15.11.2019 16:00;15.11.2019 17:00;49,0
15.11.2019 17:00;15.11.2019 18:00;51,12
15.11.2019 18:00;15.11.2019 19:00;45,91
15.11.2019 19:00;15.11.2019 20:00;47,21
15.11.2019 20:00;15.11.2019 21:00;42,92
15.11.2019 21:00;15.11.2019 22:00;43,98
15.11.2019 22:00;15.11.2019 23:00;40,04
15.11.2019 23:00;16.11.2019 00:00;38,46
16.11.2019 00:00;16.11.2019 01:00;36,98
16.11.2019 01:00;16.11.2019 02:00;37,07
16.11.2019 02:00;16.11.2019 03:00;36,53
16.11.2019 03:00;16.11.2019 04:00;37,19
16.11.2019 04:00;16.11.2019 05:00;37,32
16.11.2019 05:00;16.11.2019 06:00;37,49
16.11.2019 06:00;16.11.2019 07:00;38,42
16.11.2019 07:00;16.11.2019 08:00;39,01
16.11.2019 08:00;16.11.2019 09:00;42,47
16.11.2019 09:00;16.11.2019 10:00;43,13
16.11.2019 10:00;16.11.2019 11:00;41,51
16.11.2019 11:00;16.11.2019 12:00;41,9
16.11.2019 12:00;16.11.2019 13:00;38,97
16.11.2019 13:00;16.11.2019 14:00;35,15
16.11.2019 14:00;16.11.2019 15:00;34,98
16.11.2019 15:00;16.11.2019 16:00;37,37
16.11.2019 16:00;16.11.2019 17:00;41,25
16.11.2019 17:00;16.11.2019 18:00;42,47
16.11.2019 18:00;16.11.2019 19:00;42,2
16.11.2019 19:00;16.11.2019 20:00;39,32
16.11.2019 20:00;16.11.2019 21:00;35,37
16.11.2019 21:00;16.11.2019 22:00;34,23
16.11.2019 22:00;16.11.2019 23:00;34,3
16.11.2019 23:00;17.11.2019 00:00;29,73
17.11.2019 00:00;17.11.2019 01:00;29,06
17.11.2019 01:00;17.11.2019 02:00;30,96
17.11.2019 02:00;17.11.2019 03:00;31,59
17.11.2019 03:00;17.11.2019 04:00;32,23
17.11.2019 04:00;17.11.2019 05:00;32,86
17.11.2019 05:00;17.11.2019 06:00;33,75
17.11.2019 06:00;17.11.2019 07:00;32,49
17.11.2019 07:00;17.11.2019 08:00;33,88
17.11.2019 08:00;17.11.2019 09:00;36,85
17.11.2019 09:00;17.11.2019 10:00;38,81
17.11.2019 10:00;17.11.2019 11:00;39,72
17.11.2019 11:00;17.11.2019 12:00;40,76
17.11.2019 12:00;17.11.2019 13:00;40,15
17.11.2019 13:00;17.11.2019 14:00;39,25
17.11.2019 14:00;17.11.2019 15:00;39,06
17.11.2019 15:00;17.11.2019 16:00;39,83
17.11.2019 16:00;17.11.2019 17:00;41,15
17.11.2019 17:00;17.11.2019 18:00;45,44
17.11.2019 18:00;17.11.2019 19:00;43,67
17.11.2019 19:00;17.11.2019 20:00;41,92
17.11.2019 20:00;17.11.2019 21:00;37,18
17.11.2019 21:00;17.11.2019 22:00;35,67
17.11.2019 22:00;17.11.2019 23:00;35,06
17.11.2019 23:00;18.11.2019 00:00;32,3
18.11.2019 00:00;18.11.2019 01:00;24,76
18.11.2019 01:00;18.11.2019 02:00;27,83
18.11.2019 02:00;18.11.2019 03:00;26,31
18.11.2019 03:00;18.11.2019 04:00;28,16
18.11.2019 04:00;18.11.2019 05:00;29,68
18.11.2019 05:00;18.11.2019 06:00;34,22
18.11.2019 06:00;18.11.2019 07:00;41,34
18.11.2019 07:00;18.11.2019 08:00;50,23
18.11.2019 08:00;18.11.2019 09:00;49,86
18.11.2019 09:00;18.11.2019 10:00;49,79
18.11.2019 10:00;18.11.2019 11:00;48,38
18.11.2019 11:00;18.11.2019 12:00;49,79
18.11.2019 12:00;18.11.2019 13:00;48,81
18.11.2019 13:00;18.11.2019 14:00;51,58
18.11.2019 14:00;18.11.2019 15:00;49,8
18.11.2019 15:00;18.11.2019 16:00;52,87
18.11.2019 16:00;18.11.2019 17:00;55,0
18.11.2019 17:00;18.11.2019 18:00;54,94
18.11.2019 18:00;18.11.2019 19:00;43,67
18.11.2019 19:00;18.11.2019 20:00;41,62
18.11.2019 20:00;18.11.2019 21:00;35,9
18.11.2019 21:00;18.11.2019 22:00;35,28
18.11.2019 22:00;18.11.2019 23:00;33,89
18.11.2019 23:00;19.11.2019 00:00;28,97
19.11.2019 00:00;19.11.2019 01:00;27,75
19.11.2019 01:00;19.11.2019 02:00;27,35
19.11.2019 02:00;19.11.2019 03:00;24,53
19.11.2019 03:00;19.11.2019 04:00;24,29
19.11.2019 04:00;19.11.2019 05:00;27,73
19.11.2019 05:00;19.11.2019 06:00;32,9
19.11.2019 06:00;19.11.2019 07:00;38,36
19.11.2019 07:00;19.11.2019 08:00;43,32
19.11.2019 08:00;19.11.2019 09:00;44,86
19.11.2019 09:00;19.11.2019 10:00;41,99
19.11.2019 10:00;19.11.2019 11:00;41,7
19.11.2019 11:00;19.11.2019 12:00;41,77
19.11.2019 12:00;19.11.2019 13:00;41,96
19.11.2019 13:00;19.11.2019 14:00;47,97
19.11.2019 14:00;19.11.2019 15:00;53,95
19.11.2019 15:00;19.11.2019 16:00;61,81
19.11.2019 16:00;19.11.2019 17:00;70,43
19.11.2019 17:00;19.11.2019 18:00;80,1
19.11.2019 18:00;19.11.2019 19:00;76,09
19.11.2019 19:00;19.11.2019 20:00;71,91
19.11.2019 20:00;19.11.2019 21:00;58,97
19.11.2019 21:00;19.11.2019 22:00;53,1
19.11.2019 22:00;19.11.2019 23:00;43,34
19.11.2019 23:00;20.11.2019 00:00;39,53
20.11.2019 00:00;20.11.2019 01:00;38,77
20.11.2019 01:00;20.11.2019 02:00;39,92
20.11.2019 02:00;20.11.2019 03:00;39,7
20.11.2019 03:00;20.11.2019 04:00;39,73
20.11.2019 04:00;20.11.2019 05:00;39,5
20.11.2019 05:00;20.11.2019 06:00;40,79
20.11.2019 06:00;20.11.2019 07:00;51,77
20.11.2019 07:00;20.11.2019 08:00;60,52
20.11.2019 08:00;20.11.2019 09:00;68,9
20.11.2019 09:00;20.11.2019 10:00;65,93
20.11.2019 10:00;20.11.2019 11:00;61,02
20.11.2019 11:00;20.11.2019 12:00;60,68
20.11.2019 12:00;20.11.2019 13:00;59,12
20.11.2019 13:00;20.11.2019 14:00;59,05
20.11.2019 14:00;20.11.2019 15:00;59,82
20.11.2019 15:00;20.11.2019 16:00;60,69
20.11.2019 16:00;20.11.2019 17:00;63,29
20.11.2019 17:00;20.11.2019 18:00;71,05
20.11.2019 18:00;20.11.2019 19:00;63,5
20.11.2019 19:00;20.11.2019 20:00;55,9
20.11.2019 20:00;20.11.2019 21:00;53,95
20.11.2019 21:00;20.11.2019 22:00;45,11
20.11.2019 22:00;20.11.2019 23:00;40,76
20.11.2019 23:00;21.11.2019 00:00;38,61
21.11.2019 00:00;21.11.2019 01:00;38,62
21.11.2019 01:00;21.11.2019 02:00;37,59
21.11.2019 02:00;21.11.2019 03:00;37,05
21.11.2019 03:00;21.11.2019 04:00;37,67
21.11.2019 04:00;21.11.2019 05:00;38,39
21.11.2019 05:00;21.11.2019 06:00;39,96
21.11.2019 06:00;21.11.2019 07:00;45,59
21.11.2019 07:00;21.11.2019 08:00;57,98
21.11.2019 08:00;21.11.2019 09:00;58,4
21.11.2019 09:00;21.11.2019 10:00;58,93
21.11.2019 10:00;21.11.2019 11:00;59,16
21.11.2019 11:00;21.11.2019 12:00;59,11
21.11.2019 12:00;21.11.2019 13:00;56,28
21.11.2019 13:00;21.11.2019 14:00;58,09
21.11.2019 14:00;21.11.2019 15:00;57,32
21.11.2019 15:00;21.11.2019 16:00;58,13
21.11.2019 16:00;21.11.2019 17:00;59,86
21.11.2019 17:00;21.11.2019 18:00;63,38
21.11.2019 18:00;21.11.2019 19:00;55,58
21.11.2019 19:00;21.11.2019 20:00;53,92
21.11.2019 20:00;21.11.2019 21:00;50,06
21.11.2019 21:00;21.11.2019 22:00;43,77
21.11.2019 22:00;21.11.2019 23:00;40,13
21.11.2019 23:00;22.11.2019 00:00;37,1
22.11.2019 00:00;22.11.2019 01:00;35,3
22.11.2019 01:00;22.11.2019 02:00;34,72
22.11.2019 02:00;22.11.2019 03:00;35,73
22.11.2019 03:00;22.11.2019 04:00;35,94
22.11.2019 04:00;22.11.2019 05:00;35,59
22.11.2019 05:00;22.11.2019 06:00;37,24
22.11.2019 06:00;22.11.2019 07:00;41,22
22.11.2019 07:00;22.11.2019 08:00;52,1
22.11.2019 08:00;22.11.2019 09:00;52,79
22.11.2019 09:00;22.11.2019 10:00;51,44
22.11.2019 10:00;22.11.2019 11:00;50,9
22.11.2019 11:00;22.11.2019 12:00;49,56
22.11.2019 12:00;22.11.2019 13:00;47,87
22.11.2019 13:00;22.11.2019 14:00;47,98
22.11.2019 14:00;22.11.2019 15:00;49,03
22.11.2019 15:00;22.11.2019 16:00;49,5
22.11.2019 16:00;22.11.2019 17:00;49,04
22.11.2019 17:00;22.11.2019 18:00;51,91
22.11.2019 18:00;22.11.2019 19:00;45,75
22.11.2019 19:00;22.11.2019 20:00;40,81
22.11.2019 20:00;22.11.2019 21:00;39,56
22.11.2019 21:00;22.11.2019 22:00;39,27
22.11.2019 22:00;22.11.2019 23:00;38,32
22.11.2019 23:00;23.11.2019 00:00;34,35
23.11.2019 00:00;23.11.2019 01:00;32,31
23.11.2019 01:00;23.11.2019 02:00;26,97
23.11.2019 02:00;23.11.2019 03:00;26,15
23.11.2019 03:00;23.11.2019 04:00;24,44
23.11.2019 04:00;23.11.2019 05:00;22,89
23.11.2019 05:00;23.11.2019 06:00;24,17
23.11.2019 06:00;23.11.2019 07:00;26,47
23.11.2019 07:00;23.11.2019 08:00;28,14
23.11.2019 08:00;23.11.2019 09:00;33,76
23.11.2019 09:00;23.11.2019 10:00;30,44
23.11.2019 10:00;23.11.2019 11:00;30,31
23.11.2019 11:00;23.11.2019 12:00;30,45
23.11.2019 12:00;23.11.2019 13:00;29,9
23.11.2019 13:00;23.11.2019 14:00;30,62
23.11.2019 14:00;23.11.2019 15:00;32,4
23.11.2019 15:00;23.11.2019 16:00;34,25
23.11.2019 16:00;23.11.2019 17:00;39,01
23.11.2019 17:00;23.11.2019 18:00;40,43
23.11.2019 18:00;23.11.2019 19:00;40,02
23.11.2019 19:00;23.11.2019 20:00;35,58
23.11.2019 20:00;23.11.2019 21:00;30,19
23.11.2019 21:00;23.11.2019 22:00;28,18
23.11.2019 22:00;23.11.2019 23:00;29,6
23.11.2019 23:00;24.11.2019 00:00;27,21
24.11.2019 00:00;24.11.2019 01:00;13,15
24.11.2019 01:00;24.11.2019 02:00;19,22
24.11.2019 02:00;24.11.2019 03:00;13,28
24.11.2019 03:00;24.11.2019 04:00;14,89
24.11.2019 04:00;24.11.2019 05:00;10,19
24.11.2019 05:00;24.11.2019 06:00;7,57
24.11.2019 06:00;24.11.2019 07:00;19,09
24.11.2019 07:00;24.11.2019 08:00;25,48
24.11.2019 08:00;24.11.2019 09:00;30,45
24.11.2019 09:00;24.11.2019 10:00;34,31
24.11.2019 10:00;24.11.2019 11:00;37,55
24.11.2019 11:00;24.11.2019 12:00;39,81
24.11.2019 12:00;24.11.2019 13:00;39,81
24.11.2019 13:00;24.11.2019 14:00;39,76
24.11.2019 14:00;24.11.2019 15:00;40,05
24.11.2019 15:00;24.11.2019 16:00;41,68
24.11.2019 16:00;24.11.2019 17:00;45,01
24.11.2019 17:00;24.11.2019 18:00;50,0
24.11.2019 18:00;24.11.2019 19:00;51,77
24.11.2019 19:00;24.11.2019 20:00;50,11
24.11.2019 20:00;24.11.2019 21:00;49,96
24.11.2019 21:00;24.11.2019 22:00;45,7
24.11.2019 22:00;24.11.2019 23:00;44,64
24.11.2019 23:00;25.11.2019 00:00;39,8
25.11.2019 00:00;25.11.2019 01:00;38,19
25.11.2019 01:00;25.11.2019 02:00;36,3
25.11.2019 02:00;25.11.2019 03:00;36,02
25.11.2019 03:00;25.11.2019 04:00;35,4
25.11.2019 04:00;25.11.2019 05:00;35,38
25.11.2019 05:00;25.11.2019 06:00;37,84
25.11.2019 06:00;25.11.2019 07:00;50,0
25.11.2019 07:00;25.11.2019 08:00;60,42
25.11.2019 08:00;25.11.2019 09:00;58,37
25.11.2019 09:00;25.11.2019 10:00;58,42
25.11.2019 10:00;25.11.2019 11:00;57,3
25.11.2019 11:00;25.11.2019 12:00;58,26
25.11.2019 12:00;25.11.2019 13:00;58,77
25.11.2019 13:00;25.11.2019 14:00;58,6
25.11.2019 14:00;25.11.2019 15:00;57,05
25.11.2019 15:00;25.11.2019 16:00;59,23
25.11.2019 16:00;25.11.2019 17:00;58,4
25.11.2019 17:00;25.11.2019 18:00;63,45
25.11.2019 18:00;25.11.2019 19:00;59,36
25.11.2019 19:00;25.11.2019 20:00;58,07
25.11.2019 20:00;25.11.2019 21:00;53,93
25.11.2019 21:00;25.11.2019 22:00;50,17
25.11.2019 22:00;25.11.2019 23:00;46,36
25.11.2019 23:00;26.11.2019 00:00;41,58
26.11.2019 00:00;26.11.2019 01:00;39,07
26.11.2019 01:00;26.11.2019 02:00;38,43
26.11.2019 02:00;26.11.2019 03:00;36,2
26.11.2019 03:00;26.11.2019 04:00;35,91
26.11.2019 04:00;26.11.2019 05:00;35,98
26.11.2019 05:00;26.11.2019 06:00;38,01
26.11.2019 06:00;26.11.2019 07:00;45,21
26.11.2019 07:00;26.11.2019 08:00;53,44
26.11.2019 08:00;26.11.2019 09:00;54,79
26.11.2019 09:00;26.11.2019 10:00;54,58
26.11.2019 10:00;26.11.2019 11:00;54,79
26.11.2019 11:00;26.11.2019 12:00;54,05
26.11.2019 12:00;26.11.2019 13:00;52,91
26.11.2019 13:00;26.11.2019 14:00;52,59
26.11.2019 14:00;26.11.2019 15:00;52,99
26.11.2019 15:00;26.11.2019 16:00;52,34
26.11.2019 16:00;26.11.2019 17:00;52,43
26.11.2019 17:00;26.11.2019 18:00;54,55
26.11.2019 18:00;26.11.2019 19:00;54,52
26.11.2019 19:00;26.11.2019 20:00;52,9
26.11.2019 20:00;26.11.2019 21:00;47,51
26.11.2019 21:00;26.11.2019 22:00;43,53
26.11.2019 22:00;26.11.2019 23:00;42,28
26.11.2019 23:00;27.11.2019 00:00;37,74
27.11.2019 00:00;27.11.2019 01:00;36,2
27.11.2019 01:00;27.11.2019 02:00;35,32
27.11.2019 02:00;27.11.2019 03:00;32,84
27.11.2019 03:00;27.11.2019 04:00;30,23
27.11.2019 04:00;27.11.2019 05:00;31,65
27.11.2019 05:00;27.11.2019 06:00;34,8
27.11.2019 06:00;27.11.2019 07:00;41,94
27.11.2019 07:00;27.11.2019 08:00;50,68
27.11.2019 08:00;27.11.2019 09:00;50,54
27.11.2019 09:00;27.11.2019 10:00;46,32
27.11.2019 10:00;27.11.2019 11:00;43,94
27.11.2019 11:00;27.11.2019 12:00;43,93
27.11.2019 12:00;27.11.2019 13:00;44,12
27.11.2019 13:00;27.11.2019 14:00;43,87
27.11.2019 14:00;27.11.2019 15:00;43,21
27.11.2019 15:00;27.11.2019 16:00;43,41
27.11.2019 16:00;27.11.2019 17:00;43,71
27.11.2019 17:00;27.11.2019 18:00;46,6
27.11.2019 18:00;27.11.2019 19:00;43,38
27.11.2019 19:00;27.11.2019 20:00;38,96
27.11.2019 20:00;27.11.2019 21:00;34,47
27.11.2019 21:00;27.11.2019 22:00;33,69
27.11.2019 22:00;27.11.2019 23:00;28,6
27.11.2019 23:00;28.11.2019 00:00;25,58
28.11.2019 00:00;28.11.2019 01:00;25,24
28.11.2019 01:00;28.11.2019 02:00;21,23
28.11.2019 02:00;28.11.2019 03:00;5,32
28.11.2019 03:00;28.11.2019 04:00;1,94
28.11.2019 04:00;28.11.2019 05:00;11,75
28.11.2019 05:00;28.11.2019 06:00;23,53
28.11.2019 06:00;28.11.2019 07:00;29,82
28.11.2019 07:00;28.11.2019 08:00;34,14
28.11.2019 08:00;28.11.2019 09:00;40,38
28.11.2019 09:00;28.11.2019 10:00;39,34
28.11.2019 10:00;28.11.2019 11:00;38,52
28.11.2019 11:00;28.11.2019 12:00;38,16
28.11.2019 12:00;28.11.2019 13:00;35,44
28.11.2019 13:00;28.11.2019 14:00;35,24
28.11.2019 14:00;28.11.2019 15:00;35,7
28.11.2019 15:00;28.11.2019 16:00;36,23
28.11.2019 16:00;28.11.2019 17:00;38,05
28.11.2019 17:00;28.11.2019 18:00;40,43
28.11.2019 18:00;28.11.2019 19:00;40,58
28.11.2019 19:00;28.11.2019 20:00;39,95
28.11.2019 20:00;28.11.2019 21:00;36,16
28.11.2019 21:00;28.11.2019 22:00;30,9
28.11.2019 22:00;28.11.2019 23:00;28,46
28.11.2019 23:00;29.11.2019 00:00;25,17
29.11.2019 00:00;29.11.2019 01:00;23,95
29.11.2019 01:00;29.11.2019 02:00;21,27
29.11.2019 02:00;29.11.2019 03:00;11,79
29.11.2019 03:00;29.11.2019 04:00;14,2
29.11.2019 04:00;29.11.2019 05:00;27,56
29.11.2019 05:00;29.11.2019 06:00;27,5
29.11.2019 06:00;29.11.2019 07:00;39,86
29.11.2019 07:00;29.11.2019 08:00;45,08
29.11.2019 08:00;29.11.2019 09:00;45,89
29.11.2019 09:00;29.11.2019 10:00;42,69
29.11.2019 10:00;29.11.2019 11:00;42,42
29.11.2019 11:00;29.11.2019 12:00;42,29
29.11.2019 12:00;29.11.2019 13:00;41,65
29.11.2019 13:00;29.11.2019 14:00;42,22
29.11.2019 14:00;29.11.2019 15:00;47,91
29.11.2019 15:00;29.11.2019 16:00;51,04
29.11.2019 16:00;29.11.2019 17:00;52,14
29.11.2019 17:00;29.11.2019 18:00;54,05
29.11.2019 18:00;29.11.2019 19:00;55,36
29.11.2019 19:00;29.11.2019 20:00;53,11
29.11.2019 20:00;29.11.2019 21:00;52,01
29.11.2019 21:00;29.11.2019 22:00;46,44
29.11.2019 22:00;29.11.2019 23:00;42,24
29.11.2019 23:00;30.11.2019 00:00;39,28
30.11.2019 00:00;30.11.2019 01:00;36,29
30.11.2019 01:00;30.11.2019 02:00;35,96
30.11.2019 02:00;30.11.2019 03:00;35,99
30.11.2019 03:00;30.11.2019 04:00;35,39
30.11.2019 04:00;30.11.2019 05:00;35,39
30.11.2019 05:00;30.11.2019 06:00;36,03
30.11.2019 06:00;30.11.2019 07:00;36,56
30.11.2019 07:00;30.11.2019 08:00;39,07
30.11.2019 08:00;30.11.2019 09:00;42,29
30.11.2019 09:00;30.11.2019 10:00;45,35
30.11.2019 10:00;30.11.2019 11:00;44,0
30.11.2019 11:00;30.11.2019 12:00;42,7
30.11.2019 12:00;30.11.2019 13:00;41,5
30.11.2019 13:00;30.11.2019 14:00;40,77
30.11.2019 14:00;30.11.2019 15:00;41,14
30.11.2019 15:00;30.11.2019 16:00;43,02
30.11.2019 16:00;30.11.2019 17:00;48,99
30.11.2019 17:00;30.11.2019 18:00;52,9
30.11.2019 18:00;30.11.2019 19:00;53,1
30.11.2019 19:00;30.11.2019 20:00;50,01
30.11.2019 20:00;30.11.2019 21:00;47,35
30.11.2019 21:00;30.11.2019 22:00;42,42
30.11.2019 22:00;30.11.2019 23:00;41,94
30.11.2019 23:00;01.12.2019 00:00;40,13
01.12.2019 00:00;01.12.2019 01:00;38,55
01.12.2019 01:00;01.12.2019 02:00;37,07
01.12.2019 02:00;01.12.2019 03:00;36,26
01.12.2019 03:00;01.12.2019 04:00;35,93
01.12.2019 04:00;01.12.2019 05:00;35,86
01.12.2019 05:00;01.12.2019 06:00;35,92
01.12.2019 06:00;01.12.2019 07:00;36,13
01.12.2019 07:00;01.12.2019 08:00;37,04
01.12.2019 08:00;01.12.2019 09:00;38,74
01.12.2019 09:00;01.12.2019 10:00;42,12
01.12.2019 10:00;01.12.2019 11:00;44,77
01.12.2019 11:00;01.12.2019 12:00;48,0
01.12.2019 12:00;01.12.2019 13:00;48,15
01.12.2019 13:00;01.12.2019 14:00;45,76
01.12.2019 14:00;01.12.2019 15:00;44,7
01.12.2019 15:00;01.12.2019 16:00;44,98
01.12.2019 16:00;01.12.2019 17:00;47,79
01.12.2019 17:00;01.12.2019 18:00;50,45
01.12.2019 18:00;01.12.2019 19:00;52,4
01.12.2019 19:00;01.12.2019 20:00;50,64
01.12.2019 20:00;01.12.2019 21:00;46,84
01.12.2019 21:00;01.12.2019 22:00;42,92
01.12.2019 22:00;01.12.2019 23:00;39,9
01.12.2019 23:00;02.12.2019 00:00;37,83
02.12.2019 00:00;02.12.2019 01:00;36,03
02.12.2019 01:00;02.12.2019 02:00;36,93
02.12.2019 02:00;02.12.2019 03:00;35,4
02.12.2019 03:00;02.12.2019 04:00;34,46
02.12.2019 04:00;02.12.2019 05:00;35,4
02.12.2019 05:00;02.12.2019 06:00;36,3
02.12.2019 06:00;02.12.2019 07:00;44,84
02.12.2019 07:00;02.12.2019 08:00;52,97
02.12.2019 08:00;02.12.2019 09:00;54,58
02.12.2019 09:00;02.12.2019 10:00;54,09
02.12.2019 10:00;02.12.2019 11:00;45,9
02.12.2019 11:00;02.12.2019 12:00;43,59
02.12.2019 12:00;02.12.2019 13:00;41,96
02.12.2019 13:00;02.12.2019 14:00;42,87
02.12.2019 14:00;02.12.2019 15:00;49,0
02.12.2019 15:00;02.12.2019 16:00;52,95
02.12.2019 16:00;02.12.2019 17:00;53,93
02.12.2019 17:00;02.12.2019 18:00;57,23
02.12.2019 18:00;02.12.2019 19:00;55,18
02.12.2019 19:00;02.12.2019 20:00;55,5
02.12.2019 20:00;02.12.2019 21:00;54,43
02.12.2019 21:00;02.12.2019 22:00;49,33
02.12.2019 22:00;02.12.2019 23:00;44,89
02.12.2019 23:00;03.12.2019 00:00;40,58
03.12.2019 00:00;03.12.2019 01:00;40,19
03.12.2019 01:00;03.12.2019 02:00;39,74
03.12.2019 02:00;03.12.2019 03:00;39,5
03.12.2019 03:00;03.12.2019 04:00;38,5
03.12.2019 04:00;03.12.2019 05:00;39,49
03.12.2019 05:00;03.12.2019 06:00;42,81
03.12.2019 06:00;03.12.2019 07:00;55,07
03.12.2019 07:00;03.12.2019 08:00;67,28
03.12.2019 08:00;03.12.2019 09:00;76,47
03.12.2019 09:00;03.12.2019 10:00;71,0
03.12.2019 10:00;03.12.2019 11:00;60,49
03.12.2019 11:00;03.12.2019 12:00;59,31
03.12.2019 12:00;03.12.2019 13:00;55,24
03.12.2019 13:00;03.12.2019 14:00;54,5
03.12.2019 14:00;03.12.2019 15:00;56,86
03.12.2019 15:00;03.12.2019 16:00;57,9
03.12.2019 16:00;03.12.2019 17:00;60,0
03.12.2019 17:00;03.12.2019 18:00;61,8
03.12.2019 18:00;03.12.2019 19:00;49,76
03.12.2019 19:00;03.12.2019 20:00;47,32
03.12.2019 20:00;03.12.2019 21:00;42,32
03.12.2019 21:00;03.12.2019 22:00;40,67
03.12.2019 22:00;03.12.2019 23:00;39,27
03.12.2019 23:00;04.12.2019 00:00;37,05
04.12.2019 00:00;04.12.2019 01:00;35,0
04.12.2019 01:00;04.12.2019 02:00;35,0
04.12.2019 02:00;04.12.2019 03:00;35,24
04.12.2019 03:00;04.12.2019 04:00;35,58
04.12.2019 04:00;04.12.2019 05:00;36,87
04.12.2019 05:00;04.12.2019 06:00;37,51
04.12.2019 06:00;04.12.2019 07:00;42,69
04.12.2019 07:00;04.12.2019 08:00;53,4
04.12.2019 08:00;04.12.2019 09:00;54,76
04.12.2019 09:00;04.12.2019 10:00;51,47
04.12.2019 10:00;04.12.2019 11:00;46,34
04.12.2019 11:00;04.12.2019 12:00;44,99
04.12.2019 12:00;04.12.2019 13:00;43,81
04.12.2019 13:00;04.12.2019 14:00;47,99
04.12.2019 14:00;04.12.2019 15:00;55,01
04.12.2019 15:00;04.12.2019 16:00;58,3
04.12.2019 16:00;04.12.2019 17:00;62,69
04.12.2019 17:00;04.12.2019 18:00;70,6
04.12.2019 18:00;04.12.2019 19:00;60,06
04.12.2019 19:00;04.12.2019 20:00;60,1
04.12.2019 20:00;04.12.2019 21:00;52,93
04.12.2019 21:00;04.12.2019 22:00;49,5
04.12.2019 22:00;04.12.2019 23:00;41,7
04.12.2019 23:00;05.12.2019 00:00;39,1
05.12.2019 00:00;05.12.2019 01:00;36,16
05.12.2019 01:00;05.12.2019 02:00;35,73
05.12.2019 02:00;05.12.2019 03:00;35,86
05.12.2019 03:00;05.12.2019 04:00;35,75
05.12.2019 04:00;05.12.2019 05:00;35,56
05.12.2019 05:00;05.12.2019 06:00;36,14
05.12.2019 06:00;05.12.2019 07:00;42,22
05.12.2019 07:00;05.12.2019 08:00;59,59
05.12.2019 08:00;05.12.2019 09:00;58,29
05.12.2019 09:00;05.12.2019 10:00;51,23
05.12.2019 10:00;05.12.2019 11:00;46,15
05.12.2019 11:00;05.12.2019 12:00;41,87
05.12.2019 12:00;05.12.2019 13:00;41,61
05.12.2019 13:00;05.12.2019 14:00;41,52
05.12.2019 14:00;05.12.2019 15:00;46,95
05.12.2019 15:00;05.12.2019 16:00;50,41
05.12.2019 16:00;05.12.2019 17:00;51,47
05.12.2019 17:00;05.12.2019 18:00;46,63
05.12.2019 18:00;05.12.2019 19:00;43,44
05.12.2019 19:00;05.12.2019 20:00;38,15
05.12.2019 20:00;05.12.2019 21:00;36,24
05.12.2019 21:00;05.12.2019 22:00;34,89
05.12.2019 22:00;05.12.2019 23:00;32,79
05.12.2019 23:00;06.12.2019 00:00;24,94
06.12.2019 00:00;06.12.2019 01:00;25,18
06.12.2019 01:00;06.12.2019 02:00;25,03
06.12.2019 02:00;06.12.2019 03:00;18,77
06.12.2019 03:00;06.12.2019 04:00;13,6
06.12.2019 04:00;06.12.2019 05:00;19,14
06.12.2019 05:00;06.12.2019 06:00;25,16
06.12.2019 06:00;06.12.2019 07:00;30,67
06.12.2019 07:00;06.12.2019 08:00;38,86
06.12.2019 08:00;06.12.2019 09:00;40,25
06.12.2019 09:00;06.12.2019 10:00;37,96
06.12.2019 10:00;06.12.2019 11:00;38,92
06.12.2019 11:00;06.12.2019 12:00;38,9
06.12.2019 12:00;06.12.2019 13:00;37,08
06.12.2019 13:00;06.12.2019 14:00;37,79
06.12.2019 14:00;06.12.2019 15:00;37,6
06.12.2019 15:00;06.12.2019 16:00;35,36
06.12.2019 16:00;06.12.2019 17:00;39,4
06.12.2019 17:00;06.12.2019 18:00;40,07
06.12.2019 18:00;06.12.2019 19:00;37,8
06.12.2019 19:00;06.12.2019 20:00;32,82
06.12.2019 20:00;06.12.2019 21:00;28,09
06.12.2019 21:00;06.12.2019 22:00;26,03
06.12.2019 22:00;06.12.2019 23:00;25,81
06.12.2019 23:00;07.12.2019 00:00;16,1
07.12.2019 00:00;07.12.2019 01:00;14,55
07.12.2019 01:00;07.12.2019 02:00;4,16
07.12.2019 02:00;07.12.2019 03:00;0,06
07.12.2019 03:00;07.12.2019 04:00;-4,97
07.12.2019 04:00;07.12.2019 05:00;-7,17
07.12.2019 05:00;07.12.2019 06:00;0,07
07.12.2019 06:00;07.12.2019 07:00;-2,44
07.12.2019 07:00;07.12.2019 08:00;25,63
07.12.2019 08:00;07.12.2019 09:00;27,39
07.12.2019 09:00;07.12.2019 10:00;34,18
07.12.2019 10:00;07.12.2019 11:00;33,57
07.12.2019 11:00;07.12.2019 12:00;36,5
07.12.2019 12:00;07.12.2019 13:00;35,01
07.12.2019 13:00;07.12.2019 14:00;33,07
07.12.2019 14:00;07.12.2019 15:00;35,37
07.12.2019 15:00;07.12.2019 16:00;38,03
07.12.2019 16:00;07.12.2019 17:00;39,04
07.12.2019 17:00;07.12.2019 18:00;41,29
07.12.2019 18:00;07.12.2019 19:00;42,68
07.12.2019 19:00;07.12.2019 20:00;39,97
07.12.2019 20:00;07.12.2019 21:00;35,17
07.12.2019 21:00;07.12.2019 22:00;34,21
07.12.2019 22:00;07.12.2019 23:00;33,81
07.12.2019 23:00;08.12.2019 00:00;28,72
08.12.2019 00:00;08.12.2019 01:00;1,34
08.12.2019 01:00;08.12.2019 02:00;-0,26
08.12.2019 02:00;08.12.2019 03:00;-11,71
08.12.2019 03:00;08.12.2019 04:00;-14,72
08.12.2019 04:00;08.12.2019 05:00;-39,98
08.12.2019 05:00;08.12.2019 06:00;-49,91
08.12.2019 06:00;08.12.2019 07:00;-50,43
08.12.2019 07:00;08.12.2019 08:00;-49,95
08.12.2019 08:00;08.12.2019 09:00;-49,91
08.12.2019 09:00;08.12.2019 10:00;-49,92
08.12.2019 10:00;08.12.2019 11:00;-49,98
08.12.2019 11:00;08.12.2019 12:00;-35,34
08.12.2019 12:00;08.12.2019 13:00;-22,41
08.12.2019 13:00;08.12.2019 14:00;-2,01
08.12.2019 14:00;08.12.2019 15:00;-0,08
08.12.2019 15:00;08.12.2019 16:00;0,35
08.12.2019 16:00;08.12.2019 17:00;4,13
08.12.2019 17:00;08.12.2019 18:00;15,23
08.12.2019 18:00;08.12.2019 19:00;14,0
08.12.2019 19:00;08.12.2019 20:00;12,08
08.12.2019 20:00;08.12.2019 21:00;0,44
08.12.2019 21:00;08.12.2019 22:00;0,07
08.12.2019 22:00;08.12.2019 23:00;0,49
08.12.2019 23:00;09.12.2019 00:00;-14,72
09.12.2019 00:00;09.12.2019 01:00;-11,1
09.12.2019 01:00;09.12.2019 02:00;-15,1
09.12.2019 02:00;09.12.2019 03:00;-16,09
09.12.2019 03:00;09.12.2019 04:00;-14,99
09.12.2019 04:00;09.12.2019 05:00;-12,76
09.12.2019 05:00;09.12.2019 06:00;-5,85
09.12.2019 06:00;09.12.2019 07:00;27,23
09.12.2019 07:00;09.12.2019 08:00;38,57
09.12.2019 08:00;09.12.2019 09:00;39,99
09.12.2019 09:00;09.12.2019 10:00;39,77
09.12.2019 10:00;09.12.2019 11:00;39,58
09.12.2019 11:00;09.12.2019 12:00;39,73
09.12.2019 12:00;09.12.2019 13:00;39,91
09.12.2019 13:00;09.12.2019 14:00;39,93
09.12.2019 14:00;09.12.2019 15:00;39,97
09.12.2019 15:00;09.12.2019 16:00;39,58
09.12.2019 16:00;09.12.2019 17:00;40,17
09.12.2019 17:00;09.12.2019 18:00;40,68
09.12.2019 18:00;09.12.2019 19:00;39,22
09.12.2019 19:00;09.12.2019 20:00;37,95
09.12.2019 20:00;09.12.2019 21:00;29,1
09.12.2019 21:00;09.12.2019 22:00;25,89
09.12.2019 22:00;09.12.2019 23:00;25,31
09.12.2019 23:00;10.12.2019 00:00;14,08
10.12.2019 00:00;10.12.2019 01:00;26,02
10.12.2019 01:00;10.12.2019 02:00;25,74
10.12.2019 02:00;10.12.2019 03:00;25,85
10.12.2019 03:00;10.12.2019 04:00;28,53
10.12.2019 04:00;10.12.2019 05:00;30,99
10.12.2019 05:00;10.12.2019 06:00;35,51
10.12.2019 06:00;10.12.2019 07:00;46,11
10.12.2019 07:00;10.12.2019 08:00;53,1
10.12.2019 08:00;10.12.2019 09:00;56,38
10.12.2019 09:00;10.12.2019 10:00;54,93
10.12.2019 10:00;10.12.2019 11:00;51,0
10.12.2019 11:00;10.12.2019 12:00;49,9
10.12.2019 12:00;10.12.2019 13:00;47,34
10.12.2019 13:00;10.12.2019 14:00;46,99
10.12.2019 14:00;10.12.2019 15:00;46,87
10.12.2019 15:00;10.12.2019 16:00;46,55
10.12.2019 16:00;10.12.2019 17:00;45,41
10.12.2019 17:00;10.12.2019 18:00;48,96
10.12.2019 18:00;10.12.2019 19:00;39,84
10.12.2019 19:00;10.12.2019 20:00;36,3
10.12.2019 20:00;10.12.2019 21:00;35,22
10.12.2019 21:00;10.12.2019 22:00;33,02
10.12.2019 22:00;10.12.2019 23:00;29,78
10.12.2019 23:00;11.12.2019 00:00;23,83
11.12.2019 00:00;11.12.2019 01:00;17,85
11.12.2019 01:00;11.12.2019 02:00;2,4
11.12.2019 02:00;11.12.2019 03:00;0,09
11.12.2019 03:00;11.12.2019 04:00;0,34
11.12.2019 04:00;11.12.2019 05:00;20,57
11.12.2019 05:00;11.12.2019 06:00;25,92
11.12.2019 06:00;11.12.2019 07:00;32,31
11.12.2019 07:00;11.12.2019 08:00;37,92
11.12.2019 08:00;11.12.2019 09:00;40,95
11.12.2019 09:00;11.12.2019 10:00;41,9
11.12.2019 10:00;11.12.2019 11:00;44,15
11.12.2019 11:00;11.12.2019 12:00;50,4
11.12.2019 12:00;11.12.2019 13:00;50,6
11.12.2019 13:00;11.12.2019 14:00;51,82
11.12.2019 14:00;11.12.2019 15:00;51,29
11.12.2019 15:00;11.12.2019 16:00;51,79
11.12.2019 16:00;11.12.2019 17:00;52,86
11.12.2019 17:00;11.12.2019 18:00;60,23
11.12.2019 18:00;11.12.2019 19:00;56,36
11.12.2019 19:00;11.12.2019 20:00;53,61
11.12.2019 20:00;11.12.2019 21:00;48,3
11.12.2019 21:00;11.12.2019 22:00;44,7
11.12.2019 22:00;11.12.2019 23:00;41,34
11.12.2019 23:00;12.12.2019 00:00;37,17
12.12.2019 00:00;12.12.2019 01:00;37,0
12.12.2019 01:00;12.12.2019 02:00;35,83
12.12.2019 02:00;12.12.2019 03:00;35,02
12.12.2019 03:00;12.12.2019 04:00;34,65
12.12.2019 04:00;12.12.2019 05:00;35,18
12.12.2019 05:00;12.12.2019 06:00;36,98
12.12.2019 06:00;12.12.2019 07:00;49,0
12.12.2019 07:00;12.12.2019 08:00;57,64
12.12.2019 08:00;12.12.2019 09:00;61,6
12.12.2019 09:00;12.12.2019 10:00;60,1
12.12.2019 10:00;12.12.2019 11:00;54,0
12.12.2019 11:00;12.12.2019 12:00;49,69
12.12.2019 12:00;12.12.2019 13:00;49,0
12.12.2019 13:00;12.12.2019 14:00;47,01
12.12.2019 14:00;12.12.2019 15:00;47,19
12.12.2019 15:00;12.12.2019 16:00;48,88
12.12.2019 16:00;12.12.2019 17:00;47,76
12.12.2019 17:00;12.12.2019 18:00;52,13
12.12.2019 18:00;12.12.2019 19:00;47,05
12.12.2019 19:00;12.12.2019 20:00;41,16
12.12.2019 20:00;12.12.2019 21:00;38,48
12.12.2019 21:00;12.12.2019 22:00;36,13
12.12.2019 22:00;12.12.2019 23:00;35,07
12.12.2019 23:00;13.12.2019 00:00;34,27
13.12.2019 00:00;13.12.2019 01:00;28,64
13.12.2019 01:00;13.12.2019 02:00;27,71
13.12.2019 02:00;13.12.2019 03:00;23,34
13.12.2019 03:00;13.12.2019 04:00;11,27
13.12.2019 04:00;13.12.2019 05:00;16,25
13.12.2019 05:00;13.12.2019 06:00;25,05
13.12.2019 06:00;13.12.2019 07:00;32,83
13.12.2019 07:00;13.12.2019 08:00;39,6
13.12.2019 08:00;13.12.2019 09:00;43,99
13.12.2019 09:00;13.12.2019 10:00;43,9
13.12.2019 10:00;13.12.2019 11:00;40,82
13.12.2019 11:00;13.12.2019 12:00;41,65
13.12.2019 12:00;13.12.2019 13:00;43,91
13.12.2019 13:00;13.12.2019 14:00;43,99
13.12.2019 14:00;13.12.2019 15:00;40,7
13.12.2019 15:00;13.12.2019 16:00;42,92
13.12.2019 16:00;13.12.2019 17:00;45,04
13.12.2019 17:00;13.12.2019 18:00;50,88
13.12.2019 18:00;13.12.2019 19:00;46,71
13.12.2019 19:00;13.12.2019 20:00;43,05
13.12.2019 20:00;13.12.2019 21:00;39,02
13.12.2019 21:00;13.12.2019 22:00;36,51
13.12.2019 22:00;13.12.2019 23:00;35,04
13.12.2019 23:00;14.12.2019 00:00;33,96
14.12.2019 00:00;14.12.2019 01:00;34,39
14.12.2019 01:00;14.12.2019 02:00;29,11
14.12.2019 02:00;14.12.2019 03:00;27,6
14.12.2019 03:00;14.12.2019 04:00;25,5
14.12.2019 04:00;14.12.2019 05:00;21,92
14.12.2019 05:00;14.12.2019 06:00;20,08
14.12.2019 06:00;14.12.2019 07:00;21,91
14.12.2019 07:00;14.12.2019 08:00;26,73
14.12.2019 08:00;14.12.2019 09:00;31,97
14.12.2019 09:00;14.12.2019 10:00;30,65
14.12.2019 10:00;14.12.2019 11:00;28,99
14.12.2019 11:00;14.12.2019 12:00;27,97
14.12.2019 12:00;14.12.2019 13:00;23,93
14.12.2019 13:00;14.12.2019 14:00;15,23
14.12.2019 14:00;14.12.2019 15:00;15,93
14.12.2019 15:00;14.12.2019 16:00;17,04
14.12.2019 16:00;14.12.2019 17:00;23,84
14.12.2019 17:00;14.12.2019 18:00;27,8
14.12.2019 18:00;14.12.2019 19:00;29,05
14.12.2019 19:00;14.12.2019 20:00;25,83
14.12.2019 20:00;14.12.2019 21:00;13,85
14.12.2019 21:00;14.12.2019 22:00;15,64
14.12.2019 22:00;14.12.2019 23:00;18,15
14.12.2019 23:00;15.12.2019 00:00;4,39
15.12.2019 00:00;15.12.2019 01:00;0,32
15.12.2019 01:00;15.12.2019 02:00;1,52
15.12.2019 02:00;15.12.2019 03:00;2,3
15.12.2019 03:00;15.12.2019 04:00;3,9
15.12.2019 04:00;15.12.2019 05:00;2,2
15.12.2019 05:00;15.12.2019 06:00;0,97
15.12.2019 06:00;15.12.2019 07:00;-5,12
15.12.2019 07:00;15.12.2019 08:00;-4,95
15.12.2019 08:00;15.12.2019 09:00;-0,07
15.12.2019 09:00;15.12.2019 10:00;0,1
15.12.2019 10:00;15.12.2019 11:00;-0,94
15.12.2019 11:00;15.12.2019 12:00;8,47
15.12.2019 12:00;15.12.2019 13:00;5,83
15.12.2019 13:00;15.12.2019 14:00;5,29
15.12.2019 14:00;15.12.2019 15:00;10,01
15.12.2019 15:00;15.12.2019 16:00;20,82
15.12.2019 16:00;15.12.2019 17:00;27,18
15.12.2019 17:00;15.12.2019 18:00;33,51
15.12.2019 18:00;15.12.2019 19:00;31,36
15.12.2019 19:00;15.12.2019 20:00;35,63
15.12.2019 20:00;15.12.2019 21:00;34,29
15.12.2019 21:00;15.12.2019 22:00;29,1
15.12.2019 22:00;15.12.2019 23:00;32,8
15.12.2019 23:00;16.12.2019 00:00;29,83
16.12.2019 00:00;16.12.2019 01:00;29,46
16.12.2019 01:00;16.12.2019 02:00;30,18
16.12.2019 02:00;16.12.2019 03:00;30,91
16.12.2019 03:00;16.12.2019 04:00;29,49
16.12.2019 04:00;16.12.2019 05:00;29,19
16.12.2019 05:00;16.12.2019 06:00;31,77
16.12.2019 06:00;16.12.2019 07:00;38,87
16.12.2019 07:00;16.12.2019 08:00;50,01
16.12.2019 08:00;16.12.2019 09:00;44,74
16.12.2019 09:00;16.12.2019 10:00;42,0
16.12.2019 10:00;16.12.2019 11:00;41,2
16.12.2019 11:00;16.12.2019 12:00;41,84
16.12.2019 12:00;16.12.2019 13:00;42,11
16.12.2019 13:00;16.12.2019 14:00;44,72
16.12.2019 14:00;16.12.2019 15:00;46,03
16.12.2019 15:00;16.12.2019 16:00;47,34
16.12.2019 16:00;16.12.2019 17:00;50,0
16.12.2019 17:00;16.12.2019 18:00;52,01
16.12.2019 18:00;16.12.2019 19:00;51,96
16.12.2019 19:00;16.12.2019 20:00;48,61
16.12.2019 20:00;16.12.2019 21:00;43,5
16.12.2019 21:00;16.12.2019 22:00;40,1
16.12.2019 22:00;16.12.2019 23:00;38,08
16.12.2019 23:00;17.12.2019 00:00;36,0
17.12.2019 00:00;17.12.2019 01:00;32,71
17.12.2019 01:00;17.12.2019 02:00;31,9
17.12.2019 02:00;17.12.2019 03:00;30,5
17.12.2019 03:00;17.12.2019 04:00;29,19
17.12.2019 04:00;17.12.2019 05:00;29,4
17.12.2019 05:00;17.12.2019 06:00;31,25
17.12.2019 06:00;17.12.2019 07:00;35,74
17.12.2019 07:00;17.12.2019 08:00;44,17
17.12.2019 08:00;17.12.2019 09:00;49,5
17.12.2019 09:00;17.12.2019 10:00;42,35
17.12.2019 10:00;17.12.2019 11:00;40,15
17.12.2019 11:00;17.12.2019 12:00;38,23
17.12.2019 12:00;17.12.2019 13:00;38,88
17.12.2019 13:00;17.12.2019 14:00;39,05
17.12.2019 14:00;17.12.2019 15:00;39,6
17.12.2019 15:00;17.12.2019 16:00;42,52
17.12.2019 16:00;17.12.2019 17:00;42,57
17.12.2019 17:00;17.12.2019 18:00;42,83
17.12.2019 18:00;17.12.2019 19:00;38,79
17.12.2019 19:00;17.12.2019 20:00;36,74
17.12.2019 20:00;17.12.2019 21:00;33,99
17.12.2019 21:00;17.12.2019 22:00;32,69
17.12.2019 22:00;17.12.2019 23:00;30,28
17.12.2019 23:00;18.12.2019 00:00;28,15
18.12.2019 00:00;18.12.2019 01:00;21,95
18.12.2019 01:00;18.12.2019 02:00;25,39
18.12.2019 02:00;18.12.2019 03:00;26,35
18.12.2019 03:00;18.12.2019 04:00;26,04
18.12.2019 04:00;18.12.2019 05:00;28,39
18.12.2019 05:00;18.12.2019 06:00;30,19
18.12.2019 06:00;18.12.2019 07:00;36,19
18.12.2019 07:00;18.12.2019 08:00;42,05
18.12.2019 08:00;18.12.2019 09:00;47,45
18.12.2019 09:00;18.12.2019 10:00;45,71
18.12.2019 10:00;18.12.2019 11:00;44,48
18.12.2019 11:00;18.12.2019 12:00;48,14
18.12.2019 12:00;18.12.2019 13:00;46,45
18.12.2019 13:00;18.12.2019 14:00;46,79
18.12.2019 14:00;18.12.2019 15:00;47,85
18.12.2019 15:00;18.12.2019 16:00;47,9
18.12.2019 16:00;18.12.2019 17:00;51,0
18.12.2019 17:00;18.12.2019 18:00;54,19
18.12.2019 18:00;18.12.2019 19:00;51,0
18.12.2019 19:00;18.12.2019 20:00;46,3
18.12.2019 20:00;18.12.2019 21:00;43,85
18.12.2019 21:00;18.12.2019 22:00;39,15
18.12.2019 22:00;18.12.2019 23:00;35,9
18.12.2019 23:00;19.12.2019 00:00;32,19
19.12.2019 00:00;19.12.2019 01:00;29,08
19.12.2019 01:00;19.12.2019 02:00;26,41
19.12.2019 02:00;19.12.2019 03:00;26,72
19.12.2019 03:00;19.12.2019 04:00;24,8
19.12.2019 04:00;19.12.2019 05:00;25,97
19.12.2019 05:00;19.12.2019 06:00;27,24
19.12.2019 06:00;19.12.2019 07:00;31,56
19.12.2019 07:00;19.12.2019 08:00;40,0
19.12.2019 08:00;19.12.2019 09:00;42,95
19.12.2019 09:00;19.12.2019 10:00;39,62
19.12.2019 10:00;19.12.2019 11:00;37,86
19.12.2019 11:00;19.12.2019 12:00;37,69
19.12.2019 12:00;19.12.2019 13:00;36,87
19.12.2019 13:00;19.12.2019 14:00;37,41
19.12.2019 14:00;19.12.2019 15:00;38,01
19.12.2019 15:00;19.12.2019 16:00;38,72
19.12.2019 16:00;19.12.2019 17:00;40,46
19.12.2019 17:00;19.12.2019 18:00;40,31
19.12.2019 18:00;19.12.2019 19:00;39,91
19.12.2019 19:00;19.12.2019 20:00;38,95
19.12.2019 20:00;19.12.2019 21:00;35,69
19.12.2019 21:00;19.12.2019 22:00;35,09
19.12.2019 22:00;19.12.2019 23:00;32,95
19.12.2019 23:00;20.12.2019 00:00;27,22
20.12.2019 00:00;20.12.2019 01:00;26,56
20.12.2019 01:00;20.12.2019 02:00;25,95
20.12.2019 02:00;20.12.2019 03:00;23,3
20.12.2019 03:00;20.12.2019 04:00;19,01
20.12.2019 04:00;20.12.2019 05:00;24,59
20.12.2019 05:00;20.12.2019 06:00;25,03
20.12.2019 06:00;20.12.2019 07:00;26,92
20.12.2019 07:00;20.12.2019 08:00;32,57
20.12.2019 08:00;20.12.2019 09:00;35,4
20.12.2019 09:00;20.12.2019 10:00;33,01
20.12.2019 10:00;20.12.2019 11:00;30,67
20.12.2019 11:00;20.12.2019 12:00;30,04
20.12.2019 12:00;20.12.2019 13:00;28,17
20.12.2019 13:00;20.12.2019 14:00;26,84
20.12.2019 14:00;20.12.2019 15:00;27,0
20.12.2019 15:00;20.12.2019 16:00;30,28
20.12.2019 16:00;20.12.2019 17:00;33,51
20.12.2019 17:00;20.12.2019 18:00;37,29
20.12.2019 18:00;20.12.2019 19:00;37,48
20.12.2019 19:00;20.12.2019 20:00;37,0
20.12.2019 20:00;20.12.2019 21:00;34,01
20.12.2019 21:00;20.12.2019 22:00;27,33
20.12.2019 22:00;20.12.2019 23:00;26,97
20.12.2019 23:00;21.12.2019 00:00;26,82
21.12.2019 00:00;21.12.2019 01:00;18,11
21.12.2019 01:00;21.12.2019 02:00;13,61
21.12.2019 02:00;21.12.2019 03:00;10,0
21.12.2019 03:00;21.12.2019 04:00;9,15
21.12.2019 04:00;21.12.2019 05:00;7,82
21.12.2019 05:00;21.12.2019 06:00;12,83
21.12.2019 06:00;21.12.2019 07:00;21,36
21.12.2019 07:00;21.12.2019 08:00;27,48
21.12.2019 08:00;21.12.2019 09:00;31,23
21.12.2019 09:00;21.12.2019 10:00;35,9
21.12.2019 10:00;21.12.2019 11:00;35,94
21.12.2019 11:00;21.12.2019 12:00;35,99
21.12.2019 12:00;21.12.2019 13:00;36,07
21.12.2019 13:00;21.12.2019 14:00;35,95
21.12.2019 14:00;21.12.2019 15:00;36,21
21.12.2019 15:00;21.12.2019 16:00;36,99
21.12.2019 16:00;21.12.2019 17:00;39,83
21.12.2019 17:00;21.12.2019 18:00;42,2
21.12.2019 18:00;21.12.2019 19:00;37,76
21.12.2019 19:00;21.12.2019 20:00;36,92
21.12.2019 20:00;21.12.2019 21:00;31,98
21.12.2019 21:00;21.12.2019 22:00;30,2
21.12.2019 22:00;21.12.2019 23:00;28,01
21.12.2019 23:00;22.12.2019 00:00;23,04
22.12.2019 00:00;22.12.2019 01:00;18,43
22.12.2019 01:00;22.12.2019 02:00;8,39
22.12.2019 02:00;22.12.2019 03:00;12,2
22.12.2019 03:00;22.12.2019 04:00;5,52
22.12.2019 04:00;22.12.2019 05:00;4,25
22.12.2019 05:00;22.12.2019 06:00;6,58
22.12.2019 06:00;22.12.2019 07:00;9,31
22.12.2019 07:00;22.12.2019 08:00;19,42
22.12.2019 08:00;22.12.2019 09:00;28,07
22.12.2019 09:00;22.12.2019 10:00;33,04
22.12.2019 10:00;22.12.2019 11:00;35,64
22.12.2019 11:00;22.12.2019 12:00;37,6
22.12.2019 12:00;22.12.2019 13:00;37,54
22.12.2019 13:00;22.12.2019 14:00;37,08
22.12.2019 14:00;22.12.2019 15:00;37,33
22.12.2019 15:00;22.12.2019 16:00;37,09
22.12.2019 16:00;22.12.2019 17:00;39,01
22.12.2019 17:00;22.12.2019 18:00;40,0
22.12.2019 18:00;22.12.2019 19:00;38,68
22.12.2019 19:00;22.12.2019 20:00;37,0
22.12.2019 20:00;22.12.2019 21:00;34,77
22.12.2019 21:00;22.12.2019 22:00;31,78
22.12.2019 22:00;22.12.2019 23:00;28,01
22.12.2019 23:00;23.12.2019 00:00;18,67
23.12.2019 00:00;23.12.2019 01:00;6,89
23.12.2019 01:00;23.12.2019 02:00;-0,31
23.12.2019 02:00;23.12.2019 03:00;-4,85
23.12.2019 03:00;23.12.2019 04:00;-6,75
23.12.2019 04:00;23.12.2019 05:00;-5,39
23.12.2019 05:00;23.12.2019 06:00;2,16
23.12.2019 06:00;23.12.2019 07:00;22,84
23.12.2019 07:00;23.12.2019 08:00;30,6
23.12.2019 08:00;23.12.2019 09:00;35,0
23.12.2019 09:00;23.12.2019 10:00;37,0
23.12.2019 10:00;23.12.2019 11:00;36,51
23.12.2019 11:00;23.12.2019 12:00;34,0
23.12.2019 12:00;23.12.2019 13:00;32,66
23.12.2019 13:00;23.12.2019 14:00;30,75
23.12.2019 14:00;23.12.2019 15:00;35,9
23.12.2019 15:00;23.12.2019 16:00;37,42
23.12.2019 16:00;23.12.2019 17:00;37,18
23.12.2019 17:00;23.12.2019 18:00;40,0
23.12.2019 18:00;23.12.2019 19:00;40,93
23.12.2019 19:00;23.12.2019 20:00;38,9
23.12.2019 20:00;23.12.2019 21:00;35,98
23.12.2019 21:00;23.12.2019 22:00;29,2
23.12.2019 22:00;23.12.2019 23:00;27,26
23.12.2019 23:00;24.12.2019 00:00;14,03
24.12.2019 00:00;24.12.2019 01:00;0,4
24.12.2019 01:00;24.12.2019 02:00;-2,99
24.12.2019 02:00;24.12.2019 03:00;-5,19
24.12.2019 03:00;24.12.2019 04:00;-7,45
24.12.2019 04:00;24.12.2019 05:00;-4,99
24.12.2019 05:00;24.12.2019 06:00;-1,7
24.12.2019 06:00;24.12.2019 07:00;-3,23
24.12.2019 07:00;24.12.2019 08:00;14,92
24.12.2019 08:00;24.12.2019 09:00;25,39
24.12.2019 09:00;24.12.2019 10:00;29,47
24.12.2019 10:00;24.12.2019 11:00;30,65
24.12.2019 11:00;24.12.2019 12:00;30,78
24.12.2019 12:00;24.12.2019 13:00;31,05
24.12.2019 13:00;24.12.2019 14:00;31,75
24.12.2019 14:00;24.12.2019 15:00;34,97
24.12.2019 15:00;24.12.2019 16:00;37,17
24.12.2019 16:00;24.12.2019 17:00;37,77
24.12.2019 17:00;24.12.2019 18:00;40,0
24.12.2019 18:00;24.12.2019 19:00;36,51
24.12.2019 19:00;24.12.2019 20:00;34,03
24.12.2019 20:00;24.12.2019 21:00;28,38
24.12.2019 21:00;24.12.2019 22:00;27,87
24.12.2019 22:00;24.12.2019 23:00;27,01
24.12.2019 23:00;25.12.2019 00:00;19,8
25.12.2019 00:00;25.12.2019 01:00;22,95
25.12.2019 01:00;25.12.2019 02:00;19,5
25.12.2019 02:00;25.12.2019 03:00;15,84
25.12.2019 03:00;25.12.2019 04:00;11,96
25.12.2019 04:00;25.12.2019 05:00;10,07
25.12.2019 05:00;25.12.2019 06:00;16,67
25.12.2019 06:00;25.12.2019 07:00;10,1
25.12.2019 07:00;25.12.2019 08:00;17,81
25.12.2019 08:00;25.12.2019 09:00;26,45
25.12.2019 09:00;25.12.2019 10:00;33,1
25.12.2019 10:00;25.12.2019 11:00;31,62
25.12.2019 11:00;25.12.2019 12:00;32,86
25.12.2019 12:00;25.12.2019 13:00;30,88
25.12.2019 13:00;25.12.2019 14:00;29,65
25.12.2019 14:00;25.12.2019 15:00;30,54
25.12.2019 15:00;25.12.2019 16:00;35,44
25.12.2019 16:00;25.12.2019 17:00;36,3
25.12.2019 17:00;25.12.2019 18:00;37,37
25.12.2019 18:00;25.12.2019 19:00;36,45
25.12.2019 19:00;25.12.2019 20:00;35,46
25.12.2019 20:00;25.12.2019 21:00;32,93
25.12.2019 21:00;25.12.2019 22:00;33,65
25.12.2019 22:00;25.12.2019 23:00;34,28
25.12.2019 23:00;26.12.2019 00:00;32,09
26.12.2019 00:00;26.12.2019 01:00;27,95
26.12.2019 01:00;26.12.2019 02:00;26,35
26.12.2019 02:00;26.12.2019 03:00;26,34
26.12.2019 03:00;26.12.2019 04:00;25,58
26.12.2019 04:00;26.12.2019 05:00;26,33
26.12.2019 05:00;26.12.2019 06:00;28,37
26.12.2019 06:00;26.12.2019 07:00;27,14
26.12.2019 07:00;26.12.2019 08:00;26,78
26.12.2019 08:00;26.12.2019 09:00;30,0
26.12.2019 09:00;26.12.2019 10:00;34,47
26.12.2019 10:00;26.12.2019 11:00;34,95
26.12.2019 11:00;26.12.2019 12:00;35,71
26.12.2019 12:00;26.12.2019 13:00;35,69
26.12.2019 13:00;26.12.2019 14:00;34,96
26.12.2019 14:00;26.12.2019 15:00;36,83
26.12.2019 15:00;26.12.2019 16:00;38,53
26.12.2019 16:00;26.12.2019 17:00;39,75
26.12.2019 17:00;26.12.2019 18:00;42,55
26.12.2019 18:00;26.12.2019 19:00;42,64
26.12.2019 19:00;26.12.2019 20:00;40,92
26.12.2019 20:00;26.12.2019 21:00;37,24
26.12.2019 21:00;26.12.2019 22:00;36,78
26.12.2019 22:00;26.12.2019 23:00;36,45
26.12.2019 23:00;27.12.2019 00:00;34,75
27.12.2019 00:00;27.12.2019 01:00;31,17
27.12.2019 01:00;27.12.2019 02:00;30,02
27.12.2019 02:00;27.12.2019 03:00;28,67
27.12.2019 03:00;27.12.2019 04:00;28,7
27.12.2019 04:00;27.12.2019 05:00;29,19
27.12.2019 05:00;27.12.2019 06:00;31,03
27.12.2019 06:00;27.12.2019 07:00;33,1
27.12.2019 07:00;27.12.2019 08:00;38,89
27.12.2019 08:00;27.12.2019 09:00;38,55
27.12.2019 09:00;27.12.2019 10:00;40,0
27.12.2019 10:00;27.12.2019 11:00;40,0
27.12.2019 11:00;27.12.2019 12:00;40,47
27.12.2019 12:00;27.12.2019 13:00;40,15
27.12.2019 13:00;27.12.2019 14:00;40,41
27.12.2019 14:00;27.12.2019 15:00;42,2
27.12.2019 15:00;27.12.2019 16:00;45,13
27.12.2019 16:00;27.12.2019 17:00;46,53
27.12.2019 17:00;27.12.2019 18:00;49,38
27.12.2019 18:00;27.12.2019 19:00;44,88
27.12.2019 19:00;27.12.2019 20:00;43,99
27.12.2019 20:00;27.12.2019 21:00;39,52
27.12.2019 21:00;27.12.2019 22:00;36,67
27.12.2019 22:00;27.12.2019 23:00;35,38
27.12.2019 23:00;28.12.2019 00:00;33,57
28.12.2019 00:00;28.12.2019 01:00;30,17
28.12.2019 01:00;28.12.2019 02:00;29,5
28.12.2019 02:00;28.12.2019 03:00;29,43
28.12.2019 03:00;28.12.2019 04:00;28,2
28.12.2019 04:00;28.12.2019 05:00;28,53
28.12.2019 05:00;28.12.2019 06:00;27,4
28.12.2019 06:00;28.12.2019 07:00;29,2
28.12.2019 07:00;28.12.2019 08:00;31,63
28.12.2019 08:00;28.12.2019 09:00;34,61
28.12.2019 09:00;28.12.2019 10:00;36,82
28.12.2019 10:00;28.12.2019 11:00;35,61
28.12.2019 11:00;28.12.2019 12:00;35,05
28.12.2019 12:00;28.12.2019 13:00;34,7
28.12.2019 13:00;28.12.2019 14:00;33,78
28.12.2019 14:00;28.12.2019 15:00;34,91
28.12.2019 15:00;28.12.2019 16:00;35,86
28.12.2019 16:00;28.12.2019 17:00;39,86
28.12.2019 17:00;28.12.2019 18:00;40,79
28.12.2019 18:00;28.12.2019 19:00;43,75
28.12.2019 19:00;28.12.2019 20:00;43,29
28.12.2019 20:00;28.12.2019 21:00;39,62
28.12.2019 21:00;28.12.2019 22:00;35,39
28.12.2019 22:00;28.12.2019 23:00;34,75
28.12.2019 23:00;29.12.2019 00:00;30,17
29.12.2019 00:00;29.12.2019 01:00;30,6
29.12.2019 01:00;29.12.2019 02:00;28,1
29.12.2019 02:00;29.12.2019 03:00;26,92
29.12.2019 03:00;29.12.2019 04:00;22,85
29.12.2019 04:00;29.12.2019 05:00;20,97
29.12.2019 05:00;29.12.2019 06:00;21,31
29.12.2019 06:00;29.12.2019 07:00;22,72
29.12.2019 07:00;29.12.2019 08:00;25,1
29.12.2019 08:00;29.12.2019 09:00;27,52
29.12.2019 09:00;29.12.2019 10:00;30,04
29.12.2019 10:00;29.12.2019 11:00;30,6
29.12.2019 11:00;29.12.2019 12:00;30,93
29.12.2019 12:00;29.12.2019 13:00;32,03
29.12.2019 13:00;29.12.2019 14:00;30,61
29.12.2019 14:00;29.12.2019 15:00;30,8
29.12.2019 15:00;29.12.2019 16:00;32,86
29.12.2019 16:00;29.12.2019 17:00;33,97
29.12.2019 17:00;29.12.2019 18:00;39,53
29.12.2019 18:00;29.12.2019 19:00;41,16
29.12.2019 19:00;29.12.2019 20:00;39,6
29.12.2019 20:00;29.12.2019 21:00;38,14
29.12.2019 21:00;29.12.2019 22:00;32,0
29.12.2019 22:00;29.12.2019 23:00;30,11
29.12.2019 23:00;30.12.2019 00:00;25,52
30.12.2019 00:00;30.12.2019 01:00;11,07
30.12.2019 01:00;30.12.2019 02:00;11,84
30.12.2019 02:00;30.12.2019 03:00;6,16
30.12.2019 03:00;30.12.2019 04:00;1,4
30.12.2019 04:00;30.12.2019 05:00;4,81
30.12.2019 05:00;30.12.2019 06:00;16,43
30.12.2019 06:00;30.12.2019 07:00;26,9
30.12.2019 07:00;30.12.2019 08:00;30,38
30.12.2019 08:00;30.12.2019 09:00;32,04
30.12.2019 09:00;30.12.2019 10:00;31,9
30.12.2019 10:00;30.12.2019 11:00;29,06
30.12.2019 11:00;30.12.2019 12:00;26,94
30.12.2019 12:00;30.12.2019 13:00;30,3
30.12.2019 13:00;30.12.2019 14:00;30,61
30.12.2019 14:00;30.12.2019 15:00;31,53
30.12.2019 15:00;30.12.2019 16:00;33,61
30.12.2019 16:00;30.12.2019 17:00;35,25
30.12.2019 17:00;30.12.2019 18:00;38,09
30.12.2019 18:00;30.12.2019 19:00;39,35
30.12.2019 19:00;30.12.2019 20:00;31,58
30.12.2019 20:00;30.12.2019 21:00;30,68
30.12.2019 21:00;30.12.2019 22:00;29,67
30.12.2019 22:00;30.12.2019 23:00;29,68
30.12.2019 23:00;31.12.2019 00:00;24,33
31.12.2019 00:00;31.12.2019 01:00;24,14
31.12.2019 01:00;31.12.2019 02:00;22,12
31.12.2019 02:00;31.12.2019 03:00;13,01
31.12.2019 03:00;31.12.2019 04:00;4,97
31.12.2019 04:00;31.12.2019 05:00;9,81
31.12.2019 05:00;31.12.2019 06:00;18,37
31.12.2019 06:00;31.12.2019 07:00;23,5
31.12.2019 07:00;31.12.2019 08:00;27,17
31.12.2019 08:00;31.12.2019 09:00;36,56
31.12.2019 09:00;31.12.2019 10:00;40,43
31.12.2019 10:00;31.12.2019 11:00;32,22
31.12.2019 11:00;31.12.2019 12:00;38,98
31.12.2019 12:00;31.12.2019 13:00;38,6
31.12.2019 13:00;31.12.2019 14:00;37,9
31.12.2019 14:00;31.12.2019 15:00;38,0
31.12.2019 15:00;31.12.2019 16:00;39,58
31.12.2019 16:00;31.12.2019 17:00;42,28
31.12.2019 17:00;31.12.2019 18:00;46,06
31.12.2019 18:00;31.12.2019 19:00;47,73
31.12.2019 19:00;31.12.2019 20:00;46,0
31.12.2019 20:00;31.12.2019 21:00;42,2
31.12.2019 21:00;31.12.2019 22:00;39,74
31.12.2019 22:00;31.12.2019 23:00;38,88
31.12.2019 23:00;01.01.2020 00:00;37,39
01.01.2020 00:00;01.01.2020 01:00;41,88
01.01.2020 01:00;01.01.2020 02:00;38,6
01.01.2020 02:00;01.01.2020 03:00;36,55
01.01.2020 03:00;01.01.2020 04:00;32,32
01.01.2020 04:00;01.01.2020 05:00;30,85
01.01.2020 05:00;01.01.2020 06:00;30,14
01.01.2020 06:00;01.01.2020 07:00;30,17
01.01.2020 07:00;01.01.2020 08:00;30,0
01.01.2020 08:00;01.01.2020 09:00;30,65
01.01.2020 09:00;01.01.2020 10:00;30,65
01.01.2020 10:00;01.01.2020 11:00;30,27
01.01.2020 11:00;01.01.2020 12:00;30,34
01.01.2020 12:00;01.01.2020 13:00;30,99
01.01.2020 13:00;01.01.2020 14:00;30,04
01.01.2020 14:00;01.01.2020 15:00;30,75
01.01.2020 15:00;01.01.2020 16:00;32,11
01.01.2020 16:00;01.01.2020 17:00;35,98
01.01.2020 17:00;01.01.2020 18:00;40,4
01.01.2020 18:00;01.01.2020 19:00;44,05
01.01.2020 19:00;01.01.2020 20:00;43,15
01.01.2020 20:00;01.01.2020 21:00;43,45
01.01.2020 21:00;01.01.2020 22:00;40,68
01.01.2020 22:00;01.01.2020 23:00;40,27
01.01.2020 23:00;02.01.2020 00:00;34,85
02.01.2020 00:00;02.01.2020 01:00;35,4
02.01.2020 01:00;02.01.2020 02:00;31,98
02.01.2020 02:00;02.01.2020 03:00;30,5
02.01.2020 03:00;02.01.2020 04:00;28,79
02.01.2020 04:00;02.01.2020 05:00;28,42
02.01.2020 05:00;02.01.2020 06:00;28,75
02.01.2020 06:00;02.01.2020 07:00;34,16
02.01.2020 07:00;02.01.2020 08:00;42,07
02.01.2020 08:00;02.01.2020 09:00;44,89
02.01.2020 09:00;02.01.2020 10:00;45,26
02.01.2020 10:00;02.01.2020 11:00;45,57
02.01.2020 11:00;02.01.2020 12:00;45,09
02.01.2020 12:00;02.01.2020 13:00;45,16
02.01.2020 13:00;02.01.2020 14:00;44,9
02.01.2020 14:00;02.01.2020 15:00;44,06
02.01.2020 15:00;02.01.2020 16:00;44,84
02.01.2020 16:00;02.01.2020 17:00;44,4
02.01.2020 17:00;02.01.2020 18:00;46,05
02.01.2020 18:00;02.01.2020 19:00;46,72
02.01.2020 19:00;02.01.2020 20:00;45,26
02.01.2020 20:00;02.01.2020 21:00;39,32
02.01.2020 21:00;02.01.2020 22:00;34,06
02.01.2020 22:00;02.01.2020 23:00;32,22
02.01.2020 23:00;03.01.2020 00:00;24,99
03.01.2020 00:00;03.01.2020 01:00;21,47
03.01.2020 01:00;03.01.2020 02:00;13,04
03.01.2020 02:00;03.01.2020 03:00;1,53
03.01.2020 03:00;03.01.2020 04:00;0,14
03.01.2020 04:00;03.01.2020 05:00;0,85
03.01.2020 05:00;03.01.2020 06:00;9,92
03.01.2020 06:00;03.01.2020 07:00;24,48
03.01.2020 07:00;03.01.2020 08:00;26,68
03.01.2020 08:00;03.01.2020 09:00;28,81
03.01.2020 09:00;03.01.2020 10:00;29,28
03.01.2020 10:00;03.01.2020 11:00;28,85
03.01.2020 11:00;03.01.2020 12:00;31,8
03.01.2020 12:00;03.01.2020 13:00;37,94
03.01.2020 13:00;03.01.2020 14:00;37,9
03.01.2020 14:00;03.01.2020 15:00;38,11
03.01.2020 15:00;03.01.2020 16:00;37,91
03.01.2020 16:00;03.01.2020 17:00;38,44
03.01.2020 17:00;03.01.2020 18:00;40,47
03.01.2020 18:00;03.01.2020 19:00;41,35
03.01.2020 19:00;03.01.2020 20:00;33,37
03.01.2020 20:00;03.01.2020 21:00;28,89
03.01.2020 21:00;03.01.2020 22:00;27,7
03.01.2020 22:00;03.01.2020 23:00;25,7
03.01.2020 23:00;04.01.2020 00:00;22,04
04.01.2020 00:00;04.01.2020 01:00;22,9
04.01.2020 01:00;04.01.2020 02:00;15,95
04.01.2020 02:00;04.01.2020 03:00;16,63
04.01.2020 03:00;04.01.2020 04:00;6,45
04.01.2020 04:00;04.01.2020 05:00;3,83
04.01.2020 05:00;04.01.2020 06:00;0,12
04.01.2020 06:00;04.01.2020 07:00;0,07
04.01.2020 07:00;04.01.2020 08:00;19,07
04.01.2020 08:00;04.01.2020 09:00;17,49
04.01.2020 09:00;04.01.2020 10:00;23,98
04.01.2020 10:00;04.01.2020 11:00;8,8
04.01.2020 11:00;04.01.2020 12:00;17,95
04.01.2020 12:00;04.01.2020 13:00;19,5
04.01.2020 13:00;04.01.2020 14:00;13,74
04.01.2020 14:00;04.01.2020 15:00;17,42
04.01.2020 15:00;04.01.2020 16:00;20,38
04.01.2020 16:00;04.01.2020 17:00;25,08
04.01.2020 17:00;04.01.2020 18:00;28,88
04.01.2020 18:00;04.01.2020 19:00;32,02
04.01.2020 19:00;04.01.2020 20:00;35,35
04.01.2020 20:00;04.01.2020 21:00;29,98
04.01.2020 21:00;04.01.2020 22:00;34,46
04.01.2020 22:00;04.01.2020 23:00;39,75
04.01.2020 23:00;05.01.2020 00:00;37,95
05.01.2020 00:00;05.01.2020 01:00;33,1
05.01.2020 01:00;05.01.2020 02:00;32,28
05.01.2020 02:00;05.01.2020 03:00;31,18
05.01.2020 03:00;05.01.2020 04:00;30,1
05.01.2020 04:00;05.01.2020 05:00;29,96
05.01.2020 05:00;05.01.2020 06:00;29,88
05.01.2020 06:00;05.01.2020 07:00;30,38
05.01.2020 07:00;05.01.2020 08:00;31,15
05.01.2020 08:00;05.01.2020 09:00;32,09
05.01.2020 09:00;05.01.2020 10:00;34,27
05.01.2020 10:00;05.01.2020 11:00;37,53
05.01.2020 11:00;05.01.2020 12:00;38,99
05.01.2020 12:00;05.01.2020 13:00;38,15
05.01.2020 13:00;05.01.2020 14:00;35,37
05.01.2020 14:00;05.01.2020 15:00;34,44
05.01.2020 15:00;05.01.2020 16:00;36,1
05.01.2020 16:00;05.01.2020 17:00;40,59
05.01.2020 17:00;05.01.2020 18:00;44,68
05.01.2020 18:00;05.01.2020 19:00;46,16
05.01.2020 19:00;05.01.2020 20:00;44,62
05.01.2020 20:00;05.01.2020 21:00;39,5
05.01.2020 21:00;05.01.2020 22:00;35,76
05.01.2020 22:00;05.01.2020 23:00;36,49
05.01.2020 23:00;06.01.2020 00:00;30,49
06.01.2020 00:00;06.01.2020 01:00;29,16
06.01.2020 01:00;06.01.2020 02:00;29,0
06.01.2020 02:00;06.01.2020 03:00;29,08
06.01.2020 03:00;06.01.2020 04:00;27,72
06.01.2020 04:00;06.01.2020 05:00;27,03
06.01.2020 05:00;06.01.2020 06:00;28,98
06.01.2020 06:00;06.01.2020 07:00;33,18
06.01.2020 07:00;06.01.2020 08:00;43,13
06.01.2020 08:00;06.01.2020 09:00;44,52
06.01.2020 09:00;06.01.2020 10:00;44,96
06.01.2020 10:00;06.01.2020 11:00;44,0
06.01.2020 11:00;06.01.2020 12:00;42,46
06.01.2020 12:00;06.01.2020 13:00;41,3
06.01.2020 13:00;06.01.2020 14:00;40,51
06.01.2020 14:00;06.01.2020 15:00;41,22
06.01.2020 15:00;06.01.2020 16:00;43,28
06.01.2020 16:00;06.01.2020 17:00;43,68
06.01.2020 17:00;06.01.2020 18:00;47,9
06.01.2020 18:00;06.01.2020 19:00;48,91
06.01.2020 19:00;06.01.2020 20:00;45,04
06.01.2020 20:00;06.01.2020 21:00;40,28
06.01.2020 21:00;06.01.2020 22:00;33,89
06.01.2020 22:00;06.01.2020 23:00;33,58
06.01.2020 23:00;07.01.2020 00:00;32,41
07.01.2020 00:00;07.01.2020 01:00;30,75
07.01.2020 01:00;07.01.2020 02:00;31,03
07.01.2020 02:00;07.01.2020 03:00;29,88
07.01.2020 03:00;07.01.2020 04:00;29,0
07.01.2020 04:00;07.01.2020 05:00;29,65
07.01.2020 05:00;07.01.2020 06:00;31,78
07.01.2020 06:00;07.01.2020 07:00;40,87
07.01.2020 07:00;07.01.2020 08:00;49,01
07.01.2020 08:00;07.01.2020 09:00;51,09
07.01.2020 09:00;07.01.2020 10:00;51,12
07.01.2020 10:00;07.01.2020 11:00;49,83
07.01.2020 11:00;07.01.2020 12:00;49,16
07.01.2020 12:00;07.01.2020 13:00;48,43
07.01.2020 13:00;07.01.2020 14:00;47,99
07.01.2020 14:00;07.01.2020 15:00;47,41
07.01.2020 15:00;07.01.2020 16:00;45,87
07.01.2020 16:00;07.01.2020 17:00;45,9
07.01.2020 17:00;07.01.2020 18:00;47,96
07.01.2020 18:00;07.01.2020 19:00;48,11
07.01.2020 19:00;07.01.2020 20:00;43,63
07.01.2020 20:00;07.01.2020 21:00;33,6
07.01.2020 21:00;07.01.2020 22:00;32,93
07.01.2020 22:00;07.01.2020 23:00;31,29
07.01.2020 23:00;08.01.2020 00:00;26,28
08.01.2020 00:00;08.01.2020 01:00;18,95
08.01.2020 01:00;08.01.2020 02:00;4,96
08.01.2020 02:00;08.01.2020 03:00;0,1
08.01.2020 03:00;08.01.2020 04:00;0,11
08.01.2020 04:00;08.01.2020 05:00;1,75
08.01.2020 05:00;08.01.2020 06:00;20,74
08.01.2020 06:00;08.01.2020 07:00;25,57
08.01.2020 07:00;08.01.2020 08:00;32,47
08.01.2020 08:00;08.01.2020 09:00;33,07
08.01.2020 09:00;08.01.2020 10:00;33,05
08.01.2020 10:00;08.01.2020 11:00;34,18
08.01.2020 11:00;08.01.2020 12:00;39,63
08.01.2020 12:00;08.01.2020 13:00;41,35
08.01.2020 13:00;08.01.2020 14:00;44,83
08.01.2020 14:00;08.01.2020 15:00;46,04
08.01.2020 15:00;08.01.2020 16:00;46,33
08.01.2020 16:00;08.01.2020 17:00;47,9
08.01.2020 17:00;08.01.2020 18:00;51,21
08.01.2020 18:00;08.01.2020 19:00;55,92
08.01.2020 19:00;08.01.2020 20:00;53,69
08.01.2020 20:00;08.01.2020 21:00;48,1
08.01.2020 21:00;08.01.2020 22:00;44,92
08.01.2020 22:00;08.01.2020 23:00;41,67
08.01.2020 23:00;09.01.2020 00:00;39,41
09.01.2020 00:00;09.01.2020 01:00;34,08
09.01.2020 01:00;09.01.2020 02:00;32,2
09.01.2020 02:00;09.01.2020 03:00;32,56
09.01.2020 03:00;09.01.2020 04:00;32,35
09.01.2020 04:00;09.01.2020 05:00;29,0
09.01.2020 05:00;09.01.2020 06:00;30,86
09.01.2020 06:00;09.01.2020 07:00;38,95
09.01.2020 07:00;09.01.2020 08:00;46,86
09.01.2020 08:00;09.01.2020 09:00;47,92
09.01.2020 09:00;09.01.2020 10:00;45,68
09.01.2020 10:00;09.01.2020 11:00;43,61
09.01.2020 11:00;09.01.2020 12:00;40,0
09.01.2020 12:00;09.01.2020 13:00;37,06
09.01.2020 13:00;09.01.2020 14:00;33,45
09.01.2020 14:00;09.01.2020 15:00;32,2
09.01.2020 15:00;09.01.2020 16:00;31,86
09.01.2020 16:00;09.01.2020 17:00;32,59
09.01.2020 17:00;09.01.2020 18:00;42,85
09.01.2020 18:00;09.01.2020 19:00;41,73
09.01.2020 19:00;09.01.2020 20:00;40,31
09.01.2020 20:00;09.01.2020 21:00;32,96
09.01.2020 21:00;09.01.2020 22:00;30,72
09.01.2020 22:00;09.01.2020 23:00;31,02
09.01.2020 23:00;10.01.2020 00:00;29,14
10.01.2020 00:00;10.01.2020 01:00;26,94
10.01.2020 01:00;10.01.2020 02:00;26,59
10.01.2020 02:00;10.01.2020 03:00;25,81
10.01.2020 03:00;10.01.2020 04:00;25,89
10.01.2020 04:00;10.01.2020 05:00;26,2
10.01.2020 05:00;10.01.2020 06:00;26,95
10.01.2020 06:00;10.01.2020 07:00;28,95
10.01.2020 07:00;10.01.2020 08:00;43,29
10.01.2020 08:00;10.01.2020 09:00;47,4
10.01.2020 09:00;10.01.2020 10:00;40,63
10.01.2020 10:00;10.01.2020 11:00;36,26
10.01.2020 11:00;10.01.2020 12:00;32,05
10.01.2020 12:00;10.01.2020 13:00;28,64
10.01.2020 13:00;10.01.2020 14:00;28,45
10.01.2020 14:00;10.01.2020 15:00;28,23
10.01.2020 15:00;10.01.2020 16:00;29,56
10.01.2020 16:00;10.01.2020 17:00;36,43
10.01.2020 17:00;10.01.2020 18:00;45,0
10.01.2020 18:00;10.01.2020 19:00;46,73
10.01.2020 19:00;10.01.2020 20:00;45,94
10.01.2020 20:00;10.01.2020 21:00;45,02
10.01.2020 21:00;10.01.2020 22:00;41,29
10.01.2020 22:00;10.01.2020 23:00;39,9
10.01.2020 23:00;11.01.2020 00:00;33,04
11.01.2020 00:00;11.01.2020 01:00;35,01
11.01.2020 01:00;11.01.2020 02:00;34,0
11.01.2020 02:00;11.01.2020 03:00;31,43
11.01.2020 03:00;11.01.2020 04:00;29,14
11.01.2020 04:00;11.01.2020 05:00;28,86
11.01.2020 05:00;11.01.2020 06:00;28,43
11.01.2020 06:00;11.01.2020 07:00;29,22
11.01.2020 07:00;11.01.2020 08:00;31,22
11.01.2020 08:00;11.01.2020 09:00;35,68
11.01.2020 09:00;11.01.2020 10:00;40,0
11.01.2020 10:00;11.01.2020 11:00;38,01
11.01.2020 11:00;11.01.2020 12:00;37,9
11.01.2020 12:00;11.01.2020 13:00;36,08
11.01.2020 13:00;11.01.2020 14:00;32,96
11.01.2020 14:00;11.01.2020 15:00;31,1
11.01.2020 15:00;11.01.2020 16:00;32,25
11.01.2020 16:00;11.01.2020 17:00;32,55
11.01.2020 17:00;11.01.2020 18:00;40,56
11.01.2020 18:00;11.01.2020 19:00;34,46
11.01.2020 19:00;11.01.2020 20:00;30,01
11.01.2020 20:00;11.01.2020 21:00;25,74
11.01.2020 21:00;11.01.2020 22:00;23,73
11.01.2020 22:00;11.01.2020 23:00;25,24
11.01.2020 23:00;12.01.2020 00:00;20,96
12.01.2020 00:00;12.01.2020 01:00;22,82
12.01.2020 01:00;12.01.2020 02:00;19,37
12.01.2020 02:00;12.01.2020 03:00;18,36
12.01.2020 03:00;12.01.2020 04:00;18,34
12.01.2020 04:00;12.01.2020 05:00;18,16
12.01.2020 05:00;12.01.2020 06:00;18,66
12.01.2020 06:00;12.01.2020 07:00;17,39
12.01.2020 07:00;12.01.2020 08:00;18,22
12.01.2020 08:00;12.01.2020 09:00;22,1
12.01.2020 09:00;12.01.2020 10:00;23,93
12.01.2020 10:00;12.01.2020 11:00;24,23
12.01.2020 11:00;12.01.2020 12:00;24,84
12.01.2020 12:00;12.01.2020 13:00;24,45
12.01.2020 13:00;12.01.2020 14:00;22,46
12.01.2020 14:00;12.01.2020 15:00;20,05
12.01.2020 15:00;12.01.2020 16:00;21,48
12.01.2020 16:00;12.01.2020 17:00;24,71
12.01.2020 17:00;12.01.2020 18:00;26,5
12.01.2020 18:00;12.01.2020 19:00;26,68
12.01.2020 19:00;12.01.2020 20:00;26,16
12.01.2020 20:00;12.01.2020 21:00;25,62
12.01.2020 21:00;12.01.2020 22:00;25,53
12.01.2020 22:00;12.01.2020 23:00;27,1
12.01.2020 23:00;13.01.2020 00:00;26,14
13.01.2020 00:00;13.01.2020 01:00;21,82
13.01.2020 01:00;13.01.2020 02:00;23,98
13.01.2020 02:00;13.01.2020 03:00;25,23
13.01.2020 03:00;13.01.2020 04:00;24,85
13.01.2020 04:00;13.01.2020 05:00;25,01
13.01.2020 05:00;13.01.2020 06:00;27,32
13.01.2020 06:00;13.01.2020 07:00;38,4
13.01.2020 07:00;13.01.2020 08:00;48,64
13.01.2020 08:00;13.01.2020 09:00;52,93
13.01.2020 09:00;13.01.2020 10:00;49,89
13.01.2020 10:00;13.01.2020 11:00;48,89
13.01.2020 11:00;13.01.2020 12:00;47,2
13.01.2020 12:00;13.01.2020 13:00;47,0
13.01.2020 13:00;13.01.2020 14:00;45,95
13.01.2020 14:00;13.01.2020 15:00;45,0
13.01.2020 15:00;13.01.2020 16:00;45,96
13.01.2020 16:00;13.01.2020 17:00;43,68
13.01.2020 17:00;13.01.2020 18:00;46,81
13.01.2020 18:00;13.01.2020 19:00;45,27
13.01.2020 19:00;13.01.2020 20:00;42,55
13.01.2020 20:00;13.01.2020 21:00;31,9
13.01.2020 21:00;13.01.2020 22:00;26,68
13.01.2020 22:00;13.01.2020 23:00;25,96
13.01.2020 23:00;14.01.2020 00:00;23,4
14.01.2020 00:00;14.01.2020 01:00;22,59
14.01.2020 01:00;14.01.2020 02:00;16,5
14.01.2020 02:00;14.01.2020 03:00;8,89
14.01.2020 03:00;14.01.2020 04:00;1,52
14.01.2020 04:00;14.01.2020 05:00;1,58
14.01.2020 05:00;14.01.2020 06:00;14,13
14.01.2020 06:00;14.01.2020 07:00;25,23
14.01.2020 07:00;14.01.2020 08:00;27,13
14.01.2020 08:00;14.01.2020 09:00;28,55
14.01.2020 09:00;14.01.2020 10:00;27,68
14.01.2020 10:00;14.01.2020 11:00;27,42
14.01.2020 11:00;14.01.2020 12:00;27,43
14.01.2020 12:00;14.01.2020 13:00;27,68
14.01.2020 13:00;14.01.2020 14:00;29,56
14.01.2020 14:00;14.01.2020 15:00;32,0
14.01.2020 15:00;14.01.2020 16:00;32,74
14.01.2020 16:00;14.01.2020 17:00;30,38
14.01.2020 17:00;14.01.2020 18:00;38,0
14.01.2020 18:00;14.01.2020 19:00;30,32
14.01.2020 19:00;14.01.2020 20:00;26,94
14.01.2020 20:00;14.01.2020 21:00;25,74
14.01.2020 21:00;14.01.2020 22:00;23,82
14.01.2020 22:00;14.01.2020 23:00;22,3
14.01.2020 23:00;15.01.2020 00:00;12,4
15.01.2020 00:00;15.01.2020 01:00;16,14
15.01.2020 01:00;15.01.2020 02:00;5,06
15.01.2020 02:00;15.01.2020 03:00;0,11
15.01.2020 03:00;15.01.2020 04:00;1,77
15.01.2020 04:00;15.01.2020 05:00;7,13
15.01.2020 05:00;15.01.2020 06:00;17,86
15.01.2020 06:00;15.01.2020 07:00;25,18
15.01.2020 07:00;15.01.2020 08:00;35,52
15.01.2020 08:00;15.01.2020 09:00;36,56
15.01.2020 09:00;15.01.2020 10:00;33,33
15.01.2020 10:00;15.01.2020 11:00;25,34
15.01.2020 11:00;15.01.2020 12:00;24,98
15.01.2020 12:00;15.01.2020 13:00;25,05
15.01.2020 13:00;15.01.2020 14:00;25,12
15.01.2020 14:00;15.01.2020 15:00;25,24
15.01.2020 15:00;15.01.2020 16:00;30,17
15.01.2020 16:00;15.01.2020 17:00;29,98
15.01.2020 17:00;15.01.2020 18:00;36,49
15.01.2020 18:00;15.01.2020 19:00;35,46
15.01.2020 19:00;15.01.2020 20:00;35,28
15.01.2020 20:00;15.01.2020 21:00;33,65
15.01.2020 21:00;15.01.2020 22:00;29,57
15.01.2020 22:00;15.01.2020 23:00;33,59
15.01.2020 23:00;16.01.2020 00:00;30,46
16.01.2020 00:00;16.01.2020 01:00;28,38
16.01.2020 01:00;16.01.2020 02:00;30,26
16.01.2020 02:00;16.01.2020 03:00;29,92
16.01.2020 03:00;16.01.2020 04:00;29,39
16.01.2020 04:00;16.01.2020 05:00;29,64
16.01.2020 05:00;16.01.2020 06:00;31,1
16.01.2020 06:00;16.01.2020 07:00;39,04
16.01.2020 07:00;16.01.2020 08:00;45,42
16.01.2020 08:00;16.01.2020 09:00;52,4
16.01.2020 09:00;16.01.2020 10:00;47,0
16.01.2020 10:00;16.01.2020 11:00;43,51
16.01.2020 11:00;16.01.2020 12:00;42,1
16.01.2020 12:00;16.01.2020 13:00;40,36
16.01.2020 13:00;16.01.2020 14:00;41,16
16.01.2020 14:00;16.01.2020 15:00;42,91
16.01.2020 15:00;16.01.2020 16:00;46,0
16.01.2020 16:00;16.01.2020 17:00;46,45
16.01.2020 17:00;16.01.2020 18:00;44,61
16.01.2020 18:00;16.01.2020 19:00;43,15
16.01.2020 19:00;16.01.2020 20:00;38,86
16.01.2020 20:00;16.01.2020 21:00;33,42
16.01.2020 21:00;16.01.2020 22:00;30,8
16.01.2020 22:00;16.01.2020 23:00;31,56
16.01.2020 23:00;17.01.2020 00:00;28,64
17.01.2020 00:00;17.01.2020 01:00;27,36
17.01.2020 01:00;17.01.2020 02:00;27,16
17.01.2020 02:00;17.01.2020 03:00;26,58
17.01.2020 03:00;17.01.2020 04:00;25,71
17.01.2020 04:00;17.01.2020 05:00;26,01
17.01.2020 05:00;17.01.2020 06:00;27,97
17.01.2020 06:00;17.01.2020 07:00;31,09
17.01.2020 07:00;17.01.2020 08:00;40,2
17.01.2020 08:00;17.01.2020 09:00;43,8
17.01.2020 09:00;17.01.2020 10:00;42,94
17.01.2020 10:00;17.01.2020 11:00;42,34
17.01.2020 11:00;17.01.2020 12:00;40,79
17.01.2020 12:00;17.01.2020 13:00;41,04
17.01.2020 13:00;17.01.2020 14:00;39,94
17.01.2020 14:00;17.01.2020 15:00;39,02
17.01.2020 15:00;17.01.2020 16:00;43,01
17.01.2020 16:00;17.01.2020 17:00;42,8
17.01.2020 17:00;17.01.2020 18:00;45,79
17.01.2020 18:00;17.01.2020 19:00;46,0
17.01.2020 19:00;17.01.2020 20:00;44,66
17.01.2020 20:00;17.01.2020 21:00;40,99
17.01.2020 21:00;17.01.2020 22:00;33,9
17.01.2020 22:00;17.01.2020 23:00;33,38
17.01.2020 23:00;18.01.2020 00:00;33,0
18.01.2020 00:00;18.01.2020 01:00;22,15
18.01.2020 01:00;18.01.2020 02:00;24,86
18.01.2020 02:00;18.01.2020 03:00;22,24
18.01.2020 03:00;18.01.2020 04:00;25,36
18.01.2020 04:00;18.01.2020 05:00;25,39
18.01.2020 05:00;18.01.2020 06:00;25,96
18.01.2020 06:00;18.01.2020 07:00;22,99
18.01.2020 07:00;18.01.2020 08:00;28,46
18.01.2020 08:00;18.01.2020 09:00;28,1
18.01.2020 09:00;18.01.2020 10:00;37,73
18.01.2020 10:00;18.01.2020 11:00;35,21
18.01.2020 11:00;18.01.2020 12:00;33,34
18.01.2020 12:00;18.01.2020 13:00;29,2
18.01.2020 13:00;18.01.2020 14:00;31,55
18.01.2020 14:00;18.01.2020 15:00;34,78
18.01.2020 15:00;18.01.2020 16:00;35,09
18.01.2020 16:00;18.01.2020 17:00;37,27
18.01.2020 17:00;18.01.2020 18:00;41,3
18.01.2020 18:00;18.01.2020 19:00;43,04
18.01.2020 19:00;18.01.2020 20:00;41,91
18.01.2020 20:00;18.01.2020 21:00;38,59
18.01.2020 21:00;18.01.2020 22:00;35,13
18.01.2020 22:00;18.01.2020 23:00;33,48
18.01.2020 23:00;19.01.2020 00:00;31,22
19.01.2020 00:00;19.01.2020 01:00;33,1
19.01.2020 01:00;19.01.2020 02:00;30,67
19.01.2020 02:00;19.01.2020 03:00;29,47
19.01.2020 03:00;19.01.2020 04:00;28,79
19.01.2020 04:00;19.01.2020 05:00;27,71
19.01.2020 05:00;19.01.2020 06:00;27,26
19.01.2020 06:00;19.01.2020 07:00;27,82
19.01.2020 07:00;19.01.2020 08:00;30,01
19.01.2020 08:00;19.01.2020 09:00;31,47
19.01.2020 09:00;19.01.2020 10:00;35,2
19.01.2020 10:00;19.01.2020 11:00;35,2
19.01.2020 11:00;19.01.2020 12:00;34,47
19.01.2020 12:00;19.01.2020 13:00;33,36
19.01.2020 13:00;19.01.2020 14:00;29,9
19.01.2020 14:00;19.01.2020 15:00;29,92
19.01.2020 15:00;19.01.2020 16:00;30,86
19.01.2020 16:00;19.01.2020 17:00;33,07
19.01.2020 17:00;19.01.2020 18:00;42,98
19.01.2020 18:00;19.01.2020 19:00;44,24
19.01.2020 19:00;19.01.2020 20:00;43,89
19.01.2020 20:00;19.01.2020 21:00;41,14
19.01.2020 21:00;19.01.2020 22:00;36,74
19.01.2020 22:00;19.01.2020 23:00;40,0
19.01.2020 23:00;20.01.2020 00:00;36,15
20.01.2020 00:00;20.01.2020 01:00;34,24
20.01.2020 01:00;20.01.2020 02:00;34,01
20.01.2020 02:00;20.01.2020 03:00;33,08
20.01.2020 03:00;20.01.2020 04:00;32,1
20.01.2020 04:00;20.01.2020 05:00;31,5
20.01.2020 05:00;20.01.2020 06:00;34,23
20.01.2020 06:00;20.01.2020 07:00;45,63
20.01.2020 07:00;20.01.2020 08:00;55,97
20.01.2020 08:00;20.01.2020 09:00;60,0
20.01.2020 09:00;20.01.2020 10:00;57,01
20.01.2020 10:00;20.01.2020 11:00;50,63
20.01.2020 11:00;20.01.2020 12:00;48,17
20.01.2020 12:00;20.01.2020 13:00;43,96
20.01.2020 13:00;20.01.2020 14:00;43,02
20.01.2020 14:00;20.01.2020 15:00;43,11
20.01.2020 15:00;20.01.2020 16:00;44,95
20.01.2020 16:00;20.01.2020 17:00;46,0
20.01.2020 17:00;20.01.2020 18:00;55,91
20.01.2020 18:00;20.01.2020 19:00;57,05
20.01.2020 19:00;20.01.2020 20:00;54,02
20.01.2020 20:00;20.01.2020 21:00;48,68
20.01.2020 21:00;20.01.2020 22:00;41,51
20.01.2020 22:00;20.01.2020 23:00;40,0
20.01.2020 23:00;21.01.2020 00:00;34,03
21.01.2020 00:00;21.01.2020 01:00;33,17
21.01.2020 01:00;21.01.2020 02:00;33,01
21.01.2020 02:00;21.01.2020 03:00;32,28
21.01.2020 03:00;21.01.2020 04:00;32,42
21.01.2020 04:00;21.01.2020 05:00;32,9
21.01.2020 05:00;21.01.2020 06:00;33,0
21.01.2020 06:00;21.01.2020 07:00;37,98
21.01.2020 07:00;21.01.2020 08:00;49,77
21.01.2020 08:00;21.01.2020 09:00;52,36
21.01.2020 09:00;21.01.2020 10:00;48,07
21.01.2020 10:00;21.01.2020 11:00;42,1
21.01.2020 11:00;21.01.2020 12:00;39,11
21.01.2020 12:00;21.01.2020 13:00;37,29
21.01.2020 13:00;21.01.2020 14:00;38,1
21.01.2020 14:00;21.01.2020 15:00;42,6
21.01.2020 15:00;21.01.2020 16:00;47,71
21.01.2020 16:00;21.01.2020 17:00;49,97
21.01.2020 17:00;21.01.2020 18:00;55,81
21.01.2020 18:00;21.01.2020 19:00;55,29
21.01.2020 19:00;21.01.2020 20:00;50,7
21.01.2020 20:00;21.01.2020 21:00;43,75
21.01.2020 21:00;21.01.2020 22:00;40,42
21.01.2020 22:00;21.01.2020 23:00;37,52
21.01.2020 23:00;22.01.2020 00:00;33,01
22.01.2020 00:00;22.01.2020 01:00;34,7
22.01.2020 01:00;22.01.2020 02:00;33,87
22.01.2020 02:00;22.01.2020 03:00;32,6
22.01.2020 03:00;22.01.2020 04:00;32,42
22.01.2020 04:00;22.01.2020 05:00;32,64
22.01.2020 05:00;22.01.2020 06:00;33,0
22.01.2020 06:00;22.01.2020 07:00;39,12
22.01.2020 07:00;22.01.2020 08:00;49,26
22.01.2020 08:00;22.01.2020 09:00;56,53
22.01.2020 09:00;22.01.2020 10:00;50,5
22.01.2020 10:00;22.01.2020 11:00;46,27
22.01.2020 11:00;22.01.2020 12:00;45,02
22.01.2020 12:00;22.01.2020 13:00;42,82
22.01.2020 13:00;22.01.2020 14:00;43,45
22.01.2020 14:00;22.01.2020 15:00;49,96
22.01.2020 15:00;22.01.2020 16:00;52,4
22.01.2020 16:00;22.01.2020 17:00;55,63
22.01.2020 17:00;22.01.2020 18:00;62,07
22.01.2020 18:00;22.01.2020 19:00;65,09
22.01.2020 19:00;22.01.2020 20:00;59,58
22.01.2020 20:00;22.01.2020 21:00;52,52
22.01.2020 21:00;22.01.2020 22:00;47,01
22.01.2020 22:00;22.01.2020 23:00;43,99
22.01.2020 23:00;23.01.2020 00:00;41,2
23.01.2020 00:00;23.01.2020 01:00;40,1
23.01.2020 01:00;23.01.2020 02:00;39,23
23.01.2020 02:00;23.01.2020 03:00;38,34
23.01.2020 03:00;23.01.2020 04:00;36,32
23.01.2020 04:00;23.01.2020 05:00;36,6
23.01.2020 05:00;23.01.2020 06:00;41,97
23.01.2020 06:00;23.01.2020 07:00;47,0
23.01.2020 07:00;23.01.2020 08:00;58,74
23.01.2020 08:00;23.01.2020 09:00;66,62
23.01.2020 09:00;23.01.2020 10:00;64,86
23.01.2020 10:00;23.01.2020 11:00;61,68
23.01.2020 11:00;23.01.2020 12:00;57,42
23.01.2020 12:00;23.01.2020 13:00;55,36
23.01.2020 13:00;23.01.2020 14:00;53,68
23.01.2020 14:00;23.01.2020 15:00;51,2
23.01.2020 15:00;23.01.2020 16:00;53,54
23.01.2020 16:00;23.01.2020 17:00;54,75
23.01.2020 17:00;23.01.2020 18:00;62,35
23.01.2020 18:00;23.01.2020 19:00;68,64
23.01.2020 19:00;23.01.2020 20:00;60,4
23.01.2020 20:00;23.01.2020 21:00;55,53
23.01.2020 21:00;23.01.2020 22:00;47,16
23.01.2020 22:00;23.01.2020 23:00;43,9
23.01.2020 23:00;24.01.2020 00:00;41,51
24.01.2020 00:00;24.01.2020 01:00;36,23
24.01.2020 01:00;24.01.2020 02:00;37,6
24.01.2020 02:00;24.01.2020 03:00;36,76
24.01.2020 03:00;24.01.2020 04:00;35,1
24.01.2020 04:00;24.01.2020 05:00;36,47
24.01.2020 05:00;24.01.2020 06:00;36,66
24.01.2020 06:00;24.01.2020 07:00;44,54
24.01.2020 07:00;24.01.2020 08:00;58,29
24.01.2020 08:00;24.01.2020 09:00;66,74
24.01.2020 09:00;24.01.2020 10:00;65,0
24.01.2020 10:00;24.01.2020 11:00;61,12
24.01.2020 11:00;24.01.2020 12:00;58,84
24.01.2020 12:00;24.01.2020 13:00;56,61
24.01.2020 13:00;24.01.2020 14:00;53,29
24.01.2020 14:00;24.01.2020 15:00;52,0
24.01.2020 15:00;24.01.2020 16:00;53,06
24.01.2020 16:00;24.01.2020 17:00;54,01
24.01.2020 17:00;24.01.2020 18:00;60,79
24.01.2020 18:00;24.01.2020 19:00;65,1
24.01.2020 19:00;24.01.2020 20:00;59,79
24.01.2020 20:00;24.01.2020 21:00;49,17
24.01.2020 21:00;24.01.2020 22:00;44,32
24.01.2020 22:00;24.01.2020 23:00;43,7
24.01.2020 23:00;25.01.2020 00:00;40,67
25.01.2020 00:00;25.01.2020 01:00;36,19
25.01.2020 01:00;25.01.2020 02:00;35,09
25.01.2020 02:00;25.01.2020 03:00;37,01
25.01.2020 03:00;25.01.2020 04:00;35,14
25.01.2020 04:00;25.01.2020 05:00;33,11
25.01.2020 05:00;25.01.2020 06:00;33,01
25.01.2020 06:00;25.01.2020 07:00;34,12
25.01.2020 07:00;25.01.2020 08:00;37,1
25.01.2020 08:00;25.01.2020 09:00;42,42
25.01.2020 09:00;25.01.2020 10:00;44,97
25.01.2020 10:00;25.01.2020 11:00;45,96
25.01.2020 11:00;25.01.2020 12:00;44,89
25.01.2020 12:00;25.01.2020 13:00;43,67
25.01.2020 13:00;25.01.2020 14:00;41,14
25.01.2020 14:00;25.01.2020 15:00;39,61
25.01.2020 15:00;25.01.2020 16:00;41,51
25.01.2020 16:00;25.01.2020 17:00;43,53
25.01.2020 17:00;25.01.2020 18:00;46,25
25.01.2020 18:00;25.01.2020 19:00;49,99
25.01.2020 19:00;25.01.2020 20:00;45,84
25.01.2020 20:00;25.01.2020 21:00;43,01
25.01.2020 21:00;25.01.2020 22:00;38,25
25.01.2020 22:00;25.01.2020 23:00;40,57
25.01.2020 23:00;26.01.2020 00:00;36,02
26.01.2020 00:00;26.01.2020 01:00;34,39
26.01.2020 01:00;26.01.2020 02:00;33,64
26.01.2020 02:00;26.01.2020 03:00;32,4
26.01.2020 03:00;26.01.2020 04:00;29,84
26.01.2020 04:00;26.01.2020 05:00;29,33
26.01.2020 05:00;26.01.2020 06:00;29,04
26.01.2020 06:00;26.01.2020 07:00;30,02
26.01.2020 07:00;26.01.2020 08:00;29,49
26.01.2020 08:00;26.01.2020 09:00;31,17
26.01.2020 09:00;26.01.2020 10:00;34,61
26.01.2020 10:00;26.01.2020 11:00;38,92
26.01.2020 11:00;26.01.2020 12:00;41,16
26.01.2020 12:00;26.01.2020 13:00;41,86
26.01.2020 13:00;26.01.2020 14:00;38,23
26.01.2020 14:00;26.01.2020 15:00;36,03
26.01.2020 15:00;26.01.2020 16:00;34,56
26.01.2020 16:00;26.01.2020 17:00;35,81
26.01.2020 17:00;26.01.2020 18:00;39,99
26.01.2020 18:00;26.01.2020 19:00;42,0
26.01.2020 19:00;26.01.2020 20:00;35,47
26.01.2020 20:00;26.01.2020 21:00;31,27
26.01.2020 21:00;26.01.2020 22:00;27,53
26.01.2020 22:00;26.01.2020 23:00;29,09
26.01.2020 23:00;27.01.2020 00:00;27,5
27.01.2020 00:00;27.01.2020 01:00;28,09
27.01.2020 01:00;27.01.2020 02:00;27,73
27.01.2020 02:00;27.01.2020 03:00;26,13
27.01.2020 03:00;27.01.2020 04:00;23,4
27.01.2020 04:00;27.01.2020 05:00;21,98
27.01.2020 05:00;27.01.2020 06:00;26,17
27.01.2020 06:00;27.01.2020 07:00;28,83
27.01.2020 07:00;27.01.2020 08:00;42,2
27.01.2020 08:00;27.01.2020 09:00;41,56
27.01.2020 09:00;27.01.2020 10:00;40,29
27.01.2020 10:00;27.01.2020 11:00;42,71
27.01.2020 11:00;27.01.2020 12:00;39,95
27.01.2020 12:00;27.01.2020 13:00;38,02
27.01.2020 13:00;27.01.2020 14:00;40,72
27.01.2020 14:00;27.01.2020 15:00;43,93
27.01.2020 15:00;27.01.2020 16:00;45,22
27.01.2020 16:00;27.01.2020 17:00;43,17
27.01.2020 17:00;27.01.2020 18:00;47,08
27.01.2020 18:00;27.01.2020 19:00;51,21
27.01.2020 19:00;27.01.2020 20:00;47,12
27.01.2020 20:00;27.01.2020 21:00;43,86
27.01.2020 21:00;27.01.2020 22:00;40,6
27.01.2020 22:00;27.01.2020 23:00;36,61
27.01.2020 23:00;28.01.2020 00:00;33,14
28.01.2020 00:00;28.01.2020 01:00;27,54
28.01.2020 01:00;28.01.2020 02:00;26,84
28.01.2020 02:00;28.01.2020 03:00;25,64
28.01.2020 03:00;28.01.2020 04:00;24,99
28.01.2020 04:00;28.01.2020 05:00;25,17
28.01.2020 05:00;28.01.2020 06:00;26,32
28.01.2020 06:00;28.01.2020 07:00;31,76
28.01.2020 07:00;28.01.2020 08:00;41,94
28.01.2020 08:00;28.01.2020 09:00;44,94
28.01.2020 09:00;28.01.2020 10:00;44,33
28.01.2020 10:00;28.01.2020 11:00;42,9
28.01.2020 11:00;28.01.2020 12:00;39,93
28.01.2020 12:00;28.01.2020 13:00;33,98
28.01.2020 13:00;28.01.2020 14:00;30,0
28.01.2020 14:00;28.01.2020 15:00;28,0
28.01.2020 15:00;28.01.2020 16:00;27,91
28.01.2020 16:00;28.01.2020 17:00;29,68
28.01.2020 17:00;28.01.2020 18:00;39,83
28.01.2020 18:00;28.01.2020 19:00;39,98
28.01.2020 19:00;28.01.2020 20:00;30,62
28.01.2020 20:00;28.01.2020 21:00;25,8
28.01.2020 21:00;28.01.2020 22:00;25,42
28.01.2020 22:00;28.01.2020 23:00;25,04
28.01.2020 23:00;29.01.2020 00:00;20,08
29.01.2020 00:00;29.01.2020 01:00;20,44
29.01.2020 01:00;29.01.2020 02:00;19,58
29.01.2020 02:00;29.01.2020 03:00;19,16
29.01.2020 03:00;29.01.2020 04:00;19,61
29.01.2020 04:00;29.01.2020 05:00;20,46
29.01.2020 05:00;29.01.2020 06:00;25,16
29.01.2020 06:00;29.01.2020 07:00;29,03
29.01.2020 07:00;29.01.2020 08:00;41,12
29.01.2020 08:00;29.01.2020 09:00;44,41
29.01.2020 09:00;29.01.2020 10:00;41,85
29.01.2020 10:00;29.01.2020 11:00;40,82
29.01.2020 11:00;29.01.2020 12:00;36,86
29.01.2020 12:00;29.01.2020 13:00;31,34
29.01.2020 13:00;29.01.2020 14:00;32,4
29.01.2020 14:00;29.01.2020 15:00;34,24
29.01.2020 15:00;29.01.2020 16:00;37,92
29.01.2020 16:00;29.01.2020 17:00;39,02
29.01.2020 17:00;29.01.2020 18:00;42,89
29.01.2020 18:00;29.01.2020 19:00;45,01
29.01.2020 19:00;29.01.2020 20:00;45,1
29.01.2020 20:00;29.01.2020 21:00;40,98
29.01.2020 21:00;29.01.2020 22:00;33,02
29.01.2020 22:00;29.01.2020 23:00;29,63
29.01.2020 23:00;30.01.2020 00:00;27,33
30.01.2020 00:00;30.01.2020 01:00;28,97
30.01.2020 01:00;30.01.2020 02:00;27,43
30.01.2020 02:00;30.01.2020 03:00;25,15
30.01.2020 03:00;30.01.2020 04:00;20,24
30.01.2020 04:00;30.01.2020 05:00;19,91
30.01.2020 05:00;30.01.2020 06:00;24,96
30.01.2020 06:00;30.01.2020 07:00;29,7
30.01.2020 07:00;30.01.2020 08:00;39,46
30.01.2020 08:00;30.01.2020 09:00;40,4
30.01.2020 09:00;30.01.2020 10:00;37,28
30.01.2020 10:00;30.01.2020 11:00;35,9
30.01.2020 11:00;30.01.2020 12:00;35,15
30.01.2020 12:00;30.01.2020 13:00;36,69
30.01.2020 13:00;30.01.2020 14:00;39,79
30.01.2020 14:00;30.01.2020 15:00;37,53
30.01.2020 15:00;30.01.2020 16:00;35,51
30.01.2020 16:00;30.01.2020 17:00;37,85
30.01.2020 17:00;30.01.2020 18:00;44,12
30.01.2020 18:00;30.01.2020 19:00;43,04
30.01.2020 19:00;30.01.2020 20:00;41,1
30.01.2020 20:00;30.01.2020 21:00;31,13
30.01.2020 21:00;30.01.2020 22:00;29,04
30.01.2020 22:00;30.01.2020 23:00;27,3
30.01.2020 23:00;31.01.2020 00:00;20,04
31.01.2020 00:00;31.01.2020 01:00;-0,04
31.01.2020 01:00;31.01.2020 02:00;0,02
31.01.2020 02:00;31.01.2020 03:00;-8,77
31.01.2020 03:00;31.01.2020 04:00;-3,89
31.01.2020 04:00;31.01.2020 05:00;0,01
31.01.2020 05:00;31.01.2020 06:00;13,04
31.01.2020 06:00;31.01.2020 07:00;24,01
31.01.2020 07:00;31.01.2020 08:00;36,96
31.01.2020 08:00;31.01.2020 09:00;39,59
31.01.2020 09:00;31.01.2020 10:00;37,39
31.01.2020 10:00;31.01.2020 11:00;34,9
31.01.2020 11:00;31.01.2020 12:00;35,27
31.01.2020 12:00;31.01.2020 13:00;27,97
31.01.2020 13:00;31.01.2020 14:00;28,84
31.01.2020 14:00;31.01.2020 15:00;29,0
31.01.2020 15:00;31.01.2020 16:00;30,07
31.01.2020 16:00;31.01.2020 17:00;28,1
31.01.2020 17:00;31.01.2020 18:00;33,78
31.01.2020 18:00;31.01.2020 19:00;37,05
31.01.2020 19:00;31.01.2020 20:00;32,58
31.01.2020 20:00;31.01.2020 21:00;25,1
31.01.2020 21:00;31.01.2020 22:00;21,24
31.01.2020 22:00;31.01.2020 23:00;20,29
31.01.2020 23:00;01.02.2020 00:00;17,09
01.02.2020 00:00;01.02.2020 01:00;0,07
01.02.2020 01:00;01.02.2020 02:00;0,02
01.02.2020 02:00;01.02.2020 03:00;-0,7
01.02.2020 03:00;01.02.2020 04:00;-1,94
01.02.2020 04:00;01.02.2020 05:00;-1,67
01.02.2020 05:00;01.02.2020 06:00;-2,4
01.02.2020 06:00;01.02.2020 07:00;0,04
01.02.2020 07:00;01.02.2020 08:00;8,52
01.02.2020 08:00;01.02.2020 09:00;14,1
01.02.2020 09:00;01.02.2020 10:00;14,7
01.02.2020 10:00;01.02.2020 11:00;14,74
01.02.2020 11:00;01.02.2020 12:00;14,47
01.02.2020 12:00;01.02.2020 13:00;14,07
01.02.2020 13:00;01.02.2020 14:00;14,45
01.02.2020 14:00;01.02.2020 15:00;13,18
01.02.2020 15:00;01.02.2020 16:00;11,11
01.02.2020 16:00;01.02.2020 17:00;13,07
01.02.2020 17:00;01.02.2020 18:00;16,79
01.02.2020 18:00;01.02.2020 19:00;16,97
01.02.2020 19:00;01.02.2020 20:00;15,99
01.02.2020 20:00;01.02.2020 21:00;0,42
01.02.2020 21:00;01.02.2020 22:00;-0,8
01.02.2020 22:00;01.02.2020 23:00;0,0
01.02.2020 23:00;02.02.2020 00:00;-11,16
02.02.2020 00:00;02.02.2020 01:00;-4,97
02.02.2020 01:00;02.02.2020 02:00;-10,1
02.02.2020 02:00;02.02.2020 03:00;-16,95
02.02.2020 03:00;02.02.2020 04:00;-11,7
02.02.2020 04:00;02.02.2020 05:00;-5,98
02.02.2020 05:00;02.02.2020 06:00;-5,21
02.02.2020 06:00;02.02.2020 07:00;-4,98
02.02.2020 07:00;02.02.2020 08:00;0,09
02.02.2020 08:00;02.02.2020 09:00;13,06
02.02.2020 09:00;02.02.2020 10:00;24,5
02.02.2020 10:00;02.02.2020 11:00;27,12
02.02.2020 11:00;02.02.2020 12:00;29,43
02.02.2020 12:00;02.02.2020 13:00;35,0
02.02.2020 13:00;02.02.2020 14:00;33,36
02.02.2020 14:00;02.02.2020 15:00;33,75
02.02.2020 15:00;02.02.2020 16:00;34,2
02.02.2020 16:00;02.02.2020 17:00;28,87
02.02.2020 17:00;02.02.2020 18:00;40,27
02.02.2020 18:00;02.02.2020 19:00;40,73
02.02.2020 19:00;02.02.2020 20:00;36,93
02.02.2020 20:00;02.02.2020 21:00;27,05
02.02.2020 21:00;02.02.2020 22:00;21,99
02.02.2020 22:00;02.02.2020 23:00;23,87
02.02.2020 23:00;03.02.2020 00:00;17,38
03.02.2020 00:00;03.02.2020 01:00;15,92
03.02.2020 01:00;03.02.2020 02:00;15,55
03.02.2020 02:00;03.02.2020 03:00;14,38
03.02.2020 03:00;03.02.2020 04:00;9,32
03.02.2020 04:00;03.02.2020 05:00;13,26
03.02.2020 05:00;03.02.2020 06:00;14,03
03.02.2020 06:00;03.02.2020 07:00;27,06
03.02.2020 07:00;03.02.2020 08:00;36,49
03.02.2020 08:00;03.02.2020 09:00;39,97
03.02.2020 09:00;03.02.2020 10:00;39,26
03.02.2020 10:00;03.02.2020 11:00;35,52
03.02.2020 11:00;03.02.2020 12:00;32,97
03.02.2020 12:00;03.02.2020 13:00;29,08
03.02.2020 13:00;03.02.2020 14:00;28,38
03.02.2020 14:00;03.02.2020 15:00;28,73
03.02.2020 15:00;03.02.2020 16:00;28,29
03.02.2020 16:00;03.02.2020 17:00;33,02
03.02.2020 17:00;03.02.2020 18:00;37,95
03.02.2020 18:00;03.02.2020 19:00;37,99
03.02.2020 19:00;03.02.2020 20:00;36,57
03.02.2020 20:00;03.02.2020 21:00;31,0
03.02.2020 21:00;03.02.2020 22:00;27,16
03.02.2020 22:00;03.02.2020 23:00;27,13
03.02.2020 23:00;04.02.2020 00:00;24,76
04.02.2020 00:00;04.02.2020 01:00;20,79
04.02.2020 01:00;04.02.2020 02:00;17,41
04.02.2020 02:00;04.02.2020 03:00;16,24
04.02.2020 03:00;04.02.2020 04:00;12,96
04.02.2020 04:00;04.02.2020 05:00;13,42
04.02.2020 05:00;04.02.2020 06:00;15,88
04.02.2020 06:00;04.02.2020 07:00;24,88
04.02.2020 07:00;04.02.2020 08:00;29,7
04.02.2020 08:00;04.02.2020 09:00;35,01
04.02.2020 09:00;04.02.2020 10:00;33,48
04.02.2020 10:00;04.02.2020 11:00;29,9
04.02.2020 11:00;04.02.2020 12:00;29,03
04.02.2020 12:00;04.02.2020 13:00;27,07
04.02.2020 13:00;04.02.2020 14:00;26,43
04.02.2020 14:00;04.02.2020 15:00;27,02
04.02.2020 15:00;04.02.2020 16:00;29,05
04.02.2020 16:00;04.02.2020 17:00;31,42
04.02.2020 17:00;04.02.2020 18:00;39,92
04.02.2020 18:00;04.02.2020 19:00;41,3
04.02.2020 19:00;04.02.2020 20:00;40,92
04.02.2020 20:00;04.02.2020 21:00;39,75
04.02.2020 21:00;04.02.2020 22:00;30,13
04.02.2020 22:00;04.02.2020 23:00;30,36
04.02.2020 23:00;05.02.2020 00:00;26,94
05.02.2020 00:00;05.02.2020 01:00;25,44
05.02.2020 01:00;05.02.2020 02:00;25,0
05.02.2020 02:00;05.02.2020 03:00;24,43
05.02.2020 03:00;05.02.2020 04:00;23,63
05.02.2020 04:00;05.02.2020 05:00;24,83
05.02.2020 05:00;05.02.2020 06:00;26,62
05.02.2020 06:00;05.02.2020 07:00;37,54
05.02.2020 07:00;05.02.2020 08:00;44,91
05.02.2020 08:00;05.02.2020 09:00;49,16
05.02.2020 09:00;05.02.2020 10:00;44,78
05.02.2020 10:00;05.02.2020 11:00;41,37
05.02.2020 11:00;05.02.2020 12:00;40,0
05.02.2020 12:00;05.02.2020 13:00;37,07
05.02.2020 13:00;05.02.2020 14:00;35,16
05.02.2020 14:00;05.02.2020 15:00;35,17
05.02.2020 15:00;05.02.2020 16:00;37,13
05.02.2020 16:00;05.02.2020 17:00;40,25
05.02.2020 17:00;05.02.2020 18:00;45,45
05.02.2020 18:00;05.02.2020 19:00;45,83
05.02.2020 19:00;05.02.2020 20:00;45,66
05.02.2020 20:00;05.02.2020 21:00;41,74
05.02.2020 21:00;05.02.2020 22:00;35,92
05.02.2020 22:00;05.02.2020 23:00;31,99
05.02.2020 23:00;06.02.2020 00:00;29,7
06.02.2020 00:00;06.02.2020 01:00;26,51
06.02.2020 01:00;06.02.2020 02:00;25,35
06.02.2020 02:00;06.02.2020 03:00;24,47
06.02.2020 03:00;06.02.2020 04:00;24,44
06.02.2020 04:00;06.02.2020 05:00;25,25
06.02.2020 05:00;06.02.2020 06:00;27,97
06.02.2020 06:00;06.02.2020 07:00;32,96
06.02.2020 07:00;06.02.2020 08:00;43,15
06.02.2020 08:00;06.02.2020 09:00;44,88
06.02.2020 09:00;06.02.2020 10:00;42,9
06.02.2020 10:00;06.02.2020 11:00;42,19
06.02.2020 11:00;06.02.2020 12:00;40,81
06.02.2020 12:00;06.02.2020 13:00;39,25
06.02.2020 13:00;06.02.2020 14:00;38,01
06.02.2020 14:00;06.02.2020 15:00;37,94
06.02.2020 15:00;06.02.2020 16:00;38,06
06.02.2020 16:00;06.02.2020 17:00;39,09
06.02.2020 17:00;06.02.2020 18:00;45,95
06.02.2020 18:00;06.02.2020 19:00;46,83
06.02.2020 19:00;06.02.2020 20:00;47,21
06.02.2020 20:00;06.02.2020 21:00;43,63
06.02.2020 21:00;06.02.2020 22:00;37,98
06.02.2020 22:00;06.02.2020 23:00;37,66
06.02.2020 23:00;07.02.2020 00:00;33,58
07.02.2020 00:00;07.02.2020 01:00;33,32
07.02.2020 01:00;07.02.2020 02:00;32,18
07.02.2020 02:00;07.02.2020 03:00;32,03
07.02.2020 03:00;07.02.2020 04:00;31,44
07.02.2020 04:00;07.02.2020 05:00;32,17
07.02.2020 05:00;07.02.2020 06:00;33,71
07.02.2020 06:00;07.02.2020 07:00;40,68
07.02.2020 07:00;07.02.2020 08:00;47,87
07.02.2020 08:00;07.02.2020 09:00;56,96
07.02.2020 09:00;07.02.2020 10:00;47,0
07.02.2020 10:00;07.02.2020 11:00;41,81
07.02.2020 11:00;07.02.2020 12:00;38,52
07.02.2020 12:00;07.02.2020 13:00;37,78
07.02.2020 13:00;07.02.2020 14:00;34,68
07.02.2020 14:00;07.02.2020 15:00;33,09
07.02.2020 15:00;07.02.2020 16:00;38,29
07.02.2020 16:00;07.02.2020 17:00;39,08
07.02.2020 17:00;07.02.2020 18:00;40,96
07.02.2020 18:00;07.02.2020 19:00;39,93
07.02.2020 19:00;07.02.2020 20:00;35,47
07.02.2020 20:00;07.02.2020 21:00;32,23
07.02.2020 21:00;07.02.2020 22:00;27,93
07.02.2020 22:00;07.02.2020 23:00;27,35
07.02.2020 23:00;08.02.2020 00:00;26,0
08.02.2020 00:00;08.02.2020 01:00;25,21
08.02.2020 01:00;08.02.2020 02:00;24,28
08.02.2020 02:00;08.02.2020 03:00;23,98
08.02.2020 03:00;08.02.2020 04:00;22,9
08.02.2020 04:00;08.02.2020 05:00;21,75
08.02.2020 05:00;08.02.2020 06:00;20,12
08.02.2020 06:00;08.02.2020 07:00;22,34
08.02.2020 07:00;08.02.2020 08:00;25,54
08.02.2020 08:00;08.02.2020 09:00;28,05
08.02.2020 09:00;08.02.2020 10:00;29,07
08.02.2020 10:00;08.02.2020 11:00;26,87
08.02.2020 11:00;08.02.2020 12:00;26,74
08.02.2020 12:00;08.02.2020 13:00;25,0
08.02.2020 13:00;08.02.2020 14:00;25,61
08.02.2020 14:00;08.02.2020 15:00;26,8
08.02.2020 15:00;08.02.2020 16:00;29,92
08.02.2020 16:00;08.02.2020 17:00;37,6
08.02.2020 17:00;08.02.2020 18:00;39,5
08.02.2020 18:00;08.02.2020 19:00;41,3
08.02.2020 19:00;08.02.2020 20:00;38,71
08.02.2020 20:00;08.02.2020 21:00;31,29
08.02.2020 21:00;08.02.2020 22:00;26,84
08.02.2020 22:00;08.02.2020 23:00;27,39
08.02.2020 23:00;09.02.2020 00:00;26,4
09.02.2020 00:00;09.02.2020 01:00;23,06
09.02.2020 01:00;09.02.2020 02:00;14,93
09.02.2020 02:00;09.02.2020 03:00;12,8
09.02.2020 03:00;09.02.2020 04:00;9,18
09.02.2020 04:00;09.02.2020 05:00;7,54
09.02.2020 05:00;09.02.2020 06:00;4,24
09.02.2020 06:00;09.02.2020 07:00;3,85
09.02.2020 07:00;09.02.2020 08:00;5,06
09.02.2020 08:00;09.02.2020 09:00;1,72
09.02.2020 09:00;09.02.2020 10:00;-0,07
09.02.2020 10:00;09.02.2020 11:00;-4,94
09.02.2020 11:00;09.02.2020 12:00;-3,81
09.02.2020 12:00;09.02.2020 13:00;-8,8
09.02.2020 13:00;09.02.2020 14:00;-16,95
09.02.2020 14:00;09.02.2020 15:00;-13,64
09.02.2020 15:00;09.02.2020 16:00;-2,96
09.02.2020 16:00;09.02.2020 17:00;-0,1
09.02.2020 17:00;09.02.2020 18:00;0,52
09.02.2020 18:00;09.02.2020 19:00;11,97
09.02.2020 19:00;09.02.2020 20:00;5,22
09.02.2020 20:00;09.02.2020 21:00;-4,01
09.02.2020 21:00;09.02.2020 22:00;-3,04
09.02.2020 22:00;09.02.2020 23:00;-0,08
09.02.2020 23:00;10.02.2020 00:00;-4,1
10.02.2020 00:00;10.02.2020 01:00;-4,97
10.02.2020 01:00;10.02.2020 02:00;-15,89
10.02.2020 02:00;10.02.2020 03:00;-15,11
10.02.2020 03:00;10.02.2020 04:00;-16,16
10.02.2020 04:00;10.02.2020 05:00;-14,93
10.02.2020 05:00;10.02.2020 06:00;-2,0
10.02.2020 06:00;10.02.2020 07:00;0,41
10.02.2020 07:00;10.02.2020 08:00;14,11
10.02.2020 08:00;10.02.2020 09:00;21,38
10.02.2020 09:00;10.02.2020 10:00;13,2
10.02.2020 10:00;10.02.2020 11:00;12,54
10.02.2020 11:00;10.02.2020 12:00;12,57
10.02.2020 12:00;10.02.2020 13:00;12,01
10.02.2020 13:00;10.02.2020 14:00;11,99
10.02.2020 14:00;10.02.2020 15:00;11,98
10.02.2020 15:00;10.02.2020 16:00;12,24
10.02.2020 16:00;10.02.2020 17:00;12,77
10.02.2020 17:00;10.02.2020 18:00;23,14
10.02.2020 18:00;10.02.2020 19:00;24,96
10.02.2020 19:00;10.02.2020 20:00;25,69
10.02.2020 20:00;10.02.2020 21:00;19,93
10.02.2020 21:00;10.02.2020 22:00;12,47
10.02.2020 22:00;10.02.2020 23:00;11,97
10.02.2020 23:00;11.02.2020 00:00;4,86
11.02.2020 00:00;11.02.2020 01:00;10,96
11.02.2020 01:00;11.02.2020 02:00;4,83
11.02.2020 02:00;11.02.2020 03:00;0,11
11.02.2020 03:00;11.02.2020 04:00;-0,08
11.02.2020 04:00;11.02.2020 05:00;-1,86
11.02.2020 05:00;11.02.2020 06:00;1,39
11.02.2020 06:00;11.02.2020 07:00;11,68
11.02.2020 07:00;11.02.2020 08:00;14,95
11.02.2020 08:00;11.02.2020 09:00;14,95
11.02.2020 09:00;11.02.2020 10:00;13,24
11.02.2020 10:00;11.02.2020 11:00;13,11
11.02.2020 11:00;11.02.2020 12:00;13,0
11.02.2020 12:00;11.02.2020 13:00;12,85
11.02.2020 13:00;11.02.2020 14:00;12,77
11.02.2020 14:00;11.02.2020 15:00;13,0
11.02.2020 15:00;11.02.2020 16:00;12,94
11.02.2020 16:00;11.02.2020 17:00;13,67
11.02.2020 17:00;11.02.2020 18:00;23,98
11.02.2020 18:00;11.02.2020 19:00;24,55
11.02.2020 19:00;11.02.2020 20:00;24,54
11.02.2020 20:00;11.02.2020 21:00;12,94
11.02.2020 21:00;11.02.2020 22:00;12,22
11.02.2020 22:00;11.02.2020 23:00;12,04
11.02.2020 23:00;12.02.2020 00:00;7,1
12.02.2020 00:00;12.02.2020 01:00;3,12
12.02.2020 01:00;12.02.2020 02:00;0,88
12.02.2020 02:00;12.02.2020 03:00;0,07
12.02.2020 03:00;12.02.2020 04:00;0,08
12.02.2020 04:00;12.02.2020 05:00;5,29
12.02.2020 05:00;12.02.2020 06:00;12,94
12.02.2020 06:00;12.02.2020 07:00;20,93
12.02.2020 07:00;12.02.2020 08:00;34,24
12.02.2020 08:00;12.02.2020 09:00;32,01
12.02.2020 09:00;12.02.2020 10:00;24,17
12.02.2020 10:00;12.02.2020 11:00;22,31
12.02.2020 11:00;12.02.2020 12:00;17,9
12.02.2020 12:00;12.02.2020 13:00;13,69
12.02.2020 13:00;12.02.2020 14:00;14,02
12.02.2020 14:00;12.02.2020 15:00;13,88
12.02.2020 15:00;12.02.2020 16:00;22,98
12.02.2020 16:00;12.02.2020 17:00;27,87
12.02.2020 17:00;12.02.2020 18:00;31,2
12.02.2020 18:00;12.02.2020 19:00;37,45
12.02.2020 19:00;12.02.2020 20:00;33,19
12.02.2020 20:00;12.02.2020 21:00;31,23
12.02.2020 21:00;12.02.2020 22:00;26,53
12.02.2020 22:00;12.02.2020 23:00;24,16
12.02.2020 23:00;13.02.2020 00:00;16,93
13.02.2020 00:00;13.02.2020 01:00;25,53
13.02.2020 01:00;13.02.2020 02:00;25,91
13.02.2020 02:00;13.02.2020 03:00;24,37
13.02.2020 03:00;13.02.2020 04:00;24,31
13.02.2020 04:00;13.02.2020 05:00;22,8
13.02.2020 05:00;13.02.2020 06:00;26,41
13.02.2020 06:00;13.02.2020 07:00;39,37
13.02.2020 07:00;13.02.2020 08:00;58,88
13.02.2020 08:00;13.02.2020 09:00;53,48
13.02.2020 09:00;13.02.2020 10:00;48,17
13.02.2020 10:00;13.02.2020 11:00;40,5
13.02.2020 11:00;13.02.2020 12:00;38,13
13.02.2020 12:00;13.02.2020 13:00;36,94
13.02.2020 13:00;13.02.2020 14:00;35,97
13.02.2020 14:00;13.02.2020 15:00;35,73
13.02.2020 15:00;13.02.2020 16:00;36,02
13.02.2020 16:00;13.02.2020 17:00;37,76
13.02.2020 17:00;13.02.2020 18:00;43,0
13.02.2020 18:00;13.02.2020 19:00;53,03
13.02.2020 19:00;13.02.2020 20:00;44,83
13.02.2020 20:00;13.02.2020 21:00;41,96
13.02.2020 21:00;13.02.2020 22:00;39,53
13.02.2020 22:00;13.02.2020 23:00;37,93
13.02.2020 23:00;14.02.2020 00:00;31,57
14.02.2020 00:00;14.02.2020 01:00;27,36
14.02.2020 01:00;14.02.2020 02:00;27,09
14.02.2020 02:00;14.02.2020 03:00;27,0
14.02.2020 03:00;14.02.2020 04:00;25,03
14.02.2020 04:00;14.02.2020 05:00;26,2
14.02.2020 05:00;14.02.2020 06:00;27,04
14.02.2020 06:00;14.02.2020 07:00;38,3
14.02.2020 07:00;14.02.2020 08:00;44,86
14.02.2020 08:00;14.02.2020 09:00;56,74
14.02.2020 09:00;14.02.2020 10:00;49,39
14.02.2020 10:00;14.02.2020 11:00;43,93
14.02.2020 11:00;14.02.2020 12:00;41,44
14.02.2020 12:00;14.02.2020 13:00;39,28
14.02.2020 13:00;14.02.2020 14:00;37,19
14.02.2020 14:00;14.02.2020 15:00;36,98
14.02.2020 15:00;14.02.2020 16:00;37,88
14.02.2020 16:00;14.02.2020 17:00;39,25
14.02.2020 17:00;14.02.2020 18:00;42,5
14.02.2020 18:00;14.02.2020 19:00;43,61
14.02.2020 19:00;14.02.2020 20:00;39,31
14.02.2020 20:00;14.02.2020 21:00;33,86
14.02.2020 21:00;14.02.2020 22:00;28,35
14.02.2020 22:00;14.02.2020 23:00;27,05
14.02.2020 23:00;15.02.2020 00:00;25,19
15.02.2020 00:00;15.02.2020 01:00;28,2
15.02.2020 01:00;15.02.2020 02:00;27,06
15.02.2020 02:00;15.02.2020 03:00;26,2
15.02.2020 03:00;15.02.2020 04:00;24,31
15.02.2020 04:00;15.02.2020 05:00;23,2
15.02.2020 05:00;15.02.2020 06:00;23,14
15.02.2020 06:00;15.02.2020 07:00;20,99
15.02.2020 07:00;15.02.2020 08:00;23,19
15.02.2020 08:00;15.02.2020 09:00;25,71
15.02.2020 09:00;15.02.2020 10:00;31,49
15.02.2020 10:00;15.02.2020 11:00;27,41
15.02.2020 11:00;15.02.2020 12:00;22,96
15.02.2020 12:00;15.02.2020 13:00;21,29
15.02.2020 13:00;15.02.2020 14:00;18,83
15.02.2020 14:00;15.02.2020 15:00;15,58
15.02.2020 15:00;15.02.2020 16:00;22,92
15.02.2020 16:00;15.02.2020 17:00;22,99
15.02.2020 17:00;15.02.2020 18:00;24,24
15.02.2020 18:00;15.02.2020 19:00;25,12
15.02.2020 19:00;15.02.2020 20:00;21,8
15.02.2020 20:00;15.02.2020 21:00;8,27
15.02.2020 21:00;15.02.2020 22:00;1,58
15.02.2020 22:00;15.02.2020 23:00;3,97
15.02.2020 23:00;16.02.2020 00:00;0,02
16.02.2020 00:00;16.02.2020 01:00;-5,9
16.02.2020 01:00;16.02.2020 02:00;-8,65
16.02.2020 02:00;16.02.2020 03:00;-4,93
16.02.2020 03:00;16.02.2020 04:00;-4,99
16.02.2020 04:00;16.02.2020 05:00;-5,76
16.02.2020 05:00;16.02.2020 06:00;-6,91
16.02.2020 06:00;16.02.2020 07:00;-8,51
16.02.2020 07:00;16.02.2020 08:00;-4,96
16.02.2020 08:00;16.02.2020 09:00;-0,08
16.02.2020 09:00;16.02.2020 10:00;-1,36
16.02.2020 10:00;16.02.2020 11:00;-8,46
16.02.2020 11:00;16.02.2020 12:00;-6,55
16.02.2020 12:00;16.02.2020 13:00;-15,24
16.02.2020 13:00;16.02.2020 14:00;-20,88
16.02.2020 14:00;16.02.2020 15:00;-21,02
16.02.2020 15:00;16.02.2020 16:00;-32,14
16.02.2020 16:00;16.02.2020 17:00;-19,26
16.02.2020 17:00;16.02.2020 18:00;-8,02
16.02.2020 18:00;16.02.2020 19:00;-2,5
16.02.2020 19:00;16.02.2020 20:00;-3,72
16.02.2020 20:00;16.02.2020 21:00;-4,96
16.02.2020 21:00;16.02.2020 22:00;-3,39
16.02.2020 22:00;16.02.2020 23:00;0,74
16.02.2020 23:00;17.02.2020 00:00;-1,13
17.02.2020 00:00;17.02.2020 01:00;-25,04
17.02.2020 01:00;17.02.2020 02:00;-27,53
17.02.2020 02:00;17.02.2020 03:00;-21,99
17.02.2020 03:00;17.02.2020 04:00;-12,05
17.02.2020 04:00;17.02.2020 05:00;-4,95
17.02.2020 05:00;17.02.2020 06:00;-0,08
17.02.2020 06:00;17.02.2020 07:00;22,91
17.02.2020 07:00;17.02.2020 08:00;30,06
17.02.2020 08:00;17.02.2020 09:00;36,44
17.02.2020 09:00;17.02.2020 10:00;33,57
17.02.2020 10:00;17.02.2020 11:00;29,8
17.02.2020 11:00;17.02.2020 12:00;29,8
17.02.2020 12:00;17.02.2020 13:00;29,76
17.02.2020 13:00;17.02.2020 14:00;27,35
17.02.2020 14:00;17.02.2020 15:00;27,69
17.02.2020 15:00;17.02.2020 16:00;32,38
17.02.2020 16:00;17.02.2020 17:00;34,01
17.02.2020 17:00;17.02.2020 18:00;36,7
17.02.2020 18:00;17.02.2020 19:00;36,79
17.02.2020 19:00;17.02.2020 20:00;36,95
17.02.2020 20:00;17.02.2020 21:00;32,27
17.02.2020 21:00;17.02.2020 22:00;24,86
17.02.2020 22:00;17.02.2020 23:00;18,44
17.02.2020 23:00;18.02.2020 00:00;9,78
18.02.2020 00:00;18.02.2020 01:00;20,64
18.02.2020 01:00;18.02.2020 02:00;13,11
18.02.2020 02:00;18.02.2020 03:00;9,0
18.02.2020 03:00;18.02.2020 04:00;8,58
18.02.2020 04:00;18.02.2020 05:00;8,94
18.02.2020 05:00;18.02.2020 06:00;15,44
18.02.2020 06:00;18.02.2020 07:00;26,14
18.02.2020 07:00;18.02.2020 08:00;35,93
18.02.2020 08:00;18.02.2020 09:00;34,55
18.02.2020 09:00;18.02.2020 10:00;26,62
18.02.2020 10:00;18.02.2020 11:00;11,73
18.02.2020 11:00;18.02.2020 12:00;10,91
18.02.2020 12:00;18.02.2020 13:00;10,46
18.02.2020 13:00;18.02.2020 14:00;10,47
18.02.2020 14:00;18.02.2020 15:00;11,34
18.02.2020 15:00;18.02.2020 16:00;24,81
18.02.2020 16:00;18.02.2020 17:00;29,14
18.02.2020 17:00;18.02.2020 18:00;34,96
18.02.2020 18:00;18.02.2020 19:00;38,88
18.02.2020 19:00;18.02.2020 20:00;38,51
18.02.2020 20:00;18.02.2020 21:00;32,4
18.02.2020 21:00;18.02.2020 22:00;25,82
18.02.2020 22:00;18.02.2020 23:00;25,21
18.02.2020 23:00;19.02.2020 00:00;21,22
19.02.2020 00:00;19.02.2020 01:00;23,0
19.02.2020 01:00;19.02.2020 02:00;22,6
19.02.2020 02:00;19.02.2020 03:00;20,18
19.02.2020 03:00;19.02.2020 04:00;19,48
19.02.2020 04:00;19.02.2020 05:00;22,08
19.02.2020 05:00;19.02.2020 06:00;25,52
19.02.2020 06:00;19.02.2020 07:00;29,62
19.02.2020 07:00;19.02.2020 08:00;36,53
19.02.2020 08:00;19.02.2020 09:00;38,98
19.02.2020 09:00;19.02.2020 10:00;38,99
19.02.2020 10:00;19.02.2020 11:00;37,0
19.02.2020 11:00;19.02.2020 12:00;34,0
19.02.2020 12:00;19.02.2020 13:00;27,69
19.02.2020 13:00;19.02.2020 14:00;25,68
19.02.2020 14:00;19.02.2020 15:00;25,09
19.02.2020 15:00;19.02.2020 16:00;26,85
19.02.2020 16:00;19.02.2020 17:00;32,75
19.02.2020 17:00;19.02.2020 18:00;36,93
19.02.2020 18:00;19.02.2020 19:00;44,65
19.02.2020 19:00;19.02.2020 20:00;43,38
19.02.2020 20:00;19.02.2020 21:00;36,94
19.02.2020 21:00;19.02.2020 22:00;33,91
19.02.2020 22:00;19.02.2020 23:00;32,1
19.02.2020 23:00;20.02.2020 00:00;27,91
20.02.2020 00:00;20.02.2020 01:00;26,45
20.02.2020 01:00;20.02.2020 02:00;25,01
20.02.2020 02:00;20.02.2020 03:00;24,56
20.02.2020 03:00;20.02.2020 04:00;24,1
20.02.2020 04:00;20.02.2020 05:00;24,2
20.02.2020 05:00;20.02.2020 06:00;24,95
20.02.2020 06:00;20.02.2020 07:00;34,65
20.02.2020 07:00;20.02.2020 08:00;37,79
20.02.2020 08:00;20.02.2020 09:00;40,21
20.02.2020 09:00;20.02.2020 10:00;36,97
20.02.2020 10:00;20.02.2020 11:00;34,41
20.02.2020 11:00;20.02.2020 12:00;34,49
20.02.2020 12:00;20.02.2020 13:00;32,58
20.02.2020 13:00;20.02.2020 14:00;30,11
20.02.2020 14:00;20.02.2020 15:00;28,3
20.02.2020 15:00;20.02.2020 16:00;25,95
20.02.2020 16:00;20.02.2020 17:00;28,22
20.02.2020 17:00;20.02.2020 18:00;31,11
20.02.2020 18:00;20.02.2020 19:00;34,98
20.02.2020 19:00;20.02.2020 20:00;33,33
20.02.2020 20:00;20.02.2020 21:00;25,77
20.02.2020 21:00;20.02.2020 22:00;23,31
20.02.2020 22:00;20.02.2020 23:00;18,77
20.02.2020 23:00;21.02.2020 00:00;8,03
21.02.2020 00:00;21.02.2020 01:00;8,67
21.02.2020 01:00;21.02.2020 02:00;7,6
21.02.2020 02:00;21.02.2020 03:00;7,37
21.02.2020 03:00;21.02.2020 04:00;7,94
21.02.2020 04:00;21.02.2020 05:00;10,78
21.02.2020 05:00;21.02.2020 06:00;24,0
21.02.2020 06:00;21.02.2020 07:00;29,88
21.02.2020 07:00;21.02.2020 08:00;38,08
21.02.2020 08:00;21.02.2020 09:00;39,13
21.02.2020 09:00;21.02.2020 10:00;33,1
21.02.2020 10:00;21.02.2020 11:00;28,6
21.02.2020 11:00;21.02.2020 12:00;27,07
21.02.2020 12:00;21.02.2020 13:00;24,87
21.02.2020 13:00;21.02.2020 14:00;23,06
21.02.2020 14:00;21.02.2020 15:00;24,81
21.02.2020 15:00;21.02.2020 16:00;25,64
21.02.2020 16:00;21.02.2020 17:00;28,68
21.02.2020 17:00;21.02.2020 18:00;32,92
21.02.2020 18:00;21.02.2020 19:00;36,76
21.02.2020 19:00;21.02.2020 20:00;37,71
21.02.2020 20:00;21.02.2020 21:00;29,64
21.02.2020 21:00;21.02.2020 22:00;25,91
21.02.2020 22:00;21.02.2020 23:00;24,57
21.02.2020 23:00;22.02.2020 00:00;7,08
22.02.2020 00:00;22.02.2020 01:00;8,02
22.02.2020 01:00;22.02.2020 02:00;0,12
22.02.2020 02:00;22.02.2020 03:00;0,1
22.02.2020 03:00;22.02.2020 04:00;0,0
22.02.2020 04:00;22.02.2020 05:00;-2,99
22.02.2020 05:00;22.02.2020 06:00;-2,46
22.02.2020 06:00;22.02.2020 07:00;-7,99
22.02.2020 07:00;22.02.2020 08:00;-0,94
22.02.2020 08:00;22.02.2020 09:00;-0,02
22.02.2020 09:00;22.02.2020 10:00;-0,57
22.02.2020 10:00;22.02.2020 11:00;-4,95
22.02.2020 11:00;22.02.2020 12:00;-9,83
22.02.2020 12:00;22.02.2020 13:00;-5,1
22.02.2020 13:00;22.02.2020 14:00;-10,93
22.02.2020 14:00;22.02.2020 15:00;-9,94
22.02.2020 15:00;22.02.2020 16:00;-4,01
22.02.2020 16:00;22.02.2020 17:00;0,52
22.02.2020 17:00;22.02.2020 18:00;0,98
22.02.2020 18:00;22.02.2020 19:00;8,76
22.02.2020 19:00;22.02.2020 20:00;5,01
22.02.2020 20:00;22.02.2020 21:00;0,06
22.02.2020 21:00;22.02.2020 22:00;-0,09
22.02.2020 22:00;22.02.2020 23:00;0,04
22.02.2020 23:00;23.02.2020 00:00;0,0
23.02.2020 00:00;23.02.2020 01:00;-4,87
23.02.2020 01:00;23.02.2020 02:00;-2,99
23.02.2020 02:00;23.02.2020 03:00;-2,62
23.02.2020 03:00;23.02.2020 04:00;-4,89
23.02.2020 04:00;23.02.2020 05:00;-3,76
23.02.2020 05:00;23.02.2020 06:00;-0,07
23.02.2020 06:00;23.02.2020 07:00;-1,57
23.02.2020 07:00;23.02.2020 08:00;-2,44
23.02.2020 08:00;23.02.2020 09:00;0,87
23.02.2020 09:00;23.02.2020 10:00;14,14
23.02.2020 10:00;23.02.2020 11:00;17,1
23.02.2020 11:00;23.02.2020 12:00;23,57
23.02.2020 12:00;23.02.2020 13:00;22,76
23.02.2020 13:00;23.02.2020 14:00;15,03
23.02.2020 14:00;23.02.2020 15:00;9,05
23.02.2020 15:00;23.02.2020 16:00;8,71
23.02.2020 16:00;23.02.2020 17:00;8,51
23.02.2020 17:00;23.02.2020 18:00;10,25
23.02.2020 18:00;23.02.2020 19:00;15,77
23.02.2020 19:00;23.02.2020 20:00;10,25
23.02.2020 20:00;23.02.2020 21:00;8,6
23.02.2020 21:00;23.02.2020 22:00;8,34
23.02.2020 22:00;23.02.2020 23:00;8,94
23.02.2020 23:00;24.02.2020 00:00;8,18
24.02.2020 00:00;24.02.2020 01:00;-0,08
24.02.2020 01:00;24.02.2020 02:00;0,09
24.02.2020 02:00;24.02.2020 03:00;1,28
24.02.2020 03:00;24.02.2020 04:00;5,38
24.02.2020 04:00;24.02.2020 05:00;18,44
24.02.2020 05:00;24.02.2020 06:00;26,61
24.02.2020 06:00;24.02.2020 07:00;35,91
24.02.2020 07:00;24.02.2020 08:00;43,0
24.02.2020 08:00;24.02.2020 09:00;47,96
24.02.2020 09:00;24.02.2020 10:00;46,42
24.02.2020 10:00;24.02.2020 11:00;45,27
24.02.2020 11:00;24.02.2020 12:00;45,1
24.02.2020 12:00;24.02.2020 13:00;42,28
24.02.2020 13:00;24.02.2020 14:00;40,2
24.02.2020 14:00;24.02.2020 15:00;38,41
24.02.2020 15:00;24.02.2020 16:00;35,98
24.02.2020 16:00;24.02.2020 17:00;32,07
24.02.2020 17:00;24.02.2020 18:00;31,0
24.02.2020 18:00;24.02.2020 19:00;36,1
24.02.2020 19:00;24.02.2020 20:00;35,08
24.02.2020 20:00;24.02.2020 21:00;28,62
24.02.2020 21:00;24.02.2020 22:00;21,68
24.02.2020 22:00;24.02.2020 23:00;16,38
24.02.2020 23:00;25.02.2020 00:00;10,48
25.02.2020 00:00;25.02.2020 01:00;9,92
25.02.2020 01:00;25.02.2020 02:00;8,22
25.02.2020 02:00;25.02.2020 03:00;7,09
25.02.2020 03:00;25.02.2020 04:00;7,03
25.02.2020 04:00;25.02.2020 05:00;9,52
25.02.2020 05:00;25.02.2020 06:00;11,62
25.02.2020 06:00;25.02.2020 07:00;25,84
25.02.2020 07:00;25.02.2020 08:00;31,66
25.02.2020 08:00;25.02.2020 09:00;32,69
25.02.2020 09:00;25.02.2020 10:00;30,69
25.02.2020 10:00;25.02.2020 11:00;26,68
25.02.2020 11:00;25.02.2020 12:00;27,7
25.02.2020 12:00;25.02.2020 13:00;26,3
25.02.2020 13:00;25.02.2020 14:00;25,09
25.02.2020 14:00;25.02.2020 15:00;23,44
25.02.2020 15:00;25.02.2020 16:00;23,56
25.02.2020 16:00;25.02.2020 17:00;25,8
25.02.2020 17:00;25.02.2020 18:00;28,46
25.02.2020 18:00;25.02.2020 19:00;35,97
25.02.2020 19:00;25.02.2020 20:00;39,49
25.02.2020 20:00;25.02.2020 21:00;35,21
25.02.2020 21:00;25.02.2020 22:00;30,1
25.02.2020 22:00;25.02.2020 23:00;29,9
25.02.2020 23:00;26.02.2020 00:00;26,46
26.02.2020 00:00;26.02.2020 01:00;25,56
26.02.2020 01:00;26.02.2020 02:00;25,2
26.02.2020 02:00;26.02.2020 03:00;24,35
26.02.2020 03:00;26.02.2020 04:00;23,53
26.02.2020 04:00;26.02.2020 05:00;24,08
26.02.2020 05:00;26.02.2020 06:00;25,01
26.02.2020 06:00;26.02.2020 07:00;31,24
26.02.2020 07:00;26.02.2020 08:00;36,34
26.02.2020 08:00;26.02.2020 09:00;37,64
26.02.2020 09:00;26.02.2020 10:00;37,01
26.02.2020 10:00;26.02.2020 11:00;34,02
26.02.2020 11:00;26.02.2020 12:00;33,13
26.02.2020 12:00;26.02.2020 13:00;32,1
26.02.2020 13:00;26.02.2020 14:00;30,45
26.02.2020 14:00;26.02.2020 15:00;28,14
26.02.2020 15:00;26.02.2020 16:00;30,17
26.02.2020 16:00;26.02.2020 17:00;32,97
26.02.2020 17:00;26.02.2020 18:00;37,72
26.02.2020 18:00;26.02.2020 19:00;38,46
26.02.2020 19:00;26.02.2020 20:00;42,17
26.02.2020 20:00;26.02.2020 21:00;36,71
26.02.2020 21:00;26.02.2020 22:00;33,83
26.02.2020 22:00;26.02.2020 23:00;32,08
26.02.2020 23:00;27.02.2020 00:00;28,2
27.02.2020 00:00;27.02.2020 01:00;31,57
27.02.2020 01:00;27.02.2020 02:00;28,54
27.02.2020 02:00;27.02.2020 03:00;27,04
27.02.2020 03:00;27.02.2020 04:00;25,17
27.02.2020 04:00;27.02.2020 05:00;25,45
27.02.2020 05:00;27.02.2020 06:00;28,81
27.02.2020 06:00;27.02.2020 07:00;36,8
27.02.2020 07:00;27.02.2020 08:00;42,28
27.02.2020 08:00;27.02.2020 09:00;44,42
27.02.2020 09:00;27.02.2020 10:00;42,41
27.02.2020 10:00;27.02.2020 11:00;40,15
27.02.2020 11:00;27.02.2020 12:00;40,05
27.02.2020 12:00;27.02.2020 13:00;38,82
27.02.2020 13:00;27.02.2020 14:00;39,81
27.02.2020 14:00;27.02.2020 15:00;43,71
27.02.2020 15:00;27.02.2020 16:00;45,19
27.02.2020 16:00;27.02.2020 17:00;45,71
27.02.2020 17:00;27.02.2020 18:00;51,52
27.02.2020 18:00;27.02.2020 19:00;59,98
27.02.2020 19:00;27.02.2020 20:00;48,06
27.02.2020 20:00;27.02.2020 21:00;39,13
27.02.2020 21:00;27.02.2020 22:00;35,68
27.02.2020 22:00;27.02.2020 23:00;33,77
27.02.2020 23:00;28.02.2020 00:00;28,54
28.02.2020 00:00;28.02.2020 01:00;29,54
28.02.2020 01:00;28.02.2020 02:00;26,7
28.02.2020 02:00;28.02.2020 03:00;25,34
28.02.2020 03:00;28.02.2020 04:00;24,87
28.02.2020 04:00;28.02.2020 05:00;24,87
28.02.2020 05:00;28.02.2020 06:00;27,3
28.02.2020 06:00;28.02.2020 07:00;34,97
28.02.2020 07:00;28.02.2020 08:00;40,74
28.02.2020 08:00;28.02.2020 09:00;43,88
28.02.2020 09:00;28.02.2020 10:00;40,12
28.02.2020 10:00;28.02.2020 11:00;37,81
28.02.2020 11:00;28.02.2020 12:00;32,5
28.02.2020 12:00;28.02.2020 13:00;26,55
28.02.2020 13:00;28.02.2020 14:00;26,0
28.02.2020 14:00;28.02.2020 15:00;26,12
28.02.2020 15:00;28.02.2020 16:00;27,1
28.02.2020 16:00;28.02.2020 17:00;34,01
28.02.2020 17:00;28.02.2020 18:00;37,49
28.02.2020 18:00;28.02.2020 19:00;38,95
28.02.2020 19:00;28.02.2020 20:00;35,34
28.02.2020 20:00;28.02.2020 21:00;27,77
28.02.2020 21:00;28.02.2020 22:00;27,06
28.02.2020 22:00;28.02.2020 23:00;26,14
28.02.2020 23:00;29.02.2020 00:00;23,79
29.02.2020 00:00;29.02.2020 01:00;0,4
29.02.2020 01:00;29.02.2020 02:00;3,11
29.02.2020 02:00;29.02.2020 03:00;9,42
29.02.2020 03:00;29.02.2020 04:00;9,49
29.02.2020 04:00;29.02.2020 05:00;9,39
29.02.2020 05:00;29.02.2020 06:00;8,67
29.02.2020 06:00;29.02.2020 07:00;10,18
29.02.2020 07:00;29.02.2020 08:00;11,56
29.02.2020 08:00;29.02.2020 09:00;12,99
29.02.2020 09:00;29.02.2020 10:00;14,01
29.02.2020 10:00;29.02.2020 11:00;12,36
29.02.2020 11:00;29.02.2020 12:00;9,97
29.02.2020 12:00;29.02.2020 13:00;6,71
29.02.2020 13:00;29.02.2020 14:00;4,22
29.02.2020 14:00;29.02.2020 15:00;4,21
29.02.2020 15:00;29.02.2020 16:00;7,63
29.02.2020 16:00;29.02.2020 17:00;5,22
29.02.2020 17:00;29.02.2020 18:00;12,25
29.02.2020 18:00;29.02.2020 19:00;13,92
29.02.2020 19:00;29.02.2020 20:00;12,78
29.02.2020 20:00;29.02.2020 21:00;8,06
29.02.2020 21:00;29.02.2020 22:00;7,38
29.02.2020 22:00;29.02.2020 23:00;10,41
29.02.2020 23:00;01.03.2020 00:00;9,51
01.03.2020 00:00;01.03.2020 01:00;-4,92
01.03.2020 01:00;01.03.2020 02:00;-3,88
01.03.2020 02:00;01.03.2020 03:00;-6,98
01.03.2020 03:00;01.03.2020 04:00;-3,88
01.03.2020 04:00;01.03.2020 05:00;-1,02
01.03.2020 05:00;01.03.2020 06:00;-1,03
01.03.2020 06:00;01.03.2020 07:00;-5,3
01.03.2020 07:00;01.03.2020 08:00;-3,89
01.03.2020 08:00;01.03.2020 09:00;-0,05
01.03.2020 09:00;01.03.2020 10:00;-0,23
01.03.2020 10:00;01.03.2020 11:00;-4,03
01.03.2020 11:00;01.03.2020 12:00;-2,16
01.03.2020 12:00;01.03.2020 13:00;-6,97
01.03.2020 13:00;01.03.2020 14:00;-7,85
01.03.2020 14:00;01.03.2020 15:00;-5,06
01.03.2020 15:00;01.03.2020 16:00;0,03
01.03.2020 16:00;01.03.2020 17:00;15,11
01.03.2020 17:00;01.03.2020 18:00;33,07
01.03.2020 18:00;01.03.2020 19:00;34,7
01.03.2020 19:00;01.03.2020 20:00;36,12
01.03.2020 20:00;01.03.2020 21:00;31,49
01.03.2020 21:00;01.03.2020 22:00;26,1
01.03.2020 22:00;01.03.2020 23:00;27,76
01.03.2020 23:00;02.03.2020 00:00;24,24
02.03.2020 00:00;02.03.2020 01:00;24,31
02.03.2020 01:00;02.03.2020 02:00;23,3
02.03.2020 02:00;02.03.2020 03:00;21,71
02.03.2020 03:00;02.03.2020 04:00;19,2
02.03.2020 04:00;02.03.2020 05:00;19,15
02.03.2020 05:00;02.03.2020 06:00;23,53
02.03.2020 06:00;02.03.2020 07:00;30,91
02.03.2020 07:00;02.03.2020 08:00;37,0
02.03.2020 08:00;02.03.2020 09:00;39,92
02.03.2020 09:00;02.03.2020 10:00;36,94
02.03.2020 10:00;02.03.2020 11:00;36,71
02.03.2020 11:00;02.03.2020 12:00;37,03
02.03.2020 12:00;02.03.2020 13:00;35,13
02.03.2020 13:00;02.03.2020 14:00;35,35
02.03.2020 14:00;02.03.2020 15:00;34,74
02.03.2020 15:00;02.03.2020 16:00;36,79
02.03.2020 16:00;02.03.2020 17:00;38,93
02.03.2020 17:00;02.03.2020 18:00;41,09
02.03.2020 18:00;02.03.2020 19:00;49,5
02.03.2020 19:00;02.03.2020 20:00;43,92
02.03.2020 20:00;02.03.2020 21:00;37,75
02.03.2020 21:00;02.03.2020 22:00;33,54
02.03.2020 22:00;02.03.2020 23:00;30,88
02.03.2020 23:00;03.03.2020 00:00;28,97
03.03.2020 00:00;03.03.2020 01:00;26,04
03.03.2020 01:00;03.03.2020 02:00;25,04
03.03.2020 02:00;03.03.2020 03:00;24,53
03.03.2020 03:00;03.03.2020 04:00;24,1
03.03.2020 04:00;03.03.2020 05:00;24,45
03.03.2020 05:00;03.03.2020 06:00;28,5
03.03.2020 06:00;03.03.2020 07:00;35,68
03.03.2020 07:00;03.03.2020 08:00;42,3
03.03.2020 08:00;03.03.2020 09:00;45,6
03.03.2020 09:00;03.03.2020 10:00;41,68
03.03.2020 10:00;03.03.2020 11:00;37,97
03.03.2020 11:00;03.03.2020 12:00;34,83
03.03.2020 12:00;03.03.2020 13:00;31,82
03.03.2020 13:00;03.03.2020 14:00;33,96
03.03.2020 14:00;03.03.2020 15:00;35,93
03.03.2020 15:00;03.03.2020 16:00;37,66
03.03.2020 16:00;03.03.2020 17:00;39,84
03.03.2020 17:00;03.03.2020 18:00;41,73
03.03.2020 18:00;03.03.2020 19:00;55,98
03.03.2020 19:00;03.03.2020 20:00;56,9
03.03.2020 20:00;03.03.2020 21:00;40,93
03.03.2020 21:00;03.03.2020 22:00;38,19
03.03.2020 22:00;03.03.2020 23:00;35,03
03.03.2020 23:00;04.03.2020 00:00;31,29
04.03.2020 00:00;04.03.2020 01:00;30,1
04.03.2020 01:00;04.03.2020 02:00;28,1
04.03.2020 02:00;04.03.2020 03:00;27,08
04.03.2020 03:00;04.03.2020 04:00;26,8
04.03.2020 04:00;04.03.2020 05:00;26,8
04.03.2020 05:00;04.03.2020 06:00;30,05
04.03.2020 06:00;04.03.2020 07:00;36,51
04.03.2020 07:00;04.03.2020 08:00;47,2
04.03.2020 08:00;04.03.2020 09:00;54,75
04.03.2020 09:00;04.03.2020 10:00;50,32
04.03.2020 10:00;04.03.2020 11:00;44,23
04.03.2020 11:00;04.03.2020 12:00;41,09
04.03.2020 12:00;04.03.2020 13:00;37,9
04.03.2020 13:00;04.03.2020 14:00;35,97
04.03.2020 14:00;04.03.2020 15:00;35,0
04.03.2020 15:00;04.03.2020 16:00;35,88
04.03.2020 16:00;04.03.2020 17:00;39,5
04.03.2020 17:00;04.03.2020 18:00;48,49
04.03.2020 18:00;04.03.2020 19:00;64,7
04.03.2020 19:00;04.03.2020 20:00;63,34
04.03.2020 20:00;04.03.2020 21:00;43,58
04.03.2020 21:00;04.03.2020 22:00;37,53
04.03.2020 22:00;04.03.2020 23:00;33,92
04.03.2020 23:00;05.03.2020 00:00;31,82
05.03.2020 00:00;05.03.2020 01:00;30,24
05.03.2020 01:00;05.03.2020 02:00;29,08
05.03.2020 02:00;05.03.2020 03:00;28,6
05.03.2020 03:00;05.03.2020 04:00;29,01
05.03.2020 04:00;05.03.2020 05:00;30,1
05.03.2020 05:00;05.03.2020 06:00;31,55
05.03.2020 06:00;05.03.2020 07:00;37,91
05.03.2020 07:00;05.03.2020 08:00;45,61
05.03.2020 08:00;05.03.2020 09:00;54,64
05.03.2020 09:00;05.03.2020 10:00;49,78
05.03.2020 10:00;05.03.2020 11:00;42,09
05.03.2020 11:00;05.03.2020 12:00;40,99
05.03.2020 12:00;05.03.2020 13:00;41,97
05.03.2020 13:00;05.03.2020 14:00;40,51
05.03.2020 14:00;05.03.2020 15:00;37,94
05.03.2020 15:00;05.03.2020 16:00;36,75
05.03.2020 16:00;05.03.2020 17:00;37,03
05.03.2020 17:00;05.03.2020 18:00;38,91
05.03.2020 18:00;05.03.2020 19:00;36,9
05.03.2020 19:00;05.03.2020 20:00;35,82
05.03.2020 20:00;05.03.2020 21:00;30,24
05.03.2020 21:00;05.03.2020 22:00;27,85
05.03.2020 22:00;05.03.2020 23:00;26,9
05.03.2020 23:00;06.03.2020 00:00;25,3
06.03.2020 00:00;06.03.2020 01:00;24,55
06.03.2020 01:00;06.03.2020 02:00;22,96
06.03.2020 02:00;06.03.2020 03:00;21,0
06.03.2020 03:00;06.03.2020 04:00;19,99
06.03.2020 04:00;06.03.2020 05:00;20,22
06.03.2020 05:00;06.03.2020 06:00;24,1
06.03.2020 06:00;06.03.2020 07:00;28,8
06.03.2020 07:00;06.03.2020 08:00;33,41
06.03.2020 08:00;06.03.2020 09:00;35,9
06.03.2020 09:00;06.03.2020 10:00;35,1
06.03.2020 10:00;06.03.2020 11:00;34,68
06.03.2020 11:00;06.03.2020 12:00;36,03
06.03.2020 12:00;06.03.2020 13:00;35,0
06.03.2020 13:00;06.03.2020 14:00;32,64
06.03.2020 14:00;06.03.2020 15:00;31,67
06.03.2020 15:00;06.03.2020 16:00;29,06
06.03.2020 16:00;06.03.2020 17:00;29,8
06.03.2020 17:00;06.03.2020 18:00;35,0
06.03.2020 18:00;06.03.2020 19:00;37,3
06.03.2020 19:00;06.03.2020 20:00;38,04
06.03.2020 20:00;06.03.2020 21:00;35,46
06.03.2020 21:00;06.03.2020 22:00;31,71
06.03.2020 22:00;06.03.2020 23:00;30,5
06.03.2020 23:00;07.03.2020 00:00;28,54
07.03.2020 00:00;07.03.2020 01:00;31,01
07.03.2020 01:00;07.03.2020 02:00;25,5
07.03.2020 02:00;07.03.2020 03:00;24,51
07.03.2020 03:00;07.03.2020 04:00;24,03
07.03.2020 04:00;07.03.2020 05:00;24,47
07.03.2020 05:00;07.03.2020 06:00;24,41
07.03.2020 06:00;07.03.2020 07:00;26,25
07.03.2020 07:00;07.03.2020 08:00;30,4
07.03.2020 08:00;07.03.2020 09:00;33,58
07.03.2020 09:00;07.03.2020 10:00;35,0
07.03.2020 10:00;07.03.2020 11:00;30,4
07.03.2020 11:00;07.03.2020 12:00;28,1
07.03.2020 12:00;07.03.2020 13:00;26,08
07.03.2020 13:00;07.03.2020 14:00;25,06
07.03.2020 14:00;07.03.2020 15:00;24,94
07.03.2020 15:00;07.03.2020 16:00;25,0
07.03.2020 16:00;07.03.2020 17:00;29,54
07.03.2020 17:00;07.03.2020 18:00;35,79
07.03.2020 18:00;07.03.2020 19:00;38,8
07.03.2020 19:00;07.03.2020 20:00;39,95
07.03.2020 20:00;07.03.2020 21:00;35,0
07.03.2020 21:00;07.03.2020 22:00;27,17
07.03.2020 22:00;07.03.2020 23:00;28,24
07.03.2020 23:00;08.03.2020 00:00;24,9
08.03.2020 00:00;08.03.2020 01:00;20,8
08.03.2020 01:00;08.03.2020 02:00;16,82
08.03.2020 02:00;08.03.2020 03:00;12,22
08.03.2020 03:00;08.03.2020 04:00;9,24
08.03.2020 04:00;08.03.2020 05:00;8,74
08.03.2020 05:00;08.03.2020 06:00;8,93
08.03.2020 06:00;08.03.2020 07:00;8,67
08.03.2020 07:00;08.03.2020 08:00;9,78
08.03.2020 08:00;08.03.2020 09:00;9,66
08.03.2020 09:00;08.03.2020 10:00;9,38
08.03.2020 10:00;08.03.2020 11:00;9,73
08.03.2020 11:00;08.03.2020 12:00;9,4
08.03.2020 12:00;08.03.2020 13:00;8,93
08.03.2020 13:00;08.03.2020 14:00;8,43
08.03.2020 14:00;08.03.2020 15:00;8,77
08.03.2020 15:00;08.03.2020 16:00;11,01
08.03.2020 16:00;08.03.2020 17:00;19,19
08.03.2020 17:00;08.03.2020 18:00;25,71
08.03.2020 18:00;08.03.2020 19:00;31,97
08.03.2020 19:00;08.03.2020 20:00;34,86
08.03.2020 20:00;08.03.2020 21:00;34,02
08.03.2020 21:00;08.03.2020 22:00;31,9
08.03.2020 22:00;08.03.2020 23:00;31,99
08.03.2020 23:00;09.03.2020 00:00;30,41
09.03.2020 00:00;09.03.2020 01:00;25,02
09.03.2020 01:00;09.03.2020 02:00;25,0
09.03.2020 02:00;09.03.2020 03:00;25,09
09.03.2020 03:00;09.03.2020 04:00;24,77
09.03.2020 04:00;09.03.2020 05:00;24,47
09.03.2020 05:00;09.03.2020 06:00;25,3
09.03.2020 06:00;09.03.2020 07:00;37,1
09.03.2020 07:00;09.03.2020 08:00;46,99
09.03.2020 08:00;09.03.2020 09:00;50,27
09.03.2020 09:00;09.03.2020 10:00;45,65
09.03.2020 10:00;09.03.2020 11:00;40,44
09.03.2020 11:00;09.03.2020 12:00;40,35
09.03.2020 12:00;09.03.2020 13:00;36,88
09.03.2020 13:00;09.03.2020 14:00;35,49
09.03.2020 14:00;09.03.2020 15:00;33,75
09.03.2020 15:00;09.03.2020 16:00;36,75
09.03.2020 16:00;09.03.2020 17:00;39,3
09.03.2020 17:00;09.03.2020 18:00;46,35
09.03.2020 18:00;09.03.2020 19:00;54,57
09.03.2020 19:00;09.03.2020 20:00;58,98
09.03.2020 20:00;09.03.2020 21:00;40,5
09.03.2020 21:00;09.03.2020 22:00;35,98
09.03.2020 22:00;09.03.2020 23:00;34,97
09.03.2020 23:00;10.03.2020 00:00;26,75
10.03.2020 00:00;10.03.2020 01:00;24,06
10.03.2020 01:00;10.03.2020 02:00;23,7
10.03.2020 02:00;10.03.2020 03:00;21,77
10.03.2020 03:00;10.03.2020 04:00;15,91
10.03.2020 04:00;10.03.2020 05:00;13,06
10.03.2020 05:00;10.03.2020 06:00;15,8
10.03.2020 06:00;10.03.2020 07:00;24,23
10.03.2020 07:00;10.03.2020 08:00;29,0
10.03.2020 08:00;10.03.2020 09:00;30,19
10.03.2020 09:00;10.03.2020 10:00;31,08
10.03.2020 10:00;10.03.2020 11:00;30,1
10.03.2020 11:00;10.03.2020 12:00;31,77
10.03.2020 12:00;10.03.2020 13:00;30,55
10.03.2020 13:00;10.03.2020 14:00;30,0
10.03.2020 14:00;10.03.2020 15:00;29,69
10.03.2020 15:00;10.03.2020 16:00;24,84
10.03.2020 16:00;10.03.2020 17:00;22,64
10.03.2020 17:00;10.03.2020 18:00;24,27
10.03.2020 18:00;10.03.2020 19:00;28,17
10.03.2020 19:00;10.03.2020 20:00;27,37
10.03.2020 20:00;10.03.2020 21:00;24,04
10.03.2020 21:00;10.03.2020 22:00;11,79
10.03.2020 22:00;10.03.2020 23:00;9,03
10.03.2020 23:00;11.03.2020 00:00;4,93
11.03.2020 00:00;11.03.2020 01:00;-0,05
11.03.2020 01:00;11.03.2020 02:00;0,07
11.03.2020 02:00;11.03.2020 03:00;0,1
11.03.2020 03:00;11.03.2020 04:00;0,13
11.03.2020 04:00;11.03.2020 05:00;5,58
11.03.2020 05:00;11.03.2020 06:00;21,13
11.03.2020 06:00;11.03.2020 07:00;26,87
11.03.2020 07:00;11.03.2020 08:00;33,94
11.03.2020 08:00;11.03.2020 09:00;37,17
11.03.2020 09:00;11.03.2020 10:00;34,27
11.03.2020 10:00;11.03.2020 11:00;33,07
11.03.2020 11:00;11.03.2020 12:00;29,2
11.03.2020 12:00;11.03.2020 13:00;25,97
11.03.2020 13:00;11.03.2020 14:00;24,06
11.03.2020 14:00;11.03.2020 15:00;23,73
11.03.2020 15:00;11.03.2020 16:00;24,9
11.03.2020 16:00;11.03.2020 17:00;26,66
11.03.2020 17:00;11.03.2020 18:00;33,8
11.03.2020 18:00;11.03.2020 19:00;37,0
11.03.2020 19:00;11.03.2020 20:00;37,99
11.03.2020 20:00;11.03.2020 21:00;28,1
11.03.2020 21:00;11.03.2020 22:00;24,39
11.03.2020 22:00;11.03.2020 23:00;23,84
11.03.2020 23:00;12.03.2020 00:00;12,58
12.03.2020 00:00;12.03.2020 01:00;7,37
12.03.2020 01:00;12.03.2020 02:00;1,79
12.03.2020 02:00;12.03.2020 03:00;0,06
12.03.2020 03:00;12.03.2020 04:00;0,01
12.03.2020 04:00;12.03.2020 05:00;-1,58
12.03.2020 05:00;12.03.2020 06:00;0,13
12.03.2020 06:00;12.03.2020 07:00;10,64
12.03.2020 07:00;12.03.2020 08:00;19,98
12.03.2020 08:00;12.03.2020 09:00;18,05
12.03.2020 09:00;12.03.2020 10:00;9,18
12.03.2020 10:00;12.03.2020 11:00;-0,01
12.03.2020 11:00;12.03.2020 12:00;-0,05
12.03.2020 12:00;12.03.2020 13:00;0,03
12.03.2020 13:00;12.03.2020 14:00;0,56
12.03.2020 14:00;12.03.2020 15:00;0,08
12.03.2020 15:00;12.03.2020 16:00;12,73
12.03.2020 16:00;12.03.2020 17:00;23,6
12.03.2020 17:00;12.03.2020 18:00;27,45
12.03.2020 18:00;12.03.2020 19:00;37,0
12.03.2020 19:00;12.03.2020 20:00;39,63
12.03.2020 20:00;12.03.2020 21:00;31,76
12.03.2020 21:00;12.03.2020 22:00;24,5
12.03.2020 22:00;12.03.2020 23:00;23,26
12.03.2020 23:00;13.03.2020 00:00;7,5
13.03.2020 00:00;13.03.2020 01:00;7,59
13.03.2020 01:00;13.03.2020 02:00;6,99
13.03.2020 02:00;13.03.2020 03:00;2,48
13.03.2020 03:00;13.03.2020 04:00;2,95
13.03.2020 04:00;13.03.2020 05:00;2,58
13.03.2020 05:00;13.03.2020 06:00;7,96
13.03.2020 06:00;13.03.2020 07:00;21,83
13.03.2020 07:00;13.03.2020 08:00;24,94
13.03.2020 08:00;13.03.2020 09:00;13,99
13.03.2020 09:00;13.03.2020 10:00;4,02
13.03.2020 10:00;13.03.2020 11:00;0,09
13.03.2020 11:00;13.03.2020 12:00;10,69
13.03.2020 12:00;13.03.2020 13:00;4,08
13.03.2020 13:00;13.03.2020 14:00;0,12
13.03.2020 14:00;13.03.2020 15:00;0,01
13.03.2020 15:00;13.03.2020 16:00;4,68
13.03.2020 16:00;13.03.2020 17:00;21,37
13.03.2020 17:00;13.03.2020 18:00;32,65
13.03.2020 18:00;13.03.2020 19:00;37,7
13.03.2020 19:00;13.03.2020 20:00;42,5
13.03.2020 20:00;13.03.2020 21:00;38,41
13.03.2020 21:00;13.03.2020 22:00;36,93
13.03.2020 22:00;13.03.2020 23:00;36,99
13.03.2020 23:00;14.03.2020 00:00;35,35
14.03.2020 00:00;14.03.2020 01:00;34,29
14.03.2020 01:00;14.03.2020 02:00;32,04
14.03.2020 02:00;14.03.2020 03:00;31,43
14.03.2020 03:00;14.03.2020 04:00;29,05
14.03.2020 04:00;14.03.2020 05:00;29,27
14.03.2020 05:00;14.03.2020 06:00;31,15
14.03.2020 06:00;14.03.2020 07:00;34,61
14.03.2020 07:00;14.03.2020 08:00;34,9
14.03.2020 08:00;14.03.2020 09:00;34,83
14.03.2020 09:00;14.03.2020 10:00;34,94
14.03.2020 10:00;14.03.2020 11:00;29,13
14.03.2020 11:00;14.03.2020 12:00;26,96
14.03.2020 12:00;14.03.2020 13:00;26,01
14.03.2020 13:00;14.03.2020 14:00;23,81
14.03.2020 14:00;14.03.2020 15:00;22,62
14.03.2020 15:00;14.03.2020 16:00;24,87
14.03.2020 16:00;14.03.2020 17:00;25,8
14.03.2020 17:00;14.03.2020 18:00;34,82
14.03.2020 18:00;14.03.2020 19:00;37,17
14.03.2020 19:00;14.03.2020 20:00;38,53
14.03.2020 20:00;14.03.2020 21:00;32,79
14.03.2020 21:00;14.03.2020 22:00;27,42
14.03.2020 22:00;14.03.2020 23:00;26,02
14.03.2020 23:00;15.03.2020 00:00;23,95
15.03.2020 00:00;15.03.2020 01:00;14,23
15.03.2020 01:00;15.03.2020 02:00;7,24
15.03.2020 02:00;15.03.2020 03:00;6,69
15.03.2020 03:00;15.03.2020 04:00;5,98
15.03.2020 04:00;15.03.2020 05:00;5,97
15.03.2020 05:00;15.03.2020 06:00;4,34
15.03.2020 06:00;15.03.2020 07:00;4,34
15.03.2020 07:00;15.03.2020 08:00;0,05
15.03.2020 08:00;15.03.2020 09:00;0,08
15.03.2020 09:00;15.03.2020 10:00;-0,01
15.03.2020 10:00;15.03.2020 11:00;-2,02
15.03.2020 11:00;15.03.2020 12:00;-8,79
15.03.2020 12:00;15.03.2020 13:00;-33,67
15.03.2020 13:00;15.03.2020 14:00;-33,8
15.03.2020 14:00;15.03.2020 15:00;-29,05
15.03.2020 15:00;15.03.2020 16:00;-4,96
15.03.2020 16:00;15.03.2020 17:00;0,07
15.03.2020 17:00;15.03.2020 18:00;13,13
15.03.2020 18:00;15.03.2020 19:00;26,0
15.03.2020 19:00;15.03.2020 20:00;29,96
15.03.2020 20:00;15.03.2020 21:00;26,44
15.03.2020 21:00;15.03.2020 22:00;25,23
15.03.2020 22:00;15.03.2020 23:00;30,18
15.03.2020 23:00;16.03.2020 00:00;23,93
16.03.2020 00:00;16.03.2020 01:00;20,01
16.03.2020 01:00;16.03.2020 02:00;20,13
16.03.2020 02:00;16.03.2020 03:00;20,04
16.03.2020 03:00;16.03.2020 04:00;20,0
16.03.2020 04:00;16.03.2020 05:00;19,92
16.03.2020 05:00;16.03.2020 06:00;22,4
16.03.2020 06:00;16.03.2020 07:00;33,85
16.03.2020 07:00;16.03.2020 08:00;38,34
16.03.2020 08:00;16.03.2020 09:00;36,92
16.03.2020 09:00;16.03.2020 10:00;32,13
16.03.2020 10:00;16.03.2020 11:00;28,0
16.03.2020 11:00;16.03.2020 12:00;25,88
16.03.2020 12:00;16.03.2020 13:00;24,83
16.03.2020 13:00;16.03.2020 14:00;25,0
16.03.2020 14:00;16.03.2020 15:00;25,23
16.03.2020 15:00;16.03.2020 16:00;27,1
16.03.2020 16:00;16.03.2020 17:00;30,77
16.03.2020 17:00;16.03.2020 18:00;37,25
16.03.2020 18:00;16.03.2020 19:00;54,93
16.03.2020 19:00;16.03.2020 20:00;61,96
16.03.2020 20:00;16.03.2020 21:00;43,1
16.03.2020 21:00;16.03.2020 22:00;35,99
16.03.2020 22:00;16.03.2020 23:00;34,56
16.03.2020 23:00;17.03.2020 00:00;30,24
17.03.2020 00:00;17.03.2020 01:00;25,54
17.03.2020 01:00;17.03.2020 02:00;23,49
17.03.2020 02:00;17.03.2020 03:00;23,06
17.03.2020 03:00;17.03.2020 04:00;22,71
17.03.2020 04:00;17.03.2020 05:00;23,0
17.03.2020 05:00;17.03.2020 06:00;23,87
17.03.2020 06:00;17.03.2020 07:00;30,48
17.03.2020 07:00;17.03.2020 08:00;35,17
17.03.2020 08:00;17.03.2020 09:00;34,39
17.03.2020 09:00;17.03.2020 10:00;31,37
17.03.2020 10:00;17.03.2020 11:00;28,89
17.03.2020 11:00;17.03.2020 12:00;24,02
17.03.2020 12:00;17.03.2020 13:00;25,55
17.03.2020 13:00;17.03.2020 14:00;23,9
17.03.2020 14:00;17.03.2020 15:00;24,61
17.03.2020 15:00;17.03.2020 16:00;24,02
17.03.2020 16:00;17.03.2020 17:00;26,09
17.03.2020 17:00;17.03.2020 18:00;30,04
17.03.2020 18:00;17.03.2020 19:00;35,93
17.03.2020 19:00;17.03.2020 20:00;38,23
17.03.2020 20:00;17.03.2020 21:00;35,21
17.03.2020 21:00;17.03.2020 22:00;31,0
17.03.2020 22:00;17.03.2020 23:00;29,85
17.03.2020 23:00;18.03.2020 00:00;25,97
18.03.2020 00:00;18.03.2020 01:00;22,02
18.03.2020 01:00;18.03.2020 02:00;21,73
18.03.2020 02:00;18.03.2020 03:00;20,76
18.03.2020 03:00;18.03.2020 04:00;20,77
18.03.2020 04:00;18.03.2020 05:00;20,73
18.03.2020 05:00;18.03.2020 06:00;21,06
18.03.2020 06:00;18.03.2020 07:00;24,69
18.03.2020 07:00;18.03.2020 08:00;30,59
18.03.2020 08:00;18.03.2020 09:00;29,79
18.03.2020 09:00;18.03.2020 10:00;22,99
18.03.2020 10:00;18.03.2020 11:00;20,4
18.03.2020 11:00;18.03.2020 12:00;20,64
18.03.2020 12:00;18.03.2020 13:00;20,34
18.03.2020 13:00;18.03.2020 14:00;20,74
18.03.2020 14:00;18.03.2020 15:00;21,8
18.03.2020 15:00;18.03.2020 16:00;24,76
18.03.2020 16:00;18.03.2020 17:00;28,62
18.03.2020 17:00;18.03.2020 18:00;33,0
18.03.2020 18:00;18.03.2020 19:00;37,56
18.03.2020 19:00;18.03.2020 20:00;41,07
18.03.2020 20:00;18.03.2020 21:00;35,4
18.03.2020 21:00;18.03.2020 22:00;33,7
18.03.2020 22:00;18.03.2020 23:00;31,83
18.03.2020 23:00;19.03.2020 00:00;29,06
19.03.2020 00:00;19.03.2020 01:00;26,67
19.03.2020 01:00;19.03.2020 02:00;24,0
19.03.2020 02:00;19.03.2020 03:00;22,99
19.03.2020 03:00;19.03.2020 04:00;22,16
19.03.2020 04:00;19.03.2020 05:00;22,26
19.03.2020 05:00;19.03.2020 06:00;26,0
19.03.2020 06:00;19.03.2020 07:00;30,25
19.03.2020 07:00;19.03.2020 08:00;33,98
19.03.2020 08:00;19.03.2020 09:00;32,06
19.03.2020 09:00;19.03.2020 10:00;28,75
19.03.2020 10:00;19.03.2020 11:00;25,04
19.03.2020 11:00;19.03.2020 12:00;24,93
19.03.2020 12:00;19.03.2020 13:00;22,83
19.03.2020 13:00;19.03.2020 14:00;22,99
19.03.2020 14:00;19.03.2020 15:00;24,92
19.03.2020 15:00;19.03.2020 16:00;27,9
19.03.2020 16:00;19.03.2020 17:00;30,57
19.03.2020 17:00;19.03.2020 18:00;33,73
19.03.2020 18:00;19.03.2020 19:00;40,2
19.03.2020 19:00;19.03.2020 20:00;44,42
19.03.2020 20:00;19.03.2020 21:00;34,48
19.03.2020 21:00;19.03.2020 22:00;31,65
19.03.2020 22:00;19.03.2020 23:00;28,7
19.03.2020 23:00;20.03.2020 00:00;27,1
20.03.2020 00:00;20.03.2020 01:00;25,18
20.03.2020 01:00;20.03.2020 02:00;20,0
20.03.2020 02:00;20.03.2020 03:00;20,87
20.03.2020 03:00;20.03.2020 04:00;20,72
20.03.2020 04:00;20.03.2020 05:00;25,0
20.03.2020 05:00;20.03.2020 06:00;26,45
20.03.2020 06:00;20.03.2020 07:00;31,9
20.03.2020 07:00;20.03.2020 08:00;35,0
20.03.2020 08:00;20.03.2020 09:00;33,88
20.03.2020 09:00;20.03.2020 10:00;28,08
20.03.2020 10:00;20.03.2020 11:00;25,99
20.03.2020 11:00;20.03.2020 12:00;25,36
20.03.2020 12:00;20.03.2020 13:00;22,85
20.03.2020 13:00;20.03.2020 14:00;21,59
20.03.2020 14:00;20.03.2020 15:00;20,38
20.03.2020 15:00;20.03.2020 16:00;22,72
20.03.2020 16:00;20.03.2020 17:00;25,03
20.03.2020 17:00;20.03.2020 18:00;27,72
20.03.2020 18:00;20.03.2020 19:00;29,58
20.03.2020 19:00;20.03.2020 20:00;28,92
20.03.2020 20:00;20.03.2020 21:00;25,06
20.03.2020 21:00;20.03.2020 22:00;20,05
20.03.2020 22:00;20.03.2020 23:00;21,02
20.03.2020 23:00;21.03.2020 00:00;19,9
21.03.2020 00:00;21.03.2020 01:00;18,23
21.03.2020 01:00;21.03.2020 02:00;13,97
21.03.2020 02:00;21.03.2020 03:00;11,16
21.03.2020 03:00;21.03.2020 04:00;9,43
21.03.2020 04:00;21.03.2020 05:00;8,94
21.03.2020 05:00;21.03.2020 06:00;9,5
21.03.2020 06:00;21.03.2020 07:00;7,74
21.03.2020 07:00;21.03.2020 08:00;10,8
21.03.2020 08:00;21.03.2020 09:00;15,05
21.03.2020 09:00;21.03.2020 10:00;8,64
21.03.2020 10:00;21.03.2020 11:00;7,51
21.03.2020 11:00;21.03.2020 12:00;7,18
21.03.2020 12:00;21.03.2020 13:00;7,13
21.03.2020 13:00;21.03.2020 14:00;6,17
21.03.2020 14:00;21.03.2020 15:00;0,39
21.03.2020 15:00;21.03.2020 16:00;5,7
21.03.2020 16:00;21.03.2020 17:00;8,3
21.03.2020 17:00;21.03.2020 18:00;15,01
21.03.2020 18:00;21.03.2020 19:00;20,0
21.03.2020 19:00;21.03.2020 20:00;20,12
21.03.2020 20:00;21.03.2020 21:00;15,34
21.03.2020 21:00;21.03.2020 22:00;9,29
21.03.2020 22:00;21.03.2020 23:00;11,29
21.03.2020 23:00;22.03.2020 00:00;10,79
22.03.2020 00:00;22.03.2020 01:00;7,51
22.03.2020 01:00;22.03.2020 02:00;7,51
22.03.2020 02:00;22.03.2020 03:00;7,24
22.03.2020 03:00;22.03.2020 04:00;6,25
22.03.2020 04:00;22.03.2020 05:00;6,09
22.03.2020 05:00;22.03.2020 06:00;6,24
22.03.2020 06:00;22.03.2020 07:00;6,06
22.03.2020 07:00;22.03.2020 08:00;5,68
22.03.2020 08:00;22.03.2020 09:00;2,94
22.03.2020 09:00;22.03.2020 10:00;-3,63
22.03.2020 10:00;22.03.2020 11:00;-20,8
22.03.2020 11:00;22.03.2020 12:00;-25,1
22.03.2020 12:00;22.03.2020 13:00;-38,48
22.03.2020 13:00;22.03.2020 14:00;-55,05
22.03.2020 14:00;22.03.2020 15:00;-36,63
22.03.2020 15:00;22.03.2020 16:00;-11,98
22.03.2020 16:00;22.03.2020 17:00;0,02
22.03.2020 17:00;22.03.2020 18:00;11,04
22.03.2020 18:00;22.03.2020 19:00;19,78
22.03.2020 19:00;22.03.2020 20:00;22,93
22.03.2020 20:00;22.03.2020 21:00;19,45
22.03.2020 21:00;22.03.2020 22:00;14,36
22.03.2020 22:00;22.03.2020 23:00;14,79
22.03.2020 23:00;23.03.2020 00:00;11,05
23.03.2020 00:00;23.03.2020 01:00;12,07
23.03.2020 01:00;23.03.2020 02:00;10,0
23.03.2020 02:00;23.03.2020 03:00;10,17
23.03.2020 03:00;23.03.2020 04:00;9,28
23.03.2020 04:00;23.03.2020 05:00;9,28
23.03.2020 05:00;23.03.2020 06:00;12,76
23.03.2020 06:00;23.03.2020 07:00;20,0
23.03.2020 07:00;23.03.2020 08:00;23,99
23.03.2020 08:00;23.03.2020 09:00;20,08
23.03.2020 09:00;23.03.2020 10:00;15,84
23.03.2020 10:00;23.03.2020 11:00;10,66
23.03.2020 11:00;23.03.2020 12:00;10,7
23.03.2020 12:00;23.03.2020 13:00;10,62
23.03.2020 13:00;23.03.2020 14:00;10,92
23.03.2020 14:00;23.03.2020 15:00;12,07
23.03.2020 15:00;23.03.2020 16:00;12,01
23.03.2020 16:00;23.03.2020 17:00;17,4
23.03.2020 17:00;23.03.2020 18:00;25,95
23.03.2020 18:00;23.03.2020 19:00;30,67
23.03.2020 19:00;23.03.2020 20:00;33,14
23.03.2020 20:00;23.03.2020 21:00;27,99
23.03.2020 21:00;23.03.2020 22:00;21,97
23.03.2020 22:00;23.03.2020 23:00;21,84
23.03.2020 23:00;24.03.2020 00:00;18,18
24.03.2020 00:00;24.03.2020 01:00;16,63
24.03.2020 01:00;24.03.2020 02:00;17,55
24.03.2020 02:00;24.03.2020 03:00;16,53
24.03.2020 03:00;24.03.2020 04:00;16,81
24.03.2020 04:00;24.03.2020 05:00;17,6
24.03.2020 05:00;24.03.2020 06:00;19,8
24.03.2020 06:00;24.03.2020 07:00;23,63
24.03.2020 07:00;24.03.2020 08:00;25,88
24.03.2020 08:00;24.03.2020 09:00;20,35
24.03.2020 09:00;24.03.2020 10:00;17,5
24.03.2020 10:00;24.03.2020 11:00;14,16
24.03.2020 11:00;24.03.2020 12:00;15,08
24.03.2020 12:00;24.03.2020 13:00;14,3
24.03.2020 13:00;24.03.2020 14:00;13,0
24.03.2020 14:00;24.03.2020 15:00;14,33
24.03.2020 15:00;24.03.2020 16:00;16,65
24.03.2020 16:00;24.03.2020 17:00;19,79
24.03.2020 17:00;24.03.2020 18:00;27,75
24.03.2020 18:00;24.03.2020 19:00;33,8
24.03.2020 19:00;24.03.2020 20:00;33,78
24.03.2020 20:00;24.03.2020 21:00;29,65
24.03.2020 21:00;24.03.2020 22:00;22,98
24.03.2020 22:00;24.03.2020 23:00;22,98
24.03.2020 23:00;25.03.2020 00:00;20,31
25.03.2020 00:00;25.03.2020 01:00;19,29
25.03.2020 01:00;25.03.2020 02:00;19,21
25.03.2020 02:00;25.03.2020 03:00;19,5
25.03.2020 03:00;25.03.2020 04:00;19,33
25.03.2020 04:00;25.03.2020 05:00;19,26
25.03.2020 05:00;25.03.2020 06:00;21,51
25.03.2020 06:00;25.03.2020 07:00;25,84
25.03.2020 07:00;25.03.2020 08:00;29,15
25.03.2020 08:00;25.03.2020 09:00;27,64
25.03.2020 09:00;25.03.2020 10:00;23,62
25.03.2020 10:00;25.03.2020 11:00;20,05
25.03.2020 11:00;25.03.2020 12:00;19,57
25.03.2020 12:00;25.03.2020 13:00;19,97
25.03.2020 13:00;25.03.2020 14:00;19,05
25.03.2020 14:00;25.03.2020 15:00;18,7
25.03.2020 15:00;25.03.2020 16:00;17,57
25.03.2020 16:00;25.03.2020 17:00;19,96
25.03.2020 17:00;25.03.2020 18:00;27,09
25.03.2020 18:00;25.03.2020 19:00;34,88
25.03.2020 19:00;25.03.2020 20:00;34,48
25.03.2020 20:00;25.03.2020 21:00;28,09
25.03.2020 21:00;25.03.2020 22:00;24,51
25.03.2020 22:00;25.03.2020 23:00;24,02
25.03.2020 23:00;26.03.2020 00:00;21,18
26.03.2020 00:00;26.03.2020 01:00;19,68
26.03.2020 01:00;26.03.2020 02:00;18,39
26.03.2020 02:00;26.03.2020 03:00;19,1
26.03.2020 03:00;26.03.2020 04:00;18,39
26.03.2020 04:00;26.03.2020 05:00;18,32
26.03.2020 05:00;26.03.2020 06:00;19,8
26.03.2020 06:00;26.03.2020 07:00;22,2
26.03.2020 07:00;26.03.2020 08:00;25,53
26.03.2020 08:00;26.03.2020 09:00;25,0
26.03.2020 09:00;26.03.2020 10:00;21,32
26.03.2020 10:00;26.03.2020 11:00;19,11
26.03.2020 11:00;26.03.2020 12:00;18,16
26.03.2020 12:00;26.03.2020 13:00;17,67
26.03.2020 13:00;26.03.2020 14:00;15,32
26.03.2020 14:00;26.03.2020 15:00;16,82
26.03.2020 15:00;26.03.2020 16:00;18,19
26.03.2020 16:00;26.03.2020 17:00;18,9
26.03.2020 17:00;26.03.2020 18:00;27,29
26.03.2020 18:00;26.03.2020 19:00;33,87
26.03.2020 19:00;26.03.2020 20:00;34,64
26.03.2020 20:00;26.03.2020 21:00;30,09
26.03.2020 21:00;26.03.2020 22:00;26,27
26.03.2020 22:00;26.03.2020 23:00;25,5
26.03.2020 23:00;27.03.2020 00:00;23,94
27.03.2020 00:00;27.03.2020 01:00;21,26
27.03.2020 01:00;27.03.2020 02:00;19,0
27.03.2020 02:00;27.03.2020 03:00;18,54
27.03.2020 03:00;27.03.2020 04:00;18,25
27.03.2020 04:00;27.03.2020 05:00;18,5
27.03.2020 05:00;27.03.2020 06:00;20,6
27.03.2020 06:00;27.03.2020 07:00;24,65
27.03.2020 07:00;27.03.2020 08:00;26,95
27.03.2020 08:00;27.03.2020 09:00;25,91
27.03.2020 09:00;27.03.2020 10:00;22,67
27.03.2020 10:00;27.03.2020 11:00;19,98
27.03.2020 11:00;27.03.2020 12:00;18,47
27.03.2020 12:00;27.03.2020 13:00;18,5
27.03.2020 13:00;27.03.2020 14:00;16,0
27.03.2020 14:00;27.03.2020 15:00;15,64
27.03.2020 15:00;27.03.2020 16:00;17,44
27.03.2020 16:00;27.03.2020 17:00;18,08
27.03.2020 17:00;27.03.2020 18:00;21,8
27.03.2020 18:00;27.03.2020 19:00;26,72
27.03.2020 19:00;27.03.2020 20:00;30,0
27.03.2020 20:00;27.03.2020 21:00;24,94
27.03.2020 21:00;27.03.2020 22:00;23,19
27.03.2020 22:00;27.03.2020 23:00;24,91
27.03.2020 23:00;28.03.2020 00:00;25,16
28.03.2020 00:00;28.03.2020 01:00;21,93
28.03.2020 01:00;28.03.2020 02:00;21,09
28.03.2020 02:00;28.03.2020 03:00;21,67
28.03.2020 03:00;28.03.2020 04:00;19,38
28.03.2020 04:00;28.03.2020 05:00;18,8
28.03.2020 05:00;28.03.2020 06:00;18,44
28.03.2020 06:00;28.03.2020 07:00;18,96
28.03.2020 07:00;28.03.2020 08:00;18,91
28.03.2020 08:00;28.03.2020 09:00;17,22
28.03.2020 09:00;28.03.2020 10:00;13,08
28.03.2020 10:00;28.03.2020 11:00;9,9
28.03.2020 11:00;28.03.2020 12:00;6,51
28.03.2020 12:00;28.03.2020 13:00;5,12
28.03.2020 13:00;28.03.2020 14:00;1,0
28.03.2020 14:00;28.03.2020 15:00;-0,72
28.03.2020 15:00;28.03.2020 16:00;0,02
28.03.2020 16:00;28.03.2020 17:00;5,77
28.03.2020 17:00;28.03.2020 18:00;17,14
28.03.2020 18:00;28.03.2020 19:00;19,97
28.03.2020 19:00;28.03.2020 20:00;21,93
28.03.2020 20:00;28.03.2020 21:00;17,02
28.03.2020 21:00;28.03.2020 22:00;16,39
28.03.2020 22:00;28.03.2020 23:00;16,27
28.03.2020 23:00;29.03.2020 00:00;16,0
29.03.2020 00:00;29.03.2020 01:00;11,76
29.03.2020 01:00;28.03.2020 02:00;11,05
29.03.2020 03:00;29.03.2020 04:00;6,6
29.03.2020 04:00;29.03.2020 05:00;3,32
29.03.2020 05:00;29.03.2020 06:00;1,55
29.03.2020 06:00;29.03.2020 07:00;0,08
29.03.2020 07:00;29.03.2020 08:00;0,96
29.03.2020 08:00;29.03.2020 09:00;2,59
29.03.2020 09:00;29.03.2020 10:00;2,93
29.03.2020 10:00;29.03.2020 11:00;-0,03
29.03.2020 11:00;29.03.2020 12:00;-0,08
29.03.2020 12:00;29.03.2020 13:00;-1,13
29.03.2020 13:00;29.03.2020 14:00;-10,87
29.03.2020 14:00;29.03.2020 15:00;-15,8
29.03.2020 15:00;29.03.2020 16:00;-10,79
29.03.2020 16:00;29.03.2020 17:00;-5,98
29.03.2020 17:00;29.03.2020 18:00;0,08
29.03.2020 18:00;29.03.2020 19:00;7,81
29.03.2020 19:00;29.03.2020 20:00;16,99
29.03.2020 20:00;29.03.2020 21:00;17,9
29.03.2020 21:00;29.03.2020 22:00;17,45
29.03.2020 22:00;29.03.2020 23:00;20,14
29.03.2020 23:00;30.03.2020 00:00;20,59
30.03.2020 00:00;30.03.2020 01:00;18,1
30.03.2020 01:00;30.03.2020 02:00;17,81
30.03.2020 02:00;30.03.2020 03:00;19,65
30.03.2020 03:00;30.03.2020 04:00;17,61
30.03.2020 04:00;30.03.2020 05:00;16,99
30.03.2020 05:00;30.03.2020 06:00;19,94
30.03.2020 06:00;30.03.2020 07:00;24,94
30.03.2020 07:00;30.03.2020 08:00;31,44
30.03.2020 08:00;30.03.2020 09:00;30,94
30.03.2020 09:00;30.03.2020 10:00;26,11
30.03.2020 10:00;30.03.2020 11:00;22,4
30.03.2020 11:00;30.03.2020 12:00;21,09
30.03.2020 12:00;30.03.2020 13:00;21,09
30.03.2020 13:00;30.03.2020 14:00;19,12
30.03.2020 14:00;30.03.2020 15:00;17,07
30.03.2020 15:00;30.03.2020 16:00;15,8
30.03.2020 16:00;30.03.2020 17:00;15,5
30.03.2020 17:00;30.03.2020 18:00;21,52
30.03.2020 18:00;30.03.2020 19:00;27,94
30.03.2020 19:00;30.03.2020 20:00;38,93
30.03.2020 20:00;30.03.2020 21:00;35,7
30.03.2020 21:00;30.03.2020 22:00;28,6
30.03.2020 22:00;30.03.2020 23:00;27,01
30.03.2020 23:00;31.03.2020 00:00;24,38
31.03.2020 00:00;31.03.2020 01:00;23,39
31.03.2020 01:00;31.03.2020 02:00;19,69
31.03.2020 02:00;31.03.2020 03:00;19,91
31.03.2020 03:00;31.03.2020 04:00;19,59
31.03.2020 04:00;31.03.2020 05:00;19,01
31.03.2020 05:00;31.03.2020 06:00;23,95
31.03.2020 06:00;31.03.2020 07:00;30,97
31.03.2020 07:00;31.03.2020 08:00;42,3
31.03.2020 08:00;31.03.2020 09:00;35,11
31.03.2020 09:00;31.03.2020 10:00;25,75
31.03.2020 10:00;31.03.2020 11:00;23,94
31.03.2020 11:00;31.03.2020 12:00;19,78
31.03.2020 12:00;31.03.2020 13:00;20,0
31.03.2020 13:00;31.03.2020 14:00;18,39
31.03.2020 14:00;31.03.2020 15:00;17,5
31.03.2020 15:00;31.03.2020 16:00;17,6
31.03.2020 16:00;31.03.2020 17:00;17,86
31.03.2020 17:00;31.03.2020 18:00;24,03
31.03.2020 18:00;31.03.2020 19:00;31,44
31.03.2020 19:00;31.03.2020 20:00;42,66
31.03.2020 20:00;31.03.2020 21:00;33,53
31.03.2020 21:00;31.03.2020 22:00;26,97
31.03.2020 22:00;31.03.2020 23:00;26,61
31.03.2020 23:00;01.04.2020 00:00;24,1
01.04.2020 00:00;01.04.2020 01:00;22,26
01.04.2020 01:00;01.04.2020 02:00;20,22
01.04.2020 02:00;01.04.2020 03:00;19,67
01.04.2020 03:00;01.04.2020 04:00;19,25
01.04.2020 04:00;01.04.2020 05:00;19,31
01.04.2020 05:00;01.04.2020 06:00;20,76
01.04.2020 06:00;01.04.2020 07:00;25,43
01.04.2020 07:00;01.04.2020 08:00;27,21
01.04.2020 08:00;01.04.2020 09:00;27,96
01.04.2020 09:00;01.04.2020 10:00;25,5
01.04.2020 10:00;01.04.2020 11:00;21,97
01.04.2020 11:00;01.04.2020 12:00;20,27
01.04.2020 12:00;01.04.2020 13:00;19,35
01.04.2020 13:00;01.04.2020 14:00;18,25
01.04.2020 14:00;01.04.2020 15:00;17,3
01.04.2020 15:00;01.04.2020 16:00;18,09
01.04.2020 16:00;01.04.2020 17:00;19,11
01.04.2020 17:00;01.04.2020 18:00;22,01
01.04.2020 18:00;01.04.2020 19:00;26,9
01.04.2020 19:00;01.04.2020 20:00;31,27
01.04.2020 20:00;01.04.2020 21:00;34,97
01.04.2020 21:00;01.04.2020 22:00;28,94
01.04.2020 22:00;01.04.2020 23:00;28,31
01.04.2020 23:00;02.04.2020 00:00;26,35
02.04.2020 00:00;02.04.2020 01:00;24,18
02.04.2020 01:00;02.04.2020 02:00;22,93
02.04.2020 02:00;02.04.2020 03:00;21,8
02.04.2020 03:00;02.04.2020 04:00;20,96
02.04.2020 04:00;02.04.2020 05:00;20,8
02.04.2020 05:00;02.04.2020 06:00;22,56
02.04.2020 06:00;02.04.2020 07:00;25,31
02.04.2020 07:00;02.04.2020 08:00;27,31
02.04.2020 08:00;02.04.2020 09:00;27,8
02.04.2020 09:00;02.04.2020 10:00;25,0
02.04.2020 10:00;02.04.2020 11:00;21,1
02.04.2020 11:00;02.04.2020 12:00;18,65
02.04.2020 12:00;02.04.2020 13:00;12,42
02.04.2020 13:00;02.04.2020 14:00;9,06
02.04.2020 14:00;02.04.2020 15:00;4,64
02.04.2020 15:00;02.04.2020 16:00;4,62
02.04.2020 16:00;02.04.2020 17:00;6,65
02.04.2020 17:00;02.04.2020 18:00;17,2
02.04.2020 18:00;02.04.2020 19:00;22,71
02.04.2020 19:00;02.04.2020 20:00;25,82
02.04.2020 20:00;02.04.2020 21:00;27,3
02.04.2020 21:00;02.04.2020 22:00;24,47
02.04.2020 22:00;02.04.2020 23:00;25,0
02.04.2020 23:00;03.04.2020 00:00;20,55
03.04.2020 00:00;03.04.2020 01:00;21,69
03.04.2020 01:00;03.04.2020 02:00;18,93
03.04.2020 02:00;03.04.2020 03:00;18,15
03.04.2020 03:00;03.04.2020 04:00;18,19
03.04.2020 04:00;03.04.2020 05:00;18,47
03.04.2020 05:00;03.04.2020 06:00;18,45
03.04.2020 06:00;03.04.2020 07:00;23,76
03.04.2020 07:00;03.04.2020 08:00;26,1
03.04.2020 08:00;03.04.2020 09:00;26,45
03.04.2020 09:00;03.04.2020 10:00;25,5
03.04.2020 10:00;03.04.2020 11:00;23,03
03.04.2020 11:00;03.04.2020 12:00;21,04
03.04.2020 12:00;03.04.2020 13:00;20,24
03.04.2020 13:00;03.04.2020 14:00;17,7
03.04.2020 14:00;03.04.2020 15:00;17,08
03.04.2020 15:00;03.04.2020 16:00;17,03
03.04.2020 16:00;03.04.2020 17:00;17,07
03.04.2020 17:00;03.04.2020 18:00;19,98
03.04.2020 18:00;03.04.2020 19:00;25,57
03.04.2020 19:00;03.04.2020 20:00;28,44
03.04.2020 20:00;03.04.2020 21:00;33,54
03.04.2020 21:00;03.04.2020 22:00;27,23
03.04.2020 22:00;03.04.2020 23:00;29,15
03.04.2020 23:00;04.04.2020 00:00;28,0
04.04.2020 00:00;04.04.2020 01:00;25,1
04.04.2020 01:00;04.04.2020 02:00;22,99
04.04.2020 02:00;04.04.2020 03:00;21,1
04.04.2020 03:00;04.04.2020 04:00;20,1
04.04.2020 04:00;04.04.2020 05:00;19,8
04.04.2020 05:00;04.04.2020 06:00;19,6
04.04.2020 06:00;04.04.2020 07:00;21,79
04.04.2020 07:00;04.04.2020 08:00;22,97
04.04.2020 08:00;04.04.2020 09:00;21,97
04.04.2020 09:00;04.04.2020 10:00;19,0
04.04.2020 10:00;04.04.2020 11:00;14,98
04.04.2020 11:00;04.04.2020 12:00;13,06
04.04.2020 12:00;04.04.2020 13:00;14,28
04.04.2020 13:00;04.04.2020 14:00;10,82
04.04.2020 14:00;04.04.2020 15:00;10,0
04.04.2020 15:00;04.04.2020 16:00;9,88
04.04.2020 16:00;04.04.2020 17:00;15,74
04.04.2020 17:00;04.04.2020 18:00;21,51
04.04.2020 18:00;04.04.2020 19:00;26,84
04.04.2020 19:00;04.04.2020 20:00;36,75
04.04.2020 20:00;04.04.2020 21:00;32,67
04.04.2020 21:00;04.04.2020 22:00;23,93
04.04.2020 22:00;04.04.2020 23:00;21,54
04.04.2020 23:00;05.04.2020 00:00;17,07
05.04.2020 00:00;05.04.2020 01:00;17,99
05.04.2020 01:00;05.04.2020 02:00;11,4
05.04.2020 02:00;05.04.2020 03:00;9,82
05.04.2020 03:00;05.04.2020 04:00;9,9
05.04.2020 04:00;05.04.2020 05:00;8,17
05.04.2020 05:00;05.04.2020 06:00;5,26
05.04.2020 06:00;05.04.2020 07:00;5,53
05.04.2020 07:00;05.04.2020 08:00;5,5
05.04.2020 08:00;05.04.2020 09:00;8,05
05.04.2020 09:00;05.04.2020 10:00;5,77
05.04.2020 10:00;05.04.2020 11:00;4,55
05.04.2020 11:00;05.04.2020 12:00;1,36
05.04.2020 12:00;05.04.2020 13:00;-1,85
05.04.2020 13:00;05.04.2020 14:00;-31,95
05.04.2020 14:00;05.04.2020 15:00;-50,26
05.04.2020 15:00;05.04.2020 16:00;-30,29
05.04.2020 16:00;05.04.2020 17:00;-4,95
05.04.2020 17:00;05.04.2020 18:00;4,48
05.04.2020 18:00;05.04.2020 19:00;16,51
05.04.2020 19:00;05.04.2020 20:00;19,9
05.04.2020 20:00;05.04.2020 21:00;18,48
05.04.2020 21:00;05.04.2020 22:00;10,39
05.04.2020 22:00;05.04.2020 23:00;11,95
05.04.2020 23:00;06.04.2020 00:00;8,65
06.04.2020 00:00;06.04.2020 01:00;6,66
06.04.2020 01:00;06.04.2020 02:00;4,28
06.04.2020 02:00;06.04.2020 03:00;6,34
06.04.2020 03:00;06.04.2020 04:00;3,7
06.04.2020 04:00;06.04.2020 05:00;3,66
06.04.2020 05:00;06.04.2020 06:00;5,09
06.04.2020 06:00;06.04.2020 07:00;11,89
06.04.2020 07:00;06.04.2020 08:00;21,81
06.04.2020 08:00;06.04.2020 09:00;21,63
06.04.2020 09:00;06.04.2020 10:00;18,73
06.04.2020 10:00;06.04.2020 11:00;14,54
06.04.2020 11:00;06.04.2020 12:00;11,19
06.04.2020 12:00;06.04.2020 13:00;14,02
06.04.2020 13:00;06.04.2020 14:00;10,55
06.04.2020 14:00;06.04.2020 15:00;10,0
06.04.2020 15:00;06.04.2020 16:00;11,83
06.04.2020 16:00;06.04.2020 17:00;14,83
06.04.2020 17:00;06.04.2020 18:00;21,68
06.04.2020 18:00;06.04.2020 19:00;31,01
06.04.2020 19:00;06.04.2020 20:00;43,33
06.04.2020 20:00;06.04.2020 21:00;45,33
06.04.2020 21:00;06.04.2020 22:00;30,86
06.04.2020 22:00;06.04.2020 23:00;28,92
06.04.2020 23:00;07.04.2020 00:00;24,17
07.04.2020 00:00;07.04.2020 01:00;20,05
07.04.2020 01:00;07.04.2020 02:00;19,97
07.04.2020 02:00;07.04.2020 03:00;20,61
07.04.2020 03:00;07.04.2020 04:00;20,48
07.04.2020 04:00;07.04.2020 05:00;21,65
07.04.2020 05:00;07.04.2020 06:00;23,86
07.04.2020 06:00;07.04.2020 07:00;31,98
07.04.2020 07:00;07.04.2020 08:00;34,91
07.04.2020 08:00;07.04.2020 09:00;31,32
07.04.2020 09:00;07.04.2020 10:00;23,66
07.04.2020 10:00;07.04.2020 11:00;19,19
07.04.2020 11:00;07.04.2020 12:00;18,05
07.04.2020 12:00;07.04.2020 13:00;17,55
07.04.2020 13:00;07.04.2020 14:00;13,52
07.04.2020 14:00;07.04.2020 15:00;12,89
07.04.2020 15:00;07.04.2020 16:00;15,48
07.04.2020 16:00;07.04.2020 17:00;18,0
07.04.2020 17:00;07.04.2020 18:00;22,66
07.04.2020 18:00;07.04.2020 19:00;31,42
07.04.2020 19:00;07.04.2020 20:00;40,1
07.04.2020 20:00;07.04.2020 21:00;37,31
07.04.2020 21:00;07.04.2020 22:00;27,4
07.04.2020 22:00;07.04.2020 23:00;23,84
07.04.2020 23:00;08.04.2020 00:00;19,05
08.04.2020 00:00;08.04.2020 01:00;21,17
08.04.2020 01:00;08.04.2020 02:00;20,53
08.04.2020 02:00;08.04.2020 03:00;19,72
08.04.2020 03:00;08.04.2020 04:00;19,87
08.04.2020 04:00;08.04.2020 05:00;20,09
08.04.2020 05:00;08.04.2020 06:00;23,15
08.04.2020 06:00;08.04.2020 07:00;29,33
08.04.2020 07:00;08.04.2020 08:00;29,7
08.04.2020 08:00;08.04.2020 09:00;29,08
08.04.2020 09:00;08.04.2020 10:00;25,91
08.04.2020 10:00;08.04.2020 11:00;21,95
08.04.2020 11:00;08.04.2020 12:00;21,69
08.04.2020 12:00;08.04.2020 13:00;19,08
08.04.2020 13:00;08.04.2020 14:00;17,92
08.04.2020 14:00;08.04.2020 15:00;17,57
08.04.2020 15:00;08.04.2020 16:00;19,54
08.04.2020 16:00;08.04.2020 17:00;21,55
08.04.2020 17:00;08.04.2020 18:00;25,9
08.04.2020 18:00;08.04.2020 19:00;35,31
08.04.2020 19:00;08.04.2020 20:00;49,12
08.04.2020 20:00;08.04.2020 21:00;50,33
08.04.2020 21:00;08.04.2020 22:00;39,03
08.04.2020 22:00;08.04.2020 23:00;31,41
08.04.2020 23:00;09.04.2020 00:00;27,34
09.04.2020 00:00;09.04.2020 01:00;22,66
09.04.2020 01:00;09.04.2020 02:00;21,3
09.04.2020 02:00;09.04.2020 03:00;21,08
09.04.2020 03:00;09.04.2020 04:00;20,9
09.04.2020 04:00;09.04.2020 05:00;20,51
09.04.2020 05:00;09.04.2020 06:00;22,68
09.04.2020 06:00;09.04.2020 07:00;27,66
09.04.2020 07:00;09.04.2020 08:00;29,7
09.04.2020 08:00;09.04.2020 09:00;29,53
09.04.2020 09:00;09.04.2020 10:00;25,21
09.04.2020 10:00;09.04.2020 11:00;22,43
09.04.2020 11:00;09.04.2020 12:00;21,26
09.04.2020 12:00;09.04.2020 13:00;19,42
09.04.2020 13:00;09.04.2020 14:00;17,4
09.04.2020 14:00;09.04.2020 15:00;13,19
09.04.2020 15:00;09.04.2020 16:00;16,41
09.04.2020 16:00;09.04.2020 17:00;17,88
09.04.2020 17:00;09.04.2020 18:00;23,18
09.04.2020 18:00;09.04.2020 19:00;26,58
09.04.2020 19:00;09.04.2020 20:00;30,92
09.04.2020 20:00;09.04.2020 21:00;31,43
09.04.2020 21:00;09.04.2020 22:00;30,0
09.04.2020 22:00;09.04.2020 23:00;27,92
09.04.2020 23:00;10.04.2020 00:00;25,0
10.04.2020 00:00;10.04.2020 01:00;25,11
10.04.2020 01:00;10.04.2020 02:00;25,02
10.04.2020 02:00;10.04.2020 03:00;22,0
10.04.2020 03:00;10.04.2020 04:00;24,59
10.04.2020 04:00;10.04.2020 05:00;26,37
10.04.2020 05:00;10.04.2020 06:00;26,86
10.04.2020 06:00;10.04.2020 07:00;27,06
10.04.2020 07:00;10.04.2020 08:00;28,57
10.04.2020 08:00;10.04.2020 09:00;28,0
10.04.2020 09:00;10.04.2020 10:00;24,58
10.04.2020 10:00;10.04.2020 11:00;18,04
10.04.2020 11:00;10.04.2020 12:00;17,06
10.04.2020 12:00;10.04.2020 13:00;13,97
10.04.2020 13:00;10.04.2020 14:00;10,55
10.04.2020 14:00;10.04.2020 15:00;9,16
10.04.2020 15:00;10.04.2020 16:00;10,03
10.04.2020 16:00;10.04.2020 17:00;14,0
10.04.2020 17:00;10.04.2020 18:00;24,54
10.04.2020 18:00;10.04.2020 19:00;27,0
10.04.2020 19:00;10.04.2020 20:00;31,43
10.04.2020 20:00;10.04.2020 21:00;34,83
10.04.2020 21:00;10.04.2020 22:00;31,57
10.04.2020 22:00;10.04.2020 23:00;29,81
10.04.2020 23:00;11.04.2020 00:00;25,18
11.04.2020 00:00;11.04.2020 01:00;24,19
11.04.2020 01:00;11.04.2020 02:00;21,84
11.04.2020 02:00;11.04.2020 03:00;20,1
11.04.2020 03:00;11.04.2020 04:00;21,11
11.04.2020 04:00;11.04.2020 05:00;23,01
11.04.2020 05:00;11.04.2020 06:00;24,72
11.04.2020 06:00;11.04.2020 07:00;24,92
11.04.2020 07:00;11.04.2020 08:00;25,16
11.04.2020 08:00;11.04.2020 09:00;25,04
11.04.2020 09:00;11.04.2020 10:00;20,82
11.04.2020 10:00;11.04.2020 11:00;14,3
11.04.2020 11:00;11.04.2020 12:00;11,59
11.04.2020 12:00;11.04.2020 13:00;12,33
11.04.2020 13:00;11.04.2020 14:00;8,6
11.04.2020 14:00;11.04.2020 15:00;5,1
11.04.2020 15:00;11.04.2020 16:00;7,28
11.04.2020 16:00;11.04.2020 17:00;14,01
11.04.2020 17:00;11.04.2020 18:00;20,0
11.04.2020 18:00;11.04.2020 19:00;28,97
11.04.2020 19:00;11.04.2020 20:00;35,11
11.04.2020 20:00;11.04.2020 21:00;35,95
11.04.2020 21:00;11.04.2020 22:00;29,66
11.04.2020 22:00;11.04.2020 23:00;24,91
11.04.2020 23:00;12.04.2020 00:00;21,82
12.04.2020 00:00;12.04.2020 01:00;21,8
12.04.2020 01:00;12.04.2020 02:00;19,01
12.04.2020 02:00;12.04.2020 03:00;16,71
12.04.2020 03:00;12.04.2020 04:00;14,38
12.04.2020 04:00;12.04.2020 05:00;14,06
12.04.2020 05:00;12.04.2020 06:00;15,02
12.04.2020 06:00;12.04.2020 07:00;15,74
12.04.2020 07:00;12.04.2020 08:00;16,0
12.04.2020 08:00;12.04.2020 09:00;14,06
12.04.2020 09:00;12.04.2020 10:00;9,99
12.04.2020 10:00;12.04.2020 11:00;5,18
12.04.2020 11:00;12.04.2020 12:00;4,93
12.04.2020 12:00;12.04.2020 13:00;4,98
12.04.2020 13:00;12.04.2020 14:00;1,84
12.04.2020 14:00;12.04.2020 15:00;0,0
12.04.2020 15:00;12.04.2020 16:00;0,17
12.04.2020 16:00;12.04.2020 17:00;3,0
12.04.2020 17:00;12.04.2020 18:00;4,14
12.04.2020 18:00;12.04.2020 19:00;18,13
12.04.2020 19:00;12.04.2020 20:00;25,17
12.04.2020 20:00;12.04.2020 21:00;24,82
12.04.2020 21:00;12.04.2020 22:00;21,97
12.04.2020 22:00;12.04.2020 23:00;19,5
12.04.2020 23:00;13.04.2020 00:00;8,2
13.04.2020 00:00;13.04.2020 01:00;10,34
13.04.2020 01:00;13.04.2020 02:00;0,07
13.04.2020 02:00;13.04.2020 03:00;1,72
13.04.2020 03:00;13.04.2020 04:00;0,77
13.04.2020 04:00;13.04.2020 05:00;0,02
13.04.2020 05:00;13.04.2020 06:00;-0,09
13.04.2020 06:00;13.04.2020 07:00;-2,35
13.04.2020 07:00;13.04.2020 08:00;-5,0
13.04.2020 08:00;13.04.2020 09:00;-5,91
13.04.2020 09:00;13.04.2020 10:00;-4,94
13.04.2020 10:00;13.04.2020 11:00;-5,09
13.04.2020 11:00;13.04.2020 12:00;-19,91
13.04.2020 12:00;13.04.2020 13:00;-55,62
13.04.2020 13:00;13.04.2020 14:00;-70,1
13.04.2020 14:00;13.04.2020 15:00;-78,0
13.04.2020 15:00;13.04.2020 16:00;-78,15
13.04.2020 16:00;13.04.2020 17:00;-74,97
13.04.2020 17:00;13.04.2020 18:00;-39,94
13.04.2020 18:00;13.04.2020 19:00;-1,77
13.04.2020 19:00;13.04.2020 20:00;11,21
13.04.2020 20:00;13.04.2020 21:00;9,76
13.04.2020 21:00;13.04.2020 22:00;6,45
13.04.2020 22:00;13.04.2020 23:00;9,29
13.04.2020 23:00;14.04.2020 00:00;9,02
14.04.2020 00:00;14.04.2020 01:00;3,79
14.04.2020 01:00;14.04.2020 02:00;4,4
14.04.2020 02:00;14.04.2020 03:00;3,9
14.04.2020 03:00;14.04.2020 04:00;3,96
14.04.2020 04:00;14.04.2020 05:00;4,6
14.04.2020 05:00;14.04.2020 06:00;15,88
14.04.2020 06:00;14.04.2020 07:00;25,24
14.04.2020 07:00;14.04.2020 08:00;32,74
14.04.2020 08:00;14.04.2020 09:00;31,14
14.04.2020 09:00;14.04.2020 10:00;23,68
14.04.2020 10:00;14.04.2020 11:00;21,86
14.04.2020 11:00;14.04.2020 12:00;19,73
14.04.2020 12:00;14.04.2020 13:00;17,13
14.04.2020 13:00;14.04.2020 14:00;16,12
14.04.2020 14:00;14.04.2020 15:00;13,54
14.04.2020 15:00;14.04.2020 16:00;15,03
14.04.2020 16:00;14.04.2020 17:00;19,1
14.04.2020 17:00;14.04.2020 18:00;23,15
14.04.2020 18:00;14.04.2020 19:00;26,82
14.04.2020 19:00;14.04.2020 20:00;33,38
14.04.2020 20:00;14.04.2020 21:00;39,91
14.04.2020 21:00;14.04.2020 22:00;31,45
14.04.2020 22:00;14.04.2020 23:00;26,77
14.04.2020 23:00;15.04.2020 00:00;24,28
15.04.2020 00:00;15.04.2020 01:00;19,87
15.04.2020 01:00;15.04.2020 02:00;17,08
15.04.2020 02:00;15.04.2020 03:00;17,0
15.04.2020 03:00;15.04.2020 04:00;16,37
15.04.2020 04:00;15.04.2020 05:00;16,57
15.04.2020 05:00;15.04.2020 06:00;19,1
15.04.2020 06:00;15.04.2020 07:00;25,15
15.04.2020 07:00;15.04.2020 08:00;26,09
15.04.2020 08:00;15.04.2020 09:00;24,99
15.04.2020 09:00;15.04.2020 10:00;21,2
15.04.2020 10:00;15.04.2020 11:00;14,29
15.04.2020 11:00;15.04.2020 12:00;14,16
15.04.2020 12:00;15.04.2020 13:00;8,07
15.04.2020 13:00;15.04.2020 14:00;8,0
15.04.2020 14:00;15.04.2020 15:00;4,46
15.04.2020 15:00;15.04.2020 16:00;8,05
15.04.2020 16:00;15.04.2020 17:00;12,13
15.04.2020 17:00;15.04.2020 18:00;21,85
15.04.2020 18:00;15.04.2020 19:00;27,34
15.04.2020 19:00;15.04.2020 20:00;37,84
15.04.2020 20:00;15.04.2020 21:00;41,91
15.04.2020 21:00;15.04.2020 22:00;31,34
15.04.2020 22:00;15.04.2020 23:00;26,25
15.04.2020 23:00;16.04.2020 00:00;24,99
16.04.2020 00:00;16.04.2020 01:00;20,81
16.04.2020 01:00;16.04.2020 02:00;20,61
16.04.2020 02:00;16.04.2020 03:00;21,02
16.04.2020 03:00;16.04.2020 04:00;21,1
16.04.2020 04:00;16.04.2020 05:00;21,1
16.04.2020 05:00;16.04.2020 06:00;23,73
16.04.2020 06:00;16.04.2020 07:00;26,96
16.04.2020 07:00;16.04.2020 08:00;35,01
16.04.2020 08:00;16.04.2020 09:00;30,98
16.04.2020 09:00;16.04.2020 10:00;25,0
16.04.2020 10:00;16.04.2020 11:00;21,5
16.04.2020 11:00;16.04.2020 12:00;19,49
16.04.2020 12:00;16.04.2020 13:00;16,23
16.04.2020 13:00;16.04.2020 14:00;15,29
16.04.2020 14:00;16.04.2020 15:00;15,1
16.04.2020 15:00;16.04.2020 16:00;16,29
16.04.2020 16:00;16.04.2020 17:00;19,32
16.04.2020 17:00;16.04.2020 18:00;24,99
16.04.2020 18:00;16.04.2020 19:00;29,34
16.04.2020 19:00;16.04.2020 20:00;46,39
16.04.2020 20:00;16.04.2020 21:00;53,25
16.04.2020 21:00;16.04.2020 22:00;33,37
16.04.2020 22:00;16.04.2020 23:00;27,01
16.04.2020 23:00;17.04.2020 00:00;23,71
17.04.2020 00:00;17.04.2020 01:00;22,08
17.04.2020 01:00;17.04.2020 02:00;21,58
17.04.2020 02:00;17.04.2020 03:00;21,06
17.04.2020 03:00;17.04.2020 04:00;21,99
17.04.2020 04:00;17.04.2020 05:00;22,44
17.04.2020 05:00;17.04.2020 06:00;24,41
17.04.2020 06:00;17.04.2020 07:00;32,93
17.04.2020 07:00;17.04.2020 08:00;47,84
17.04.2020 08:00;17.04.2020 09:00;44,81
17.04.2020 09:00;17.04.2020 10:00;26,41
17.04.2020 10:00;17.04.2020 11:00;24,9
17.04.2020 11:00;17.04.2020 12:00;23,87
17.04.2020 12:00;17.04.2020 13:00;20,44
17.04.2020 13:00;17.04.2020 14:00;18,07
17.04.2020 14:00;17.04.2020 15:00;18,54
17.04.2020 15:00;17.04.2020 16:00;21,87
17.04.2020 16:00;17.04.2020 17:00;21,75
17.04.2020 17:00;17.04.2020 18:00;25,15
17.04.2020 18:00;17.04.2020 19:00;36,76
17.04.2020 19:00;17.04.2020 20:00;48,75
17.04.2020 20:00;17.04.2020 21:00;42,77
17.04.2020 21:00;17.04.2020 22:00;32,38
17.04.2020 22:00;17.04.2020 23:00;24,92
17.04.2020 23:00;18.04.2020 00:00;20,76
18.04.2020 00:00;18.04.2020 01:00;22,1
18.04.2020 01:00;18.04.2020 02:00;20,13
18.04.2020 02:00;18.04.2020 03:00;18,78
18.04.2020 03:00;18.04.2020 04:00;18,1
18.04.2020 04:00;18.04.2020 05:00;18,55
18.04.2020 05:00;18.04.2020 06:00;19,07
18.04.2020 06:00;18.04.2020 07:00;21,62
18.04.2020 07:00;18.04.2020 08:00;23,82
18.04.2020 08:00;18.04.2020 09:00;23,87
18.04.2020 09:00;18.04.2020 10:00;24,33
18.04.2020 10:00;18.04.2020 11:00;17,3
18.04.2020 11:00;18.04.2020 12:00;16,63
18.04.2020 12:00;18.04.2020 13:00;16,8
18.04.2020 13:00;18.04.2020 14:00;12,84
18.04.2020 14:00;18.04.2020 15:00;12,32
18.04.2020 15:00;18.04.2020 16:00;12,77
18.04.2020 16:00;18.04.2020 17:00;15,05
18.04.2020 17:00;18.04.2020 18:00;24,13
18.04.2020 18:00;18.04.2020 19:00;25,99
18.04.2020 19:00;18.04.2020 20:00;29,42
18.04.2020 20:00;18.04.2020 21:00;28,66
18.04.2020 21:00;18.04.2020 22:00;23,81
18.04.2020 22:00;18.04.2020 23:00;21,16
18.04.2020 23:00;19.04.2020 00:00;18,38
19.04.2020 00:00;19.04.2020 01:00;16,51
19.04.2020 01:00;19.04.2020 02:00;13,71
19.04.2020 02:00;19.04.2020 03:00;12,12
19.04.2020 03:00;19.04.2020 04:00;9,3
19.04.2020 04:00;19.04.2020 05:00;10,98
19.04.2020 05:00;19.04.2020 06:00;11,31
19.04.2020 06:00;19.04.2020 07:00;11,66
19.04.2020 07:00;19.04.2020 08:00;11,15
19.04.2020 08:00;19.04.2020 09:00;14,01
19.04.2020 09:00;19.04.2020 10:00;12,47
19.04.2020 10:00;19.04.2020 11:00;10,88
19.04.2020 11:00;19.04.2020 12:00;8,39
19.04.2020 12:00;19.04.2020 13:00;9,21
19.04.2020 13:00;19.04.2020 14:00;0,03
19.04.2020 14:00;19.04.2020 15:00;-18,5
19.04.2020 15:00;19.04.2020 16:00;-26,0
19.04.2020 16:00;19.04.2020 17:00;-11,84
19.04.2020 17:00;19.04.2020 18:00;4,99
19.04.2020 18:00;19.04.2020 19:00;11,2
19.04.2020 19:00;19.04.2020 20:00;15,42
19.04.2020 20:00;19.04.2020 21:00;15,59
19.04.2020 21:00;19.04.2020 22:00;12,73
19.04.2020 22:00;19.04.2020 23:00;12,34
19.04.2020 23:00;20.04.2020 00:00;10,19
20.04.2020 00:00;20.04.2020 01:00;4,43
20.04.2020 01:00;20.04.2020 02:00;4,38
20.04.2020 02:00;20.04.2020 03:00;3,69
20.04.2020 03:00;20.04.2020 04:00;0,66
20.04.2020 04:00;20.04.2020 05:00;0,03
20.04.2020 05:00;20.04.2020 06:00;4,78
20.04.2020 06:00;20.04.2020 07:00;18,0
20.04.2020 07:00;20.04.2020 08:00;22,82
20.04.2020 08:00;20.04.2020 09:00;22,93
20.04.2020 09:00;20.04.2020 10:00;16,07
20.04.2020 10:00;20.04.2020 11:00;11,72
20.04.2020 11:00;20.04.2020 12:00;5,46
20.04.2020 12:00;20.04.2020 13:00;-4,98
20.04.2020 13:00;20.04.2020 14:00;-29,7
20.04.2020 14:00;20.04.2020 15:00;-44,25
20.04.2020 15:00;20.04.2020 16:00;-39,49
20.04.2020 16:00;20.04.2020 17:00;-23,71
20.04.2020 17:00;20.04.2020 18:00;4,01
20.04.2020 18:00;20.04.2020 19:00;16,38
20.04.2020 19:00;20.04.2020 20:00;17,81
20.04.2020 20:00;20.04.2020 21:00;18,38
20.04.2020 21:00;20.04.2020 22:00;14,05
20.04.2020 22:00;20.04.2020 23:00;10,28
20.04.2020 23:00;21.04.2020 00:00;4,85
21.04.2020 00:00;21.04.2020 01:00;4,65
21.04.2020 01:00;21.04.2020 02:00;4,31
21.04.2020 02:00;21.04.2020 03:00;3,69
21.04.2020 03:00;21.04.2020 04:00;-0,59
21.04.2020 04:00;21.04.2020 05:00;3,72
21.04.2020 05:00;21.04.2020 06:00;4,73
21.04.2020 06:00;21.04.2020 07:00;10,0
21.04.2020 07:00;21.04.2020 08:00;16,13
21.04.2020 08:00;21.04.2020 09:00;16,52
21.04.2020 09:00;21.04.2020 10:00;7,92
21.04.2020 10:00;21.04.2020 11:00;-19,21
21.04.2020 11:00;21.04.2020 12:00;-69,05
21.04.2020 12:00;21.04.2020 13:00;-79,74
21.04.2020 13:00;21.04.2020 14:00;-80,09
21.04.2020 14:00;21.04.2020 15:00;-83,94
21.04.2020 15:00;21.04.2020 16:00;-80,02
21.04.2020 16:00;21.04.2020 17:00;-78,09
21.04.2020 17:00;21.04.2020 18:00;-23,12
21.04.2020 18:00;21.04.2020 19:00;5,53
21.04.2020 19:00;21.04.2020 20:00;10,99
21.04.2020 20:00;21.04.2020 21:00;10,99
21.04.2020 21:00;21.04.2020 22:00;11,17
21.04.2020 22:00;21.04.2020 23:00;7,6
21.04.2020 23:00;22.04.2020 00:00;8,31
22.04.2020 00:00;22.04.2020 01:00;4,39
22.04.2020 01:00;22.04.2020 02:00;4,12
22.04.2020 02:00;22.04.2020 03:00;3,5
22.04.2020 03:00;22.04.2020 04:00;4,14
22.04.2020 04:00;22.04.2020 05:00;4,57
22.04.2020 05:00;22.04.2020 06:00;6,0
22.04.2020 06:00;22.04.2020 07:00;14,92
22.04.2020 07:00;22.04.2020 08:00;23,39
22.04.2020 08:00;22.04.2020 09:00;19,81
22.04.2020 09:00;22.04.2020 10:00;10,57
22.04.2020 10:00;22.04.2020 11:00;6,77
22.04.2020 11:00;22.04.2020 12:00;6,1
22.04.2020 12:00;22.04.2020 13:00;-0,56
22.04.2020 13:00;22.04.2020 14:00;-24,97
22.04.2020 14:00;22.04.2020 15:00;-29,98
22.04.2020 15:00;22.04.2020 16:00;-5,76
22.04.2020 16:00;22.04.2020 17:00;4,07
22.04.2020 17:00;22.04.2020 18:00;8,59
22.04.2020 18:00;22.04.2020 19:00;18,05
22.04.2020 19:00;22.04.2020 20:00;24,57
22.04.2020 20:00;22.04.2020 21:00;25,54
22.04.2020 21:00;22.04.2020 22:00;22,19
22.04.2020 22:00;22.04.2020 23:00;20,01
22.04.2020 23:00;23.04.2020 00:00;19,0
23.04.2020 00:00;23.04.2020 01:00;20,1
23.04.2020 01:00;23.04.2020 02:00;19,68
23.04.2020 02:00;23.04.2020 03:00;18,38
23.04.2020 03:00;23.04.2020 04:00;20,07
23.04.2020 04:00;23.04.2020 05:00;20,6
23.04.2020 05:00;23.04.2020 06:00;22,34
23.04.2020 06:00;23.04.2020 07:00;33,7
23.04.2020 07:00;23.04.2020 08:00;42,03
23.04.2020 08:00;23.04.2020 09:00;38,48
23.04.2020 09:00;23.04.2020 10:00;23,72
23.04.2020 10:00;23.04.2020 11:00;18,18
23.04.2020 11:00;23.04.2020 12:00;17,4
23.04.2020 12:00;23.04.2020 13:00;16,95
23.04.2020 13:00;23.04.2020 14:00;16,63
23.04.2020 14:00;23.04.2020 15:00;14,95
23.04.2020 15:00;23.04.2020 16:00;14,97
23.04.2020 16:00;23.04.2020 17:00;18,11
23.04.2020 17:00;23.04.2020 18:00;25,07
23.04.2020 18:00;23.04.2020 19:00;34,51
23.04.2020 19:00;23.04.2020 20:00;58,95
23.04.2020 20:00;23.04.2020 21:00;69,68
23.04.2020 21:00;23.04.2020 22:00;38,62
23.04.2020 22:00;23.04.2020 23:00;34,43
23.04.2020 23:00;24.04.2020 00:00;28,6
24.04.2020 00:00;24.04.2020 01:00;23,87
24.04.2020 01:00;24.04.2020 02:00;21,63
24.04.2020 02:00;24.04.2020 03:00;21,54
24.04.2020 03:00;24.04.2020 04:00;21,54
24.04.2020 04:00;24.04.2020 05:00;20,93
24.04.2020 05:00;24.04.2020 06:00;22,0
24.04.2020 06:00;24.04.2020 07:00;26,69
24.04.2020 07:00;24.04.2020 08:00;35,85
24.04.2020 08:00;24.04.2020 09:00;31,0
24.04.2020 09:00;24.04.2020 10:00;21,84
24.04.2020 10:00;24.04.2020 11:00;20,0
24.04.2020 11:00;24.04.2020 12:00;18,45
24.04.2020 12:00;24.04.2020 13:00;16,15
24.04.2020 13:00;24.04.2020 14:00;14,55
24.04.2020 14:00;24.04.2020 15:00;12,02
24.04.2020 15:00;24.04.2020 16:00;10,0
24.04.2020 16:00;24.04.2020 17:00;11,81
24.04.2020 17:00;24.04.2020 18:00;15,62
24.04.2020 18:00;24.04.2020 19:00;19,97
24.04.2020 19:00;24.04.2020 20:00;22,27
24.04.2020 20:00;24.04.2020 21:00;22,5
24.04.2020 21:00;24.04.2020 22:00;21,98
24.04.2020 22:00;24.04.2020 23:00;23,0
24.04.2020 23:00;25.04.2020 00:00;20,4
25.04.2020 00:00;25.04.2020 01:00;12,9
25.04.2020 01:00;25.04.2020 02:00;9,07
25.04.2020 02:00;25.04.2020 03:00;12,61
25.04.2020 03:00;25.04.2020 04:00;14,42
25.04.2020 04:00;25.04.2020 05:00;14,48
25.04.2020 05:00;25.04.2020 06:00;14,03
25.04.2020 06:00;25.04.2020 07:00;14,88
25.04.2020 07:00;25.04.2020 08:00;15,09
25.04.2020 08:00;25.04.2020 09:00;18,7
25.04.2020 09:00;25.04.2020 10:00;16,63
25.04.2020 10:00;25.04.2020 11:00;16,03
25.04.2020 11:00;25.04.2020 12:00;16,3
25.04.2020 12:00;25.04.2020 13:00;15,08
25.04.2020 13:00;25.04.2020 14:00;12,25
25.04.2020 14:00;25.04.2020 15:00;7,76
25.04.2020 15:00;25.04.2020 16:00;7,99
25.04.2020 16:00;25.04.2020 17:00;10,07
25.04.2020 17:00;25.04.2020 18:00;16,62
25.04.2020 18:00;25.04.2020 19:00;23,51
25.04.2020 19:00;25.04.2020 20:00;26,7
25.04.2020 20:00;25.04.2020 21:00;32,0
25.04.2020 21:00;25.04.2020 22:00;29,77
25.04.2020 22:00;25.04.2020 23:00;25,69
25.04.2020 23:00;26.04.2020 00:00;22,11
26.04.2020 00:00;26.04.2020 01:00;22,3
26.04.2020 01:00;26.04.2020 02:00;19,79
26.04.2020 02:00;26.04.2020 03:00;20,76
26.04.2020 03:00;26.04.2020 04:00;21,06
26.04.2020 04:00;26.04.2020 05:00;22,23
26.04.2020 05:00;26.04.2020 06:00;21,95
26.04.2020 06:00;26.04.2020 07:00;18,81
26.04.2020 07:00;26.04.2020 08:00;18,09
26.04.2020 08:00;26.04.2020 09:00;16,06
26.04.2020 09:00;26.04.2020 10:00;15,01
26.04.2020 10:00;26.04.2020 11:00;13,0
26.04.2020 11:00;26.04.2020 12:00;14,38
26.04.2020 12:00;26.04.2020 13:00;15,0
26.04.2020 13:00;26.04.2020 14:00;11,9
26.04.2020 14:00;26.04.2020 15:00;5,56
26.04.2020 15:00;26.04.2020 16:00;6,93
26.04.2020 16:00;26.04.2020 17:00;12,42
26.04.2020 17:00;26.04.2020 18:00;16,15
26.04.2020 18:00;26.04.2020 19:00;24,82
26.04.2020 19:00;26.04.2020 20:00;27,97
26.04.2020 20:00;26.04.2020 21:00;31,84
26.04.2020 21:00;26.04.2020 22:00;27,49
26.04.2020 22:00;26.04.2020 23:00;26,06
26.04.2020 23:00;27.04.2020 00:00;23,76
27.04.2020 00:00;27.04.2020 01:00;20,84
27.04.2020 01:00;27.04.2020 02:00;21,11
27.04.2020 02:00;27.04.2020 03:00;19,08
27.04.2020 03:00;27.04.2020 04:00;19,34
27.04.2020 04:00;27.04.2020 05:00;20,23
27.04.2020 05:00;27.04.2020 06:00;21,61
27.04.2020 06:00;27.04.2020 07:00;25,95
27.04.2020 07:00;27.04.2020 08:00;28,0
27.04.2020 08:00;27.04.2020 09:00;25,9
27.04.2020 09:00;27.04.2020 10:00;21,99
27.04.2020 10:00;27.04.2020 11:00;21,17
27.04.2020 11:00;27.04.2020 12:00;20,64
27.04.2020 12:00;27.04.2020 13:00;21,92
27.04.2020 13:00;27.04.2020 14:00;20,39
27.04.2020 14:00;27.04.2020 15:00;19,85
27.04.2020 15:00;27.04.2020 16:00;18,42
27.04.2020 16:00;27.04.2020 17:00;18,4
27.04.2020 17:00;27.04.2020 18:00;24,92
27.04.2020 18:00;27.04.2020 19:00;32,96
27.04.2020 19:00;27.04.2020 20:00;48,31
27.04.2020 20:00;27.04.2020 21:00;45,56
27.04.2020 21:00;27.04.2020 22:00;38,56
27.04.2020 22:00;27.04.2020 23:00;32,1
27.04.2020 23:00;28.04.2020 00:00;24,74
28.04.2020 00:00;28.04.2020 01:00;22,21
28.04.2020 01:00;28.04.2020 02:00;20,27
28.04.2020 02:00;28.04.2020 03:00;20,42
28.04.2020 03:00;28.04.2020 04:00;20,16
28.04.2020 04:00;28.04.2020 05:00;20,61
28.04.2020 05:00;28.04.2020 06:00;21,94
28.04.2020 06:00;28.04.2020 07:00;25,94
28.04.2020 07:00;28.04.2020 08:00;27,94
28.04.2020 08:00;28.04.2020 09:00;28,72
28.04.2020 09:00;28.04.2020 10:00;27,95
28.04.2020 10:00;28.04.2020 11:00;26,16
28.04.2020 11:00;28.04.2020 12:00;25,83
28.04.2020 12:00;28.04.2020 13:00;24,93
28.04.2020 13:00;28.04.2020 14:00;24,06
28.04.2020 14:00;28.04.2020 15:00;24,89
28.04.2020 15:00;28.04.2020 16:00;24,85
28.04.2020 16:00;28.04.2020 17:00;24,81
28.04.2020 17:00;28.04.2020 18:00;27,18
28.04.2020 18:00;28.04.2020 19:00;28,74
28.04.2020 19:00;28.04.2020 20:00;31,28
28.04.2020 20:00;28.04.2020 21:00;29,99
28.04.2020 21:00;28.04.2020 22:00;27,44
28.04.2020 22:00;28.04.2020 23:00;24,09
28.04.2020 23:00;29.04.2020 00:00;21,03
29.04.2020 00:00;29.04.2020 01:00;19,04
29.04.2020 01:00;29.04.2020 02:00;17,58
29.04.2020 02:00;29.04.2020 03:00;17,09
29.04.2020 03:00;29.04.2020 04:00;17,11
29.04.2020 04:00;29.04.2020 05:00;18,04
29.04.2020 05:00;29.04.2020 06:00;20,91
29.04.2020 06:00;29.04.2020 07:00;24,28
29.04.2020 07:00;29.04.2020 08:00;27,09
29.04.2020 08:00;29.04.2020 09:00;30,57
29.04.2020 09:00;29.04.2020 10:00;30,24
29.04.2020 10:00;29.04.2020 11:00;27,98
29.04.2020 11:00;29.04.2020 12:00;26,0
29.04.2020 12:00;29.04.2020 13:00;23,49
29.04.2020 13:00;29.04.2020 14:00;19,08
29.04.2020 14:00;29.04.2020 15:00;18,0
29.04.2020 15:00;29.04.2020 16:00;17,7
29.04.2020 16:00;29.04.2020 17:00;19,01
29.04.2020 17:00;29.04.2020 18:00;21,59
29.04.2020 18:00;29.04.2020 19:00;26,46
29.04.2020 19:00;29.04.2020 20:00;28,7
29.04.2020 20:00;29.04.2020 21:00;30,85
29.04.2020 21:00;29.04.2020 22:00;27,81
29.04.2020 22:00;29.04.2020 23:00;23,69
29.04.2020 23:00;30.04.2020 00:00;20,96
30.04.2020 00:00;30.04.2020 01:00;17,55
30.04.2020 01:00;30.04.2020 02:00;15,57
30.04.2020 02:00;30.04.2020 03:00;14,05
30.04.2020 03:00;30.04.2020 04:00;13,64
30.04.2020 04:00;30.04.2020 05:00;13,84
30.04.2020 05:00;30.04.2020 06:00;17,4
30.04.2020 06:00;30.04.2020 07:00;21,35
30.04.2020 07:00;30.04.2020 08:00;24,97
30.04.2020 08:00;30.04.2020 09:00;25,11
30.04.2020 09:00;30.04.2020 10:00;23,46
30.04.2020 10:00;30.04.2020 11:00;21,89
30.04.2020 11:00;30.04.2020 12:00;21,02
30.04.2020 12:00;30.04.2020 13:00;14,81
30.04.2020 13:00;30.04.2020 14:00;9,25
30.04.2020 14:00;30.04.2020 15:00;10,22
30.04.2020 15:00;30.04.2020 16:00;13,45
30.04.2020 16:00;30.04.2020 17:00;17,75
30.04.2020 17:00;30.04.2020 18:00;23,41
30.04.2020 18:00;30.04.2020 19:00;27,13
30.04.2020 19:00;30.04.2020 20:00;34,74
30.04.2020 20:00;30.04.2020 21:00;34,66
30.04.2020 21:00;30.04.2020 22:00;29,02
30.04.2020 22:00;30.04.2020 23:00;22,04
30.04.2020 23:00;01.05.2020 00:00;13,77
01.05.2020 00:00;01.05.2020 01:00;5,5
01.05.2020 01:00;01.05.2020 02:00;5,35
01.05.2020 02:00;01.05.2020 03:00;3,82
01.05.2020 03:00;01.05.2020 04:00;2,63
01.05.2020 04:00;01.05.2020 05:00;1,56
01.05.2020 05:00;01.05.2020 06:00;2,46
01.05.2020 06:00;01.05.2020 07:00;2,54
01.05.2020 07:00;01.05.2020 08:00;1,5
01.05.2020 08:00;01.05.2020 09:00;-1,57
01.05.2020 09:00;01.05.2020 10:00;-2,43
01.05.2020 10:00;01.05.2020 11:00;-2,89
01.05.2020 11:00;01.05.2020 12:00;-2,47
01.05.2020 12:00;01.05.2020 13:00;0,35
01.05.2020 13:00;01.05.2020 14:00;-2,04
01.05.2020 14:00;01.05.2020 15:00;-2,06
01.05.2020 15:00;01.05.2020 16:00;-0,04
01.05.2020 16:00;01.05.2020 17:00;1,95
01.05.2020 17:00;01.05.2020 18:00;7,88
01.05.2020 18:00;01.05.2020 19:00;18,99
01.05.2020 19:00;01.05.2020 20:00;23,5
01.05.2020 20:00;01.05.2020 21:00;28,43
01.05.2020 21:00;01.05.2020 22:00;26,88
01.05.2020 22:00;01.05.2020 23:00;20,91
01.05.2020 23:00;02.05.2020 00:00;16,0
02.05.2020 00:00;02.05.2020 01:00;12,2
02.05.2020 01:00;02.05.2020 02:00;10,0
02.05.2020 02:00;02.05.2020 03:00;10,0
02.05.2020 03:00;02.05.2020 04:00;8,0
02.05.2020 04:00;02.05.2020 05:00;8,0
02.05.2020 05:00;02.05.2020 06:00;8,0
02.05.2020 06:00;02.05.2020 07:00;7,2
02.05.2020 07:00;02.05.2020 08:00;8,0
02.05.2020 08:00;02.05.2020 09:00;10,3
02.05.2020 09:00;02.05.2020 10:00;10,55
02.05.2020 10:00;02.05.2020 11:00;10,7
02.05.2020 11:00;02.05.2020 12:00;11,28
02.05.2020 12:00;02.05.2020 13:00;10,01
02.05.2020 13:00;02.05.2020 14:00;7,35
02.05.2020 14:00;02.05.2020 15:00;5,65
02.05.2020 15:00;02.05.2020 16:00;5,25
02.05.2020 16:00;02.05.2020 17:00;5,66
02.05.2020 17:00;02.05.2020 18:00;8,5
02.05.2020 18:00;02.05.2020 19:00;17,93
02.05.2020 19:00;02.05.2020 20:00;25,51
02.05.2020 20:00;02.05.2020 21:00;28,04
02.05.2020 21:00;02.05.2020 22:00;26,37
02.05.2020 22:00;02.05.2020 23:00;24,38
02.05.2020 23:00;03.05.2020 00:00;20,49
03.05.2020 00:00;03.05.2020 01:00;18,0
03.05.2020 01:00;03.05.2020 02:00;13,76
03.05.2020 02:00;03.05.2020 03:00;11,44
03.05.2020 03:00;03.05.2020 04:00;11,15
03.05.2020 04:00;03.05.2020 05:00;11,82
03.05.2020 05:00;03.05.2020 06:00;13,37
03.05.2020 06:00;03.05.2020 07:00;11,56
03.05.2020 07:00;03.05.2020 08:00;10,94
03.05.2020 08:00;03.05.2020 09:00;10,0
03.05.2020 09:00;03.05.2020 10:00;9,4
03.05.2020 10:00;03.05.2020 11:00;9,7
03.05.2020 11:00;03.05.2020 12:00;10,0
03.05.2020 12:00;03.05.2020 13:00;10,0
03.05.2020 13:00;03.05.2020 14:00;7,06
03.05.2020 14:00;03.05.2020 15:00;5,84
03.05.2020 15:00;03.05.2020 16:00;5,57
03.05.2020 16:00;03.05.2020 17:00;7,14
03.05.2020 17:00;03.05.2020 18:00;10,21
03.05.2020 18:00;03.05.2020 19:00;20,05
03.05.2020 19:00;03.05.2020 20:00;24,97
03.05.2020 20:00;03.05.2020 21:00;28,69
03.05.2020 21:00;03.05.2020 22:00;28,96
03.05.2020 22:00;03.05.2020 23:00;25,37
03.05.2020 23:00;04.05.2020 00:00;22,33
04.05.2020 00:00;04.05.2020 01:00;22,2
04.05.2020 01:00;04.05.2020 02:00;20,46
04.05.2020 02:00;04.05.2020 03:00;21,86
04.05.2020 03:00;04.05.2020 04:00;20,7
04.05.2020 04:00;04.05.2020 05:00;20,14
04.05.2020 05:00;04.05.2020 06:00;22,99
04.05.2020 06:00;04.05.2020 07:00;34,05
04.05.2020 07:00;04.05.2020 08:00;48,53
04.05.2020 08:00;04.05.2020 09:00;55,13
04.05.2020 09:00;04.05.2020 10:00;40,04
04.05.2020 10:00;04.05.2020 11:00;27,86
04.05.2020 11:00;04.05.2020 12:00;25,07
04.05.2020 12:00;04.05.2020 13:00;22,96
04.05.2020 13:00;04.05.2020 14:00;20,74
04.05.2020 14:00;04.05.2020 15:00;19,02
04.05.2020 15:00;04.05.2020 16:00;19,58
04.05.2020 16:00;04.05.2020 17:00;19,81
04.05.2020 17:00;04.05.2020 18:00;22,39
04.05.2020 18:00;04.05.2020 19:00;24,24
04.05.2020 19:00;04.05.2020 20:00;27,92
04.05.2020 20:00;04.05.2020 21:00;28,97
04.05.2020 21:00;04.05.2020 22:00;25,99
04.05.2020 22:00;04.05.2020 23:00;22,51
04.05.2020 23:00;05.05.2020 00:00;19,89
05.05.2020 00:00;05.05.2020 01:00;18,14
05.05.2020 01:00;05.05.2020 02:00;17,99
05.05.2020 02:00;05.05.2020 03:00;17,2
05.05.2020 03:00;05.05.2020 04:00;18,05
05.05.2020 04:00;05.05.2020 05:00;18,07
05.05.2020 05:00;05.05.2020 06:00;20,08
05.05.2020 06:00;05.05.2020 07:00;23,2
05.05.2020 07:00;05.05.2020 08:00;27,61
05.05.2020 08:00;05.05.2020 09:00;26,06
05.05.2020 09:00;05.05.2020 10:00;22,35
05.05.2020 10:00;05.05.2020 11:00;19,92
05.05.2020 11:00;05.05.2020 12:00;21,02
05.05.2020 12:00;05.05.2020 13:00;20,27
05.05.2020 13:00;05.05.2020 14:00;19,1
05.05.2020 14:00;05.05.2020 15:00;17,16
05.05.2020 15:00;05.05.2020 16:00;16,12
05.05.2020 16:00;05.05.2020 17:00;17,31
05.05.2020 17:00;05.05.2020 18:00;20,42
05.05.2020 18:00;05.05.2020 19:00;24,1
05.05.2020 19:00;05.05.2020 20:00;28,75
05.05.2020 20:00;05.05.2020 21:00;32,41
05.05.2020 21:00;05.05.2020 22:00;27,34
05.05.2020 22:00;05.05.2020 23:00;25,34
05.05.2020 23:00;06.05.2020 00:00;23,24
06.05.2020 00:00;06.05.2020 01:00;20,99
06.05.2020 01:00;06.05.2020 02:00;20,06
06.05.2020 02:00;06.05.2020 03:00;20,0
06.05.2020 03:00;06.05.2020 04:00;19,04
06.05.2020 04:00;06.05.2020 05:00;17,04
06.05.2020 05:00;06.05.2020 06:00;20,1
06.05.2020 06:00;06.05.2020 07:00;24,95
06.05.2020 07:00;06.05.2020 08:00;29,2
06.05.2020 08:00;06.05.2020 09:00;26,96
06.05.2020 09:00;06.05.2020 10:00;24,22
06.05.2020 10:00;06.05.2020 11:00;21,16
06.05.2020 11:00;06.05.2020 12:00;20,34
06.05.2020 12:00;06.05.2020 13:00;20,28
06.05.2020 13:00;06.05.2020 14:00;18,07
06.05.2020 14:00;06.05.2020 15:00;16,41
06.05.2020 15:00;06.05.2020 16:00;16,27
06.05.2020 16:00;06.05.2020 17:00;16,69
06.05.2020 17:00;06.05.2020 18:00;18,79
06.05.2020 18:00;06.05.2020 19:00;22,94
06.05.2020 19:00;06.05.2020 20:00;24,96
06.05.2020 20:00;06.05.2020 21:00;25,42
06.05.2020 21:00;06.05.2020 22:00;24,97
06.05.2020 22:00;06.05.2020 23:00;24,68
06.05.2020 23:00;07.05.2020 00:00;22,14
07.05.2020 00:00;07.05.2020 01:00;20,08
07.05.2020 01:00;07.05.2020 02:00;19,03
07.05.2020 02:00;07.05.2020 03:00;18,57
07.05.2020 03:00;07.05.2020 04:00;18,5
07.05.2020 04:00;07.05.2020 05:00;18,48
07.05.2020 05:00;07.05.2020 06:00;19,07
07.05.2020 06:00;07.05.2020 07:00;23,01
07.05.2020 07:00;07.05.2020 08:00;25,03
07.05.2020 08:00;07.05.2020 09:00;24,98
07.05.2020 09:00;07.05.2020 10:00;21,54
07.05.2020 10:00;07.05.2020 11:00;19,7
07.05.2020 11:00;07.05.2020 12:00;19,06
07.05.2020 12:00;07.05.2020 13:00;17,06
07.05.2020 13:00;07.05.2020 14:00;16,75
07.05.2020 14:00;07.05.2020 15:00;17,34
07.05.2020 15:00;07.05.2020 16:00;18,32
07.05.2020 16:00;07.05.2020 17:00;19,0
07.05.2020 17:00;07.05.2020 18:00;20,39
07.05.2020 18:00;07.05.2020 19:00;26,91
07.05.2020 19:00;07.05.2020 20:00;48,95
07.05.2020 20:00;07.05.2020 21:00;50,98
07.05.2020 21:00;07.05.2020 22:00;35,45
07.05.2020 22:00;07.05.2020 23:00;27,93
07.05.2020 23:00;08.05.2020 00:00;25,8
08.05.2020 00:00;08.05.2020 01:00;23,18
08.05.2020 01:00;08.05.2020 02:00;20,44
08.05.2020 02:00;08.05.2020 03:00;20,04
08.05.2020 03:00;08.05.2020 04:00;20,09
08.05.2020 04:00;08.05.2020 05:00;20,83
08.05.2020 05:00;08.05.2020 06:00;22,61
08.05.2020 06:00;08.05.2020 07:00;26,95
08.05.2020 07:00;08.05.2020 08:00;30,09
08.05.2020 08:00;08.05.2020 09:00;26,8
08.05.2020 09:00;08.05.2020 10:00;22,99
08.05.2020 10:00;08.05.2020 11:00;20,35
08.05.2020 11:00;08.05.2020 12:00;19,01
08.05.2020 12:00;08.05.2020 13:00;17,89
08.05.2020 13:00;08.05.2020 14:00;16,0
08.05.2020 14:00;08.05.2020 15:00;15,04
08.05.2020 15:00;08.05.2020 16:00;16,26
08.05.2020 16:00;08.05.2020 17:00;19,3
08.05.2020 17:00;08.05.2020 18:00;22,47
08.05.2020 18:00;08.05.2020 19:00;26,96
08.05.2020 19:00;08.05.2020 20:00;36,93
08.05.2020 20:00;08.05.2020 21:00;41,62
08.05.2020 21:00;08.05.2020 22:00;30,71
08.05.2020 22:00;08.05.2020 23:00;29,33
08.05.2020 23:00;09.05.2020 00:00;24,9
09.05.2020 00:00;09.05.2020 01:00;21,51
09.05.2020 01:00;09.05.2020 02:00;20,72
09.05.2020 02:00;09.05.2020 03:00;20,89
09.05.2020 03:00;09.05.2020 04:00;21,01
09.05.2020 04:00;09.05.2020 05:00;22,0
09.05.2020 05:00;09.05.2020 06:00;21,73
09.05.2020 06:00;09.05.2020 07:00;21,11
09.05.2020 07:00;09.05.2020 08:00;21,11
09.05.2020 08:00;09.05.2020 09:00;21,06
09.05.2020 09:00;09.05.2020 10:00;20,24
09.05.2020 10:00;09.05.2020 11:00;18,79
09.05.2020 11:00;09.05.2020 12:00;19,01
09.05.2020 12:00;09.05.2020 13:00;18,38
09.05.2020 13:00;09.05.2020 14:00;16,93
09.05.2020 14:00;09.05.2020 15:00;16,02
09.05.2020 15:00;09.05.2020 16:00;14,75
09.05.2020 16:00;09.05.2020 17:00;16,05
09.05.2020 17:00;09.05.2020 18:00;21,11
09.05.2020 18:00;09.05.2020 19:00;26,97
09.05.2020 19:00;09.05.2020 20:00;36,61
09.05.2020 20:00;09.05.2020 21:00;33,99
09.05.2020 21:00;09.05.2020 22:00;28,28
09.05.2020 22:00;09.05.2020 23:00;26,41
09.05.2020 23:00;10.05.2020 00:00;22,93
10.05.2020 00:00;10.05.2020 01:00;20,7
10.05.2020 01:00;10.05.2020 02:00;19,41
10.05.2020 02:00;10.05.2020 03:00;19,1
10.05.2020 03:00;10.05.2020 04:00;18,29
10.05.2020 04:00;10.05.2020 05:00;16,43
10.05.2020 05:00;10.05.2020 06:00;16,0
10.05.2020 06:00;10.05.2020 07:00;15,0
10.05.2020 07:00;10.05.2020 08:00;12,76
10.05.2020 08:00;10.05.2020 09:00;14,01
10.05.2020 09:00;10.05.2020 10:00;13,77
10.05.2020 10:00;10.05.2020 11:00;12,64
10.05.2020 11:00;10.05.2020 12:00;12,46
10.05.2020 12:00;10.05.2020 13:00;11,72
10.05.2020 13:00;10.05.2020 14:00;6,0
10.05.2020 14:00;10.05.2020 15:00;2,36
10.05.2020 15:00;10.05.2020 16:00;0,93
10.05.2020 16:00;10.05.2020 17:00;2,97
10.05.2020 17:00;10.05.2020 18:00;6,23
10.05.2020 18:00;10.05.2020 19:00;12,1
10.05.2020 19:00;10.05.2020 20:00;14,51
10.05.2020 20:00;10.05.2020 21:00;14,73
10.05.2020 21:00;10.05.2020 22:00;14,99
10.05.2020 22:00;10.05.2020 23:00;14,7
10.05.2020 23:00;11.05.2020 00:00;10,1
11.05.2020 00:00;11.05.2020 01:00;5,79
11.05.2020 01:00;11.05.2020 02:00;2,02
11.05.2020 02:00;11.05.2020 03:00;0,13
11.05.2020 03:00;11.05.2020 04:00;-0,01
11.05.2020 04:00;11.05.2020 05:00;0,02
11.05.2020 05:00;11.05.2020 06:00;3,74
11.05.2020 06:00;11.05.2020 07:00;18,96
11.05.2020 07:00;11.05.2020 08:00;22,66
11.05.2020 08:00;11.05.2020 09:00;24,95
11.05.2020 09:00;11.05.2020 10:00;22,5
11.05.2020 10:00;11.05.2020 11:00;20,14
11.05.2020 11:00;11.05.2020 12:00;19,07
11.05.2020 12:00;11.05.2020 13:00;16,46
11.05.2020 13:00;11.05.2020 14:00;14,15
11.05.2020 14:00;11.05.2020 15:00;8,71
11.05.2020 15:00;11.05.2020 16:00;8,01
11.05.2020 16:00;11.05.2020 17:00;8,07
11.05.2020 17:00;11.05.2020 18:00;13,89
11.05.2020 18:00;11.05.2020 19:00;18,33
11.05.2020 19:00;11.05.2020 20:00;22,0
11.05.2020 20:00;11.05.2020 21:00;22,24
11.05.2020 21:00;11.05.2020 22:00;23,97
11.05.2020 22:00;11.05.2020 23:00;21,85
11.05.2020 23:00;12.05.2020 00:00;20,01
12.05.2020 00:00;12.05.2020 01:00;21,4
12.05.2020 01:00;12.05.2020 02:00;18,93
12.05.2020 02:00;12.05.2020 03:00;18,06
12.05.2020 03:00;12.05.2020 04:00;17,05
12.05.2020 04:00;12.05.2020 05:00;16,84
12.05.2020 05:00;12.05.2020 06:00;19,3
12.05.2020 06:00;12.05.2020 07:00;26,53
12.05.2020 07:00;12.05.2020 08:00;33,36
12.05.2020 08:00;12.05.2020 09:00;26,68
12.05.2020 09:00;12.05.2020 10:00;24,0
12.05.2020 10:00;12.05.2020 11:00;22,54
12.05.2020 11:00;12.05.2020 12:00;22,0
12.05.2020 12:00;12.05.2020 13:00;20,0
12.05.2020 13:00;12.05.2020 14:00;18,03
12.05.2020 14:00;12.05.2020 15:00;17,03
12.05.2020 15:00;12.05.2020 16:00;17,05
12.05.2020 16:00;12.05.2020 17:00;17,1
12.05.2020 17:00;12.05.2020 18:00;21,53
12.05.2020 18:00;12.05.2020 19:00;25,28
12.05.2020 19:00;12.05.2020 20:00;27,83
12.05.2020 20:00;12.05.2020 21:00;28,76
12.05.2020 21:00;12.05.2020 22:00;26,52
12.05.2020 22:00;12.05.2020 23:00;25,15
12.05.2020 23:00;13.05.2020 00:00;23,6
13.05.2020 00:00;13.05.2020 01:00;23,92
13.05.2020 01:00;13.05.2020 02:00;22,05
13.05.2020 02:00;13.05.2020 03:00;20,46
13.05.2020 03:00;13.05.2020 04:00;19,97
13.05.2020 04:00;13.05.2020 05:00;20,16
13.05.2020 05:00;13.05.2020 06:00;22,58
13.05.2020 06:00;13.05.2020 07:00;32,09
13.05.2020 07:00;13.05.2020 08:00;43,68
13.05.2020 08:00;13.05.2020 09:00;43,09
13.05.2020 09:00;13.05.2020 10:00;35,8
13.05.2020 10:00;13.05.2020 11:00;35,79
13.05.2020 11:00;13.05.2020 12:00;34,0
13.05.2020 12:00;13.05.2020 13:00;32,44
13.05.2020 13:00;13.05.2020 14:00;30,49
13.05.2020 14:00;13.05.2020 15:00;28,8
13.05.2020 15:00;13.05.2020 16:00;28,72
13.05.2020 16:00;13.05.2020 17:00;28,33
13.05.2020 17:00;13.05.2020 18:00;34,88
13.05.2020 18:00;13.05.2020 19:00;34,73
13.05.2020 19:00;13.05.2020 20:00;34,88
13.05.2020 20:00;13.05.2020 21:00;33,5
13.05.2020 21:00;13.05.2020 22:00;29,87
13.05.2020 22:00;13.05.2020 23:00;23,91
13.05.2020 23:00;14.05.2020 00:00;20,06
14.05.2020 00:00;14.05.2020 01:00;18,15
14.05.2020 01:00;14.05.2020 02:00;17,91
14.05.2020 02:00;14.05.2020 03:00;16,75
14.05.2020 03:00;14.05.2020 04:00;16,96
14.05.2020 04:00;14.05.2020 05:00;18,17
14.05.2020 05:00;14.05.2020 06:00;19,03
14.05.2020 06:00;14.05.2020 07:00;23,33
14.05.2020 07:00;14.05.2020 08:00;29,25
14.05.2020 08:00;14.05.2020 09:00;29,48
14.05.2020 09:00;14.05.2020 10:00;27,44
14.05.2020 10:00;14.05.2020 11:00;24,28
14.05.2020 11:00;14.05.2020 12:00;23,0
14.05.2020 12:00;14.05.2020 13:00;21,32
14.05.2020 13:00;14.05.2020 14:00;19,5
14.05.2020 14:00;14.05.2020 15:00;19,62
14.05.2020 15:00;14.05.2020 16:00;19,3
14.05.2020 16:00;14.05.2020 17:00;19,84
14.05.2020 17:00;14.05.2020 18:00;23,42
14.05.2020 18:00;14.05.2020 19:00;26,9
14.05.2020 19:00;14.05.2020 20:00;28,99
14.05.2020 20:00;14.05.2020 21:00;30,08
14.05.2020 21:00;14.05.2020 22:00;27,06
14.05.2020 22:00;14.05.2020 23:00;25,2
14.05.2020 23:00;15.05.2020 00:00;21,89
15.05.2020 00:00;15.05.2020 01:00;19,05
15.05.2020 01:00;15.05.2020 02:00;17,53
15.05.2020 02:00;15.05.2020 03:00;17,03
15.05.2020 03:00;15.05.2020 04:00;17,07
15.05.2020 04:00;15.05.2020 05:00;17,07
15.05.2020 05:00;15.05.2020 06:00;19,71
15.05.2020 06:00;15.05.2020 07:00;24,08
15.05.2020 07:00;15.05.2020 08:00;27,39
15.05.2020 08:00;15.05.2020 09:00;27,97
15.05.2020 09:00;15.05.2020 10:00;23,0
15.05.2020 10:00;15.05.2020 11:00;22,65
15.05.2020 11:00;15.05.2020 12:00;21,6
15.05.2020 12:00;15.05.2020 13:00;19,96
15.05.2020 13:00;15.05.2020 14:00;18,63
15.05.2020 14:00;15.05.2020 15:00;18,45
15.05.2020 15:00;15.05.2020 16:00;18,0
15.05.2020 16:00;15.05.2020 17:00;18,0
15.05.2020 17:00;15.05.2020 18:00;19,99
15.05.2020 18:00;15.05.2020 19:00;22,05
15.05.2020 19:00;15.05.2020 20:00;24,92
15.05.2020 20:00;15.05.2020 21:00;25,9
15.05.2020 21:00;15.05.2020 22:00;25,25
15.05.2020 22:00;15.05.2020 23:00;21,85
15.05.2020 23:00;16.05.2020 00:00;18,86
16.05.2020 00:00;16.05.2020 01:00;20,0
16.05.2020 01:00;16.05.2020 02:00;18,14
16.05.2020 02:00;16.05.2020 03:00;17,08
16.05.2020 03:00;16.05.2020 04:00;16,43
16.05.2020 04:00;16.05.2020 05:00;14,95
16.05.2020 05:00;16.05.2020 06:00;14,54
16.05.2020 06:00;16.05.2020 07:00;14,94
16.05.2020 07:00;16.05.2020 08:00;16,0
16.05.2020 08:00;16.05.2020 09:00;15,71
16.05.2020 09:00;16.05.2020 10:00;13,39
16.05.2020 10:00;16.05.2020 11:00;10,08
16.05.2020 11:00;16.05.2020 12:00;10,85
16.05.2020 12:00;16.05.2020 13:00;13,27
16.05.2020 13:00;16.05.2020 14:00;11,86
16.05.2020 14:00;16.05.2020 15:00;8,87
16.05.2020 15:00;16.05.2020 16:00;11,24
16.05.2020 16:00;16.05.2020 17:00;11,03
16.05.2020 17:00;16.05.2020 18:00;14,5
16.05.2020 18:00;16.05.2020 19:00;20,39
16.05.2020 19:00;16.05.2020 20:00;26,09
16.05.2020 20:00;16.05.2020 21:00;28,58
16.05.2020 21:00;16.05.2020 22:00;29,42
16.05.2020 22:00;16.05.2020 23:00;26,5
16.05.2020 23:00;17.05.2020 00:00;23,08
17.05.2020 00:00;17.05.2020 01:00;18,93
17.05.2020 01:00;17.05.2020 02:00;17,79
17.05.2020 02:00;17.05.2020 03:00;15,15
17.05.2020 03:00;17.05.2020 04:00;13,66
17.05.2020 04:00;17.05.2020 05:00;11,89
17.05.2020 05:00;17.05.2020 06:00;12,62
17.05.2020 06:00;17.05.2020 07:00;8,52
17.05.2020 07:00;17.05.2020 08:00;11,9
17.05.2020 08:00;17.05.2020 09:00;11,61
17.05.2020 09:00;17.05.2020 10:00;8,08
17.05.2020 10:00;17.05.2020 11:00;1,97
17.05.2020 11:00;17.05.2020 12:00;0,08
17.05.2020 12:00;17.05.2020 13:00;0,96
17.05.2020 13:00;17.05.2020 14:00;-5,19
17.05.2020 14:00;17.05.2020 15:00;-16,76
17.05.2020 15:00;17.05.2020 16:00;-14,9
17.05.2020 16:00;17.05.2020 17:00;-2,06
17.05.2020 17:00;17.05.2020 18:00;6,41
17.05.2020 18:00;17.05.2020 19:00;16,05
17.05.2020 19:00;17.05.2020 20:00;20,51
17.05.2020 20:00;17.05.2020 21:00;22,18
17.05.2020 21:00;17.05.2020 22:00;23,95
17.05.2020 22:00;17.05.2020 23:00;23,22
17.05.2020 23:00;18.05.2020 00:00;20,54
18.05.2020 00:00;18.05.2020 01:00;18,0
18.05.2020 01:00;18.05.2020 02:00;15,54
18.05.2020 02:00;18.05.2020 03:00;14,01
18.05.2020 03:00;18.05.2020 04:00;12,95
18.05.2020 04:00;18.05.2020 05:00;13,97
18.05.2020 05:00;18.05.2020 06:00;17,98
18.05.2020 06:00;18.05.2020 07:00;24,96
18.05.2020 07:00;18.05.2020 08:00;27,94
18.05.2020 08:00;18.05.2020 09:00;29,91
18.05.2020 09:00;18.05.2020 10:00;22,96
18.05.2020 10:00;18.05.2020 11:00;18,91
18.05.2020 11:00;18.05.2020 12:00;16,9
18.05.2020 12:00;18.05.2020 13:00;15,36
18.05.2020 13:00;18.05.2020 14:00;14,04
18.05.2020 14:00;18.05.2020 15:00;13,26
18.05.2020 15:00;18.05.2020 16:00;12,85
18.05.2020 16:00;18.05.2020 17:00;13,44
18.05.2020 17:00;18.05.2020 18:00;19,07
18.05.2020 18:00;18.05.2020 19:00;22,81
18.05.2020 19:00;18.05.2020 20:00;25,95
18.05.2020 20:00;18.05.2020 21:00;31,9
18.05.2020 21:00;18.05.2020 22:00;26,08
18.05.2020 22:00;18.05.2020 23:00;23,99
18.05.2020 23:00;19.05.2020 00:00;21,04
19.05.2020 00:00;19.05.2020 01:00;17,05
19.05.2020 01:00;19.05.2020 02:00;16,13
19.05.2020 02:00;19.05.2020 03:00;16,16
19.05.2020 03:00;19.05.2020 04:00;15,74
19.05.2020 04:00;19.05.2020 05:00;17,01
19.05.2020 05:00;19.05.2020 06:00;18,53
19.05.2020 06:00;19.05.2020 07:00;22,26
19.05.2020 07:00;19.05.2020 08:00;26,04
19.05.2020 08:00;19.05.2020 09:00;28,18
19.05.2020 09:00;19.05.2020 10:00;22,96
19.05.2020 10:00;19.05.2020 11:00;20,07
19.05.2020 11:00;19.05.2020 12:00;20,13
19.05.2020 12:00;19.05.2020 13:00;19,31
19.05.2020 13:00;19.05.2020 14:00;18,19
19.05.2020 14:00;19.05.2020 15:00;17,71
19.05.2020 15:00;19.05.2020 16:00;17,82
19.05.2020 16:00;19.05.2020 17:00;19,03
19.05.2020 17:00;19.05.2020 18:00;22,14
19.05.2020 18:00;19.05.2020 19:00;28,67
19.05.2020 19:00;19.05.2020 20:00;42,65
19.05.2020 20:00;19.05.2020 21:00;49,98
19.05.2020 21:00;19.05.2020 22:00;40,48
19.05.2020 22:00;19.05.2020 23:00;29,07
19.05.2020 23:00;20.05.2020 00:00;23,18
20.05.2020 00:00;20.05.2020 01:00;21,24
20.05.2020 01:00;20.05.2020 02:00;22,35
20.05.2020 02:00;20.05.2020 03:00;21,58
20.05.2020 03:00;20.05.2020 04:00;21,56
20.05.2020 04:00;20.05.2020 05:00;20,67
20.05.2020 05:00;20.05.2020 06:00;23,25
20.05.2020 06:00;20.05.2020 07:00;44,83
20.05.2020 07:00;20.05.2020 08:00;56,69
20.05.2020 08:00;20.05.2020 09:00;57,0
20.05.2020 09:00;20.05.2020 10:00;34,31
20.05.2020 10:00;20.05.2020 11:00;28,72
20.05.2020 11:00;20.05.2020 12:00;30,55
20.05.2020 12:00;20.05.2020 13:00;28,09
20.05.2020 13:00;20.05.2020 14:00;23,43
20.05.2020 14:00;20.05.2020 15:00;22,93
20.05.2020 15:00;20.05.2020 16:00;23,06
20.05.2020 16:00;20.05.2020 17:00;23,24
20.05.2020 17:00;20.05.2020 18:00;25,63
20.05.2020 18:00;20.05.2020 19:00;33,97
20.05.2020 19:00;20.05.2020 20:00;44,58
20.05.2020 20:00;20.05.2020 21:00;56,3
20.05.2020 21:00;20.05.2020 22:00;46,9
20.05.2020 22:00;20.05.2020 23:00;35,42
20.05.2020 23:00;21.05.2020 00:00;22,94
21.05.2020 00:00;21.05.2020 01:00;21,37
21.05.2020 01:00;21.05.2020 02:00;20,01
21.05.2020 02:00;21.05.2020 03:00;17,29
21.05.2020 03:00;21.05.2020 04:00;16,74
21.05.2020 04:00;21.05.2020 05:00;16,84
21.05.2020 05:00;21.05.2020 06:00;16,18
21.05.2020 06:00;21.05.2020 07:00;17,85
21.05.2020 07:00;21.05.2020 08:00;19,77
21.05.2020 08:00;21.05.2020 09:00;19,56
21.05.2020 09:00;21.05.2020 10:00;16,12
21.05.2020 10:00;21.05.2020 11:00;14,82
21.05.2020 11:00;21.05.2020 12:00;14,92
21.05.2020 12:00;21.05.2020 13:00;14,81
21.05.2020 13:00;21.05.2020 14:00;13,29
21.05.2020 14:00;21.05.2020 15:00;12,14
21.05.2020 15:00;21.05.2020 16:00;13,9
21.05.2020 16:00;21.05.2020 17:00;15,47
21.05.2020 17:00;21.05.2020 18:00;18,0
21.05.2020 18:00;21.05.2020 19:00;22,09
21.05.2020 19:00;21.05.2020 20:00;29,66
21.05.2020 20:00;21.05.2020 21:00;42,66
21.05.2020 21:00;21.05.2020 22:00;29,52
21.05.2020 22:00;21.05.2020 23:00;24,12
21.05.2020 23:00;22.05.2020 00:00;22,78
22.05.2020 00:00;22.05.2020 01:00;20,0
22.05.2020 01:00;22.05.2020 02:00;17,03
22.05.2020 02:00;22.05.2020 03:00;15,5
22.05.2020 03:00;22.05.2020 04:00;14,02
22.05.2020 04:00;22.05.2020 05:00;14,15
22.05.2020 05:00;22.05.2020 06:00;15,75
22.05.2020 06:00;22.05.2020 07:00;20,83
22.05.2020 07:00;22.05.2020 08:00;21,94
22.05.2020 08:00;22.05.2020 09:00;21,92
22.05.2020 09:00;22.05.2020 10:00;21,2
22.05.2020 10:00;22.05.2020 11:00;16,49
22.05.2020 11:00;22.05.2020 12:00;14,59
22.05.2020 12:00;22.05.2020 13:00;14,69
22.05.2020 13:00;22.05.2020 14:00;14,57
22.05.2020 14:00;22.05.2020 15:00;16,09
22.05.2020 15:00;22.05.2020 16:00;17,27
22.05.2020 16:00;22.05.2020 17:00;18,35
22.05.2020 17:00;22.05.2020 18:00;22,07
22.05.2020 18:00;22.05.2020 19:00;22,98
22.05.2020 19:00;22.05.2020 20:00;23,71
22.05.2020 20:00;22.05.2020 21:00;23,35
22.05.2020 21:00;22.05.2020 22:00;22,2
22.05.2020 22:00;22.05.2020 23:00;22,81
22.05.2020 23:00;23.05.2020 00:00;20,47
23.05.2020 00:00;23.05.2020 01:00;14,01
23.05.2020 01:00;23.05.2020 02:00;11,48
23.05.2020 02:00;23.05.2020 03:00;10,87
23.05.2020 03:00;23.05.2020 04:00;8,72
23.05.2020 04:00;23.05.2020 05:00;9,37
23.05.2020 05:00;23.05.2020 06:00;9,5
23.05.2020 06:00;23.05.2020 07:00;12,37
23.05.2020 07:00;23.05.2020 08:00;15,07
23.05.2020 08:00;23.05.2020 09:00;16,57
23.05.2020 09:00;23.05.2020 10:00;16,72
23.05.2020 10:00;23.05.2020 11:00;15,53
23.05.2020 11:00;23.05.2020 12:00;12,63
23.05.2020 12:00;23.05.2020 13:00;12,7
23.05.2020 13:00;23.05.2020 14:00;4,64
23.05.2020 14:00;23.05.2020 15:00;0,01
23.05.2020 15:00;23.05.2020 16:00;-0,94
23.05.2020 16:00;23.05.2020 17:00;-0,38
23.05.2020 17:00;23.05.2020 18:00;0,75
23.05.2020 18:00;23.05.2020 19:00;8,01
23.05.2020 19:00;23.05.2020 20:00;12,2
23.05.2020 20:00;23.05.2020 21:00;14,04
23.05.2020 21:00;23.05.2020 22:00;13,94
23.05.2020 22:00;23.05.2020 23:00;14,56
23.05.2020 23:00;24.05.2020 00:00;13,99
24.05.2020 00:00;24.05.2020 01:00;0,03
24.05.2020 01:00;24.05.2020 02:00;-2,44
24.05.2020 02:00;24.05.2020 03:00;-8,77
24.05.2020 03:00;24.05.2020 04:00;-20,01
24.05.2020 04:00;24.05.2020 05:00;-20,37
24.05.2020 05:00;24.05.2020 06:00;-24,65
24.05.2020 06:00;24.05.2020 07:00;-30,98
24.05.2020 07:00;24.05.2020 08:00;-25,0
24.05.2020 08:00;24.05.2020 09:00;-26,97
24.05.2020 09:00;24.05.2020 10:00;-39,46
24.05.2020 10:00;24.05.2020 11:00;-63,04
24.05.2020 11:00;24.05.2020 12:00;-63,06
24.05.2020 12:00;24.05.2020 13:00;-70,04
24.05.2020 13:00;24.05.2020 14:00;-74,97
24.05.2020 14:00;24.05.2020 15:00;-74,97
24.05.2020 15:00;24.05.2020 16:00;-69,99
24.05.2020 16:00;24.05.2020 17:00;-57,74
24.05.2020 17:00;24.05.2020 18:00;-16,98
24.05.2020 18:00;24.05.2020 19:00;1,54
24.05.2020 19:00;24.05.2020 20:00;8,03
24.05.2020 20:00;24.05.2020 21:00;14,0
24.05.2020 21:00;24.05.2020 22:00;14,39
24.05.2020 22:00;24.05.2020 23:00;16,31
24.05.2020 23:00;25.05.2020 00:00;8,0
25.05.2020 00:00;25.05.2020 01:00;13,01
25.05.2020 01:00;25.05.2020 02:00;12,03
25.05.2020 02:00;25.05.2020 03:00;8,03
25.05.2020 03:00;25.05.2020 04:00;7,59
25.05.2020 04:00;25.05.2020 05:00;7,73
25.05.2020 05:00;25.05.2020 06:00;9,99
25.05.2020 06:00;25.05.2020 07:00;16,02
25.05.2020 07:00;25.05.2020 08:00;21,09
25.05.2020 08:00;25.05.2020 09:00;22,06
25.05.2020 09:00;25.05.2020 10:00;20,92
25.05.2020 10:00;25.05.2020 11:00;20,0
25.05.2020 11:00;25.05.2020 12:00;20,94
25.05.2020 12:00;25.05.2020 13:00;17,5
25.05.2020 13:00;25.05.2020 14:00;15,47
25.05.2020 14:00;25.05.2020 15:00;14,38
25.05.2020 15:00;25.05.2020 16:00;14,0
25.05.2020 16:00;25.05.2020 17:00;15,75
25.05.2020 17:00;25.05.2020 18:00;18,9
25.05.2020 18:00;25.05.2020 19:00;23,53
25.05.2020 19:00;25.05.2020 20:00;26,08
25.05.2020 20:00;25.05.2020 21:00;38,32
25.05.2020 21:00;25.05.2020 22:00;34,35
25.05.2020 22:00;25.05.2020 23:00;26,25
25.05.2020 23:00;26.05.2020 00:00;23,19
26.05.2020 00:00;26.05.2020 01:00;21,1
26.05.2020 01:00;26.05.2020 02:00;22,63
26.05.2020 02:00;26.05.2020 03:00;21,41
26.05.2020 03:00;26.05.2020 04:00;21,49
26.05.2020 04:00;26.05.2020 05:00;22,65
26.05.2020 05:00;26.05.2020 06:00;22,72
26.05.2020 06:00;26.05.2020 07:00;34,94
26.05.2020 07:00;26.05.2020 08:00;40,05
26.05.2020 08:00;26.05.2020 09:00;34,65
26.05.2020 09:00;26.05.2020 10:00;24,21
26.05.2020 10:00;26.05.2020 11:00;22,59
26.05.2020 11:00;26.05.2020 12:00;21,97
26.05.2020 12:00;26.05.2020 13:00;21,0
26.05.2020 13:00;26.05.2020 14:00;19,75
26.05.2020 14:00;26.05.2020 15:00;19,98
26.05.2020 15:00;26.05.2020 16:00;20,91
26.05.2020 16:00;26.05.2020 17:00;21,0
26.05.2020 17:00;26.05.2020 18:00;24,2
26.05.2020 18:00;26.05.2020 19:00;31,29
26.05.2020 19:00;26.05.2020 20:00;47,9
26.05.2020 20:00;26.05.2020 21:00;50,15
26.05.2020 21:00;26.05.2020 22:00;35,95
26.05.2020 22:00;26.05.2020 23:00;31,51
26.05.2020 23:00;27.05.2020 00:00;24,15
27.05.2020 00:00;27.05.2020 01:00;23,15
27.05.2020 01:00;27.05.2020 02:00;21,68
27.05.2020 02:00;27.05.2020 03:00;21,4
27.05.2020 03:00;27.05.2020 04:00;21,92
27.05.2020 04:00;27.05.2020 05:00;21,99
27.05.2020 05:00;27.05.2020 06:00;22,54
27.05.2020 06:00;27.05.2020 07:00;26,05
27.05.2020 07:00;27.05.2020 08:00;31,94
27.05.2020 08:00;27.05.2020 09:00;26,85
27.05.2020 09:00;27.05.2020 10:00;24,1
27.05.2020 10:00;27.05.2020 11:00;21,16
27.05.2020 11:00;27.05.2020 12:00;23,08
27.05.2020 12:00;27.05.2020 13:00;22,04
27.05.2020 13:00;27.05.2020 14:00;20,71
27.05.2020 14:00;27.05.2020 15:00;20,0
27.05.2020 15:00;27.05.2020 16:00;19,99
27.05.2020 16:00;27.05.2020 17:00;19,65
27.05.2020 17:00;27.05.2020 18:00;21,4
27.05.2020 18:00;27.05.2020 19:00;22,76
27.05.2020 19:00;27.05.2020 20:00;24,92
27.05.2020 20:00;27.05.2020 21:00;25,54
27.05.2020 21:00;27.05.2020 22:00;23,99
27.05.2020 22:00;27.05.2020 23:00;22,65
27.05.2020 23:00;28.05.2020 00:00;20,02
28.05.2020 00:00;28.05.2020 01:00;18,09
28.05.2020 01:00;28.05.2020 02:00;16,31
28.05.2020 02:00;28.05.2020 03:00;16,2
28.05.2020 03:00;28.05.2020 04:00;15,92
28.05.2020 04:00;28.05.2020 05:00;16,16
28.05.2020 05:00;28.05.2020 06:00;18,03
28.05.2020 06:00;28.05.2020 07:00;22,94
28.05.2020 07:00;28.05.2020 08:00;25,55
28.05.2020 08:00;28.05.2020 09:00;25,16
28.05.2020 09:00;28.05.2020 10:00;22,99
28.05.2020 10:00;28.05.2020 11:00;20,15
28.05.2020 11:00;28.05.2020 12:00;18,95
28.05.2020 12:00;28.05.2020 13:00;18,0
28.05.2020 13:00;28.05.2020 14:00;17,03
28.05.2020 14:00;28.05.2020 15:00;16,9
28.05.2020 15:00;28.05.2020 16:00;16,19
28.05.2020 16:00;28.05.2020 17:00;15,48
28.05.2020 17:00;28.05.2020 18:00;19,99
28.05.2020 18:00;28.05.2020 19:00;22,99
28.05.2020 19:00;28.05.2020 20:00;26,15
28.05.2020 20:00;28.05.2020 21:00;26,11
28.05.2020 21:00;28.05.2020 22:00;27,16
28.05.2020 22:00;28.05.2020 23:00;25,05
28.05.2020 23:00;29.05.2020 00:00;22,39
29.05.2020 00:00;29.05.2020 01:00;19,42
29.05.2020 01:00;29.05.2020 02:00;18,88
29.05.2020 02:00;29.05.2020 03:00;18,22
29.05.2020 03:00;29.05.2020 04:00;19,07
29.05.2020 04:00;29.05.2020 05:00;19,43
29.05.2020 05:00;29.05.2020 06:00;22,36
29.05.2020 06:00;29.05.2020 07:00;27,92
29.05.2020 07:00;29.05.2020 08:00;37,2
29.05.2020 08:00;29.05.2020 09:00;30,92
29.05.2020 09:00;29.05.2020 10:00;24,4
29.05.2020 10:00;29.05.2020 11:00;22,35
29.05.2020 11:00;29.05.2020 12:00;20,68
29.05.2020 12:00;29.05.2020 13:00;19,91
29.05.2020 13:00;29.05.2020 14:00;19,04
29.05.2020 14:00;29.05.2020 15:00;16,15
29.05.2020 15:00;29.05.2020 16:00;17,3
29.05.2020 16:00;29.05.2020 17:00;18,1
29.05.2020 17:00;29.05.2020 18:00;22,85
29.05.2020 18:00;29.05.2020 19:00;25,68
29.05.2020 19:00;29.05.2020 20:00;26,49
29.05.2020 20:00;29.05.2020 21:00;25,79
29.05.2020 21:00;29.05.2020 22:00;25,97
29.05.2020 22:00;29.05.2020 23:00;24,16
29.05.2020 23:00;30.05.2020 00:00;22,32
30.05.2020 00:00;30.05.2020 01:00;18,27
30.05.2020 01:00;30.05.2020 02:00;15,55
30.05.2020 02:00;30.05.2020 03:00;15,06
30.05.2020 03:00;30.05.2020 04:00;15,0
30.05.2020 04:00;30.05.2020 05:00;14,55
30.05.2020 05:00;30.05.2020 06:00;15,0
30.05.2020 06:00;30.05.2020 07:00;14,4
30.05.2020 07:00;30.05.2020 08:00;15,04
30.05.2020 08:00;30.05.2020 09:00;13,0
30.05.2020 09:00;30.05.2020 10:00;12,0
30.05.2020 10:00;30.05.2020 11:00;9,33
30.05.2020 11:00;30.05.2020 12:00;7,17
30.05.2020 12:00;30.05.2020 13:00;9,44
30.05.2020 13:00;30.05.2020 14:00;4,8
30.05.2020 14:00;30.05.2020 15:00;2,61
30.05.2020 15:00;30.05.2020 16:00;2,17
30.05.2020 16:00;30.05.2020 17:00;4,61
30.05.2020 17:00;30.05.2020 18:00;9,06
30.05.2020 18:00;30.05.2020 19:00;15,33
30.05.2020 19:00;30.05.2020 20:00;17,58
30.05.2020 20:00;30.05.2020 21:00;17,46
30.05.2020 21:00;30.05.2020 22:00;18,28
30.05.2020 22:00;30.05.2020 23:00;17,91
30.05.2020 23:00;31.05.2020 00:00;17,26
31.05.2020 00:00;31.05.2020 01:00;11,88
31.05.2020 01:00;31.05.2020 02:00;11,6
31.05.2020 02:00;31.05.2020 03:00;11,76
31.05.2020 03:00;31.05.2020 04:00;11,09
31.05.2020 04:00;31.05.2020 05:00;8,83
31.05.2020 05:00;31.05.2020 06:00;7,15
31.05.2020 06:00;31.05.2020 07:00;5,56
31.05.2020 07:00;31.05.2020 08:00;6,12
31.05.2020 08:00;31.05.2020 09:00;2,58
31.05.2020 09:00;31.05.2020 10:00;2,7
31.05.2020 10:00;31.05.2020 11:00;0,1
31.05.2020 11:00;31.05.2020 12:00;1,05
31.05.2020 12:00;31.05.2020 13:00;0,85
31.05.2020 13:00;31.05.2020 14:00;-7,68
31.05.2020 14:00;31.05.2020 15:00;-35,51
31.05.2020 15:00;31.05.2020 16:00;-45,05
31.05.2020 16:00;31.05.2020 17:00;-20,22
31.05.2020 17:00;31.05.2020 18:00;-0,1
31.05.2020 18:00;31.05.2020 19:00;4,98
31.05.2020 19:00;31.05.2020 20:00;12,54
31.05.2020 20:00;31.05.2020 21:00;12,57
31.05.2020 21:00;31.05.2020 22:00;13,38
31.05.2020 22:00;31.05.2020 23:00;12,59
31.05.2020 23:00;01.06.2020 00:00;11,1
01.06.2020 00:00;01.06.2020 01:00;8,15
01.06.2020 01:00;01.06.2020 02:00;8,93
01.06.2020 02:00;01.06.2020 03:00;9,8
01.06.2020 03:00;01.06.2020 04:00;6,07
01.06.2020 04:00;01.06.2020 05:00;4,07
01.06.2020 05:00;01.06.2020 06:00;5,77
01.06.2020 06:00;01.06.2020 07:00;7,31
01.06.2020 07:00;01.06.2020 08:00;10,05
01.06.2020 08:00;01.06.2020 09:00;10,96
01.06.2020 09:00;01.06.2020 10:00;9,17
01.06.2020 10:00;01.06.2020 11:00;4,01
01.06.2020 11:00;01.06.2020 12:00;1,71
01.06.2020 12:00;01.06.2020 13:00;3,04
01.06.2020 13:00;01.06.2020 14:00;-20,51
01.06.2020 14:00;01.06.2020 15:00;-48,17
01.06.2020 15:00;01.06.2020 16:00;-15,47
01.06.2020 16:00;01.06.2020 17:00;0,47
01.06.2020 17:00;01.06.2020 18:00;11,53
01.06.2020 18:00;01.06.2020 19:00;16,57
01.06.2020 19:00;01.06.2020 20:00;22,0
01.06.2020 20:00;01.06.2020 21:00;23,05
01.06.2020 21:00;01.06.2020 22:00;22,91
01.06.2020 22:00;01.06.2020 23:00;23,37
01.06.2020 23:00;02.06.2020 00:00;20,9
02.06.2020 00:00;02.06.2020 01:00;18,08
02.06.2020 01:00;02.06.2020 02:00;16,33
02.06.2020 02:00;02.06.2020 03:00;14,99
02.06.2020 03:00;02.06.2020 04:00;14,65
02.06.2020 04:00;02.06.2020 05:00;15,92
02.06.2020 05:00;02.06.2020 06:00;19,96
02.06.2020 06:00;02.06.2020 07:00;29,37
02.06.2020 07:00;02.06.2020 08:00;47,66
02.06.2020 08:00;02.06.2020 09:00;42,29
02.06.2020 09:00;02.06.2020 10:00;24,1
02.06.2020 10:00;02.06.2020 11:00;21,86
02.06.2020 11:00;02.06.2020 12:00;21,45
02.06.2020 12:00;02.06.2020 13:00;20,91
02.06.2020 13:00;02.06.2020 14:00;19,54
02.06.2020 14:00;02.06.2020 15:00;19,02
02.06.2020 15:00;02.06.2020 16:00;18,06
02.06.2020 16:00;02.06.2020 17:00;20,09
02.06.2020 17:00;02.06.2020 18:00;26,02
02.06.2020 18:00;02.06.2020 19:00;41,7
02.06.2020 19:00;02.06.2020 20:00;53,65
02.06.2020 20:00;02.06.2020 21:00;60,75
02.06.2020 21:00;02.06.2020 22:00;49,95
02.06.2020 22:00;02.06.2020 23:00;37,92
02.06.2020 23:00;03.06.2020 00:00;25,92
03.06.2020 00:00;03.06.2020 01:00;25,54
03.06.2020 01:00;03.06.2020 02:00;24,0
03.06.2020 02:00;03.06.2020 03:00;22,72
03.06.2020 03:00;03.06.2020 04:00;20,87
03.06.2020 04:00;03.06.2020 05:00;20,24
03.06.2020 05:00;03.06.2020 06:00;21,17
03.06.2020 06:00;03.06.2020 07:00;31,82
03.06.2020 07:00;03.06.2020 08:00;51,41
03.06.2020 08:00;03.06.2020 09:00;36,06
03.06.2020 09:00;03.06.2020 10:00;31,07
03.06.2020 10:00;03.06.2020 11:00;28,72
03.06.2020 11:00;03.06.2020 12:00;28,0
03.06.2020 12:00;03.06.2020 13:00;27,23
03.06.2020 13:00;03.06.2020 14:00;25,27
03.06.2020 14:00;03.06.2020 15:00;25,58
03.06.2020 15:00;03.06.2020 16:00;26,04
03.06.2020 16:00;03.06.2020 17:00;25,78
03.06.2020 17:00;03.06.2020 18:00;26,18
03.06.2020 18:00;03.06.2020 19:00;29,68
03.06.2020 19:00;03.06.2020 20:00;40,17
03.06.2020 20:00;03.06.2020 21:00;40,1
03.06.2020 21:00;03.06.2020 22:00;32,6
03.06.2020 22:00;03.06.2020 23:00;27,91
03.06.2020 23:00;04.06.2020 00:00;23,99
04.06.2020 00:00;04.06.2020 01:00;22,17
04.06.2020 01:00;04.06.2020 02:00;20,98
04.06.2020 02:00;04.06.2020 03:00;19,61
04.06.2020 03:00;04.06.2020 04:00;20,15
04.06.2020 04:00;04.06.2020 05:00;20,36
04.06.2020 05:00;04.06.2020 06:00;23,83
04.06.2020 06:00;04.06.2020 07:00;28,13
04.06.2020 07:00;04.06.2020 08:00;33,64
04.06.2020 08:00;04.06.2020 09:00;43,97
04.06.2020 09:00;04.06.2020 10:00;33,25
04.06.2020 10:00;04.06.2020 11:00;31,82
04.06.2020 11:00;04.06.2020 12:00;31,77
04.06.2020 12:00;04.06.2020 13:00;30,5
04.06.2020 13:00;04.06.2020 14:00;28,93
04.06.2020 14:00;04.06.2020 15:00;26,13
04.06.2020 15:00;04.06.2020 16:00;26,0
04.06.2020 16:00;04.06.2020 17:00;25,7
04.06.2020 17:00;04.06.2020 18:00;26,38
04.06.2020 18:00;04.06.2020 19:00;28,2
04.06.2020 19:00;04.06.2020 20:00;26,07
04.06.2020 20:00;04.06.2020 21:00;25,0
04.06.2020 21:00;04.06.2020 22:00;23,94
04.06.2020 22:00;04.06.2020 23:00;22,69
04.06.2020 23:00;05.06.2020 00:00;18,04
05.06.2020 00:00;05.06.2020 01:00;17,25
05.06.2020 01:00;05.06.2020 02:00;16,8
05.06.2020 02:00;05.06.2020 03:00;17,06
05.06.2020 03:00;05.06.2020 04:00;15,99
05.06.2020 04:00;05.06.2020 05:00;15,61
05.06.2020 05:00;05.06.2020 06:00;17,09
05.06.2020 06:00;05.06.2020 07:00;24,41
05.06.2020 07:00;05.06.2020 08:00;28,96
05.06.2020 08:00;05.06.2020 09:00;37,07
05.06.2020 09:00;05.06.2020 10:00;33,07
05.06.2020 10:00;05.06.2020 11:00;28,4
05.06.2020 11:00;05.06.2020 12:00;31,42
05.06.2020 12:00;05.06.2020 13:00;26,43
05.06.2020 13:00;05.06.2020 14:00;24,0
05.06.2020 14:00;05.06.2020 15:00;22,5
05.06.2020 15:00;05.06.2020 16:00;23,02
05.06.2020 16:00;05.06.2020 17:00;23,6
05.06.2020 17:00;05.06.2020 18:00;25,65
05.06.2020 18:00;05.06.2020 19:00;27,91
05.06.2020 19:00;05.06.2020 20:00;27,99
05.06.2020 20:00;05.06.2020 21:00;27,03
05.06.2020 21:00;05.06.2020 22:00;25,89
05.06.2020 22:00;05.06.2020 23:00;25,89
05.06.2020 23:00;06.06.2020 00:00;20,16
06.06.2020 00:00;06.06.2020 01:00;7,69
06.06.2020 01:00;06.06.2020 02:00;1,46
06.06.2020 02:00;06.06.2020 03:00;-0,09
06.06.2020 03:00;06.06.2020 04:00;0,03
06.06.2020 04:00;06.06.2020 05:00;1,44
06.06.2020 05:00;06.06.2020 06:00;1,35
06.06.2020 06:00;06.06.2020 07:00;0,08
06.06.2020 07:00;06.06.2020 08:00;2,81
06.06.2020 08:00;06.06.2020 09:00;5,79
06.06.2020 09:00;06.06.2020 10:00;5,65
06.06.2020 10:00;06.06.2020 11:00;4,22
06.06.2020 11:00;06.06.2020 12:00;2,42
06.06.2020 12:00;06.06.2020 13:00;0,06
06.06.2020 13:00;06.06.2020 14:00;-4,9
06.06.2020 14:00;06.06.2020 15:00;-3,46
06.06.2020 15:00;06.06.2020 16:00;-1,71
06.06.2020 16:00;06.06.2020 17:00;0,05
06.06.2020 17:00;06.06.2020 18:00;9,78
06.06.2020 18:00;06.06.2020 19:00;16,42
06.06.2020 19:00;06.06.2020 20:00;21,23
06.06.2020 20:00;06.06.2020 21:00;23,27
06.06.2020 21:00;06.06.2020 22:00;22,98
06.06.2020 22:00;06.06.2020 23:00;23,91
06.06.2020 23:00;07.06.2020 00:00;19,96
07.06.2020 00:00;07.06.2020 01:00;21,04
07.06.2020 01:00;07.06.2020 02:00;17,21
07.06.2020 02:00;07.06.2020 03:00;14,93
07.06.2020 03:00;07.06.2020 04:00;12,63
07.06.2020 04:00;07.06.2020 05:00;10,92
07.06.2020 05:00;07.06.2020 06:00;10,96
07.06.2020 06:00;07.06.2020 07:00;10,88
07.06.2020 07:00;07.06.2020 08:00;14,04
07.06.2020 08:00;07.06.2020 09:00;15,36
07.06.2020 09:00;07.06.2020 10:00;16,0
07.06.2020 10:00;07.06.2020 11:00;15,7
07.06.2020 11:00;07.06.2020 12:00;16,06
07.06.2020 12:00;07.06.2020 13:00;16,94
07.06.2020 13:00;07.06.2020 14:00;13,37
07.06.2020 14:00;07.06.2020 15:00;10,76
07.06.2020 15:00;07.06.2020 16:00;10,64
07.06.2020 16:00;07.06.2020 17:00;13,64
07.06.2020 17:00;07.06.2020 18:00;17,0
07.06.2020 18:00;07.06.2020 19:00;21,06
07.06.2020 19:00;07.06.2020 20:00;25,36
07.06.2020 20:00;07.06.2020 21:00;28,56
07.06.2020 21:00;07.06.2020 22:00;29,14
07.06.2020 22:00;07.06.2020 23:00;32,33
07.06.2020 23:00;08.06.2020 00:00;28,91
08.06.2020 00:00;08.06.2020 01:00;26,0
08.06.2020 01:00;08.06.2020 02:00;22,7
08.06.2020 02:00;08.06.2020 03:00;22,01
08.06.2020 03:00;08.06.2020 04:00;21,36
08.06.2020 04:00;08.06.2020 05:00;21,25
08.06.2020 05:00;08.06.2020 06:00;23,03
08.06.2020 06:00;08.06.2020 07:00;33,45
08.06.2020 07:00;08.06.2020 08:00;41,92
08.06.2020 08:00;08.06.2020 09:00;40,25
08.06.2020 09:00;08.06.2020 10:00;34,76
08.06.2020 10:00;08.06.2020 11:00;33,95
08.06.2020 11:00;08.06.2020 12:00;35,0
08.06.2020 12:00;08.06.2020 13:00;33,0
08.06.2020 13:00;08.06.2020 14:00;31,93
08.06.2020 14:00;08.06.2020 15:00;30,2
08.06.2020 15:00;08.06.2020 16:00;29,28
08.06.2020 16:00;08.06.2020 17:00;29,08
08.06.2020 17:00;08.06.2020 18:00;33,31
08.06.2020 18:00;08.06.2020 19:00;38,85
08.06.2020 19:00;08.06.2020 20:00;38,65
08.06.2020 20:00;08.06.2020 21:00;35,23
08.06.2020 21:00;08.06.2020 22:00;34,6
08.06.2020 22:00;08.06.2020 23:00;33,05
08.06.2020 23:00;09.06.2020 00:00;30,0
09.06.2020 00:00;09.06.2020 01:00;28,39
09.06.2020 01:00;09.06.2020 02:00;25,79
09.06.2020 02:00;09.06.2020 03:00;24,08
09.06.2020 03:00;09.06.2020 04:00;23,67
09.06.2020 04:00;09.06.2020 05:00;23,48
09.06.2020 05:00;09.06.2020 06:00;25,27
09.06.2020 06:00;09.06.2020 07:00;33,43
09.06.2020 07:00;09.06.2020 08:00;43,85
09.06.2020 08:00;09.06.2020 09:00;52,31
09.06.2020 09:00;09.06.2020 10:00;42,46
09.06.2020 10:00;09.06.2020 11:00;46,62
09.06.2020 11:00;09.06.2020 12:00;46,68
09.06.2020 12:00;09.06.2020 13:00;44,12
09.06.2020 13:00;09.06.2020 14:00;39,11
09.06.2020 14:00;09.06.2020 15:00;36,39
09.06.2020 15:00;09.06.2020 16:00;33,49
09.06.2020 16:00;09.06.2020 17:00;33,76
09.06.2020 17:00;09.06.2020 18:00;41,61
09.06.2020 18:00;09.06.2020 19:00;45,21
09.06.2020 19:00;09.06.2020 20:00;48,07
09.06.2020 20:00;09.06.2020 21:00;43,09
09.06.2020 21:00;09.06.2020 22:00;37,47
09.06.2020 22:00;09.06.2020 23:00;32,83
09.06.2020 23:00;10.06.2020 00:00;29,06
10.06.2020 00:00;10.06.2020 01:00;26,09
10.06.2020 01:00;10.06.2020 02:00;24,2
10.06.2020 02:00;10.06.2020 03:00;22,61
10.06.2020 03:00;10.06.2020 04:00;21,49
10.06.2020 04:00;10.06.2020 05:00;22,58
10.06.2020 05:00;10.06.2020 06:00;24,15
10.06.2020 06:00;10.06.2020 07:00;29,41
10.06.2020 07:00;10.06.2020 08:00;35,5
10.06.2020 08:00;10.06.2020 09:00;42,15
10.06.2020 09:00;10.06.2020 10:00;41,06
10.06.2020 10:00;10.06.2020 11:00;40,4
10.06.2020 11:00;10.06.2020 12:00;35,81
10.06.2020 12:00;10.06.2020 13:00;34,9
10.06.2020 13:00;10.06.2020 14:00;34,14
10.06.2020 14:00;10.06.2020 15:00;32,4
10.06.2020 15:00;10.06.2020 16:00;31,3
10.06.2020 16:00;10.06.2020 17:00;30,24
10.06.2020 17:00;10.06.2020 18:00;31,87
10.06.2020 18:00;10.06.2020 19:00;33,77
10.06.2020 19:00;10.06.2020 20:00;34,91
10.06.2020 20:00;10.06.2020 21:00;33,05
10.06.2020 21:00;10.06.2020 22:00;31,5
10.06.2020 22:00;10.06.2020 23:00;31,45
10.06.2020 23:00;11.06.2020 00:00;27,77
11.06.2020 00:00;11.06.2020 01:00;26,06
11.06.2020 01:00;11.06.2020 02:00;22,75
11.06.2020 02:00;11.06.2020 03:00;21,07
11.06.2020 03:00;11.06.2020 04:00;19,43
11.06.2020 04:00;11.06.2020 05:00;18,96
11.06.2020 05:00;11.06.2020 06:00;18,96
11.06.2020 06:00;11.06.2020 07:00;21,56
11.06.2020 07:00;11.06.2020 08:00;26,06
11.06.2020 08:00;11.06.2020 09:00;30,0
11.06.2020 09:00;11.06.2020 10:00;28,96
11.06.2020 10:00;11.06.2020 11:00;26,06
11.06.2020 11:00;11.06.2020 12:00;25,51
11.06.2020 12:00;11.06.2020 13:00;23,89
11.06.2020 13:00;11.06.2020 14:00;21,99
11.06.2020 14:00;11.06.2020 15:00;20,5
11.06.2020 15:00;11.06.2020 16:00;19,1
11.06.2020 16:00;11.06.2020 17:00;19,28
11.06.2020 17:00;11.06.2020 18:00;23,07
11.06.2020 18:00;11.06.2020 19:00;26,08
11.06.2020 19:00;11.06.2020 20:00;30,65
11.06.2020 20:00;11.06.2020 21:00;30,17
11.06.2020 21:00;11.06.2020 22:00;27,09
11.06.2020 22:00;11.06.2020 23:00;26,51
11.06.2020 23:00;12.06.2020 00:00;23,81
12.06.2020 00:00;12.06.2020 01:00;20,72
12.06.2020 01:00;12.06.2020 02:00;17,96
12.06.2020 02:00;12.06.2020 03:00;17,09
12.06.2020 03:00;12.06.2020 04:00;16,01
12.06.2020 04:00;12.06.2020 05:00;16,0
12.06.2020 05:00;12.06.2020 06:00;18,08
12.06.2020 06:00;12.06.2020 07:00;22,92
12.06.2020 07:00;12.06.2020 08:00;25,1
12.06.2020 08:00;12.06.2020 09:00;26,01
12.06.2020 09:00;12.06.2020 10:00;23,23
12.06.2020 10:00;12.06.2020 11:00;21,07
12.06.2020 11:00;12.06.2020 12:00;20,5
12.06.2020 12:00;12.06.2020 13:00;19,45
12.06.2020 13:00;12.06.2020 14:00;15,2
12.06.2020 14:00;12.06.2020 15:00;16,19
12.06.2020 15:00;12.06.2020 16:00;16,14
12.06.2020 16:00;12.06.2020 17:00;17,4
12.06.2020 17:00;12.06.2020 18:00;20,06
12.06.2020 18:00;12.06.2020 19:00;23,53
12.06.2020 19:00;12.06.2020 20:00;27,51
12.06.2020 20:00;12.06.2020 21:00;26,22
12.06.2020 21:00;12.06.2020 22:00;24,7
12.06.2020 22:00;12.06.2020 23:00;25,46
12.06.2020 23:00;13.06.2020 00:00;20,78
13.06.2020 00:00;13.06.2020 01:00;20,98
13.06.2020 01:00;13.06.2020 02:00;19,44
13.06.2020 02:00;13.06.2020 03:00;18,7
13.06.2020 03:00;13.06.2020 04:00;18,8
13.06.2020 04:00;13.06.2020 05:00;19,0
13.06.2020 05:00;13.06.2020 06:00;18,9
13.06.2020 06:00;13.06.2020 07:00;19,33
13.06.2020 07:00;13.06.2020 08:00;19,86
13.06.2020 08:00;13.06.2020 09:00;20,0
13.06.2020 09:00;13.06.2020 10:00;19,1
13.06.2020 10:00;13.06.2020 11:00;18,5
13.06.2020 11:00;13.06.2020 12:00;18,11
13.06.2020 12:00;13.06.2020 13:00;16,47
13.06.2020 13:00;13.06.2020 14:00;16,25
13.06.2020 14:00;13.06.2020 15:00;15,89
13.06.2020 15:00;13.06.2020 16:00;15,84
13.06.2020 16:00;13.06.2020 17:00;17,5
13.06.2020 17:00;13.06.2020 18:00;18,5
13.06.2020 18:00;13.06.2020 19:00;21,93
13.06.2020 19:00;13.06.2020 20:00;24,87
13.06.2020 20:00;13.06.2020 21:00;25,96
13.06.2020 21:00;13.06.2020 22:00;24,42
13.06.2020 22:00;13.06.2020 23:00;24,85
13.06.2020 23:00;14.06.2020 00:00;23,06
14.06.2020 00:00;14.06.2020 01:00;18,53
14.06.2020 01:00;14.06.2020 02:00;16,8
14.06.2020 02:00;14.06.2020 03:00;14,91
14.06.2020 03:00;14.06.2020 04:00;13,82
14.06.2020 04:00;14.06.2020 05:00;14,84
14.06.2020 05:00;14.06.2020 06:00;14,04
14.06.2020 06:00;14.06.2020 07:00;14,94
14.06.2020 07:00;14.06.2020 08:00;15,3
14.06.2020 08:00;14.06.2020 09:00;15,0
14.06.2020 09:00;14.06.2020 10:00;18,54
14.06.2020 10:00;14.06.2020 11:00;19,07
14.06.2020 11:00;14.06.2020 12:00;20,74
14.06.2020 12:00;14.06.2020 13:00;19,73
14.06.2020 13:00;14.06.2020 14:00;17,97
14.06.2020 14:00;14.06.2020 15:00;15,14
14.06.2020 15:00;14.06.2020 16:00;14,49
14.06.2020 16:00;14.06.2020 17:00;14,8
14.06.2020 17:00;14.06.2020 18:00;17,7
14.06.2020 18:00;14.06.2020 19:00;21,08
14.06.2020 19:00;14.06.2020 20:00;23,8
14.06.2020 20:00;14.06.2020 21:00;25,97
14.06.2020 21:00;14.06.2020 22:00;25,87
14.06.2020 22:00;14.06.2020 23:00;27,91
14.06.2020 23:00;15.06.2020 00:00;23,17
15.06.2020 00:00;15.06.2020 01:00;23,07
15.06.2020 01:00;15.06.2020 02:00;20,65
15.06.2020 02:00;15.06.2020 03:00;19,06
15.06.2020 03:00;15.06.2020 04:00;18,02
15.06.2020 04:00;15.06.2020 05:00;17,4
15.06.2020 05:00;15.06.2020 06:00;21,36
15.06.2020 06:00;15.06.2020 07:00;29,93
15.06.2020 07:00;15.06.2020 08:00;35,28
15.06.2020 08:00;15.06.2020 09:00;36,05
15.06.2020 09:00;15.06.2020 10:00;35,89
15.06.2020 10:00;15.06.2020 11:00;34,09
15.06.2020 11:00;15.06.2020 12:00;34,0
15.06.2020 12:00;15.06.2020 13:00;34,1
15.06.2020 13:00;15.06.2020 14:00;33,15
15.06.2020 14:00;15.06.2020 15:00;31,9
15.06.2020 15:00;15.06.2020 16:00;31,0
15.06.2020 16:00;15.06.2020 17:00;30,52
15.06.2020 17:00;15.06.2020 18:00;33,0
15.06.2020 18:00;15.06.2020 19:00;38,0
15.06.2020 19:00;15.06.2020 20:00;43,52
15.06.2020 20:00;15.06.2020 21:00;41,07
15.06.2020 21:00;15.06.2020 22:00;35,91
15.06.2020 22:00;15.06.2020 23:00;36,39
15.06.2020 23:00;16.06.2020 00:00;31,92
16.06.2020 00:00;16.06.2020 01:00;29,86
16.06.2020 01:00;16.06.2020 02:00;26,59
16.06.2020 02:00;16.06.2020 03:00;25,17
16.06.2020 03:00;16.06.2020 04:00;24,79
16.06.2020 04:00;16.06.2020 05:00;24,34
16.06.2020 05:00;16.06.2020 06:00;25,1
16.06.2020 06:00;16.06.2020 07:00;31,13
16.06.2020 07:00;16.06.2020 08:00;38,39
16.06.2020 08:00;16.06.2020 09:00;45,9
16.06.2020 09:00;16.06.2020 10:00;41,39
16.06.2020 10:00;16.06.2020 11:00;39,32
16.06.2020 11:00;16.06.2020 12:00;40,31
16.06.2020 12:00;16.06.2020 13:00;38,75
16.06.2020 13:00;16.06.2020 14:00;34,97
16.06.2020 14:00;16.06.2020 15:00;32,21
16.06.2020 15:00;16.06.2020 16:00;30,86
16.06.2020 16:00;16.06.2020 17:00;30,66
16.06.2020 17:00;16.06.2020 18:00;33,73
16.06.2020 18:00;16.06.2020 19:00;38,32
16.06.2020 19:00;16.06.2020 20:00;42,91
16.06.2020 20:00;16.06.2020 21:00;40,66
16.06.2020 21:00;16.06.2020 22:00;37,66
16.06.2020 22:00;16.06.2020 23:00;34,92
16.06.2020 23:00;17.06.2020 00:00;30,94
17.06.2020 00:00;17.06.2020 01:00;32,05
17.06.2020 01:00;17.06.2020 02:00;30,38
17.06.2020 02:00;17.06.2020 03:00;28,1
17.06.2020 03:00;17.06.2020 04:00;26,92
17.06.2020 04:00;17.06.2020 05:00;26,53
17.06.2020 05:00;17.06.2020 06:00;28,76
17.06.2020 06:00;17.06.2020 07:00;35,96
17.06.2020 07:00;17.06.2020 08:00;51,93
17.06.2020 08:00;17.06.2020 09:00;56,52
17.06.2020 09:00;17.06.2020 10:00;42,14
17.06.2020 10:00;17.06.2020 11:00;38,99
17.06.2020 11:00;17.06.2020 12:00;38,39
17.06.2020 12:00;17.06.2020 13:00;36,03
17.06.2020 13:00;17.06.2020 14:00;36,01
17.06.2020 14:00;17.06.2020 15:00;35,05
17.06.2020 15:00;17.06.2020 16:00;33,59
17.06.2020 16:00;17.06.2020 17:00;33,0
17.06.2020 17:00;17.06.2020 18:00;40,06
17.06.2020 18:00;17.06.2020 19:00;45,58
17.06.2020 19:00;17.06.2020 20:00;47,33
17.06.2020 20:00;17.06.2020 21:00;42,32
17.06.2020 21:00;17.06.2020 22:00;39,71
17.06.2020 22:00;17.06.2020 23:00;36,59
17.06.2020 23:00;18.06.2020 00:00;31,7
18.06.2020 00:00;18.06.2020 01:00;27,74
18.06.2020 01:00;18.06.2020 02:00;25,26
18.06.2020 02:00;18.06.2020 03:00;23,51
18.06.2020 03:00;18.06.2020 04:00;22,82
18.06.2020 04:00;18.06.2020 05:00;22,92
18.06.2020 05:00;18.06.2020 06:00;24,31
18.06.2020 06:00;18.06.2020 07:00;28,86
18.06.2020 07:00;18.06.2020 08:00;34,59
18.06.2020 08:00;18.06.2020 09:00;36,59
18.06.2020 09:00;18.06.2020 10:00;36,93
18.06.2020 10:00;18.06.2020 11:00;36,73
18.06.2020 11:00;18.06.2020 12:00;36,87
18.06.2020 12:00;18.06.2020 13:00;36,21
18.06.2020 13:00;18.06.2020 14:00;34,0
18.06.2020 14:00;18.06.2020 15:00;32,17
18.06.2020 15:00;18.06.2020 16:00;31,81
18.06.2020 16:00;18.06.2020 17:00;30,72
18.06.2020 17:00;18.06.2020 18:00;33,1
18.06.2020 18:00;18.06.2020 19:00;35,0
18.06.2020 19:00;18.06.2020 20:00;36,99
18.06.2020 20:00;18.06.2020 21:00;36,3
18.06.2020 21:00;18.06.2020 22:00;35,57
18.06.2020 22:00;18.06.2020 23:00;34,3
18.06.2020 23:00;19.06.2020 00:00;29,98
19.06.2020 00:00;19.06.2020 01:00;28,1
19.06.2020 01:00;19.06.2020 02:00;24,45
19.06.2020 02:00;19.06.2020 03:00;23,25
19.06.2020 03:00;19.06.2020 04:00;22,28
19.06.2020 04:00;19.06.2020 05:00;22,2
19.06.2020 05:00;19.06.2020 06:00;23,07
19.06.2020 06:00;19.06.2020 07:00;30,06
19.06.2020 07:00;19.06.2020 08:00;35,33
19.06.2020 08:00;19.06.2020 09:00;37,8
19.06.2020 09:00;19.06.2020 10:00;36,08
19.06.2020 10:00;19.06.2020 11:00;34,56
19.06.2020 11:00;19.06.2020 12:00;33,33
19.06.2020 12:00;19.06.2020 13:00;31,22
19.06.2020 13:00;19.06.2020 14:00;28,4
19.06.2020 14:00;19.06.2020 15:00;26,89
19.06.2020 15:00;19.06.2020 16:00;25,29
19.06.2020 16:00;19.06.2020 17:00;24,07
19.06.2020 17:00;19.06.2020 18:00;28,64
19.06.2020 18:00;19.06.2020 19:00;32,61
19.06.2020 19:00;19.06.2020 20:00;34,0
19.06.2020 20:00;19.06.2020 21:00;34,22
19.06.2020 21:00;19.06.2020 22:00;34,13
19.06.2020 22:00;19.06.2020 23:00;35,0
19.06.2020 23:00;20.06.2020 00:00;31,5
20.06.2020 00:00;20.06.2020 01:00;26,7
20.06.2020 01:00;20.06.2020 02:00;24,73
20.06.2020 02:00;20.06.2020 03:00;22,8
20.06.2020 03:00;20.06.2020 04:00;21,63
20.06.2020 04:00;20.06.2020 05:00;20,48
20.06.2020 05:00;20.06.2020 06:00;20,04
20.06.2020 06:00;20.06.2020 07:00;21,85
20.06.2020 07:00;20.06.2020 08:00;22,94
20.06.2020 08:00;20.06.2020 09:00;24,17
20.06.2020 09:00;20.06.2020 10:00;23,67
20.06.2020 10:00;20.06.2020 11:00;22,06
20.06.2020 11:00;20.06.2020 12:00;21,5
20.06.2020 12:00;20.06.2020 13:00;20,5
20.06.2020 13:00;20.06.2020 14:00;17,9
20.06.2020 14:00;20.06.2020 15:00;15,27
20.06.2020 15:00;20.06.2020 16:00;15,68
20.06.2020 16:00;20.06.2020 17:00;18,98
20.06.2020 17:00;20.06.2020 18:00;23,67
20.06.2020 18:00;20.06.2020 19:00;28,3
20.06.2020 19:00;20.06.2020 20:00;30,87
20.06.2020 20:00;20.06.2020 21:00;33,0
20.06.2020 21:00;20.06.2020 22:00;34,77
20.06.2020 22:00;20.06.2020 23:00;34,94
20.06.2020 23:00;21.06.2020 00:00;31,58
21.06.2020 00:00;21.06.2020 01:00;30,11
21.06.2020 01:00;21.06.2020 02:00;25,07
21.06.2020 02:00;21.06.2020 03:00;22,15
21.06.2020 03:00;21.06.2020 04:00;20,26
21.06.2020 04:00;21.06.2020 05:00;16,2
21.06.2020 05:00;21.06.2020 06:00;12,53
21.06.2020 06:00;21.06.2020 07:00;10,98
21.06.2020 07:00;21.06.2020 08:00;11,25
21.06.2020 08:00;21.06.2020 09:00;14,0
21.06.2020 09:00;21.06.2020 10:00;13,68
21.06.2020 10:00;21.06.2020 11:00;15,6
21.06.2020 11:00;21.06.2020 12:00;17,0
21.06.2020 12:00;21.06.2020 13:00;18,62
21.06.2020 13:00;21.06.2020 14:00;13,08
21.06.2020 14:00;21.06.2020 15:00;8,26
21.06.2020 15:00;21.06.2020 16:00;8,4
21.06.2020 16:00;21.06.2020 17:00;11,65
21.06.2020 17:00;21.06.2020 18:00;20,84
21.06.2020 18:00;21.06.2020 19:00;24,83
21.06.2020 19:00;21.06.2020 20:00;29,61
21.06.2020 20:00;21.06.2020 21:00;30,2
21.06.2020 21:00;21.06.2020 22:00;30,84
21.06.2020 22:00;21.06.2020 23:00;32,93
21.06.2020 23:00;22.06.2020 00:00;29,9
22.06.2020 00:00;22.06.2020 01:00;23,57
22.06.2020 01:00;22.06.2020 02:00;21,88
22.06.2020 02:00;22.06.2020 03:00;20,61
22.06.2020 03:00;22.06.2020 04:00;21,04
22.06.2020 04:00;22.06.2020 05:00;21,5
22.06.2020 05:00;22.06.2020 06:00;23,04
22.06.2020 06:00;22.06.2020 07:00;30,69
22.06.2020 07:00;22.06.2020 08:00;35,41
22.06.2020 08:00;22.06.2020 09:00;38,58
22.06.2020 09:00;22.06.2020 10:00;34,5
22.06.2020 10:00;22.06.2020 11:00;33,08
22.06.2020 11:00;22.06.2020 12:00;31,66
22.06.2020 12:00;22.06.2020 13:00;30,04
22.06.2020 13:00;22.06.2020 14:00;24,67
22.06.2020 14:00;22.06.2020 15:00;24,49
22.06.2020 15:00;22.06.2020 16:00;23,62
22.06.2020 16:00;22.06.2020 17:00;24,59
22.06.2020 17:00;22.06.2020 18:00;31,41
22.06.2020 18:00;22.06.2020 19:00;34,39
22.06.2020 19:00;22.06.2020 20:00;36,74
22.06.2020 20:00;22.06.2020 21:00;37,63
22.06.2020 21:00;22.06.2020 22:00;37,39
22.06.2020 22:00;22.06.2020 23:00;36,38
22.06.2020 23:00;23.06.2020 00:00;33,01
23.06.2020 00:00;23.06.2020 01:00;30,0
23.06.2020 01:00;23.06.2020 02:00;27,12
23.06.2020 02:00;23.06.2020 03:00;25,88
23.06.2020 03:00;23.06.2020 04:00;24,4
23.06.2020 04:00;23.06.2020 05:00;24,43
23.06.2020 05:00;23.06.2020 06:00;27,04
23.06.2020 06:00;23.06.2020 07:00;35,03
23.06.2020 07:00;23.06.2020 08:00;37,44
23.06.2020 08:00;23.06.2020 09:00;37,16
23.06.2020 09:00;23.06.2020 10:00;34,9
23.06.2020 10:00;23.06.2020 11:00;31,92
23.06.2020 11:00;23.06.2020 12:00;30,24
23.06.2020 12:00;23.06.2020 13:00;28,79
23.06.2020 13:00;23.06.2020 14:00;28,23
23.06.2020 14:00;23.06.2020 15:00;27,82
23.06.2020 15:00;23.06.2020 16:00;28,65
23.06.2020 16:00;23.06.2020 17:00;30,0
23.06.2020 17:00;23.06.2020 18:00;33,0
23.06.2020 18:00;23.06.2020 19:00;36,59
23.06.2020 19:00;23.06.2020 20:00;44,51
23.06.2020 20:00;23.06.2020 21:00;48,65
23.06.2020 21:00;23.06.2020 22:00;41,29
23.06.2020 22:00;23.06.2020 23:00;38,41
23.06.2020 23:00;24.06.2020 00:00;34,3
24.06.2020 00:00;24.06.2020 01:00;33,02
24.06.2020 01:00;24.06.2020 02:00;31,37
24.06.2020 02:00;24.06.2020 03:00;27,83
24.06.2020 03:00;24.06.2020 04:00;26,76
24.06.2020 04:00;24.06.2020 05:00;26,86
24.06.2020 05:00;24.06.2020 06:00;28,53
24.06.2020 06:00;24.06.2020 07:00;37,57
24.06.2020 07:00;24.06.2020 08:00;41,71
24.06.2020 08:00;24.06.2020 09:00;39,03
24.06.2020 09:00;24.06.2020 10:00;37,66
24.06.2020 10:00;24.06.2020 11:00;36,12
24.06.2020 11:00;24.06.2020 12:00;35,21
24.06.2020 12:00;24.06.2020 13:00;34,84
24.06.2020 13:00;24.06.2020 14:00;33,69
24.06.2020 14:00;24.06.2020 15:00;32,77
24.06.2020 15:00;24.06.2020 16:00;32,72
24.06.2020 16:00;24.06.2020 17:00;33,98
24.06.2020 17:00;24.06.2020 18:00;37,16
24.06.2020 18:00;24.06.2020 19:00;40,93
24.06.2020 19:00;24.06.2020 20:00;47,11
24.06.2020 20:00;24.06.2020 21:00;45,65
24.06.2020 21:00;24.06.2020 22:00;40,24
24.06.2020 22:00;24.06.2020 23:00;38,95
24.06.2020 23:00;25.06.2020 00:00;33,98
25.06.2020 00:00;25.06.2020 01:00;30,32
25.06.2020 01:00;25.06.2020 02:00;27,54
25.06.2020 02:00;25.06.2020 03:00;26,51
25.06.2020 03:00;25.06.2020 04:00;25,75
25.06.2020 04:00;25.06.2020 05:00;25,43
25.06.2020 05:00;25.06.2020 06:00;27,1
25.06.2020 06:00;25.06.2020 07:00;34,49
25.06.2020 07:00;25.06.2020 08:00;40,73
25.06.2020 08:00;25.06.2020 09:00;42,09
25.06.2020 09:00;25.06.2020 10:00;40,98
25.06.2020 10:00;25.06.2020 11:00;38,83
25.06.2020 11:00;25.06.2020 12:00;36,5
25.06.2020 12:00;25.06.2020 13:00;33,31
25.06.2020 13:00;25.06.2020 14:00;31,38
25.06.2020 14:00;25.06.2020 15:00;29,94
25.06.2020 15:00;25.06.2020 16:00;29,87
25.06.2020 16:00;25.06.2020 17:00;32,4
25.06.2020 17:00;25.06.2020 18:00;37,06
25.06.2020 18:00;25.06.2020 19:00;39,55
25.06.2020 19:00;25.06.2020 20:00;44,13
25.06.2020 20:00;25.06.2020 21:00;41,23
25.06.2020 21:00;25.06.2020 22:00;40,24
25.06.2020 22:00;25.06.2020 23:00;38,0
25.06.2020 23:00;26.06.2020 00:00;33,43
26.06.2020 00:00;26.06.2020 01:00;32,47
26.06.2020 01:00;26.06.2020 02:00;28,12
26.06.2020 02:00;26.06.2020 03:00;25,96
26.06.2020 03:00;26.06.2020 04:00;25,59
26.06.2020 04:00;26.06.2020 05:00;25,63
26.06.2020 05:00;26.06.2020 06:00;26,8
26.06.2020 06:00;26.06.2020 07:00;34,05
26.06.2020 07:00;26.06.2020 08:00;38,94
26.06.2020 08:00;26.06.2020 09:00;40,13
26.06.2020 09:00;26.06.2020 10:00;39,19
26.06.2020 10:00;26.06.2020 11:00;36,93
26.06.2020 11:00;26.06.2020 12:00;34,64
26.06.2020 12:00;26.06.2020 13:00;33,12
26.06.2020 13:00;26.06.2020 14:00;32,79
26.06.2020 14:00;26.06.2020 15:00;32,42
26.06.2020 15:00;26.06.2020 16:00;32,18
26.06.2020 16:00;26.06.2020 17:00;33,28
26.06.2020 17:00;26.06.2020 18:00;36,45
26.06.2020 18:00;26.06.2020 19:00;40,43
26.06.2020 19:00;26.06.2020 20:00;46,8
26.06.2020 20:00;26.06.2020 21:00;41,96
26.06.2020 21:00;26.06.2020 22:00;39,9
26.06.2020 22:00;26.06.2020 23:00;40,1
26.06.2020 23:00;27.06.2020 00:00;37,4
27.06.2020 00:00;27.06.2020 01:00;35,92
27.06.2020 01:00;27.06.2020 02:00;30,68
27.06.2020 02:00;27.06.2020 03:00;28,3
27.06.2020 03:00;27.06.2020 04:00;27,48
27.06.2020 04:00;27.06.2020 05:00;27,14
27.06.2020 05:00;27.06.2020 06:00;26,82
27.06.2020 06:00;27.06.2020 07:00;25,34
27.06.2020 07:00;27.06.2020 08:00;27,72
27.06.2020 08:00;27.06.2020 09:00;28,44
27.06.2020 09:00;27.06.2020 10:00;28,22
27.06.2020 10:00;27.06.2020 11:00;27,01
27.06.2020 11:00;27.06.2020 12:00;25,0
27.06.2020 12:00;27.06.2020 13:00;23,09
27.06.2020 13:00;27.06.2020 14:00;21,56
27.06.2020 14:00;27.06.2020 15:00;18,29
27.06.2020 15:00;27.06.2020 16:00;17,52
27.06.2020 16:00;27.06.2020 17:00;18,52
27.06.2020 17:00;27.06.2020 18:00;23,05
27.06.2020 18:00;27.06.2020 19:00;27,08
27.06.2020 19:00;27.06.2020 20:00;30,52
27.06.2020 20:00;27.06.2020 21:00;32,28
27.06.2020 21:00;27.06.2020 22:00;32,96
27.06.2020 22:00;27.06.2020 23:00;32,91
27.06.2020 23:00;28.06.2020 00:00;28,09
28.06.2020 00:00;28.06.2020 01:00;23,93
28.06.2020 01:00;28.06.2020 02:00;21,03
28.06.2020 02:00;28.06.2020 03:00;16,9
28.06.2020 03:00;28.06.2020 04:00;14,26
28.06.2020 04:00;28.06.2020 05:00;15,48
28.06.2020 05:00;28.06.2020 06:00;13,02
28.06.2020 06:00;28.06.2020 07:00;12,45
28.06.2020 07:00;28.06.2020 08:00;12,6
28.06.2020 08:00;28.06.2020 09:00;13,36
28.06.2020 09:00;28.06.2020 10:00;12,48
28.06.2020 10:00;28.06.2020 11:00;14,17
28.06.2020 11:00;28.06.2020 12:00;15,9
28.06.2020 12:00;28.06.2020 13:00;13,71
28.06.2020 13:00;28.06.2020 14:00;1,42
28.06.2020 14:00;28.06.2020 15:00;0,08
28.06.2020 15:00;28.06.2020 16:00;0,54
28.06.2020 16:00;28.06.2020 17:00;2,22
28.06.2020 17:00;28.06.2020 18:00;16,9
28.06.2020 18:00;28.06.2020 19:00;25,04
28.06.2020 19:00;28.06.2020 20:00;29,83
28.06.2020 20:00;28.06.2020 21:00;33,04
28.06.2020 21:00;28.06.2020 22:00;35,07
28.06.2020 22:00;28.06.2020 23:00;36,0
28.06.2020 23:00;29.06.2020 00:00;31,14
29.06.2020 00:00;29.06.2020 01:00;24,02
29.06.2020 01:00;29.06.2020 02:00;19,77
29.06.2020 02:00;29.06.2020 03:00;17,76
29.06.2020 03:00;29.06.2020 04:00;17,4
29.06.2020 04:00;29.06.2020 05:00;17,6
29.06.2020 05:00;29.06.2020 06:00;19,88
29.06.2020 06:00;29.06.2020 07:00;26,52
29.06.2020 07:00;29.06.2020 08:00;35,54
29.06.2020 08:00;29.06.2020 09:00;40,45
29.06.2020 09:00;29.06.2020 10:00;38,81
29.06.2020 10:00;29.06.2020 11:00;35,4
29.06.2020 11:00;29.06.2020 12:00;34,03
29.06.2020 12:00;29.06.2020 13:00;29,35
29.06.2020 13:00;29.06.2020 14:00;22,63
29.06.2020 14:00;29.06.2020 15:00;21,98
29.06.2020 15:00;29.06.2020 16:00;21,02
29.06.2020 16:00;29.06.2020 17:00;19,85
29.06.2020 17:00;29.06.2020 18:00;22,84
29.06.2020 18:00;29.06.2020 19:00;32,96
29.06.2020 19:00;29.06.2020 20:00;34,95
29.06.2020 20:00;29.06.2020 21:00;34,9
29.06.2020 21:00;29.06.2020 22:00;34,63
29.06.2020 22:00;29.06.2020 23:00;33,97
29.06.2020 23:00;30.06.2020 00:00;23,28
30.06.2020 00:00;30.06.2020 01:00;22,49
30.06.2020 01:00;30.06.2020 02:00;21,02
30.06.2020 02:00;30.06.2020 03:00;17,53
30.06.2020 03:00;30.06.2020 04:00;15,82
30.06.2020 04:00;30.06.2020 05:00;16,44
30.06.2020 05:00;30.06.2020 06:00;19,1
30.06.2020 06:00;30.06.2020 07:00;25,79
30.06.2020 07:00;30.06.2020 08:00;31,95
30.06.2020 08:00;30.06.2020 09:00;26,14
30.06.2020 09:00;30.06.2020 10:00;17,1
30.06.2020 10:00;30.06.2020 11:00;2,58
30.06.2020 11:00;30.06.2020 12:00;0,39
30.06.2020 12:00;30.06.2020 13:00;0,92
30.06.2020 13:00;30.06.2020 14:00;-0,08
30.06.2020 14:00;30.06.2020 15:00;0,06
30.06.2020 15:00;30.06.2020 16:00;1,32
30.06.2020 16:00;30.06.2020 17:00;1,44
30.06.2020 17:00;30.06.2020 18:00;21,2
30.06.2020 18:00;30.06.2020 19:00;27,73
30.06.2020 19:00;30.06.2020 20:00;33,38
30.06.2020 20:00;30.06.2020 21:00;36,1
30.06.2020 21:00;30.06.2020 22:00;35,54
30.06.2020 22:00;30.06.2020 23:00;34,94
30.06.2020 23:00;01.07.2020 00:00;31,6
01.07.2020 00:00;01.07.2020 01:00;23,92
01.07.2020 01:00;01.07.2020 02:00;25,04
01.07.2020 02:00;01.07.2020 03:00;25,59
01.07.2020 03:00;01.07.2020 04:00;25,03
01.07.2020 04:00;01.07.2020 05:00;24,78
01.07.2020 05:00;01.07.2020 06:00;25,89
01.07.2020 06:00;01.07.2020 07:00;33,75
01.07.2020 07:00;01.07.2020 08:00;37,97
01.07.2020 08:00;01.07.2020 09:00;39,99
01.07.2020 09:00;01.07.2020 10:00;38,29
01.07.2020 10:00;01.07.2020 11:00;37,06
01.07.2020 11:00;01.07.2020 12:00;36,14
01.07.2020 12:00;01.07.2020 13:00;28,4
01.07.2020 13:00;01.07.2020 14:00;24,16
01.07.2020 14:00;01.07.2020 15:00;25,0
01.07.2020 15:00;01.07.2020 16:00;26,41
01.07.2020 16:00;01.07.2020 17:00;27,17
01.07.2020 17:00;01.07.2020 18:00;32,91
01.07.2020 18:00;01.07.2020 19:00;37,37
01.07.2020 19:00;01.07.2020 20:00;43,29
01.07.2020 20:00;01.07.2020 21:00;40,8
01.07.2020 21:00;01.07.2020 22:00;40,12
01.07.2020 22:00;01.07.2020 23:00;40,25
01.07.2020 23:00;02.07.2020 00:00;37,91
02.07.2020 00:00;02.07.2020 01:00;34,53
02.07.2020 01:00;02.07.2020 02:00;30,91
02.07.2020 02:00;02.07.2020 03:00;28,38
02.07.2020 03:00;02.07.2020 04:00;27,2
02.07.2020 04:00;02.07.2020 05:00;27,9
02.07.2020 05:00;02.07.2020 06:00;30,19
02.07.2020 06:00;02.07.2020 07:00;38,96
02.07.2020 07:00;02.07.2020 08:00;42,84
02.07.2020 08:00;02.07.2020 09:00;47,3
02.07.2020 09:00;02.07.2020 10:00;41,69
02.07.2020 10:00;02.07.2020 11:00;42,14
02.07.2020 11:00;02.07.2020 12:00;41,59
02.07.2020 12:00;02.07.2020 13:00;39,47
02.07.2020 13:00;02.07.2020 14:00;38,33
02.07.2020 14:00;02.07.2020 15:00;35,94
02.07.2020 15:00;02.07.2020 16:00;35,06
02.07.2020 16:00;02.07.2020 17:00;33,92
02.07.2020 17:00;02.07.2020 18:00;38,87
02.07.2020 18:00;02.07.2020 19:00;46,0
02.07.2020 19:00;02.07.2020 20:00;52,65
02.07.2020 20:00;02.07.2020 21:00;47,91
02.07.2020 21:00;02.07.2020 22:00;45,33
02.07.2020 22:00;02.07.2020 23:00;46,0
02.07.2020 23:00;03.07.2020 00:00;40,82
03.07.2020 00:00;03.07.2020 01:00;40,46
03.07.2020 01:00;03.07.2020 02:00;35,0
03.07.2020 02:00;03.07.2020 03:00;32,57
03.07.2020 03:00;03.07.2020 04:00;31,27
03.07.2020 04:00;03.07.2020 05:00;29,9
03.07.2020 05:00;03.07.2020 06:00;30,87
03.07.2020 06:00;03.07.2020 07:00;39,99
03.07.2020 07:00;03.07.2020 08:00;47,1
03.07.2020 08:00;03.07.2020 09:00;49,95
03.07.2020 09:00;03.07.2020 10:00;43,44
03.07.2020 10:00;03.07.2020 11:00;38,95
03.07.2020 11:00;03.07.2020 12:00;37,32
03.07.2020 12:00;03.07.2020 13:00;34,05
03.07.2020 13:00;03.07.2020 14:00;28,88
03.07.2020 14:00;03.07.2020 15:00;25,73
03.07.2020 15:00;03.07.2020 16:00;24,95
03.07.2020 16:00;03.07.2020 17:00;24,22
03.07.2020 17:00;03.07.2020 18:00;31,22
03.07.2020 18:00;03.07.2020 19:00;37,24
03.07.2020 19:00;03.07.2020 20:00;38,82
03.07.2020 20:00;03.07.2020 21:00;36,97
03.07.2020 21:00;03.07.2020 22:00;35,25
03.07.2020 22:00;03.07.2020 23:00;35,02
03.07.2020 23:00;04.07.2020 00:00;29,18
04.07.2020 00:00;04.07.2020 01:00;27,19
04.07.2020 01:00;04.07.2020 02:00;24,28
04.07.2020 02:00;04.07.2020 03:00;21,07
04.07.2020 03:00;04.07.2020 04:00;14,86
04.07.2020 04:00;04.07.2020 05:00;16,15
04.07.2020 05:00;04.07.2020 06:00;15,52
04.07.2020 06:00;04.07.2020 07:00;14,46
04.07.2020 07:00;04.07.2020 08:00;18,56
04.07.2020 08:00;04.07.2020 09:00;19,2
04.07.2020 09:00;04.07.2020 10:00;2,41
04.07.2020 10:00;04.07.2020 11:00;1,47
04.07.2020 11:00;04.07.2020 12:00;0,38
04.07.2020 12:00;04.07.2020 13:00;0,02
04.07.2020 13:00;04.07.2020 14:00;-4,71
04.07.2020 14:00;04.07.2020 15:00;0,91
04.07.2020 15:00;04.07.2020 16:00;0,29
04.07.2020 16:00;04.07.2020 17:00;13,61
04.07.2020 17:00;04.07.2020 18:00;21,95
04.07.2020 18:00;04.07.2020 19:00;26,81
04.07.2020 19:00;04.07.2020 20:00;28,03
04.07.2020 20:00;04.07.2020 21:00;27,58
04.07.2020 21:00;04.07.2020 22:00;26,73
04.07.2020 22:00;04.07.2020 23:00;28,0
04.07.2020 23:00;05.07.2020 00:00;24,91
05.07.2020 00:00;05.07.2020 01:00;11,21
05.07.2020 01:00;05.07.2020 02:00;2,19
05.07.2020 02:00;05.07.2020 03:00;0,08
05.07.2020 03:00;05.07.2020 04:00;-0,05
05.07.2020 04:00;05.07.2020 05:00;-3,82
05.07.2020 05:00;05.07.2020 06:00;-13,5
05.07.2020 06:00;05.07.2020 07:00;-14,91
05.07.2020 07:00;05.07.2020 08:00;-13,45
05.07.2020 08:00;05.07.2020 09:00;-13,87
05.07.2020 09:00;05.07.2020 10:00;-14,54
05.07.2020 10:00;05.07.2020 11:00;-17,01
05.07.2020 11:00;05.07.2020 12:00;-26,93
05.07.2020 12:00;05.07.2020 13:00;-63,02
05.07.2020 13:00;05.07.2020 14:00;-64,55
05.07.2020 14:00;05.07.2020 15:00;-64,99
05.07.2020 15:00;05.07.2020 16:00;-64,96
05.07.2020 16:00;05.07.2020 17:00;-64,59
05.07.2020 17:00;05.07.2020 18:00;-36,97
05.07.2020 18:00;05.07.2020 19:00;-4,44
05.07.2020 19:00;05.07.2020 20:00;1,49
05.07.2020 20:00;05.07.2020 21:00;19,17
05.07.2020 21:00;05.07.2020 22:00;25,94
05.07.2020 22:00;05.07.2020 23:00;30,24
05.07.2020 23:00;06.07.2020 00:00;23,19
06.07.2020 00:00;06.07.2020 01:00;19,9
06.07.2020 01:00;06.07.2020 02:00;7,71
06.07.2020 02:00;06.07.2020 03:00;6,45
06.07.2020 03:00;06.07.2020 04:00;3,37
06.07.2020 04:00;06.07.2020 05:00;3,23
06.07.2020 05:00;06.07.2020 06:00;5,61
06.07.2020 06:00;06.07.2020 07:00;20,42
06.07.2020 07:00;06.07.2020 08:00;28,27
06.07.2020 08:00;06.07.2020 09:00;27,97
06.07.2020 09:00;06.07.2020 10:00;21,89
06.07.2020 10:00;06.07.2020 11:00;1,49
06.07.2020 11:00;06.07.2020 12:00;1,1
06.07.2020 12:00;06.07.2020 13:00;1,25
06.07.2020 13:00;06.07.2020 14:00;0,05
06.07.2020 14:00;06.07.2020 15:00;-3,05
06.07.2020 15:00;06.07.2020 16:00;-2,97
06.07.2020 16:00;06.07.2020 17:00;-0,02
06.07.2020 17:00;06.07.2020 18:00;1,23
06.07.2020 18:00;06.07.2020 19:00;27,96
06.07.2020 19:00;06.07.2020 20:00;34,22
06.07.2020 20:00;06.07.2020 21:00;34,51
06.07.2020 21:00;06.07.2020 22:00;35,31
06.07.2020 22:00;06.07.2020 23:00;35,94
06.07.2020 23:00;07.07.2020 00:00;30,94
07.07.2020 00:00;07.07.2020 01:00;29,56
07.07.2020 01:00;07.07.2020 02:00;28,54
07.07.2020 02:00;07.07.2020 03:00;27,96
07.07.2020 03:00;07.07.2020 04:00;27,3
07.07.2020 04:00;07.07.2020 05:00;27,15
07.07.2020 05:00;07.07.2020 06:00;27,9
07.07.2020 06:00;07.07.2020 07:00;33,83
07.07.2020 07:00;07.07.2020 08:00;37,65
07.07.2020 08:00;07.07.2020 09:00;37,2
07.07.2020 09:00;07.07.2020 10:00;34,87
07.07.2020 10:00;07.07.2020 11:00;30,82
07.07.2020 11:00;07.07.2020 12:00;27,99
07.07.2020 12:00;07.07.2020 13:00;27,73
07.07.2020 13:00;07.07.2020 14:00;24,98
07.07.2020 14:00;07.07.2020 15:00;24,36
07.07.2020 15:00;07.07.2020 16:00;24,8
07.07.2020 16:00;07.07.2020 17:00;25,18
07.07.2020 17:00;07.07.2020 18:00;30,48
07.07.2020 18:00;07.07.2020 19:00;38,48
07.07.2020 19:00;07.07.2020 20:00;40,78
07.07.2020 20:00;07.07.2020 21:00;40,84
07.07.2020 21:00;07.07.2020 22:00;40,1
07.07.2020 22:00;07.07.2020 23:00;40,15
07.07.2020 23:00;08.07.2020 00:00;37,0
08.07.2020 00:00;08.07.2020 01:00;35,93
08.07.2020 01:00;08.07.2020 02:00;31,05
08.07.2020 02:00;08.07.2020 03:00;30,41
08.07.2020 03:00;08.07.2020 04:00;29,92
08.07.2020 04:00;08.07.2020 05:00;29,55
08.07.2020 05:00;08.07.2020 06:00;30,3
08.07.2020 06:00;08.07.2020 07:00;36,98
08.07.2020 07:00;08.07.2020 08:00;43,0
08.07.2020 08:00;08.07.2020 09:00;47,0
08.07.2020 09:00;08.07.2020 10:00;46,2
08.07.2020 10:00;08.07.2020 11:00;44,44
08.07.2020 11:00;08.07.2020 12:00;44,71
08.07.2020 12:00;08.07.2020 13:00;42,02
08.07.2020 13:00;08.07.2020 14:00;41,09
08.07.2020 14:00;08.07.2020 15:00;40,2
08.07.2020 15:00;08.07.2020 16:00;39,99
08.07.2020 16:00;08.07.2020 17:00;40,02
08.07.2020 17:00;08.07.2020 18:00;45,05
08.07.2020 18:00;08.07.2020 19:00;52,13
08.07.2020 19:00;08.07.2020 20:00;55,0
08.07.2020 20:00;08.07.2020 21:00;52,92
08.07.2020 21:00;08.07.2020 22:00;45,93
08.07.2020 22:00;08.07.2020 23:00;45,49
08.07.2020 23:00;09.07.2020 00:00;39,8
09.07.2020 00:00;09.07.2020 01:00;39,94
09.07.2020 01:00;09.07.2020 02:00;35,41
09.07.2020 02:00;09.07.2020 03:00;32,66
09.07.2020 03:00;09.07.2020 04:00;30,21
09.07.2020 04:00;09.07.2020 05:00;30,99
09.07.2020 05:00;09.07.2020 06:00;34,37
09.07.2020 06:00;09.07.2020 07:00;42,9
09.07.2020 07:00;09.07.2020 08:00;51,96
09.07.2020 08:00;09.07.2020 09:00;51,18
09.07.2020 09:00;09.07.2020 10:00;47,94
09.07.2020 10:00;09.07.2020 11:00;47,08
09.07.2020 11:00;09.07.2020 12:00;47,56
09.07.2020 12:00;09.07.2020 13:00;43,23
09.07.2020 13:00;09.07.2020 14:00;42,53
09.07.2020 14:00;09.07.2020 15:00;40,11
09.07.2020 15:00;09.07.2020 16:00;39,84
09.07.2020 16:00;09.07.2020 17:00;39,9
09.07.2020 17:00;09.07.2020 18:00;41,78
09.07.2020 18:00;09.07.2020 19:00;46,35
09.07.2020 19:00;09.07.2020 20:00;51,7
09.07.2020 20:00;09.07.2020 21:00;47,39
09.07.2020 21:00;09.07.2020 22:00;46,22
09.07.2020 22:00;09.07.2020 23:00;45,0
09.07.2020 23:00;10.07.2020 00:00;41,91
10.07.2020 00:00;10.07.2020 01:00;39,0
10.07.2020 01:00;10.07.2020 02:00;34,62
10.07.2020 02:00;10.07.2020 03:00;32,94
10.07.2020 03:00;10.07.2020 04:00;31,1
10.07.2020 04:00;10.07.2020 05:00;30,52
10.07.2020 05:00;10.07.2020 06:00;32,05
10.07.2020 06:00;10.07.2020 07:00;38,06
10.07.2020 07:00;10.07.2020 08:00;41,01
10.07.2020 08:00;10.07.2020 09:00;42,94
10.07.2020 09:00;10.07.2020 10:00;42,54
10.07.2020 10:00;10.07.2020 11:00;41,76
10.07.2020 11:00;10.07.2020 12:00;39,95
10.07.2020 12:00;10.07.2020 13:00;38,43
10.07.2020 13:00;10.07.2020 14:00;35,41
10.07.2020 14:00;10.07.2020 15:00;29,54
10.07.2020 15:00;10.07.2020 16:00;29,17
10.07.2020 16:00;10.07.2020 17:00;30,5
10.07.2020 17:00;10.07.2020 18:00;35,34
10.07.2020 18:00;10.07.2020 19:00;38,98
10.07.2020 19:00;10.07.2020 20:00;40,79
10.07.2020 20:00;10.07.2020 21:00;39,0
10.07.2020 21:00;10.07.2020 22:00;39,0
10.07.2020 22:00;10.07.2020 23:00;39,4
10.07.2020 23:00;11.07.2020 00:00;36,8
11.07.2020 00:00;11.07.2020 01:00;34,57
11.07.2020 01:00;11.07.2020 02:00;29,9
11.07.2020 02:00;11.07.2020 03:00;28,37
11.07.2020 03:00;11.07.2020 04:00;27,13
11.07.2020 04:00;11.07.2020 05:00;26,1
11.07.2020 05:00;11.07.2020 06:00;26,1
11.07.2020 06:00;11.07.2020 07:00;26,09
11.07.2020 07:00;11.07.2020 08:00;27,58
11.07.2020 08:00;11.07.2020 09:00;29,09
11.07.2020 09:00;11.07.2020 10:00;28,34
11.07.2020 10:00;11.07.2020 11:00;26,53
11.07.2020 11:00;11.07.2020 12:00;25,62
11.07.2020 12:00;11.07.2020 13:00;23,29
11.07.2020 13:00;11.07.2020 14:00;22,86
11.07.2020 14:00;11.07.2020 15:00;22,42
11.07.2020 15:00;11.07.2020 16:00;22,45
11.07.2020 16:00;11.07.2020 17:00;24,36
11.07.2020 17:00;11.07.2020 18:00;26,5
11.07.2020 18:00;11.07.2020 19:00;30,42
11.07.2020 19:00;11.07.2020 20:00;34,0
11.07.2020 20:00;11.07.2020 21:00;36,15
11.07.2020 21:00;11.07.2020 22:00;35,91
11.07.2020 22:00;11.07.2020 23:00;37,73
11.07.2020 23:00;12.07.2020 00:00;34,92
12.07.2020 00:00;12.07.2020 01:00;32,97
12.07.2020 01:00;12.07.2020 02:00;28,82
12.07.2020 02:00;12.07.2020 03:00;26,19
12.07.2020 03:00;12.07.2020 04:00;25,03
12.07.2020 04:00;12.07.2020 05:00;24,7
12.07.2020 05:00;12.07.2020 06:00;24,1
12.07.2020 06:00;12.07.2020 07:00;21,68
12.07.2020 07:00;12.07.2020 08:00;22,69
12.07.2020 08:00;12.07.2020 09:00;18,41
12.07.2020 09:00;12.07.2020 10:00;18,04
12.07.2020 10:00;12.07.2020 11:00;16,97
12.07.2020 11:00;12.07.2020 12:00;16,07
12.07.2020 12:00;12.07.2020 13:00;18,62
12.07.2020 13:00;12.07.2020 14:00;16,04
12.07.2020 14:00;12.07.2020 15:00;14,76
12.07.2020 15:00;12.07.2020 16:00;15,8
12.07.2020 16:00;12.07.2020 17:00;18,11
12.07.2020 17:00;12.07.2020 18:00;23,97
12.07.2020 18:00;12.07.2020 19:00;29,05
12.07.2020 19:00;12.07.2020 20:00;35,12
12.07.2020 20:00;12.07.2020 21:00;37,33
12.07.2020 21:00;12.07.2020 22:00;37,74
12.07.2020 22:00;12.07.2020 23:00;37,08
12.07.2020 23:00;13.07.2020 00:00;35,23
13.07.2020 00:00;13.07.2020 01:00;29,48
13.07.2020 01:00;13.07.2020 02:00;26,03
13.07.2020 02:00;13.07.2020 03:00;25,07
13.07.2020 03:00;13.07.2020 04:00;25,07
13.07.2020 04:00;13.07.2020 05:00;25,1
13.07.2020 05:00;13.07.2020 06:00;26,51
13.07.2020 06:00;13.07.2020 07:00;34,64
13.07.2020 07:00;13.07.2020 08:00;39,52
13.07.2020 08:00;13.07.2020 09:00;38,12
13.07.2020 09:00;13.07.2020 10:00;37,68
13.07.2020 10:00;13.07.2020 11:00;34,05
13.07.2020 11:00;13.07.2020 12:00;32,6
13.07.2020 12:00;13.07.2020 13:00;31,13
13.07.2020 13:00;13.07.2020 14:00;31,18
13.07.2020 14:00;13.07.2020 15:00;32,08
13.07.2020 15:00;13.07.2020 16:00;31,96
13.07.2020 16:00;13.07.2020 17:00;34,0
13.07.2020 17:00;13.07.2020 18:00;37,41
13.07.2020 18:00;13.07.2020 19:00;40,8
13.07.2020 19:00;13.07.2020 20:00;45,56
13.07.2020 20:00;13.07.2020 21:00;44,76
13.07.2020 21:00;13.07.2020 22:00;41,01
13.07.2020 22:00;13.07.2020 23:00;40,05
13.07.2020 23:00;14.07.2020 00:00;36,4
14.07.2020 00:00;14.07.2020 01:00;34,47
14.07.2020 01:00;14.07.2020 02:00;29,79
14.07.2020 02:00;14.07.2020 03:00;28,16
14.07.2020 03:00;14.07.2020 04:00;27,74
14.07.2020 04:00;14.07.2020 05:00;27,45
14.07.2020 05:00;14.07.2020 06:00;28,52
14.07.2020 06:00;14.07.2020 07:00;35,85
14.07.2020 07:00;14.07.2020 08:00;42,91
14.07.2020 08:00;14.07.2020 09:00;38,93
14.07.2020 09:00;14.07.2020 10:00;36,63
14.07.2020 10:00;14.07.2020 11:00;36,15
14.07.2020 11:00;14.07.2020 12:00;36,52
14.07.2020 12:00;14.07.2020 13:00;36,98
14.07.2020 13:00;14.07.2020 14:00;36,97
14.07.2020 14:00;14.07.2020 15:00;36,57
14.07.2020 15:00;14.07.2020 16:00;36,57
14.07.2020 16:00;14.07.2020 17:00;36,2
14.07.2020 17:00;14.07.2020 18:00;38,69
14.07.2020 18:00;14.07.2020 19:00;44,74
14.07.2020 19:00;14.07.2020 20:00;45,97
14.07.2020 20:00;14.07.2020 21:00;46,08
14.07.2020 21:00;14.07.2020 22:00;41,98
14.07.2020 22:00;14.07.2020 23:00;41,43
14.07.2020 23:00;15.07.2020 00:00;37,02
15.07.2020 00:00;15.07.2020 01:00;35,55
15.07.2020 01:00;15.07.2020 02:00;30,22
15.07.2020 02:00;15.07.2020 03:00;30,0
15.07.2020 03:00;15.07.2020 04:00;28,73
15.07.2020 04:00;15.07.2020 05:00;29,84
15.07.2020 05:00;15.07.2020 06:00;34,29
15.07.2020 06:00;15.07.2020 07:00;41,05
15.07.2020 07:00;15.07.2020 08:00;48,91
15.07.2020 08:00;15.07.2020 09:00;57,38
15.07.2020 09:00;15.07.2020 10:00;47,9
15.07.2020 10:00;15.07.2020 11:00;46,07
15.07.2020 11:00;15.07.2020 12:00;50,95
15.07.2020 12:00;15.07.2020 13:00;46,57
15.07.2020 13:00;15.07.2020 14:00;43,78
15.07.2020 14:00;15.07.2020 15:00;41,86
15.07.2020 15:00;15.07.2020 16:00;42,1
15.07.2020 16:00;15.07.2020 17:00;39,4
15.07.2020 17:00;15.07.2020 18:00;41,71
15.07.2020 18:00;15.07.2020 19:00;44,52
15.07.2020 19:00;15.07.2020 20:00;47,3
15.07.2020 20:00;15.07.2020 21:00;44,93
15.07.2020 21:00;15.07.2020 22:00;47,91
15.07.2020 22:00;15.07.2020 23:00;42,09
15.07.2020 23:00;16.07.2020 00:00;37,97
16.07.2020 00:00;16.07.2020 01:00;36,19
16.07.2020 01:00;16.07.2020 02:00;32,5
16.07.2020 02:00;16.07.2020 03:00;29,84
16.07.2020 03:00;16.07.2020 04:00;28,97
16.07.2020 04:00;16.07.2020 05:00;29,35
16.07.2020 05:00;16.07.2020 06:00;32,29
16.07.2020 06:00;16.07.2020 07:00;43,11
16.07.2020 07:00;16.07.2020 08:00;50,9
16.07.2020 08:00;16.07.2020 09:00;56,18
16.07.2020 09:00;16.07.2020 10:00;58,04
16.07.2020 10:00;16.07.2020 11:00;58,7
16.07.2020 11:00;16.07.2020 12:00;53,87
16.07.2020 12:00;16.07.2020 13:00;52,62
16.07.2020 13:00;16.07.2020 14:00;44,41
16.07.2020 14:00;16.07.2020 15:00;43,93
16.07.2020 15:00;16.07.2020 16:00;44,03
16.07.2020 16:00;16.07.2020 17:00;44,01
16.07.2020 17:00;16.07.2020 18:00;48,92
16.07.2020 18:00;16.07.2020 19:00;45,38
16.07.2020 19:00;16.07.2020 20:00;48,39
16.07.2020 20:00;16.07.2020 21:00;54,56
16.07.2020 21:00;16.07.2020 22:00;48,43
16.07.2020 22:00;16.07.2020 23:00;43,1
16.07.2020 23:00;17.07.2020 00:00;38,98
17.07.2020 00:00;17.07.2020 01:00;36,48
17.07.2020 01:00;17.07.2020 02:00;31,85
17.07.2020 02:00;17.07.2020 03:00;29,51
17.07.2020 03:00;17.07.2020 04:00;28,68
17.07.2020 04:00;17.07.2020 05:00;28,76
17.07.2020 05:00;17.07.2020 06:00;32,55
17.07.2020 06:00;17.07.2020 07:00;40,32
17.07.2020 07:00;17.07.2020 08:00;42,74
17.07.2020 08:00;17.07.2020 09:00;44,86
17.07.2020 09:00;17.07.2020 10:00;42,72
17.07.2020 10:00;17.07.2020 11:00;41,25
17.07.2020 11:00;17.07.2020 12:00;41,38
17.07.2020 12:00;17.07.2020 13:00;39,01
17.07.2020 13:00;17.07.2020 14:00;37,0
17.07.2020 14:00;17.07.2020 15:00;35,74
17.07.2020 15:00;17.07.2020 16:00;34,55
17.07.2020 16:00;17.07.2020 17:00;34,95
17.07.2020 17:00;17.07.2020 18:00;38,0
17.07.2020 18:00;17.07.2020 19:00;41,01
17.07.2020 19:00;17.07.2020 20:00;42,01
17.07.2020 20:00;17.07.2020 21:00;41,24
17.07.2020 21:00;17.07.2020 22:00;40,31
17.07.2020 22:00;17.07.2020 23:00;40,93
17.07.2020 23:00;18.07.2020 00:00;36,0
18.07.2020 00:00;18.07.2020 01:00;34,57
18.07.2020 01:00;18.07.2020 02:00;30,54
18.07.2020 02:00;18.07.2020 03:00;27,62
18.07.2020 03:00;18.07.2020 04:00;26,63
18.07.2020 04:00;18.07.2020 05:00;26,0
18.07.2020 05:00;18.07.2020 06:00;25,75
18.07.2020 06:00;18.07.2020 07:00;25,8
18.07.2020 07:00;18.07.2020 08:00;26,5
18.07.2020 08:00;18.07.2020 09:00;26,87
18.07.2020 09:00;18.07.2020 10:00;26,73
18.07.2020 10:00;18.07.2020 11:00;24,35
18.07.2020 11:00;18.07.2020 12:00;23,99
18.07.2020 12:00;18.07.2020 13:00;23,09
18.07.2020 13:00;18.07.2020 14:00;23,15
18.07.2020 14:00;18.07.2020 15:00;23,12
18.07.2020 15:00;18.07.2020 16:00;23,47
18.07.2020 16:00;18.07.2020 17:00;24,15
18.07.2020 17:00;18.07.2020 18:00;28,0
18.07.2020 18:00;18.07.2020 19:00;34,65
18.07.2020 19:00;18.07.2020 20:00;37,95
18.07.2020 20:00;18.07.2020 21:00;38,41
18.07.2020 21:00;18.07.2020 22:00;38,0
18.07.2020 22:00;18.07.2020 23:00;39,45
18.07.2020 23:00;19.07.2020 00:00;37,52
19.07.2020 00:00;19.07.2020 01:00;34,0
19.07.2020 01:00;19.07.2020 02:00;28,36
19.07.2020 02:00;19.07.2020 03:00;27,0
19.07.2020 03:00;19.07.2020 04:00;25,4
19.07.2020 04:00;19.07.2020 05:00;25,02
19.07.2020 05:00;19.07.2020 06:00;25,06
19.07.2020 06:00;19.07.2020 07:00;24,94
19.07.2020 07:00;19.07.2020 08:00;25,4
19.07.2020 08:00;19.07.2020 09:00;24,91
19.07.2020 09:00;19.07.2020 10:00;24,93
19.07.2020 10:00;19.07.2020 11:00;24,72
19.07.2020 11:00;19.07.2020 12:00;23,49
19.07.2020 12:00;19.07.2020 13:00;23,19
19.07.2020 13:00;19.07.2020 14:00;21,13
19.07.2020 14:00;19.07.2020 15:00;19,46
19.07.2020 15:00;19.07.2020 16:00;20,89
19.07.2020 16:00;19.07.2020 17:00;24,28
19.07.2020 17:00;19.07.2020 18:00;26,0
19.07.2020 18:00;19.07.2020 19:00;29,8
19.07.2020 19:00;19.07.2020 20:00;36,15
19.07.2020 20:00;19.07.2020 21:00;37,52
19.07.2020 21:00;19.07.2020 22:00;37,95
19.07.2020 22:00;19.07.2020 23:00;40,42
19.07.2020 23:00;20.07.2020 00:00;36,69
20.07.2020 00:00;20.07.2020 01:00;32,02
20.07.2020 01:00;20.07.2020 02:00;27,57
20.07.2020 02:00;20.07.2020 03:00;26,4
20.07.2020 03:00;20.07.2020 04:00;26,01
20.07.2020 04:00;20.07.2020 05:00;26,0
20.07.2020 05:00;20.07.2020 06:00;27,09
20.07.2020 06:00;20.07.2020 07:00;35,24
20.07.2020 07:00;20.07.2020 08:00;38,29
20.07.2020 08:00;20.07.2020 09:00;39,0
20.07.2020 09:00;20.07.2020 10:00;38,22
20.07.2020 10:00;20.07.2020 11:00;36,35
20.07.2020 11:00;20.07.2020 12:00;30,95
20.07.2020 12:00;20.07.2020 13:00;26,34
20.07.2020 13:00;20.07.2020 14:00;25,15
20.07.2020 14:00;20.07.2020 15:00;25,36
20.07.2020 15:00;20.07.2020 16:00;25,11
20.07.2020 16:00;20.07.2020 17:00;25,93
20.07.2020 17:00;20.07.2020 18:00;35,19
20.07.2020 18:00;20.07.2020 19:00;39,12
20.07.2020 19:00;20.07.2020 20:00;42,54
20.07.2020 20:00;20.07.2020 21:00;43,9
20.07.2020 21:00;20.07.2020 22:00;41,0
20.07.2020 22:00;20.07.2020 23:00;40,8
20.07.2020 23:00;21.07.2020 00:00;37,52
21.07.2020 00:00;21.07.2020 01:00;31,38
21.07.2020 01:00;21.07.2020 02:00;27,85
21.07.2020 02:00;21.07.2020 03:00;27,08
21.07.2020 03:00;21.07.2020 04:00;26,95
21.07.2020 04:00;21.07.2020 05:00;26,98
21.07.2020 05:00;21.07.2020 06:00;28,05
21.07.2020 06:00;21.07.2020 07:00;35,84
21.07.2020 07:00;21.07.2020 08:00;39,07
21.07.2020 08:00;21.07.2020 09:00;38,28
21.07.2020 09:00;21.07.2020 10:00;35,25
21.07.2020 10:00;21.07.2020 11:00;27,79
21.07.2020 11:00;21.07.2020 12:00;26,17
21.07.2020 12:00;21.07.2020 13:00;26,31
21.07.2020 13:00;21.07.2020 14:00;24,83
21.07.2020 14:00;21.07.2020 15:00;22,46
21.07.2020 15:00;21.07.2020 16:00;24,01
21.07.2020 16:00;21.07.2020 17:00;24,75
21.07.2020 17:00;21.07.2020 18:00;28,1
21.07.2020 18:00;21.07.2020 19:00;38,07
21.07.2020 19:00;21.07.2020 20:00;42,74
21.07.2020 20:00;21.07.2020 21:00;41,82
21.07.2020 21:00;21.07.2020 22:00;40,48
21.07.2020 22:00;21.07.2020 23:00;39,73
21.07.2020 23:00;22.07.2020 00:00;37,13
22.07.2020 00:00;22.07.2020 01:00;33,31
22.07.2020 01:00;22.07.2020 02:00;28,39
22.07.2020 02:00;22.07.2020 03:00;27,17
22.07.2020 03:00;22.07.2020 04:00;26,07
22.07.2020 04:00;22.07.2020 05:00;26,05
22.07.2020 05:00;22.07.2020 06:00;28,78
22.07.2020 06:00;22.07.2020 07:00;35,18
22.07.2020 07:00;22.07.2020 08:00;39,4
22.07.2020 08:00;22.07.2020 09:00;38,9
22.07.2020 09:00;22.07.2020 10:00;37,67
22.07.2020 10:00;22.07.2020 11:00;34,44
22.07.2020 11:00;22.07.2020 12:00;32,31
22.07.2020 12:00;22.07.2020 13:00;29,5
22.07.2020 13:00;22.07.2020 14:00;28,19
22.07.2020 14:00;22.07.2020 15:00;26,97
22.07.2020 15:00;22.07.2020 16:00;29,0
22.07.2020 16:00;22.07.2020 17:00;31,69
22.07.2020 17:00;22.07.2020 18:00;38,83
22.07.2020 18:00;22.07.2020 19:00;42,19
22.07.2020 19:00;22.07.2020 20:00;45,74
22.07.2020 20:00;22.07.2020 21:00;44,34
22.07.2020 21:00;22.07.2020 22:00;41,96
22.07.2020 22:00;22.07.2020 23:00;41,44
22.07.2020 23:00;23.07.2020 00:00;36,92
23.07.2020 00:00;23.07.2020 01:00;35,96
23.07.2020 01:00;23.07.2020 02:00;32,98
23.07.2020 02:00;23.07.2020 03:00;31,0
23.07.2020 03:00;23.07.2020 04:00;29,86
23.07.2020 04:00;23.07.2020 05:00;28,99
23.07.2020 05:00;23.07.2020 06:00;31,43
23.07.2020 06:00;23.07.2020 07:00;40,33
23.07.2020 07:00;23.07.2020 08:00;45,89
23.07.2020 08:00;23.07.2020 09:00;39,36
23.07.2020 09:00;23.07.2020 10:00;37,67
23.07.2020 10:00;23.07.2020 11:00;33,92
23.07.2020 11:00;23.07.2020 12:00;30,97
23.07.2020 12:00;23.07.2020 13:00;30,76
23.07.2020 13:00;23.07.2020 14:00;29,25
23.07.2020 14:00;23.07.2020 15:00;27,9
23.07.2020 15:00;23.07.2020 16:00;29,69
23.07.2020 16:00;23.07.2020 17:00;30,93
23.07.2020 17:00;23.07.2020 18:00;38,19
23.07.2020 18:00;23.07.2020 19:00;42,86
23.07.2020 19:00;23.07.2020 20:00;45,23
23.07.2020 20:00;23.07.2020 21:00;43,64
23.07.2020 21:00;23.07.2020 22:00;42,09
23.07.2020 22:00;23.07.2020 23:00;41,69
23.07.2020 23:00;24.07.2020 00:00;36,0
24.07.2020 00:00;24.07.2020 01:00;31,72
24.07.2020 01:00;24.07.2020 02:00;25,63
24.07.2020 02:00;24.07.2020 03:00;23,94
24.07.2020 03:00;24.07.2020 04:00;22,94
24.07.2020 04:00;24.07.2020 05:00;23,71
24.07.2020 05:00;24.07.2020 06:00;25,22
24.07.2020 06:00;24.07.2020 07:00;30,09
24.07.2020 07:00;24.07.2020 08:00;36,14
24.07.2020 08:00;24.07.2020 09:00;39,95
24.07.2020 09:00;24.07.2020 10:00;39,83
24.07.2020 10:00;24.07.2020 11:00;40,02
24.07.2020 11:00;24.07.2020 12:00;36,04
24.07.2020 12:00;24.07.2020 13:00;29,57
24.07.2020 13:00;24.07.2020 14:00;26,04
24.07.2020 14:00;24.07.2020 15:00;24,2
24.07.2020 15:00;24.07.2020 16:00;24,01
24.07.2020 16:00;24.07.2020 17:00;23,85
24.07.2020 17:00;24.07.2020 18:00;26,75
24.07.2020 18:00;24.07.2020 19:00;34,97
24.07.2020 19:00;24.07.2020 20:00;36,85
24.07.2020 20:00;24.07.2020 21:00;37,39
24.07.2020 21:00;24.07.2020 22:00;37,04
24.07.2020 22:00;24.07.2020 23:00;37,17
24.07.2020 23:00;25.07.2020 00:00;34,65
25.07.2020 00:00;25.07.2020 01:00;34,63
25.07.2020 01:00;25.07.2020 02:00;30,56
25.07.2020 02:00;25.07.2020 03:00;27,93
25.07.2020 03:00;25.07.2020 04:00;26,03
25.07.2020 04:00;25.07.2020 05:00;25,0
25.07.2020 05:00;25.07.2020 06:00;25,04
25.07.2020 06:00;25.07.2020 07:00;25,18
25.07.2020 07:00;25.07.2020 08:00;26,3
25.07.2020 08:00;25.07.2020 09:00;26,29
25.07.2020 09:00;25.07.2020 10:00;23,95
25.07.2020 10:00;25.07.2020 11:00;20,82
25.07.2020 11:00;25.07.2020 12:00;20,18
25.07.2020 12:00;25.07.2020 13:00;20,26
25.07.2020 13:00;25.07.2020 14:00;17,87
25.07.2020 14:00;25.07.2020 15:00;18,15
25.07.2020 15:00;25.07.2020 16:00;18,45
25.07.2020 16:00;25.07.2020 17:00;19,78
25.07.2020 17:00;25.07.2020 18:00;25,01
25.07.2020 18:00;25.07.2020 19:00;28,9
25.07.2020 19:00;25.07.2020 20:00;31,58
25.07.2020 20:00;25.07.2020 21:00;32,22
25.07.2020 21:00;25.07.2020 22:00;31,41
25.07.2020 22:00;25.07.2020 23:00;32,15
25.07.2020 23:00;26.07.2020 00:00;24,79
26.07.2020 00:00;26.07.2020 01:00;23,78
26.07.2020 01:00;26.07.2020 02:00;21,6
26.07.2020 02:00;26.07.2020 03:00;20,37
26.07.2020 03:00;26.07.2020 04:00;17,0
26.07.2020 04:00;26.07.2020 05:00;17,1
26.07.2020 05:00;26.07.2020 06:00;16,5
26.07.2020 06:00;26.07.2020 07:00;10,7
26.07.2020 07:00;26.07.2020 08:00;10,82
26.07.2020 08:00;26.07.2020 09:00;15,88
26.07.2020 09:00;26.07.2020 10:00;17,83
26.07.2020 10:00;26.07.2020 11:00;9,9
26.07.2020 11:00;26.07.2020 12:00;2,0
26.07.2020 12:00;26.07.2020 13:00;0,84
26.07.2020 13:00;26.07.2020 14:00;-5,82
26.07.2020 14:00;26.07.2020 15:00;-44,97
26.07.2020 15:00;26.07.2020 16:00;-21,35
26.07.2020 16:00;26.07.2020 17:00;-2,07
26.07.2020 17:00;26.07.2020 18:00;6,77
26.07.2020 18:00;26.07.2020 19:00;22,64
26.07.2020 19:00;26.07.2020 20:00;25,64
26.07.2020 20:00;26.07.2020 21:00;32,7
26.07.2020 21:00;26.07.2020 22:00;35,69
26.07.2020 22:00;26.07.2020 23:00;36,97
26.07.2020 23:00;27.07.2020 00:00;32,04
27.07.2020 00:00;27.07.2020 01:00;32,43
27.07.2020 01:00;27.07.2020 02:00;27,11
27.07.2020 02:00;27.07.2020 03:00;25,8
27.07.2020 03:00;27.07.2020 04:00;24,15
27.07.2020 04:00;27.07.2020 05:00;24,02
27.07.2020 05:00;27.07.2020 06:00;27,18
27.07.2020 06:00;27.07.2020 07:00;35,86
27.07.2020 07:00;27.07.2020 08:00;37,95
27.07.2020 08:00;27.07.2020 09:00;38,59
27.07.2020 09:00;27.07.2020 10:00;38,72
27.07.2020 10:00;27.07.2020 11:00;36,87
27.07.2020 11:00;27.07.2020 12:00;35,45
27.07.2020 12:00;27.07.2020 13:00;32,18
27.07.2020 13:00;27.07.2020 14:00;30,54
27.07.2020 14:00;27.07.2020 15:00;30,46
27.07.2020 15:00;27.07.2020 16:00;31,4
27.07.2020 16:00;27.07.2020 17:00;34,44
27.07.2020 17:00;27.07.2020 18:00;36,44
27.07.2020 18:00;27.07.2020 19:00;38,5
27.07.2020 19:00;27.07.2020 20:00;39,36
27.07.2020 20:00;27.07.2020 21:00;37,98
27.07.2020 21:00;27.07.2020 22:00;33,72
27.07.2020 22:00;27.07.2020 23:00;29,0
27.07.2020 23:00;28.07.2020 00:00;22,62
28.07.2020 00:00;28.07.2020 01:00;18,71
28.07.2020 01:00;28.07.2020 02:00;19,16
28.07.2020 02:00;28.07.2020 03:00;16,82
28.07.2020 03:00;28.07.2020 04:00;17,2
28.07.2020 04:00;28.07.2020 05:00;17,11
28.07.2020 05:00;28.07.2020 06:00;21,56
28.07.2020 06:00;28.07.2020 07:00;26,21
28.07.2020 07:00;28.07.2020 08:00;32,17
28.07.2020 08:00;28.07.2020 09:00;33,32
28.07.2020 09:00;28.07.2020 10:00;28,62
28.07.2020 10:00;28.07.2020 11:00;23,58
28.07.2020 11:00;28.07.2020 12:00;21,04
28.07.2020 12:00;28.07.2020 13:00;14,93
28.07.2020 13:00;28.07.2020 14:00;0,04
28.07.2020 14:00;28.07.2020 15:00;1,48
28.07.2020 15:00;28.07.2020 16:00;8,13
28.07.2020 16:00;28.07.2020 17:00;21,03
28.07.2020 17:00;28.07.2020 18:00;27,09
28.07.2020 18:00;28.07.2020 19:00;30,96
28.07.2020 19:00;28.07.2020 20:00;35,78
28.07.2020 20:00;28.07.2020 21:00;36,94
28.07.2020 21:00;28.07.2020 22:00;36,78
28.07.2020 22:00;28.07.2020 23:00;34,21
28.07.2020 23:00;29.07.2020 00:00;28,31
29.07.2020 00:00;29.07.2020 01:00;26,16
29.07.2020 01:00;29.07.2020 02:00;23,5
29.07.2020 02:00;29.07.2020 03:00;23,53
29.07.2020 03:00;29.07.2020 04:00;22,38
29.07.2020 04:00;29.07.2020 05:00;22,79
29.07.2020 05:00;29.07.2020 06:00;23,65
29.07.2020 06:00;29.07.2020 07:00;29,78
29.07.2020 07:00;29.07.2020 08:00;32,85
29.07.2020 08:00;29.07.2020 09:00;30,59
29.07.2020 09:00;29.07.2020 10:00;22,73
29.07.2020 10:00;29.07.2020 11:00;10,65
29.07.2020 11:00;29.07.2020 12:00;3,56
29.07.2020 12:00;29.07.2020 13:00;0,13
29.07.2020 13:00;29.07.2020 14:00;0,07
29.07.2020 14:00;29.07.2020 15:00;0,07
29.07.2020 15:00;29.07.2020 16:00;0,08
29.07.2020 16:00;29.07.2020 17:00;3,77
29.07.2020 17:00;29.07.2020 18:00;14,74
29.07.2020 18:00;29.07.2020 19:00;26,74
29.07.2020 19:00;29.07.2020 20:00;34,02
29.07.2020 20:00;29.07.2020 21:00;35,61
29.07.2020 21:00;29.07.2020 22:00;39,38
29.07.2020 22:00;29.07.2020 23:00;37,0
29.07.2020 23:00;30.07.2020 00:00;34,2
30.07.2020 00:00;30.07.2020 01:00;35,97
30.07.2020 01:00;30.07.2020 02:00;31,78
30.07.2020 02:00;30.07.2020 03:00;29,1
30.07.2020 03:00;30.07.2020 04:00;27,17
30.07.2020 04:00;30.07.2020 05:00;26,99
30.07.2020 05:00;30.07.2020 06:00;29,2
30.07.2020 06:00;30.07.2020 07:00;36,91
30.07.2020 07:00;30.07.2020 08:00;39,64
30.07.2020 08:00;30.07.2020 09:00;39,53
30.07.2020 09:00;30.07.2020 10:00;34,88
30.07.2020 10:00;30.07.2020 11:00;28,14
30.07.2020 11:00;30.07.2020 12:00;27,49
30.07.2020 12:00;30.07.2020 13:00;26,73
30.07.2020 13:00;30.07.2020 14:00;25,55
30.07.2020 14:00;30.07.2020 15:00;26,2
30.07.2020 15:00;30.07.2020 16:00;27,59
30.07.2020 16:00;30.07.2020 17:00;30,25
30.07.2020 17:00;30.07.2020 18:00;38,08
30.07.2020 18:00;30.07.2020 19:00;44,94
30.07.2020 19:00;30.07.2020 20:00;60,02
30.07.2020 20:00;30.07.2020 21:00;56,8
30.07.2020 21:00;30.07.2020 22:00;49,83
30.07.2020 22:00;30.07.2020 23:00;44,54
30.07.2020 23:00;31.07.2020 00:00;37,53
31.07.2020 00:00;31.07.2020 01:00;38,8
31.07.2020 01:00;31.07.2020 02:00;33,9
31.07.2020 02:00;31.07.2020 03:00;31,99
31.07.2020 03:00;31.07.2020 04:00;31,58
31.07.2020 04:00;31.07.2020 05:00;31,74
31.07.2020 05:00;31.07.2020 06:00;34,28
31.07.2020 06:00;31.07.2020 07:00;40,56
31.07.2020 07:00;31.07.2020 08:00;43,69
31.07.2020 08:00;31.07.2020 09:00;44,91
31.07.2020 09:00;31.07.2020 10:00;41,65
31.07.2020 10:00;31.07.2020 11:00;38,25
31.07.2020 11:00;31.07.2020 12:00;32,7
31.07.2020 12:00;31.07.2020 13:00;30,49
31.07.2020 13:00;31.07.2020 14:00;29,49
31.07.2020 14:00;31.07.2020 15:00;30,09
31.07.2020 15:00;31.07.2020 16:00;31,95
31.07.2020 16:00;31.07.2020 17:00;33,49
31.07.2020 17:00;31.07.2020 18:00;42,66
31.07.2020 18:00;31.07.2020 19:00;49,08
31.07.2020 19:00;31.07.2020 20:00;54,4
31.07.2020 20:00;31.07.2020 21:00;49,12
31.07.2020 21:00;31.07.2020 22:00;46,15
31.07.2020 22:00;31.07.2020 23:00;44,97
31.07.2020 23:00;01.08.2020 00:00;38,27
01.08.2020 00:00;01.08.2020 01:00;33,35
01.08.2020 01:00;01.08.2020 02:00;24,6
01.08.2020 02:00;01.08.2020 03:00;24,28
01.08.2020 03:00;01.08.2020 04:00;23,99
01.08.2020 04:00;01.08.2020 05:00;23,67
01.08.2020 05:00;01.08.2020 06:00;24,0
01.08.2020 06:00;01.08.2020 07:00;25,0
01.08.2020 07:00;01.08.2020 08:00;27,59
01.08.2020 08:00;01.08.2020 09:00;25,93
01.08.2020 09:00;01.08.2020 10:00;24,4
01.08.2020 10:00;01.08.2020 11:00;23,22
01.08.2020 11:00;01.08.2020 12:00;23,37
01.08.2020 12:00;01.08.2020 13:00;24,31
01.08.2020 13:00;01.08.2020 14:00;23,74
01.08.2020 14:00;01.08.2020 15:00;23,11
01.08.2020 15:00;01.08.2020 16:00;23,16
01.08.2020 16:00;01.08.2020 17:00;25,54
01.08.2020 17:00;01.08.2020 18:00;32,62
01.08.2020 18:00;01.08.2020 19:00;38,43
01.08.2020 19:00;01.08.2020 20:00;38,78
01.08.2020 20:00;01.08.2020 21:00;38,37
01.08.2020 21:00;01.08.2020 22:00;37,78
01.08.2020 22:00;01.08.2020 23:00;37,12
01.08.2020 23:00;02.08.2020 00:00;33,09
02.08.2020 00:00;02.08.2020 01:00;30,67
02.08.2020 01:00;02.08.2020 02:00;27,82
02.08.2020 02:00;02.08.2020 03:00;26,97
02.08.2020 03:00;02.08.2020 04:00;25,25
02.08.2020 04:00;02.08.2020 05:00;25,23
02.08.2020 05:00;02.08.2020 06:00;25,09
02.08.2020 06:00;02.08.2020 07:00;25,46
02.08.2020 07:00;02.08.2020 08:00;26,09
02.08.2020 08:00;02.08.2020 09:00;27,4
02.08.2020 09:00;02.08.2020 10:00;27,62
02.08.2020 10:00;02.08.2020 11:00;27,63
02.08.2020 11:00;02.08.2020 12:00;28,01
02.08.2020 12:00;02.08.2020 13:00;26,42
02.08.2020 13:00;02.08.2020 14:00;24,76
02.08.2020 14:00;02.08.2020 15:00;24,53
02.08.2020 15:00;02.08.2020 16:00;24,16
02.08.2020 16:00;02.08.2020 17:00;23,86
02.08.2020 17:00;02.08.2020 18:00;25,56
02.08.2020 18:00;02.08.2020 19:00;28,08
02.08.2020 19:00;02.08.2020 20:00;33,0
02.08.2020 20:00;02.08.2020 21:00;34,14
02.08.2020 21:00;02.08.2020 22:00;35,49
02.08.2020 22:00;02.08.2020 23:00;38,43
02.08.2020 23:00;03.08.2020 00:00;34,89
03.08.2020 00:00;03.08.2020 01:00;27,93
03.08.2020 01:00;03.08.2020 02:00;26,19
03.08.2020 02:00;03.08.2020 03:00;26,05
03.08.2020 03:00;03.08.2020 04:00;25,06
03.08.2020 04:00;03.08.2020 05:00;26,03
03.08.2020 05:00;03.08.2020 06:00;27,93
03.08.2020 06:00;03.08.2020 07:00;34,12
03.08.2020 07:00;03.08.2020 08:00;39,97
03.08.2020 08:00;03.08.2020 09:00;41,0
03.08.2020 09:00;03.08.2020 10:00;42,65
03.08.2020 10:00;03.08.2020 11:00;41,2
03.08.2020 11:00;03.08.2020 12:00;41,16
03.08.2020 12:00;03.08.2020 13:00;40,97
03.08.2020 13:00;03.08.2020 14:00;39,9
03.08.2020 14:00;03.08.2020 15:00;38,24
03.08.2020 15:00;03.08.2020 16:00;37,18
03.08.2020 16:00;03.08.2020 17:00;37,75
03.08.2020 17:00;03.08.2020 18:00;39,67
03.08.2020 18:00;03.08.2020 19:00;42,1
03.08.2020 19:00;03.08.2020 20:00;45,45
03.08.2020 20:00;03.08.2020 21:00;43,06
03.08.2020 21:00;03.08.2020 22:00;41,7
03.08.2020 22:00;03.08.2020 23:00;40,9
03.08.2020 23:00;04.08.2020 00:00;35,05
04.08.2020 00:00;04.08.2020 01:00;31,6
04.08.2020 01:00;04.08.2020 02:00;28,02
04.08.2020 02:00;04.08.2020 03:00;26,14
04.08.2020 03:00;04.08.2020 04:00;23,66
04.08.2020 04:00;04.08.2020 05:00;23,67
04.08.2020 05:00;04.08.2020 06:00;28,35
04.08.2020 06:00;04.08.2020 07:00;33,0
04.08.2020 07:00;04.08.2020 08:00;46,97
04.08.2020 08:00;04.08.2020 09:00;49,67
04.08.2020 09:00;04.08.2020 10:00;46,45
04.08.2020 10:00;04.08.2020 11:00;41,35
04.08.2020 11:00;04.08.2020 12:00;40,33
04.08.2020 12:00;04.08.2020 13:00;39,38
04.08.2020 13:00;04.08.2020 14:00;36,98
04.08.2020 14:00;04.08.2020 15:00;35,22
04.08.2020 15:00;04.08.2020 16:00;34,81
04.08.2020 16:00;04.08.2020 17:00;33,96
04.08.2020 17:00;04.08.2020 18:00;37,77
04.08.2020 18:00;04.08.2020 19:00;40,41
04.08.2020 19:00;04.08.2020 20:00;41,32
04.08.2020 20:00;04.08.2020 21:00;41,2
04.08.2020 21:00;04.08.2020 22:00;41,16
04.08.2020 22:00;04.08.2020 23:00;39,83
04.08.2020 23:00;05.08.2020 00:00;32,2
05.08.2020 00:00;05.08.2020 01:00;32,27
05.08.2020 01:00;05.08.2020 02:00;26,29
05.08.2020 02:00;05.08.2020 03:00;23,51
05.08.2020 03:00;05.08.2020 04:00;19,64
05.08.2020 04:00;05.08.2020 05:00;19,5
05.08.2020 05:00;05.08.2020 06:00;22,85
05.08.2020 06:00;05.08.2020 07:00;28,77
05.08.2020 07:00;05.08.2020 08:00;33,08
05.08.2020 08:00;05.08.2020 09:00;32,67
05.08.2020 09:00;05.08.2020 10:00;26,18
05.08.2020 10:00;05.08.2020 11:00;24,58
05.08.2020 11:00;05.08.2020 12:00;23,91
05.08.2020 12:00;05.08.2020 13:00;23,72
05.08.2020 13:00;05.08.2020 14:00;23,52
05.08.2020 14:00;05.08.2020 15:00;23,79
05.08.2020 15:00;05.08.2020 16:00;23,32
05.08.2020 16:00;05.08.2020 17:00;24,83
05.08.2020 17:00;05.08.2020 18:00;31,22
05.08.2020 18:00;05.08.2020 19:00;39,6
05.08.2020 19:00;05.08.2020 20:00;43,04
05.08.2020 20:00;05.08.2020 21:00;43,4
05.08.2020 21:00;05.08.2020 22:00;42,43
05.08.2020 22:00;05.08.2020 23:00;41,69
05.08.2020 23:00;06.08.2020 00:00;36,71
06.08.2020 00:00;06.08.2020 01:00;26,9
06.08.2020 01:00;06.08.2020 02:00;23,99
06.08.2020 02:00;06.08.2020 03:00;23,12
06.08.2020 03:00;06.08.2020 04:00;23,02
06.08.2020 04:00;06.08.2020 05:00;24,06
06.08.2020 05:00;06.08.2020 06:00;27,09
06.08.2020 06:00;06.08.2020 07:00;32,0
06.08.2020 07:00;06.08.2020 08:00;36,96
06.08.2020 08:00;06.08.2020 09:00;38,45
06.08.2020 09:00;06.08.2020 10:00;37,55
06.08.2020 10:00;06.08.2020 11:00;28,75
06.08.2020 11:00;06.08.2020 12:00;26,63
06.08.2020 12:00;06.08.2020 13:00;26,93
06.08.2020 13:00;06.08.2020 14:00;26,62
06.08.2020 14:00;06.08.2020 15:00;26,6
06.08.2020 15:00;06.08.2020 16:00;27,41
06.08.2020 16:00;06.08.2020 17:00;34,74
06.08.2020 17:00;06.08.2020 18:00;39,69
06.08.2020 18:00;06.08.2020 19:00;43,39
06.08.2020 19:00;06.08.2020 20:00;53,96
06.08.2020 20:00;06.08.2020 21:00;49,22
06.08.2020 21:00;06.08.2020 22:00;43,39
06.08.2020 22:00;06.08.2020 23:00;41,39
06.08.2020 23:00;07.08.2020 00:00;36,86
07.08.2020 00:00;07.08.2020 01:00;34,26
07.08.2020 01:00;07.08.2020 02:00;31,01
07.08.2020 02:00;07.08.2020 03:00;29,2
07.08.2020 03:00;07.08.2020 04:00;27,81
07.08.2020 04:00;07.08.2020 05:00;27,48
07.08.2020 05:00;07.08.2020 06:00;30,66
07.08.2020 06:00;07.08.2020 07:00;34,89
07.08.2020 07:00;07.08.2020 08:00;39,09
07.08.2020 08:00;07.08.2020 09:00;39,2
07.08.2020 09:00;07.08.2020 10:00;39,0
07.08.2020 10:00;07.08.2020 11:00;36,45
07.08.2020 11:00;07.08.2020 12:00;33,37
07.08.2020 12:00;07.08.2020 13:00;31,16
07.08.2020 13:00;07.08.2020 14:00;30,59
07.08.2020 14:00;07.08.2020 15:00;29,92
07.08.2020 15:00;07.08.2020 16:00;31,49
07.08.2020 16:00;07.08.2020 17:00;34,38
07.08.2020 17:00;07.08.2020 18:00;40,11
07.08.2020 18:00;07.08.2020 19:00;43,82
07.08.2020 19:00;07.08.2020 20:00;50,11
07.08.2020 20:00;07.08.2020 21:00;47,07
07.08.2020 21:00;07.08.2020 22:00;44,4
07.08.2020 22:00;07.08.2020 23:00;42,04
07.08.2020 23:00;08.08.2020 00:00;35,99
08.08.2020 00:00;08.08.2020 01:00;38,0
08.08.2020 01:00;08.08.2020 02:00;32,8
08.08.2020 02:00;08.08.2020 03:00;30,96
08.08.2020 03:00;08.08.2020 04:00;29,52
08.08.2020 04:00;08.08.2020 05:00;28,94
08.08.2020 05:00;08.08.2020 06:00;29,5
08.08.2020 06:00;08.08.2020 07:00;29,48
08.08.2020 07:00;08.08.2020 08:00;31,7
08.08.2020 08:00;08.08.2020 09:00;32,64
08.08.2020 09:00;08.08.2020 10:00;33,11
08.08.2020 10:00;08.08.2020 11:00;29,6
08.08.2020 11:00;08.08.2020 12:00;27,59
08.08.2020 12:00;08.08.2020 13:00;25,09
08.08.2020 13:00;08.08.2020 14:00;24,02
08.08.2020 14:00;08.08.2020 15:00;24,71
08.08.2020 15:00;08.08.2020 16:00;27,38
08.08.2020 16:00;08.08.2020 17:00;28,9
08.08.2020 17:00;08.08.2020 18:00;33,2
08.08.2020 18:00;08.08.2020 19:00;38,1
08.08.2020 19:00;08.08.2020 20:00;40,7
08.08.2020 20:00;08.08.2020 21:00;41,2
08.08.2020 21:00;08.08.2020 22:00;40,09
08.08.2020 22:00;08.08.2020 23:00;38,62
08.08.2020 23:00;09.08.2020 00:00;33,08
09.08.2020 00:00;09.08.2020 01:00;31,95
09.08.2020 01:00;09.08.2020 02:00;29,16
09.08.2020 02:00;09.08.2020 03:00;28,0
09.08.2020 03:00;09.08.2020 04:00;26,17
09.08.2020 04:00;09.08.2020 05:00;25,78
09.08.2020 05:00;09.08.2020 06:00;25,8
09.08.2020 06:00;09.08.2020 07:00;24,7
09.08.2020 07:00;09.08.2020 08:00;24,4
09.08.2020 08:00;09.08.2020 09:00;25,03
09.08.2020 09:00;09.08.2020 10:00;24,64
09.08.2020 10:00;09.08.2020 11:00;26,42
09.08.2020 11:00;09.08.2020 12:00;25,37
09.08.2020 12:00;09.08.2020 13:00;24,01
09.08.2020 13:00;09.08.2020 14:00;23,41
09.08.2020 14:00;09.08.2020 15:00;23,43
09.08.2020 15:00;09.08.2020 16:00;23,93
09.08.2020 16:00;09.08.2020 17:00;27,66
09.08.2020 17:00;09.08.2020 18:00;29,46
09.08.2020 18:00;09.08.2020 19:00;35,0
09.08.2020 19:00;09.08.2020 20:00;39,9
09.08.2020 20:00;09.08.2020 21:00;40,24
09.08.2020 21:00;09.08.2020 22:00;38,99
09.08.2020 22:00;09.08.2020 23:00;35,09
09.08.2020 23:00;10.08.2020 00:00;26,27
10.08.2020 00:00;10.08.2020 01:00;30,23
10.08.2020 01:00;10.08.2020 02:00;28,7
10.08.2020 02:00;10.08.2020 03:00;28,03
10.08.2020 03:00;10.08.2020 04:00;26,1
10.08.2020 04:00;10.08.2020 05:00;26,95
10.08.2020 05:00;10.08.2020 06:00;29,13
10.08.2020 06:00;10.08.2020 07:00;36,9
10.08.2020 07:00;10.08.2020 08:00;41,2
10.08.2020 08:00;10.08.2020 09:00;40,35
10.08.2020 09:00;10.08.2020 10:00;41,0
10.08.2020 10:00;10.08.2020 11:00;40,52
10.08.2020 11:00;10.08.2020 12:00;38,83
10.08.2020 12:00;10.08.2020 13:00;33,85
10.08.2020 13:00;10.08.2020 14:00;32,78
10.08.2020 14:00;10.08.2020 15:00;33,06
10.08.2020 15:00;10.08.2020 16:00;36,82
10.08.2020 16:00;10.08.2020 17:00;39,44
10.08.2020 17:00;10.08.2020 18:00;42,21
10.08.2020 18:00;10.08.2020 19:00;46,38
10.08.2020 19:00;10.08.2020 20:00;52,74
10.08.2020 20:00;10.08.2020 21:00;47,29
10.08.2020 21:00;10.08.2020 22:00;43,4
10.08.2020 22:00;10.08.2020 23:00;40,84
10.08.2020 23:00;11.08.2020 00:00;30,74
11.08.2020 00:00;11.08.2020 01:00;34,66
11.08.2020 01:00;11.08.2020 02:00;33,12
11.08.2020 02:00;11.08.2020 03:00;31,12
11.08.2020 03:00;11.08.2020 04:00;29,78
11.08.2020 04:00;11.08.2020 05:00;30,13
11.08.2020 05:00;11.08.2020 06:00;32,33
11.08.2020 06:00;11.08.2020 07:00;36,1
11.08.2020 07:00;11.08.2020 08:00;40,53
11.08.2020 08:00;11.08.2020 09:00;41,26
11.08.2020 09:00;11.08.2020 10:00;41,54
11.08.2020 10:00;11.08.2020 11:00;39,99
11.08.2020 11:00;11.08.2020 12:00;35,22
11.08.2020 12:00;11.08.2020 13:00;34,01
11.08.2020 13:00;11.08.2020 14:00;32,96
11.08.2020 14:00;11.08.2020 15:00;32,16
11.08.2020 15:00;11.08.2020 16:00;32,22
11.08.2020 16:00;11.08.2020 17:00;38,56
11.08.2020 17:00;11.08.2020 18:00;41,55
11.08.2020 18:00;11.08.2020 19:00;43,01
11.08.2020 19:00;11.08.2020 20:00;46,49
11.08.2020 20:00;11.08.2020 21:00;41,31
11.08.2020 21:00;11.08.2020 22:00;39,98
11.08.2020 22:00;11.08.2020 23:00;35,09
11.08.2020 23:00;12.08.2020 00:00;28,02
12.08.2020 00:00;12.08.2020 01:00;24,89
12.08.2020 01:00;12.08.2020 02:00;24,34
12.08.2020 02:00;12.08.2020 03:00;24,35
12.08.2020 03:00;12.08.2020 04:00;25,28
12.08.2020 04:00;12.08.2020 05:00;27,03
12.08.2020 05:00;12.08.2020 06:00;30,44
12.08.2020 06:00;12.08.2020 07:00;34,93
12.08.2020 07:00;12.08.2020 08:00;39,0
12.08.2020 08:00;12.08.2020 09:00;41,4
12.08.2020 09:00;12.08.2020 10:00;41,28
12.08.2020 10:00;12.08.2020 11:00;38,01
12.08.2020 11:00;12.08.2020 12:00;34,44
12.08.2020 12:00;12.08.2020 13:00;33,57
12.08.2020 13:00;12.08.2020 14:00;33,0
12.08.2020 14:00;12.08.2020 15:00;32,79
12.08.2020 15:00;12.08.2020 16:00;35,07
12.08.2020 16:00;12.08.2020 17:00;36,38
12.08.2020 17:00;12.08.2020 18:00;41,71
12.08.2020 18:00;12.08.2020 19:00;49,97
12.08.2020 19:00;12.08.2020 20:00;56,4
12.08.2020 20:00;12.08.2020 21:00;45,87
12.08.2020 21:00;12.08.2020 22:00;41,6
12.08.2020 22:00;12.08.2020 23:00;37,83
12.08.2020 23:00;13.08.2020 00:00;31,17
13.08.2020 00:00;13.08.2020 01:00;31,49
13.08.2020 01:00;13.08.2020 02:00;29,16
13.08.2020 02:00;13.08.2020 03:00;28,42
13.08.2020 03:00;13.08.2020 04:00;28,08
13.08.2020 04:00;13.08.2020 05:00;28,14
13.08.2020 05:00;13.08.2020 06:00;31,47
13.08.2020 06:00;13.08.2020 07:00;34,98
13.08.2020 07:00;13.08.2020 08:00;39,98
13.08.2020 08:00;13.08.2020 09:00;40,97
13.08.2020 09:00;13.08.2020 10:00;42,79
13.08.2020 10:00;13.08.2020 11:00;41,76
13.08.2020 11:00;13.08.2020 12:00;40,65
13.08.2020 12:00;13.08.2020 13:00;39,08
13.08.2020 13:00;13.08.2020 14:00;38,28
13.08.2020 14:00;13.08.2020 15:00;36,8
13.08.2020 15:00;13.08.2020 16:00;37,98
13.08.2020 16:00;13.08.2020 17:00;39,07
13.08.2020 17:00;13.08.2020 18:00;42,62
13.08.2020 18:00;13.08.2020 19:00;49,5
13.08.2020 19:00;13.08.2020 20:00;53,39
13.08.2020 20:00;13.08.2020 21:00;48,91
13.08.2020 21:00;13.08.2020 22:00;44,29
13.08.2020 22:00;13.08.2020 23:00;42,06
13.08.2020 23:00;14.08.2020 00:00;36,19
14.08.2020 00:00;14.08.2020 01:00;33,41
14.08.2020 01:00;14.08.2020 02:00;32,24
14.08.2020 02:00;14.08.2020 03:00;31,07
14.08.2020 03:00;14.08.2020 04:00;30,18
14.08.2020 04:00;14.08.2020 05:00;30,07
14.08.2020 05:00;14.08.2020 06:00;32,1
14.08.2020 06:00;14.08.2020 07:00;43,01
14.08.2020 07:00;14.08.2020 08:00;51,58
14.08.2020 08:00;14.08.2020 09:00;51,08
14.08.2020 09:00;14.08.2020 10:00;51,98
14.08.2020 10:00;14.08.2020 11:00;53,28
14.08.2020 11:00;14.08.2020 12:00;51,63
14.08.2020 12:00;14.08.2020 13:00;44,28
14.08.2020 13:00;14.08.2020 14:00;39,17
14.08.2020 14:00;14.08.2020 15:00;37,61
14.08.2020 15:00;14.08.2020 16:00;37,01
14.08.2020 16:00;14.08.2020 17:00;38,01
14.08.2020 17:00;14.08.2020 18:00;39,94
14.08.2020 18:00;14.08.2020 19:00;45,69
14.08.2020 19:00;14.08.2020 20:00;46,08
14.08.2020 20:00;14.08.2020 21:00;43,0
14.08.2020 21:00;14.08.2020 22:00;42,06
14.08.2020 22:00;14.08.2020 23:00;40,0
14.08.2020 23:00;15.08.2020 00:00;35,35
15.08.2020 00:00;15.08.2020 01:00;38,36
15.08.2020 01:00;15.08.2020 02:00;33,9
15.08.2020 02:00;15.08.2020 03:00;31,77
15.08.2020 03:00;15.08.2020 04:00;30,31
15.08.2020 04:00;15.08.2020 05:00;29,92
15.08.2020 05:00;15.08.2020 06:00;29,06
15.08.2020 06:00;15.08.2020 07:00;29,0
15.08.2020 07:00;15.08.2020 08:00;29,1
15.08.2020 08:00;15.08.2020 09:00;30,38
15.08.2020 09:00;15.08.2020 10:00;31,39
15.08.2020 10:00;15.08.2020 11:00;30,14
15.08.2020 11:00;15.08.2020 12:00;29,91
15.08.2020 12:00;15.08.2020 13:00;29,53
15.08.2020 13:00;15.08.2020 14:00;28,0
15.08.2020 14:00;15.08.2020 15:00;27,14
15.08.2020 15:00;15.08.2020 16:00;26,07
15.08.2020 16:00;15.08.2020 17:00;27,3
15.08.2020 17:00;15.08.2020 18:00;29,11
15.08.2020 18:00;15.08.2020 19:00;34,09
15.08.2020 19:00;15.08.2020 20:00;36,98
15.08.2020 20:00;15.08.2020 21:00;39,59
15.08.2020 21:00;15.08.2020 22:00;39,93
15.08.2020 22:00;15.08.2020 23:00;39,54
15.08.2020 23:00;16.08.2020 00:00;34,14
16.08.2020 00:00;16.08.2020 01:00;33,12
16.08.2020 01:00;16.08.2020 02:00;29,0
16.08.2020 02:00;16.08.2020 03:00;28,0
16.08.2020 03:00;16.08.2020 04:00;26,5
16.08.2020 04:00;16.08.2020 05:00;26,15
16.08.2020 05:00;16.08.2020 06:00;25,7
16.08.2020 06:00;16.08.2020 07:00;26,0
16.08.2020 07:00;16.08.2020 08:00;25,95
16.08.2020 08:00;16.08.2020 09:00;28,0
16.08.2020 09:00;16.08.2020 10:00;28,36
16.08.2020 10:00;16.08.2020 11:00;25,51
16.08.2020 11:00;16.08.2020 12:00;24,11
16.08.2020 12:00;16.08.2020 13:00;22,94
16.08.2020 13:00;16.08.2020 14:00;21,91
16.08.2020 14:00;16.08.2020 15:00;19,66
16.08.2020 15:00;16.08.2020 16:00;20,9
16.08.2020 16:00;16.08.2020 17:00;22,5
16.08.2020 17:00;16.08.2020 18:00;28,11
16.08.2020 18:00;16.08.2020 19:00;34,0
16.08.2020 19:00;16.08.2020 20:00;36,98
16.08.2020 20:00;16.08.2020 21:00;39,77
16.08.2020 21:00;16.08.2020 22:00;40,21
16.08.2020 22:00;16.08.2020 23:00;39,98
16.08.2020 23:00;17.08.2020 00:00;35,07
17.08.2020 00:00;17.08.2020 01:00;30,43
17.08.2020 01:00;17.08.2020 02:00;28,72
17.08.2020 02:00;17.08.2020 03:00;28,25
17.08.2020 03:00;17.08.2020 04:00;27,75
17.08.2020 04:00;17.08.2020 05:00;27,91
17.08.2020 05:00;17.08.2020 06:00;30,13
17.08.2020 06:00;17.08.2020 07:00;35,96
17.08.2020 07:00;17.08.2020 08:00;41,44
17.08.2020 08:00;17.08.2020 09:00;44,55
17.08.2020 09:00;17.08.2020 10:00;44,75
17.08.2020 10:00;17.08.2020 11:00;42,11
17.08.2020 11:00;17.08.2020 12:00;41,91
17.08.2020 12:00;17.08.2020 13:00;39,97
17.08.2020 13:00;17.08.2020 14:00;38,67
17.08.2020 14:00;17.08.2020 15:00;38,09
17.08.2020 15:00;17.08.2020 16:00;39,0
17.08.2020 16:00;17.08.2020 17:00;41,0
17.08.2020 17:00;17.08.2020 18:00;45,0
17.08.2020 18:00;17.08.2020 19:00;51,25
17.08.2020 19:00;17.08.2020 20:00;61,47
17.08.2020 20:00;17.08.2020 21:00;55,52
17.08.2020 21:00;17.08.2020 22:00;51,1
17.08.2020 22:00;17.08.2020 23:00;45,0
17.08.2020 23:00;18.08.2020 00:00;38,74
18.08.2020 00:00;18.08.2020 01:00;35,83
18.08.2020 01:00;18.08.2020 02:00;33,4
18.08.2020 02:00;18.08.2020 03:00;31,49
18.08.2020 03:00;18.08.2020 04:00;29,92
18.08.2020 04:00;18.08.2020 05:00;29,95
18.08.2020 05:00;18.08.2020 06:00;33,31
18.08.2020 06:00;18.08.2020 07:00;42,9
18.08.2020 07:00;18.08.2020 08:00;50,92
18.08.2020 08:00;18.08.2020 09:00;56,67
18.08.2020 09:00;18.08.2020 10:00;49,22
18.08.2020 10:00;18.08.2020 11:00;44,03
18.08.2020 11:00;18.08.2020 12:00;41,21
18.08.2020 12:00;18.08.2020 13:00;40,74
18.08.2020 13:00;18.08.2020 14:00;37,79
18.08.2020 14:00;18.08.2020 15:00;36,45
18.08.2020 15:00;18.08.2020 16:00;36,01
18.08.2020 16:00;18.08.2020 17:00;37,6
18.08.2020 17:00;18.08.2020 18:00;43,68
18.08.2020 18:00;18.08.2020 19:00;51,25
18.08.2020 19:00;18.08.2020 20:00;58,05
18.08.2020 20:00;18.08.2020 21:00;55,66
18.08.2020 21:00;18.08.2020 22:00;52,0
18.08.2020 22:00;18.08.2020 23:00;49,06
18.08.2020 23:00;19.08.2020 00:00;40,29
19.08.2020 00:00;19.08.2020 01:00;37,53
19.08.2020 01:00;19.08.2020 02:00;33,91
19.08.2020 02:00;19.08.2020 03:00;32,52
19.08.2020 03:00;19.08.2020 04:00;30,48
19.08.2020 04:00;19.08.2020 05:00;30,25
19.08.2020 05:00;19.08.2020 06:00;33,43
19.08.2020 06:00;19.08.2020 07:00;39,65
19.08.2020 07:00;19.08.2020 08:00;46,9
19.08.2020 08:00;19.08.2020 09:00;45,04
19.08.2020 09:00;19.08.2020 10:00;42,16
19.08.2020 10:00;19.08.2020 11:00;38,42
19.08.2020 11:00;19.08.2020 12:00;34,98
19.08.2020 12:00;19.08.2020 13:00;33,5
19.08.2020 13:00;19.08.2020 14:00;33,46
19.08.2020 14:00;19.08.2020 15:00;33,25
19.08.2020 15:00;19.08.2020 16:00;33,32
19.08.2020 16:00;19.08.2020 17:00;34,98
19.08.2020 17:00;19.08.2020 18:00;42,04
19.08.2020 18:00;19.08.2020 19:00;46,94
19.08.2020 19:00;19.08.2020 20:00;53,58
19.08.2020 20:00;19.08.2020 21:00;47,16
19.08.2020 21:00;19.08.2020 22:00;41,26
19.08.2020 22:00;19.08.2020 23:00;39,79
19.08.2020 23:00;20.08.2020 00:00;32,93
20.08.2020 00:00;20.08.2020 01:00;33,1
20.08.2020 01:00;20.08.2020 02:00;28,6
20.08.2020 02:00;20.08.2020 03:00;26,1
20.08.2020 03:00;20.08.2020 04:00;25,01
20.08.2020 04:00;20.08.2020 05:00;25,05
20.08.2020 05:00;20.08.2020 06:00;28,03
20.08.2020 06:00;20.08.2020 07:00;33,27
20.08.2020 07:00;20.08.2020 08:00;38,19
20.08.2020 08:00;20.08.2020 09:00;39,79
20.08.2020 09:00;20.08.2020 10:00;40,49
20.08.2020 10:00;20.08.2020 11:00;39,82
20.08.2020 11:00;20.08.2020 12:00;38,08
20.08.2020 12:00;20.08.2020 13:00;37,21
20.08.2020 13:00;20.08.2020 14:00;34,62
20.08.2020 14:00;20.08.2020 15:00;33,87
20.08.2020 15:00;20.08.2020 16:00;35,96
20.08.2020 16:00;20.08.2020 17:00;36,84
20.08.2020 17:00;20.08.2020 18:00;43,34
20.08.2020 18:00;20.08.2020 19:00;50,82
20.08.2020 19:00;20.08.2020 20:00;63,37
20.08.2020 20:00;20.08.2020 21:00;56,51
20.08.2020 21:00;20.08.2020 22:00;47,68
20.08.2020 22:00;20.08.2020 23:00;42,23
20.08.2020 23:00;21.08.2020 00:00;36,58
21.08.2020 00:00;21.08.2020 01:00;34,35
21.08.2020 01:00;21.08.2020 02:00;28,45
21.08.2020 02:00;21.08.2020 03:00;24,15
21.08.2020 03:00;21.08.2020 04:00;23,12
21.08.2020 04:00;21.08.2020 05:00;20,97
21.08.2020 05:00;21.08.2020 06:00;23,09
21.08.2020 06:00;21.08.2020 07:00;28,16
21.08.2020 07:00;21.08.2020 08:00;35,68
21.08.2020 08:00;21.08.2020 09:00;38,98
21.08.2020 09:00;21.08.2020 10:00;38,0
21.08.2020 10:00;21.08.2020 11:00;33,9
21.08.2020 11:00;21.08.2020 12:00;28,75
21.08.2020 12:00;21.08.2020 13:00;26,52
21.08.2020 13:00;21.08.2020 14:00;26,02
21.08.2020 14:00;21.08.2020 15:00;25,26
21.08.2020 15:00;21.08.2020 16:00;25,47
21.08.2020 16:00;21.08.2020 17:00;28,3
21.08.2020 17:00;21.08.2020 18:00;33,9
21.08.2020 18:00;21.08.2020 19:00;38,73
21.08.2020 19:00;21.08.2020 20:00;41,2
21.08.2020 20:00;21.08.2020 21:00;41,6
21.08.2020 21:00;21.08.2020 22:00;41,83
21.08.2020 22:00;21.08.2020 23:00;40,08
21.08.2020 23:00;22.08.2020 00:00;36,91
22.08.2020 00:00;22.08.2020 01:00;31,76
22.08.2020 01:00;22.08.2020 02:00;26,4
22.08.2020 02:00;22.08.2020 03:00;24,08
22.08.2020 03:00;22.08.2020 04:00;21,94
22.08.2020 04:00;22.08.2020 05:00;21,3
22.08.2020 05:00;22.08.2020 06:00;20,3
22.08.2020 06:00;22.08.2020 07:00;23,53
22.08.2020 07:00;22.08.2020 08:00;25,17
22.08.2020 08:00;22.08.2020 09:00;29,91
22.08.2020 09:00;22.08.2020 10:00;29,99
22.08.2020 10:00;22.08.2020 11:00;27,14
22.08.2020 11:00;22.08.2020 12:00;24,31
22.08.2020 12:00;22.08.2020 13:00;18,97
22.08.2020 13:00;22.08.2020 14:00;11,57
22.08.2020 14:00;22.08.2020 15:00;4,25
22.08.2020 15:00;22.08.2020 16:00;4,51
22.08.2020 16:00;22.08.2020 17:00;14,98
22.08.2020 17:00;22.08.2020 18:00;24,62
22.08.2020 18:00;22.08.2020 19:00;26,64
22.08.2020 19:00;22.08.2020 20:00;30,27
22.08.2020 20:00;22.08.2020 21:00;34,43
22.08.2020 21:00;22.08.2020 22:00;35,07
22.08.2020 22:00;22.08.2020 23:00;33,36
22.08.2020 23:00;23.08.2020 00:00;27,4
23.08.2020 00:00;23.08.2020 01:00;26,44
23.08.2020 01:00;23.08.2020 02:00;24,41
23.08.2020 02:00;23.08.2020 03:00;22,14
23.08.2020 03:00;23.08.2020 04:00;19,32
23.08.2020 04:00;23.08.2020 05:00;14,91
23.08.2020 05:00;23.08.2020 06:00;11,84
23.08.2020 06:00;23.08.2020 07:00;13,87
23.08.2020 07:00;23.08.2020 08:00;19,2
23.08.2020 08:00;23.08.2020 09:00;22,19
23.08.2020 09:00;23.08.2020 10:00;17,09
23.08.2020 10:00;23.08.2020 11:00;4,44
23.08.2020 11:00;23.08.2020 12:00;0,6
23.08.2020 12:00;23.08.2020 13:00;0,03
23.08.2020 13:00;23.08.2020 14:00;-16,18
23.08.2020 14:00;23.08.2020 15:00;-12,11
23.08.2020 15:00;23.08.2020 16:00;-3,81
23.08.2020 16:00;23.08.2020 17:00;0,09
23.08.2020 17:00;23.08.2020 18:00;19,7
23.08.2020 18:00;23.08.2020 19:00;28,0
23.08.2020 19:00;23.08.2020 20:00;33,41
23.08.2020 20:00;23.08.2020 21:00;37,32
23.08.2020 21:00;23.08.2020 22:00;38,87
23.08.2020 22:00;23.08.2020 23:00;38,07
23.08.2020 23:00;24.08.2020 00:00;31,99
24.08.2020 00:00;24.08.2020 01:00;28,73
24.08.2020 01:00;24.08.2020 02:00;27,95
24.08.2020 02:00;24.08.2020 03:00;27,14
24.08.2020 03:00;24.08.2020 04:00;25,5
24.08.2020 04:00;24.08.2020 05:00;25,5
24.08.2020 05:00;24.08.2020 06:00;28,9
24.08.2020 06:00;24.08.2020 07:00;39,79
24.08.2020 07:00;24.08.2020 08:00;53,26
24.08.2020 08:00;24.08.2020 09:00;53,13
24.08.2020 09:00;24.08.2020 10:00;53,84
24.08.2020 10:00;24.08.2020 11:00;47,1
24.08.2020 11:00;24.08.2020 12:00;48,0
24.08.2020 12:00;24.08.2020 13:00;44,01
24.08.2020 13:00;24.08.2020 14:00;42,31
24.08.2020 14:00;24.08.2020 15:00;42,1
24.08.2020 15:00;24.08.2020 16:00;41,2
24.08.2020 16:00;24.08.2020 17:00;41,92
24.08.2020 17:00;24.08.2020 18:00;50,25
24.08.2020 18:00;24.08.2020 19:00;55,87
24.08.2020 19:00;24.08.2020 20:00;66,33
24.08.2020 20:00;24.08.2020 21:00;70,16
24.08.2020 21:00;24.08.2020 22:00;61,44
24.08.2020 22:00;24.08.2020 23:00;54,9
24.08.2020 23:00;25.08.2020 00:00;43,97
25.08.2020 00:00;25.08.2020 01:00;42,16
25.08.2020 01:00;25.08.2020 02:00;37,96
25.08.2020 02:00;25.08.2020 03:00;34,48
25.08.2020 03:00;25.08.2020 04:00;32,76
25.08.2020 04:00;25.08.2020 05:00;32,68
25.08.2020 05:00;25.08.2020 06:00;34,7
25.08.2020 06:00;25.08.2020 07:00;46,9
25.08.2020 07:00;25.08.2020 08:00;48,06
25.08.2020 08:00;25.08.2020 09:00;53,66
25.08.2020 09:00;25.08.2020 10:00;45,24
25.08.2020 10:00;25.08.2020 11:00;43,07
25.08.2020 11:00;25.08.2020 12:00;41,69
25.08.2020 12:00;25.08.2020 13:00;40,07
25.08.2020 13:00;25.08.2020 14:00;37,85
25.08.2020 14:00;25.08.2020 15:00;35,6
25.08.2020 15:00;25.08.2020 16:00;35,25
25.08.2020 16:00;25.08.2020 17:00;35,65
25.08.2020 17:00;25.08.2020 18:00;38,95
25.08.2020 18:00;25.08.2020 19:00;40,99
25.08.2020 19:00;25.08.2020 20:00;42,04
25.08.2020 20:00;25.08.2020 21:00;38,03
25.08.2020 21:00;25.08.2020 22:00;35,19
25.08.2020 22:00;25.08.2020 23:00;30,05
25.08.2020 23:00;26.08.2020 00:00;20,07
26.08.2020 00:00;26.08.2020 01:00;11,16
26.08.2020 01:00;26.08.2020 02:00;3,55
26.08.2020 02:00;26.08.2020 03:00;2,78
26.08.2020 03:00;26.08.2020 04:00;2,47
26.08.2020 04:00;26.08.2020 05:00;2,94
26.08.2020 05:00;26.08.2020 06:00;16,94
26.08.2020 06:00;26.08.2020 07:00;31,09
26.08.2020 07:00;26.08.2020 08:00;37,09
26.08.2020 08:00;26.08.2020 09:00;37,81
26.08.2020 09:00;26.08.2020 10:00;34,79
26.08.2020 10:00;26.08.2020 11:00;21,7
26.08.2020 11:00;26.08.2020 12:00;19,07
26.08.2020 12:00;26.08.2020 13:00;13,95
26.08.2020 13:00;26.08.2020 14:00;8,21
26.08.2020 14:00;26.08.2020 15:00;0,31
26.08.2020 15:00;26.08.2020 16:00;-3,82
26.08.2020 16:00;26.08.2020 17:00;0,49
26.08.2020 17:00;26.08.2020 18:00;16,05
26.08.2020 18:00;26.08.2020 19:00;29,46
26.08.2020 19:00;26.08.2020 20:00;32,0
26.08.2020 20:00;26.08.2020 21:00;32,32
26.08.2020 21:00;26.08.2020 22:00;30,07
26.08.2020 22:00;26.08.2020 23:00;27,49
26.08.2020 23:00;27.08.2020 00:00;21,44
27.08.2020 00:00;27.08.2020 01:00;19,78
27.08.2020 01:00;27.08.2020 02:00;19,6
27.08.2020 02:00;27.08.2020 03:00;20,97
27.08.2020 03:00;27.08.2020 04:00;23,57
27.08.2020 04:00;27.08.2020 05:00;26,05
27.08.2020 05:00;27.08.2020 06:00;29,58
27.08.2020 06:00;27.08.2020 07:00;42,93
27.08.2020 07:00;27.08.2020 08:00;47,78
27.08.2020 08:00;27.08.2020 09:00;51,92
27.08.2020 09:00;27.08.2020 10:00;40,21
27.08.2020 10:00;27.08.2020 11:00;38,41
27.08.2020 11:00;27.08.2020 12:00;40,99
27.08.2020 12:00;27.08.2020 13:00;43,04
27.08.2020 13:00;27.08.2020 14:00;43,83
27.08.2020 14:00;27.08.2020 15:00;45,01
27.08.2020 15:00;27.08.2020 16:00;46,91
27.08.2020 16:00;27.08.2020 17:00;47,87
27.08.2020 17:00;27.08.2020 18:00;59,59
27.08.2020 18:00;27.08.2020 19:00;70,39
27.08.2020 19:00;27.08.2020 20:00;89,91
27.08.2020 20:00;27.08.2020 21:00;90,0
27.08.2020 21:00;27.08.2020 22:00;69,0
27.08.2020 22:00;27.08.2020 23:00;57,9
27.08.2020 23:00;28.08.2020 00:00;46,13
28.08.2020 00:00;28.08.2020 01:00;39,9
28.08.2020 01:00;28.08.2020 02:00;32,75
28.08.2020 02:00;28.08.2020 03:00;30,7
28.08.2020 03:00;28.08.2020 04:00;29,17
28.08.2020 04:00;28.08.2020 05:00;30,43
28.08.2020 05:00;28.08.2020 06:00;32,69
28.08.2020 06:00;28.08.2020 07:00;40,83
28.08.2020 07:00;28.08.2020 08:00;45,71
28.08.2020 08:00;28.08.2020 09:00;47,9
28.08.2020 09:00;28.08.2020 10:00;48,34
28.08.2020 10:00;28.08.2020 11:00;46,49
28.08.2020 11:00;28.08.2020 12:00;43,68
28.08.2020 12:00;28.08.2020 13:00;37,0
28.08.2020 13:00;28.08.2020 14:00;34,63
28.08.2020 14:00;28.08.2020 15:00;36,37
28.08.2020 15:00;28.08.2020 16:00;38,25
28.08.2020 16:00;28.08.2020 17:00;38,25
28.08.2020 17:00;28.08.2020 18:00;45,08
28.08.2020 18:00;28.08.2020 19:00;47,98
28.08.2020 19:00;28.08.2020 20:00;52,11
28.08.2020 20:00;28.08.2020 21:00;50,35
28.08.2020 21:00;28.08.2020 22:00;46,66
28.08.2020 22:00;28.08.2020 23:00;42,36
28.08.2020 23:00;29.08.2020 00:00;39,19
29.08.2020 00:00;29.08.2020 01:00;36,82
29.08.2020 01:00;29.08.2020 02:00;33,76
29.08.2020 02:00;29.08.2020 03:00;30,74
29.08.2020 03:00;29.08.2020 04:00;29,27
29.08.2020 04:00;29.08.2020 05:00;28,31
29.08.2020 05:00;29.08.2020 06:00;29,0
29.08.2020 06:00;29.08.2020 07:00;29,6
29.08.2020 07:00;29.08.2020 08:00;31,76
29.08.2020 08:00;29.08.2020 09:00;35,94
29.08.2020 09:00;29.08.2020 10:00;38,3
29.08.2020 10:00;29.08.2020 11:00;36,84
29.08.2020 11:00;29.08.2020 12:00;35,85
29.08.2020 12:00;29.08.2020 13:00;30,99
29.08.2020 13:00;29.08.2020 14:00;30,29
29.08.2020 14:00;29.08.2020 15:00;30,0
29.08.2020 15:00;29.08.2020 16:00;31,67
29.08.2020 16:00;29.08.2020 17:00;34,71
29.08.2020 17:00;29.08.2020 18:00;37,0
29.08.2020 18:00;29.08.2020 19:00;43,98
29.08.2020 19:00;29.08.2020 20:00;46,39
29.08.2020 20:00;29.08.2020 21:00;46,91
29.08.2020 21:00;29.08.2020 22:00;44,99
29.08.2020 22:00;29.08.2020 23:00;43,0
29.08.2020 23:00;30.08.2020 00:00;39,26
30.08.2020 00:00;30.08.2020 01:00;38,2
30.08.2020 01:00;30.08.2020 02:00;34,98
30.08.2020 02:00;30.08.2020 03:00;32,08
30.08.2020 03:00;30.08.2020 04:00;31,34
30.08.2020 04:00;30.08.2020 05:00;30,74
30.08.2020 05:00;30.08.2020 06:00;30,98
30.08.2020 06:00;30.08.2020 07:00;30,59
30.08.2020 07:00;30.08.2020 08:00;30,74
30.08.2020 08:00;30.08.2020 09:00;31,97
30.08.2020 09:00;30.08.2020 10:00;32,25
30.08.2020 10:00;30.08.2020 11:00;32,39
30.08.2020 11:00;30.08.2020 12:00;32,79
30.08.2020 12:00;30.08.2020 13:00;31,99
30.08.2020 13:00;30.08.2020 14:00;30,98
30.08.2020 14:00;30.08.2020 15:00;29,97
30.08.2020 15:00;30.08.2020 16:00;29,23
30.08.2020 16:00;30.08.2020 17:00;29,98
30.08.2020 17:00;30.08.2020 18:00;31,41
30.08.2020 18:00;30.08.2020 19:00;35,18
30.08.2020 19:00;30.08.2020 20:00;39,08
30.08.2020 20:00;30.08.2020 21:00;42,7
30.08.2020 21:00;30.08.2020 22:00;43,13
30.08.2020 22:00;30.08.2020 23:00;41,97
30.08.2020 23:00;31.08.2020 00:00;37,0
31.08.2020 00:00;31.08.2020 01:00;29,76
31.08.2020 01:00;31.08.2020 02:00;27,92
31.08.2020 02:00;31.08.2020 03:00;28,89
31.08.2020 03:00;31.08.2020 04:00;28,43
31.08.2020 04:00;31.08.2020 05:00;29,41
31.08.2020 05:00;31.08.2020 06:00;34,39
31.08.2020 06:00;31.08.2020 07:00;45,24
31.08.2020 07:00;31.08.2020 08:00;59,94
31.08.2020 08:00;31.08.2020 09:00;67,25
31.08.2020 09:00;31.08.2020 10:00;68,84
31.08.2020 10:00;31.08.2020 11:00;66,53
31.08.2020 11:00;31.08.2020 12:00;65,41
31.08.2020 12:00;31.08.2020 13:00;62,76
31.08.2020 13:00;31.08.2020 14:00;60,0
31.08.2020 14:00;31.08.2020 15:00;57,48
31.08.2020 15:00;31.08.2020 16:00;54,99
31.08.2020 16:00;31.08.2020 17:00;58,95
31.08.2020 17:00;31.08.2020 18:00;65,49
31.08.2020 18:00;31.08.2020 19:00;71,6
31.08.2020 19:00;31.08.2020 20:00;79,06
31.08.2020 20:00;31.08.2020 21:00;72,66
31.08.2020 21:00;31.08.2020 22:00;64,86
31.08.2020 22:00;31.08.2020 23:00;52,02
31.08.2020 23:00;01.09.2020 00:00;45,0
01.09.2020 00:00;01.09.2020 01:00;39,2
01.09.2020 01:00;01.09.2020 02:00;37,91
01.09.2020 02:00;01.09.2020 03:00;35,93
01.09.2020 03:00;01.09.2020 04:00;34,91
01.09.2020 04:00;01.09.2020 05:00;35,89
01.09.2020 05:00;01.09.2020 06:00;38,33
01.09.2020 06:00;01.09.2020 07:00;48,08
01.09.2020 07:00;01.09.2020 08:00;59,0
01.09.2020 08:00;01.09.2020 09:00;65,26
01.09.2020 09:00;01.09.2020 10:00;59,96
01.09.2020 10:00;01.09.2020 11:00;55,36
01.09.2020 11:00;01.09.2020 12:00;53,92
01.09.2020 12:00;01.09.2020 13:00;50,86
01.09.2020 13:00;01.09.2020 14:00;49,77
01.09.2020 14:00;01.09.2020 15:00;47,12
01.09.2020 15:00;01.09.2020 16:00;47,0
01.09.2020 16:00;01.09.2020 17:00;48,58
01.09.2020 17:00;01.09.2020 18:00;51,84
01.09.2020 18:00;01.09.2020 19:00;60,0
01.09.2020 19:00;01.09.2020 20:00;67,02
01.09.2020 20:00;01.09.2020 21:00;65,93
01.09.2020 21:00;01.09.2020 22:00;55,32
01.09.2020 22:00;01.09.2020 23:00;46,95
01.09.2020 23:00;02.09.2020 00:00;41,28
02.09.2020 00:00;02.09.2020 01:00;41,67
02.09.2020 01:00;02.09.2020 02:00;38,02
02.09.2020 02:00;02.09.2020 03:00;36,35
02.09.2020 03:00;02.09.2020 04:00;34,72
02.09.2020 04:00;02.09.2020 05:00;35,7
02.09.2020 05:00;02.09.2020 06:00;38,35
02.09.2020 06:00;02.09.2020 07:00;50,13
02.09.2020 07:00;02.09.2020 08:00;62,23
02.09.2020 08:00;02.09.2020 09:00;71,11
02.09.2020 09:00;02.09.2020 10:00;63,51
02.09.2020 10:00;02.09.2020 11:00;54,51
02.09.2020 11:00;02.09.2020 12:00;49,5
02.09.2020 12:00;02.09.2020 13:00;44,93
02.09.2020 13:00;02.09.2020 14:00;44,11
02.09.2020 14:00;02.09.2020 15:00;43,96
02.09.2020 15:00;02.09.2020 16:00;44,02
02.09.2020 16:00;02.09.2020 17:00;46,46
02.09.2020 17:00;02.09.2020 18:00;52,35
02.09.2020 18:00;02.09.2020 19:00;60,4
02.09.2020 19:00;02.09.2020 20:00;68,89
02.09.2020 20:00;02.09.2020 21:00;66,05
02.09.2020 21:00;02.09.2020 22:00;55,46
02.09.2020 22:00;02.09.2020 23:00;49,34
02.09.2020 23:00;03.09.2020 00:00;43,94
03.09.2020 00:00;03.09.2020 01:00;44,55
03.09.2020 01:00;03.09.2020 02:00;39,04
03.09.2020 02:00;03.09.2020 03:00;36,22
03.09.2020 03:00;03.09.2020 04:00;34,84
03.09.2020 04:00;03.09.2020 05:00;35,43
03.09.2020 05:00;03.09.2020 06:00;37,69
03.09.2020 06:00;03.09.2020 07:00;49,5
03.09.2020 07:00;03.09.2020 08:00;55,98
03.09.2020 08:00;03.09.2020 09:00;58,52
03.09.2020 09:00;03.09.2020 10:00;52,35
03.09.2020 10:00;03.09.2020 11:00;48,17
03.09.2020 11:00;03.09.2020 12:00;41,12
03.09.2020 12:00;03.09.2020 13:00;30,95
03.09.2020 13:00;03.09.2020 14:00;30,36
03.09.2020 14:00;03.09.2020 15:00;30,47
03.09.2020 15:00;03.09.2020 16:00;34,19
03.09.2020 16:00;03.09.2020 17:00;31,11
03.09.2020 17:00;03.09.2020 18:00;42,34
03.09.2020 18:00;03.09.2020 19:00;47,49
03.09.2020 19:00;03.09.2020 20:00;47,74
03.09.2020 20:00;03.09.2020 21:00;46,41
03.09.2020 21:00;03.09.2020 22:00;41,06
03.09.2020 22:00;03.09.2020 23:00;30,84
03.09.2020 23:00;04.09.2020 00:00;26,49
04.09.2020 00:00;04.09.2020 01:00;26,83
04.09.2020 01:00;04.09.2020 02:00;25,71
04.09.2020 02:00;04.09.2020 03:00;26,1
04.09.2020 03:00;04.09.2020 04:00;25,96
04.09.2020 04:00;04.09.2020 05:00;28,0
04.09.2020 05:00;04.09.2020 06:00;30,44
04.09.2020 06:00;04.09.2020 07:00;39,97
04.09.2020 07:00;04.09.2020 08:00;48,43
04.09.2020 08:00;04.09.2020 09:00;51,67
04.09.2020 09:00;04.09.2020 10:00;49,71
04.09.2020 10:00;04.09.2020 11:00;42,03
04.09.2020 11:00;04.09.2020 12:00;39,15
04.09.2020 12:00;04.09.2020 13:00;36,0
04.09.2020 13:00;04.09.2020 14:00;32,67
04.09.2020 14:00;04.09.2020 15:00;31,09
04.09.2020 15:00;04.09.2020 16:00;31,25
04.09.2020 16:00;04.09.2020 17:00;36,48
04.09.2020 17:00;04.09.2020 18:00;44,03
04.09.2020 18:00;04.09.2020 19:00;47,95
04.09.2020 19:00;04.09.2020 20:00;51,43
04.09.2020 20:00;04.09.2020 21:00;51,61
04.09.2020 21:00;04.09.2020 22:00;45,99
04.09.2020 22:00;04.09.2020 23:00;42,79
04.09.2020 23:00;05.09.2020 00:00;34,48
05.09.2020 00:00;05.09.2020 01:00;39,58
05.09.2020 01:00;05.09.2020 02:00;35,34
05.09.2020 02:00;05.09.2020 03:00;30,98
05.09.2020 03:00;05.09.2020 04:00;29,01
05.09.2020 04:00;05.09.2020 05:00;30,06
05.09.2020 05:00;05.09.2020 06:00;30,06
05.09.2020 06:00;05.09.2020 07:00;31,6
05.09.2020 07:00;05.09.2020 08:00;34,2
05.09.2020 08:00;05.09.2020 09:00;38,3
05.09.2020 09:00;05.09.2020 10:00;37,55
05.09.2020 10:00;05.09.2020 11:00;32,26
05.09.2020 11:00;05.09.2020 12:00;29,04
05.09.2020 12:00;05.09.2020 13:00;28,49
05.09.2020 13:00;05.09.2020 14:00;22,91
05.09.2020 14:00;05.09.2020 15:00;15,3
05.09.2020 15:00;05.09.2020 16:00;26,75
05.09.2020 16:00;05.09.2020 17:00;30,04
05.09.2020 17:00;05.09.2020 18:00;32,62
05.09.2020 18:00;05.09.2020 19:00;38,21
05.09.2020 19:00;05.09.2020 20:00;44,04
05.09.2020 20:00;05.09.2020 21:00;46,84
05.09.2020 21:00;05.09.2020 22:00;43,08
05.09.2020 22:00;05.09.2020 23:00;38,94
05.09.2020 23:00;06.09.2020 00:00;36,74
06.09.2020 00:00;06.09.2020 01:00;34,04
06.09.2020 01:00;06.09.2020 02:00;31,0
06.09.2020 02:00;06.09.2020 03:00;30,45
06.09.2020 03:00;06.09.2020 04:00;29,39
06.09.2020 04:00;06.09.2020 05:00;29,39
06.09.2020 05:00;06.09.2020 06:00;29,6
06.09.2020 06:00;06.09.2020 07:00;30,8
06.09.2020 07:00;06.09.2020 08:00;30,9
06.09.2020 08:00;06.09.2020 09:00;30,8
06.09.2020 09:00;06.09.2020 10:00;33,2
06.09.2020 10:00;06.09.2020 11:00;32,19
06.09.2020 11:00;06.09.2020 12:00;34,27
06.09.2020 12:00;06.09.2020 13:00;34,1
06.09.2020 13:00;06.09.2020 14:00;30,7
06.09.2020 14:00;06.09.2020 15:00;30,28
06.09.2020 15:00;06.09.2020 16:00;30,73
06.09.2020 16:00;06.09.2020 17:00;32,4
06.09.2020 17:00;06.09.2020 18:00;35,1
06.09.2020 18:00;06.09.2020 19:00;42,01
06.09.2020 19:00;06.09.2020 20:00;47,19
06.09.2020 20:00;06.09.2020 21:00;49,44
06.09.2020 21:00;06.09.2020 22:00;46,75
06.09.2020 22:00;06.09.2020 23:00;43,88
06.09.2020 23:00;07.09.2020 00:00;37,42
07.09.2020 00:00;07.09.2020 01:00;34,36
07.09.2020 01:00;07.09.2020 02:00;31,07
07.09.2020 02:00;07.09.2020 03:00;30,9
07.09.2020 03:00;07.09.2020 04:00;30,53
07.09.2020 04:00;07.09.2020 05:00;30,58
07.09.2020 05:00;07.09.2020 06:00;33,32
07.09.2020 06:00;07.09.2020 07:00;47,13
07.09.2020 07:00;07.09.2020 08:00;58,44
07.09.2020 08:00;07.09.2020 09:00;65,05
07.09.2020 09:00;07.09.2020 10:00;55,8
07.09.2020 10:00;07.09.2020 11:00;47,97
07.09.2020 11:00;07.09.2020 12:00;46,17
07.09.2020 12:00;07.09.2020 13:00;42,36
07.09.2020 13:00;07.09.2020 14:00;37,78
07.09.2020 14:00;07.09.2020 15:00;36,4
07.09.2020 15:00;07.09.2020 16:00;37,83
07.09.2020 16:00;07.09.2020 17:00;40,14
07.09.2020 17:00;07.09.2020 18:00;46,93
07.09.2020 18:00;07.09.2020 19:00;54,78
07.09.2020 19:00;07.09.2020 20:00;62,37
07.09.2020 20:00;07.09.2020 21:00;59,03
07.09.2020 21:00;07.09.2020 22:00;46,01
07.09.2020 22:00;07.09.2020 23:00;37,78
07.09.2020 23:00;08.09.2020 00:00;32,24
08.09.2020 00:00;08.09.2020 01:00;30,0
08.09.2020 01:00;08.09.2020 02:00;28,63
08.09.2020 02:00;08.09.2020 03:00;26,26
08.09.2020 03:00;08.09.2020 04:00;25,15
08.09.2020 04:00;08.09.2020 05:00;26,25
08.09.2020 05:00;08.09.2020 06:00;29,15
08.09.2020 06:00;08.09.2020 07:00;31,39
08.09.2020 07:00;08.09.2020 08:00;42,7
08.09.2020 08:00;08.09.2020 09:00;44,14
08.09.2020 09:00;08.09.2020 10:00;35,54
08.09.2020 10:00;08.09.2020 11:00;31,65
08.09.2020 11:00;08.09.2020 12:00;29,63
08.09.2020 12:00;08.09.2020 13:00;27,7
08.09.2020 13:00;08.09.2020 14:00;28,0
08.09.2020 14:00;08.09.2020 15:00;27,74
08.09.2020 15:00;08.09.2020 16:00;32,22
08.09.2020 16:00;08.09.2020 17:00;36,88
08.09.2020 17:00;08.09.2020 18:00;48,91
08.09.2020 18:00;08.09.2020 19:00;55,8
08.09.2020 19:00;08.09.2020 20:00;68,37
08.09.2020 20:00;08.09.2020 21:00;66,29
08.09.2020 21:00;08.09.2020 22:00;49,52
08.09.2020 22:00;08.09.2020 23:00;43,73
08.09.2020 23:00;09.09.2020 00:00;36,71
09.09.2020 00:00;09.09.2020 01:00;32,38
09.09.2020 01:00;09.09.2020 02:00;32,92
09.09.2020 02:00;09.09.2020 03:00;30,35
09.09.2020 03:00;09.09.2020 04:00;29,58
09.09.2020 04:00;09.09.2020 05:00;30,12
09.09.2020 05:00;09.09.2020 06:00;32,94
09.09.2020 06:00;09.09.2020 07:00;46,01
09.09.2020 07:00;09.09.2020 08:00;49,13
09.09.2020 08:00;09.09.2020 09:00;49,34
09.09.2020 09:00;09.09.2020 10:00;43,93
09.09.2020 10:00;09.09.2020 11:00;33,08
09.09.2020 11:00;09.09.2020 12:00;29,61
09.09.2020 12:00;09.09.2020 13:00;29,09
09.09.2020 13:00;09.09.2020 14:00;29,07
09.09.2020 14:00;09.09.2020 15:00;29,21
09.09.2020 15:00;09.09.2020 16:00;29,17
09.09.2020 16:00;09.09.2020 17:00;31,16
09.09.2020 17:00;09.09.2020 18:00;43,38
09.09.2020 18:00;09.09.2020 19:00;47,92
09.09.2020 19:00;09.09.2020 20:00;48,03
09.09.2020 20:00;09.09.2020 21:00;47,98
09.09.2020 21:00;09.09.2020 22:00;43,19
09.09.2020 22:00;09.09.2020 23:00;31,99
09.09.2020 23:00;10.09.2020 00:00;29,52
10.09.2020 00:00;10.09.2020 01:00;28,98
10.09.2020 01:00;10.09.2020 02:00;28,97
10.09.2020 02:00;10.09.2020 03:00;29,24
10.09.2020 03:00;10.09.2020 04:00;29,28
10.09.2020 04:00;10.09.2020 05:00;29,2
10.09.2020 05:00;10.09.2020 06:00;33,32
10.09.2020 06:00;10.09.2020 07:00;45,18
10.09.2020 07:00;10.09.2020 08:00;52,78
10.09.2020 08:00;10.09.2020 09:00;59,26
10.09.2020 09:00;10.09.2020 10:00;52,74
10.09.2020 10:00;10.09.2020 11:00;48,5
10.09.2020 11:00;10.09.2020 12:00;47,21
10.09.2020 12:00;10.09.2020 13:00;46,08
10.09.2020 13:00;10.09.2020 14:00;44,01
10.09.2020 14:00;10.09.2020 15:00;42,45
10.09.2020 15:00;10.09.2020 16:00;44,73
10.09.2020 16:00;10.09.2020 17:00;48,08
10.09.2020 17:00;10.09.2020 18:00;55,74
10.09.2020 18:00;10.09.2020 19:00;65,81
10.09.2020 19:00;10.09.2020 20:00;78,01
10.09.2020 20:00;10.09.2020 21:00;75,23
10.09.2020 21:00;10.09.2020 22:00;57,43
10.09.2020 22:00;10.09.2020 23:00;49,89
10.09.2020 23:00;11.09.2020 00:00;43,98
11.09.2020 00:00;11.09.2020 01:00;45,84
11.09.2020 01:00;11.09.2020 02:00;40,0
11.09.2020 02:00;11.09.2020 03:00;39,38
11.09.2020 03:00;11.09.2020 04:00;36,79
11.09.2020 04:00;11.09.2020 05:00;36,85
11.09.2020 05:00;11.09.2020 06:00;41,12
11.09.2020 06:00;11.09.2020 07:00;53,91
11.09.2020 07:00;11.09.2020 08:00;62,57
11.09.2020 08:00;11.09.2020 09:00;69,45
11.09.2020 09:00;11.09.2020 10:00;62,0
11.09.2020 10:00;11.09.2020 11:00;49,94
11.09.2020 11:00;11.09.2020 12:00;46,02
11.09.2020 12:00;11.09.2020 13:00;40,79
11.09.2020 13:00;11.09.2020 14:00;36,47
11.09.2020 14:00;11.09.2020 15:00;34,05
11.09.2020 15:00;11.09.2020 16:00;35,06
11.09.2020 16:00;11.09.2020 17:00;40,42
11.09.2020 17:00;11.09.2020 18:00;48,01
11.09.2020 18:00;11.09.2020 19:00;55,4
11.09.2020 19:00;11.09.2020 20:00;64,21
11.09.2020 20:00;11.09.2020 21:00;62,6
11.09.2020 21:00;11.09.2020 22:00;52,05
11.09.2020 22:00;11.09.2020 23:00;49,83
11.09.2020 23:00;12.09.2020 00:00;44,78
12.09.2020 00:00;12.09.2020 01:00;42,91
12.09.2020 01:00;12.09.2020 02:00;37,27
12.09.2020 02:00;12.09.2020 03:00;34,33
12.09.2020 03:00;12.09.2020 04:00;34,16
12.09.2020 04:00;12.09.2020 05:00;32,37
12.09.2020 05:00;12.09.2020 06:00;33,05
12.09.2020 06:00;12.09.2020 07:00;36,43
12.09.2020 07:00;12.09.2020 08:00;39,46
12.09.2020 08:00;12.09.2020 09:00;38,31
12.09.2020 09:00;12.09.2020 10:00;36,8
12.09.2020 10:00;12.09.2020 11:00;30,78
12.09.2020 11:00;12.09.2020 12:00;28,04
12.09.2020 12:00;12.09.2020 13:00;2,75
12.09.2020 13:00;12.09.2020 14:00;-0,12
12.09.2020 14:00;12.09.2020 15:00;-0,45
12.09.2020 15:00;12.09.2020 16:00;4,55
12.09.2020 16:00;12.09.2020 17:00;27,54
12.09.2020 17:00;12.09.2020 18:00;34,56
12.09.2020 18:00;12.09.2020 19:00;44,9
12.09.2020 19:00;12.09.2020 20:00;49,02
12.09.2020 20:00;12.09.2020 21:00;49,98
12.09.2020 21:00;12.09.2020 22:00;47,06
12.09.2020 22:00;12.09.2020 23:00;43,0
12.09.2020 23:00;13.09.2020 00:00;38,22
13.09.2020 00:00;13.09.2020 01:00;35,46
13.09.2020 01:00;13.09.2020 02:00;33,31
13.09.2020 02:00;13.09.2020 03:00;31,25
13.09.2020 03:00;13.09.2020 04:00;30,03
13.09.2020 04:00;13.09.2020 05:00;27,87
13.09.2020 05:00;13.09.2020 06:00;26,97
13.09.2020 06:00;13.09.2020 07:00;29,14
13.09.2020 07:00;13.09.2020 08:00;29,74
13.09.2020 08:00;13.09.2020 09:00;30,13
13.09.2020 09:00;13.09.2020 10:00;30,23
13.09.2020 10:00;13.09.2020 11:00;15,07
13.09.2020 11:00;13.09.2020 12:00;0,01
13.09.2020 12:00;13.09.2020 13:00;-24,08
13.09.2020 13:00;13.09.2020 14:00;-58,8
13.09.2020 14:00;13.09.2020 15:00;-49,94
13.09.2020 15:00;13.09.2020 16:00;-12,9
13.09.2020 16:00;13.09.2020 17:00;10,69
13.09.2020 17:00;13.09.2020 18:00;34,2
13.09.2020 18:00;13.09.2020 19:00;40,0
13.09.2020 19:00;13.09.2020 20:00;48,6
13.09.2020 20:00;13.09.2020 21:00;50,92
13.09.2020 21:00;13.09.2020 22:00;48,08
13.09.2020 22:00;13.09.2020 23:00;43,5
13.09.2020 23:00;14.09.2020 00:00;35,06
14.09.2020 00:00;14.09.2020 01:00;35,22
14.09.2020 01:00;14.09.2020 02:00;34,28
14.09.2020 02:00;14.09.2020 03:00;32,9
14.09.2020 03:00;14.09.2020 04:00;32,35
14.09.2020 04:00;14.09.2020 05:00;32,32
14.09.2020 05:00;14.09.2020 06:00;36,07
14.09.2020 06:00;14.09.2020 07:00;50,0
14.09.2020 07:00;14.09.2020 08:00;58,34
14.09.2020 08:00;14.09.2020 09:00;62,05
14.09.2020 09:00;14.09.2020 10:00;55,93
14.09.2020 10:00;14.09.2020 11:00;50,49
14.09.2020 11:00;14.09.2020 12:00;46,04
14.09.2020 12:00;14.09.2020 13:00;40,46
14.09.2020 13:00;14.09.2020 14:00;42,28
14.09.2020 14:00;14.09.2020 15:00;40,15
14.09.2020 15:00;14.09.2020 16:00;45,23
14.09.2020 16:00;14.09.2020 17:00;51,69
14.09.2020 17:00;14.09.2020 18:00;66,4
14.09.2020 18:00;14.09.2020 19:00;80,98
14.09.2020 19:00;14.09.2020 20:00;120,62
14.09.2020 20:00;14.09.2020 21:00;96,43
14.09.2020 21:00;14.09.2020 22:00;66,32
14.09.2020 22:00;14.09.2020 23:00;54,01
14.09.2020 23:00;15.09.2020 00:00;44,15
15.09.2020 00:00;15.09.2020 01:00;41,23
15.09.2020 01:00;15.09.2020 02:00;40,81
15.09.2020 02:00;15.09.2020 03:00;39,2
15.09.2020 03:00;15.09.2020 04:00;37,77
15.09.2020 04:00;15.09.2020 05:00;38,6
15.09.2020 05:00;15.09.2020 06:00;41,81
15.09.2020 06:00;15.09.2020 07:00;53,9
15.09.2020 07:00;15.09.2020 08:00;74,84
15.09.2020 08:00;15.09.2020 09:00;84,35
15.09.2020 09:00;15.09.2020 10:00;77,64
15.09.2020 10:00;15.09.2020 11:00;67,29
15.09.2020 11:00;15.09.2020 12:00;61,37
15.09.2020 12:00;15.09.2020 13:00;49,95
15.09.2020 13:00;15.09.2020 14:00;50,01
15.09.2020 14:00;15.09.2020 15:00;52,71
15.09.2020 15:00;15.09.2020 16:00;59,9
15.09.2020 16:00;15.09.2020 17:00;70,01
15.09.2020 17:00;15.09.2020 18:00;82,71
15.09.2020 18:00;15.09.2020 19:00;130,59
15.09.2020 19:00;15.09.2020 20:00;189,25
15.09.2020 20:00;15.09.2020 21:00;148,18
15.09.2020 21:00;15.09.2020 22:00;77,68
15.09.2020 22:00;15.09.2020 23:00;63,44
15.09.2020 23:00;16.09.2020 00:00;51,51
16.09.2020 00:00;16.09.2020 01:00;50,12
16.09.2020 01:00;16.09.2020 02:00;46,3
16.09.2020 02:00;16.09.2020 03:00;45,1
16.09.2020 03:00;16.09.2020 04:00;43,12
16.09.2020 04:00;16.09.2020 05:00;44,0
16.09.2020 05:00;16.09.2020 06:00;46,35
16.09.2020 06:00;16.09.2020 07:00;59,98
16.09.2020 07:00;16.09.2020 08:00;76,39
16.09.2020 08:00;16.09.2020 09:00;86,53
16.09.2020 09:00;16.09.2020 10:00;75,0
16.09.2020 10:00;16.09.2020 11:00;63,32
16.09.2020 11:00;16.09.2020 12:00;56,96
16.09.2020 12:00;16.09.2020 13:00;48,35
16.09.2020 13:00;16.09.2020 14:00;43,29
16.09.2020 14:00;16.09.2020 15:00;39,98
16.09.2020 15:00;16.09.2020 16:00;43,16
16.09.2020 16:00;16.09.2020 17:00;45,07
16.09.2020 17:00;16.09.2020 18:00;54,8
16.09.2020 18:00;16.09.2020 19:00;61,48
16.09.2020 19:00;16.09.2020 20:00;66,45
16.09.2020 20:00;16.09.2020 21:00;57,44
16.09.2020 21:00;16.09.2020 22:00;48,39
16.09.2020 22:00;16.09.2020 23:00;43,37
16.09.2020 23:00;17.09.2020 00:00;36,96
17.09.2020 00:00;17.09.2020 01:00;34,11
17.09.2020 01:00;17.09.2020 02:00;34,85
17.09.2020 02:00;17.09.2020 03:00;34,73
17.09.2020 03:00;17.09.2020 04:00;34,32
17.09.2020 04:00;17.09.2020 05:00;34,58
17.09.2020 05:00;17.09.2020 06:00;36,56
17.09.2020 06:00;17.09.2020 07:00;48,0
17.09.2020 07:00;17.09.2020 08:00;53,64
17.09.2020 08:00;17.09.2020 09:00;59,69
17.09.2020 09:00;17.09.2020 10:00;53,91
17.09.2020 10:00;17.09.2020 11:00;45,8
17.09.2020 11:00;17.09.2020 12:00;42,0
17.09.2020 12:00;17.09.2020 13:00;39,89
17.09.2020 13:00;17.09.2020 14:00;39,07
17.09.2020 14:00;17.09.2020 15:00;37,1
17.09.2020 15:00;17.09.2020 16:00;36,66
17.09.2020 16:00;17.09.2020 17:00;47,74
17.09.2020 17:00;17.09.2020 18:00;56,43
17.09.2020 18:00;17.09.2020 19:00;66,5
17.09.2020 19:00;17.09.2020 20:00;79,84
17.09.2020 20:00;17.09.2020 21:00;65,44
17.09.2020 21:00;17.09.2020 22:00;53,19
17.09.2020 22:00;17.09.2020 23:00;42,68
17.09.2020 23:00;18.09.2020 00:00;36,92
18.09.2020 00:00;18.09.2020 01:00;37,97
18.09.2020 01:00;18.09.2020 02:00;35,06
18.09.2020 02:00;18.09.2020 03:00;34,68
18.09.2020 03:00;18.09.2020 04:00;34,51
18.09.2020 04:00;18.09.2020 05:00;34,2
18.09.2020 05:00;18.09.2020 06:00;36,9
18.09.2020 06:00;18.09.2020 07:00;45,02
18.09.2020 07:00;18.09.2020 08:00;53,02
18.09.2020 08:00;18.09.2020 09:00;58,11
18.09.2020 09:00;18.09.2020 10:00;52,79
18.09.2020 10:00;18.09.2020 11:00;44,67
18.09.2020 11:00;18.09.2020 12:00;38,35
18.09.2020 12:00;18.09.2020 13:00;34,89
18.09.2020 13:00;18.09.2020 14:00;34,51
18.09.2020 14:00;18.09.2020 15:00;34,38
18.09.2020 15:00;18.09.2020 16:00;35,47
18.09.2020 16:00;18.09.2020 17:00;36,7
18.09.2020 17:00;18.09.2020 18:00;46,62
18.09.2020 18:00;18.09.2020 19:00;53,08
18.09.2020 19:00;18.09.2020 20:00;56,22
18.09.2020 20:00;18.09.2020 21:00;52,05
18.09.2020 21:00;18.09.2020 22:00;46,4
18.09.2020 22:00;18.09.2020 23:00;39,41
18.09.2020 23:00;19.09.2020 00:00;36,04
19.09.2020 00:00;19.09.2020 01:00;33,25
19.09.2020 01:00;19.09.2020 02:00;31,08
19.09.2020 02:00;19.09.2020 03:00;32,55
19.09.2020 03:00;19.09.2020 04:00;31,89
19.09.2020 04:00;19.09.2020 05:00;31,26
19.09.2020 05:00;19.09.2020 06:00;30,75
19.09.2020 06:00;19.09.2020 07:00;34,31
19.09.2020 07:00;19.09.2020 08:00;37,02
19.09.2020 08:00;19.09.2020 09:00;39,76
19.09.2020 09:00;19.09.2020 10:00;36,78
19.09.2020 10:00;19.09.2020 11:00;33,58
19.09.2020 11:00;19.09.2020 12:00;32,56
19.09.2020 12:00;19.09.2020 13:00;31,67
19.09.2020 13:00;19.09.2020 14:00;30,73
19.09.2020 14:00;19.09.2020 15:00;30,72
19.09.2020 15:00;19.09.2020 16:00;32,41
19.09.2020 16:00;19.09.2020 17:00;34,99
19.09.2020 17:00;19.09.2020 18:00;40,7
19.09.2020 18:00;19.09.2020 19:00;47,95
19.09.2020 19:00;19.09.2020 20:00;51,02
19.09.2020 20:00;19.09.2020 21:00;51,05
19.09.2020 21:00;19.09.2020 22:00;44,41
19.09.2020 22:00;19.09.2020 23:00;39,74
19.09.2020 23:00;20.09.2020 00:00;36,71
20.09.2020 00:00;20.09.2020 01:00;37,89
20.09.2020 01:00;20.09.2020 02:00;36,77
20.09.2020 02:00;20.09.2020 03:00;35,36
20.09.2020 03:00;20.09.2020 04:00;34,4
20.09.2020 04:00;20.09.2020 05:00;34,21
20.09.2020 05:00;20.09.2020 06:00;34,2
20.09.2020 06:00;20.09.2020 07:00;34,8
20.09.2020 07:00;20.09.2020 08:00;34,5
20.09.2020 08:00;20.09.2020 09:00;35,05
20.09.2020 09:00;20.09.2020 10:00;36,75
20.09.2020 10:00;20.09.2020 11:00;34,2
20.09.2020 11:00;20.09.2020 12:00;31,34
20.09.2020 12:00;20.09.2020 13:00;31,13
20.09.2020 13:00;20.09.2020 14:00;31,02
20.09.2020 14:00;20.09.2020 15:00;32,34
20.09.2020 15:00;20.09.2020 16:00;32,95
20.09.2020 16:00;20.09.2020 17:00;34,2
20.09.2020 17:00;20.09.2020 18:00;38,31
20.09.2020 18:00;20.09.2020 19:00;46,47
20.09.2020 19:00;20.09.2020 20:00;51,7
20.09.2020 20:00;20.09.2020 21:00;51,91
20.09.2020 21:00;20.09.2020 22:00;47,9
20.09.2020 22:00;20.09.2020 23:00;44,65
20.09.2020 23:00;21.09.2020 00:00;38,31
21.09.2020 00:00;21.09.2020 01:00;37,24
21.09.2020 01:00;21.09.2020 02:00;35,46
21.09.2020 02:00;21.09.2020 03:00;35,6
21.09.2020 03:00;21.09.2020 04:00;35,54
21.09.2020 04:00;21.09.2020 05:00;36,07
21.09.2020 05:00;21.09.2020 06:00;43,11
21.09.2020 06:00;21.09.2020 07:00;54,36
21.09.2020 07:00;21.09.2020 08:00;73,19
21.09.2020 08:00;21.09.2020 09:00;85,0
21.09.2020 09:00;21.09.2020 10:00;72,09
21.09.2020 10:00;21.09.2020 11:00;54,4
21.09.2020 11:00;21.09.2020 12:00;48,13
21.09.2020 12:00;21.09.2020 13:00;44,25
21.09.2020 13:00;21.09.2020 14:00;40,98
21.09.2020 14:00;21.09.2020 15:00;44,01
21.09.2020 15:00;21.09.2020 16:00;50,96
21.09.2020 16:00;21.09.2020 17:00;56,0
21.09.2020 17:00;21.09.2020 18:00;65,0
21.09.2020 18:00;21.09.2020 19:00;90,81
21.09.2020 19:00;21.09.2020 20:00;200,04
21.09.2020 20:00;21.09.2020 21:00;98,13
21.09.2020 21:00;21.09.2020 22:00;62,52
21.09.2020 22:00;21.09.2020 23:00;54,67
21.09.2020 23:00;22.09.2020 00:00;48,73
22.09.2020 00:00;22.09.2020 01:00;42,93
22.09.2020 01:00;22.09.2020 02:00;43,17
22.09.2020 02:00;22.09.2020 03:00;42,05
22.09.2020 03:00;22.09.2020 04:00;40,61
22.09.2020 04:00;22.09.2020 05:00;41,03
22.09.2020 05:00;22.09.2020 06:00;44,16
22.09.2020 06:00;22.09.2020 07:00;52,97
22.09.2020 07:00;22.09.2020 08:00;72,89
22.09.2020 08:00;22.09.2020 09:00;73,09
22.09.2020 09:00;22.09.2020 10:00;61,85
22.09.2020 10:00;22.09.2020 11:00;52,05
22.09.2020 11:00;22.09.2020 12:00;48,02
22.09.2020 12:00;22.09.2020 13:00;44,95
22.09.2020 13:00;22.09.2020 14:00;43,26
22.09.2020 14:00;22.09.2020 15:00;42,71
22.09.2020 15:00;22.09.2020 16:00;48,32
22.09.2020 16:00;22.09.2020 17:00;53,93
22.09.2020 17:00;22.09.2020 18:00;58,92
22.09.2020 18:00;22.09.2020 19:00;70,0
22.09.2020 19:00;22.09.2020 20:00;86,4
22.09.2020 20:00;22.09.2020 21:00;70,0
22.09.2020 21:00;22.09.2020 22:00;55,47
22.09.2020 22:00;22.09.2020 23:00;50,19
22.09.2020 23:00;23.09.2020 00:00;40,55
23.09.2020 00:00;23.09.2020 01:00;43,51
23.09.2020 01:00;23.09.2020 02:00;41,08
23.09.2020 02:00;23.09.2020 03:00;39,71
23.09.2020 03:00;23.09.2020 04:00;38,45
23.09.2020 04:00;23.09.2020 05:00;37,12
23.09.2020 05:00;23.09.2020 06:00;39,52
23.09.2020 06:00;23.09.2020 07:00;51,92
23.09.2020 07:00;23.09.2020 08:00;53,21
23.09.2020 08:00;23.09.2020 09:00;58,32
23.09.2020 09:00;23.09.2020 10:00;52,56
23.09.2020 10:00;23.09.2020 11:00;48,94
23.09.2020 11:00;23.09.2020 12:00;48,92
23.09.2020 12:00;23.09.2020 13:00;43,94
23.09.2020 13:00;23.09.2020 14:00;41,33
23.09.2020 14:00;23.09.2020 15:00;43,58
23.09.2020 15:00;23.09.2020 16:00;43,46
23.09.2020 16:00;23.09.2020 17:00;42,18
23.09.2020 17:00;23.09.2020 18:00;54,93
23.09.2020 18:00;23.09.2020 19:00;56,43
23.09.2020 19:00;23.09.2020 20:00;60,8
23.09.2020 20:00;23.09.2020 21:00;53,01
23.09.2020 21:00;23.09.2020 22:00;49,89
23.09.2020 22:00;23.09.2020 23:00;39,02
23.09.2020 23:00;24.09.2020 00:00;32,45
24.09.2020 00:00;24.09.2020 01:00;29,95
24.09.2020 01:00;24.09.2020 02:00;28,44
24.09.2020 02:00;24.09.2020 03:00;26,47
24.09.2020 03:00;24.09.2020 04:00;22,26
24.09.2020 04:00;24.09.2020 05:00;19,08
24.09.2020 05:00;24.09.2020 06:00;26,55
24.09.2020 06:00;24.09.2020 07:00;39,18
24.09.2020 07:00;24.09.2020 08:00;49,97
24.09.2020 08:00;24.09.2020 09:00;51,46
24.09.2020 09:00;24.09.2020 10:00;36,45
24.09.2020 10:00;24.09.2020 11:00;33,01
24.09.2020 11:00;24.09.2020 12:00;29,84
24.09.2020 12:00;24.09.2020 13:00;31,35
24.09.2020 13:00;24.09.2020 14:00;31,42
24.09.2020 14:00;24.09.2020 15:00;35,79
24.09.2020 15:00;24.09.2020 16:00;37,43
24.09.2020 16:00;24.09.2020 17:00;39,76
24.09.2020 17:00;24.09.2020 18:00;46,84
24.09.2020 18:00;24.09.2020 19:00;53,93
24.09.2020 19:00;24.09.2020 20:00;67,57
24.09.2020 20:00;24.09.2020 21:00;54,94
24.09.2020 21:00;24.09.2020 22:00;47,63
24.09.2020 22:00;24.09.2020 23:00;42,01
24.09.2020 23:00;25.09.2020 00:00;35,09
25.09.2020 00:00;25.09.2020 01:00;33,34
25.09.2020 01:00;25.09.2020 02:00;31,92
25.09.2020 02:00;25.09.2020 03:00;29,03
25.09.2020 03:00;25.09.2020 04:00;27,2
25.09.2020 04:00;25.09.2020 05:00;28,26
25.09.2020 05:00;25.09.2020 06:00;30,1
25.09.2020 06:00;25.09.2020 07:00;41,74
25.09.2020 07:00;25.09.2020 08:00;51,93
25.09.2020 08:00;25.09.2020 09:00;56,48
25.09.2020 09:00;25.09.2020 10:00;52,95
25.09.2020 10:00;25.09.2020 11:00;48,17
25.09.2020 11:00;25.09.2020 12:00;47,27
25.09.2020 12:00;25.09.2020 13:00;46,23
25.09.2020 13:00;25.09.2020 14:00;41,07
25.09.2020 14:00;25.09.2020 15:00;35,76
25.09.2020 15:00;25.09.2020 16:00;34,43
25.09.2020 16:00;25.09.2020 17:00;35,1
25.09.2020 17:00;25.09.2020 18:00;45,72
25.09.2020 18:00;25.09.2020 19:00;50,94
25.09.2020 19:00;25.09.2020 20:00;53,1
25.09.2020 20:00;25.09.2020 21:00;51,21
25.09.2020 21:00;25.09.2020 22:00;46,03
25.09.2020 22:00;25.09.2020 23:00;39,82
25.09.2020 23:00;26.09.2020 00:00;35,12
26.09.2020 00:00;26.09.2020 01:00;34,01
26.09.2020 01:00;26.09.2020 02:00;30,71
26.09.2020 02:00;26.09.2020 03:00;28,03
26.09.2020 03:00;26.09.2020 04:00;26,39
26.09.2020 04:00;26.09.2020 05:00;25,94
26.09.2020 05:00;26.09.2020 06:00;27,17
26.09.2020 06:00;26.09.2020 07:00;28,97
26.09.2020 07:00;26.09.2020 08:00;31,98
26.09.2020 08:00;26.09.2020 09:00;36,72
26.09.2020 09:00;26.09.2020 10:00;41,22
26.09.2020 10:00;26.09.2020 11:00;39,4
26.09.2020 11:00;26.09.2020 12:00;38,13
26.09.2020 12:00;26.09.2020 13:00;34,08
26.09.2020 13:00;26.09.2020 14:00;32,03
26.09.2020 14:00;26.09.2020 15:00;28,9
26.09.2020 15:00;26.09.2020 16:00;27,92
26.09.2020 16:00;26.09.2020 17:00;29,18
26.09.2020 17:00;26.09.2020 18:00;33,95
26.09.2020 18:00;26.09.2020 19:00;39,49
26.09.2020 19:00;26.09.2020 20:00;45,49
26.09.2020 20:00;26.09.2020 21:00;41,25
26.09.2020 21:00;26.09.2020 22:00;34,08
26.09.2020 22:00;26.09.2020 23:00;31,76
26.09.2020 23:00;27.09.2020 00:00;28,34
27.09.2020 00:00;27.09.2020 01:00;0,75
27.09.2020 01:00;27.09.2020 02:00;19,92
27.09.2020 02:00;27.09.2020 03:00;17,99
27.09.2020 03:00;27.09.2020 04:00;12,25
27.09.2020 04:00;27.09.2020 05:00;12,0
27.09.2020 05:00;27.09.2020 06:00;14,39
27.09.2020 06:00;27.09.2020 07:00;17,86
27.09.2020 07:00;27.09.2020 08:00;21,7
27.09.2020 08:00;27.09.2020 09:00;27,11
27.09.2020 09:00;27.09.2020 10:00;32,0
27.09.2020 10:00;27.09.2020 11:00;32,99
27.09.2020 11:00;27.09.2020 12:00;34,26
27.09.2020 12:00;27.09.2020 13:00;35,8
27.09.2020 13:00;27.09.2020 14:00;32,4
27.09.2020 14:00;27.09.2020 15:00;31,99
27.09.2020 15:00;27.09.2020 16:00;32,01
27.09.2020 16:00;27.09.2020 17:00;33,32
27.09.2020 17:00;27.09.2020 18:00;37,63
27.09.2020 18:00;27.09.2020 19:00;46,23
27.09.2020 19:00;27.09.2020 20:00;51,95
27.09.2020 20:00;27.09.2020 21:00;50,0
27.09.2020 21:00;27.09.2020 22:00;46,48
27.09.2020 22:00;27.09.2020 23:00;41,76
27.09.2020 23:00;28.09.2020 00:00;37,84
28.09.2020 00:00;28.09.2020 01:00;33,3
28.09.2020 01:00;28.09.2020 02:00;30,82
28.09.2020 02:00;28.09.2020 03:00;29,5
28.09.2020 03:00;28.09.2020 04:00;28,6
28.09.2020 04:00;28.09.2020 05:00;28,72
28.09.2020 05:00;28.09.2020 06:00;30,89
28.09.2020 06:00;28.09.2020 07:00;47,04
28.09.2020 07:00;28.09.2020 08:00;55,64
28.09.2020 08:00;28.09.2020 09:00;59,31
28.09.2020 09:00;28.09.2020 10:00;56,54
28.09.2020 10:00;28.09.2020 11:00;53,0
28.09.2020 11:00;28.09.2020 12:00;51,72
28.09.2020 12:00;28.09.2020 13:00;49,16
28.09.2020 13:00;28.09.2020 14:00;48,0
28.09.2020 14:00;28.09.2020 15:00;46,0
28.09.2020 15:00;28.09.2020 16:00;47,04
28.09.2020 16:00;28.09.2020 17:00;48,46
28.09.2020 17:00;28.09.2020 18:00;52,93
28.09.2020 18:00;28.09.2020 19:00;61,14
28.09.2020 19:00;28.09.2020 20:00;80,03
28.09.2020 20:00;28.09.2020 21:00;58,0
28.09.2020 21:00;28.09.2020 22:00;52,24
28.09.2020 22:00;28.09.2020 23:00;46,16
28.09.2020 23:00;29.09.2020 00:00;40,01
29.09.2020 00:00;29.09.2020 01:00;37,85
29.09.2020 01:00;29.09.2020 02:00;37,43
29.09.2020 02:00;29.09.2020 03:00;36,85
29.09.2020 03:00;29.09.2020 04:00;34,79
29.09.2020 04:00;29.09.2020 05:00;36,48
29.09.2020 05:00;29.09.2020 06:00;39,51
29.09.2020 06:00;29.09.2020 07:00;51,58
29.09.2020 07:00;29.09.2020 08:00;67,87
29.09.2020 08:00;29.09.2020 09:00;84,65
29.09.2020 09:00;29.09.2020 10:00;76,0
29.09.2020 10:00;29.09.2020 11:00;69,4
29.09.2020 11:00;29.09.2020 12:00;66,62
29.09.2020 12:00;29.09.2020 13:00;59,37
29.09.2020 13:00;29.09.2020 14:00;54,25
29.09.2020 14:00;29.09.2020 15:00;52,24
29.09.2020 15:00;29.09.2020 16:00;53,0
29.09.2020 16:00;29.09.2020 17:00;56,95
29.09.2020 17:00;29.09.2020 18:00;62,43
29.09.2020 18:00;29.09.2020 19:00;73,69
29.09.2020 19:00;29.09.2020 20:00;128,31
29.09.2020 20:00;29.09.2020 21:00;73,14
29.09.2020 21:00;29.09.2020 22:00;57,5
29.09.2020 22:00;29.09.2020 23:00;51,57
29.09.2020 23:00;30.09.2020 00:00;45,36
30.09.2020 00:00;30.09.2020 01:00;41,7
30.09.2020 01:00;30.09.2020 02:00;41,78
30.09.2020 02:00;30.09.2020 03:00;39,9
30.09.2020 03:00;30.09.2020 04:00;37,95
30.09.2020 04:00;30.09.2020 05:00;37,79
30.09.2020 05:00;30.09.2020 06:00;41,89
30.09.2020 06:00;30.09.2020 07:00;51,32
30.09.2020 07:00;30.09.2020 08:00;62,37
30.09.2020 08:00;30.09.2020 09:00;72,8
30.09.2020 09:00;30.09.2020 10:00;65,76
30.09.2020 10:00;30.09.2020 11:00;55,16
30.09.2020 11:00;30.09.2020 12:00;52,29
30.09.2020 12:00;30.09.2020 13:00;49,17
30.09.2020 13:00;30.09.2020 14:00;47,4
30.09.2020 14:00;30.09.2020 15:00;45,04
30.09.2020 15:00;30.09.2020 16:00;45,19
30.09.2020 16:00;30.09.2020 17:00;48,94
30.09.2020 17:00;30.09.2020 18:00;53,98
30.09.2020 18:00;30.09.2020 19:00;60,14
30.09.2020 19:00;30.09.2020 20:00;72,43
30.09.2020 20:00;30.09.2020 21:00;55,34
30.09.2020 21:00;30.09.2020 22:00;49,92
30.09.2020 22:00;30.09.2020 23:00;42,79
30.09.2020 23:00;01.10.2020 00:00;35,02
01.10.2020 00:00;01.10.2020 01:00;34,4
01.10.2020 01:00;01.10.2020 02:00;34,0
01.10.2020 02:00;01.10.2020 03:00;31,18
01.10.2020 03:00;01.10.2020 04:00;29,75
01.10.2020 04:00;01.10.2020 05:00;31,1
01.10.2020 05:00;01.10.2020 06:00;34,04
01.10.2020 06:00;01.10.2020 07:00;43,58
01.10.2020 07:00;01.10.2020 08:00;52,25
01.10.2020 08:00;01.10.2020 09:00;55,05
01.10.2020 09:00;01.10.2020 10:00;51,13
01.10.2020 10:00;01.10.2020 11:00;48,68
01.10.2020 11:00;01.10.2020 12:00;40,28
01.10.2020 12:00;01.10.2020 13:00;33,7
01.10.2020 13:00;01.10.2020 14:00;32,92
01.10.2020 14:00;01.10.2020 15:00;34,66
01.10.2020 15:00;01.10.2020 16:00;36,77
01.10.2020 16:00;01.10.2020 17:00;40,46
01.10.2020 17:00;01.10.2020 18:00;49,55
01.10.2020 18:00;01.10.2020 19:00;52,59
01.10.2020 19:00;01.10.2020 20:00;53,18
01.10.2020 20:00;01.10.2020 21:00;49,82
01.10.2020 21:00;01.10.2020 22:00;41,0
01.10.2020 22:00;01.10.2020 23:00;38,39
01.10.2020 23:00;02.10.2020 00:00;35,9
02.10.2020 00:00;02.10.2020 01:00;32,09
02.10.2020 01:00;02.10.2020 02:00;32,9
02.10.2020 02:00;02.10.2020 03:00;32,88
02.10.2020 03:00;02.10.2020 04:00;32,9
02.10.2020 04:00;02.10.2020 05:00;34,71
02.10.2020 05:00;02.10.2020 06:00;37,0
02.10.2020 06:00;02.10.2020 07:00;48,0
02.10.2020 07:00;02.10.2020 08:00;50,95
02.10.2020 08:00;02.10.2020 09:00;54,28
02.10.2020 09:00;02.10.2020 10:00;53,1
02.10.2020 10:00;02.10.2020 11:00;49,21
02.10.2020 11:00;02.10.2020 12:00;46,95
02.10.2020 12:00;02.10.2020 13:00;40,02
02.10.2020 13:00;02.10.2020 14:00;35,28
02.10.2020 14:00;02.10.2020 15:00;33,41
02.10.2020 15:00;02.10.2020 16:00;33,26
02.10.2020 16:00;02.10.2020 17:00;34,59
02.10.2020 17:00;02.10.2020 18:00;34,71
02.10.2020 18:00;02.10.2020 19:00;34,36
02.10.2020 19:00;02.10.2020 20:00;44,59
02.10.2020 20:00;02.10.2020 21:00;29,03
02.10.2020 21:00;02.10.2020 22:00;17,36
02.10.2020 22:00;02.10.2020 23:00;14,56
02.10.2020 23:00;03.10.2020 00:00;0,11
03.10.2020 00:00;03.10.2020 01:00;0,07
03.10.2020 01:00;03.10.2020 02:00;0,12
03.10.2020 02:00;03.10.2020 03:00;-5,29
03.10.2020 03:00;03.10.2020 04:00;-5,73
03.10.2020 04:00;03.10.2020 05:00;-0,37
03.10.2020 05:00;03.10.2020 06:00;0,09
03.10.2020 06:00;03.10.2020 07:00;-0,06
03.10.2020 07:00;03.10.2020 08:00;0,09
03.10.2020 08:00;03.10.2020 09:00;11,58
03.10.2020 09:00;03.10.2020 10:00;20,31
03.10.2020 10:00;03.10.2020 11:00;16,65
03.10.2020 11:00;03.10.2020 12:00;23,62
03.10.2020 12:00;03.10.2020 13:00;25,23
03.10.2020 13:00;03.10.2020 14:00;6,65
03.10.2020 14:00;03.10.2020 15:00;2,75
03.10.2020 15:00;03.10.2020 16:00;13,13
03.10.2020 16:00;03.10.2020 17:00;25,94
03.10.2020 17:00;03.10.2020 18:00;33,02
03.10.2020 18:00;03.10.2020 19:00;39,64
03.10.2020 19:00;03.10.2020 20:00;48,92
03.10.2020 20:00;03.10.2020 21:00;39,72
03.10.2020 21:00;03.10.2020 22:00;34,33
03.10.2020 22:00;03.10.2020 23:00;33,27
03.10.2020 23:00;04.10.2020 00:00;31,25
04.10.2020 00:00;04.10.2020 01:00;26,77
04.10.2020 01:00;04.10.2020 02:00;17,75
04.10.2020 02:00;04.10.2020 03:00;14,44
04.10.2020 03:00;04.10.2020 04:00;7,58
04.10.2020 04:00;04.10.2020 05:00;2,14
04.10.2020 05:00;04.10.2020 06:00;1,76
04.10.2020 06:00;04.10.2020 07:00;1,6
04.10.2020 07:00;04.10.2020 08:00;1,56
04.10.2020 08:00;04.10.2020 09:00;2,52
04.10.2020 09:00;04.10.2020 10:00;-0,09
04.10.2020 10:00;04.10.2020 11:00;-0,98
04.10.2020 11:00;04.10.2020 12:00;-9,96
04.10.2020 12:00;04.10.2020 13:00;-39,9
04.10.2020 13:00;04.10.2020 14:00;-54,97
04.10.2020 14:00;04.10.2020 15:00;-45,3
04.10.2020 15:00;04.10.2020 16:00;-2,08
04.10.2020 16:00;04.10.2020 17:00;0,04
04.10.2020 17:00;04.10.2020 18:00;29,0
04.10.2020 18:00;04.10.2020 19:00;38,5
04.10.2020 19:00;04.10.2020 20:00;46,61
04.10.2020 20:00;04.10.2020 21:00;41,23
04.10.2020 21:00;04.10.2020 22:00;32,99
04.10.2020 22:00;04.10.2020 23:00;31,25
04.10.2020 23:00;05.10.2020 00:00;28,06
05.10.2020 00:00;05.10.2020 01:00;19,81
05.10.2020 01:00;05.10.2020 02:00;11,88
05.10.2020 02:00;05.10.2020 03:00;6,0
05.10.2020 03:00;05.10.2020 04:00;6,23
05.10.2020 04:00;05.10.2020 05:00;7,82
05.10.2020 05:00;05.10.2020 06:00;20,0
05.10.2020 06:00;05.10.2020 07:00;35,07
05.10.2020 07:00;05.10.2020 08:00;44,41
05.10.2020 08:00;05.10.2020 09:00;47,02
05.10.2020 09:00;05.10.2020 10:00;46,49
05.10.2020 10:00;05.10.2020 11:00;41,6
05.10.2020 11:00;05.10.2020 12:00;38,54
05.10.2020 12:00;05.10.2020 13:00;33,29
05.10.2020 13:00;05.10.2020 14:00;32,36
05.10.2020 14:00;05.10.2020 15:00;33,33
05.10.2020 15:00;05.10.2020 16:00;33,23
05.10.2020 16:00;05.10.2020 17:00;34,07
05.10.2020 17:00;05.10.2020 18:00;41,44
05.10.2020 18:00;05.10.2020 19:00;49,07
05.10.2020 19:00;05.10.2020 20:00;53,96
05.10.2020 20:00;05.10.2020 21:00;42,54
05.10.2020 21:00;05.10.2020 22:00;35,52
05.10.2020 22:00;05.10.2020 23:00;30,02
05.10.2020 23:00;06.10.2020 00:00;26,51
06.10.2020 00:00;06.10.2020 01:00;28,97
06.10.2020 01:00;06.10.2020 02:00;26,17
06.10.2020 02:00;06.10.2020 03:00;19,01
06.10.2020 03:00;06.10.2020 04:00;10,74
06.10.2020 04:00;06.10.2020 05:00;14,9
06.10.2020 05:00;06.10.2020 06:00;26,64
06.10.2020 06:00;06.10.2020 07:00;33,1
06.10.2020 07:00;06.10.2020 08:00;44,08
06.10.2020 08:00;06.10.2020 09:00;46,75
06.10.2020 09:00;06.10.2020 10:00;44,05
06.10.2020 10:00;06.10.2020 11:00;37,73
06.10.2020 11:00;06.10.2020 12:00;36,28
06.10.2020 12:00;06.10.2020 13:00;33,62
06.10.2020 13:00;06.10.2020 14:00;36,08
06.10.2020 14:00;06.10.2020 15:00;34,88
06.10.2020 15:00;06.10.2020 16:00;34,91
06.10.2020 16:00;06.10.2020 17:00;36,37
06.10.2020 17:00;06.10.2020 18:00;41,07
06.10.2020 18:00;06.10.2020 19:00;44,92
06.10.2020 19:00;06.10.2020 20:00;49,35
06.10.2020 20:00;06.10.2020 21:00;43,27
06.10.2020 21:00;06.10.2020 22:00;36,26
06.10.2020 22:00;06.10.2020 23:00;36,03
06.10.2020 23:00;07.10.2020 00:00;31,65
07.10.2020 00:00;07.10.2020 01:00;30,28
07.10.2020 01:00;07.10.2020 02:00;26,79
07.10.2020 02:00;07.10.2020 03:00;25,63
07.10.2020 03:00;07.10.2020 04:00;18,58
07.10.2020 04:00;07.10.2020 05:00;19,01
07.10.2020 05:00;07.10.2020 06:00;28,52
07.10.2020 06:00;07.10.2020 07:00;37,32
07.10.2020 07:00;07.10.2020 08:00;47,06
07.10.2020 08:00;07.10.2020 09:00;51,54
07.10.2020 09:00;07.10.2020 10:00;49,52
07.10.2020 10:00;07.10.2020 11:00;46,75
07.10.2020 11:00;07.10.2020 12:00;44,85
07.10.2020 12:00;07.10.2020 13:00;41,35
07.10.2020 13:00;07.10.2020 14:00;38,4
07.10.2020 14:00;07.10.2020 15:00;34,92
07.10.2020 15:00;07.10.2020 16:00;34,07
07.10.2020 16:00;07.10.2020 17:00;35,37
07.10.2020 17:00;07.10.2020 18:00;40,03
07.10.2020 18:00;07.10.2020 19:00;46,01
07.10.2020 19:00;07.10.2020 20:00;45,91
07.10.2020 20:00;07.10.2020 21:00;43,05
07.10.2020 21:00;07.10.2020 22:00;33,03
07.10.2020 22:00;07.10.2020 23:00;31,91
07.10.2020 23:00;08.10.2020 00:00;29,05
08.10.2020 00:00;08.10.2020 01:00;25,72
08.10.2020 01:00;08.10.2020 02:00;25,56
08.10.2020 02:00;08.10.2020 03:00;24,56
08.10.2020 03:00;08.10.2020 04:00;23,96
08.10.2020 04:00;08.10.2020 05:00;22,02
08.10.2020 05:00;08.10.2020 06:00;26,8
08.10.2020 06:00;08.10.2020 07:00;37,72
08.10.2020 07:00;08.10.2020 08:00;47,98
08.10.2020 08:00;08.10.2020 09:00;50,75
08.10.2020 09:00;08.10.2020 10:00;46,94
08.10.2020 10:00;08.10.2020 11:00;38,84
08.10.2020 11:00;08.10.2020 12:00;32,73
08.10.2020 12:00;08.10.2020 13:00;32,89
08.10.2020 13:00;08.10.2020 14:00;29,19
08.10.2020 14:00;08.10.2020 15:00;27,77
08.10.2020 15:00;08.10.2020 16:00;25,69
08.10.2020 16:00;08.10.2020 17:00;27,57
08.10.2020 17:00;08.10.2020 18:00;28,49
08.10.2020 18:00;08.10.2020 19:00;29,48
08.10.2020 19:00;08.10.2020 20:00;32,27
08.10.2020 20:00;08.10.2020 21:00;25,77
08.10.2020 21:00;08.10.2020 22:00;22,87
08.10.2020 22:00;08.10.2020 23:00;19,51
08.10.2020 23:00;09.10.2020 00:00;10,9
09.10.2020 00:00;09.10.2020 01:00;10,86
09.10.2020 01:00;09.10.2020 02:00;23,01
09.10.2020 02:00;09.10.2020 03:00;25,99
09.10.2020 03:00;09.10.2020 04:00;27,71
09.10.2020 04:00;09.10.2020 05:00;29,7
09.10.2020 05:00;09.10.2020 06:00;32,52
09.10.2020 06:00;09.10.2020 07:00;44,07
09.10.2020 07:00;09.10.2020 08:00;52,61
09.10.2020 08:00;09.10.2020 09:00;62,44
09.10.2020 09:00;09.10.2020 10:00;58,03
09.10.2020 10:00;09.10.2020 11:00;51,1
09.10.2020 11:00;09.10.2020 12:00;47,9
09.10.2020 12:00;09.10.2020 13:00;43,4
09.10.2020 13:00;09.10.2020 14:00;38,91
09.10.2020 14:00;09.10.2020 15:00;37,76
09.10.2020 15:00;09.10.2020 16:00;38,64
09.10.2020 16:00;09.10.2020 17:00;40,0
09.10.2020 17:00;09.10.2020 18:00;43,63
09.10.2020 18:00;09.10.2020 19:00;45,92
09.10.2020 19:00;09.10.2020 20:00;51,29
09.10.2020 20:00;09.10.2020 21:00;45,37
09.10.2020 21:00;09.10.2020 22:00;37,72
09.10.2020 22:00;09.10.2020 23:00;37,18
09.10.2020 23:00;10.10.2020 00:00;33,54
10.10.2020 00:00;10.10.2020 01:00;37,12
10.10.2020 01:00;10.10.2020 02:00;32,28
10.10.2020 02:00;10.10.2020 03:00;31,66
10.10.2020 03:00;10.10.2020 04:00;29,2
10.10.2020 04:00;10.10.2020 05:00;28,37
10.10.2020 05:00;10.10.2020 06:00;27,75
10.10.2020 06:00;10.10.2020 07:00;28,37
10.10.2020 07:00;10.10.2020 08:00;31,66
10.10.2020 08:00;10.10.2020 09:00;36,35
10.10.2020 09:00;10.10.2020 10:00;38,33
10.10.2020 10:00;10.10.2020 11:00;30,07
10.10.2020 11:00;10.10.2020 12:00;30,75
10.10.2020 12:00;10.10.2020 13:00;28,85
10.10.2020 13:00;10.10.2020 14:00;27,85
10.10.2020 14:00;10.10.2020 15:00;28,02
10.10.2020 15:00;10.10.2020 16:00;27,41
10.10.2020 16:00;10.10.2020 17:00;28,56
10.10.2020 17:00;10.10.2020 18:00;31,18
10.10.2020 18:00;10.10.2020 19:00;39,89
10.10.2020 19:00;10.10.2020 20:00;42,23
10.10.2020 20:00;10.10.2020 21:00;32,78
10.10.2020 21:00;10.10.2020 22:00;28,65
10.10.2020 22:00;10.10.2020 23:00;27,07
10.10.2020 23:00;11.10.2020 00:00;25,18
11.10.2020 00:00;11.10.2020 01:00;27,87
11.10.2020 01:00;11.10.2020 02:00;26,2
11.10.2020 02:00;11.10.2020 03:00;27,74
11.10.2020 03:00;11.10.2020 04:00;25,75
11.10.2020 04:00;11.10.2020 05:00;25,49
11.10.2020 05:00;11.10.2020 06:00;26,09
11.10.2020 06:00;11.10.2020 07:00;26,78
11.10.2020 07:00;11.10.2020 08:00;28,61
11.10.2020 08:00;11.10.2020 09:00;29,13
11.10.2020 09:00;11.10.2020 10:00;32,03
11.10.2020 10:00;11.10.2020 11:00;31,52
11.10.2020 11:00;11.10.2020 12:00;33,67
11.10.2020 12:00;11.10.2020 13:00;33,41
11.10.2020 13:00;11.10.2020 14:00;30,0
11.10.2020 14:00;11.10.2020 15:00;27,77
11.10.2020 15:00;11.10.2020 16:00;28,02
11.10.2020 16:00;11.10.2020 17:00;29,58
11.10.2020 17:00;11.10.2020 18:00;32,75
11.10.2020 18:00;11.10.2020 19:00;42,95
11.10.2020 19:00;11.10.2020 20:00;49,08
11.10.2020 20:00;11.10.2020 21:00;44,91
11.10.2020 21:00;11.10.2020 22:00;41,44
11.10.2020 22:00;11.10.2020 23:00;38,0
11.10.2020 23:00;12.10.2020 00:00;33,63
12.10.2020 00:00;12.10.2020 01:00;31,47
12.10.2020 01:00;12.10.2020 02:00;29,0
12.10.2020 02:00;12.10.2020 03:00;29,6
12.10.2020 03:00;12.10.2020 04:00;28,91
12.10.2020 04:00;12.10.2020 05:00;28,72
12.10.2020 05:00;12.10.2020 06:00;29,55
12.10.2020 06:00;12.10.2020 07:00;44,7
12.10.2020 07:00;12.10.2020 08:00;54,28
12.10.2020 08:00;12.10.2020 09:00;61,44
12.10.2020 09:00;12.10.2020 10:00;59,62
12.10.2020 10:00;12.10.2020 11:00;55,05
12.10.2020 11:00;12.10.2020 12:00;52,4
12.10.2020 12:00;12.10.2020 13:00;49,15
12.10.2020 13:00;12.10.2020 14:00;46,9
12.10.2020 14:00;12.10.2020 15:00;46,13
12.10.2020 15:00;12.10.2020 16:00;46,62
12.10.2020 16:00;12.10.2020 17:00;46,13
12.10.2020 17:00;12.10.2020 18:00;54,0
12.10.2020 18:00;12.10.2020 19:00;65,31
12.10.2020 19:00;12.10.2020 20:00;78,68
12.10.2020 20:00;12.10.2020 21:00;56,46
12.10.2020 21:00;12.10.2020 22:00;48,12
12.10.2020 22:00;12.10.2020 23:00;45,05
12.10.2020 23:00;13.10.2020 00:00;38,37
13.10.2020 00:00;13.10.2020 01:00;35,24
13.10.2020 01:00;13.10.2020 02:00;32,17
13.10.2020 02:00;13.10.2020 03:00;32,21
13.10.2020 03:00;13.10.2020 04:00;31,34
13.10.2020 04:00;13.10.2020 05:00;32,3
13.10.2020 05:00;13.10.2020 06:00;36,39
13.10.2020 06:00;13.10.2020 07:00;48,61
13.10.2020 07:00;13.10.2020 08:00;57,8
13.10.2020 08:00;13.10.2020 09:00;70,37
13.10.2020 09:00;13.10.2020 10:00;63,95
13.10.2020 10:00;13.10.2020 11:00;54,71
13.10.2020 11:00;13.10.2020 12:00;51,34
13.10.2020 12:00;13.10.2020 13:00;46,62
13.10.2020 13:00;13.10.2020 14:00;43,65
13.10.2020 14:00;13.10.2020 15:00;42,64
13.10.2020 15:00;13.10.2020 16:00;43,2
13.10.2020 16:00;13.10.2020 17:00;45,84
13.10.2020 17:00;13.10.2020 18:00;50,7
13.10.2020 18:00;13.10.2020 19:00;55,92
13.10.2020 19:00;13.10.2020 20:00;59,52
13.10.2020 20:00;13.10.2020 21:00;45,14
13.10.2020 21:00;13.10.2020 22:00;39,45
13.10.2020 22:00;13.10.2020 23:00;36,17
13.10.2020 23:00;14.10.2020 00:00;30,26
14.10.2020 00:00;14.10.2020 01:00;32,55
14.10.2020 01:00;14.10.2020 02:00;31,3
14.10.2020 02:00;14.10.2020 03:00;30,79
14.10.2020 03:00;14.10.2020 04:00;29,06
14.10.2020 04:00;14.10.2020 05:00;31,16
14.10.2020 05:00;14.10.2020 06:00;31,86
14.10.2020 06:00;14.10.2020 07:00;37,21
14.10.2020 07:00;14.10.2020 08:00;49,69
14.10.2020 08:00;14.10.2020 09:00;49,04
14.10.2020 09:00;14.10.2020 10:00;40,98
14.10.2020 10:00;14.10.2020 11:00;36,73
14.10.2020 11:00;14.10.2020 12:00;35,02
14.10.2020 12:00;14.10.2020 13:00;34,31
14.10.2020 13:00;14.10.2020 14:00;32,4
14.10.2020 14:00;14.10.2020 15:00;33,45
14.10.2020 15:00;14.10.2020 16:00;34,77
14.10.2020 16:00;14.10.2020 17:00;34,92
14.10.2020 17:00;14.10.2020 18:00;38,17
14.10.2020 18:00;14.10.2020 19:00;42,95
14.10.2020 19:00;14.10.2020 20:00;41,44
14.10.2020 20:00;14.10.2020 21:00;35,73
14.10.2020 21:00;14.10.2020 22:00;32,83
14.10.2020 22:00;14.10.2020 23:00;31,96
14.10.2020 23:00;15.10.2020 00:00;27,81
15.10.2020 00:00;15.10.2020 01:00;27,67
15.10.2020 01:00;15.10.2020 02:00;27,48
15.10.2020 02:00;15.10.2020 03:00;27,35
15.10.2020 03:00;15.10.2020 04:00;27,54
15.10.2020 04:00;15.10.2020 05:00;30,0
15.10.2020 05:00;15.10.2020 06:00;31,68
15.10.2020 06:00;15.10.2020 07:00;36,49
15.10.2020 07:00;15.10.2020 08:00;43,05
15.10.2020 08:00;15.10.2020 09:00;46,02
15.10.2020 09:00;15.10.2020 10:00;46,36
15.10.2020 10:00;15.10.2020 11:00;45,67
15.10.2020 11:00;15.10.2020 12:00;48,03
15.10.2020 12:00;15.10.2020 13:00;47,97
15.10.2020 13:00;15.10.2020 14:00;45,43
15.10.2020 14:00;15.10.2020 15:00;45,74
15.10.2020 15:00;15.10.2020 16:00;45,23
15.10.2020 16:00;15.10.2020 17:00;44,74
15.10.2020 17:00;15.10.2020 18:00;46,08
15.10.2020 18:00;15.10.2020 19:00;51,99
15.10.2020 19:00;15.10.2020 20:00;55,69
15.10.2020 20:00;15.10.2020 21:00;44,68
15.10.2020 21:00;15.10.2020 22:00;43,17
15.10.2020 22:00;15.10.2020 23:00;38,18
15.10.2020 23:00;16.10.2020 00:00;36,22
16.10.2020 00:00;16.10.2020 01:00;36,08
16.10.2020 01:00;16.10.2020 02:00;34,36
16.10.2020 02:00;16.10.2020 03:00;33,46
16.10.2020 03:00;16.10.2020 04:00;33,02
16.10.2020 04:00;16.10.2020 05:00;34,13
16.10.2020 05:00;16.10.2020 06:00;36,1
16.10.2020 06:00;16.10.2020 07:00;44,92
16.10.2020 07:00;16.10.2020 08:00;54,29
16.10.2020 08:00;16.10.2020 09:00;67,85
16.10.2020 09:00;16.10.2020 10:00;62,34
16.10.2020 10:00;16.10.2020 11:00;56,59
16.10.2020 11:00;16.10.2020 12:00;52,9
16.10.2020 12:00;16.10.2020 13:00;49,63
16.10.2020 13:00;16.10.2020 14:00;47,58
16.10.2020 14:00;16.10.2020 15:00;45,23
16.10.2020 15:00;16.10.2020 16:00;45,1
16.10.2020 16:00;16.10.2020 17:00;47,56
16.10.2020 17:00;16.10.2020 18:00;49,9
16.10.2020 18:00;16.10.2020 19:00;54,28
16.10.2020 19:00;16.10.2020 20:00;60,0
16.10.2020 20:00;16.10.2020 21:00;49,57
16.10.2020 21:00;16.10.2020 22:00;46,08
16.10.2020 22:00;16.10.2020 23:00;42,58
16.10.2020 23:00;17.10.2020 00:00;42,91
17.10.2020 00:00;17.10.2020 01:00;41,08
17.10.2020 01:00;17.10.2020 02:00;37,48
17.10.2020 02:00;17.10.2020 03:00;36,59
17.10.2020 03:00;17.10.2020 04:00;36,26
17.10.2020 04:00;17.10.2020 05:00;35,59
17.10.2020 05:00;17.10.2020 06:00;36,91
17.10.2020 06:00;17.10.2020 07:00;37,35
17.10.2020 07:00;17.10.2020 08:00;41,08
17.10.2020 08:00;17.10.2020 09:00;46,22
17.10.2020 09:00;17.10.2020 10:00;48,08
17.10.2020 10:00;17.10.2020 11:00;45,92
17.10.2020 11:00;17.10.2020 12:00;43,53
17.10.2020 12:00;17.10.2020 13:00;41,97
17.10.2020 13:00;17.10.2020 14:00;37,77
17.10.2020 14:00;17.10.2020 15:00;36,03
17.10.2020 15:00;17.10.2020 16:00;36,1
17.10.2020 16:00;17.10.2020 17:00;37,68
17.10.2020 17:00;17.10.2020 18:00;43,5
17.10.2020 18:00;17.10.2020 19:00;48,25
17.10.2020 19:00;17.10.2020 20:00;50,46
17.10.2020 20:00;17.10.2020 21:00;48,12
17.10.2020 21:00;17.10.2020 22:00;40,08
17.10.2020 22:00;17.10.2020 23:00;40,62
17.10.2020 23:00;18.10.2020 00:00;31,5
18.10.2020 00:00;18.10.2020 01:00;31,4
18.10.2020 01:00;18.10.2020 02:00;31,2
18.10.2020 02:00;18.10.2020 03:00;24,99
18.10.2020 03:00;18.10.2020 04:00;24,34
18.10.2020 04:00;18.10.2020 05:00;21,41
18.10.2020 05:00;18.10.2020 06:00;20,08
18.10.2020 06:00;18.10.2020 07:00;20,76
18.10.2020 07:00;18.10.2020 08:00;24,81
18.10.2020 08:00;18.10.2020 09:00;26,48
18.10.2020 09:00;18.10.2020 10:00;26,6
18.10.2020 10:00;18.10.2020 11:00;24,08
18.10.2020 11:00;18.10.2020 12:00;26,37
18.10.2020 12:00;18.10.2020 13:00;24,37
18.10.2020 13:00;18.10.2020 14:00;24,34
18.10.2020 14:00;18.10.2020 15:00;25,3
18.10.2020 15:00;18.10.2020 16:00;31,5
18.10.2020 16:00;18.10.2020 17:00;32,5
18.10.2020 17:00;18.10.2020 18:00;39,05
18.10.2020 18:00;18.10.2020 19:00;46,56
18.10.2020 19:00;18.10.2020 20:00;49,58
18.10.2020 20:00;18.10.2020 21:00;45,22
18.10.2020 21:00;18.10.2020 22:00;44,07
18.10.2020 22:00;18.10.2020 23:00;35,95
18.10.2020 23:00;19.10.2020 00:00;32,39
19.10.2020 00:00;19.10.2020 01:00;34,34
19.10.2020 01:00;19.10.2020 02:00;34,73
19.10.2020 02:00;19.10.2020 03:00;34,02
19.10.2020 03:00;19.10.2020 04:00;33,58
19.10.2020 04:00;19.10.2020 05:00;33,64
19.10.2020 05:00;19.10.2020 06:00;35,01
19.10.2020 06:00;19.10.2020 07:00;48,92
19.10.2020 07:00;19.10.2020 08:00;61,04
19.10.2020 08:00;19.10.2020 09:00;70,3
19.10.2020 09:00;19.10.2020 10:00;63,42
19.10.2020 10:00;19.10.2020 11:00;52,74
19.10.2020 11:00;19.10.2020 12:00;49,6
19.10.2020 12:00;19.10.2020 13:00;45,48
19.10.2020 13:00;19.10.2020 14:00;43,49
19.10.2020 14:00;19.10.2020 15:00;40,92
19.10.2020 15:00;19.10.2020 16:00;42,95
19.10.2020 16:00;19.10.2020 17:00;43,53
19.10.2020 17:00;19.10.2020 18:00;49,92
19.10.2020 18:00;19.10.2020 19:00;53,64
19.10.2020 19:00;19.10.2020 20:00;54,61
19.10.2020 20:00;19.10.2020 21:00;41,7
19.10.2020 21:00;19.10.2020 22:00;38,17
19.10.2020 22:00;19.10.2020 23:00;35,03
19.10.2020 23:00;20.10.2020 00:00;30,53
20.10.2020 00:00;20.10.2020 01:00;32,02
20.10.2020 01:00;20.10.2020 02:00;29,04
20.10.2020 02:00;20.10.2020 03:00;26,97
20.10.2020 03:00;20.10.2020 04:00;24,8
20.10.2020 04:00;20.10.2020 05:00;26,4
20.10.2020 05:00;20.10.2020 06:00;29,31
20.10.2020 06:00;20.10.2020 07:00;34,83
20.10.2020 07:00;20.10.2020 08:00;47,89
20.10.2020 08:00;20.10.2020 09:00;49,01
20.10.2020 09:00;20.10.2020 10:00;38,88
20.10.2020 10:00;20.10.2020 11:00;35,18
20.10.2020 11:00;20.10.2020 12:00;31,93
20.10.2020 12:00;20.10.2020 13:00;28,18
20.10.2020 13:00;20.10.2020 14:00;30,64
20.10.2020 14:00;20.10.2020 15:00;33,78
20.10.2020 15:00;20.10.2020 16:00;36,32
20.10.2020 16:00;20.10.2020 17:00;40,8
20.10.2020 17:00;20.10.2020 18:00;44,93
20.10.2020 18:00;20.10.2020 19:00;47,4
20.10.2020 19:00;20.10.2020 20:00;49,02
20.10.2020 20:00;20.10.2020 21:00;38,06
20.10.2020 21:00;20.10.2020 22:00;33,09
20.10.2020 22:00;20.10.2020 23:00;29,66
20.10.2020 23:00;21.10.2020 00:00;27,23
21.10.2020 00:00;21.10.2020 01:00;28,05
21.10.2020 01:00;21.10.2020 02:00;28,27
21.10.2020 02:00;21.10.2020 03:00;27,38
21.10.2020 03:00;21.10.2020 04:00;26,9
21.10.2020 04:00;21.10.2020 05:00;27,57
21.10.2020 05:00;21.10.2020 06:00;29,92
21.10.2020 06:00;21.10.2020 07:00;44,31
21.10.2020 07:00;21.10.2020 08:00;50,1
21.10.2020 08:00;21.10.2020 09:00;52,95
21.10.2020 09:00;21.10.2020 10:00;50,78
21.10.2020 10:00;21.10.2020 11:00;44,05
21.10.2020 11:00;21.10.2020 12:00;41,97
21.10.2020 12:00;21.10.2020 13:00;36,01
21.10.2020 13:00;21.10.2020 14:00;31,83
21.10.2020 14:00;21.10.2020 15:00;27,38
21.10.2020 15:00;21.10.2020 16:00;25,86
21.10.2020 16:00;21.10.2020 17:00;24,16
21.10.2020 17:00;21.10.2020 18:00;28,26
21.10.2020 18:00;21.10.2020 19:00;36,45
21.10.2020 19:00;21.10.2020 20:00;29,07
21.10.2020 20:00;21.10.2020 21:00;29,49
21.10.2020 21:00;21.10.2020 22:00;24,9
21.10.2020 22:00;21.10.2020 23:00;23,94
21.10.2020 23:00;22.10.2020 00:00;13,15
22.10.2020 00:00;22.10.2020 01:00;8,34
22.10.2020 01:00;22.10.2020 02:00;1,09
22.10.2020 02:00;22.10.2020 03:00;5,42
22.10.2020 03:00;22.10.2020 04:00;9,85
22.10.2020 04:00;22.10.2020 05:00;11,44
22.10.2020 05:00;22.10.2020 06:00;28,94
22.10.2020 06:00;22.10.2020 07:00;30,07
22.10.2020 07:00;22.10.2020 08:00;44,66
22.10.2020 08:00;22.10.2020 09:00;47,84
22.10.2020 09:00;22.10.2020 10:00;44,9
22.10.2020 10:00;22.10.2020 11:00;42,23
22.10.2020 11:00;22.10.2020 12:00;31,5
22.10.2020 12:00;22.10.2020 13:00;26,62
22.10.2020 13:00;22.10.2020 14:00;27,57
22.10.2020 14:00;22.10.2020 15:00;33,03
22.10.2020 15:00;22.10.2020 16:00;42,98
22.10.2020 16:00;22.10.2020 17:00;46,0
22.10.2020 17:00;22.10.2020 18:00;48,49
22.10.2020 18:00;22.10.2020 19:00;51,8
22.10.2020 19:00;22.10.2020 20:00;53,26
22.10.2020 20:00;22.10.2020 21:00;44,14
22.10.2020 21:00;22.10.2020 22:00;36,25
22.10.2020 22:00;22.10.2020 23:00;33,08
22.10.2020 23:00;23.10.2020 00:00;27,92
23.10.2020 00:00;23.10.2020 01:00;30,03
23.10.2020 01:00;23.10.2020 02:00;30,03
23.10.2020 02:00;23.10.2020 03:00;31,69
23.10.2020 03:00;23.10.2020 04:00;31,19
23.10.2020 04:00;23.10.2020 05:00;34,36
23.10.2020 05:00;23.10.2020 06:00;36,91
23.10.2020 06:00;23.10.2020 07:00;43,18
23.10.2020 07:00;23.10.2020 08:00;53,19
23.10.2020 08:00;23.10.2020 09:00;54,05
23.10.2020 09:00;23.10.2020 10:00;59,9
23.10.2020 10:00;23.10.2020 11:00;57,0
23.10.2020 11:00;23.10.2020 12:00;54,26
23.10.2020 12:00;23.10.2020 13:00;53,34
23.10.2020 13:00;23.10.2020 14:00;51,35
23.10.2020 14:00;23.10.2020 15:00;48,3
23.10.2020 15:00;23.10.2020 16:00;47,03
23.10.2020 16:00;23.10.2020 17:00;46,95
23.10.2020 17:00;23.10.2020 18:00;49,83
23.10.2020 18:00;23.10.2020 19:00;53,89
23.10.2020 19:00;23.10.2020 20:00;53,79
23.10.2020 20:00;23.10.2020 21:00;43,6
23.10.2020 21:00;23.10.2020 22:00;35,84
23.10.2020 22:00;23.10.2020 23:00;38,45
23.10.2020 23:00;24.10.2020 00:00;36,58
24.10.2020 00:00;24.10.2020 01:00;29,84
24.10.2020 01:00;24.10.2020 02:00;31,94
24.10.2020 02:00;24.10.2020 03:00;33,01
24.10.2020 03:00;24.10.2020 04:00;26,32
24.10.2020 04:00;24.10.2020 05:00;25,59
24.10.2020 05:00;24.10.2020 06:00;23,95
24.10.2020 06:00;24.10.2020 07:00;26,01
24.10.2020 07:00;24.10.2020 08:00;31,08
24.10.2020 08:00;24.10.2020 09:00;36,58
24.10.2020 09:00;24.10.2020 10:00;41,33
24.10.2020 10:00;24.10.2020 11:00;40,55
24.10.2020 11:00;24.10.2020 12:00;36,2
24.10.2020 12:00;24.10.2020 13:00;31,81
24.10.2020 13:00;24.10.2020 14:00;26,55
24.10.2020 14:00;24.10.2020 15:00;24,45
24.10.2020 15:00;24.10.2020 16:00;24,35
24.10.2020 16:00;24.10.2020 17:00;28,72
24.10.2020 17:00;24.10.2020 18:00;34,41
24.10.2020 18:00;24.10.2020 19:00;41,57
24.10.2020 19:00;24.10.2020 20:00;41,17
24.10.2020 20:00;24.10.2020 21:00;37,0
24.10.2020 21:00;24.10.2020 22:00;25,44
24.10.2020 22:00;24.10.2020 23:00;23,01
24.10.2020 23:00;25.10.2020 00:00;13,1
25.10.2020 00:00;25.10.2020 01:00;0,05
25.10.2020 01:00;25.10.2020 02:00;0,06
25.10.2020 02:00;25.10.2020 03:00;0,15
25.10.2020 03:00;25.10.2020 04:00;-0,1
25.10.2020 04:00;25.10.2020 05:00;-7,98
25.10.2020 05:00;25.10.2020 06:00;-1,13
25.10.2020 06:00;25.10.2020 07:00;-2,34
25.10.2020 07:00;25.10.2020 08:00;-1,37
25.10.2020 08:00;25.10.2020 09:00;0,02
25.10.2020 09:00;25.10.2020 10:00;-0,07
25.10.2020 10:00;25.10.2020 11:00;-0,06
25.10.2020 11:00;25.10.2020 12:00;2,74
25.10.2020 12:00;25.10.2020 13:00;9,5
25.10.2020 13:00;25.10.2020 14:00;4,64
25.10.2020 14:00;25.10.2020 15:00;15,02
25.10.2020 15:00;25.10.2020 16:00;30,42
25.10.2020 16:00;25.10.2020 17:00;34,4
25.10.2020 17:00;25.10.2020 18:00;42,5
25.10.2020 18:00;25.10.2020 19:00;44,98
25.10.2020 19:00;25.10.2020 20:00;35,18
25.10.2020 20:00;25.10.2020 21:00;33,6
25.10.2020 21:00;25.10.2020 22:00;31,09
25.10.2020 22:00;25.10.2020 23:00;28,34
25.10.2020 23:00;26.10.2020 00:00;34,75
26.10.2020 00:00;26.10.2020 01:00;24,29
26.10.2020 01:00;26.10.2020 02:00;20,98
26.10.2020 02:00;26.10.2020 03:00;22,16
26.10.2020 03:00;26.10.2020 04:00;18,8
26.10.2020 04:00;26.10.2020 05:00;18,8
26.10.2020 05:00;26.10.2020 06:00;26,21
26.10.2020 06:00;26.10.2020 07:00;41,08
26.10.2020 07:00;26.10.2020 08:00;45,8
26.10.2020 08:00;26.10.2020 09:00;48,0
26.10.2020 09:00;26.10.2020 10:00;49,09
26.10.2020 10:00;26.10.2020 11:00;48,59
26.10.2020 11:00;26.10.2020 12:00;48,6
26.10.2020 12:00;26.10.2020 13:00;46,57
26.10.2020 13:00;26.10.2020 14:00;42,99
26.10.2020 14:00;26.10.2020 15:00;43,69
26.10.2020 15:00;26.10.2020 16:00;44,99
26.10.2020 16:00;26.10.2020 17:00;45,02
26.10.2020 17:00;26.10.2020 18:00;49,77
26.10.2020 18:00;26.10.2020 19:00;50,22
26.10.2020 19:00;26.10.2020 20:00;49,5
26.10.2020 20:00;26.10.2020 21:00;41,11
26.10.2020 21:00;26.10.2020 22:00;34,77
26.10.2020 22:00;26.10.2020 23:00;29,48
26.10.2020 23:00;27.10.2020 00:00;27,85
27.10.2020 00:00;27.10.2020 01:00;28,76
27.10.2020 01:00;27.10.2020 02:00;27,96
27.10.2020 02:00;27.10.2020 03:00;26,91
27.10.2020 03:00;27.10.2020 04:00;25,83
27.10.2020 04:00;27.10.2020 05:00;27,98
27.10.2020 05:00;27.10.2020 06:00;32,04
27.10.2020 06:00;27.10.2020 07:00;40,5
27.10.2020 07:00;27.10.2020 08:00;45,43
27.10.2020 08:00;27.10.2020 09:00;47,52
27.10.2020 09:00;27.10.2020 10:00;43,29
27.10.2020 10:00;27.10.2020 11:00;36,42
27.10.2020 11:00;27.10.2020 12:00;33,44
27.10.2020 12:00;27.10.2020 13:00;36,22
27.10.2020 13:00;27.10.2020 14:00;36,27
27.10.2020 14:00;27.10.2020 15:00;35,97
27.10.2020 15:00;27.10.2020 16:00;41,55
27.10.2020 16:00;27.10.2020 17:00;43,35
27.10.2020 17:00;27.10.2020 18:00;45,02
27.10.2020 18:00;27.10.2020 19:00;44,26
27.10.2020 19:00;27.10.2020 20:00;40,57
27.10.2020 20:00;27.10.2020 21:00;32,12
27.10.2020 21:00;27.10.2020 22:00;27,12
27.10.2020 22:00;27.10.2020 23:00;24,41
27.10.2020 23:00;28.10.2020 00:00;7,61
28.10.2020 00:00;28.10.2020 01:00;4,79
28.10.2020 01:00;28.10.2020 02:00;2,24
28.10.2020 02:00;28.10.2020 03:00;0,1
28.10.2020 03:00;28.10.2020 04:00;4,3
28.10.2020 04:00;28.10.2020 05:00;18,74
28.10.2020 05:00;28.10.2020 06:00;27,81
28.10.2020 06:00;28.10.2020 07:00;34,9
28.10.2020 07:00;28.10.2020 08:00;44,69
28.10.2020 08:00;28.10.2020 09:00;45,46
28.10.2020 09:00;28.10.2020 10:00;44,59
28.10.2020 10:00;28.10.2020 11:00;41,54
28.10.2020 11:00;28.10.2020 12:00;39,56
28.10.2020 12:00;28.10.2020 13:00;31,11
28.10.2020 13:00;28.10.2020 14:00;30,96
28.10.2020 14:00;28.10.2020 15:00;34,48
28.10.2020 15:00;28.10.2020 16:00;42,33
28.10.2020 16:00;28.10.2020 17:00;44,16
28.10.2020 17:00;28.10.2020 18:00;45,84
28.10.2020 18:00;28.10.2020 19:00;41,4
28.10.2020 19:00;28.10.2020 20:00;37,71
28.10.2020 20:00;28.10.2020 21:00;30,98
28.10.2020 21:00;28.10.2020 22:00;26,11
28.10.2020 22:00;28.10.2020 23:00;26,14
28.10.2020 23:00;29.10.2020 00:00;18,67
29.10.2020 00:00;29.10.2020 01:00;23,11
29.10.2020 01:00;29.10.2020 02:00;22,86
29.10.2020 02:00;29.10.2020 03:00;8,83
29.10.2020 03:00;29.10.2020 04:00;5,92
29.10.2020 04:00;29.10.2020 05:00;11,14
29.10.2020 05:00;29.10.2020 06:00;23,07
29.10.2020 06:00;29.10.2020 07:00;33,81
29.10.2020 07:00;29.10.2020 08:00;41,88
29.10.2020 08:00;29.10.2020 09:00;44,25
29.10.2020 09:00;29.10.2020 10:00;41,31
29.10.2020 10:00;29.10.2020 11:00;33,01
29.10.2020 11:00;29.10.2020 12:00;29,89
29.10.2020 12:00;29.10.2020 13:00;26,39
29.10.2020 13:00;29.10.2020 14:00;30,19
29.10.2020 14:00;29.10.2020 15:00;41,09
29.10.2020 15:00;29.10.2020 16:00;42,46
29.10.2020 16:00;29.10.2020 17:00;44,78
29.10.2020 17:00;29.10.2020 18:00;48,99
29.10.2020 18:00;29.10.2020 19:00;50,1
29.10.2020 19:00;29.10.2020 20:00;44,11
29.10.2020 20:00;29.10.2020 21:00;41,94
29.10.2020 21:00;29.10.2020 22:00;36,03
29.10.2020 22:00;29.10.2020 23:00;33,02
29.10.2020 23:00;30.10.2020 00:00;25,35
30.10.2020 00:00;30.10.2020 01:00;21,61
30.10.2020 01:00;30.10.2020 02:00;15,56
30.10.2020 02:00;30.10.2020 03:00;9,54
30.10.2020 03:00;30.10.2020 04:00;5,43
30.10.2020 04:00;30.10.2020 05:00;5,7
30.10.2020 05:00;30.10.2020 06:00;15,19
30.10.2020 06:00;30.10.2020 07:00;26,05
30.10.2020 07:00;30.10.2020 08:00;34,57
30.10.2020 08:00;30.10.2020 09:00;37,3
30.10.2020 09:00;30.10.2020 10:00;34,97
30.10.2020 10:00;30.10.2020 11:00;32,77
30.10.2020 11:00;30.10.2020 12:00;35,33
30.10.2020 12:00;30.10.2020 13:00;35,11
30.10.2020 13:00;30.10.2020 14:00;32,5
30.10.2020 14:00;30.10.2020 15:00;33,4
30.10.2020 15:00;30.10.2020 16:00;37,31
30.10.2020 16:00;30.10.2020 17:00;40,42
30.10.2020 17:00;30.10.2020 18:00;40,43
30.10.2020 18:00;30.10.2020 19:00;44,89
30.10.2020 19:00;30.10.2020 20:00;42,95
30.10.2020 20:00;30.10.2020 21:00;42,47
30.10.2020 21:00;30.10.2020 22:00;38,04
30.10.2020 22:00;30.10.2020 23:00;32,32
30.10.2020 23:00;31.10.2020 00:00;30,75
31.10.2020 00:00;31.10.2020 01:00;35,04
31.10.2020 01:00;31.10.2020 02:00;31,5
31.10.2020 02:00;31.10.2020 03:00;29,8
31.10.2020 03:00;31.10.2020 04:00;30,0
31.10.2020 04:00;31.10.2020 05:00;28,54
31.10.2020 05:00;31.10.2020 06:00;28,44
31.10.2020 06:00;31.10.2020 07:00;30,53
31.10.2020 07:00;31.10.2020 08:00;34,66
31.10.2020 08:00;31.10.2020 09:00;36,94
31.10.2020 09:00;31.10.2020 10:00;38,74
31.10.2020 10:00;31.10.2020 11:00;36,6
31.10.2020 11:00;31.10.2020 12:00;34,19
31.10.2020 12:00;31.10.2020 13:00;31,83
31.10.2020 13:00;31.10.2020 14:00;27,78
31.10.2020 14:00;31.10.2020 15:00;26,03
31.10.2020 15:00;31.10.2020 16:00;28,63
31.10.2020 16:00;31.10.2020 17:00;29,9
31.10.2020 17:00;31.10.2020 18:00;38,25
31.10.2020 18:00;31.10.2020 19:00;34,56
31.10.2020 19:00;31.10.2020 20:00;30,8
31.10.2020 20:00;31.10.2020 21:00;27,33
31.10.2020 21:00;31.10.2020 22:00;25,83
31.10.2020 22:00;31.10.2020 23:00;25,84
31.10.2020 23:00;01.11.2020 00:00;22,74
01.11.2020 00:00;01.11.2020 01:00;24,26
01.11.2020 01:00;01.11.2020 02:00;23,21
01.11.2020 02:00;01.11.2020 03:00;20,03
01.11.2020 03:00;01.11.2020 04:00;13,62
01.11.2020 04:00;01.11.2020 05:00;10,48
01.11.2020 05:00;01.11.2020 06:00;10,01
01.11.2020 06:00;01.11.2020 07:00;11,23
01.11.2020 07:00;01.11.2020 08:00;6,56
01.11.2020 08:00;01.11.2020 09:00;10,08
01.11.2020 09:00;01.11.2020 10:00;18,01
01.11.2020 10:00;01.11.2020 11:00;25,89
01.11.2020 11:00;01.11.2020 12:00;26,85
01.11.2020 12:00;01.11.2020 13:00;23,28
01.11.2020 13:00;01.11.2020 14:00;15,66
01.11.2020 14:00;01.11.2020 15:00;8,38
01.11.2020 15:00;01.11.2020 16:00;6,97
01.11.2020 16:00;01.11.2020 17:00;9,26
01.11.2020 17:00;01.11.2020 18:00;23,29
01.11.2020 18:00;01.11.2020 19:00;25,23
01.11.2020 19:00;01.11.2020 20:00;25,94
01.11.2020 20:00;01.11.2020 21:00;22,77
01.11.2020 21:00;01.11.2020 22:00;19,65
01.11.2020 22:00;01.11.2020 23:00;19,06
01.11.2020 23:00;02.11.2020 00:00;7,0
02.11.2020 00:00;02.11.2020 01:00;0,12
02.11.2020 01:00;02.11.2020 02:00;-0,04
02.11.2020 02:00;02.11.2020 03:00;-0,93
02.11.2020 03:00;02.11.2020 04:00;-10,48
02.11.2020 04:00;02.11.2020 05:00;-1,39
02.11.2020 05:00;02.11.2020 06:00;0,12
02.11.2020 06:00;02.11.2020 07:00;24,84
02.11.2020 07:00;02.11.2020 08:00;33,71
02.11.2020 08:00;02.11.2020 09:00;33,52
02.11.2020 09:00;02.11.2020 10:00;29,97
02.11.2020 10:00;02.11.2020 11:00;29,94
02.11.2020 11:00;02.11.2020 12:00;27,06
02.11.2020 12:00;02.11.2020 13:00;27,29
02.11.2020 13:00;02.11.2020 14:00;28,16
02.11.2020 14:00;02.11.2020 15:00;29,46
02.11.2020 15:00;02.11.2020 16:00;34,76
02.11.2020 16:00;02.11.2020 17:00;37,21
02.11.2020 17:00;02.11.2020 18:00;39,19
02.11.2020 18:00;02.11.2020 19:00;37,63
02.11.2020 19:00;02.11.2020 20:00;37,81
02.11.2020 20:00;02.11.2020 21:00;35,09
02.11.2020 21:00;02.11.2020 22:00;33,06
02.11.2020 22:00;02.11.2020 23:00;29,73
02.11.2020 23:00;03.11.2020 00:00;25,67
03.11.2020 00:00;03.11.2020 01:00;23,22
03.11.2020 01:00;03.11.2020 02:00;23,27
03.11.2020 02:00;03.11.2020 03:00;22,28
03.11.2020 03:00;03.11.2020 04:00;19,59
03.11.2020 04:00;03.11.2020 05:00;23,92
03.11.2020 05:00;03.11.2020 06:00;27,48
03.11.2020 06:00;03.11.2020 07:00;34,02
03.11.2020 07:00;03.11.2020 08:00;43,01
03.11.2020 08:00;03.11.2020 09:00;42,48
03.11.2020 09:00;03.11.2020 10:00;39,38
03.11.2020 10:00;03.11.2020 11:00;37,6
03.11.2020 11:00;03.11.2020 12:00;36,45
03.11.2020 12:00;03.11.2020 13:00;39,79
03.11.2020 13:00;03.11.2020 14:00;43,12
03.11.2020 14:00;03.11.2020 15:00;42,46
03.11.2020 15:00;03.11.2020 16:00;42,98
03.11.2020 16:00;03.11.2020 17:00;41,04
03.11.2020 17:00;03.11.2020 18:00;45,99
03.11.2020 18:00;03.11.2020 19:00;47,53
03.11.2020 19:00;03.11.2020 20:00;43,54
03.11.2020 20:00;03.11.2020 21:00;41,57
03.11.2020 21:00;03.11.2020 22:00;33,76
03.11.2020 22:00;03.11.2020 23:00;33,95
03.11.2020 23:00;04.11.2020 00:00;29,35
04.11.2020 00:00;04.11.2020 01:00;28,75
04.11.2020 01:00;04.11.2020 02:00;27,27
04.11.2020 02:00;04.11.2020 03:00;26,85
04.11.2020 03:00;04.11.2020 04:00;27,32
04.11.2020 04:00;04.11.2020 05:00;29,38
04.11.2020 05:00;04.11.2020 06:00;31,75
04.11.2020 06:00;04.11.2020 07:00;41,18
04.11.2020 07:00;04.11.2020 08:00;46,64
04.11.2020 08:00;04.11.2020 09:00;50,09
04.11.2020 09:00;04.11.2020 10:00;45,87
04.11.2020 10:00;04.11.2020 11:00;38,59
04.11.2020 11:00;04.11.2020 12:00;38,37
04.11.2020 12:00;04.11.2020 13:00;38,22
04.11.2020 13:00;04.11.2020 14:00;39,37
04.11.2020 14:00;04.11.2020 15:00;43,72
04.11.2020 15:00;04.11.2020 16:00;44,1
04.11.2020 16:00;04.11.2020 17:00;46,43
04.11.2020 17:00;04.11.2020 18:00;57,49
04.11.2020 18:00;04.11.2020 19:00;60,12
04.11.2020 19:00;04.11.2020 20:00;50,6
04.11.2020 20:00;04.11.2020 21:00;43,26
04.11.2020 21:00;04.11.2020 22:00;36,3
04.11.2020 22:00;04.11.2020 23:00;35,63
04.11.2020 23:00;05.11.2020 00:00;32,99
05.11.2020 00:00;05.11.2020 01:00;32,1
05.11.2020 01:00;05.11.2020 02:00;32,0
05.11.2020 02:00;05.11.2020 03:00;30,58
05.11.2020 03:00;05.11.2020 04:00;30,02
05.11.2020 04:00;05.11.2020 05:00;30,27
05.11.2020 05:00;05.11.2020 06:00;33,19
05.11.2020 06:00;05.11.2020 07:00;37,32
05.11.2020 07:00;05.11.2020 08:00;44,45
05.11.2020 08:00;05.11.2020 09:00;46,82
05.11.2020 09:00;05.11.2020 10:00;44,18
05.11.2020 10:00;05.11.2020 11:00;40,6
05.11.2020 11:00;05.11.2020 12:00;34,56
05.11.2020 12:00;05.11.2020 13:00;33,1
05.11.2020 13:00;05.11.2020 14:00;33,73
05.11.2020 14:00;05.11.2020 15:00;34,45
05.11.2020 15:00;05.11.2020 16:00;39,58
05.11.2020 16:00;05.11.2020 17:00;45,84
05.11.2020 17:00;05.11.2020 18:00;49,26
05.11.2020 18:00;05.11.2020 19:00;52,4
05.11.2020 19:00;05.11.2020 20:00;49,07
05.11.2020 20:00;05.11.2020 21:00;43,55
05.11.2020 21:00;05.11.2020 22:00;38,25
05.11.2020 22:00;05.11.2020 23:00;38,1
05.11.2020 23:00;06.11.2020 00:00;34,4
06.11.2020 00:00;06.11.2020 01:00;34,0
06.11.2020 01:00;06.11.2020 02:00;32,13
06.11.2020 02:00;06.11.2020 03:00;31,49
06.11.2020 03:00;06.11.2020 04:00;30,05
06.11.2020 04:00;06.11.2020 05:00;31,06
06.11.2020 05:00;06.11.2020 06:00;32,4
06.11.2020 06:00;06.11.2020 07:00;42,99
06.11.2020 07:00;06.11.2020 08:00;47,73
06.11.2020 08:00;06.11.2020 09:00;50,36
06.11.2020 09:00;06.11.2020 10:00;47,93
06.11.2020 10:00;06.11.2020 11:00;45,1
06.11.2020 11:00;06.11.2020 12:00;43,3
06.11.2020 12:00;06.11.2020 13:00;39,38
06.11.2020 13:00;06.11.2020 14:00;38,27
06.11.2020 14:00;06.11.2020 15:00;38,9
06.11.2020 15:00;06.11.2020 16:00;43,34
06.11.2020 16:00;06.11.2020 17:00;46,71
06.11.2020 17:00;06.11.2020 18:00;52,0
06.11.2020 18:00;06.11.2020 19:00;50,38
06.11.2020 19:00;06.11.2020 20:00;47,79
06.11.2020 20:00;06.11.2020 21:00;40,81
06.11.2020 21:00;06.11.2020 22:00;36,37
06.11.2020 22:00;06.11.2020 23:00;37,0
06.11.2020 23:00;07.11.2020 00:00;33,49
07.11.2020 00:00;07.11.2020 01:00;35,05
07.11.2020 01:00;07.11.2020 02:00;31,65
07.11.2020 02:00;07.11.2020 03:00;31,16
07.11.2020 03:00;07.11.2020 04:00;29,91
07.11.2020 04:00;07.11.2020 05:00;29,05
07.11.2020 05:00;07.11.2020 06:00;28,7
07.11.2020 06:00;07.11.2020 07:00;30,33
07.11.2020 07:00;07.11.2020 08:00;30,84
07.11.2020 08:00;07.11.2020 09:00;34,62
07.11.2020 09:00;07.11.2020 10:00;34,58
07.11.2020 10:00;07.11.2020 11:00;32,1
07.11.2020 11:00;07.11.2020 12:00;31,75
07.11.2020 12:00;07.11.2020 13:00;32,78
07.11.2020 13:00;07.11.2020 14:00;32,1
07.11.2020 14:00;07.11.2020 15:00;33,7
07.11.2020 15:00;07.11.2020 16:00;41,02
07.11.2020 16:00;07.11.2020 17:00;47,0
07.11.2020 17:00;07.11.2020 18:00;52,11
07.11.2020 18:00;07.11.2020 19:00;48,84
07.11.2020 19:00;07.11.2020 20:00;46,6
07.11.2020 20:00;07.11.2020 21:00;42,85
07.11.2020 21:00;07.11.2020 22:00;39,01
07.11.2020 22:00;07.11.2020 23:00;37,99
07.11.2020 23:00;08.11.2020 00:00;35,72
08.11.2020 00:00;08.11.2020 01:00;35,87
08.11.2020 01:00;08.11.2020 02:00;31,71
08.11.2020 02:00;08.11.2020 03:00;31,21
08.11.2020 03:00;08.11.2020 04:00;31,3
08.11.2020 04:00;08.11.2020 05:00;31,85
08.11.2020 05:00;08.11.2020 06:00;32,52
08.11.2020 06:00;08.11.2020 07:00;32,46
08.11.2020 07:00;08.11.2020 08:00;33,95
08.11.2020 08:00;08.11.2020 09:00;32,01
08.11.2020 09:00;08.11.2020 10:00;33,66
08.11.2020 10:00;08.11.2020 11:00;32,55
08.11.2020 11:00;08.11.2020 12:00;33,59
08.11.2020 12:00;08.11.2020 13:00;33,71
08.11.2020 13:00;08.11.2020 14:00;33,31
08.11.2020 14:00;08.11.2020 15:00;33,71
08.11.2020 15:00;08.11.2020 16:00;39,8
08.11.2020 16:00;08.11.2020 17:00;43,7
08.11.2020 17:00;08.11.2020 18:00;48,62
08.11.2020 18:00;08.11.2020 19:00;47,96
08.11.2020 19:00;08.11.2020 20:00;46,0
08.11.2020 20:00;08.11.2020 21:00;43,82
08.11.2020 21:00;08.11.2020 22:00;40,31
08.11.2020 22:00;08.11.2020 23:00;39,1
08.11.2020 23:00;09.11.2020 00:00;37,0
09.11.2020 00:00;09.11.2020 01:00;32,5
09.11.2020 01:00;09.11.2020 02:00;32,08
09.11.2020 02:00;09.11.2020 03:00;31,95
09.11.2020 03:00;09.11.2020 04:00;31,1
09.11.2020 04:00;09.11.2020 05:00;31,0
09.11.2020 05:00;09.11.2020 06:00;33,15
09.11.2020 06:00;09.11.2020 07:00;44,37
09.11.2020 07:00;09.11.2020 08:00;48,88
09.11.2020 08:00;09.11.2020 09:00;49,95
09.11.2020 09:00;09.11.2020 10:00;48,0
09.11.2020 10:00;09.11.2020 11:00;46,64
09.11.2020 11:00;09.11.2020 12:00;46,26
09.11.2020 12:00;09.11.2020 13:00;46,02
09.11.2020 13:00;09.11.2020 14:00;46,42
09.11.2020 14:00;09.11.2020 15:00;47,59
09.11.2020 15:00;09.11.2020 16:00;49,67
09.11.2020 16:00;09.11.2020 17:00;50,99
09.11.2020 17:00;09.11.2020 18:00;71,92
09.11.2020 18:00;09.11.2020 19:00;61,61
09.11.2020 19:00;09.11.2020 20:00;55,96
09.11.2020 20:00;09.11.2020 21:00;48,04
09.11.2020 21:00;09.11.2020 22:00;44,54
09.11.2020 22:00;09.11.2020 23:00;42,04
09.11.2020 23:00;10.11.2020 00:00;36,45
10.11.2020 00:00;10.11.2020 01:00;33,67
10.11.2020 01:00;10.11.2020 02:00;33,6
10.11.2020 02:00;10.11.2020 03:00;32,77
10.11.2020 03:00;10.11.2020 04:00;32,0
10.11.2020 04:00;10.11.2020 05:00;32,8
10.11.2020 05:00;10.11.2020 06:00;35,46
10.11.2020 06:00;10.11.2020 07:00;45,46
10.11.2020 07:00;10.11.2020 08:00;50,23
10.11.2020 08:00;10.11.2020 09:00;54,18
10.11.2020 09:00;10.11.2020 10:00;52,8
10.11.2020 10:00;10.11.2020 11:00;52,97
10.11.2020 11:00;10.11.2020 12:00;52,39
10.11.2020 12:00;10.11.2020 13:00;50,82
10.11.2020 13:00;10.11.2020 14:00;50,0
10.11.2020 14:00;10.11.2020 15:00;51,21
10.11.2020 15:00;10.11.2020 16:00;57,16
10.11.2020 16:00;10.11.2020 17:00;57,47
10.11.2020 17:00;10.11.2020 18:00;79,72
10.11.2020 18:00;10.11.2020 19:00;68,33
10.11.2020 19:00;10.11.2020 20:00;57,85
10.11.2020 20:00;10.11.2020 21:00;50,0
10.11.2020 21:00;10.11.2020 22:00;44,78
10.11.2020 22:00;10.11.2020 23:00;42,89
10.11.2020 23:00;11.11.2020 00:00;37,03
11.11.2020 00:00;11.11.2020 01:00;40,07
11.11.2020 01:00;11.11.2020 02:00;37,9
11.11.2020 02:00;11.11.2020 03:00;34,27
11.11.2020 03:00;11.11.2020 04:00;34,04
11.11.2020 04:00;11.11.2020 05:00;33,73
11.11.2020 05:00;11.11.2020 06:00;35,92
11.11.2020 06:00;11.11.2020 07:00;45,48
11.11.2020 07:00;11.11.2020 08:00;50,95
11.11.2020 08:00;11.11.2020 09:00;51,76
11.11.2020 09:00;11.11.2020 10:00;50,0
11.11.2020 10:00;11.11.2020 11:00;50,0
11.11.2020 11:00;11.11.2020 12:00;50,43
11.11.2020 12:00;11.11.2020 13:00;48,0
11.11.2020 13:00;11.11.2020 14:00;48,24
11.11.2020 14:00;11.11.2020 15:00;49,0
11.11.2020 15:00;11.11.2020 16:00;52,12
11.11.2020 16:00;11.11.2020 17:00;50,85
11.11.2020 17:00;11.11.2020 18:00;64,32
11.11.2020 18:00;11.11.2020 19:00;51,82
11.11.2020 19:00;11.11.2020 20:00;49,0
11.11.2020 20:00;11.11.2020 21:00;44,91
11.11.2020 21:00;11.11.2020 22:00;37,63
11.11.2020 22:00;11.11.2020 23:00;37,0
11.11.2020 23:00;12.11.2020 00:00;33,97
12.11.2020 00:00;12.11.2020 01:00;32,67
12.11.2020 01:00;12.11.2020 02:00;32,99
12.11.2020 02:00;12.11.2020 03:00;31,16
12.11.2020 03:00;12.11.2020 04:00;30,0
12.11.2020 04:00;12.11.2020 05:00;29,18
12.11.2020 05:00;12.11.2020 06:00;33,45
12.11.2020 06:00;12.11.2020 07:00;39,82
12.11.2020 07:00;12.11.2020 08:00;45,95
12.11.2020 08:00;12.11.2020 09:00;47,21
12.11.2020 09:00;12.11.2020 10:00;45,94
12.11.2020 10:00;12.11.2020 11:00;44,28
12.11.2020 11:00;12.11.2020 12:00;42,53
12.11.2020 12:00;12.11.2020 13:00;41,13
12.11.2020 13:00;12.11.2020 14:00;41,0
12.11.2020 14:00;12.11.2020 15:00;44,04
12.11.2020 15:00;12.11.2020 16:00;45,16
12.11.2020 16:00;12.11.2020 17:00;46,34
12.11.2020 17:00;12.11.2020 18:00;49,97
12.11.2020 18:00;12.11.2020 19:00;52,72
12.11.2020 19:00;12.11.2020 20:00;50,98
12.11.2020 20:00;12.11.2020 21:00;44,08
12.11.2020 21:00;12.11.2020 22:00;37,4
12.11.2020 22:00;12.11.2020 23:00;39,66
12.11.2020 23:00;13.11.2020 00:00;35,4
13.11.2020 00:00;13.11.2020 01:00;33,44
13.11.2020 01:00;13.11.2020 02:00;31,4
13.11.2020 02:00;13.11.2020 03:00;30,08
13.11.2020 03:00;13.11.2020 04:00;29,38
13.11.2020 04:00;13.11.2020 05:00;29,5
13.11.2020 05:00;13.11.2020 06:00;30,01
13.11.2020 06:00;13.11.2020 07:00;37,97
13.11.2020 07:00;13.11.2020 08:00;46,48
13.11.2020 08:00;13.11.2020 09:00;48,05
13.11.2020 09:00;13.11.2020 10:00;46,49
13.11.2020 10:00;13.11.2020 11:00;45,1
13.11.2020 11:00;13.11.2020 12:00;44,7
13.11.2020 12:00;13.11.2020 13:00;43,99
13.11.2020 13:00;13.11.2020 14:00;42,36
13.11.2020 14:00;13.11.2020 15:00;44,77
13.11.2020 15:00;13.11.2020 16:00;45,44
13.11.2020 16:00;13.11.2020 17:00;45,98
13.11.2020 17:00;13.11.2020 18:00;49,26
13.11.2020 18:00;13.11.2020 19:00;50,05
13.11.2020 19:00;13.11.2020 20:00;47,75
13.11.2020 20:00;13.11.2020 21:00;42,93
13.11.2020 21:00;13.11.2020 22:00;35,47
13.11.2020 22:00;13.11.2020 23:00;39,98
13.11.2020 23:00;14.11.2020 00:00;36,94
14.11.2020 00:00;14.11.2020 01:00;37,02
14.11.2020 01:00;14.11.2020 02:00;35,54
14.11.2020 02:00;14.11.2020 03:00;32,25
14.11.2020 03:00;14.11.2020 04:00;32,05
14.11.2020 04:00;14.11.2020 05:00;32,1
14.11.2020 05:00;14.11.2020 06:00;32,1
14.11.2020 06:00;14.11.2020 07:00;32,42
14.11.2020 07:00;14.11.2020 08:00;37,69
14.11.2020 08:00;14.11.2020 09:00;42,0
14.11.2020 09:00;14.11.2020 10:00;41,97
14.11.2020 10:00;14.11.2020 11:00;41,29
14.11.2020 11:00;14.11.2020 12:00;41,96
14.11.2020 12:00;14.11.2020 13:00;42,04
14.11.2020 13:00;14.11.2020 14:00;38,08
14.11.2020 14:00;14.11.2020 15:00;36,31
14.11.2020 15:00;14.11.2020 16:00;39,46
14.11.2020 16:00;14.11.2020 17:00;41,62
14.11.2020 17:00;14.11.2020 18:00;44,57
14.11.2020 18:00;14.11.2020 19:00;44,56
14.11.2020 19:00;14.11.2020 20:00;39,63
14.11.2020 20:00;14.11.2020 21:00;33,21
14.11.2020 21:00;14.11.2020 22:00;28,18
14.11.2020 22:00;14.11.2020 23:00;28,0
14.11.2020 23:00;15.11.2020 00:00;21,55
15.11.2020 00:00;15.11.2020 01:00;4,04
15.11.2020 01:00;15.11.2020 02:00;2,53
15.11.2020 02:00;15.11.2020 03:00;1,76
15.11.2020 03:00;15.11.2020 04:00;0,13
15.11.2020 04:00;15.11.2020 05:00;0,79
15.11.2020 05:00;15.11.2020 06:00;0,5
15.11.2020 06:00;15.11.2020 07:00;0,97
15.11.2020 07:00;15.11.2020 08:00;4,28
15.11.2020 08:00;15.11.2020 09:00;10,8
15.11.2020 09:00;15.11.2020 10:00;14,72
15.11.2020 10:00;15.11.2020 11:00;11,75
15.11.2020 11:00;15.11.2020 12:00;13,99
15.11.2020 12:00;15.11.2020 13:00;13,46
15.11.2020 13:00;15.11.2020 14:00;6,61
15.11.2020 14:00;15.11.2020 15:00;5,88
15.11.2020 15:00;15.11.2020 16:00;16,98
15.11.2020 16:00;15.11.2020 17:00;18,32
15.11.2020 17:00;15.11.2020 18:00;19,2
15.11.2020 18:00;15.11.2020 19:00;21,49
15.11.2020 19:00;15.11.2020 20:00;4,96
15.11.2020 20:00;15.11.2020 21:00;-0,57
15.11.2020 21:00;15.11.2020 22:00;0,06
15.11.2020 22:00;15.11.2020 23:00;1,77
15.11.2020 23:00;16.11.2020 00:00;0,87
16.11.2020 00:00;16.11.2020 01:00;-0,55
16.11.2020 01:00;16.11.2020 02:00;0,04
16.11.2020 02:00;16.11.2020 03:00;-1,95
16.11.2020 03:00;16.11.2020 04:00;-5,29
16.11.2020 04:00;16.11.2020 05:00;-1,52
16.11.2020 05:00;16.11.2020 06:00;0,59
16.11.2020 06:00;16.11.2020 07:00;25,11
16.11.2020 07:00;16.11.2020 08:00;41,43
16.11.2020 08:00;16.11.2020 09:00;42,83
16.11.2020 09:00;16.11.2020 10:00;41,04
16.11.2020 10:00;16.11.2020 11:00;35,05
16.11.2020 11:00;16.11.2020 12:00;30,85
16.11.2020 12:00;16.11.2020 13:00;29,38
16.11.2020 13:00;16.11.2020 14:00;35,03
16.11.2020 14:00;16.11.2020 15:00;41,28
16.11.2020 15:00;16.11.2020 16:00;42,89
16.11.2020 16:00;16.11.2020 17:00;44,87
16.11.2020 17:00;16.11.2020 18:00;46,61
16.11.2020 18:00;16.11.2020 19:00;50,99
16.11.2020 19:00;16.11.2020 20:00;47,63
16.11.2020 20:00;16.11.2020 21:00;38,17
16.11.2020 21:00;16.11.2020 22:00;35,59
16.11.2020 22:00;16.11.2020 23:00;32,76
16.11.2020 23:00;17.11.2020 00:00;30,94
17.11.2020 00:00;17.11.2020 01:00;32,05
17.11.2020 01:00;17.11.2020 02:00;32,03
17.11.2020 02:00;17.11.2020 03:00;28,88
17.11.2020 03:00;17.11.2020 04:00;25,27
17.11.2020 04:00;17.11.2020 05:00;25,42
17.11.2020 05:00;17.11.2020 06:00;30,3
17.11.2020 06:00;17.11.2020 07:00;37,09
17.11.2020 07:00;17.11.2020 08:00;42,2
17.11.2020 08:00;17.11.2020 09:00;45,43
17.11.2020 09:00;17.11.2020 10:00;44,7
17.11.2020 10:00;17.11.2020 11:00;41,29
17.11.2020 11:00;17.11.2020 12:00;41,63
17.11.2020 12:00;17.11.2020 13:00;40,85
17.11.2020 13:00;17.11.2020 14:00;40,02
17.11.2020 14:00;17.11.2020 15:00;42,34
17.11.2020 15:00;17.11.2020 16:00;43,28
17.11.2020 16:00;17.11.2020 17:00;43,8
17.11.2020 17:00;17.11.2020 18:00;47,25
17.11.2020 18:00;17.11.2020 19:00;50,0
17.11.2020 19:00;17.11.2020 20:00;47,51
17.11.2020 20:00;17.11.2020 21:00;43,83
17.11.2020 21:00;17.11.2020 22:00;36,6
17.11.2020 22:00;17.11.2020 23:00;37,2
17.11.2020 23:00;18.11.2020 00:00;34,36
18.11.2020 00:00;18.11.2020 01:00;32,77
18.11.2020 01:00;18.11.2020 02:00;31,68
18.11.2020 02:00;18.11.2020 03:00;30,89
18.11.2020 03:00;18.11.2020 04:00;29,53
18.11.2020 04:00;18.11.2020 05:00;28,93
18.11.2020 05:00;18.11.2020 06:00;32,68
18.11.2020 06:00;18.11.2020 07:00;39,03
18.11.2020 07:00;18.11.2020 08:00;46,07
18.11.2020 08:00;18.11.2020 09:00;48,39
18.11.2020 09:00;18.11.2020 10:00;45,98
18.11.2020 10:00;18.11.2020 11:00;43,86
18.11.2020 11:00;18.11.2020 12:00;42,12
18.11.2020 12:00;18.11.2020 13:00;36,75
18.11.2020 13:00;18.11.2020 14:00;39,95
18.11.2020 14:00;18.11.2020 15:00;42,55
18.11.2020 15:00;18.11.2020 16:00;43,16
18.11.2020 16:00;18.11.2020 17:00;44,75
18.11.2020 17:00;18.11.2020 18:00;46,94
18.11.2020 18:00;18.11.2020 19:00;44,9
18.11.2020 19:00;18.11.2020 20:00;40,46
18.11.2020 20:00;18.11.2020 21:00;32,37
18.11.2020 21:00;18.11.2020 22:00;22,47
18.11.2020 22:00;18.11.2020 23:00;25,8
18.11.2020 23:00;19.11.2020 00:00;0,49
19.11.2020 00:00;19.11.2020 01:00;3,03
19.11.2020 01:00;19.11.2020 02:00;0,04
19.11.2020 02:00;19.11.2020 03:00;0,03
19.11.2020 03:00;19.11.2020 04:00;0,02
19.11.2020 04:00;19.11.2020 05:00;0,01
19.11.2020 05:00;19.11.2020 06:00;6,15
19.11.2020 06:00;19.11.2020 07:00;30,75
19.11.2020 07:00;19.11.2020 08:00;38,27
19.11.2020 08:00;19.11.2020 09:00;33,96
19.11.2020 09:00;19.11.2020 10:00;35,89
19.11.2020 10:00;19.11.2020 11:00;29,98
19.11.2020 11:00;19.11.2020 12:00;31,89
19.11.2020 12:00;19.11.2020 13:00;29,8
19.11.2020 13:00;19.11.2020 14:00;28,88
19.11.2020 14:00;19.11.2020 15:00;29,37
19.11.2020 15:00;19.11.2020 16:00;35,7
19.11.2020 16:00;19.11.2020 17:00;34,48
19.11.2020 17:00;19.11.2020 18:00;40,97
19.11.2020 18:00;19.11.2020 19:00;43,42
19.11.2020 19:00;19.11.2020 20:00;42,91
19.11.2020 20:00;19.11.2020 21:00;37,82
19.11.2020 21:00;19.11.2020 22:00;36,76
19.11.2020 22:00;19.11.2020 23:00;32,7
19.11.2020 23:00;20.11.2020 00:00;30,44
20.11.2020 00:00;20.11.2020 01:00;32,49
20.11.2020 01:00;20.11.2020 02:00;32,47
20.11.2020 02:00;20.11.2020 03:00;33,01
20.11.2020 03:00;20.11.2020 04:00;32,98
20.11.2020 04:00;20.11.2020 05:00;32,76
20.11.2020 05:00;20.11.2020 06:00;33,02
20.11.2020 06:00;20.11.2020 07:00;41,26
20.11.2020 07:00;20.11.2020 08:00;48,96
20.11.2020 08:00;20.11.2020 09:00;53,55
20.11.2020 09:00;20.11.2020 10:00;50,01
20.11.2020 10:00;20.11.2020 11:00;48,03
20.11.2020 11:00;20.11.2020 12:00;47,91
20.11.2020 12:00;20.11.2020 13:00;47,9
20.11.2020 13:00;20.11.2020 14:00;46,72
20.11.2020 14:00;20.11.2020 15:00;46,0
20.11.2020 15:00;20.11.2020 16:00;47,19
20.11.2020 16:00;20.11.2020 17:00;47,96
20.11.2020 17:00;20.11.2020 18:00;58,68
20.11.2020 18:00;20.11.2020 19:00;54,9
20.11.2020 19:00;20.11.2020 20:00;49,0
20.11.2020 20:00;20.11.2020 21:00;44,79
20.11.2020 21:00;20.11.2020 22:00;38,67
20.11.2020 22:00;20.11.2020 23:00;36,6
20.11.2020 23:00;21.11.2020 00:00;33,38
21.11.2020 00:00;21.11.2020 01:00;35,33
21.11.2020 01:00;21.11.2020 02:00;32,87
21.11.2020 02:00;21.11.2020 03:00;31,2
21.11.2020 03:00;21.11.2020 04:00;29,74
21.11.2020 04:00;21.11.2020 05:00;28,45
21.11.2020 05:00;21.11.2020 06:00;28,49
21.11.2020 06:00;21.11.2020 07:00;27,93
21.11.2020 07:00;21.11.2020 08:00;28,55
21.11.2020 08:00;21.11.2020 09:00;32,78
21.11.2020 09:00;21.11.2020 10:00;28,62
21.11.2020 10:00;21.11.2020 11:00;27,92
21.11.2020 11:00;21.11.2020 12:00;25,51
21.11.2020 12:00;21.11.2020 13:00;25,55
21.11.2020 13:00;21.11.2020 14:00;25,6
21.11.2020 14:00;21.11.2020 15:00;28,37
21.11.2020 15:00;21.11.2020 16:00;32,79
21.11.2020 16:00;21.11.2020 17:00;40,61
21.11.2020 17:00;21.11.2020 18:00;41,01
21.11.2020 18:00;21.11.2020 19:00;39,14
21.11.2020 19:00;21.11.2020 20:00;35,66
21.11.2020 20:00;21.11.2020 21:00;28,06
21.11.2020 21:00;21.11.2020 22:00;25,45
21.11.2020 22:00;21.11.2020 23:00;27,11
21.11.2020 23:00;22.11.2020 00:00;20,35
22.11.2020 00:00;22.11.2020 01:00;10,04
22.11.2020 01:00;22.11.2020 02:00;23,3
22.11.2020 02:00;22.11.2020 03:00;25,92
22.11.2020 03:00;22.11.2020 04:00;25,97
22.11.2020 04:00;22.11.2020 05:00;26,12
22.11.2020 05:00;22.11.2020 06:00;25,9
22.11.2020 06:00;22.11.2020 07:00;4,44
22.11.2020 07:00;22.11.2020 08:00;11,07
22.11.2020 08:00;22.11.2020 09:00;25,48
22.11.2020 09:00;22.11.2020 10:00;25,42
22.11.2020 10:00;22.11.2020 11:00;26,94
22.11.2020 11:00;22.11.2020 12:00;28,7
22.11.2020 12:00;22.11.2020 13:00;27,34
22.11.2020 13:00;22.11.2020 14:00;28,29
22.11.2020 14:00;22.11.2020 15:00;31,46
22.11.2020 15:00;22.11.2020 16:00;37,87
22.11.2020 16:00;22.11.2020 17:00;38,96
22.11.2020 17:00;22.11.2020 18:00;43,85
22.11.2020 18:00;22.11.2020 19:00;46,02
22.11.2020 19:00;22.11.2020 20:00;48,12
22.11.2020 20:00;22.11.2020 21:00;42,96
22.11.2020 21:00;22.11.2020 22:00;39,95
22.11.2020 22:00;22.11.2020 23:00;39,95
22.11.2020 23:00;23.11.2020 00:00;35,21
23.11.2020 00:00;23.11.2020 01:00;33,08
23.11.2020 01:00;23.11.2020 02:00;32,73
23.11.2020 02:00;23.11.2020 03:00;32,68
23.11.2020 03:00;23.11.2020 04:00;31,57
23.11.2020 04:00;23.11.2020 05:00;33,02
23.11.2020 05:00;23.11.2020 06:00;32,69
23.11.2020 06:00;23.11.2020 07:00;45,99
23.11.2020 07:00;23.11.2020 08:00;55,19
23.11.2020 08:00;23.11.2020 09:00;55,09
23.11.2020 09:00;23.11.2020 10:00;40,07
23.11.2020 10:00;23.11.2020 11:00;45,92
23.11.2020 11:00;23.11.2020 12:00;41,07
23.11.2020 12:00;23.11.2020 13:00;45,31
23.11.2020 13:00;23.11.2020 14:00;45,15
23.11.2020 14:00;23.11.2020 15:00;49,58
23.11.2020 15:00;23.11.2020 16:00;49,7
23.11.2020 16:00;23.11.2020 17:00;51,26
23.11.2020 17:00;23.11.2020 18:00;58,26
23.11.2020 18:00;23.11.2020 19:00;60,49
23.11.2020 19:00;23.11.2020 20:00;55,0
23.11.2020 20:00;23.11.2020 21:00;47,57
23.11.2020 21:00;23.11.2020 22:00;38,1
23.11.2020 22:00;23.11.2020 23:00;35,5
23.11.2020 23:00;24.11.2020 00:00;31,99
24.11.2020 00:00;24.11.2020 01:00;32,55
24.11.2020 01:00;24.11.2020 02:00;33,55
24.11.2020 02:00;24.11.2020 03:00;33,89
24.11.2020 03:00;24.11.2020 04:00;32,62
24.11.2020 04:00;24.11.2020 05:00;32,94
24.11.2020 05:00;24.11.2020 06:00;34,53
24.11.2020 06:00;24.11.2020 07:00;37,8
24.11.2020 07:00;24.11.2020 08:00;47,77
24.11.2020 08:00;24.11.2020 09:00;52,25
24.11.2020 09:00;24.11.2020 10:00;45,24
24.11.2020 10:00;24.11.2020 11:00;44,67
24.11.2020 11:00;24.11.2020 12:00;44,54
24.11.2020 12:00;24.11.2020 13:00;41,53
24.11.2020 13:00;24.11.2020 14:00;41,48
24.11.2020 14:00;24.11.2020 15:00;45,0
24.11.2020 15:00;24.11.2020 16:00;46,98
24.11.2020 16:00;24.11.2020 17:00;48,87
24.11.2020 17:00;24.11.2020 18:00;55,92
24.11.2020 18:00;24.11.2020 19:00;53,2
24.11.2020 19:00;24.11.2020 20:00;48,21
24.11.2020 20:00;24.11.2020 21:00;44,08
24.11.2020 21:00;24.11.2020 22:00;39,13
24.11.2020 22:00;24.11.2020 23:00;36,83
24.11.2020 23:00;25.11.2020 00:00;35,07
25.11.2020 00:00;25.11.2020 01:00;35,44
25.11.2020 01:00;25.11.2020 02:00;34,76
25.11.2020 02:00;25.11.2020 03:00;33,28
25.11.2020 03:00;25.11.2020 04:00;33,26
25.11.2020 04:00;25.11.2020 05:00;34,12
25.11.2020 05:00;25.11.2020 06:00;35,47
25.11.2020 06:00;25.11.2020 07:00;42,99
25.11.2020 07:00;25.11.2020 08:00;53,05
25.11.2020 08:00;25.11.2020 09:00;53,5
25.11.2020 09:00;25.11.2020 10:00;53,03
25.11.2020 10:00;25.11.2020 11:00;51,34
25.11.2020 11:00;25.11.2020 12:00;50,99
25.11.2020 12:00;25.11.2020 13:00;50,2
25.11.2020 13:00;25.11.2020 14:00;50,48
25.11.2020 14:00;25.11.2020 15:00;52,01
25.11.2020 15:00;25.11.2020 16:00;52,91
25.11.2020 16:00;25.11.2020 17:00;54,57
25.11.2020 17:00;25.11.2020 18:00;61,54
25.11.2020 18:00;25.11.2020 19:00;59,02
25.11.2020 19:00;25.11.2020 20:00;56,3
25.11.2020 20:00;25.11.2020 21:00;51,28
25.11.2020 21:00;25.11.2020 22:00;45,33
25.11.2020 22:00;25.11.2020 23:00;42,93
25.11.2020 23:00;26.11.2020 00:00;37,12
26.11.2020 00:00;26.11.2020 01:00;37,39
26.11.2020 01:00;26.11.2020 02:00;37,25
26.11.2020 02:00;26.11.2020 03:00;36,68
26.11.2020 03:00;26.11.2020 04:00;36,51
26.11.2020 04:00;26.11.2020 05:00;36,67
26.11.2020 05:00;26.11.2020 06:00;37,93
26.11.2020 06:00;26.11.2020 07:00;45,84
26.11.2020 07:00;26.11.2020 08:00;59,93
26.11.2020 08:00;26.11.2020 09:00;65,69
26.11.2020 09:00;26.11.2020 10:00;64,26
26.11.2020 10:00;26.11.2020 11:00;58,51
26.11.2020 11:00;26.11.2020 12:00;59,11
26.11.2020 12:00;26.11.2020 13:00;55,79
26.11.2020 13:00;26.11.2020 14:00;57,0
26.11.2020 14:00;26.11.2020 15:00;61,68
26.11.2020 15:00;26.11.2020 16:00;67,54
26.11.2020 16:00;26.11.2020 17:00;72,66
26.11.2020 17:00;26.11.2020 18:00;110,13
26.11.2020 18:00;26.11.2020 19:00;79,81
26.11.2020 19:00;26.11.2020 20:00;69,99
26.11.2020 20:00;26.11.2020 21:00;59,64
26.11.2020 21:00;26.11.2020 22:00;52,23
26.11.2020 22:00;26.11.2020 23:00;49,73
26.11.2020 23:00;27.11.2020 00:00;45,17
27.11.2020 00:00;27.11.2020 01:00;45,97
27.11.2020 01:00;27.11.2020 02:00;44,78
27.11.2020 02:00;27.11.2020 03:00;42,75
27.11.2020 03:00;27.11.2020 04:00;40,37
27.11.2020 04:00;27.11.2020 05:00;41,47
27.11.2020 05:00;27.11.2020 06:00;45,45
27.11.2020 06:00;27.11.2020 07:00;53,56
27.11.2020 07:00;27.11.2020 08:00;76,73
27.11.2020 08:00;27.11.2020 09:00;91,54
27.11.2020 09:00;27.11.2020 10:00;80,34
27.11.2020 10:00;27.11.2020 11:00;77,91
27.11.2020 11:00;27.11.2020 12:00;74,87
27.11.2020 12:00;27.11.2020 13:00;70,48
27.11.2020 13:00;27.11.2020 14:00;67,01
27.11.2020 14:00;27.11.2020 15:00;68,34
27.11.2020 15:00;27.11.2020 16:00;78,69
27.11.2020 16:00;27.11.2020 17:00;84,04
27.11.2020 17:00;27.11.2020 18:00;106,35
27.11.2020 18:00;27.11.2020 19:00;79,66
27.11.2020 19:00;27.11.2020 20:00;73,01
27.11.2020 20:00;27.11.2020 21:00;59,02
27.11.2020 21:00;27.11.2020 22:00;52,91
27.11.2020 22:00;27.11.2020 23:00;51,74
27.11.2020 23:00;28.11.2020 00:00;46,46
28.11.2020 00:00;28.11.2020 01:00;48,93
28.11.2020 01:00;28.11.2020 02:00;45,91
28.11.2020 02:00;28.11.2020 03:00;45,01
28.11.2020 03:00;28.11.2020 04:00;42,0
28.11.2020 04:00;28.11.2020 05:00;41,12
28.11.2020 05:00;28.11.2020 06:00;42,48
28.11.2020 06:00;28.11.2020 07:00;41,97
28.11.2020 07:00;28.11.2020 08:00;45,04
28.11.2020 08:00;28.11.2020 09:00;45,69
28.11.2020 09:00;28.11.2020 10:00;49,26
28.11.2020 10:00;28.11.2020 11:00;50,34
28.11.2020 11:00;28.11.2020 12:00;49,01
28.11.2020 12:00;28.11.2020 13:00;49,08
28.11.2020 13:00;28.11.2020 14:00;48,34
28.11.2020 14:00;28.11.2020 15:00;47,86
28.11.2020 15:00;28.11.2020 16:00;47,86
28.11.2020 16:00;28.11.2020 17:00;50,23
28.11.2020 17:00;28.11.2020 18:00;54,17
28.11.2020 18:00;28.11.2020 19:00;56,14
28.11.2020 19:00;28.11.2020 20:00;53,83
28.11.2020 20:00;28.11.2020 21:00;47,66
28.11.2020 21:00;28.11.2020 22:00;41,99
28.11.2020 22:00;28.11.2020 23:00;41,62
28.11.2020 23:00;29.11.2020 00:00;39,65
29.11.2020 00:00;29.11.2020 01:00;38,9
29.11.2020 01:00;29.11.2020 02:00;37,6
29.11.2020 02:00;29.11.2020 03:00;37,03
29.11.2020 03:00;29.11.2020 04:00;35,97
29.11.2020 04:00;29.11.2020 05:00;36,0
29.11.2020 05:00;29.11.2020 06:00;38,04
29.11.2020 06:00;29.11.2020 07:00;38,37
29.11.2020 07:00;29.11.2020 08:00;40,6
29.11.2020 08:00;29.11.2020 09:00;43,01
29.11.2020 09:00;29.11.2020 10:00;45,23
29.11.2020 10:00;29.11.2020 11:00;45,12
29.11.2020 11:00;29.11.2020 12:00;46,31
29.11.2020 12:00;29.11.2020 13:00;46,27
29.11.2020 13:00;29.11.2020 14:00;44,71
29.11.2020 14:00;29.11.2020 15:00;43,77
29.11.2020 15:00;29.11.2020 16:00;44,96
29.11.2020 16:00;29.11.2020 17:00;49,1
29.11.2020 17:00;29.11.2020 18:00;55,16
29.11.2020 18:00;29.11.2020 19:00;58,26
29.11.2020 19:00;29.11.2020 20:00;58,97
29.11.2020 20:00;29.11.2020 21:00;55,98
29.11.2020 21:00;29.11.2020 22:00;52,26
29.11.2020 22:00;29.11.2020 23:00;49,91
29.11.2020 23:00;30.11.2020 00:00;45,17
30.11.2020 00:00;30.11.2020 01:00;46,6
30.11.2020 01:00;30.11.2020 02:00;43,04
30.11.2020 02:00;30.11.2020 03:00;42,07
30.11.2020 03:00;30.11.2020 04:00;38,82
30.11.2020 04:00;30.11.2020 05:00;39,09
30.11.2020 05:00;30.11.2020 06:00;43,21
30.11.2020 06:00;30.11.2020 07:00;57,25
30.11.2020 07:00;30.11.2020 08:00;70,42
30.11.2020 08:00;30.11.2020 09:00;77,18
30.11.2020 09:00;30.11.2020 10:00;67,07
30.11.2020 10:00;30.11.2020 11:00;62,0
30.11.2020 11:00;30.11.2020 12:00;58,66
30.11.2020 12:00;30.11.2020 13:00;56,01
30.11.2020 13:00;30.11.2020 14:00;55,06
30.11.2020 14:00;30.11.2020 15:00;55,06
30.11.2020 15:00;30.11.2020 16:00;55,14
30.11.2020 16:00;30.11.2020 17:00;55,61
30.11.2020 17:00;30.11.2020 18:00;62,62
30.11.2020 18:00;30.11.2020 19:00;61,17
30.11.2020 19:00;30.11.2020 20:00;52,72
30.11.2020 20:00;30.11.2020 21:00;42,85
30.11.2020 21:00;30.11.2020 22:00;40,1
30.11.2020 22:00;30.11.2020 23:00;38,61
30.11.2020 23:00;01.12.2020 00:00;32,92
01.12.2020 00:00;01.12.2020 01:00;32,04
01.12.2020 01:00;01.12.2020 02:00;33,95
01.12.2020 02:00;01.12.2020 03:00;33,16
01.12.2020 03:00;01.12.2020 04:00;34,08
01.12.2020 04:00;01.12.2020 05:00;35,34
01.12.2020 05:00;01.12.2020 06:00;38,43
01.12.2020 06:00;01.12.2020 07:00;43,97
01.12.2020 07:00;01.12.2020 08:00;54,91
01.12.2020 08:00;01.12.2020 09:00;57,64
01.12.2020 09:00;01.12.2020 10:00;61,28
01.12.2020 10:00;01.12.2020 11:00;64,21
01.12.2020 11:00;01.12.2020 12:00;63,75
01.12.2020 12:00;01.12.2020 13:00;60,96
01.12.2020 13:00;01.12.2020 14:00;63,07
01.12.2020 14:00;01.12.2020 15:00;61,47
01.12.2020 15:00;01.12.2020 16:00;60,88
01.12.2020 16:00;01.12.2020 17:00;62,06
01.12.2020 17:00;01.12.2020 18:00;77,98
01.12.2020 18:00;01.12.2020 19:00;75,25
01.12.2020 19:00;01.12.2020 20:00;66,32
01.12.2020 20:00;01.12.2020 21:00;57,66
01.12.2020 21:00;01.12.2020 22:00;53,34
01.12.2020 22:00;01.12.2020 23:00;50,16
01.12.2020 23:00;02.12.2020 00:00;47,13
02.12.2020 00:00;02.12.2020 01:00;47,8
02.12.2020 01:00;02.12.2020 02:00;46,27
02.12.2020 02:00;02.12.2020 03:00;44,71
02.12.2020 03:00;02.12.2020 04:00;43,42
02.12.2020 04:00;02.12.2020 05:00;44,56
02.12.2020 05:00;02.12.2020 06:00;47,49
02.12.2020 06:00;02.12.2020 07:00;58,58
02.12.2020 07:00;02.12.2020 08:00;83,67
02.12.2020 08:00;02.12.2020 09:00;105,46
02.12.2020 09:00;02.12.2020 10:00;105,42
02.12.2020 10:00;02.12.2020 11:00;100,06
02.12.2020 11:00;02.12.2020 12:00;95,19
02.12.2020 12:00;02.12.2020 13:00;84,95
02.12.2020 13:00;02.12.2020 14:00;82,9
02.12.2020 14:00;02.12.2020 15:00;90,0
02.12.2020 15:00;02.12.2020 16:00;88,09
02.12.2020 16:00;02.12.2020 17:00;105,4
02.12.2020 17:00;02.12.2020 18:00;110,56
02.12.2020 18:00;02.12.2020 19:00;99,03
02.12.2020 19:00;02.12.2020 20:00;77,79
02.12.2020 20:00;02.12.2020 21:00;64,0
02.12.2020 21:00;02.12.2020 22:00;55,55
02.12.2020 22:00;02.12.2020 23:00;51,39
02.12.2020 23:00;03.12.2020 00:00;43,45
03.12.2020 00:00;03.12.2020 01:00;41,85
03.12.2020 01:00;03.12.2020 02:00;41,21
03.12.2020 02:00;03.12.2020 03:00;39,09
03.12.2020 03:00;03.12.2020 04:00;38,25
03.12.2020 04:00;03.12.2020 05:00;39,12
03.12.2020 05:00;03.12.2020 06:00;42,63
03.12.2020 06:00;03.12.2020 07:00;53,42
03.12.2020 07:00;03.12.2020 08:00;60,04
03.12.2020 08:00;03.12.2020 09:00;62,57
03.12.2020 09:00;03.12.2020 10:00;66,01
03.12.2020 10:00;03.12.2020 11:00;62,25
03.12.2020 11:00;03.12.2020 12:00;62,48
03.12.2020 12:00;03.12.2020 13:00;61,69
03.12.2020 13:00;03.12.2020 14:00;58,14
03.12.2020 14:00;03.12.2020 15:00;55,73
03.12.2020 15:00;03.12.2020 16:00;51,33
03.12.2020 16:00;03.12.2020 17:00;50,28
03.12.2020 17:00;03.12.2020 18:00;52,94
03.12.2020 18:00;03.12.2020 19:00;47,18
03.12.2020 19:00;03.12.2020 20:00;41,63
03.12.2020 20:00;03.12.2020 21:00;34,2
03.12.2020 21:00;03.12.2020 22:00;31,25
03.12.2020 22:00;03.12.2020 23:00;31,23
03.12.2020 23:00;04.12.2020 00:00;27,5
04.12.2020 00:00;04.12.2020 01:00;30,83
04.12.2020 01:00;04.12.2020 02:00;28,43
04.12.2020 02:00;04.12.2020 03:00;27,88
04.12.2020 03:00;04.12.2020 04:00;27,16
04.12.2020 04:00;04.12.2020 05:00;24,6
04.12.2020 05:00;04.12.2020 06:00;30,45
04.12.2020 06:00;04.12.2020 07:00;33,69
04.12.2020 07:00;04.12.2020 08:00;33,4
04.12.2020 08:00;04.12.2020 09:00;38,82
04.12.2020 09:00;04.12.2020 10:00;39,6
04.12.2020 10:00;04.12.2020 11:00;37,39
04.12.2020 11:00;04.12.2020 12:00;42,58
04.12.2020 12:00;04.12.2020 13:00;40,72
04.12.2020 13:00;04.12.2020 14:00;40,4
04.12.2020 14:00;04.12.2020 15:00;44,99
04.12.2020 15:00;04.12.2020 16:00;52,48
04.12.2020 16:00;04.12.2020 17:00;55,88
04.12.2020 17:00;04.12.2020 18:00;64,36
04.12.2020 18:00;04.12.2020 19:00;59,18
04.12.2020 19:00;04.12.2020 20:00;55,17
04.12.2020 20:00;04.12.2020 21:00;47,92
04.12.2020 21:00;04.12.2020 22:00;50,9
04.12.2020 22:00;04.12.2020 23:00;50,03
04.12.2020 23:00;05.12.2020 00:00;45,83
05.12.2020 00:00;05.12.2020 01:00;41,03
05.12.2020 01:00;05.12.2020 02:00;38,61
05.12.2020 02:00;05.12.2020 03:00;40,31
05.12.2020 03:00;05.12.2020 04:00;38,31
05.12.2020 04:00;05.12.2020 05:00;38,06
05.12.2020 05:00;05.12.2020 06:00;38,6
05.12.2020 06:00;05.12.2020 07:00;36,21
05.12.2020 07:00;05.12.2020 08:00;38,78
05.12.2020 08:00;05.12.2020 09:00;35,82
05.12.2020 09:00;05.12.2020 10:00;49,11
05.12.2020 10:00;05.12.2020 11:00;52,48
05.12.2020 11:00;05.12.2020 12:00;54,53
05.12.2020 12:00;05.12.2020 13:00;54,9
05.12.2020 13:00;05.12.2020 14:00;53,9
05.12.2020 14:00;05.12.2020 15:00;52,0
05.12.2020 15:00;05.12.2020 16:00;54,0
05.12.2020 16:00;05.12.2020 17:00;55,2
05.12.2020 17:00;05.12.2020 18:00;58,0
05.12.2020 18:00;05.12.2020 19:00;55,51
05.12.2020 19:00;05.12.2020 20:00;55,8
05.12.2020 20:00;05.12.2020 21:00;52,01
05.12.2020 21:00;05.12.2020 22:00;42,15
05.12.2020 22:00;05.12.2020 23:00;41,5
05.12.2020 23:00;06.12.2020 00:00;36,62
06.12.2020 00:00;06.12.2020 01:00;41,06
06.12.2020 01:00;06.12.2020 02:00;38,74
06.12.2020 02:00;06.12.2020 03:00;36,94
06.12.2020 03:00;06.12.2020 04:00;35,0
06.12.2020 04:00;06.12.2020 05:00;34,28
06.12.2020 05:00;06.12.2020 06:00;33,59
06.12.2020 06:00;06.12.2020 07:00;34,37
06.12.2020 07:00;06.12.2020 08:00;37,84
06.12.2020 08:00;06.12.2020 09:00;37,99
06.12.2020 09:00;06.12.2020 10:00;45,11
06.12.2020 10:00;06.12.2020 11:00;50,08
06.12.2020 11:00;06.12.2020 12:00;54,62
06.12.2020 12:00;06.12.2020 13:00;54,87
06.12.2020 13:00;06.12.2020 14:00;49,15
06.12.2020 14:00;06.12.2020 15:00;46,02
06.12.2020 15:00;06.12.2020 16:00;47,3
06.12.2020 16:00;06.12.2020 17:00;50,54
06.12.2020 17:00;06.12.2020 18:00;54,93
06.12.2020 18:00;06.12.2020 19:00;54,22
06.12.2020 19:00;06.12.2020 20:00;43,7
06.12.2020 20:00;06.12.2020 21:00;38,76
06.12.2020 21:00;06.12.2020 22:00;36,59
06.12.2020 22:00;06.12.2020 23:00;36,51
06.12.2020 23:00;07.12.2020 00:00;33,73
07.12.2020 00:00;07.12.2020 01:00;36,17
07.12.2020 01:00;07.12.2020 02:00;32,3
07.12.2020 02:00;07.12.2020 03:00;30,3
07.12.2020 03:00;07.12.2020 04:00;29,45
07.12.2020 04:00;07.12.2020 05:00;29,44
07.12.2020 05:00;07.12.2020 06:00;35,64
07.12.2020 06:00;07.12.2020 07:00;46,49
07.12.2020 07:00;07.12.2020 08:00;58,0
07.12.2020 08:00;07.12.2020 09:00;58,23
07.12.2020 09:00;07.12.2020 10:00;40,69
07.12.2020 10:00;07.12.2020 11:00;38,74
07.12.2020 11:00;07.12.2020 12:00;36,76
07.12.2020 12:00;07.12.2020 13:00;35,94
07.12.2020 13:00;07.12.2020 14:00;39,56
07.12.2020 14:00;07.12.2020 15:00;41,69
07.12.2020 15:00;07.12.2020 16:00;55,68
07.12.2020 16:00;07.12.2020 17:00;59,96
07.12.2020 17:00;07.12.2020 18:00;62,17
07.12.2020 18:00;07.12.2020 19:00;61,92
07.12.2020 19:00;07.12.2020 20:00;59,38
07.12.2020 20:00;07.12.2020 21:00;52,8
07.12.2020 21:00;07.12.2020 22:00;46,41
07.12.2020 22:00;07.12.2020 23:00;44,34
07.12.2020 23:00;08.12.2020 00:00;41,5
08.12.2020 00:00;08.12.2020 01:00;41,12
08.12.2020 01:00;08.12.2020 02:00;39,44
08.12.2020 02:00;08.12.2020 03:00;39,84
08.12.2020 03:00;08.12.2020 04:00;37,15
08.12.2020 04:00;08.12.2020 05:00;37,95
08.12.2020 05:00;08.12.2020 06:00;41,11
08.12.2020 06:00;08.12.2020 07:00;51,58
08.12.2020 07:00;08.12.2020 08:00;68,08
08.12.2020 08:00;08.12.2020 09:00;74,11
08.12.2020 09:00;08.12.2020 10:00;71,86
08.12.2020 10:00;08.12.2020 11:00;72,44
08.12.2020 11:00;08.12.2020 12:00;76,74
08.12.2020 12:00;08.12.2020 13:00;77,43
08.12.2020 13:00;08.12.2020 14:00;76,96
08.12.2020 14:00;08.12.2020 15:00;76,48
08.12.2020 15:00;08.12.2020 16:00;77,48
08.12.2020 16:00;08.12.2020 17:00;81,07
08.12.2020 17:00;08.12.2020 18:00;78,97
08.12.2020 18:00;08.12.2020 19:00;67,05
08.12.2020 19:00;08.12.2020 20:00;65,12
08.12.2020 20:00;08.12.2020 21:00;59,46
08.12.2020 21:00;08.12.2020 22:00;55,64
08.12.2020 22:00;08.12.2020 23:00;51,75
08.12.2020 23:00;09.12.2020 00:00;47,05
09.12.2020 00:00;09.12.2020 01:00;40,32
09.12.2020 01:00;09.12.2020 02:00;41,24
09.12.2020 02:00;09.12.2020 03:00;38,8
09.12.2020 03:00;09.12.2020 04:00;36,08
09.12.2020 04:00;09.12.2020 05:00;36,4
09.12.2020 05:00;09.12.2020 06:00;40,19
09.12.2020 06:00;09.12.2020 07:00;52,48
09.12.2020 07:00;09.12.2020 08:00;69,0
09.12.2020 08:00;09.12.2020 09:00;95,8
09.12.2020 09:00;09.12.2020 10:00;105,39
09.12.2020 10:00;09.12.2020 11:00;105,39
09.12.2020 11:00;09.12.2020 12:00;105,39
09.12.2020 12:00;09.12.2020 13:00;105,37
09.12.2020 13:00;09.12.2020 14:00;105,39
09.12.2020 14:00;09.12.2020 15:00;105,39
09.12.2020 15:00;09.12.2020 16:00;103,22
09.12.2020 16:00;09.12.2020 17:00;105,39
09.12.2020 17:00;09.12.2020 18:00;114,0
09.12.2020 18:00;09.12.2020 19:00;105,39
09.12.2020 19:00;09.12.2020 20:00;89,36
09.12.2020 20:00;09.12.2020 21:00;62,2
09.12.2020 21:00;09.12.2020 22:00;49,11
09.12.2020 22:00;09.12.2020 23:00;46,79
09.12.2020 23:00;10.12.2020 00:00;42,55
10.12.2020 00:00;10.12.2020 01:00;40,7
10.12.2020 01:00;10.12.2020 02:00;38,24
10.12.2020 02:00;10.12.2020 03:00;36,92
10.12.2020 03:00;10.12.2020 04:00;35,88
10.12.2020 04:00;10.12.2020 05:00;36,19
10.12.2020 05:00;10.12.2020 06:00;42,5
10.12.2020 06:00;10.12.2020 07:00;53,8
10.12.2020 07:00;10.12.2020 08:00;72,93
10.12.2020 08:00;10.12.2020 09:00;96,43
10.12.2020 09:00;10.12.2020 10:00;93,94
10.12.2020 10:00;10.12.2020 11:00;92,48
10.12.2020 11:00;10.12.2020 12:00;92,99
10.12.2020 12:00;10.12.2020 13:00;86,82
10.12.2020 13:00;10.12.2020 14:00;93,1
10.12.2020 14:00;10.12.2020 15:00;85,24
10.12.2020 15:00;10.12.2020 16:00;89,68
10.12.2020 16:00;10.12.2020 17:00;101,0
10.12.2020 17:00;10.12.2020 18:00;105,41
10.12.2020 18:00;10.12.2020 19:00;93,56
10.12.2020 19:00;10.12.2020 20:00;75,22
10.12.2020 20:00;10.12.2020 21:00;61,74
10.12.2020 21:00;10.12.2020 22:00;51,01
10.12.2020 22:00;10.12.2020 23:00;46,63
10.12.2020 23:00;11.12.2020 00:00;42,92
11.12.2020 00:00;11.12.2020 01:00;40,55
11.12.2020 01:00;11.12.2020 02:00;36,75
11.12.2020 02:00;11.12.2020 03:00;37,09
11.12.2020 03:00;11.12.2020 04:00;34,72
11.12.2020 04:00;11.12.2020 05:00;33,65
11.12.2020 05:00;11.12.2020 06:00;37,08
11.12.2020 06:00;11.12.2020 07:00;38,78
11.12.2020 07:00;11.12.2020 08:00;52,72
11.12.2020 08:00;11.12.2020 09:00;56,41
11.12.2020 09:00;11.12.2020 10:00;57,1
11.12.2020 10:00;11.12.2020 11:00;55,81
11.12.2020 11:00;11.12.2020 12:00;55,19
11.12.2020 12:00;11.12.2020 13:00;54,65
11.12.2020 13:00;11.12.2020 14:00;54,11
11.12.2020 14:00;11.12.2020 15:00;52,21
11.12.2020 15:00;11.12.2020 16:00;54,62
11.12.2020 16:00;11.12.2020 17:00;54,04
11.12.2020 17:00;11.12.2020 18:00;55,62
11.12.2020 18:00;11.12.2020 19:00;45,51
11.12.2020 19:00;11.12.2020 20:00;47,17
11.12.2020 20:00;11.12.2020 21:00;37,61
11.12.2020 21:00;11.12.2020 22:00;36,65
11.12.2020 22:00;11.12.2020 23:00;35,5
11.12.2020 23:00;12.12.2020 00:00;35,61
12.12.2020 00:00;12.12.2020 01:00;37,0
12.12.2020 01:00;12.12.2020 02:00;37,31
12.12.2020 02:00;12.12.2020 03:00;37,09
12.12.2020 03:00;12.12.2020 04:00;36,46
12.12.2020 04:00;12.12.2020 05:00;35,96
12.12.2020 05:00;12.12.2020 06:00;36,07
12.12.2020 06:00;12.12.2020 07:00;35,25
12.12.2020 07:00;12.12.2020 08:00;38,19
12.12.2020 08:00;12.12.2020 09:00;42,13
12.12.2020 09:00;12.12.2020 10:00;46,2
12.12.2020 10:00;12.12.2020 11:00;51,89
12.12.2020 11:00;12.12.2020 12:00;53,78
12.12.2020 12:00;12.12.2020 13:00;53,96
12.12.2020 13:00;12.12.2020 14:00;51,18
12.12.2020 14:00;12.12.2020 15:00;48,82
12.12.2020 15:00;12.12.2020 16:00;50,4
12.12.2020 16:00;12.12.2020 17:00;52,99
12.12.2020 17:00;12.12.2020 18:00;57,92
12.12.2020 18:00;12.12.2020 19:00;57,92
12.12.2020 19:00;12.12.2020 20:00;55,09
12.12.2020 20:00;12.12.2020 21:00;48,27
12.12.2020 21:00;12.12.2020 22:00;46,39
12.12.2020 22:00;12.12.2020 23:00;44,63
12.12.2020 23:00;13.12.2020 00:00;42,37
13.12.2020 00:00;13.12.2020 01:00;42,99
13.12.2020 01:00;13.12.2020 02:00;40,6
13.12.2020 02:00;13.12.2020 03:00;37,88
13.12.2020 03:00;13.12.2020 04:00;36,85
13.12.2020 04:00;13.12.2020 05:00;35,92
13.12.2020 05:00;13.12.2020 06:00;35,09
13.12.2020 06:00;13.12.2020 07:00;35,88
13.12.2020 07:00;13.12.2020 08:00;37,8
13.12.2020 08:00;13.12.2020 09:00;41,46
13.12.2020 09:00;13.12.2020 10:00;45,16
13.12.2020 10:00;13.12.2020 11:00;48,28
13.12.2020 11:00;13.12.2020 12:00;50,93
13.12.2020 12:00;13.12.2020 13:00;51,91
13.12.2020 13:00;13.12.2020 14:00;46,45
13.12.2020 14:00;13.12.2020 15:00;44,43
13.12.2020 15:00;13.12.2020 16:00;43,74
13.12.2020 16:00;13.12.2020 17:00;45,51
13.12.2020 17:00;13.12.2020 18:00;51,4
13.12.2020 18:00;13.12.2020 19:00;53,0
13.12.2020 19:00;13.12.2020 20:00;51,61
13.12.2020 20:00;13.12.2020 21:00;41,53
13.12.2020 21:00;13.12.2020 22:00;41,13
13.12.2020 22:00;13.12.2020 23:00;41,35
13.12.2020 23:00;14.12.2020 00:00;35,26
14.12.2020 00:00;14.12.2020 01:00;34,01
14.12.2020 01:00;14.12.2020 02:00;32,23
14.12.2020 02:00;14.12.2020 03:00;30,43
14.12.2020 03:00;14.12.2020 04:00;25,18
14.12.2020 04:00;14.12.2020 05:00;25,92
14.12.2020 05:00;14.12.2020 06:00;31,36
14.12.2020 06:00;14.12.2020 07:00;36,27
14.12.2020 07:00;14.12.2020 08:00;43,97
14.12.2020 08:00;14.12.2020 09:00;44,14
14.12.2020 09:00;14.12.2020 10:00;45,59
14.12.2020 10:00;14.12.2020 11:00;43,44
14.12.2020 11:00;14.12.2020 12:00;44,49
14.12.2020 12:00;14.12.2020 13:00;42,16
14.12.2020 13:00;14.12.2020 14:00;45,55
14.12.2020 14:00;14.12.2020 15:00;49,05
14.12.2020 15:00;14.12.2020 16:00;54,13
14.12.2020 16:00;14.12.2020 17:00;54,0
14.12.2020 17:00;14.12.2020 18:00;60,0
14.12.2020 18:00;14.12.2020 19:00;59,03
14.12.2020 19:00;14.12.2020 20:00;54,78
14.12.2020 20:00;14.12.2020 21:00;49,32
14.12.2020 21:00;14.12.2020 22:00;44,55
14.12.2020 22:00;14.12.2020 23:00;42,22
14.12.2020 23:00;15.12.2020 00:00;40,05
15.12.2020 00:00;15.12.2020 01:00;37,03
15.12.2020 01:00;15.12.2020 02:00;36,54
15.12.2020 02:00;15.12.2020 03:00;35,4
15.12.2020 03:00;15.12.2020 04:00;34,0
15.12.2020 04:00;15.12.2020 05:00;35,28
15.12.2020 05:00;15.12.2020 06:00;39,04
15.12.2020 06:00;15.12.2020 07:00;42,1
15.12.2020 07:00;15.12.2020 08:00;51,54
15.12.2020 08:00;15.12.2020 09:00;57,62
15.12.2020 09:00;15.12.2020 10:00;57,88
15.12.2020 10:00;15.12.2020 11:00;58,1
15.12.2020 11:00;15.12.2020 12:00;59,97
15.12.2020 12:00;15.12.2020 13:00;59,8
15.12.2020 13:00;15.12.2020 14:00;57,66
15.12.2020 14:00;15.12.2020 15:00;57,8
15.12.2020 15:00;15.12.2020 16:00;57,48
15.12.2020 16:00;15.12.2020 17:00;58,94
15.12.2020 17:00;15.12.2020 18:00;68,8
15.12.2020 18:00;15.12.2020 19:00;58,14
15.12.2020 19:00;15.12.2020 20:00;56,2
15.12.2020 20:00;15.12.2020 21:00;50,2
15.12.2020 21:00;15.12.2020 22:00;49,24
15.12.2020 22:00;15.12.2020 23:00;47,35
15.12.2020 23:00;16.12.2020 00:00;43,57
16.12.2020 00:00;16.12.2020 01:00;43,52
16.12.2020 01:00;16.12.2020 02:00;41,92
16.12.2020 02:00;16.12.2020 03:00;40,12
16.12.2020 03:00;16.12.2020 04:00;39,98
16.12.2020 04:00;16.12.2020 05:00;39,47
16.12.2020 05:00;16.12.2020 06:00;40,97
16.12.2020 06:00;16.12.2020 07:00;46,47
16.12.2020 07:00;16.12.2020 08:00;62,88
16.12.2020 08:00;16.12.2020 09:00;66,66
16.12.2020 09:00;16.12.2020 10:00;59,71
16.12.2020 10:00;16.12.2020 11:00;59,07
16.12.2020 11:00;16.12.2020 12:00;55,48
16.12.2020 12:00;16.12.2020 13:00;56,85
16.12.2020 13:00;16.12.2020 14:00;55,8
16.12.2020 14:00;16.12.2020 15:00;57,04
16.12.2020 15:00;16.12.2020 16:00;57,7
16.12.2020 16:00;16.12.2020 17:00;57,36
16.12.2020 17:00;16.12.2020 18:00;58,38
16.12.2020 18:00;16.12.2020 19:00;53,55
16.12.2020 19:00;16.12.2020 20:00;49,54
16.12.2020 20:00;16.12.2020 21:00;42,36
16.12.2020 21:00;16.12.2020 22:00;41,29
16.12.2020 22:00;16.12.2020 23:00;41,94
16.12.2020 23:00;17.12.2020 00:00;33,28
17.12.2020 00:00;17.12.2020 01:00;35,47
17.12.2020 01:00;17.12.2020 02:00;34,04
17.12.2020 02:00;17.12.2020 03:00;33,56
17.12.2020 03:00;17.12.2020 04:00;33,51
17.12.2020 04:00;17.12.2020 05:00;33,6
17.12.2020 05:00;17.12.2020 06:00;35,95
17.12.2020 06:00;17.12.2020 07:00;38,74
17.12.2020 07:00;17.12.2020 08:00;50,83
17.12.2020 08:00;17.12.2020 09:00;52,87
17.12.2020 09:00;17.12.2020 10:00;48,04
17.12.2020 10:00;17.12.2020 11:00;45,0
17.12.2020 11:00;17.12.2020 12:00;43,25
17.12.2020 12:00;17.12.2020 13:00;42,33
17.12.2020 13:00;17.12.2020 14:00;42,1
17.12.2020 14:00;17.12.2020 15:00;45,1
17.12.2020 15:00;17.12.2020 16:00;54,38
17.12.2020 16:00;17.12.2020 17:00;54,98
17.12.2020 17:00;17.12.2020 18:00;63,97
17.12.2020 18:00;17.12.2020 19:00;53,37
17.12.2020 19:00;17.12.2020 20:00;53,9
17.12.2020 20:00;17.12.2020 21:00;45,9
17.12.2020 21:00;17.12.2020 22:00;45,04
17.12.2020 22:00;17.12.2020 23:00;45,1
17.12.2020 23:00;18.12.2020 00:00;38,96
18.12.2020 00:00;18.12.2020 01:00;40,0
18.12.2020 01:00;18.12.2020 02:00;36,7
18.12.2020 02:00;18.12.2020 03:00;36,58
18.12.2020 03:00;18.12.2020 04:00;35,77
18.12.2020 04:00;18.12.2020 05:00;35,12
18.12.2020 05:00;18.12.2020 06:00;35,83
18.12.2020 06:00;18.12.2020 07:00;40,07
18.12.2020 07:00;18.12.2020 08:00;50,75
18.12.2020 08:00;18.12.2020 09:00;57,24
18.12.2020 09:00;18.12.2020 10:00;51,63
18.12.2020 10:00;18.12.2020 11:00;48,55
18.12.2020 11:00;18.12.2020 12:00;46,68
18.12.2020 12:00;18.12.2020 13:00;40,75
18.12.2020 13:00;18.12.2020 14:00;39,63
18.12.2020 14:00;18.12.2020 15:00;46,55
18.12.2020 15:00;18.12.2020 16:00;48,29
18.12.2020 16:00;18.12.2020 17:00;49,04
18.12.2020 17:00;18.12.2020 18:00;50,98
18.12.2020 18:00;18.12.2020 19:00;42,4
18.12.2020 19:00;18.12.2020 20:00;42,17
18.12.2020 20:00;18.12.2020 21:00;41,54
18.12.2020 21:00;18.12.2020 22:00;38,29
18.12.2020 22:00;18.12.2020 23:00;35,23
18.12.2020 23:00;19.12.2020 00:00;30,46
19.12.2020 00:00;19.12.2020 01:00;34,62
19.12.2020 01:00;19.12.2020 02:00;34,06
19.12.2020 02:00;19.12.2020 03:00;32,32
19.12.2020 03:00;19.12.2020 04:00;28,2
19.12.2020 04:00;19.12.2020 05:00;24,8
19.12.2020 05:00;19.12.2020 06:00;26,27
19.12.2020 06:00;19.12.2020 07:00;22,97
19.12.2020 07:00;19.12.2020 08:00;26,06
19.12.2020 08:00;19.12.2020 09:00;30,17
19.12.2020 09:00;19.12.2020 10:00;34,31
19.12.2020 10:00;19.12.2020 11:00;31,11
19.12.2020 11:00;19.12.2020 12:00;33,32
19.12.2020 12:00;19.12.2020 13:00;34,14
19.12.2020 13:00;19.12.2020 14:00;31,24
19.12.2020 14:00;19.12.2020 15:00;30,77
19.12.2020 15:00;19.12.2020 16:00;34,18
19.12.2020 16:00;19.12.2020 17:00;38,67
19.12.2020 17:00;19.12.2020 18:00;39,25
19.12.2020 18:00;19.12.2020 19:00;44,43
19.12.2020 19:00;19.12.2020 20:00;39,28
19.12.2020 20:00;19.12.2020 21:00;31,35
19.12.2020 21:00;19.12.2020 22:00;30,76
19.12.2020 22:00;19.12.2020 23:00;34,14
19.12.2020 23:00;20.12.2020 00:00;34,01
20.12.2020 00:00;20.12.2020 01:00;30,58
20.12.2020 01:00;20.12.2020 02:00;31,73
20.12.2020 02:00;20.12.2020 03:00;34,08
20.12.2020 03:00;20.12.2020 04:00;29,96
20.12.2020 04:00;20.12.2020 05:00;29,85
20.12.2020 05:00;20.12.2020 06:00;29,73
20.12.2020 06:00;20.12.2020 07:00;32,14
20.12.2020 07:00;20.12.2020 08:00;31,99
20.12.2020 08:00;20.12.2020 09:00;36,98
20.12.2020 09:00;20.12.2020 10:00;45,19
20.12.2020 10:00;20.12.2020 11:00;43,49
20.12.2020 11:00;20.12.2020 12:00;43,95
20.12.2020 12:00;20.12.2020 13:00;48,29
20.12.2020 13:00;20.12.2020 14:00;45,1
20.12.2020 14:00;20.12.2020 15:00;42,9
20.12.2020 15:00;20.12.2020 16:00;42,68
20.12.2020 16:00;20.12.2020 17:00;44,91
20.12.2020 17:00;20.12.2020 18:00;50,3
20.12.2020 18:00;20.12.2020 19:00;52,14
20.12.2020 19:00;20.12.2020 20:00;46,09
20.12.2020 20:00;20.12.2020 21:00;45,24
20.12.2020 21:00;20.12.2020 22:00;40,13
20.12.2020 22:00;20.12.2020 23:00;44,64
20.12.2020 23:00;21.12.2020 00:00;38,01
21.12.2020 00:00;21.12.2020 01:00;39,3
21.12.2020 01:00;21.12.2020 02:00;34,8
21.12.2020 02:00;21.12.2020 03:00;33,65
21.12.2020 03:00;21.12.2020 04:00;32,93
21.12.2020 04:00;21.12.2020 05:00;33,65
21.12.2020 05:00;21.12.2020 06:00;37,98
21.12.2020 06:00;21.12.2020 07:00;44,26
21.12.2020 07:00;21.12.2020 08:00;50,46
21.12.2020 08:00;21.12.2020 09:00;55,14
21.12.2020 09:00;21.12.2020 10:00;53,68
21.12.2020 10:00;21.12.2020 11:00;53,68
21.12.2020 11:00;21.12.2020 12:00;53,16
21.12.2020 12:00;21.12.2020 13:00;55,5
21.12.2020 13:00;21.12.2020 14:00;52,26
21.12.2020 14:00;21.12.2020 15:00;49,05
21.12.2020 15:00;21.12.2020 16:00;45,48
21.12.2020 16:00;21.12.2020 17:00;44,7
21.12.2020 17:00;21.12.2020 18:00;44,91
21.12.2020 18:00;21.12.2020 19:00;37,54
21.12.2020 19:00;21.12.2020 20:00;30,72
21.12.2020 20:00;21.12.2020 21:00;19,94
21.12.2020 21:00;21.12.2020 22:00;14,69
21.12.2020 22:00;21.12.2020 23:00;13,3
21.12.2020 23:00;22.12.2020 00:00;0,03
22.12.2020 00:00;22.12.2020 01:00;1,49
22.12.2020 01:00;22.12.2020 02:00;-0,02
22.12.2020 02:00;22.12.2020 03:00;-7,51
22.12.2020 03:00;22.12.2020 04:00;-9,8
22.12.2020 04:00;22.12.2020 05:00;-7,22
22.12.2020 05:00;22.12.2020 06:00;-1,13
22.12.2020 06:00;22.12.2020 07:00;1,34
22.12.2020 07:00;22.12.2020 08:00;27,25
22.12.2020 08:00;22.12.2020 09:00;29,99
22.12.2020 09:00;22.12.2020 10:00;32,27
22.12.2020 10:00;22.12.2020 11:00;27,95
22.12.2020 11:00;22.12.2020 12:00;33,22
22.12.2020 12:00;22.12.2020 13:00;34,27
22.12.2020 13:00;22.12.2020 14:00;34,11
22.12.2020 14:00;22.12.2020 15:00;36,26
22.12.2020 15:00;22.12.2020 16:00;44,95
22.12.2020 16:00;22.12.2020 17:00;49,05
22.12.2020 17:00;22.12.2020 18:00;55,91
22.12.2020 18:00;22.12.2020 19:00;54,15
22.12.2020 19:00;22.12.2020 20:00;53,9
22.12.2020 20:00;22.12.2020 21:00;47,87
22.12.2020 21:00;22.12.2020 22:00;42,28
22.12.2020 22:00;22.12.2020 23:00;43,98
22.12.2020 23:00;23.12.2020 00:00;40,0
23.12.2020 00:00;23.12.2020 01:00;38,6
23.12.2020 01:00;23.12.2020 02:00;34,2
23.12.2020 02:00;23.12.2020 03:00;33,57
23.12.2020 03:00;23.12.2020 04:00;33,55
23.12.2020 04:00;23.12.2020 05:00;35,36
23.12.2020 05:00;23.12.2020 06:00;39,76
23.12.2020 06:00;23.12.2020 07:00;43,9
23.12.2020 07:00;23.12.2020 08:00;46,72
23.12.2020 08:00;23.12.2020 09:00;52,94
23.12.2020 09:00;23.12.2020 10:00;53,14
23.12.2020 10:00;23.12.2020 11:00;54,0
23.12.2020 11:00;23.12.2020 12:00;55,93
23.12.2020 12:00;23.12.2020 13:00;56,0
23.12.2020 13:00;23.12.2020 14:00;54,51
23.12.2020 14:00;23.12.2020 15:00;49,97
23.12.2020 15:00;23.12.2020 16:00;46,92
23.12.2020 16:00;23.12.2020 17:00;46,75
23.12.2020 17:00;23.12.2020 18:00;52,08
23.12.2020 18:00;23.12.2020 19:00;51,13
23.12.2020 19:00;23.12.2020 20:00;44,82
23.12.2020 20:00;23.12.2020 21:00;40,25
23.12.2020 21:00;23.12.2020 22:00;33,15
23.12.2020 22:00;23.12.2020 23:00;30,39
23.12.2020 23:00;24.12.2020 00:00;25,85
24.12.2020 00:00;24.12.2020 01:00;1,59
24.12.2020 01:00;24.12.2020 02:00;4,57
24.12.2020 02:00;24.12.2020 03:00;4,41
24.12.2020 03:00;24.12.2020 04:00;-0,04
24.12.2020 04:00;24.12.2020 05:00;1,5
24.12.2020 05:00;24.12.2020 06:00;9,39
24.12.2020 06:00;24.12.2020 07:00;4,41
24.12.2020 07:00;24.12.2020 08:00;16,79
24.12.2020 08:00;24.12.2020 09:00;19,9
24.12.2020 09:00;24.12.2020 10:00;30,28
24.12.2020 10:00;24.12.2020 11:00;33,89
24.12.2020 11:00;24.12.2020 12:00;35,93
24.12.2020 12:00;24.12.2020 13:00;38,22
24.12.2020 13:00;24.12.2020 14:00;36,88
24.12.2020 14:00;24.12.2020 15:00;33,88
24.12.2020 15:00;24.12.2020 16:00;36,19
24.12.2020 16:00;24.12.2020 17:00;38,4
24.12.2020 17:00;24.12.2020 18:00;38,8
24.12.2020 18:00;24.12.2020 19:00;36,32
24.12.2020 19:00;24.12.2020 20:00;33,36
24.12.2020 20:00;24.12.2020 21:00;32,86
24.12.2020 21:00;24.12.2020 22:00;33,1
24.12.2020 22:00;24.12.2020 23:00;33,32
24.12.2020 23:00;25.12.2020 00:00;29,93
25.12.2020 00:00;25.12.2020 01:00;29,9
25.12.2020 01:00;25.12.2020 02:00;22,61
25.12.2020 02:00;25.12.2020 03:00;16,0
25.12.2020 03:00;25.12.2020 04:00;12,57
25.12.2020 04:00;25.12.2020 05:00;12,94
25.12.2020 05:00;25.12.2020 06:00;13,86
25.12.2020 06:00;25.12.2020 07:00;13,02
25.12.2020 07:00;25.12.2020 08:00;14,71
25.12.2020 08:00;25.12.2020 09:00;26,55
25.12.2020 09:00;25.12.2020 10:00;34,06
25.12.2020 10:00;25.12.2020 11:00;39,65
25.12.2020 11:00;25.12.2020 12:00;45,38
25.12.2020 12:00;25.12.2020 13:00;43,31
25.12.2020 13:00;25.12.2020 14:00;38,71
25.12.2020 14:00;25.12.2020 15:00;40,98
25.12.2020 15:00;25.12.2020 16:00;44,92
25.12.2020 16:00;25.12.2020 17:00;49,38
25.12.2020 17:00;25.12.2020 18:00;51,73
25.12.2020 18:00;25.12.2020 19:00;50,87
25.12.2020 19:00;25.12.2020 20:00;49,74
25.12.2020 20:00;25.12.2020 21:00;47,08
25.12.2020 21:00;25.12.2020 22:00;47,4
25.12.2020 22:00;25.12.2020 23:00;47,9
25.12.2020 23:00;26.12.2020 00:00;44,92
26.12.2020 00:00;26.12.2020 01:00;39,8
26.12.2020 01:00;26.12.2020 02:00;30,25
26.12.2020 02:00;26.12.2020 03:00;26,71
26.12.2020 03:00;26.12.2020 04:00;19,97
26.12.2020 04:00;26.12.2020 05:00;17,18
26.12.2020 05:00;26.12.2020 06:00;17,36
26.12.2020 06:00;26.12.2020 07:00;17,84
26.12.2020 07:00;26.12.2020 08:00;21,79
26.12.2020 08:00;26.12.2020 09:00;27,36
26.12.2020 09:00;26.12.2020 10:00;30,9
26.12.2020 10:00;26.12.2020 11:00;27,96
26.12.2020 11:00;26.12.2020 12:00;30,87
26.12.2020 12:00;26.12.2020 13:00;25,49
26.12.2020 13:00;26.12.2020 14:00;20,06
26.12.2020 14:00;26.12.2020 15:00;18,03
26.12.2020 15:00;26.12.2020 16:00;18,68
26.12.2020 16:00;26.12.2020 17:00;19,73
26.12.2020 17:00;26.12.2020 18:00;19,22
26.12.2020 18:00;26.12.2020 19:00;16,82
26.12.2020 19:00;26.12.2020 20:00;14,37
26.12.2020 20:00;26.12.2020 21:00;9,25
26.12.2020 21:00;26.12.2020 22:00;0,03
26.12.2020 22:00;26.12.2020 23:00;0,02
26.12.2020 23:00;27.12.2020 00:00;-10,08
27.12.2020 00:00;27.12.2020 01:00;-6,87
27.12.2020 01:00;27.12.2020 02:00;-12,45
27.12.2020 02:00;27.12.2020 03:00;-13,38
27.12.2020 03:00;27.12.2020 04:00;-19,09
27.12.2020 04:00;27.12.2020 05:00;-17,6
27.12.2020 05:00;27.12.2020 06:00;-22,16
27.12.2020 06:00;27.12.2020 07:00;-33,58
27.12.2020 07:00;27.12.2020 08:00;-29,9
27.12.2020 08:00;27.12.2020 09:00;-19,79
27.12.2020 09:00;27.12.2020 10:00;-13,3
27.12.2020 10:00;27.12.2020 11:00;-19,84
27.12.2020 11:00;27.12.2020 12:00;-12,1
27.12.2020 12:00;27.12.2020 13:00;-26,68
27.12.2020 13:00;27.12.2020 14:00;-30,0
27.12.2020 14:00;27.12.2020 15:00;-33,06
27.12.2020 15:00;27.12.2020 16:00;-29,96
27.12.2020 16:00;27.12.2020 17:00;-7,77
27.12.2020 17:00;27.12.2020 18:00;-0,58
27.12.2020 18:00;27.12.2020 19:00;0,06
27.12.2020 19:00;27.12.2020 20:00;0,08
27.12.2020 20:00;27.12.2020 21:00;0,1
27.12.2020 21:00;27.12.2020 22:00;8,98
27.12.2020 22:00;27.12.2020 23:00;10,11
27.12.2020 23:00;28.12.2020 00:00;5,91
28.12.2020 00:00;28.12.2020 01:00;4,5
28.12.2020 01:00;28.12.2020 02:00;2,75
28.12.2020 02:00;28.12.2020 03:00;5,5
28.12.2020 03:00;28.12.2020 04:00;5,91
28.12.2020 04:00;28.12.2020 05:00;9,09
28.12.2020 05:00;28.12.2020 06:00;20,43
28.12.2020 06:00;28.12.2020 07:00;35,1
28.12.2020 07:00;28.12.2020 08:00;45,27
28.12.2020 08:00;28.12.2020 09:00;49,23
28.12.2020 09:00;28.12.2020 10:00;49,59
28.12.2020 10:00;28.12.2020 11:00;51,17
28.12.2020 11:00;28.12.2020 12:00;51,5
28.12.2020 12:00;28.12.2020 13:00;51,96
28.12.2020 13:00;28.12.2020 14:00;50,95
28.12.2020 14:00;28.12.2020 15:00;51,93
28.12.2020 15:00;28.12.2020 16:00;50,6
28.12.2020 16:00;28.12.2020 17:00;52,44
28.12.2020 17:00;28.12.2020 18:00;56,98
28.12.2020 18:00;28.12.2020 19:00;56,95
28.12.2020 19:00;28.12.2020 20:00;55,59
28.12.2020 20:00;28.12.2020 21:00;49,01
28.12.2020 21:00;28.12.2020 22:00;45,6
28.12.2020 22:00;28.12.2020 23:00;46,9
28.12.2020 23:00;29.12.2020 00:00;42,14
29.12.2020 00:00;29.12.2020 01:00;38,8
29.12.2020 01:00;29.12.2020 02:00;39,34
29.12.2020 02:00;29.12.2020 03:00;37,87
29.12.2020 03:00;29.12.2020 04:00;34,27
29.12.2020 04:00;29.12.2020 05:00;34,06
29.12.2020 05:00;29.12.2020 06:00;37,26
29.12.2020 06:00;29.12.2020 07:00;43,3
29.12.2020 07:00;29.12.2020 08:00;49,19
29.12.2020 08:00;29.12.2020 09:00;54,25
29.12.2020 09:00;29.12.2020 10:00;55,34
29.12.2020 10:00;29.12.2020 11:00;51,23
29.12.2020 11:00;29.12.2020 12:00;54,4
29.12.2020 12:00;29.12.2020 13:00;55,0
29.12.2020 13:00;29.12.2020 14:00;52,41
29.12.2020 14:00;29.12.2020 15:00;53,64
29.12.2020 15:00;29.12.2020 16:00;54,58
29.12.2020 16:00;29.12.2020 17:00;54,6
29.12.2020 17:00;29.12.2020 18:00;55,39
29.12.2020 18:00;29.12.2020 19:00;53,13
29.12.2020 19:00;29.12.2020 20:00;50,84
29.12.2020 20:00;29.12.2020 21:00;43,76
29.12.2020 21:00;29.12.2020 22:00;39,34
29.12.2020 22:00;29.12.2020 23:00;37,83
29.12.2020 23:00;30.12.2020 00:00;29,18
30.12.2020 00:00;30.12.2020 01:00;38,05
30.12.2020 01:00;30.12.2020 02:00;36,01
30.12.2020 02:00;30.12.2020 03:00;32,6
30.12.2020 03:00;30.12.2020 04:00;32,01
30.12.2020 04:00;30.12.2020 05:00;32,6
30.12.2020 05:00;30.12.2020 06:00;36,03
30.12.2020 06:00;30.12.2020 07:00;37,51
30.12.2020 07:00;30.12.2020 08:00;47,18
30.12.2020 08:00;30.12.2020 09:00;53,01
30.12.2020 09:00;30.12.2020 10:00;54,0
30.12.2020 10:00;30.12.2020 11:00;53,45
30.12.2020 11:00;30.12.2020 12:00;51,95
30.12.2020 12:00;30.12.2020 13:00;55,63
30.12.2020 13:00;30.12.2020 14:00;54,07
30.12.2020 14:00;30.12.2020 15:00;53,95
30.12.2020 15:00;30.12.2020 16:00;55,61
30.12.2020 16:00;30.12.2020 17:00;56,08
30.12.2020 17:00;30.12.2020 18:00;60,0
30.12.2020 18:00;30.12.2020 19:00;56,32
30.12.2020 19:00;30.12.2020 20:00;53,6
30.12.2020 20:00;30.12.2020 21:00;52,38
30.12.2020 21:00;30.12.2020 22:00;46,88
30.12.2020 22:00;30.12.2020 23:00;43,22
30.12.2020 23:00;31.12.2020 00:00;37,43
31.12.2020 00:00;31.12.2020 01:00;38,54
31.12.2020 01:00;31.12.2020 02:00;35,0
31.12.2020 02:00;31.12.2020 03:00;32,13
31.12.2020 03:00;31.12.2020 04:00;29,24
31.12.2020 04:00;31.12.2020 05:00;31,67
31.12.2020 05:00;31.12.2020 06:00;34,0
31.12.2020 06:00;31.12.2020 07:00;33,85
31.12.2020 07:00;31.12.2020 08:00;37,97
31.12.2020 08:00;31.12.2020 09:00;46,59
31.12.2020 09:00;31.12.2020 10:00;48,19
31.12.2020 10:00;31.12.2020 11:00;43,23
31.12.2020 11:00;31.12.2020 12:00;43,57
31.12.2020 12:00;31.12.2020 13:00;50,52
31.12.2020 13:00;31.12.2020 14:00;52,36
31.12.2020 14:00;31.12.2020 15:00;53,08
31.12.2020 15:00;31.12.2020 16:00;56,54
31.12.2020 16:00;31.12.2020 17:00;59,2
31.12.2020 17:00;31.12.2020 18:00;61,34
31.12.2020 18:00;31.12.2020 19:00;61,08
31.12.2020 19:00;31.12.2020 20:00;59,47
31.12.2020 20:00;31.12.2020 21:00;56,7
31.12.2020 21:00;31.12.2020 22:00;52,44
31.12.2020 22:00;31.12.2020 23:00;51,86
31.12.2020 23:00;01.01.2021 00:00;52,26
01.01.2021 00:00;01.01.2021 01:00;50,87
01.01.2021 01:00;01.01.2021 02:00;48,19
01.01.2021 02:00;01.01.2021 03:00;44,68
01.01.2021 03:00;01.01.2021 04:00;42,92
01.01.2021 04:00;01.01.2021 05:00;40,39
01.01.2021 05:00;01.01.2021 06:00;40,2
01.01.2021 06:00;01.01.2021 07:00;39,63
01.01.2021 07:00;01.01.2021 08:00;40,09
01.01.2021 08:00;01.01.2021 09:00;41,27
01.01.2021 09:00;01.01.2021 10:00;44,88
01.01.2021 10:00;01.01.2021 11:00;45,0
01.01.2021 11:00;01.01.2021 12:00;47,2
01.01.2021 12:00;01.01.2021 13:00;50,78
01.01.2021 13:00;01.01.2021 14:00;45,49
01.01.2021 14:00;01.01.2021 15:00;44,73
01.01.2021 15:00;01.01.2021 16:00;46,59
01.01.2021 16:00;01.01.2021 17:00;52,99
01.01.2021 17:00;01.01.2021 18:00;60,26
01.01.2021 18:00;01.01.2021 19:00;60,61
01.01.2021 19:00;01.01.2021 20:00;60,36
01.01.2021 20:00;01.01.2021 21:00;57,4
01.01.2021 21:00;01.01.2021 22:00;53,86
01.01.2021 22:00;01.01.2021 23:00;53,45
01.01.2021 23:00;02.01.2021 00:00;49,72
02.01.2021 00:00;02.01.2021 01:00;46,69
02.01.2021 01:00;02.01.2021 02:00;42,43
02.01.2021 02:00;02.01.2021 03:00;41,09
02.01.2021 03:00;02.01.2021 04:00;40,0
02.01.2021 04:00;02.01.2021 05:00;37,55
02.01.2021 05:00;02.01.2021 06:00;39,0
02.01.2021 06:00;02.01.2021 07:00;42,09
02.01.2021 07:00;02.01.2021 08:00;44,96
02.01.2021 08:00;02.01.2021 09:00;48,45
02.01.2021 09:00;02.01.2021 10:00;52,0
02.01.2021 10:00;02.01.2021 11:00;52,0
02.01.2021 11:00;02.01.2021 12:00;52,15
02.01.2021 12:00;02.01.2021 13:00;55,95
02.01.2021 13:00;02.01.2021 14:00;52,0
02.01.2021 14:00;02.01.2021 15:00;50,69
02.01.2021 15:00;02.01.2021 16:00;53,45
02.01.2021 16:00;02.01.2021 17:00;59,99
02.01.2021 17:00;02.01.2021 18:00;62,0
02.01.2021 18:00;02.01.2021 19:00;63,08
02.01.2021 19:00;02.01.2021 20:00;62,17
02.01.2021 20:00;02.01.2021 21:00;60,03
02.01.2021 21:00;02.01.2021 22:00;55,03
02.01.2021 22:00;02.01.2021 23:00;52,25
02.01.2021 23:00;03.01.2021 00:00;48,45
03.01.2021 00:00;03.01.2021 01:00;46,11
03.01.2021 01:00;03.01.2021 02:00;43,0
03.01.2021 02:00;03.01.2021 03:00;39,55
03.01.2021 03:00;03.01.2021 04:00;35,18
03.01.2021 04:00;03.01.2021 05:00;33,45
03.01.2021 05:00;03.01.2021 06:00;32,37
03.01.2021 06:00;03.01.2021 07:00;31,7
03.01.2021 07:00;03.01.2021 08:00;32,63
03.01.2021 08:00;03.01.2021 09:00;36,9
03.01.2021 09:00;03.01.2021 10:00;36,96
03.01.2021 10:00;03.01.2021 11:00;36,96
03.01.2021 11:00;03.01.2021 12:00;43,72
03.01.2021 12:00;03.01.2021 13:00;47,71
03.01.2021 13:00;03.01.2021 14:00;40,41
03.01.2021 14:00;03.01.2021 15:00;39,66
03.01.2021 15:00;03.01.2021 16:00;39,57
03.01.2021 16:00;03.01.2021 17:00;36,11
03.01.2021 17:00;03.01.2021 18:00;45,04
03.01.2021 18:00;03.01.2021 19:00;52,56
03.01.2021 19:00;03.01.2021 20:00;45,84
03.01.2021 20:00;03.01.2021 21:00;35,83
03.01.2021 21:00;03.01.2021 22:00;33,31
03.01.2021 22:00;03.01.2021 23:00;34,98
03.01.2021 23:00;04.01.2021 00:00;27,39
04.01.2021 00:00;04.01.2021 01:00;29,33
04.01.2021 01:00;04.01.2021 02:00;24,82
04.01.2021 02:00;04.01.2021 03:00;24,65
04.01.2021 03:00;04.01.2021 04:00;24,8
04.01.2021 04:00;04.01.2021 05:00;27,71
04.01.2021 05:00;04.01.2021 06:00;28,58
04.01.2021 06:00;04.01.2021 07:00;37,04
04.01.2021 07:00;04.01.2021 08:00;52,03
04.01.2021 08:00;04.01.2021 09:00;55,76
04.01.2021 09:00;04.01.2021 10:00;57,06
04.01.2021 10:00;04.01.2021 11:00;57,18
04.01.2021 11:00;04.01.2021 12:00;60,0
04.01.2021 12:00;04.01.2021 13:00;61,27
04.01.2021 13:00;04.01.2021 14:00;60,28
04.01.2021 14:00;04.01.2021 15:00;60,07
04.01.2021 15:00;04.01.2021 16:00;59,46
04.01.2021 16:00;04.01.2021 17:00;61,99
04.01.2021 17:00;04.01.2021 18:00;66,82
04.01.2021 18:00;04.01.2021 19:00;61,97
04.01.2021 19:00;04.01.2021 20:00;55,06
04.01.2021 20:00;04.01.2021 21:00;47,34
04.01.2021 21:00;04.01.2021 22:00;45,64
04.01.2021 22:00;04.01.2021 23:00;48,93
04.01.2021 23:00;05.01.2021 00:00;44,64
05.01.2021 00:00;05.01.2021 01:00;37,54
05.01.2021 01:00;05.01.2021 02:00;40,07
05.01.2021 02:00;05.01.2021 03:00;39,81
05.01.2021 03:00;05.01.2021 04:00;39,65
05.01.2021 04:00;05.01.2021 05:00;40,2
05.01.2021 05:00;05.01.2021 06:00;44,26
05.01.2021 06:00;05.01.2021 07:00;47,06
05.01.2021 07:00;05.01.2021 08:00;54,96
05.01.2021 08:00;05.01.2021 09:00;63,67
05.01.2021 09:00;05.01.2021 10:00;64,73
05.01.2021 10:00;05.01.2021 11:00;66,07
05.01.2021 11:00;05.01.2021 12:00;65,97
05.01.2021 12:00;05.01.2021 13:00;65,46
05.01.2021 13:00;05.01.2021 14:00;63,82
05.01.2021 14:00;05.01.2021 15:00;63,87
05.01.2021 15:00;05.01.2021 16:00;64,05
05.01.2021 16:00;05.01.2021 17:00;64,26
05.01.2021 17:00;05.01.2021 18:00;67,14
05.01.2021 18:00;05.01.2021 19:00;61,61
05.01.2021 19:00;05.01.2021 20:00;59,16
05.01.2021 20:00;05.01.2021 21:00;59,26
05.01.2021 21:00;05.01.2021 22:00;53,62
05.01.2021 22:00;05.01.2021 23:00;53,86
05.01.2021 23:00;06.01.2021 00:00;47,99
06.01.2021 00:00;06.01.2021 01:00;44,41
06.01.2021 01:00;06.01.2021 02:00;42,94
06.01.2021 02:00;06.01.2021 03:00;42,88
06.01.2021 03:00;06.01.2021 04:00;42,15
06.01.2021 04:00;06.01.2021 05:00;43,23
06.01.2021 05:00;06.01.2021 06:00;44,56
06.01.2021 06:00;06.01.2021 07:00;47,4
06.01.2021 07:00;06.01.2021 08:00;44,05
06.01.2021 08:00;06.01.2021 09:00;53,41
06.01.2021 09:00;06.01.2021 10:00;54,8
06.01.2021 10:00;06.01.2021 11:00;53,94
06.01.2021 11:00;06.01.2021 12:00;58,3
06.01.2021 12:00;06.01.2021 13:00;61,43
06.01.2021 13:00;06.01.2021 14:00;61,92
06.01.2021 14:00;06.01.2021 15:00;57,0
06.01.2021 15:00;06.01.2021 16:00;57,53
06.01.2021 16:00;06.01.2021 17:00;61,68
06.01.2021 17:00;06.01.2021 18:00;61,84
06.01.2021 18:00;06.01.2021 19:00;57,46
06.01.2021 19:00;06.01.2021 20:00;58,06
06.01.2021 20:00;06.01.2021 21:00;59,97
06.01.2021 21:00;06.01.2021 22:00;52,95
06.01.2021 22:00;06.01.2021 23:00;52,95
06.01.2021 23:00;07.01.2021 00:00;49,53
07.01.2021 00:00;07.01.2021 01:00;51,03
07.01.2021 01:00;07.01.2021 02:00;50,18
07.01.2021 02:00;07.01.2021 03:00;48,97
07.01.2021 03:00;07.01.2021 04:00;46,72
07.01.2021 04:00;07.01.2021 05:00;46,87
07.01.2021 05:00;07.01.2021 06:00;50,08
07.01.2021 06:00;07.01.2021 07:00;57,34
07.01.2021 07:00;07.01.2021 08:00;67,8
07.01.2021 08:00;07.01.2021 09:00;86,51
07.01.2021 09:00;07.01.2021 10:00;86,54
07.01.2021 10:00;07.01.2021 11:00;85,08
07.01.2021 11:00;07.01.2021 12:00;88,74
07.01.2021 12:00;07.01.2021 13:00;88,76
07.01.2021 13:00;07.01.2021 14:00;84,31
07.01.2021 14:00;07.01.2021 15:00;80,4
07.01.2021 15:00;07.01.2021 16:00;83,57
07.01.2021 16:00;07.01.2021 17:00;89,68
07.01.2021 17:00;07.01.2021 18:00;100,0
07.01.2021 18:00;07.01.2021 19:00;90,43
07.01.2021 19:00;07.01.2021 20:00;80,28
07.01.2021 20:00;07.01.2021 21:00;66,8
07.01.2021 21:00;07.01.2021 22:00;60,22
07.01.2021 22:00;07.01.2021 23:00;59,69
07.01.2021 23:00;08.01.2021 00:00;52,25
08.01.2021 00:00;08.01.2021 01:00;50,53
08.01.2021 01:00;08.01.2021 02:00;48,43
08.01.2021 02:00;08.01.2021 03:00;47,24
08.01.2021 03:00;08.01.2021 04:00;45,61
08.01.2021 04:00;08.01.2021 05:00;46,81
08.01.2021 05:00;08.01.2021 06:00;51,57
08.01.2021 06:00;08.01.2021 07:00;60,67
08.01.2021 07:00;08.01.2021 08:00;79,56
08.01.2021 08:00;08.01.2021 09:00;103,54
08.01.2021 09:00;08.01.2021 10:00;110,45
08.01.2021 10:00;08.01.2021 11:00;109,96
08.01.2021 11:00;08.01.2021 12:00;106,82
08.01.2021 12:00;08.01.2021 13:00;102,37
08.01.2021 13:00;08.01.2021 14:00;97,61
08.01.2021 14:00;08.01.2021 15:00;95,0
08.01.2021 15:00;08.01.2021 16:00;95,42
08.01.2021 16:00;08.01.2021 17:00;95,0
08.01.2021 17:00;08.01.2021 18:00;110,0
08.01.2021 18:00;08.01.2021 19:00;102,41
08.01.2021 19:00;08.01.2021 20:00;88,05
08.01.2021 20:00;08.01.2021 21:00;64,24
08.01.2021 21:00;08.01.2021 22:00;59,43
08.01.2021 22:00;08.01.2021 23:00;57,6
08.01.2021 23:00;09.01.2021 00:00;51,75
09.01.2021 00:00;09.01.2021 01:00;54,73
09.01.2021 01:00;09.01.2021 02:00;52,39
09.01.2021 02:00;09.01.2021 03:00;51,67
09.01.2021 03:00;09.01.2021 04:00;50,88
09.01.2021 04:00;09.01.2021 05:00;50,02
09.01.2021 05:00;09.01.2021 06:00;49,1
09.01.2021 06:00;09.01.2021 07:00;49,57
09.01.2021 07:00;09.01.2021 08:00;53,82
09.01.2021 08:00;09.01.2021 09:00;59,8
09.01.2021 09:00;09.01.2021 10:00;66,92
09.01.2021 10:00;09.01.2021 11:00;67,71
09.01.2021 11:00;09.01.2021 12:00;68,0
09.01.2021 12:00;09.01.2021 13:00;67,01
09.01.2021 13:00;09.01.2021 14:00;62,53
09.01.2021 14:00;09.01.2021 15:00;60,0
09.01.2021 15:00;09.01.2021 16:00;60,0
09.01.2021 16:00;09.01.2021 17:00;62,78
09.01.2021 17:00;09.01.2021 18:00;69,92
09.01.2021 18:00;09.01.2021 19:00;71,99
09.01.2021 19:00;09.01.2021 20:00;68,95
09.01.2021 20:00;09.01.2021 21:00;62,66
09.01.2021 21:00;09.01.2021 22:00;56,54
09.01.2021 22:00;09.01.2021 23:00;55,81
09.01.2021 23:00;10.01.2021 00:00;50,85
10.01.2021 00:00;10.01.2021 01:00;54,65
10.01.2021 01:00;10.01.2021 02:00;51,79
10.01.2021 02:00;10.01.2021 03:00;50,58
10.01.2021 03:00;10.01.2021 04:00;47,98
10.01.2021 04:00;10.01.2021 05:00;47,6
10.01.2021 05:00;10.01.2021 06:00;47,59
10.01.2021 06:00;10.01.2021 07:00;42,09
10.01.2021 07:00;10.01.2021 08:00;44,56
10.01.2021 08:00;10.01.2021 09:00;49,46
10.01.2021 09:00;10.01.2021 10:00;54,96
10.01.2021 10:00;10.01.2021 11:00;53,63
10.01.2021 11:00;10.01.2021 12:00;55,57
10.01.2021 12:00;10.01.2021 13:00;54,17
10.01.2021 13:00;10.01.2021 14:00;52,62
10.01.2021 14:00;10.01.2021 15:00;53,18
10.01.2021 15:00;10.01.2021 16:00;54,85
10.01.2021 16:00;10.01.2021 17:00;56,52
10.01.2021 17:00;10.01.2021 18:00;62,09
10.01.2021 18:00;10.01.2021 19:00;63,41
10.01.2021 19:00;10.01.2021 20:00;56,39
10.01.2021 20:00;10.01.2021 21:00;55,64
10.01.2021 21:00;10.01.2021 22:00;53,33
10.01.2021 22:00;10.01.2021 23:00;52,05
10.01.2021 23:00;11.01.2021 00:00;37,24
11.01.2021 00:00;11.01.2021 01:00;44,9
11.01.2021 01:00;11.01.2021 02:00;44,74
11.01.2021 02:00;11.01.2021 03:00;45,06
11.01.2021 03:00;11.01.2021 04:00;44,07
11.01.2021 04:00;11.01.2021 05:00;44,53
11.01.2021 05:00;11.01.2021 06:00;42,74
11.01.2021 06:00;11.01.2021 07:00;54,62
11.01.2021 07:00;11.01.2021 08:00;67,11
11.01.2021 08:00;11.01.2021 09:00;70,59
11.01.2021 09:00;11.01.2021 10:00;58,32
11.01.2021 10:00;11.01.2021 11:00;55,89
11.01.2021 11:00;11.01.2021 12:00;54,49
11.01.2021 12:00;11.01.2021 13:00;53,35
11.01.2021 13:00;11.01.2021 14:00;48,39
11.01.2021 14:00;11.01.2021 15:00;49,57
11.01.2021 15:00;11.01.2021 16:00;50,96
11.01.2021 16:00;11.01.2021 17:00;49,12
11.01.2021 17:00;11.01.2021 18:00;53,44
11.01.2021 18:00;11.01.2021 19:00;47,94
11.01.2021 19:00;11.01.2021 20:00;42,16
11.01.2021 20:00;11.01.2021 21:00;38,03
11.01.2021 21:00;11.01.2021 22:00;34,24
11.01.2021 22:00;11.01.2021 23:00;34,01
11.01.2021 23:00;12.01.2021 00:00;27,39
12.01.2021 00:00;12.01.2021 01:00;18,96
12.01.2021 01:00;12.01.2021 02:00;15,82
12.01.2021 02:00;12.01.2021 03:00;19,0
12.01.2021 03:00;12.01.2021 04:00;24,14
12.01.2021 04:00;12.01.2021 05:00;27,0
12.01.2021 05:00;12.01.2021 06:00;35,94
12.01.2021 06:00;12.01.2021 07:00;40,96
12.01.2021 07:00;12.01.2021 08:00;54,51
12.01.2021 08:00;12.01.2021 09:00;60,64
12.01.2021 09:00;12.01.2021 10:00;54,96
12.01.2021 10:00;12.01.2021 11:00;56,5
12.01.2021 11:00;12.01.2021 12:00;57,88
12.01.2021 12:00;12.01.2021 13:00;59,64
12.01.2021 13:00;12.01.2021 14:00;54,94
12.01.2021 14:00;12.01.2021 15:00;51,55
12.01.2021 15:00;12.01.2021 16:00;55,56
12.01.2021 16:00;12.01.2021 17:00;63,01
12.01.2021 17:00;12.01.2021 18:00;64,6
12.01.2021 18:00;12.01.2021 19:00;61,89
12.01.2021 19:00;12.01.2021 20:00;54,9
12.01.2021 20:00;12.01.2021 21:00;53,25
12.01.2021 21:00;12.01.2021 22:00;44,84
12.01.2021 22:00;12.01.2021 23:00;38,68
12.01.2021 23:00;13.01.2021 00:00;37,24
13.01.2021 00:00;13.01.2021 01:00;34,59
13.01.2021 01:00;13.01.2021 02:00;33,47
13.01.2021 02:00;13.01.2021 03:00;32,36
13.01.2021 03:00;13.01.2021 04:00;30,84
13.01.2021 04:00;13.01.2021 05:00;31,68
13.01.2021 05:00;13.01.2021 06:00;36,81
13.01.2021 06:00;13.01.2021 07:00;41,87
13.01.2021 07:00;13.01.2021 08:00;46,21
13.01.2021 08:00;13.01.2021 09:00;56,14
13.01.2021 09:00;13.01.2021 10:00;47,71
13.01.2021 10:00;13.01.2021 11:00;46,23
13.01.2021 11:00;13.01.2021 12:00;43,82
13.01.2021 12:00;13.01.2021 13:00;41,22
13.01.2021 13:00;13.01.2021 14:00;40,04
13.01.2021 14:00;13.01.2021 15:00;39,47
13.01.2021 15:00;13.01.2021 16:00;41,17
13.01.2021 16:00;13.01.2021 17:00;45,91
13.01.2021 17:00;13.01.2021 18:00;55,49
13.01.2021 18:00;13.01.2021 19:00;54,51
13.01.2021 19:00;13.01.2021 20:00;49,28
13.01.2021 20:00;13.01.2021 21:00;48,65
13.01.2021 21:00;13.01.2021 22:00;41,89
13.01.2021 22:00;13.01.2021 23:00;41,0
13.01.2021 23:00;14.01.2021 00:00;38,97
14.01.2021 00:00;14.01.2021 01:00;37,3
14.01.2021 01:00;14.01.2021 02:00;36,91
14.01.2021 02:00;14.01.2021 03:00;36,98
14.01.2021 03:00;14.01.2021 04:00;39,82
14.01.2021 04:00;14.01.2021 05:00;43,2
14.01.2021 05:00;14.01.2021 06:00;46,45
14.01.2021 06:00;14.01.2021 07:00;60,04
14.01.2021 07:00;14.01.2021 08:00;79,9
14.01.2021 08:00;14.01.2021 09:00;88,82
14.01.2021 09:00;14.01.2021 10:00;89,27
14.01.2021 10:00;14.01.2021 11:00;89,63
14.01.2021 11:00;14.01.2021 12:00;91,05
14.01.2021 12:00;14.01.2021 13:00;88,75
14.01.2021 13:00;14.01.2021 14:00;87,1
14.01.2021 14:00;14.01.2021 15:00;83,98
14.01.2021 15:00;14.01.2021 16:00;79,96
14.01.2021 16:00;14.01.2021 17:00;83,42
14.01.2021 17:00;14.01.2021 18:00;100,67
14.01.2021 18:00;14.01.2021 19:00;90,16
14.01.2021 19:00;14.01.2021 20:00;87,7
14.01.2021 20:00;14.01.2021 21:00;74,58
14.01.2021 21:00;14.01.2021 22:00;62,74
14.01.2021 22:00;14.01.2021 23:00;59,82
14.01.2021 23:00;15.01.2021 00:00;55,6
15.01.2021 00:00;15.01.2021 01:00;48,98
15.01.2021 01:00;15.01.2021 02:00;48,66
15.01.2021 02:00;15.01.2021 03:00;47,7
15.01.2021 03:00;15.01.2021 04:00;46,6
15.01.2021 04:00;15.01.2021 05:00;48,0
15.01.2021 05:00;15.01.2021 06:00;51,52
15.01.2021 06:00;15.01.2021 07:00;62,97
15.01.2021 07:00;15.01.2021 08:00;77,94
15.01.2021 08:00;15.01.2021 09:00;94,07
15.01.2021 09:00;15.01.2021 10:00;97,76
15.01.2021 10:00;15.01.2021 11:00;90,69
15.01.2021 11:00;15.01.2021 12:00;86,97
15.01.2021 12:00;15.01.2021 13:00;79,25
15.01.2021 13:00;15.01.2021 14:00;76,64
15.01.2021 14:00;15.01.2021 15:00;77,14
15.01.2021 15:00;15.01.2021 16:00;76,98
15.01.2021 16:00;15.01.2021 17:00;82,0
15.01.2021 17:00;15.01.2021 18:00;99,5
15.01.2021 18:00;15.01.2021 19:00;98,02
15.01.2021 19:00;15.01.2021 20:00;95,01
15.01.2021 20:00;15.01.2021 21:00;77,2
15.01.2021 21:00;15.01.2021 22:00;67,18
15.01.2021 22:00;15.01.2021 23:00;63,19
15.01.2021 23:00;16.01.2021 00:00;55,42
16.01.2021 00:00;16.01.2021 01:00;58,41
16.01.2021 01:00;16.01.2021 02:00;55,65
16.01.2021 02:00;16.01.2021 03:00;52,16
16.01.2021 03:00;16.01.2021 04:00;51,18
16.01.2021 04:00;16.01.2021 05:00;49,51
16.01.2021 05:00;16.01.2021 06:00;48,52
16.01.2021 06:00;16.01.2021 07:00;48,74
16.01.2021 07:00;16.01.2021 08:00;51,43
16.01.2021 08:00;16.01.2021 09:00;61,16
16.01.2021 09:00;16.01.2021 10:00;64,75
16.01.2021 10:00;16.01.2021 11:00;63,77
16.01.2021 11:00;16.01.2021 12:00;62,13
16.01.2021 12:00;16.01.2021 13:00;55,01
16.01.2021 13:00;16.01.2021 14:00;50,66
16.01.2021 14:00;16.01.2021 15:00;49,48
16.01.2021 15:00;16.01.2021 16:00;50,65
16.01.2021 16:00;16.01.2021 17:00;57,7
16.01.2021 17:00;16.01.2021 18:00;65,01
16.01.2021 18:00;16.01.2021 19:00;66,4
16.01.2021 19:00;16.01.2021 20:00;63,76
16.01.2021 20:00;16.01.2021 21:00;57,47
16.01.2021 21:00;16.01.2021 22:00;52,98
16.01.2021 22:00;16.01.2021 23:00;53,2
16.01.2021 23:00;17.01.2021 00:00;50,56
17.01.2021 00:00;17.01.2021 01:00;47,99
17.01.2021 01:00;17.01.2021 02:00;47,74
17.01.2021 02:00;17.01.2021 03:00;47,18
17.01.2021 03:00;17.01.2021 04:00;46,09
17.01.2021 04:00;17.01.2021 05:00;45,8
17.01.2021 05:00;17.01.2021 06:00;45,42
17.01.2021 06:00;17.01.2021 07:00;46,46
17.01.2021 07:00;17.01.2021 08:00;47,64
17.01.2021 08:00;17.01.2021 09:00;47,42
17.01.2021 09:00;17.01.2021 10:00;51,13
17.01.2021 10:00;17.01.2021 11:00;56,5
17.01.2021 11:00;17.01.2021 12:00;59,94
17.01.2021 12:00;17.01.2021 13:00;55,51
17.01.2021 13:00;17.01.2021 14:00;52,82
17.01.2021 14:00;17.01.2021 15:00;49,95
17.01.2021 15:00;17.01.2021 16:00;53,48
17.01.2021 16:00;17.01.2021 17:00;60,6
17.01.2021 17:00;17.01.2021 18:00;67,05
17.01.2021 18:00;17.01.2021 19:00;72,0
17.01.2021 19:00;17.01.2021 20:00;67,78
17.01.2021 20:00;17.01.2021 21:00;62,45
17.01.2021 21:00;17.01.2021 22:00;56,61
17.01.2021 22:00;17.01.2021 23:00;57,07
17.01.2021 23:00;18.01.2021 00:00;51,34
18.01.2021 00:00;18.01.2021 01:00;50,22
18.01.2021 01:00;18.01.2021 02:00;47,94
18.01.2021 02:00;18.01.2021 03:00;47,67
18.01.2021 03:00;18.01.2021 04:00;46,6
18.01.2021 04:00;18.01.2021 05:00;46,72
18.01.2021 05:00;18.01.2021 06:00;47,58
18.01.2021 06:00;18.01.2021 07:00;61,19
18.01.2021 07:00;18.01.2021 08:00;73,06
18.01.2021 08:00;18.01.2021 09:00;78,92
18.01.2021 09:00;18.01.2021 10:00;75,65
18.01.2021 10:00;18.01.2021 11:00;72,03
18.01.2021 11:00;18.01.2021 12:00;66,39
18.01.2021 12:00;18.01.2021 13:00;60,06
18.01.2021 13:00;18.01.2021 14:00;57,7
18.01.2021 14:00;18.01.2021 15:00;59,41
18.01.2021 15:00;18.01.2021 16:00;57,39
18.01.2021 16:00;18.01.2021 17:00;54,54
18.01.2021 17:00;18.01.2021 18:00;59,94
18.01.2021 18:00;18.01.2021 19:00;55,08
18.01.2021 19:00;18.01.2021 20:00;51,42
18.01.2021 20:00;18.01.2021 21:00;46,97
18.01.2021 21:00;18.01.2021 22:00;45,63
18.01.2021 22:00;18.01.2021 23:00;42,95
18.01.2021 23:00;19.01.2021 00:00;37,83
19.01.2021 00:00;19.01.2021 01:00;36,68
19.01.2021 01:00;19.01.2021 02:00;35,94
19.01.2021 02:00;19.01.2021 03:00;34,74
19.01.2021 03:00;19.01.2021 04:00;35,96
19.01.2021 04:00;19.01.2021 05:00;36,7
19.01.2021 05:00;19.01.2021 06:00;37,95
19.01.2021 06:00;19.01.2021 07:00;41,59
19.01.2021 07:00;19.01.2021 08:00;46,68
19.01.2021 08:00;19.01.2021 09:00;55,15
19.01.2021 09:00;19.01.2021 10:00;54,5
19.01.2021 10:00;19.01.2021 11:00;52,73
19.01.2021 11:00;19.01.2021 12:00;54,5
19.01.2021 12:00;19.01.2021 13:00;52,21
19.01.2021 13:00;19.01.2021 14:00;52,11
19.01.2021 14:00;19.01.2021 15:00;52,37
19.01.2021 15:00;19.01.2021 16:00;51,34
19.01.2021 16:00;19.01.2021 17:00;51,89
19.01.2021 17:00;19.01.2021 18:00;54,7
19.01.2021 18:00;19.01.2021 19:00;52,75
19.01.2021 19:00;19.01.2021 20:00;45,39
19.01.2021 20:00;19.01.2021 21:00;40,37
19.01.2021 21:00;19.01.2021 22:00;37,28
19.01.2021 22:00;19.01.2021 23:00;35,39
19.01.2021 23:00;20.01.2021 00:00;29,98
20.01.2021 00:00;20.01.2021 01:00;30,33
20.01.2021 01:00;20.01.2021 02:00;28,4
20.01.2021 02:00;20.01.2021 03:00;26,62
20.01.2021 03:00;20.01.2021 04:00;25,13
20.01.2021 04:00;20.01.2021 05:00;28,76
20.01.2021 05:00;20.01.2021 06:00;30,92
20.01.2021 06:00;20.01.2021 07:00;35,56
20.01.2021 07:00;20.01.2021 08:00;40,23
20.01.2021 08:00;20.01.2021 09:00;42,27
20.01.2021 09:00;20.01.2021 10:00;38,9
20.01.2021 10:00;20.01.2021 11:00;38,01
20.01.2021 11:00;20.01.2021 12:00;37,95
20.01.2021 12:00;20.01.2021 13:00;37,92
20.01.2021 13:00;20.01.2021 14:00;36,84
20.01.2021 14:00;20.01.2021 15:00;36,8
20.01.2021 15:00;20.01.2021 16:00;38,92
20.01.2021 16:00;20.01.2021 17:00;40,3
20.01.2021 17:00;20.01.2021 18:00;51,39
20.01.2021 18:00;20.01.2021 19:00;57,52
20.01.2021 19:00;20.01.2021 20:00;45,34
20.01.2021 20:00;20.01.2021 21:00;35,9
20.01.2021 21:00;20.01.2021 22:00;31,97
20.01.2021 22:00;20.01.2021 23:00;29,49
20.01.2021 23:00;21.01.2021 00:00;25,3
21.01.2021 00:00;21.01.2021 01:00;24,85
21.01.2021 01:00;21.01.2021 02:00;19,32
21.01.2021 02:00;21.01.2021 03:00;8,94
21.01.2021 03:00;21.01.2021 04:00;0,9
21.01.2021 04:00;21.01.2021 05:00;0,02
21.01.2021 05:00;21.01.2021 06:00;13,69
21.01.2021 06:00;21.01.2021 07:00;27,47
21.01.2021 07:00;21.01.2021 08:00;35,32
21.01.2021 08:00;21.01.2021 09:00;37,23
21.01.2021 09:00;21.01.2021 10:00;35,29
21.01.2021 10:00;21.01.2021 11:00;33,01
21.01.2021 11:00;21.01.2021 12:00;33,38
21.01.2021 12:00;21.01.2021 13:00;33,69
21.01.2021 13:00;21.01.2021 14:00;35,34
21.01.2021 14:00;21.01.2021 15:00;37,11
21.01.2021 15:00;21.01.2021 16:00;42,52
21.01.2021 16:00;21.01.2021 17:00;44,67
21.01.2021 17:00;21.01.2021 18:00;45,63
21.01.2021 18:00;21.01.2021 19:00;45,05
21.01.2021 19:00;21.01.2021 20:00;44,91
21.01.2021 20:00;21.01.2021 21:00;35,59
21.01.2021 21:00;21.01.2021 22:00;31,96
21.01.2021 22:00;21.01.2021 23:00;31,81
21.01.2021 23:00;22.01.2021 00:00;24,09
22.01.2021 00:00;22.01.2021 01:00;9,1
22.01.2021 01:00;22.01.2021 02:00;13,92
22.01.2021 02:00;22.01.2021 03:00;11,08
22.01.2021 03:00;22.01.2021 04:00;11,51
22.01.2021 04:00;22.01.2021 05:00;16,24
22.01.2021 05:00;22.01.2021 06:00;28,49
22.01.2021 06:00;22.01.2021 07:00;32,23
22.01.2021 07:00;22.01.2021 08:00;37,66
22.01.2021 08:00;22.01.2021 09:00;51,52
22.01.2021 09:00;22.01.2021 10:00;45,42
22.01.2021 10:00;22.01.2021 11:00;46,95
22.01.2021 11:00;22.01.2021 12:00;50,06
22.01.2021 12:00;22.01.2021 13:00;52,08
22.01.2021 13:00;22.01.2021 14:00;50,69
22.01.2021 14:00;22.01.2021 15:00;51,36
22.01.2021 15:00;22.01.2021 16:00;54,49
22.01.2021 16:00;22.01.2021 17:00;57,31
22.01.2021 17:00;22.01.2021 18:00;64,48
22.01.2021 18:00;22.01.2021 19:00;66,77
22.01.2021 19:00;22.01.2021 20:00;63,89
22.01.2021 20:00;22.01.2021 21:00;54,93
22.01.2021 21:00;22.01.2021 22:00;52,91
22.01.2021 22:00;22.01.2021 23:00;51,79
22.01.2021 23:00;23.01.2021 00:00;45,82
23.01.2021 00:00;23.01.2021 01:00;44,61
23.01.2021 01:00;23.01.2021 02:00;43,39
23.01.2021 02:00;23.01.2021 03:00;44,38
23.01.2021 03:00;23.01.2021 04:00;42,31
23.01.2021 04:00;23.01.2021 05:00;38,91
23.01.2021 05:00;23.01.2021 06:00;41,97
23.01.2021 06:00;23.01.2021 07:00;42,4
23.01.2021 07:00;23.01.2021 08:00;45,88
23.01.2021 08:00;23.01.2021 09:00;50,0
23.01.2021 09:00;23.01.2021 10:00;56,92
23.01.2021 10:00;23.01.2021 11:00;58,15
23.01.2021 11:00;23.01.2021 12:00;58,95
23.01.2021 12:00;23.01.2021 13:00;56,63
23.01.2021 13:00;23.01.2021 14:00;52,0
23.01.2021 14:00;23.01.2021 15:00;51,0
23.01.2021 15:00;23.01.2021 16:00;53,65
23.01.2021 16:00;23.01.2021 17:00;58,3
23.01.2021 17:00;23.01.2021 18:00;63,09
23.01.2021 18:00;23.01.2021 19:00;66,13
23.01.2021 19:00;23.01.2021 20:00;63,29
23.01.2021 20:00;23.01.2021 21:00;58,16
23.01.2021 21:00;23.01.2021 22:00;52,8
23.01.2021 22:00;23.01.2021 23:00;51,2
23.01.2021 23:00;24.01.2021 00:00;47,18
24.01.2021 00:00;24.01.2021 01:00;44,8
24.01.2021 01:00;24.01.2021 02:00;40,67
24.01.2021 02:00;24.01.2021 03:00;41,24
24.01.2021 03:00;24.01.2021 04:00;40,24
24.01.2021 04:00;24.01.2021 05:00;39,78
24.01.2021 05:00;24.01.2021 06:00;39,9
24.01.2021 06:00;24.01.2021 07:00;40,56
24.01.2021 07:00;24.01.2021 08:00;41,97
24.01.2021 08:00;24.01.2021 09:00;46,0
24.01.2021 09:00;24.01.2021 10:00;50,54
24.01.2021 10:00;24.01.2021 11:00;53,09
24.01.2021 11:00;24.01.2021 12:00;54,34
24.01.2021 12:00;24.01.2021 13:00;51,86
24.01.2021 13:00;24.01.2021 14:00;45,99
24.01.2021 14:00;24.01.2021 15:00;44,34
24.01.2021 15:00;24.01.2021 16:00;45,93
24.01.2021 16:00;24.01.2021 17:00;52,0
24.01.2021 17:00;24.01.2021 18:00;61,98
24.01.2021 18:00;24.01.2021 19:00;65,0
24.01.2021 19:00;24.01.2021 20:00;62,91
24.01.2021 20:00;24.01.2021 21:00;59,3
24.01.2021 21:00;24.01.2021 22:00;55,76
24.01.2021 22:00;24.01.2021 23:00;53,93
24.01.2021 23:00;25.01.2021 00:00;47,89
25.01.2021 00:00;25.01.2021 01:00;46,62
25.01.2021 01:00;25.01.2021 02:00;43,09
25.01.2021 02:00;25.01.2021 03:00;43,0
25.01.2021 03:00;25.01.2021 04:00;42,59
25.01.2021 04:00;25.01.2021 05:00;42,2
25.01.2021 05:00;25.01.2021 06:00;45,66
25.01.2021 06:00;25.01.2021 07:00;61,95
25.01.2021 07:00;25.01.2021 08:00;70,0
25.01.2021 08:00;25.01.2021 09:00;75,62
25.01.2021 09:00;25.01.2021 10:00;79,67
25.01.2021 10:00;25.01.2021 11:00;74,95
25.01.2021 11:00;25.01.2021 12:00;72,2
25.01.2021 12:00;25.01.2021 13:00;69,02
25.01.2021 13:00;25.01.2021 14:00;67,0
25.01.2021 14:00;25.01.2021 15:00;65,91
25.01.2021 15:00;25.01.2021 16:00;66,01
25.01.2021 16:00;25.01.2021 17:00;67,35
25.01.2021 17:00;25.01.2021 18:00;71,69
25.01.2021 18:00;25.01.2021 19:00;71,41
25.01.2021 19:00;25.01.2021 20:00;65,17
25.01.2021 20:00;25.01.2021 21:00;62,52
25.01.2021 21:00;25.01.2021 22:00;55,26
25.01.2021 22:00;25.01.2021 23:00;53,5
25.01.2021 23:00;26.01.2021 00:00;47,7
26.01.2021 00:00;26.01.2021 01:00;50,95
26.01.2021 01:00;26.01.2021 02:00;49,57
26.01.2021 02:00;26.01.2021 03:00;46,9
26.01.2021 03:00;26.01.2021 04:00;44,69
26.01.2021 04:00;26.01.2021 05:00;46,1
26.01.2021 05:00;26.01.2021 06:00;51,02
26.01.2021 06:00;26.01.2021 07:00;57,33
26.01.2021 07:00;26.01.2021 08:00;69,05
26.01.2021 08:00;26.01.2021 09:00;73,95
26.01.2021 09:00;26.01.2021 10:00;71,73
26.01.2021 10:00;26.01.2021 11:00;73,91
26.01.2021 11:00;26.01.2021 12:00;72,0
26.01.2021 12:00;26.01.2021 13:00;70,0
26.01.2021 13:00;26.01.2021 14:00;65,91
26.01.2021 14:00;26.01.2021 15:00;66,33
26.01.2021 15:00;26.01.2021 16:00;68,15
26.01.2021 16:00;26.01.2021 17:00;68,75
26.01.2021 17:00;26.01.2021 18:00;73,73
26.01.2021 18:00;26.01.2021 19:00;70,36
26.01.2021 19:00;26.01.2021 20:00;63,15
26.01.2021 20:00;26.01.2021 21:00;61,98
26.01.2021 21:00;26.01.2021 22:00;54,93
26.01.2021 22:00;26.01.2021 23:00;54,71
26.01.2021 23:00;27.01.2021 00:00;47,77
27.01.2021 00:00;27.01.2021 01:00;46,83
27.01.2021 01:00;27.01.2021 02:00;44,97
27.01.2021 02:00;27.01.2021 03:00;43,32
27.01.2021 03:00;27.01.2021 04:00;42,04
27.01.2021 04:00;27.01.2021 05:00;42,27
27.01.2021 05:00;27.01.2021 06:00;44,93
27.01.2021 06:00;27.01.2021 07:00;51,25
27.01.2021 07:00;27.01.2021 08:00;61,57
27.01.2021 08:00;27.01.2021 09:00;66,79
27.01.2021 09:00;27.01.2021 10:00;66,12
27.01.2021 10:00;27.01.2021 11:00;65,47
27.01.2021 11:00;27.01.2021 12:00;65,94
27.01.2021 12:00;27.01.2021 13:00;65,78
27.01.2021 13:00;27.01.2021 14:00;65,54
27.01.2021 14:00;27.01.2021 15:00;65,84
27.01.2021 15:00;27.01.2021 16:00;66,16
27.01.2021 16:00;27.01.2021 17:00;65,9
27.01.2021 17:00;27.01.2021 18:00;68,17
27.01.2021 18:00;27.01.2021 19:00;70,48
27.01.2021 19:00;27.01.2021 20:00;63,99
27.01.2021 20:00;27.01.2021 21:00;59,64
27.01.2021 21:00;27.01.2021 22:00;55,75
27.01.2021 22:00;27.01.2021 23:00;53,1
27.01.2021 23:00;28.01.2021 00:00;49,94
28.01.2021 00:00;28.01.2021 01:00;46,87
28.01.2021 01:00;28.01.2021 02:00;44,93
28.01.2021 02:00;28.01.2021 03:00;43,83
28.01.2021 03:00;28.01.2021 04:00;42,4
28.01.2021 04:00;28.01.2021 05:00;43,64
28.01.2021 05:00;28.01.2021 06:00;44,41
28.01.2021 06:00;28.01.2021 07:00;53,52
28.01.2021 07:00;28.01.2021 08:00;63,46
28.01.2021 08:00;28.01.2021 09:00;68,39
28.01.2021 09:00;28.01.2021 10:00;66,7
28.01.2021 10:00;28.01.2021 11:00;64,98
28.01.2021 11:00;28.01.2021 12:00;64,0
28.01.2021 12:00;28.01.2021 13:00;60,74
28.01.2021 13:00;28.01.2021 14:00;60,08
28.01.2021 14:00;28.01.2021 15:00;59,6
28.01.2021 15:00;28.01.2021 16:00;56,71
28.01.2021 16:00;28.01.2021 17:00;55,0
28.01.2021 17:00;28.01.2021 18:00;60,62
28.01.2021 18:00;28.01.2021 19:00;63,33
28.01.2021 19:00;28.01.2021 20:00;60,7
28.01.2021 20:00;28.01.2021 21:00;54,92
28.01.2021 21:00;28.01.2021 22:00;52,02
28.01.2021 22:00;28.01.2021 23:00;51,02
28.01.2021 23:00;29.01.2021 00:00;45,51
29.01.2021 00:00;29.01.2021 01:00;42,71
29.01.2021 01:00;29.01.2021 02:00;39,86
29.01.2021 02:00;29.01.2021 03:00;38,42
29.01.2021 03:00;29.01.2021 04:00;37,85
29.01.2021 04:00;29.01.2021 05:00;37,61
29.01.2021 05:00;29.01.2021 06:00;39,83
29.01.2021 06:00;29.01.2021 07:00;45,0
29.01.2021 07:00;29.01.2021 08:00;55,42
29.01.2021 08:00;29.01.2021 09:00;58,56
29.01.2021 09:00;29.01.2021 10:00;58,88
29.01.2021 10:00;29.01.2021 11:00;56,67
29.01.2021 11:00;29.01.2021 12:00;54,73
29.01.2021 12:00;29.01.2021 13:00;53,42
29.01.2021 13:00;29.01.2021 14:00;49,01
29.01.2021 14:00;29.01.2021 15:00;46,02
29.01.2021 15:00;29.01.2021 16:00;50,69
29.01.2021 16:00;29.01.2021 17:00;54,98
29.01.2021 17:00;29.01.2021 18:00;59,54
29.01.2021 18:00;29.01.2021 19:00;60,79
29.01.2021 19:00;29.01.2021 20:00;59,38
29.01.2021 20:00;29.01.2021 21:00;54,34
29.01.2021 21:00;29.01.2021 22:00;50,03
29.01.2021 22:00;29.01.2021 23:00;45,9
29.01.2021 23:00;30.01.2021 00:00;42,79
30.01.2021 00:00;30.01.2021 01:00;42,02
30.01.2021 01:00;30.01.2021 02:00;39,42
30.01.2021 02:00;30.01.2021 03:00;37,54
30.01.2021 03:00;30.01.2021 04:00;35,81
30.01.2021 04:00;30.01.2021 05:00;34,86
30.01.2021 05:00;30.01.2021 06:00;38,09
30.01.2021 06:00;30.01.2021 07:00;41,08
30.01.2021 07:00;30.01.2021 08:00;43,35
30.01.2021 08:00;30.01.2021 09:00;48,74
30.01.2021 09:00;30.01.2021 10:00;57,73
30.01.2021 10:00;30.01.2021 11:00;57,81
30.01.2021 11:00;30.01.2021 12:00;57,78
30.01.2021 12:00;30.01.2021 13:00;55,13
30.01.2021 13:00;30.01.2021 14:00;50,6
30.01.2021 14:00;30.01.2021 15:00;47,99
30.01.2021 15:00;30.01.2021 16:00;48,05
30.01.2021 16:00;30.01.2021 17:00;56,58
30.01.2021 17:00;30.01.2021 18:00;60,58
30.01.2021 18:00;30.01.2021 19:00;61,65
30.01.2021 19:00;30.01.2021 20:00;59,62
30.01.2021 20:00;30.01.2021 21:00;52,78
30.01.2021 21:00;30.01.2021 22:00;46,96
30.01.2021 22:00;30.01.2021 23:00;46,98
30.01.2021 23:00;31.01.2021 00:00;42,3
31.01.2021 00:00;31.01.2021 01:00;42,08
31.01.2021 01:00;31.01.2021 02:00;40,98
31.01.2021 02:00;31.01.2021 03:00;40,51
31.01.2021 03:00;31.01.2021 04:00;39,5
31.01.2021 04:00;31.01.2021 05:00;38,61
31.01.2021 05:00;31.01.2021 06:00;40,41
31.01.2021 06:00;31.01.2021 07:00;40,37
31.01.2021 07:00;31.01.2021 08:00;41,29
31.01.2021 08:00;31.01.2021 09:00;44,85
31.01.2021 09:00;31.01.2021 10:00;49,15
31.01.2021 10:00;31.01.2021 11:00;50,73
31.01.2021 11:00;31.01.2021 12:00;51,14
31.01.2021 12:00;31.01.2021 13:00;50,37
31.01.2021 13:00;31.01.2021 14:00;46,23
31.01.2021 14:00;31.01.2021 15:00;45,9
31.01.2021 15:00;31.01.2021 16:00;47,92
31.01.2021 16:00;31.01.2021 17:00;52,92
31.01.2021 17:00;31.01.2021 18:00;64,46
31.01.2021 18:00;31.01.2021 19:00;63,88
31.01.2021 19:00;31.01.2021 20:00;62,35
31.01.2021 20:00;31.01.2021 21:00;57,99
31.01.2021 21:00;31.01.2021 22:00;51,34
31.01.2021 22:00;31.01.2021 23:00;49,28
31.01.2021 23:00;01.02.2021 00:00;45,36
01.02.2021 00:00;01.02.2021 01:00;41,18
01.02.2021 01:00;01.02.2021 02:00;40,0
01.02.2021 02:00;01.02.2021 03:00;40,0
01.02.2021 03:00;01.02.2021 04:00;38,51
01.02.2021 04:00;01.02.2021 05:00;36,48
01.02.2021 05:00;01.02.2021 06:00;39,99
01.02.2021 06:00;01.02.2021 07:00;53,94
01.02.2021 07:00;01.02.2021 08:00;63,39
01.02.2021 08:00;01.02.2021 09:00;64,81
01.02.2021 09:00;01.02.2021 10:00;65,1
01.02.2021 10:00;01.02.2021 11:00;64,66
01.02.2021 11:00;01.02.2021 12:00;65,57
01.02.2021 12:00;01.02.2021 13:00;64,46
01.02.2021 13:00;01.02.2021 14:00;64,76
01.02.2021 14:00;01.02.2021 15:00;64,0
01.02.2021 15:00;01.02.2021 16:00;63,3
01.02.2021 16:00;01.02.2021 17:00;64,26
01.02.2021 17:00;01.02.2021 18:00;70,17
01.02.2021 18:00;01.02.2021 19:00;81,58
01.02.2021 19:00;01.02.2021 20:00;69,9
01.02.2021 20:00;01.02.2021 21:00;62,29
01.02.2021 21:00;01.02.2021 22:00;56,36
01.02.2021 22:00;01.02.2021 23:00;55,25
01.02.2021 23:00;02.02.2021 00:00;49,4
02.02.2021 00:00;02.02.2021 01:00;46,13
02.02.2021 01:00;02.02.2021 02:00;45,05
02.02.2021 02:00;02.02.2021 03:00;43,59
02.02.2021 03:00;02.02.2021 04:00;42,08
02.02.2021 04:00;02.02.2021 05:00;43,98
02.02.2021 05:00;02.02.2021 06:00;46,09
02.02.2021 06:00;02.02.2021 07:00;58,17
02.02.2021 07:00;02.02.2021 08:00;63,34
02.02.2021 08:00;02.02.2021 09:00;78,13
02.02.2021 09:00;02.02.2021 10:00;69,46
02.02.2021 10:00;02.02.2021 11:00;66,28
02.02.2021 11:00;02.02.2021 12:00;65,17
02.02.2021 12:00;02.02.2021 13:00;61,47
02.02.2021 13:00;02.02.2021 14:00;61,04
02.02.2021 14:00;02.02.2021 15:00;59,47
02.02.2021 15:00;02.02.2021 16:00;54,45
02.02.2021 16:00;02.02.2021 17:00;47,97
02.02.2021 17:00;02.02.2021 18:00;58,14
02.02.2021 18:00;02.02.2021 19:00;58,18
02.02.2021 19:00;02.02.2021 20:00;58,06
02.02.2021 20:00;02.02.2021 21:00;49,96
02.02.2021 21:00;02.02.2021 22:00;47,47
02.02.2021 22:00;02.02.2021 23:00;46,54
02.02.2021 23:00;03.02.2021 00:00;40,62
03.02.2021 00:00;03.02.2021 01:00;35,58
03.02.2021 01:00;03.02.2021 02:00;31,41
03.02.2021 02:00;03.02.2021 03:00;30,78
03.02.2021 03:00;03.02.2021 04:00;29,99
03.02.2021 04:00;03.02.2021 05:00;31,76
03.02.2021 05:00;03.02.2021 06:00;37,91
03.02.2021 06:00;03.02.2021 07:00;41,2
03.02.2021 07:00;03.02.2021 08:00;55,91
03.02.2021 08:00;03.02.2021 09:00;56,08
03.02.2021 09:00;03.02.2021 10:00;56,08
03.02.2021 10:00;03.02.2021 11:00;54,03
03.02.2021 11:00;03.02.2021 12:00;56,97
03.02.2021 12:00;03.02.2021 13:00;54,31
03.02.2021 13:00;03.02.2021 14:00;51,79
03.02.2021 14:00;03.02.2021 15:00;45,92
03.02.2021 15:00;03.02.2021 16:00;43,62
03.02.2021 16:00;03.02.2021 17:00;42,01
03.02.2021 17:00;03.02.2021 18:00;48,01
03.02.2021 18:00;03.02.2021 19:00;53,25
03.02.2021 19:00;03.02.2021 20:00;50,86
03.02.2021 20:00;03.02.2021 21:00;43,71
03.02.2021 21:00;03.02.2021 22:00;41,79
03.02.2021 22:00;03.02.2021 23:00;40,15
03.02.2021 23:00;04.02.2021 00:00;35,51
04.02.2021 00:00;04.02.2021 01:00;33,87
04.02.2021 01:00;04.02.2021 02:00;33,39
04.02.2021 02:00;04.02.2021 03:00;32,89
04.02.2021 03:00;04.02.2021 04:00;31,99
04.02.2021 04:00;04.02.2021 05:00;35,2
04.02.2021 05:00;04.02.2021 06:00;39,37
04.02.2021 06:00;04.02.2021 07:00;48,32
04.02.2021 07:00;04.02.2021 08:00;57,15
04.02.2021 08:00;04.02.2021 09:00;59,19
04.02.2021 09:00;04.02.2021 10:00;57,7
04.02.2021 10:00;04.02.2021 11:00;54,94
04.02.2021 11:00;04.02.2021 12:00;56,43
04.02.2021 12:00;04.02.2021 13:00;56,09
04.02.2021 13:00;04.02.2021 14:00;55,69
04.02.2021 14:00;04.02.2021 15:00;56,56
04.02.2021 15:00;04.02.2021 16:00;58,19
04.02.2021 16:00;04.02.2021 17:00;59,42
04.02.2021 17:00;04.02.2021 18:00;71,5
04.02.2021 18:00;04.02.2021 19:00;71,5
04.02.2021 19:00;04.02.2021 20:00;67,51
04.02.2021 20:00;04.02.2021 21:00;59,39
04.02.2021 21:00;04.02.2021 22:00;53,78
04.02.2021 22:00;04.02.2021 23:00;52,7
04.02.2021 23:00;05.02.2021 00:00;46,22
05.02.2021 00:00;05.02.2021 01:00;45,57
05.02.2021 01:00;05.02.2021 02:00;44,01
05.02.2021 02:00;05.02.2021 03:00;42,24
05.02.2021 03:00;05.02.2021 04:00;41,2
05.02.2021 04:00;05.02.2021 05:00;40,52
05.02.2021 05:00;05.02.2021 06:00;43,36
05.02.2021 06:00;05.02.2021 07:00;50,43
05.02.2021 07:00;05.02.2021 08:00;58,65
05.02.2021 08:00;05.02.2021 09:00;62,02
05.02.2021 09:00;05.02.2021 10:00;61,03
05.02.2021 10:00;05.02.2021 11:00;59,54
05.02.2021 11:00;05.02.2021 12:00;58,54
05.02.2021 12:00;05.02.2021 13:00;57,9
05.02.2021 13:00;05.02.2021 14:00;54,51
05.02.2021 14:00;05.02.2021 15:00;50,0
05.02.2021 15:00;05.02.2021 16:00;48,0
05.02.2021 16:00;05.02.2021 17:00;49,69
05.02.2021 17:00;05.02.2021 18:00;56,92
05.02.2021 18:00;05.02.2021 19:00;58,63
05.02.2021 19:00;05.02.2021 20:00;57,46
05.02.2021 20:00;05.02.2021 21:00;51,1
05.02.2021 21:00;05.02.2021 22:00;49,89
05.02.2021 22:00;05.02.2021 23:00;48,49
05.02.2021 23:00;06.02.2021 00:00;43,58
06.02.2021 00:00;06.02.2021 01:00;40,68
06.02.2021 01:00;06.02.2021 02:00;39,0
06.02.2021 02:00;06.02.2021 03:00;38,33
06.02.2021 03:00;06.02.2021 04:00;35,08
06.02.2021 04:00;06.02.2021 05:00;34,9
06.02.2021 05:00;06.02.2021 06:00;35,07
06.02.2021 06:00;06.02.2021 07:00;35,2
06.02.2021 07:00;06.02.2021 08:00;36,93
06.02.2021 08:00;06.02.2021 09:00;41,89
06.02.2021 09:00;06.02.2021 10:00;43,15
06.02.2021 10:00;06.02.2021 11:00;43,5
06.02.2021 11:00;06.02.2021 12:00;43,47
06.02.2021 12:00;06.02.2021 13:00;41,14
06.02.2021 13:00;06.02.2021 14:00;35,46
06.02.2021 14:00;06.02.2021 15:00;35,37
06.02.2021 15:00;06.02.2021 16:00;33,13
06.02.2021 16:00;06.02.2021 17:00;30,92
06.02.2021 17:00;06.02.2021 18:00;39,44
06.02.2021 18:00;06.02.2021 19:00;43,95
06.02.2021 19:00;06.02.2021 20:00;42,98
06.02.2021 20:00;06.02.2021 21:00;35,31
06.02.2021 21:00;06.02.2021 22:00;30,29
06.02.2021 22:00;06.02.2021 23:00;26,03
06.02.2021 23:00;07.02.2021 00:00;11,94
07.02.2021 00:00;07.02.2021 01:00;-1,24
07.02.2021 01:00;07.02.2021 02:00;-1,59
07.02.2021 02:00;07.02.2021 03:00;-0,02
07.02.2021 03:00;07.02.2021 04:00;-0,04
07.02.2021 04:00;07.02.2021 05:00;-2,01
07.02.2021 05:00;07.02.2021 06:00;-0,09
07.02.2021 06:00;07.02.2021 07:00;-3,84
07.02.2021 07:00;07.02.2021 08:00;-0,09
07.02.2021 08:00;07.02.2021 09:00;-2,38
07.02.2021 09:00;07.02.2021 10:00;12,03
07.02.2021 10:00;07.02.2021 11:00;28,56
07.02.2021 11:00;07.02.2021 12:00;37,02
07.02.2021 12:00;07.02.2021 13:00;37,32
07.02.2021 13:00;07.02.2021 14:00;26,97
07.02.2021 14:00;07.02.2021 15:00;16,53
07.02.2021 15:00;07.02.2021 16:00;20,92
07.02.2021 16:00;07.02.2021 17:00;28,17
07.02.2021 17:00;07.02.2021 18:00;39,14
07.02.2021 18:00;07.02.2021 19:00;43,44
07.02.2021 19:00;07.02.2021 20:00;40,71
07.02.2021 20:00;07.02.2021 21:00;37,05
07.02.2021 21:00;07.02.2021 22:00;36,55
07.02.2021 22:00;07.02.2021 23:00;39,89
07.02.2021 23:00;08.02.2021 00:00;32,05
08.02.2021 00:00;08.02.2021 01:00;7,69
08.02.2021 01:00;08.02.2021 02:00;4,59
08.02.2021 02:00;08.02.2021 03:00;14,05
08.02.2021 03:00;08.02.2021 04:00;12,79
08.02.2021 04:00;08.02.2021 05:00;0,09
08.02.2021 05:00;08.02.2021 06:00;20,54
08.02.2021 06:00;08.02.2021 07:00;43,97
08.02.2021 07:00;08.02.2021 08:00;55,63
08.02.2021 08:00;08.02.2021 09:00;58,14
08.02.2021 09:00;08.02.2021 10:00;56,75
08.02.2021 10:00;08.02.2021 11:00;55,88
08.02.2021 11:00;08.02.2021 12:00;57,22
08.02.2021 12:00;08.02.2021 13:00;55,58
08.02.2021 13:00;08.02.2021 14:00;55,5
08.02.2021 14:00;08.02.2021 15:00;48,88
08.02.2021 15:00;08.02.2021 16:00;54,96
08.02.2021 16:00;08.02.2021 17:00;55,06
08.02.2021 17:00;08.02.2021 18:00;61,45
08.02.2021 18:00;08.02.2021 19:00;64,32
08.02.2021 19:00;08.02.2021 20:00;61,62
08.02.2021 20:00;08.02.2021 21:00;55,56
08.02.2021 21:00;08.02.2021 22:00;49,83
08.02.2021 22:00;08.02.2021 23:00;49,05
08.02.2021 23:00;09.02.2021 00:00;45,29
09.02.2021 00:00;09.02.2021 01:00;47,75
09.02.2021 01:00;09.02.2021 02:00;47,02
09.02.2021 02:00;09.02.2021 03:00;46,66
09.02.2021 03:00;09.02.2021 04:00;46,05
09.02.2021 04:00;09.02.2021 05:00;46,4
09.02.2021 05:00;09.02.2021 06:00;47,97
09.02.2021 06:00;09.02.2021 07:00;58,16
09.02.2021 07:00;09.02.2021 08:00;72,98
09.02.2021 08:00;09.02.2021 09:00;80,64
09.02.2021 09:00;09.02.2021 10:00;80,85
09.02.2021 10:00;09.02.2021 11:00;79,98
09.02.2021 11:00;09.02.2021 12:00;75,51
09.02.2021 12:00;09.02.2021 13:00;69,89
09.02.2021 13:00;09.02.2021 14:00;70,26
09.02.2021 14:00;09.02.2021 15:00;70,37
09.02.2021 15:00;09.02.2021 16:00;71,82
09.02.2021 16:00;09.02.2021 17:00;71,02
09.02.2021 17:00;09.02.2021 18:00;79,06
09.02.2021 18:00;09.02.2021 19:00;80,0
09.02.2021 19:00;09.02.2021 20:00;74,0
09.02.2021 20:00;09.02.2021 21:00;64,95
09.02.2021 21:00;09.02.2021 22:00;56,62
09.02.2021 22:00;09.02.2021 23:00;55,67
09.02.2021 23:00;10.02.2021 00:00;50,09
10.02.2021 00:00;10.02.2021 01:00;51,5
10.02.2021 01:00;10.02.2021 02:00;49,55
10.02.2021 02:00;10.02.2021 03:00;48,35
10.02.2021 03:00;10.02.2021 04:00;47,5
10.02.2021 04:00;10.02.2021 05:00;47,68
10.02.2021 05:00;10.02.2021 06:00;49,2
10.02.2021 06:00;10.02.2021 07:00;60,0
10.02.2021 07:00;10.02.2021 08:00;76,38
10.02.2021 08:00;10.02.2021 09:00;92,33
10.02.2021 09:00;10.02.2021 10:00;98,62
10.02.2021 10:00;10.02.2021 11:00;93,68
10.02.2021 11:00;10.02.2021 12:00;88,32
10.02.2021 12:00;10.02.2021 13:00;79,99
10.02.2021 13:00;10.02.2021 14:00;75,91
10.02.2021 14:00;10.02.2021 15:00;74,96
10.02.2021 15:00;10.02.2021 16:00;76,19
10.02.2021 16:00;10.02.2021 17:00;80,18
10.02.2021 17:00;10.02.2021 18:00;94,15
10.02.2021 18:00;10.02.2021 19:00;109,86
10.02.2021 19:00;10.02.2021 20:00;88,09
10.02.2021 20:00;10.02.2021 21:00;73,26
10.02.2021 21:00;10.02.2021 22:00;64,19
10.02.2021 22:00;10.02.2021 23:00;58,65
10.02.2021 23:00;11.02.2021 00:00;54,45
11.02.2021 00:00;11.02.2021 01:00;55,64
11.02.2021 01:00;11.02.2021 02:00;53,13
11.02.2021 02:00;11.02.2021 03:00;51,66
11.02.2021 03:00;11.02.2021 04:00;50,04
11.02.2021 04:00;11.02.2021 05:00;50,02
11.02.2021 05:00;11.02.2021 06:00;57,41
11.02.2021 06:00;11.02.2021 07:00;70,9
11.02.2021 07:00;11.02.2021 08:00;103,95
11.02.2021 08:00;11.02.2021 09:00;136,71
11.02.2021 09:00;11.02.2021 10:00;133,19
11.02.2021 10:00;11.02.2021 11:00;98,14
11.02.2021 11:00;11.02.2021 12:00;91,52
11.02.2021 12:00;11.02.2021 13:00;80,52
11.02.2021 13:00;11.02.2021 14:00;72,7
11.02.2021 14:00;11.02.2021 15:00;70,4
11.02.2021 15:00;11.02.2021 16:00;71,93
11.02.2021 16:00;11.02.2021 17:00;77,87
11.02.2021 17:00;11.02.2021 18:00;95,14
11.02.2021 18:00;11.02.2021 19:00;133,53
11.02.2021 19:00;11.02.2021 20:00;99,31
11.02.2021 20:00;11.02.2021 21:00;74,33
11.02.2021 21:00;11.02.2021 22:00;62,3
11.02.2021 22:00;11.02.2021 23:00;59,1
11.02.2021 23:00;12.02.2021 00:00;53,69
12.02.2021 00:00;12.02.2021 01:00;51,05
12.02.2021 01:00;12.02.2021 02:00;49,09
12.02.2021 02:00;12.02.2021 03:00;49,22
12.02.2021 03:00;12.02.2021 04:00;48,14
12.02.2021 04:00;12.02.2021 05:00;47,77
12.02.2021 05:00;12.02.2021 06:00;49,17
12.02.2021 06:00;12.02.2021 07:00;62,9
12.02.2021 07:00;12.02.2021 08:00;75,2
12.02.2021 08:00;12.02.2021 09:00;79,46
12.02.2021 09:00;12.02.2021 10:00;80,81
12.02.2021 10:00;12.02.2021 11:00;76,08
12.02.2021 11:00;12.02.2021 12:00;74,1
12.02.2021 12:00;12.02.2021 13:00;69,33
12.02.2021 13:00;12.02.2021 14:00;56,99
12.02.2021 14:00;12.02.2021 15:00;57,4
12.02.2021 15:00;12.02.2021 16:00;58,16
12.02.2021 16:00;12.02.2021 17:00;65,73
12.02.2021 17:00;12.02.2021 18:00;71,24
12.02.2021 18:00;12.02.2021 19:00;79,95
12.02.2021 19:00;12.02.2021 20:00;70,14
12.02.2021 20:00;12.02.2021 21:00;61,26
12.02.2021 21:00;12.02.2021 22:00;55,48
12.02.2021 22:00;12.02.2021 23:00;54,01
12.02.2021 23:00;13.02.2021 00:00;48,54
13.02.2021 00:00;13.02.2021 01:00;48,07
13.02.2021 01:00;13.02.2021 02:00;47,14
13.02.2021 02:00;13.02.2021 03:00;47,02
13.02.2021 03:00;13.02.2021 04:00;45,58
13.02.2021 04:00;13.02.2021 05:00;44,68
13.02.2021 05:00;13.02.2021 06:00;45,42
13.02.2021 06:00;13.02.2021 07:00;45,72
13.02.2021 07:00;13.02.2021 08:00;48,87
13.02.2021 08:00;13.02.2021 09:00;60,02
13.02.2021 09:00;13.02.2021 10:00;64,54
13.02.2021 10:00;13.02.2021 11:00;62,67
13.02.2021 11:00;13.02.2021 12:00;58,71
13.02.2021 12:00;13.02.2021 13:00;50,06
13.02.2021 13:00;13.02.2021 14:00;47,16
13.02.2021 14:00;13.02.2021 15:00;47,07
13.02.2021 15:00;13.02.2021 16:00;48,34
13.02.2021 16:00;13.02.2021 17:00;54,79
13.02.2021 17:00;13.02.2021 18:00;64,38
13.02.2021 18:00;13.02.2021 19:00;72,96
13.02.2021 19:00;13.02.2021 20:00;69,0
13.02.2021 20:00;13.02.2021 21:00;58,49
13.02.2021 21:00;13.02.2021 22:00;50,92
13.02.2021 22:00;13.02.2021 23:00;49,24
13.02.2021 23:00;14.02.2021 00:00;46,34
14.02.2021 00:00;14.02.2021 01:00;45,72
14.02.2021 01:00;14.02.2021 02:00;44,61
14.02.2021 02:00;14.02.2021 03:00;43,6
14.02.2021 03:00;14.02.2021 04:00;42,9
14.02.2021 04:00;14.02.2021 05:00;42,37
14.02.2021 05:00;14.02.2021 06:00;42,14
14.02.2021 06:00;14.02.2021 07:00;42,53
14.02.2021 07:00;14.02.2021 08:00;43,61
14.02.2021 08:00;14.02.2021 09:00;45,97
14.02.2021 09:00;14.02.2021 10:00;46,4
14.02.2021 10:00;14.02.2021 11:00;46,13
14.02.2021 11:00;14.02.2021 12:00;45,69
14.02.2021 12:00;14.02.2021 13:00;44,28
14.02.2021 13:00;14.02.2021 14:00;42,54
14.02.2021 14:00;14.02.2021 15:00;41,5
14.02.2021 15:00;14.02.2021 16:00;42,78
14.02.2021 16:00;14.02.2021 17:00;45,0
14.02.2021 17:00;14.02.2021 18:00;53,97
14.02.2021 18:00;14.02.2021 19:00;62,2
14.02.2021 19:00;14.02.2021 20:00;57,1
14.02.2021 20:00;14.02.2021 21:00;48,34
14.02.2021 21:00;14.02.2021 22:00;43,89
14.02.2021 22:00;14.02.2021 23:00;45,27
14.02.2021 23:00;15.02.2021 00:00;42,8
15.02.2021 00:00;15.02.2021 01:00;38,46
15.02.2021 01:00;15.02.2021 02:00;37,16
15.02.2021 02:00;15.02.2021 03:00;37,07
15.02.2021 03:00;15.02.2021 04:00;34,23
15.02.2021 04:00;15.02.2021 05:00;31,29
15.02.2021 05:00;15.02.2021 06:00;39,25
15.02.2021 06:00;15.02.2021 07:00;46,66
15.02.2021 07:00;15.02.2021 08:00;60,4
15.02.2021 08:00;15.02.2021 09:00;62,48
15.02.2021 09:00;15.02.2021 10:00;61,0
15.02.2021 10:00;15.02.2021 11:00;58,07
15.02.2021 11:00;15.02.2021 12:00;60,02
15.02.2021 12:00;15.02.2021 13:00;57,9
15.02.2021 13:00;15.02.2021 14:00;55,09
15.02.2021 14:00;15.02.2021 15:00;50,28
15.02.2021 15:00;15.02.2021 16:00;49,14
15.02.2021 16:00;15.02.2021 17:00;51,02
15.02.2021 17:00;15.02.2021 18:00;57,95
15.02.2021 18:00;15.02.2021 19:00;68,05
15.02.2021 19:00;15.02.2021 20:00;62,4
15.02.2021 20:00;15.02.2021 21:00;55,66
15.02.2021 21:00;15.02.2021 22:00;48,2
15.02.2021 22:00;15.02.2021 23:00;50,01
15.02.2021 23:00;16.02.2021 00:00;46,11
16.02.2021 00:00;16.02.2021 01:00;46,29
16.02.2021 01:00;16.02.2021 02:00;44,28
16.02.2021 02:00;16.02.2021 03:00;43,52
16.02.2021 03:00;16.02.2021 04:00;42,22
16.02.2021 04:00;16.02.2021 05:00;42,35
16.02.2021 05:00;16.02.2021 06:00;44,97
16.02.2021 06:00;16.02.2021 07:00;50,44
16.02.2021 07:00;16.02.2021 08:00;63,43
16.02.2021 08:00;16.02.2021 09:00;67,64
16.02.2021 09:00;16.02.2021 10:00;68,85
16.02.2021 10:00;16.02.2021 11:00;63,55
16.02.2021 11:00;16.02.2021 12:00;63,85
16.02.2021 12:00;16.02.2021 13:00;59,43
16.02.2021 13:00;16.02.2021 14:00;55,66
16.02.2021 14:00;16.02.2021 15:00;48,38
16.02.2021 15:00;16.02.2021 16:00;46,23
16.02.2021 16:00;16.02.2021 17:00;47,05
16.02.2021 17:00;16.02.2021 18:00;54,77
16.02.2021 18:00;16.02.2021 19:00;62,7
16.02.2021 19:00;16.02.2021 20:00;55,27
16.02.2021 20:00;16.02.2021 21:00;48,86
16.02.2021 21:00;16.02.2021 22:00;48,24
16.02.2021 22:00;16.02.2021 23:00;47,38
16.02.2021 23:00;17.02.2021 00:00;43,05
17.02.2021 00:00;17.02.2021 01:00;42,01
17.02.2021 01:00;17.02.2021 02:00;41,36
17.02.2021 02:00;17.02.2021 03:00;40,0
17.02.2021 03:00;17.02.2021 04:00;37,4
17.02.2021 04:00;17.02.2021 05:00;38,04
17.02.2021 05:00;17.02.2021 06:00;38,69
17.02.2021 06:00;17.02.2021 07:00;40,61
17.02.2021 07:00;17.02.2021 08:00;52,12
17.02.2021 08:00;17.02.2021 09:00;60,08
17.02.2021 09:00;17.02.2021 10:00;61,19
17.02.2021 10:00;17.02.2021 11:00;56,39
17.02.2021 11:00;17.02.2021 12:00;51,8
17.02.2021 12:00;17.02.2021 13:00;46,46
17.02.2021 13:00;17.02.2021 14:00;43,94
17.02.2021 14:00;17.02.2021 15:00;45,33
17.02.2021 15:00;17.02.2021 16:00;46,2
17.02.2021 16:00;17.02.2021 17:00;53,8
17.02.2021 17:00;17.02.2021 18:00;61,0
17.02.2021 18:00;17.02.2021 19:00;71,27
17.02.2021 19:00;17.02.2021 20:00;65,73
17.02.2021 20:00;17.02.2021 21:00;57,6
17.02.2021 21:00;17.02.2021 22:00;48,37
17.02.2021 22:00;17.02.2021 23:00;47,58
17.02.2021 23:00;18.02.2021 00:00;44,99
18.02.2021 00:00;18.02.2021 01:00;42,26
18.02.2021 01:00;18.02.2021 02:00;41,01
18.02.2021 02:00;18.02.2021 03:00;39,1
18.02.2021 03:00;18.02.2021 04:00;38,77
18.02.2021 04:00;18.02.2021 05:00;37,78
18.02.2021 05:00;18.02.2021 06:00;40,05
18.02.2021 06:00;18.02.2021 07:00;45,96
18.02.2021 07:00;18.02.2021 08:00;60,16
18.02.2021 08:00;18.02.2021 09:00;61,9
18.02.2021 09:00;18.02.2021 10:00;59,15
18.02.2021 10:00;18.02.2021 11:00;50,96
18.02.2021 11:00;18.02.2021 12:00;48,46
18.02.2021 12:00;18.02.2021 13:00;45,38
18.02.2021 13:00;18.02.2021 14:00;43,53
18.02.2021 14:00;18.02.2021 15:00;43,61
18.02.2021 15:00;18.02.2021 16:00;42,64
18.02.2021 16:00;18.02.2021 17:00;43,49
18.02.2021 17:00;18.02.2021 18:00;47,6
18.02.2021 18:00;18.02.2021 19:00;54,0
18.02.2021 19:00;18.02.2021 20:00;48,38
18.02.2021 20:00;18.02.2021 21:00;42,0
18.02.2021 21:00;18.02.2021 22:00;39,42
18.02.2021 22:00;18.02.2021 23:00;37,59
18.02.2021 23:00;19.02.2021 00:00;36,41
19.02.2021 00:00;19.02.2021 01:00;37,1
19.02.2021 01:00;19.02.2021 02:00;37,02
19.02.2021 02:00;19.02.2021 03:00;36,94
19.02.2021 03:00;19.02.2021 04:00;36,03
19.02.2021 04:00;19.02.2021 05:00;36,7
19.02.2021 05:00;19.02.2021 06:00;38,96
19.02.2021 06:00;19.02.2021 07:00;43,63
19.02.2021 07:00;19.02.2021 08:00;55,94
19.02.2021 08:00;19.02.2021 09:00;60,39
19.02.2021 09:00;19.02.2021 10:00;58,0
19.02.2021 10:00;19.02.2021 11:00;52,7
19.02.2021 11:00;19.02.2021 12:00;47,62
19.02.2021 12:00;19.02.2021 13:00;46,18
19.02.2021 13:00;19.02.2021 14:00;43,4
19.02.2021 14:00;19.02.2021 15:00;43,59
19.02.2021 15:00;19.02.2021 16:00;49,92
19.02.2021 16:00;19.02.2021 17:00;56,84
19.02.2021 17:00;19.02.2021 18:00;60,99
19.02.2021 18:00;19.02.2021 19:00;62,53
19.02.2021 19:00;19.02.2021 20:00;57,97
19.02.2021 20:00;19.02.2021 21:00;49,04
19.02.2021 21:00;19.02.2021 22:00;45,86
19.02.2021 22:00;19.02.2021 23:00;46,06
19.02.2021 23:00;20.02.2021 00:00;41,68
20.02.2021 00:00;20.02.2021 01:00;39,51
20.02.2021 01:00;20.02.2021 02:00;37,66
20.02.2021 02:00;20.02.2021 03:00;36,35
20.02.2021 03:00;20.02.2021 04:00;35,02
20.02.2021 04:00;20.02.2021 05:00;35,02
20.02.2021 05:00;20.02.2021 06:00;32,95
20.02.2021 06:00;20.02.2021 07:00;35,07
20.02.2021 07:00;20.02.2021 08:00;37,01
20.02.2021 08:00;20.02.2021 09:00;38,95
20.02.2021 09:00;20.02.2021 10:00;38,25
20.02.2021 10:00;20.02.2021 11:00;33,53
20.02.2021 11:00;20.02.2021 12:00;30,45
20.02.2021 12:00;20.02.2021 13:00;29,18
20.02.2021 13:00;20.02.2021 14:00;23,11
20.02.2021 14:00;20.02.2021 15:00;20,36
20.02.2021 15:00;20.02.2021 16:00;27,16
20.02.2021 16:00;20.02.2021 17:00;36,31
20.02.2021 17:00;20.02.2021 18:00;40,65
20.02.2021 18:00;20.02.2021 19:00;44,91
20.02.2021 19:00;20.02.2021 20:00;40,82
20.02.2021 20:00;20.02.2021 21:00;35,3
20.02.2021 21:00;20.02.2021 22:00;26,97
20.02.2021 22:00;20.02.2021 23:00;32,08
20.02.2021 23:00;21.02.2021 00:00;30,51
21.02.2021 00:00;21.02.2021 01:00;19,11
21.02.2021 01:00;21.02.2021 02:00;16,95
21.02.2021 02:00;21.02.2021 03:00;23,11
21.02.2021 03:00;21.02.2021 04:00;13,44
21.02.2021 04:00;21.02.2021 05:00;12,18
21.02.2021 05:00;21.02.2021 06:00;18,91
21.02.2021 06:00;21.02.2021 07:00;19,13
21.02.2021 07:00;21.02.2021 08:00;29,01
21.02.2021 08:00;21.02.2021 09:00;31,36
21.02.2021 09:00;21.02.2021 10:00;34,58
21.02.2021 10:00;21.02.2021 11:00;31,45
21.02.2021 11:00;21.02.2021 12:00;32,08
21.02.2021 12:00;21.02.2021 13:00;32,68
21.02.2021 13:00;21.02.2021 14:00;25,47
21.02.2021 14:00;21.02.2021 15:00;25,76
21.02.2021 15:00;21.02.2021 16:00;35,09
21.02.2021 16:00;21.02.2021 17:00;43,42
21.02.2021 17:00;21.02.2021 18:00;55,18
21.02.2021 18:00;21.02.2021 19:00;58,06
21.02.2021 19:00;21.02.2021 20:00;56,61
21.02.2021 20:00;21.02.2021 21:00;50,11
21.02.2021 21:00;21.02.2021 22:00;41,94
21.02.2021 22:00;21.02.2021 23:00;43,87
21.02.2021 23:00;22.02.2021 00:00;40,64
22.02.2021 00:00;22.02.2021 01:00;40,04
22.02.2021 01:00;22.02.2021 02:00;39,41
22.02.2021 02:00;22.02.2021 03:00;38,01
22.02.2021 03:00;22.02.2021 04:00;37,77
22.02.2021 04:00;22.02.2021 05:00;37,22
22.02.2021 05:00;22.02.2021 06:00;39,29
22.02.2021 06:00;22.02.2021 07:00;49,49
22.02.2021 07:00;22.02.2021 08:00;57,85
22.02.2021 08:00;22.02.2021 09:00;58,99
22.02.2021 09:00;22.02.2021 10:00;55,04
22.02.2021 10:00;22.02.2021 11:00;46,88
22.02.2021 11:00;22.02.2021 12:00;45,52
22.02.2021 12:00;22.02.2021 13:00;44,52
22.02.2021 13:00;22.02.2021 14:00;43,59
22.02.2021 14:00;22.02.2021 15:00;44,75
22.02.2021 15:00;22.02.2021 16:00;51,97
22.02.2021 16:00;22.02.2021 17:00;59,24
22.02.2021 17:00;22.02.2021 18:00;66,6
22.02.2021 18:00;22.02.2021 19:00;72,9
22.02.2021 19:00;22.02.2021 20:00;65,68
22.02.2021 20:00;22.02.2021 21:00;57,97
22.02.2021 21:00;22.02.2021 22:00;51,9
22.02.2021 22:00;22.02.2021 23:00;49,0
22.02.2021 23:00;23.02.2021 00:00;44,06
23.02.2021 00:00;23.02.2021 01:00;41,71
23.02.2021 01:00;23.02.2021 02:00;40,13
23.02.2021 02:00;23.02.2021 03:00;39,17
23.02.2021 03:00;23.02.2021 04:00;37,73
23.02.2021 04:00;23.02.2021 05:00;37,63
23.02.2021 05:00;23.02.2021 06:00;39,06
23.02.2021 06:00;23.02.2021 07:00;43,16
23.02.2021 07:00;23.02.2021 08:00;56,95
23.02.2021 08:00;23.02.2021 09:00;59,22
23.02.2021 09:00;23.02.2021 10:00;56,2
23.02.2021 10:00;23.02.2021 11:00;49,87
23.02.2021 11:00;23.02.2021 12:00;41,86
23.02.2021 12:00;23.02.2021 13:00;39,9
23.02.2021 13:00;23.02.2021 14:00;38,9
23.02.2021 14:00;23.02.2021 15:00;39,0
23.02.2021 15:00;23.02.2021 16:00;39,74
23.02.2021 16:00;23.02.2021 17:00;47,37
23.02.2021 17:00;23.02.2021 18:00;59,45
23.02.2021 18:00;23.02.2021 19:00;58,37
23.02.2021 19:00;23.02.2021 20:00;58,03
23.02.2021 20:00;23.02.2021 21:00;51,29
23.02.2021 21:00;23.02.2021 22:00;43,96
23.02.2021 22:00;23.02.2021 23:00;40,1
23.02.2021 23:00;24.02.2021 00:00;35,22
24.02.2021 00:00;24.02.2021 01:00;20,62
24.02.2021 01:00;24.02.2021 02:00;20,39
24.02.2021 02:00;24.02.2021 03:00;22,82
24.02.2021 03:00;24.02.2021 04:00;15,79
24.02.2021 04:00;24.02.2021 05:00;19,25
24.02.2021 05:00;24.02.2021 06:00;21,94
24.02.2021 06:00;24.02.2021 07:00;38,19
24.02.2021 07:00;24.02.2021 08:00;46,27
24.02.2021 08:00;24.02.2021 09:00;53,38
24.02.2021 09:00;24.02.2021 10:00;43,89
24.02.2021 10:00;24.02.2021 11:00;38,02
24.02.2021 11:00;24.02.2021 12:00;36,04
24.02.2021 12:00;24.02.2021 13:00;33,43
24.02.2021 13:00;24.02.2021 14:00;33,83
24.02.2021 14:00;24.02.2021 15:00;36,03
24.02.2021 15:00;24.02.2021 16:00;40,78
24.02.2021 16:00;24.02.2021 17:00;46,18
24.02.2021 17:00;24.02.2021 18:00;55,1
24.02.2021 18:00;24.02.2021 19:00;60,93
24.02.2021 19:00;24.02.2021 20:00;57,31
24.02.2021 20:00;24.02.2021 21:00;51,09
24.02.2021 21:00;24.02.2021 22:00;43,59
24.02.2021 22:00;24.02.2021 23:00;43,62
24.02.2021 23:00;25.02.2021 00:00;36,7
25.02.2021 00:00;25.02.2021 01:00;35,57
25.02.2021 01:00;25.02.2021 02:00;35,08
25.02.2021 02:00;25.02.2021 03:00;34,49
25.02.2021 03:00;25.02.2021 04:00;33,3
25.02.2021 04:00;25.02.2021 05:00;35,07
25.02.2021 05:00;25.02.2021 06:00;38,66
25.02.2021 06:00;25.02.2021 07:00;43,1
25.02.2021 07:00;25.02.2021 08:00;54,44
25.02.2021 08:00;25.02.2021 09:00;53,9
25.02.2021 09:00;25.02.2021 10:00;49,81
25.02.2021 10:00;25.02.2021 11:00;42,12
25.02.2021 11:00;25.02.2021 12:00;41,48
25.02.2021 12:00;25.02.2021 13:00;40,86
25.02.2021 13:00;25.02.2021 14:00;40,13
25.02.2021 14:00;25.02.2021 15:00;42,4
25.02.2021 15:00;25.02.2021 16:00;46,23
25.02.2021 16:00;25.02.2021 17:00;51,07
25.02.2021 17:00;25.02.2021 18:00;55,73
25.02.2021 18:00;25.02.2021 19:00;64,9
25.02.2021 19:00;25.02.2021 20:00;65,73
25.02.2021 20:00;25.02.2021 21:00;56,91
25.02.2021 21:00;25.02.2021 22:00;53,5
25.02.2021 22:00;25.02.2021 23:00;48,44
25.02.2021 23:00;26.02.2021 00:00;45,0
26.02.2021 00:00;26.02.2021 01:00;45,1
26.02.2021 01:00;26.02.2021 02:00;41,8
26.02.2021 02:00;26.02.2021 03:00;40,99
26.02.2021 03:00;26.02.2021 04:00;40,24
26.02.2021 04:00;26.02.2021 05:00;40,7
26.02.2021 05:00;26.02.2021 06:00;42,73
26.02.2021 06:00;26.02.2021 07:00;54,39
26.02.2021 07:00;26.02.2021 08:00;60,54
26.02.2021 08:00;26.02.2021 09:00;60,85
26.02.2021 09:00;26.02.2021 10:00;55,51
26.02.2021 10:00;26.02.2021 11:00;50,6
26.02.2021 11:00;26.02.2021 12:00;44,48
26.02.2021 12:00;26.02.2021 13:00;41,94
26.02.2021 13:00;26.02.2021 14:00;40,19
26.02.2021 14:00;26.02.2021 15:00;39,0
26.02.2021 15:00;26.02.2021 16:00;40,14
26.02.2021 16:00;26.02.2021 17:00;43,16
26.02.2021 17:00;26.02.2021 18:00;52,76
26.02.2021 18:00;26.02.2021 19:00;57,91
26.02.2021 19:00;26.02.2021 20:00;57,53
26.02.2021 20:00;26.02.2021 21:00;54,94
26.02.2021 21:00;26.02.2021 22:00;48,65
26.02.2021 22:00;26.02.2021 23:00;46,28
26.02.2021 23:00;27.02.2021 00:00;42,71
27.02.2021 00:00;27.02.2021 01:00;44,0
27.02.2021 01:00;27.02.2021 02:00;40,49
27.02.2021 02:00;27.02.2021 03:00;40,44
27.02.2021 03:00;27.02.2021 04:00;38,4
27.02.2021 04:00;27.02.2021 05:00;39,09
27.02.2021 05:00;27.02.2021 06:00;39,61
27.02.2021 06:00;27.02.2021 07:00;43,34
27.02.2021 07:00;27.02.2021 08:00;48,69
27.02.2021 08:00;27.02.2021 09:00;53,72
27.02.2021 09:00;27.02.2021 10:00;52,37
27.02.2021 10:00;27.02.2021 11:00;45,62
27.02.2021 11:00;27.02.2021 12:00;41,0
27.02.2021 12:00;27.02.2021 13:00;38,71
27.02.2021 13:00;27.02.2021 14:00;36,85
27.02.2021 14:00;27.02.2021 15:00;36,38
27.02.2021 15:00;27.02.2021 16:00;37,0
27.02.2021 16:00;27.02.2021 17:00;41,07
27.02.2021 17:00;27.02.2021 18:00;54,6
27.02.2021 18:00;27.02.2021 19:00;58,95
27.02.2021 19:00;27.02.2021 20:00;57,5
27.02.2021 20:00;27.02.2021 21:00;54,27
27.02.2021 21:00;27.02.2021 22:00;47,4
27.02.2021 22:00;27.02.2021 23:00;46,05
27.02.2021 23:00;28.02.2021 00:00;42,9
28.02.2021 00:00;28.02.2021 01:00;41,7
28.02.2021 01:00;28.02.2021 02:00;40,1
28.02.2021 02:00;28.02.2021 03:00;39,55
28.02.2021 03:00;28.02.2021 04:00;39,42
28.02.2021 04:00;28.02.2021 05:00;38,48
28.02.2021 05:00;28.02.2021 06:00;39,44
28.02.2021 06:00;28.02.2021 07:00;40,06
28.02.2021 07:00;28.02.2021 08:00;41,0
28.02.2021 08:00;28.02.2021 09:00;42,04
28.02.2021 09:00;28.02.2021 10:00;40,43
28.02.2021 10:00;28.02.2021 11:00;38,9
28.02.2021 11:00;28.02.2021 12:00;38,77
28.02.2021 12:00;28.02.2021 13:00;36,0
28.02.2021 13:00;28.02.2021 14:00;27,24
28.02.2021 14:00;28.02.2021 15:00;26,03
28.02.2021 15:00;28.02.2021 16:00;35,4
28.02.2021 16:00;28.02.2021 17:00;37,97
28.02.2021 17:00;28.02.2021 18:00;53,1
28.02.2021 18:00;28.02.2021 19:00;58,63
28.02.2021 19:00;28.02.2021 20:00;59,28
28.02.2021 20:00;28.02.2021 21:00;55,27
28.02.2021 21:00;28.02.2021 22:00;48,25
28.02.2021 22:00;28.02.2021 23:00;49,06
28.02.2021 23:00;01.03.2021 00:00;43,61
01.03.2021 00:00;01.03.2021 01:00;42,5
01.03.2021 01:00;01.03.2021 02:00;40,96
01.03.2021 02:00;01.03.2021 03:00;41,0
01.03.2021 03:00;01.03.2021 04:00;40,95
01.03.2021 04:00;01.03.2021 05:00;40,8
01.03.2021 05:00;01.03.2021 06:00;44,94
01.03.2021 06:00;01.03.2021 07:00;57,48
01.03.2021 07:00;01.03.2021 08:00;65,09
01.03.2021 08:00;01.03.2021 09:00;66,38
01.03.2021 09:00;01.03.2021 10:00;59,16
01.03.2021 10:00;01.03.2021 11:00;52,4
01.03.2021 11:00;01.03.2021 12:00;44,48
01.03.2021 12:00;01.03.2021 13:00;42,05
01.03.2021 13:00;01.03.2021 14:00;40,07
01.03.2021 14:00;01.03.2021 15:00;40,03
01.03.2021 15:00;01.03.2021 16:00;41,75
01.03.2021 16:00;01.03.2021 17:00;46,15
01.03.2021 17:00;01.03.2021 18:00;55,78
01.03.2021 18:00;01.03.2021 19:00;68,49
01.03.2021 19:00;01.03.2021 20:00;64,99
01.03.2021 20:00;01.03.2021 21:00;57,36
01.03.2021 21:00;01.03.2021 22:00;50,85
01.03.2021 22:00;01.03.2021 23:00;48,05
01.03.2021 23:00;02.03.2021 00:00;42,65
02.03.2021 00:00;02.03.2021 01:00;44,32
02.03.2021 01:00;02.03.2021 02:00;43,89
02.03.2021 02:00;02.03.2021 03:00;43,36
02.03.2021 03:00;02.03.2021 04:00;42,14
02.03.2021 04:00;02.03.2021 05:00;42,1
02.03.2021 05:00;02.03.2021 06:00;47,27
02.03.2021 06:00;02.03.2021 07:00;55,91
02.03.2021 07:00;02.03.2021 08:00;66,07
02.03.2021 08:00;02.03.2021 09:00;71,04
02.03.2021 09:00;02.03.2021 10:00;58,73
02.03.2021 10:00;02.03.2021 11:00;51,02
02.03.2021 11:00;02.03.2021 12:00;44,68
02.03.2021 12:00;02.03.2021 13:00;43,36
02.03.2021 13:00;02.03.2021 14:00;43,79
02.03.2021 14:00;02.03.2021 15:00;43,34
02.03.2021 15:00;02.03.2021 16:00;45,22
02.03.2021 16:00;02.03.2021 17:00;53,2
02.03.2021 17:00;02.03.2021 18:00;58,63
02.03.2021 18:00;02.03.2021 19:00;79,31
02.03.2021 19:00;02.03.2021 20:00;78,62
02.03.2021 20:00;02.03.2021 21:00;63,45
02.03.2021 21:00;02.03.2021 22:00;56,92
02.03.2021 22:00;02.03.2021 23:00;55,48
02.03.2021 23:00;03.03.2021 00:00;52,13
03.03.2021 00:00;03.03.2021 01:00;45,52
03.03.2021 01:00;03.03.2021 02:00;44,72
03.03.2021 02:00;03.03.2021 03:00;43,81
03.03.2021 03:00;03.03.2021 04:00;43,93
03.03.2021 04:00;03.03.2021 05:00;44,07
03.03.2021 05:00;03.03.2021 06:00;49,38
03.03.2021 06:00;03.03.2021 07:00;58,99
03.03.2021 07:00;03.03.2021 08:00;67,04
03.03.2021 08:00;03.03.2021 09:00;66,75
03.03.2021 09:00;03.03.2021 10:00;58,2
03.03.2021 10:00;03.03.2021 11:00;49,51
03.03.2021 11:00;03.03.2021 12:00;44,72
03.03.2021 12:00;03.03.2021 13:00;44,15
03.03.2021 13:00;03.03.2021 14:00;42,76
03.03.2021 14:00;03.03.2021 15:00;43,19
03.03.2021 15:00;03.03.2021 16:00;44,9
03.03.2021 16:00;03.03.2021 17:00;46,98
03.03.2021 17:00;03.03.2021 18:00;56,36
03.03.2021 18:00;03.03.2021 19:00;67,68
03.03.2021 19:00;03.03.2021 20:00;70,0
03.03.2021 20:00;03.03.2021 21:00;60,22
03.03.2021 21:00;03.03.2021 22:00;54,74
03.03.2021 22:00;03.03.2021 23:00;52,24
03.03.2021 23:00;04.03.2021 00:00;46,01
04.03.2021 00:00;04.03.2021 01:00;48,12
04.03.2021 01:00;04.03.2021 02:00;46,14
04.03.2021 02:00;04.03.2021 03:00;44,25
04.03.2021 03:00;04.03.2021 04:00;43,39
04.03.2021 04:00;04.03.2021 05:00;43,96
04.03.2021 05:00;04.03.2021 06:00;46,47
04.03.2021 06:00;04.03.2021 07:00;55,8
04.03.2021 07:00;04.03.2021 08:00;62,01
04.03.2021 08:00;04.03.2021 09:00;65,71
04.03.2021 09:00;04.03.2021 10:00;64,93
04.03.2021 10:00;04.03.2021 11:00;60,05
04.03.2021 11:00;04.03.2021 12:00;56,45
04.03.2021 12:00;04.03.2021 13:00;55,0
04.03.2021 13:00;04.03.2021 14:00;53,98
04.03.2021 14:00;04.03.2021 15:00;53,23
04.03.2021 15:00;04.03.2021 16:00;53,49
04.03.2021 16:00;04.03.2021 17:00;53,07
04.03.2021 17:00;04.03.2021 18:00;56,09
04.03.2021 18:00;04.03.2021 19:00;62,13
04.03.2021 19:00;04.03.2021 20:00;66,14
04.03.2021 20:00;04.03.2021 21:00;57,6
04.03.2021 21:00;04.03.2021 22:00;53,1
04.03.2021 22:00;04.03.2021 23:00;50,57
04.03.2021 23:00;05.03.2021 00:00;46,13
05.03.2021 00:00;05.03.2021 01:00;45,63
05.03.2021 01:00;05.03.2021 02:00;44,25
05.03.2021 02:00;05.03.2021 03:00;42,65
05.03.2021 03:00;05.03.2021 04:00;42,03
05.03.2021 04:00;05.03.2021 05:00;43,39
05.03.2021 05:00;05.03.2021 06:00;47,0
05.03.2021 06:00;05.03.2021 07:00;57,31
05.03.2021 07:00;05.03.2021 08:00;64,85
05.03.2021 08:00;05.03.2021 09:00;67,97
05.03.2021 09:00;05.03.2021 10:00;65,18
05.03.2021 10:00;05.03.2021 11:00;60,14
05.03.2021 11:00;05.03.2021 12:00;57,64
05.03.2021 12:00;05.03.2021 13:00;55,01
05.03.2021 13:00;05.03.2021 14:00;47,13
05.03.2021 14:00;05.03.2021 15:00;44,24
05.03.2021 15:00;05.03.2021 16:00;45,8
05.03.2021 16:00;05.03.2021 17:00;51,99
05.03.2021 17:00;05.03.2021 18:00;58,91
05.03.2021 18:00;05.03.2021 19:00;64,16
05.03.2021 19:00;05.03.2021 20:00;65,37
05.03.2021 20:00;05.03.2021 21:00;59,17
05.03.2021 21:00;05.03.2021 22:00;55,34
05.03.2021 22:00;05.03.2021 23:00;53,15
05.03.2021 23:00;06.03.2021 00:00;48,17
06.03.2021 00:00;06.03.2021 01:00;48,0
06.03.2021 01:00;06.03.2021 02:00;45,85
06.03.2021 02:00;06.03.2021 03:00;43,57
06.03.2021 03:00;06.03.2021 04:00;40,8
06.03.2021 04:00;06.03.2021 05:00;40,36
06.03.2021 05:00;06.03.2021 06:00;40,46
06.03.2021 06:00;06.03.2021 07:00;41,45
06.03.2021 07:00;06.03.2021 08:00;46,48
06.03.2021 08:00;06.03.2021 09:00;48,03
06.03.2021 09:00;06.03.2021 10:00;45,61
06.03.2021 10:00;06.03.2021 11:00;40,92
06.03.2021 11:00;06.03.2021 12:00;38,53
06.03.2021 12:00;06.03.2021 13:00;37,43
06.03.2021 13:00;06.03.2021 14:00;37,62
06.03.2021 14:00;06.03.2021 15:00;36,9
06.03.2021 15:00;06.03.2021 16:00;38,57
06.03.2021 16:00;06.03.2021 17:00;40,27
06.03.2021 17:00;06.03.2021 18:00;48,64
06.03.2021 18:00;06.03.2021 19:00;56,02
06.03.2021 19:00;06.03.2021 20:00;58,87
06.03.2021 20:00;06.03.2021 21:00;54,97
06.03.2021 21:00;06.03.2021 22:00;48,89
06.03.2021 22:00;06.03.2021 23:00;49,68
06.03.2021 23:00;07.03.2021 00:00;45,03
07.03.2021 00:00;07.03.2021 01:00;45,25
07.03.2021 01:00;07.03.2021 02:00;41,75
07.03.2021 02:00;07.03.2021 03:00;41,65
07.03.2021 03:00;07.03.2021 04:00;43,44
07.03.2021 04:00;07.03.2021 05:00;42,13
07.03.2021 05:00;07.03.2021 06:00;43,85
07.03.2021 06:00;07.03.2021 07:00;45,24
07.03.2021 07:00;07.03.2021 08:00;44,37
07.03.2021 08:00;07.03.2021 09:00;39,58
07.03.2021 09:00;07.03.2021 10:00;37,58
07.03.2021 10:00;07.03.2021 11:00;38,13
07.03.2021 11:00;07.03.2021 12:00;38,79
07.03.2021 12:00;07.03.2021 13:00;38,55
07.03.2021 13:00;07.03.2021 14:00;37,52
07.03.2021 14:00;07.03.2021 15:00;38,11
07.03.2021 15:00;07.03.2021 16:00;40,0
07.03.2021 16:00;07.03.2021 17:00;42,4
07.03.2021 17:00;07.03.2021 18:00;47,67
07.03.2021 18:00;07.03.2021 19:00;55,84
07.03.2021 19:00;07.03.2021 20:00;60,91
07.03.2021 20:00;07.03.2021 21:00;56,77
07.03.2021 21:00;07.03.2021 22:00;54,27
07.03.2021 22:00;07.03.2021 23:00;53,0
07.03.2021 23:00;08.03.2021 00:00;48,99
08.03.2021 00:00;08.03.2021 01:00;47,3
08.03.2021 01:00;08.03.2021 02:00;45,5
08.03.2021 02:00;08.03.2021 03:00;44,48
08.03.2021 03:00;08.03.2021 04:00;43,02
08.03.2021 04:00;08.03.2021 05:00;45,0
08.03.2021 05:00;08.03.2021 06:00;50,06
08.03.2021 06:00;08.03.2021 07:00;63,92
08.03.2021 07:00;08.03.2021 08:00;79,27
08.03.2021 08:00;08.03.2021 09:00;86,66
08.03.2021 09:00;08.03.2021 10:00;67,9
08.03.2021 10:00;08.03.2021 11:00;59,34
08.03.2021 11:00;08.03.2021 12:00;57,73
08.03.2021 12:00;08.03.2021 13:00;55,77
08.03.2021 13:00;08.03.2021 14:00;54,48
08.03.2021 14:00;08.03.2021 15:00;54,15
08.03.2021 15:00;08.03.2021 16:00;55,41
08.03.2021 16:00;08.03.2021 17:00;58,64
08.03.2021 17:00;08.03.2021 18:00;70,0
08.03.2021 18:00;08.03.2021 19:00;100,87
08.03.2021 19:00;08.03.2021 20:00;103,71
08.03.2021 20:00;08.03.2021 21:00;66,18
08.03.2021 21:00;08.03.2021 22:00;59,16
08.03.2021 22:00;08.03.2021 23:00;56,87
08.03.2021 23:00;09.03.2021 00:00;53,14
09.03.2021 00:00;09.03.2021 01:00;47,52
09.03.2021 01:00;09.03.2021 02:00;46,66
09.03.2021 02:00;09.03.2021 03:00;43,77
09.03.2021 03:00;09.03.2021 04:00;43,09
09.03.2021 04:00;09.03.2021 05:00;43,59
09.03.2021 05:00;09.03.2021 06:00;48,26
09.03.2021 06:00;09.03.2021 07:00;61,7
09.03.2021 07:00;09.03.2021 08:00;73,4
09.03.2021 08:00;09.03.2021 09:00;81,35
09.03.2021 09:00;09.03.2021 10:00;72,55
09.03.2021 10:00;09.03.2021 11:00;63,02
09.03.2021 11:00;09.03.2021 12:00;59,7
09.03.2021 12:00;09.03.2021 13:00;57,94
09.03.2021 13:00;09.03.2021 14:00;56,47
09.03.2021 14:00;09.03.2021 15:00;56,49
09.03.2021 15:00;09.03.2021 16:00;57,39
09.03.2021 16:00;09.03.2021 17:00;57,05
09.03.2021 17:00;09.03.2021 18:00;65,0
09.03.2021 18:00;09.03.2021 19:00;90,16
09.03.2021 19:00;09.03.2021 20:00;93,3
09.03.2021 20:00;09.03.2021 21:00;70,0
09.03.2021 21:00;09.03.2021 22:00;61,7
09.03.2021 22:00;09.03.2021 23:00;58,3
09.03.2021 23:00;10.03.2021 00:00;53,57
10.03.2021 00:00;10.03.2021 01:00;55,57
10.03.2021 01:00;10.03.2021 02:00;53,05
10.03.2021 02:00;10.03.2021 03:00;50,03
10.03.2021 03:00;10.03.2021 04:00;49,04
10.03.2021 04:00;10.03.2021 05:00;49,0
10.03.2021 05:00;10.03.2021 06:00;53,08
10.03.2021 06:00;10.03.2021 07:00;58,9
10.03.2021 07:00;10.03.2021 08:00;69,9
10.03.2021 08:00;10.03.2021 09:00;68,08
10.03.2021 09:00;10.03.2021 10:00;58,48
10.03.2021 10:00;10.03.2021 11:00;50,95
10.03.2021 11:00;10.03.2021 12:00;50,39
10.03.2021 12:00;10.03.2021 13:00;47,26
10.03.2021 13:00;10.03.2021 14:00;45,98
10.03.2021 14:00;10.03.2021 15:00;45,77
10.03.2021 15:00;10.03.2021 16:00;47,1
10.03.2021 16:00;10.03.2021 17:00;49,03
10.03.2021 17:00;10.03.2021 18:00;55,1
10.03.2021 18:00;10.03.2021 19:00;58,51
10.03.2021 19:00;10.03.2021 20:00;56,88
10.03.2021 20:00;10.03.2021 21:00;45,04
10.03.2021 21:00;10.03.2021 22:00;41,36
10.03.2021 22:00;10.03.2021 23:00;37,11
10.03.2021 23:00;11.03.2021 00:00;24,12
11.03.2021 00:00;11.03.2021 01:00;17,8
11.03.2021 01:00;11.03.2021 02:00;0,1
11.03.2021 02:00;11.03.2021 03:00;0,01
11.03.2021 03:00;11.03.2021 04:00;0,0
11.03.2021 04:00;11.03.2021 05:00;0,03
11.03.2021 05:00;11.03.2021 06:00;14,95
11.03.2021 06:00;11.03.2021 07:00;24,97
11.03.2021 07:00;11.03.2021 08:00;37,9
11.03.2021 08:00;11.03.2021 09:00;39,83
11.03.2021 09:00;11.03.2021 10:00;38,28
11.03.2021 10:00;11.03.2021 11:00;35,84
11.03.2021 11:00;11.03.2021 12:00;35,76
11.03.2021 12:00;11.03.2021 13:00;37,88
11.03.2021 13:00;11.03.2021 14:00;30,27
11.03.2021 14:00;11.03.2021 15:00;26,21
11.03.2021 15:00;11.03.2021 16:00;30,77
11.03.2021 16:00;11.03.2021 17:00;34,09
11.03.2021 17:00;11.03.2021 18:00;38,97
11.03.2021 18:00;11.03.2021 19:00;48,33
11.03.2021 19:00;11.03.2021 20:00;55,93
11.03.2021 20:00;11.03.2021 21:00;39,98
11.03.2021 21:00;11.03.2021 22:00;31,23
11.03.2021 22:00;11.03.2021 23:00;27,08
11.03.2021 23:00;12.03.2021 00:00;12,13
12.03.2021 00:00;12.03.2021 01:00;17,61
12.03.2021 01:00;12.03.2021 02:00;15,8
12.03.2021 02:00;12.03.2021 03:00;4,59
12.03.2021 03:00;12.03.2021 04:00;4,58
12.03.2021 04:00;12.03.2021 05:00;10,71
12.03.2021 05:00;12.03.2021 06:00;21,02
12.03.2021 06:00;12.03.2021 07:00;32,63
12.03.2021 07:00;12.03.2021 08:00;39,95
12.03.2021 08:00;12.03.2021 09:00;36,33
12.03.2021 09:00;12.03.2021 10:00;24,12
12.03.2021 10:00;12.03.2021 11:00;0,07
12.03.2021 11:00;12.03.2021 12:00;0,01
12.03.2021 12:00;12.03.2021 13:00;-5,09
12.03.2021 13:00;12.03.2021 14:00;-1,14
12.03.2021 14:00;12.03.2021 15:00;0,09
12.03.2021 15:00;12.03.2021 16:00;25,35
12.03.2021 16:00;12.03.2021 17:00;28,21
12.03.2021 17:00;12.03.2021 18:00;39,99
12.03.2021 18:00;12.03.2021 19:00;50,58
12.03.2021 19:00;12.03.2021 20:00;52,84
12.03.2021 20:00;12.03.2021 21:00;37,95
12.03.2021 21:00;12.03.2021 22:00;31,56
12.03.2021 22:00;12.03.2021 23:00;34,3
12.03.2021 23:00;13.03.2021 00:00;32,81
13.03.2021 00:00;13.03.2021 01:00;26,61
13.03.2021 01:00;13.03.2021 02:00;24,58
13.03.2021 02:00;13.03.2021 03:00;20,73
13.03.2021 03:00;13.03.2021 04:00;17,32
13.03.2021 04:00;13.03.2021 05:00;18,23
13.03.2021 05:00;13.03.2021 06:00;17,4
13.03.2021 06:00;13.03.2021 07:00;22,84
13.03.2021 07:00;13.03.2021 08:00;17,15
13.03.2021 08:00;13.03.2021 09:00;4,07
13.03.2021 09:00;13.03.2021 10:00;2,95
13.03.2021 10:00;13.03.2021 11:00;0,08
13.03.2021 11:00;13.03.2021 12:00;0,0
13.03.2021 12:00;13.03.2021 13:00;-3,17
13.03.2021 13:00;13.03.2021 14:00;-8,66
13.03.2021 14:00;13.03.2021 15:00;-8,74
13.03.2021 15:00;13.03.2021 16:00;-4,7
13.03.2021 16:00;13.03.2021 17:00;-0,99
13.03.2021 17:00;13.03.2021 18:00;16,1
13.03.2021 18:00;13.03.2021 19:00;32,5
13.03.2021 19:00;13.03.2021 20:00;42,63
13.03.2021 20:00;13.03.2021 21:00;24,94
13.03.2021 21:00;13.03.2021 22:00;4,38
13.03.2021 22:00;13.03.2021 23:00;20,02
13.03.2021 23:00;14.03.2021 00:00;-0,01
14.03.2021 00:00;14.03.2021 01:00;-4,92
14.03.2021 01:00;14.03.2021 02:00;-2,94
14.03.2021 02:00;14.03.2021 03:00;-0,1
14.03.2021 03:00;14.03.2021 04:00;-1,06
14.03.2021 04:00;14.03.2021 05:00;-0,08
14.03.2021 05:00;14.03.2021 06:00;-0,02
14.03.2021 06:00;14.03.2021 07:00;-0,1
14.03.2021 07:00;14.03.2021 08:00;0,0
14.03.2021 08:00;14.03.2021 09:00;4,66
14.03.2021 09:00;14.03.2021 10:00;19,91
14.03.2021 10:00;14.03.2021 11:00;14,15
14.03.2021 11:00;14.03.2021 12:00;9,97
14.03.2021 12:00;14.03.2021 13:00;8,51
14.03.2021 13:00;14.03.2021 14:00;-0,01
14.03.2021 14:00;14.03.2021 15:00;-0,02
14.03.2021 15:00;14.03.2021 16:00;0,13
14.03.2021 16:00;14.03.2021 17:00;17,2
14.03.2021 17:00;14.03.2021 18:00;28,86
14.03.2021 18:00;14.03.2021 19:00;49,51
14.03.2021 19:00;14.03.2021 20:00;57,28
14.03.2021 20:00;14.03.2021 21:00;45,26
14.03.2021 21:00;14.03.2021 22:00;43,76
14.03.2021 22:00;14.03.2021 23:00;46,9
14.03.2021 23:00;15.03.2021 00:00;41,23
15.03.2021 00:00;15.03.2021 01:00;40,67
15.03.2021 01:00;15.03.2021 02:00;37,01
15.03.2021 02:00;15.03.2021 03:00;36,07
15.03.2021 03:00;15.03.2021 04:00;35,03
15.03.2021 04:00;15.03.2021 05:00;33,26
15.03.2021 05:00;15.03.2021 06:00;40,69
15.03.2021 06:00;15.03.2021 07:00;55,6
15.03.2021 07:00;15.03.2021 08:00;62,47
15.03.2021 08:00;15.03.2021 09:00;64,89
15.03.2021 09:00;15.03.2021 10:00;61,55
15.03.2021 10:00;15.03.2021 11:00;55,05
15.03.2021 11:00;15.03.2021 12:00;50,42
15.03.2021 12:00;15.03.2021 13:00;47,98
15.03.2021 13:00;15.03.2021 14:00;45,2
15.03.2021 14:00;15.03.2021 15:00;40,77
15.03.2021 15:00;15.03.2021 16:00;39,52
15.03.2021 16:00;15.03.2021 17:00;42,61
15.03.2021 17:00;15.03.2021 18:00;50,6
15.03.2021 18:00;15.03.2021 19:00;61,97
15.03.2021 19:00;15.03.2021 20:00;67,82
15.03.2021 20:00;15.03.2021 21:00;59,93
15.03.2021 21:00;15.03.2021 22:00;55,9
15.03.2021 22:00;15.03.2021 23:00;50,76
15.03.2021 23:00;16.03.2021 00:00;46,86
16.03.2021 00:00;16.03.2021 01:00;45,46
16.03.2021 01:00;16.03.2021 02:00;44,76
16.03.2021 02:00;16.03.2021 03:00;44,77
16.03.2021 03:00;16.03.2021 04:00;43,08
16.03.2021 04:00;16.03.2021 05:00;44,1
16.03.2021 05:00;16.03.2021 06:00;47,4
16.03.2021 06:00;16.03.2021 07:00;59,1
16.03.2021 07:00;16.03.2021 08:00;66,29
16.03.2021 08:00;16.03.2021 09:00;68,92
16.03.2021 09:00;16.03.2021 10:00;62,49
16.03.2021 10:00;16.03.2021 11:00;59,93
16.03.2021 11:00;16.03.2021 12:00;58,62
16.03.2021 12:00;16.03.2021 13:00;54,84
16.03.2021 13:00;16.03.2021 14:00;48,08
16.03.2021 14:00;16.03.2021 15:00;48,61
16.03.2021 15:00;16.03.2021 16:00;52,98
16.03.2021 16:00;16.03.2021 17:00;59,99
16.03.2021 17:00;16.03.2021 18:00;65,96
16.03.2021 18:00;16.03.2021 19:00;70,7
16.03.2021 19:00;16.03.2021 20:00;77,71
16.03.2021 20:00;16.03.2021 21:00;61,4
16.03.2021 21:00;16.03.2021 22:00;56,01
16.03.2021 22:00;16.03.2021 23:00;53,88
16.03.2021 23:00;17.03.2021 00:00;49,19
17.03.2021 00:00;17.03.2021 01:00;46,14
17.03.2021 01:00;17.03.2021 02:00;45,47
17.03.2021 02:00;17.03.2021 03:00;44,45
17.03.2021 03:00;17.03.2021 04:00;44,4
17.03.2021 04:00;17.03.2021 05:00;45,39
17.03.2021 05:00;17.03.2021 06:00;48,83
17.03.2021 06:00;17.03.2021 07:00;53,81
17.03.2021 07:00;17.03.2021 08:00;63,21
17.03.2021 08:00;17.03.2021 09:00;64,0
17.03.2021 09:00;17.03.2021 10:00;62,55
17.03.2021 10:00;17.03.2021 11:00;57,51
17.03.2021 11:00;17.03.2021 12:00;59,57
17.03.2021 12:00;17.03.2021 13:00;54,82
17.03.2021 13:00;17.03.2021 14:00;51,69
17.03.2021 14:00;17.03.2021 15:00;50,31
17.03.2021 15:00;17.03.2021 16:00;49,95
17.03.2021 16:00;17.03.2021 17:00;55,64
17.03.2021 17:00;17.03.2021 18:00;66,2
17.03.2021 18:00;17.03.2021 19:00;77,79
17.03.2021 19:00;17.03.2021 20:00;85,0
17.03.2021 20:00;17.03.2021 21:00;69,28
17.03.2021 21:00;17.03.2021 22:00;64,55
17.03.2021 22:00;17.03.2021 23:00;62,46
17.03.2021 23:00;18.03.2021 00:00;60,46
18.03.2021 00:00;18.03.2021 01:00;51,12
18.03.2021 01:00;18.03.2021 02:00;49,56
18.03.2021 02:00;18.03.2021 03:00;48,17
18.03.2021 03:00;18.03.2021 04:00;47,94
18.03.2021 04:00;18.03.2021 05:00;47,03
18.03.2021 05:00;18.03.2021 06:00;51,53
18.03.2021 06:00;18.03.2021 07:00;66,05
18.03.2021 07:00;18.03.2021 08:00;79,15
18.03.2021 08:00;18.03.2021 09:00;78,34
18.03.2021 09:00;18.03.2021 10:00;75,0
18.03.2021 10:00;18.03.2021 11:00;69,51
18.03.2021 11:00;18.03.2021 12:00;68,0
18.03.2021 12:00;18.03.2021 13:00;65,31
18.03.2021 13:00;18.03.2021 14:00;62,21
18.03.2021 14:00;18.03.2021 15:00;61,15
18.03.2021 15:00;18.03.2021 16:00;62,9
18.03.2021 16:00;18.03.2021 17:00;64,53
18.03.2021 17:00;18.03.2021 18:00;75,22
18.03.2021 18:00;18.03.2021 19:00;88,99
18.03.2021 19:00;18.03.2021 20:00;98,71
18.03.2021 20:00;18.03.2021 21:00;70,91
18.03.2021 21:00;18.03.2021 22:00;61,9
18.03.2021 22:00;18.03.2021 23:00;60,12
18.03.2021 23:00;19.03.2021 00:00;53,23
19.03.2021 00:00;19.03.2021 01:00;61,12
19.03.2021 01:00;19.03.2021 02:00;56,24
19.03.2021 02:00;19.03.2021 03:00;50,89
19.03.2021 03:00;19.03.2021 04:00;48,5
19.03.2021 04:00;19.03.2021 05:00;50,0
19.03.2021 05:00;19.03.2021 06:00;52,1
19.03.2021 06:00;19.03.2021 07:00;67,02
19.03.2021 07:00;19.03.2021 08:00;71,55
19.03.2021 08:00;19.03.2021 09:00;71,53
19.03.2021 09:00;19.03.2021 10:00;64,1
19.03.2021 10:00;19.03.2021 11:00;50,42
19.03.2021 11:00;19.03.2021 12:00;45,31
19.03.2021 12:00;19.03.2021 13:00;44,53
19.03.2021 13:00;19.03.2021 14:00;43,5
19.03.2021 14:00;19.03.2021 15:00;43,16
19.03.2021 15:00;19.03.2021 16:00;43,53
19.03.2021 16:00;19.03.2021 17:00;47,67
19.03.2021 17:00;19.03.2021 18:00;55,58
19.03.2021 18:00;19.03.2021 19:00;65,96
19.03.2021 19:00;19.03.2021 20:00;72,99
19.03.2021 20:00;19.03.2021 21:00;66,4
19.03.2021 21:00;19.03.2021 22:00;61,99
19.03.2021 22:00;19.03.2021 23:00;60,64
19.03.2021 23:00;20.03.2021 00:00;60,11
20.03.2021 00:00;20.03.2021 01:00;58,82
20.03.2021 01:00;20.03.2021 02:00;55,74
20.03.2021 02:00;20.03.2021 03:00;56,35
20.03.2021 03:00;20.03.2021 04:00;50,81
20.03.2021 04:00;20.03.2021 05:00;50,0
20.03.2021 05:00;20.03.2021 06:00;51,03
20.03.2021 06:00;20.03.2021 07:00;52,54
20.03.2021 07:00;20.03.2021 08:00;56,72
20.03.2021 08:00;20.03.2021 09:00;53,36
20.03.2021 09:00;20.03.2021 10:00;51,29
20.03.2021 10:00;20.03.2021 11:00;47,07
20.03.2021 11:00;20.03.2021 12:00;45,67
20.03.2021 12:00;20.03.2021 13:00;45,08
20.03.2021 13:00;20.03.2021 14:00;43,05
20.03.2021 14:00;20.03.2021 15:00;40,98
20.03.2021 15:00;20.03.2021 16:00;44,0
20.03.2021 16:00;20.03.2021 17:00;44,92
20.03.2021 17:00;20.03.2021 18:00;49,94
20.03.2021 18:00;20.03.2021 19:00;62,5
20.03.2021 19:00;20.03.2021 20:00;68,09
20.03.2021 20:00;20.03.2021 21:00;59,94
20.03.2021 21:00;20.03.2021 22:00;49,03
20.03.2021 22:00;20.03.2021 23:00;48,92
20.03.2021 23:00;21.03.2021 00:00;46,4
21.03.2021 00:00;21.03.2021 01:00;39,65
21.03.2021 01:00;21.03.2021 02:00;29,02
21.03.2021 02:00;21.03.2021 03:00;31,43
21.03.2021 03:00;21.03.2021 04:00;26,74
21.03.2021 04:00;21.03.2021 05:00;26,79
21.03.2021 05:00;21.03.2021 06:00;23,66
21.03.2021 06:00;21.03.2021 07:00;13,8
21.03.2021 07:00;21.03.2021 08:00;22,87
21.03.2021 08:00;21.03.2021 09:00;29,67
21.03.2021 09:00;21.03.2021 10:00;31,21
21.03.2021 10:00;21.03.2021 11:00;28,17
21.03.2021 11:00;21.03.2021 12:00;34,87
21.03.2021 12:00;21.03.2021 13:00;33,46
21.03.2021 13:00;21.03.2021 14:00;23,34
21.03.2021 14:00;21.03.2021 15:00;21,2
21.03.2021 15:00;21.03.2021 16:00;22,59
21.03.2021 16:00;21.03.2021 17:00;30,0
21.03.2021 17:00;21.03.2021 18:00;41,3
21.03.2021 18:00;21.03.2021 19:00;56,05
21.03.2021 19:00;21.03.2021 20:00;64,82
21.03.2021 20:00;21.03.2021 21:00;59,47
21.03.2021 21:00;21.03.2021 22:00;54,8
21.03.2021 22:00;21.03.2021 23:00;55,27
21.03.2021 23:00;22.03.2021 00:00;49,85
22.03.2021 00:00;22.03.2021 01:00;49,55
22.03.2021 01:00;22.03.2021 02:00;48,74
22.03.2021 02:00;22.03.2021 03:00;47,76
22.03.2021 03:00;22.03.2021 04:00;47,01
22.03.2021 04:00;22.03.2021 05:00;47,4
22.03.2021 05:00;22.03.2021 06:00;50,56
22.03.2021 06:00;22.03.2021 07:00;62,0
22.03.2021 07:00;22.03.2021 08:00;73,0
22.03.2021 08:00;22.03.2021 09:00;74,9
22.03.2021 09:00;22.03.2021 10:00;71,6
22.03.2021 10:00;22.03.2021 11:00;65,46
22.03.2021 11:00;22.03.2021 12:00;62,43
22.03.2021 12:00;22.03.2021 13:00;59,41
22.03.2021 13:00;22.03.2021 14:00;53,78
22.03.2021 14:00;22.03.2021 15:00;51,95
22.03.2021 15:00;22.03.2021 16:00;51,01
22.03.2021 16:00;22.03.2021 17:00;54,01
22.03.2021 17:00;22.03.2021 18:00;63,98
22.03.2021 18:00;22.03.2021 19:00;75,5
22.03.2021 19:00;22.03.2021 20:00;90,47
22.03.2021 20:00;22.03.2021 21:00;75,0
22.03.2021 21:00;22.03.2021 22:00;65,43
22.03.2021 22:00;22.03.2021 23:00;60,8
22.03.2021 23:00;23.03.2021 00:00;49,7
23.03.2021 00:00;23.03.2021 01:00;54,55
23.03.2021 01:00;23.03.2021 02:00;53,86
23.03.2021 02:00;23.03.2021 03:00;50,68
23.03.2021 03:00;23.03.2021 04:00;50,61
23.03.2021 04:00;23.03.2021 05:00;52,56
23.03.2021 05:00;23.03.2021 06:00;58,74
23.03.2021 06:00;23.03.2021 07:00;65,25
23.03.2021 07:00;23.03.2021 08:00;74,37
23.03.2021 08:00;23.03.2021 09:00;75,9
23.03.2021 09:00;23.03.2021 10:00;69,2
23.03.2021 10:00;23.03.2021 11:00;63,46
23.03.2021 11:00;23.03.2021 12:00;62,1
23.03.2021 12:00;23.03.2021 13:00;61,97
23.03.2021 13:00;23.03.2021 14:00;57,58
23.03.2021 14:00;23.03.2021 15:00;58,69
23.03.2021 15:00;23.03.2021 16:00;58,43
23.03.2021 16:00;23.03.2021 17:00;60,02
23.03.2021 17:00;23.03.2021 18:00;64,64
23.03.2021 18:00;23.03.2021 19:00;71,4
23.03.2021 19:00;23.03.2021 20:00;83,49
23.03.2021 20:00;23.03.2021 21:00;72,48
23.03.2021 21:00;23.03.2021 22:00;64,57
23.03.2021 22:00;23.03.2021 23:00;60,47
23.03.2021 23:00;24.03.2021 00:00;51,0
24.03.2021 00:00;24.03.2021 01:00;47,59
24.03.2021 01:00;24.03.2021 02:00;47,41
24.03.2021 02:00;24.03.2021 03:00;44,95
24.03.2021 03:00;24.03.2021 04:00;45,43
24.03.2021 04:00;24.03.2021 05:00;47,48
24.03.2021 05:00;24.03.2021 06:00;49,06
24.03.2021 06:00;24.03.2021 07:00;64,97
24.03.2021 07:00;24.03.2021 08:00;65,78
24.03.2021 08:00;24.03.2021 09:00;67,93
24.03.2021 09:00;24.03.2021 10:00;50,87
24.03.2021 10:00;24.03.2021 11:00;44,04
24.03.2021 11:00;24.03.2021 12:00;44,37
24.03.2021 12:00;24.03.2021 13:00;43,95
24.03.2021 13:00;24.03.2021 14:00;44,82
24.03.2021 14:00;24.03.2021 15:00;45,21
24.03.2021 15:00;24.03.2021 16:00;48,87
24.03.2021 16:00;24.03.2021 17:00;52,07
24.03.2021 17:00;24.03.2021 18:00;61,32
24.03.2021 18:00;24.03.2021 19:00;70,91
24.03.2021 19:00;24.03.2021 20:00;84,0
24.03.2021 20:00;24.03.2021 21:00;73,58
24.03.2021 21:00;24.03.2021 22:00;66,75
24.03.2021 22:00;24.03.2021 23:00;62,5
24.03.2021 23:00;25.03.2021 00:00;59,1
25.03.2021 00:00;25.03.2021 01:00;54,56
25.03.2021 01:00;25.03.2021 02:00;50,31
25.03.2021 02:00;25.03.2021 03:00;49,68
25.03.2021 03:00;25.03.2021 04:00;48,87
25.03.2021 04:00;25.03.2021 05:00;50,2
25.03.2021 05:00;25.03.2021 06:00;58,87
25.03.2021 06:00;25.03.2021 07:00;68,8
25.03.2021 07:00;25.03.2021 08:00;74,97
25.03.2021 08:00;25.03.2021 09:00;74,93
25.03.2021 09:00;25.03.2021 10:00;67,04
25.03.2021 10:00;25.03.2021 11:00;57,9
25.03.2021 11:00;25.03.2021 12:00;46,42
25.03.2021 12:00;25.03.2021 13:00;46,07
25.03.2021 13:00;25.03.2021 14:00;46,9
25.03.2021 14:00;25.03.2021 15:00;48,87
25.03.2021 15:00;25.03.2021 16:00;48,0
25.03.2021 16:00;25.03.2021 17:00;55,71
25.03.2021 17:00;25.03.2021 18:00;63,26
25.03.2021 18:00;25.03.2021 19:00;72,15
25.03.2021 19:00;25.03.2021 20:00;85,43
25.03.2021 20:00;25.03.2021 21:00;72,34
25.03.2021 21:00;25.03.2021 22:00;62,9
25.03.2021 22:00;25.03.2021 23:00;59,31
25.03.2021 23:00;26.03.2021 00:00;48,98
26.03.2021 00:00;26.03.2021 01:00;52,3
26.03.2021 01:00;26.03.2021 02:00;50,05
26.03.2021 02:00;26.03.2021 03:00;48,88
26.03.2021 03:00;26.03.2021 04:00;46,07
26.03.2021 04:00;26.03.2021 05:00;45,62
26.03.2021 05:00;26.03.2021 06:00;49,91
26.03.2021 06:00;26.03.2021 07:00;61,16
26.03.2021 07:00;26.03.2021 08:00;65,81
26.03.2021 08:00;26.03.2021 09:00;63,67
26.03.2021 09:00;26.03.2021 10:00;48,01
26.03.2021 10:00;26.03.2021 11:00;42,89
26.03.2021 11:00;26.03.2021 12:00;37,65
26.03.2021 12:00;26.03.2021 13:00;36,9
26.03.2021 13:00;26.03.2021 14:00;34,73
26.03.2021 14:00;26.03.2021 15:00;37,09
26.03.2021 15:00;26.03.2021 16:00;45,15
26.03.2021 16:00;26.03.2021 17:00;50,29
26.03.2021 17:00;26.03.2021 18:00;60,68
26.03.2021 18:00;26.03.2021 19:00;62,43
26.03.2021 19:00;26.03.2021 20:00;69,01
26.03.2021 20:00;26.03.2021 21:00;64,3
26.03.2021 21:00;26.03.2021 22:00;57,39
26.03.2021 22:00;26.03.2021 23:00;53,33
26.03.2021 23:00;27.03.2021 00:00;49,58
27.03.2021 00:00;27.03.2021 01:00;43,0
27.03.2021 01:00;27.03.2021 02:00;38,09
27.03.2021 02:00;27.03.2021 03:00;36,0
27.03.2021 03:00;27.03.2021 04:00;34,03
27.03.2021 04:00;27.03.2021 05:00;29,64
27.03.2021 05:00;27.03.2021 06:00;34,09
27.03.2021 06:00;27.03.2021 07:00;34,32
27.03.2021 07:00;27.03.2021 08:00;30,49
27.03.2021 08:00;27.03.2021 09:00;25,1
27.03.2021 09:00;27.03.2021 10:00;13,0
27.03.2021 10:00;27.03.2021 11:00;5,12
27.03.2021 11:00;27.03.2021 12:00;-2,89
27.03.2021 12:00;27.03.2021 13:00;-49,9
27.03.2021 13:00;27.03.2021 14:00;-39,26
27.03.2021 14:00;27.03.2021 15:00;-29,96
27.03.2021 15:00;27.03.2021 16:00;-1,81
27.03.2021 16:00;27.03.2021 17:00;19,49
27.03.2021 17:00;27.03.2021 18:00;42,4
27.03.2021 18:00;27.03.2021 19:00;57,5
27.03.2021 19:00;27.03.2021 20:00;66,1
27.03.2021 20:00;27.03.2021 21:00;59,02
27.03.2021 21:00;27.03.2021 22:00;49,42
27.03.2021 22:00;27.03.2021 23:00;53,0
27.03.2021 23:00;28.03.2021 00:00;46,68
28.03.2021 00:00;28.03.2021 01:00;43,77
28.03.2021 01:00;27.03.2021 02:00;38,62
28.03.2021 03:00;28.03.2021 04:00;35,43
28.03.2021 04:00;28.03.2021 05:00;35,0
28.03.2021 05:00;28.03.2021 06:00;35,07
28.03.2021 06:00;28.03.2021 07:00;35,67
28.03.2021 07:00;28.03.2021 08:00;35,72
28.03.2021 08:00;28.03.2021 09:00;27,68
28.03.2021 09:00;28.03.2021 10:00;30,0
28.03.2021 10:00;28.03.2021 11:00;21,22
28.03.2021 11:00;28.03.2021 12:00;1,88
28.03.2021 12:00;28.03.2021 13:00;-19,04
28.03.2021 13:00;28.03.2021 14:00;-49,99
28.03.2021 14:00;28.03.2021 15:00;-49,97
28.03.2021 15:00;28.03.2021 16:00;-40,99
28.03.2021 16:00;28.03.2021 17:00;-12,14
28.03.2021 17:00;28.03.2021 18:00;4,55
28.03.2021 18:00;28.03.2021 19:00;35,3
28.03.2021 19:00;28.03.2021 20:00;43,04
28.03.2021 20:00;28.03.2021 21:00;48,34
28.03.2021 21:00;28.03.2021 22:00;40,98
28.03.2021 22:00;28.03.2021 23:00;40,97
28.03.2021 23:00;29.03.2021 00:00;38,68
29.03.2021 00:00;29.03.2021 01:00;27,56
29.03.2021 01:00;29.03.2021 02:00;23,03
29.03.2021 02:00;29.03.2021 03:00;22,12
29.03.2021 03:00;29.03.2021 04:00;22,79
29.03.2021 04:00;29.03.2021 05:00;23,44
29.03.2021 05:00;29.03.2021 06:00;35,54
29.03.2021 06:00;29.03.2021 07:00;51,33
29.03.2021 07:00;29.03.2021 08:00;67,25
29.03.2021 08:00;29.03.2021 09:00;70,86
29.03.2021 09:00;29.03.2021 10:00;55,04
29.03.2021 10:00;29.03.2021 11:00;42,29
29.03.2021 11:00;29.03.2021 12:00;29,28
29.03.2021 12:00;29.03.2021 13:00;22,33
29.03.2021 13:00;29.03.2021 14:00;17,92
29.03.2021 14:00;29.03.2021 15:00;17,13
29.03.2021 15:00;29.03.2021 16:00;18,61
29.03.2021 16:00;29.03.2021 17:00;20,44
29.03.2021 17:00;29.03.2021 18:00;39,71
29.03.2021 18:00;29.03.2021 19:00;57,68
29.03.2021 19:00;29.03.2021 20:00;67,63
29.03.2021 20:00;29.03.2021 21:00;68,15
29.03.2021 21:00;29.03.2021 22:00;64,02
29.03.2021 22:00;29.03.2021 23:00;59,18
29.03.2021 23:00;30.03.2021 00:00;56,0
30.03.2021 00:00;30.03.2021 01:00;47,08
30.03.2021 01:00;30.03.2021 02:00;46,46
30.03.2021 02:00;30.03.2021 03:00;44,65
30.03.2021 03:00;30.03.2021 04:00;45,59
30.03.2021 04:00;30.03.2021 05:00;46,27
30.03.2021 05:00;30.03.2021 06:00;53,22
30.03.2021 06:00;30.03.2021 07:00;65,09
30.03.2021 07:00;30.03.2021 08:00;78,22
30.03.2021 08:00;30.03.2021 09:00;76,73
30.03.2021 09:00;30.03.2021 10:00;64,63
30.03.2021 10:00;30.03.2021 11:00;52,94
30.03.2021 11:00;30.03.2021 12:00;46,37
30.03.2021 12:00;30.03.2021 13:00;44,8
30.03.2021 13:00;30.03.2021 14:00;42,05
30.03.2021 14:00;30.03.2021 15:00;39,89
30.03.2021 15:00;30.03.2021 16:00;39,78
30.03.2021 16:00;30.03.2021 17:00;43,18
30.03.2021 17:00;30.03.2021 18:00;52,5
30.03.2021 18:00;30.03.2021 19:00;63,24
30.03.2021 19:00;30.03.2021 20:00;74,29
30.03.2021 20:00;30.03.2021 21:00;77,01
30.03.2021 21:00;30.03.2021 22:00;67,38
30.03.2021 22:00;30.03.2021 23:00;65,69
30.03.2021 23:00;31.03.2021 00:00;60,36
31.03.2021 00:00;31.03.2021 01:00;56,58
31.03.2021 01:00;31.03.2021 02:00;50,97
31.03.2021 02:00;31.03.2021 03:00;50,0
31.03.2021 03:00;31.03.2021 04:00;49,18
31.03.2021 04:00;31.03.2021 05:00;48,33
31.03.2021 05:00;31.03.2021 06:00;53,54
31.03.2021 06:00;31.03.2021 07:00;67,41
31.03.2021 07:00;31.03.2021 08:00;75,11
31.03.2021 08:00;31.03.2021 09:00;76,39
31.03.2021 09:00;31.03.2021 10:00;65,98
31.03.2021 10:00;31.03.2021 11:00;56,81
31.03.2021 11:00;31.03.2021 12:00;50,71
31.03.2021 12:00;31.03.2021 13:00;49,0
31.03.2021 13:00;31.03.2021 14:00;46,66
31.03.2021 14:00;31.03.2021 15:00;43,09
31.03.2021 15:00;31.03.2021 16:00;43,92
31.03.2021 16:00;31.03.2021 17:00;46,79
31.03.2021 17:00;31.03.2021 18:00;51,32
31.03.2021 18:00;31.03.2021 19:00;67,16
31.03.2021 19:00;31.03.2021 20:00;96,8
31.03.2021 20:00;31.03.2021 21:00;78,6
31.03.2021 21:00;31.03.2021 22:00;66,15
31.03.2021 22:00;31.03.2021 23:00;62,9
31.03.2021 23:00;01.04.2021 00:00;55,92
01.04.2021 00:00;01.04.2021 01:00;54,38
01.04.2021 01:00;01.04.2021 02:00;47,82
01.04.2021 02:00;01.04.2021 03:00;45,1
01.04.2021 03:00;01.04.2021 04:00;44,17
01.04.2021 04:00;01.04.2021 05:00;44,29
01.04.2021 05:00;01.04.2021 06:00;45,7
01.04.2021 06:00;01.04.2021 07:00;62,43
01.04.2021 07:00;01.04.2021 08:00;70,97
01.04.2021 08:00;01.04.2021 09:00;67,0
01.04.2021 09:00;01.04.2021 10:00;60,36
01.04.2021 10:00;01.04.2021 11:00;54,39
01.04.2021 11:00;01.04.2021 12:00;45,95
01.04.2021 12:00;01.04.2021 13:00;43,11
01.04.2021 13:00;01.04.2021 14:00;38,95
01.04.2021 14:00;01.04.2021 15:00;36,26
01.04.2021 15:00;01.04.2021 16:00;39,45
01.04.2021 16:00;01.04.2021 17:00;43,0
01.04.2021 17:00;01.04.2021 18:00;49,35
01.04.2021 18:00;01.04.2021 19:00;57,19
01.04.2021 19:00;01.04.2021 20:00;63,72
01.04.2021 20:00;01.04.2021 21:00;66,41
01.04.2021 21:00;01.04.2021 22:00;61,28
01.04.2021 22:00;01.04.2021 23:00;58,83
01.04.2021 23:00;02.04.2021 00:00;54,82
02.04.2021 00:00;02.04.2021 01:00;54,24
02.04.2021 01:00;02.04.2021 02:00;49,77
02.04.2021 02:00;02.04.2021 03:00;47,0
02.04.2021 03:00;02.04.2021 04:00;43,7
02.04.2021 04:00;02.04.2021 05:00;43,96
02.04.2021 05:00;02.04.2021 06:00;47,17
02.04.2021 06:00;02.04.2021 07:00;53,52
02.04.2021 07:00;02.04.2021 08:00;60,24
02.04.2021 08:00;02.04.2021 09:00;60,67
02.04.2021 09:00;02.04.2021 10:00;56,25
02.04.2021 10:00;02.04.2021 11:00;45,56
02.04.2021 11:00;02.04.2021 12:00;40,4
02.04.2021 12:00;02.04.2021 13:00;28,26
02.04.2021 13:00;02.04.2021 14:00;0,07
02.04.2021 14:00;02.04.2021 15:00;-11,83
02.04.2021 15:00;02.04.2021 16:00;-20,95
02.04.2021 16:00;02.04.2021 17:00;-14,11
02.04.2021 17:00;02.04.2021 18:00;16,22
02.04.2021 18:00;02.04.2021 19:00;42,0
02.04.2021 19:00;02.04.2021 20:00;49,72
02.04.2021 20:00;02.04.2021 21:00;50,74
02.04.2021 21:00;02.04.2021 22:00;45,0
02.04.2021 22:00;02.04.2021 23:00;45,0
02.04.2021 23:00;03.04.2021 00:00;43,37
03.04.2021 00:00;03.04.2021 01:00;42,01
03.04.2021 01:00;03.04.2021 02:00;38,4
03.04.2021 02:00;03.04.2021 03:00;37,51
03.04.2021 03:00;03.04.2021 04:00;37,23
03.04.2021 04:00;03.04.2021 05:00;37,1
03.04.2021 05:00;03.04.2021 06:00;37,68
03.04.2021 06:00;03.04.2021 07:00;40,1
03.04.2021 07:00;03.04.2021 08:00;42,01
03.04.2021 08:00;03.04.2021 09:00;45,88
03.04.2021 09:00;03.04.2021 10:00;47,14
03.04.2021 10:00;03.04.2021 11:00;41,08
03.04.2021 11:00;03.04.2021 12:00;37,15
03.04.2021 12:00;03.04.2021 13:00;33,89
03.04.2021 13:00;03.04.2021 14:00;23,7
03.04.2021 14:00;03.04.2021 15:00;16,79
03.04.2021 15:00;03.04.2021 16:00;9,75
03.04.2021 16:00;03.04.2021 17:00;21,96
03.04.2021 17:00;03.04.2021 18:00;39,83
03.04.2021 18:00;03.04.2021 19:00;49,9
03.04.2021 19:00;03.04.2021 20:00;58,0
03.04.2021 20:00;03.04.2021 21:00;59,23
03.04.2021 21:00;03.04.2021 22:00;53,2
03.04.2021 22:00;03.04.2021 23:00;51,48
03.04.2021 23:00;04.04.2021 00:00;48,44
04.04.2021 00:00;04.04.2021 01:00;47,46
04.04.2021 01:00;04.04.2021 02:00;41,56
04.04.2021 02:00;04.04.2021 03:00;39,83
04.04.2021 03:00;04.04.2021 04:00;39,87
04.04.2021 04:00;04.04.2021 05:00;39,88
04.04.2021 05:00;04.04.2021 06:00;38,75
04.04.2021 06:00;04.04.2021 07:00;36,81
04.04.2021 07:00;04.04.2021 08:00;38,43
04.04.2021 08:00;04.04.2021 09:00;39,53
04.04.2021 09:00;04.04.2021 10:00;35,99
04.04.2021 10:00;04.04.2021 11:00;20,37
04.04.2021 11:00;04.04.2021 12:00;16,25
04.04.2021 12:00;04.04.2021 13:00;18,07
04.04.2021 13:00;04.04.2021 14:00;6,01
04.04.2021 14:00;04.04.2021 15:00;2,02
04.04.2021 15:00;04.04.2021 16:00;0,1
04.04.2021 16:00;04.04.2021 17:00;1,01
04.04.2021 17:00;04.04.2021 18:00;7,18
04.04.2021 18:00;04.04.2021 19:00;31,01
04.04.2021 19:00;04.04.2021 20:00;39,87
04.04.2021 20:00;04.04.2021 21:00;47,45
04.04.2021 21:00;04.04.2021 22:00;40,5
04.04.2021 22:00;04.04.2021 23:00;33,38
04.04.2021 23:00;05.04.2021 00:00;3,24
05.04.2021 00:00;05.04.2021 01:00;0,05
05.04.2021 01:00;05.04.2021 02:00;-10,0
05.04.2021 02:00;05.04.2021 03:00;-29,91
05.04.2021 03:00;05.04.2021 04:00;-29,98
05.04.2021 04:00;05.04.2021 05:00;-21,4
05.04.2021 05:00;05.04.2021 06:00;-34,97
05.04.2021 06:00;05.04.2021 07:00;-39,97
05.04.2021 07:00;05.04.2021 08:00;-44,94
05.04.2021 08:00;05.04.2021 09:00;-25,69
05.04.2021 09:00;05.04.2021 10:00;-17,65
05.04.2021 10:00;05.04.2021 11:00;-19,19
05.04.2021 11:00;05.04.2021 12:00;-12,95
05.04.2021 12:00;05.04.2021 13:00;-27,68
05.04.2021 13:00;05.04.2021 14:00;-44,98
05.04.2021 14:00;05.04.2021 15:00;-52,73
05.04.2021 15:00;05.04.2021 16:00;-49,11
05.04.2021 16:00;05.04.2021 17:00;-35,35
05.04.2021 17:00;05.04.2021 18:00;-9,47
05.04.2021 18:00;05.04.2021 19:00;0,08
05.04.2021 19:00;05.04.2021 20:00;21,15
05.04.2021 20:00;05.04.2021 21:00;27,87
05.04.2021 21:00;05.04.2021 22:00;19,96
05.04.2021 22:00;05.04.2021 23:00;18,47
05.04.2021 23:00;06.04.2021 00:00;10,47
06.04.2021 00:00;06.04.2021 01:00;14,7
06.04.2021 01:00;06.04.2021 02:00;13,9
06.04.2021 02:00;06.04.2021 03:00;12,37
06.04.2021 03:00;06.04.2021 04:00;14,19
06.04.2021 04:00;06.04.2021 05:00;14,93
06.04.2021 05:00;06.04.2021 06:00;28,21
06.04.2021 06:00;06.04.2021 07:00;46,16
06.04.2021 07:00;06.04.2021 08:00;65,46
06.04.2021 08:00;06.04.2021 09:00;59,99
06.04.2021 09:00;06.04.2021 10:00;39,85
06.04.2021 10:00;06.04.2021 11:00;33,94
06.04.2021 11:00;06.04.2021 12:00;28,67
06.04.2021 12:00;06.04.2021 13:00;20,88
06.04.2021 13:00;06.04.2021 14:00;12,52
06.04.2021 14:00;06.04.2021 15:00;9,9
06.04.2021 15:00;06.04.2021 16:00;17,19
06.04.2021 16:00;06.04.2021 17:00;20,68
06.04.2021 17:00;06.04.2021 18:00;38,73
06.04.2021 18:00;06.04.2021 19:00;52,58
06.04.2021 19:00;06.04.2021 20:00;66,51
06.04.2021 20:00;06.04.2021 21:00;71,44
06.04.2021 21:00;06.04.2021 22:00;61,23
06.04.2021 22:00;06.04.2021 23:00;56,88
06.04.2021 23:00;07.04.2021 00:00;48,17
07.04.2021 00:00;07.04.2021 01:00;55,58
07.04.2021 01:00;07.04.2021 02:00;46,3
07.04.2021 02:00;07.04.2021 03:00;46,36
07.04.2021 03:00;07.04.2021 04:00;45,94
07.04.2021 04:00;07.04.2021 05:00;44,58
07.04.2021 05:00;07.04.2021 06:00;47,7
07.04.2021 06:00;07.04.2021 07:00;61,95
07.04.2021 07:00;07.04.2021 08:00;80,86
07.04.2021 08:00;07.04.2021 09:00;84,5
07.04.2021 09:00;07.04.2021 10:00;65,89
07.04.2021 10:00;07.04.2021 11:00;55,94
07.04.2021 11:00;07.04.2021 12:00;52,32
07.04.2021 12:00;07.04.2021 13:00;41,3
07.04.2021 13:00;07.04.2021 14:00;40,68
07.04.2021 14:00;07.04.2021 15:00;39,97
07.04.2021 15:00;07.04.2021 16:00;39,83
07.04.2021 16:00;07.04.2021 17:00;40,66
07.04.2021 17:00;07.04.2021 18:00;40,25
07.04.2021 18:00;07.04.2021 19:00;46,4
07.04.2021 19:00;07.04.2021 20:00;55,5
07.04.2021 20:00;07.04.2021 21:00;49,3
07.04.2021 21:00;07.04.2021 22:00;46,2
07.04.2021 22:00;07.04.2021 23:00;41,93
07.04.2021 23:00;08.04.2021 00:00;37,82
08.04.2021 00:00;08.04.2021 01:00;39,54
08.04.2021 01:00;08.04.2021 02:00;40,26
08.04.2021 02:00;08.04.2021 03:00;40,76
08.04.2021 03:00;08.04.2021 04:00;44,9
08.04.2021 04:00;08.04.2021 05:00;46,77
08.04.2021 05:00;08.04.2021 06:00;47,2
08.04.2021 06:00;08.04.2021 07:00;60,95
08.04.2021 07:00;08.04.2021 08:00;79,86
08.04.2021 08:00;08.04.2021 09:00;99,26
08.04.2021 09:00;08.04.2021 10:00;66,49
08.04.2021 10:00;08.04.2021 11:00;59,71
08.04.2021 11:00;08.04.2021 12:00;58,53
08.04.2021 12:00;08.04.2021 13:00;57,02
08.04.2021 13:00;08.04.2021 14:00;53,39
08.04.2021 14:00;08.04.2021 15:00;51,47
08.04.2021 15:00;08.04.2021 16:00;49,02
08.04.2021 16:00;08.04.2021 17:00;47,63
08.04.2021 17:00;08.04.2021 18:00;53,9
08.04.2021 18:00;08.04.2021 19:00;63,86
08.04.2021 19:00;08.04.2021 20:00;76,18
08.04.2021 20:00;08.04.2021 21:00;76,31
08.04.2021 21:00;08.04.2021 22:00;61,86
08.04.2021 22:00;08.04.2021 23:00;58,04
08.04.2021 23:00;09.04.2021 00:00;49,02
09.04.2021 00:00;09.04.2021 01:00;41,9
09.04.2021 01:00;09.04.2021 02:00;41,9
09.04.2021 02:00;09.04.2021 03:00;39,48
09.04.2021 03:00;09.04.2021 04:00;37,97
09.04.2021 04:00;09.04.2021 05:00;41,88
09.04.2021 05:00;09.04.2021 06:00;43,59
09.04.2021 06:00;09.04.2021 07:00;46,36
09.04.2021 07:00;09.04.2021 08:00;55,02
09.04.2021 08:00;09.04.2021 09:00;59,08
09.04.2021 09:00;09.04.2021 10:00;47,38
09.04.2021 10:00;09.04.2021 11:00;44,01
09.04.2021 11:00;09.04.2021 12:00;42,12
09.04.2021 12:00;09.04.2021 13:00;41,86
09.04.2021 13:00;09.04.2021 14:00;45,36
09.04.2021 14:00;09.04.2021 15:00;47,38
09.04.2021 15:00;09.04.2021 16:00;46,53
09.04.2021 16:00;09.04.2021 17:00;58,11
09.04.2021 17:00;09.04.2021 18:00;63,93
09.04.2021 18:00;09.04.2021 19:00;70,68
09.04.2021 19:00;09.04.2021 20:00;83,0
09.04.2021 20:00;09.04.2021 21:00;84,9
09.04.2021 21:00;09.04.2021 22:00;76,51
09.04.2021 22:00;09.04.2021 23:00;70,29
09.04.2021 23:00;10.04.2021 00:00;64,87
10.04.2021 00:00;10.04.2021 01:00;66,02
10.04.2021 01:00;10.04.2021 02:00;61,21
10.04.2021 02:00;10.04.2021 03:00;55,65
10.04.2021 03:00;10.04.2021 04:00;55,56
10.04.2021 04:00;10.04.2021 05:00;52,39
10.04.2021 05:00;10.04.2021 06:00;54,04
10.04.2021 06:00;10.04.2021 07:00;52,68
10.04.2021 07:00;10.04.2021 08:00;59,62
10.04.2021 08:00;10.04.2021 09:00;66,2
10.04.2021 09:00;10.04.2021 10:00;69,19
10.04.2021 10:00;10.04.2021 11:00;64,51
10.04.2021 11:00;10.04.2021 12:00;61,21
10.04.2021 12:00;10.04.2021 13:00;58,93
10.04.2021 13:00;10.04.2021 14:00;52,5
10.04.2021 14:00;10.04.2021 15:00;50,08
10.04.2021 15:00;10.04.2021 16:00;50,01
10.04.2021 16:00;10.04.2021 17:00;52,04
10.04.2021 17:00;10.04.2021 18:00;59,84
10.04.2021 18:00;10.04.2021 19:00;65,7
10.04.2021 19:00;10.04.2021 20:00;69,24
10.04.2021 20:00;10.04.2021 21:00;68,92
10.04.2021 21:00;10.04.2021 22:00;61,56
10.04.2021 22:00;10.04.2021 23:00;54,62
10.04.2021 23:00;11.04.2021 00:00;49,61
11.04.2021 00:00;11.04.2021 01:00;53,59
11.04.2021 01:00;11.04.2021 02:00;46,33
11.04.2021 02:00;11.04.2021 03:00;42,42
11.04.2021 03:00;11.04.2021 04:00;45,04
11.04.2021 04:00;11.04.2021 05:00;44,69
11.04.2021 05:00;11.04.2021 06:00;41,98
11.04.2021 06:00;11.04.2021 07:00;42,84
11.04.2021 07:00;11.04.2021 08:00;41,88
11.04.2021 08:00;11.04.2021 09:00;45,64
11.04.2021 09:00;11.04.2021 10:00;46,38
11.04.2021 10:00;11.04.2021 11:00;45,92
11.04.2021 11:00;11.04.2021 12:00;47,76
11.04.2021 12:00;11.04.2021 13:00;45,66
11.04.2021 13:00;11.04.2021 14:00;44,81
11.04.2021 14:00;11.04.2021 15:00;41,92
11.04.2021 15:00;11.04.2021 16:00;41,29
11.04.2021 16:00;11.04.2021 17:00;42,0
11.04.2021 17:00;11.04.2021 18:00;44,36
11.04.2021 18:00;11.04.2021 19:00;48,2
11.04.2021 19:00;11.04.2021 20:00;62,04
11.04.2021 20:00;11.04.2021 21:00;67,24
11.04.2021 21:00;11.04.2021 22:00;67,2
11.04.2021 22:00;11.04.2021 23:00;63,85
11.04.2021 23:00;12.04.2021 00:00;55,47
12.04.2021 00:00;12.04.2021 01:00;48,64
12.04.2021 01:00;12.04.2021 02:00;49,08
12.04.2021 02:00;12.04.2021 03:00;50,0
12.04.2021 03:00;12.04.2021 04:00;50,72
12.04.2021 04:00;12.04.2021 05:00;50,05
12.04.2021 05:00;12.04.2021 06:00;53,8
12.04.2021 06:00;12.04.2021 07:00;69,25
12.04.2021 07:00;12.04.2021 08:00;85,66
12.04.2021 08:00;12.04.2021 09:00;100,0
12.04.2021 09:00;12.04.2021 10:00;81,33
12.04.2021 10:00;12.04.2021 11:00;65,79
12.04.2021 11:00;12.04.2021 12:00;66,64
12.04.2021 12:00;12.04.2021 13:00;60,71
12.04.2021 13:00;12.04.2021 14:00;54,57
12.04.2021 14:00;12.04.2021 15:00;48,26
12.04.2021 15:00;12.04.2021 16:00;47,88
12.04.2021 16:00;12.04.2021 17:00;48,91
12.04.2021 17:00;12.04.2021 18:00;54,53
12.04.2021 18:00;12.04.2021 19:00;70,72
12.04.2021 19:00;12.04.2021 20:00;80,0
12.04.2021 20:00;12.04.2021 21:00;80,1
12.04.2021 21:00;12.04.2021 22:00;77,64
12.04.2021 22:00;12.04.2021 23:00;64,74
12.04.2021 23:00;13.04.2021 00:00;46,34
13.04.2021 00:00;13.04.2021 01:00;52,14
13.04.2021 01:00;13.04.2021 02:00;51,9
13.04.2021 02:00;13.04.2021 03:00;50,51
13.04.2021 03:00;13.04.2021 04:00;49,33
13.04.2021 04:00;13.04.2021 05:00;52,02
13.04.2021 05:00;13.04.2021 06:00;53,05
13.04.2021 06:00;13.04.2021 07:00;69,62
13.04.2021 07:00;13.04.2021 08:00;84,91
13.04.2021 08:00;13.04.2021 09:00;76,96
13.04.2021 09:00;13.04.2021 10:00;52,73
13.04.2021 10:00;13.04.2021 11:00;45,77
13.04.2021 11:00;13.04.2021 12:00;46,66
13.04.2021 12:00;13.04.2021 13:00;45,64
13.04.2021 13:00;13.04.2021 14:00;43,76
13.04.2021 14:00;13.04.2021 15:00;41,58
13.04.2021 15:00;13.04.2021 16:00;42,73
13.04.2021 16:00;13.04.2021 17:00;46,55
13.04.2021 17:00;13.04.2021 18:00;51,85
13.04.2021 18:00;13.04.2021 19:00;63,26
13.04.2021 19:00;13.04.2021 20:00;77,26
13.04.2021 20:00;13.04.2021 21:00;88,32
13.04.2021 21:00;13.04.2021 22:00;73,7
13.04.2021 22:00;13.04.2021 23:00;65,58
13.04.2021 23:00;14.04.2021 00:00;54,56
14.04.2021 00:00;14.04.2021 01:00;50,1
14.04.2021 01:00;14.04.2021 02:00;53,46
14.04.2021 02:00;14.04.2021 03:00;54,07
14.04.2021 03:00;14.04.2021 04:00;53,85
14.04.2021 04:00;14.04.2021 05:00;54,02
14.04.2021 05:00;14.04.2021 06:00;54,89
14.04.2021 06:00;14.04.2021 07:00;79,05
14.04.2021 07:00;14.04.2021 08:00;118,52
14.04.2021 08:00;14.04.2021 09:00;125,0
14.04.2021 09:00;14.04.2021 10:00;75,54
14.04.2021 10:00;14.04.2021 11:00;62,62
14.04.2021 11:00;14.04.2021 12:00;62,08
14.04.2021 12:00;14.04.2021 13:00;58,29
14.04.2021 13:00;14.04.2021 14:00;54,9
14.04.2021 14:00;14.04.2021 15:00;50,62
14.04.2021 15:00;14.04.2021 16:00;52,79
14.04.2021 16:00;14.04.2021 17:00;52,03
14.04.2021 17:00;14.04.2021 18:00;62,04
14.04.2021 18:00;14.04.2021 19:00;73,19
14.04.2021 19:00;14.04.2021 20:00;97,45
14.04.2021 20:00;14.04.2021 21:00;100,0
14.04.2021 21:00;14.04.2021 22:00;85,62
14.04.2021 22:00;14.04.2021 23:00;75,66
14.04.2021 23:00;15.04.2021 00:00;62,05
15.04.2021 00:00;15.04.2021 01:00;61,96
15.04.2021 01:00;15.04.2021 02:00;57,81
15.04.2021 02:00;15.04.2021 03:00;57,01
15.04.2021 03:00;15.04.2021 04:00;57,5
15.04.2021 04:00;15.04.2021 05:00;61,16
15.04.2021 05:00;15.04.2021 06:00;65,81
15.04.2021 06:00;15.04.2021 07:00;82,9
15.04.2021 07:00;15.04.2021 08:00;105,05
15.04.2021 08:00;15.04.2021 09:00;118,0
15.04.2021 09:00;15.04.2021 10:00;77,14
15.04.2021 10:00;15.04.2021 11:00;65,93
15.04.2021 11:00;15.04.2021 12:00;64,1
15.04.2021 12:00;15.04.2021 13:00;55,42
15.04.2021 13:00;15.04.2021 14:00;51,29
15.04.2021 14:00;15.04.2021 15:00;49,1
15.04.2021 15:00;15.04.2021 16:00;49,84
15.04.2021 16:00;15.04.2021 17:00;52,0
15.04.2021 17:00;15.04.2021 18:00;55,88
15.04.2021 18:00;15.04.2021 19:00;67,94
15.04.2021 19:00;15.04.2021 20:00;81,46
15.04.2021 20:00;15.04.2021 21:00;81,05
15.04.2021 21:00;15.04.2021 22:00;71,42
15.04.2021 22:00;15.04.2021 23:00;64,62
15.04.2021 23:00;16.04.2021 00:00;53,01
16.04.2021 00:00;16.04.2021 01:00;52,57
16.04.2021 01:00;16.04.2021 02:00;52,5
16.04.2021 02:00;16.04.2021 03:00;51,35
16.04.2021 03:00;16.04.2021 04:00;52,16
16.04.2021 04:00;16.04.2021 05:00;54,34
16.04.2021 05:00;16.04.2021 06:00;56,41
16.04.2021 06:00;16.04.2021 07:00;70,76
16.04.2021 07:00;16.04.2021 08:00;86,09
16.04.2021 08:00;16.04.2021 09:00;96,1
16.04.2021 09:00;16.04.2021 10:00;65,58
16.04.2021 10:00;16.04.2021 11:00;63,64
16.04.2021 11:00;16.04.2021 12:00;59,67
16.04.2021 12:00;16.04.2021 13:00;57,51
16.04.2021 13:00;16.04.2021 14:00;55,25
16.04.2021 14:00;16.04.2021 15:00;52,9
16.04.2021 15:00;16.04.2021 16:00;54,02
16.04.2021 16:00;16.04.2021 17:00;53,66
16.04.2021 17:00;16.04.2021 18:00;57,59
16.04.2021 18:00;16.04.2021 19:00;68,09
16.04.2021 19:00;16.04.2021 20:00;78,51
16.04.2021 20:00;16.04.2021 21:00;78,07
16.04.2021 21:00;16.04.2021 22:00;67,68
16.04.2021 22:00;16.04.2021 23:00;65,59
16.04.2021 23:00;17.04.2021 00:00;63,03
17.04.2021 00:00;17.04.2021 01:00;65,91
17.04.2021 01:00;17.04.2021 02:00;55,56
17.04.2021 02:00;17.04.2021 03:00;57,12
17.04.2021 03:00;17.04.2021 04:00;55,93
17.04.2021 04:00;17.04.2021 05:00;55,99
17.04.2021 05:00;17.04.2021 06:00;57,14
17.04.2021 06:00;17.04.2021 07:00;65,57
17.04.2021 07:00;17.04.2021 08:00;65,19
17.04.2021 08:00;17.04.2021 09:00;73,31
17.04.2021 09:00;17.04.2021 10:00;68,8
17.04.2021 10:00;17.04.2021 11:00;58,76
17.04.2021 11:00;17.04.2021 12:00;56,63
17.04.2021 12:00;17.04.2021 13:00;54,63
17.04.2021 13:00;17.04.2021 14:00;50,59
17.04.2021 14:00;17.04.2021 15:00;49,45
17.04.2021 15:00;17.04.2021 16:00;49,35
17.04.2021 16:00;17.04.2021 17:00;50,72
17.04.2021 17:00;17.04.2021 18:00;53,49
17.04.2021 18:00;17.04.2021 19:00;59,98
17.04.2021 19:00;17.04.2021 20:00;74,48
17.04.2021 20:00;17.04.2021 21:00;78,47
17.04.2021 21:00;17.04.2021 22:00;77,1
17.04.2021 22:00;17.04.2021 23:00;69,55
17.04.2021 23:00;18.04.2021 00:00;64,98
18.04.2021 00:00;18.04.2021 01:00;68,33
18.04.2021 01:00;18.04.2021 02:00;63,98
18.04.2021 02:00;18.04.2021 03:00;62,65
18.04.2021 03:00;18.04.2021 04:00;62,1
18.04.2021 04:00;18.04.2021 05:00;61,02
18.04.2021 05:00;18.04.2021 06:00;60,57
18.04.2021 06:00;18.04.2021 07:00;60,54
18.04.2021 07:00;18.04.2021 08:00;62,62
18.04.2021 08:00;18.04.2021 09:00;64,52
18.04.2021 09:00;18.04.2021 10:00;63,57
18.04.2021 10:00;18.04.2021 11:00;59,93
18.04.2021 11:00;18.04.2021 12:00;56,93
18.04.2021 12:00;18.04.2021 13:00;56,59
18.04.2021 13:00;18.04.2021 14:00;51,94
18.04.2021 14:00;18.04.2021 15:00;49,42
18.04.2021 15:00;18.04.2021 16:00;48,97
18.04.2021 16:00;18.04.2021 17:00;51,34
18.04.2021 17:00;18.04.2021 18:00;54,55
18.04.2021 18:00;18.04.2021 19:00;64,99
18.04.2021 19:00;18.04.2021 20:00;76,08
18.04.2021 20:00;18.04.2021 21:00;80,93
18.04.2021 21:00;18.04.2021 22:00;80,0
18.04.2021 22:00;18.04.2021 23:00;76,31
18.04.2021 23:00;19.04.2021 00:00;65,21
19.04.2021 00:00;19.04.2021 01:00;62,78
19.04.2021 01:00;19.04.2021 02:00;58,09
19.04.2021 02:00;19.04.2021 03:00;58,08
19.04.2021 03:00;19.04.2021 04:00;56,09
19.04.2021 04:00;19.04.2021 05:00;57,91
19.04.2021 05:00;19.04.2021 06:00;66,58
19.04.2021 06:00;19.04.2021 07:00;84,9
19.04.2021 07:00;19.04.2021 08:00;98,66
19.04.2021 08:00;19.04.2021 09:00;117,18
19.04.2021 09:00;19.04.2021 10:00;102,78
19.04.2021 10:00;19.04.2021 11:00;89,19
19.04.2021 11:00;19.04.2021 12:00;75,12
19.04.2021 12:00;19.04.2021 13:00;66,5
19.04.2021 13:00;19.04.2021 14:00;60,4
19.04.2021 14:00;19.04.2021 15:00;59,63
19.04.2021 15:00;19.04.2021 16:00;60,14
19.04.2021 16:00;19.04.2021 17:00;59,64
19.04.2021 17:00;19.04.2021 18:00;69,98
19.04.2021 18:00;19.04.2021 19:00;85,04
19.04.2021 19:00;19.04.2021 20:00;99,41
19.04.2021 20:00;19.04.2021 21:00;100,0
19.04.2021 21:00;19.04.2021 22:00;89,5
19.04.2021 22:00;19.04.2021 23:00;73,76
19.04.2021 23:00;20.04.2021 00:00;64,66
20.04.2021 00:00;20.04.2021 01:00;64,54
20.04.2021 01:00;20.04.2021 02:00;62,61
20.04.2021 02:00;20.04.2021 03:00;62,53
20.04.2021 03:00;20.04.2021 04:00;63,92
20.04.2021 04:00;20.04.2021 05:00;68,61
20.04.2021 05:00;20.04.2021 06:00;71,94
20.04.2021 06:00;20.04.2021 07:00;85,43
20.04.2021 07:00;20.04.2021 08:00;99,05
20.04.2021 08:00;20.04.2021 09:00;110,41
20.04.2021 09:00;20.04.2021 10:00;92,0
20.04.2021 10:00;20.04.2021 11:00;69,53
20.04.2021 11:00;20.04.2021 12:00;62,27
20.04.2021 12:00;20.04.2021 13:00;60,46
20.04.2021 13:00;20.04.2021 14:00;58,98
20.04.2021 14:00;20.04.2021 15:00;57,87
20.04.2021 15:00;20.04.2021 16:00;57,02
20.04.2021 16:00;20.04.2021 17:00;58,83
20.04.2021 17:00;20.04.2021 18:00;69,88
20.04.2021 18:00;20.04.2021 19:00;84,98
20.04.2021 19:00;20.04.2021 20:00;100,0
20.04.2021 20:00;20.04.2021 21:00;101,73
20.04.2021 21:00;20.04.2021 22:00;93,92
20.04.2021 22:00;20.04.2021 23:00;86,91
20.04.2021 23:00;21.04.2021 00:00;75,0
21.04.2021 00:00;21.04.2021 01:00;66,75
21.04.2021 01:00;21.04.2021 02:00;63,08
21.04.2021 02:00;21.04.2021 03:00;62,24
21.04.2021 03:00;21.04.2021 04:00;61,17
21.04.2021 04:00;21.04.2021 05:00;62,4
21.04.2021 05:00;21.04.2021 06:00;63,19
21.04.2021 06:00;21.04.2021 07:00;81,01
21.04.2021 07:00;21.04.2021 08:00;87,61
21.04.2021 08:00;21.04.2021 09:00;76,24
21.04.2021 09:00;21.04.2021 10:00;59,14
21.04.2021 10:00;21.04.2021 11:00;51,68
21.04.2021 11:00;21.04.2021 12:00;57,81
21.04.2021 12:00;21.04.2021 13:00;49,39
21.04.2021 13:00;21.04.2021 14:00;46,87
21.04.2021 14:00;21.04.2021 15:00;43,36
21.04.2021 15:00;21.04.2021 16:00;41,62
21.04.2021 16:00;21.04.2021 17:00;33,38
21.04.2021 17:00;21.04.2021 18:00;42,06
21.04.2021 18:00;21.04.2021 19:00;53,64
21.04.2021 19:00;21.04.2021 20:00;73,61
21.04.2021 20:00;21.04.2021 21:00;78,02
21.04.2021 21:00;21.04.2021 22:00;69,9
21.04.2021 22:00;21.04.2021 23:00;62,35
21.04.2021 23:00;22.04.2021 00:00;50,49
22.04.2021 00:00;22.04.2021 01:00;46,74
22.04.2021 01:00;22.04.2021 02:00;46,79
22.04.2021 02:00;22.04.2021 03:00;44,35
22.04.2021 03:00;22.04.2021 04:00;46,78
22.04.2021 04:00;22.04.2021 05:00;47,21
22.04.2021 05:00;22.04.2021 06:00;50,0
22.04.2021 06:00;22.04.2021 07:00;66,73
22.04.2021 07:00;22.04.2021 08:00;82,57
22.04.2021 08:00;22.04.2021 09:00;59,34
22.04.2021 09:00;22.04.2021 10:00;42,72
22.04.2021 10:00;22.04.2021 11:00;35,63
22.04.2021 11:00;22.04.2021 12:00;28,97
22.04.2021 12:00;22.04.2021 13:00;17,67
22.04.2021 13:00;22.04.2021 14:00;0,07
22.04.2021 14:00;22.04.2021 15:00;0,06
22.04.2021 15:00;22.04.2021 16:00;1,53
22.04.2021 16:00;22.04.2021 17:00;15,95
22.04.2021 17:00;22.04.2021 18:00;46,72
22.04.2021 18:00;22.04.2021 19:00;51,57
22.04.2021 19:00;22.04.2021 20:00;77,73
22.04.2021 20:00;22.04.2021 21:00;84,42
22.04.2021 21:00;22.04.2021 22:00;78,25
22.04.2021 22:00;22.04.2021 23:00;66,75
22.04.2021 23:00;23.04.2021 00:00;63,1
23.04.2021 00:00;23.04.2021 01:00;66,73
23.04.2021 01:00;23.04.2021 02:00;58,4
23.04.2021 02:00;23.04.2021 03:00;57,48
23.04.2021 03:00;23.04.2021 04:00;57,9
23.04.2021 04:00;23.04.2021 05:00;57,48
23.04.2021 05:00;23.04.2021 06:00;67,0
23.04.2021 06:00;23.04.2021 07:00;77,0
23.04.2021 07:00;23.04.2021 08:00;83,73
23.04.2021 08:00;23.04.2021 09:00;83,16
23.04.2021 09:00;23.04.2021 10:00;63,89
23.04.2021 10:00;23.04.2021 11:00;54,38
23.04.2021 11:00;23.04.2021 12:00;50,84
23.04.2021 12:00;23.04.2021 13:00;46,72
23.04.2021 13:00;23.04.2021 14:00;43,52
23.04.2021 14:00;23.04.2021 15:00;38,73
23.04.2021 15:00;23.04.2021 16:00;40,06
23.04.2021 16:00;23.04.2021 17:00;45,29
23.04.2021 17:00;23.04.2021 18:00;51,36
23.04.2021 18:00;23.04.2021 19:00;64,0
23.04.2021 19:00;23.04.2021 20:00;78,02
23.04.2021 20:00;23.04.2021 21:00;81,02
23.04.2021 21:00;23.04.2021 22:00;78,33
23.04.2021 22:00;23.04.2021 23:00;70,9
23.04.2021 23:00;24.04.2021 00:00;65,69
24.04.2021 00:00;24.04.2021 01:00;68,51
24.04.2021 01:00;24.04.2021 02:00;64,5
24.04.2021 02:00;24.04.2021 03:00;61,4
24.04.2021 03:00;24.04.2021 04:00;56,86
24.04.2021 04:00;24.04.2021 05:00;54,89
24.04.2021 05:00;24.04.2021 06:00;54,55
24.04.2021 06:00;24.04.2021 07:00;57,95
24.04.2021 07:00;24.04.2021 08:00;57,51
24.04.2021 08:00;24.04.2021 09:00;55,75
24.04.2021 09:00;24.04.2021 10:00;54,68
24.04.2021 10:00;24.04.2021 11:00;50,0
24.04.2021 11:00;24.04.2021 12:00;47,96
24.04.2021 12:00;24.04.2021 13:00;43,9
24.04.2021 13:00;24.04.2021 14:00;32,84
24.04.2021 14:00;24.04.2021 15:00;20,24
24.04.2021 15:00;24.04.2021 16:00;19,51
24.04.2021 16:00;24.04.2021 17:00;28,18
24.04.2021 17:00;24.04.2021 18:00;48,46
24.04.2021 18:00;24.04.2021 19:00;56,96
24.04.2021 19:00;24.04.2021 20:00;67,65
24.04.2021 20:00;24.04.2021 21:00;73,43
24.04.2021 21:00;24.04.2021 22:00;68,56
24.04.2021 22:00;24.04.2021 23:00;67,15
24.04.2021 23:00;25.04.2021 00:00;58,42
25.04.2021 00:00;25.04.2021 01:00;50,82
25.04.2021 01:00;25.04.2021 02:00;48,55
25.04.2021 02:00;25.04.2021 03:00;48,71
25.04.2021 03:00;25.04.2021 04:00;48,3
25.04.2021 04:00;25.04.2021 05:00;48,03
25.04.2021 05:00;25.04.2021 06:00;47,32
25.04.2021 06:00;25.04.2021 07:00;44,76
25.04.2021 07:00;25.04.2021 08:00;43,8
25.04.2021 08:00;25.04.2021 09:00;43,48
25.04.2021 09:00;25.04.2021 10:00;37,21
25.04.2021 10:00;25.04.2021 11:00;17,8
25.04.2021 11:00;25.04.2021 12:00;15,5
25.04.2021 12:00;25.04.2021 13:00;15,32
25.04.2021 13:00;25.04.2021 14:00;1,61
25.04.2021 14:00;25.04.2021 15:00;-6,94
25.04.2021 15:00;25.04.2021 16:00;-3,29
25.04.2021 16:00;25.04.2021 17:00;0,11
25.04.2021 17:00;25.04.2021 18:00;18,91
25.04.2021 18:00;25.04.2021 19:00;54,7
25.04.2021 19:00;25.04.2021 20:00;65,93
25.04.2021 20:00;25.04.2021 21:00;67,88
25.04.2021 21:00;25.04.2021 22:00;66,0
25.04.2021 22:00;25.04.2021 23:00;64,98
25.04.2021 23:00;26.04.2021 00:00;59,98
26.04.2021 00:00;26.04.2021 01:00;52,5
26.04.2021 01:00;26.04.2021 02:00;51,14
26.04.2021 02:00;26.04.2021 03:00;52,51
26.04.2021 03:00;26.04.2021 04:00;51,1
26.04.2021 04:00;26.04.2021 05:00;51,17
26.04.2021 05:00;26.04.2021 06:00;57,06
26.04.2021 06:00;26.04.2021 07:00;74,96
26.04.2021 07:00;26.04.2021 08:00;81,96
26.04.2021 08:00;26.04.2021 09:00;83,85
26.04.2021 09:00;26.04.2021 10:00;74,23
26.04.2021 10:00;26.04.2021 11:00;52,55
26.04.2021 11:00;26.04.2021 12:00;51,07
26.04.2021 12:00;26.04.2021 13:00;50,12
26.04.2021 13:00;26.04.2021 14:00;48,99
26.04.2021 14:00;26.04.2021 15:00;48,34
26.04.2021 15:00;26.04.2021 16:00;49,14
26.04.2021 16:00;26.04.2021 17:00;50,73
26.04.2021 17:00;26.04.2021 18:00;60,97
26.04.2021 18:00;26.04.2021 19:00;73,85
26.04.2021 19:00;26.04.2021 20:00;79,67
26.04.2021 20:00;26.04.2021 21:00;81,02
26.04.2021 21:00;26.04.2021 22:00;75,05
26.04.2021 22:00;26.04.2021 23:00;70,69
26.04.2021 23:00;27.04.2021 00:00;63,49
27.04.2021 00:00;27.04.2021 01:00;53,62
27.04.2021 01:00;27.04.2021 02:00;52,02
27.04.2021 02:00;27.04.2021 03:00;51,53
27.04.2021 03:00;27.04.2021 04:00;50,32
27.04.2021 04:00;27.04.2021 05:00;51,2
27.04.2021 05:00;27.04.2021 06:00;55,06
27.04.2021 06:00;27.04.2021 07:00;75,59
27.04.2021 07:00;27.04.2021 08:00;82,94
27.04.2021 08:00;27.04.2021 09:00;81,7
27.04.2021 09:00;27.04.2021 10:00;67,05
27.04.2021 10:00;27.04.2021 11:00;50,93
27.04.2021 11:00;27.04.2021 12:00;49,98
27.04.2021 12:00;27.04.2021 13:00;48,4
27.04.2021 13:00;27.04.2021 14:00;46,41
27.04.2021 14:00;27.04.2021 15:00;45,79
27.04.2021 15:00;27.04.2021 16:00;47,22
27.04.2021 16:00;27.04.2021 17:00;49,06
27.04.2021 17:00;27.04.2021 18:00;54,23
27.04.2021 18:00;27.04.2021 19:00;72,55
27.04.2021 19:00;27.04.2021 20:00;80,35
27.04.2021 20:00;27.04.2021 21:00;80,87
27.04.2021 21:00;27.04.2021 22:00;69,91
27.04.2021 22:00;27.04.2021 23:00;57,23
27.04.2021 23:00;28.04.2021 00:00;54,36
28.04.2021 00:00;28.04.2021 01:00;56,42
28.04.2021 01:00;28.04.2021 02:00;54,37
28.04.2021 02:00;28.04.2021 03:00;53,27
28.04.2021 03:00;28.04.2021 04:00;53,57
28.04.2021 04:00;28.04.2021 05:00;54,17
28.04.2021 05:00;28.04.2021 06:00;55,7
28.04.2021 06:00;28.04.2021 07:00;71,98
28.04.2021 07:00;28.04.2021 08:00;81,48
28.04.2021 08:00;28.04.2021 09:00;85,57
28.04.2021 09:00;28.04.2021 10:00;69,99
28.04.2021 10:00;28.04.2021 11:00;54,47
28.04.2021 11:00;28.04.2021 12:00;51,49
28.04.2021 12:00;28.04.2021 13:00;49,55
28.04.2021 13:00;28.04.2021 14:00;49,45
28.04.2021 14:00;28.04.2021 15:00;50,84
28.04.2021 15:00;28.04.2021 16:00;54,3
28.04.2021 16:00;28.04.2021 17:00;55,96
28.04.2021 17:00;28.04.2021 18:00;65,71
28.04.2021 18:00;28.04.2021 19:00;71,34
28.04.2021 19:00;28.04.2021 20:00;77,99
28.04.2021 20:00;28.04.2021 21:00;77,12
28.04.2021 21:00;28.04.2021 22:00;68,03
28.04.2021 22:00;28.04.2021 23:00;64,29
28.04.2021 23:00;29.04.2021 00:00;54,21
29.04.2021 00:00;29.04.2021 01:00;52,59
29.04.2021 01:00;29.04.2021 02:00;53,36
29.04.2021 02:00;29.04.2021 03:00;52,89
29.04.2021 03:00;29.04.2021 04:00;52,07
29.04.2021 04:00;29.04.2021 05:00;52,04
29.04.2021 05:00;29.04.2021 06:00;53,76
29.04.2021 06:00;29.04.2021 07:00;66,62
29.04.2021 07:00;29.04.2021 08:00;79,9
29.04.2021 08:00;29.04.2021 09:00;85,08
29.04.2021 09:00;29.04.2021 10:00;76,9
29.04.2021 10:00;29.04.2021 11:00;63,97
29.04.2021 11:00;29.04.2021 12:00;58,5
29.04.2021 12:00;29.04.2021 13:00;55,17
29.04.2021 13:00;29.04.2021 14:00;49,36
29.04.2021 14:00;29.04.2021 15:00;46,7
29.04.2021 15:00;29.04.2021 16:00;45,0
29.04.2021 16:00;29.04.2021 17:00;47,4
29.04.2021 17:00;29.04.2021 18:00;49,46
29.04.2021 18:00;29.04.2021 19:00;56,61
29.04.2021 19:00;29.04.2021 20:00;75,4
29.04.2021 20:00;29.04.2021 21:00;73,96
29.04.2021 21:00;29.04.2021 22:00;69,55
29.04.2021 22:00;29.04.2021 23:00;56,56
29.04.2021 23:00;30.04.2021 00:00;53,73
30.04.2021 00:00;30.04.2021 01:00;55,77
30.04.2021 01:00;30.04.2021 02:00;56,9
30.04.2021 02:00;30.04.2021 03:00;57,28
30.04.2021 03:00;30.04.2021 04:00;58,94
30.04.2021 04:00;30.04.2021 05:00;60,31
30.04.2021 05:00;30.04.2021 06:00;65,26
30.04.2021 06:00;30.04.2021 07:00;74,0
30.04.2021 07:00;30.04.2021 08:00;81,67
30.04.2021 08:00;30.04.2021 09:00;84,93
30.04.2021 09:00;30.04.2021 10:00;78,29
30.04.2021 10:00;30.04.2021 11:00;76,51
30.04.2021 11:00;30.04.2021 12:00;73,58
30.04.2021 12:00;30.04.2021 13:00;67,04
30.04.2021 13:00;30.04.2021 14:00;61,77
30.04.2021 14:00;30.04.2021 15:00;59,92
30.04.2021 15:00;30.04.2021 16:00;58,9
30.04.2021 16:00;30.04.2021 17:00;60,41
30.04.2021 17:00;30.04.2021 18:00;69,64
30.04.2021 18:00;30.04.2021 19:00;75,55
30.04.2021 19:00;30.04.2021 20:00;79,06
30.04.2021 20:00;30.04.2021 21:00;80,96
30.04.2021 21:00;30.04.2021 22:00;78,71
30.04.2021 22:00;30.04.2021 23:00;75,23
30.04.2021 23:00;01.05.2021 00:00;68,86
01.05.2021 00:00;01.05.2021 01:00;69,29
01.05.2021 01:00;01.05.2021 02:00;64,6
01.05.2021 02:00;01.05.2021 03:00;61,08
01.05.2021 03:00;01.05.2021 04:00;59,93
01.05.2021 04:00;01.05.2021 05:00;59,9
01.05.2021 05:00;01.05.2021 06:00;58,0
01.05.2021 06:00;01.05.2021 07:00;52,54
01.05.2021 07:00;01.05.2021 08:00;53,94
01.05.2021 08:00;01.05.2021 09:00;57,38
01.05.2021 09:00;01.05.2021 10:00;56,21
01.05.2021 10:00;01.05.2021 11:00;54,7
01.05.2021 11:00;01.05.2021 12:00;53,39
01.05.2021 12:00;01.05.2021 13:00;53,13
01.05.2021 13:00;01.05.2021 14:00;51,05
01.05.2021 14:00;01.05.2021 15:00;48,24
01.05.2021 15:00;01.05.2021 16:00;45,53
01.05.2021 16:00;01.05.2021 17:00;48,98
01.05.2021 17:00;01.05.2021 18:00;50,47
01.05.2021 18:00;01.05.2021 19:00;54,4
01.05.2021 19:00;01.05.2021 20:00;61,01
01.05.2021 20:00;01.05.2021 21:00;68,69
01.05.2021 21:00;01.05.2021 22:00;65,06
01.05.2021 22:00;01.05.2021 23:00;60,34
01.05.2021 23:00;02.05.2021 00:00;52,58
02.05.2021 00:00;02.05.2021 01:00;55,67
02.05.2021 01:00;02.05.2021 02:00;52,09
02.05.2021 02:00;02.05.2021 03:00;50,46
02.05.2021 03:00;02.05.2021 04:00;49,03
02.05.2021 04:00;02.05.2021 05:00;49,43
02.05.2021 05:00;02.05.2021 06:00;49,17
02.05.2021 06:00;02.05.2021 07:00;48,21
02.05.2021 07:00;02.05.2021 08:00;49,39
02.05.2021 08:00;02.05.2021 09:00;50,76
02.05.2021 09:00;02.05.2021 10:00;48,08
02.05.2021 10:00;02.05.2021 11:00;46,18
02.05.2021 11:00;02.05.2021 12:00;46,13
02.05.2021 12:00;02.05.2021 13:00;43,91
02.05.2021 13:00;02.05.2021 14:00;16,93
02.05.2021 14:00;02.05.2021 15:00;3,0
02.05.2021 15:00;02.05.2021 16:00;0,01
02.05.2021 16:00;02.05.2021 17:00;2,62
02.05.2021 17:00;02.05.2021 18:00;35,77
02.05.2021 18:00;02.05.2021 19:00;50,52
02.05.2021 19:00;02.05.2021 20:00;55,9
02.05.2021 20:00;02.05.2021 21:00;67,11
02.05.2021 21:00;02.05.2021 22:00;66,49
02.05.2021 22:00;02.05.2021 23:00;61,68
02.05.2021 23:00;03.05.2021 00:00;52,89
03.05.2021 00:00;03.05.2021 01:00;54,32
03.05.2021 01:00;03.05.2021 02:00;52,73
03.05.2021 02:00;03.05.2021 03:00;51,44
03.05.2021 03:00;03.05.2021 04:00;51,66
03.05.2021 04:00;03.05.2021 05:00;51,6
03.05.2021 05:00;03.05.2021 06:00;56,51
03.05.2021 06:00;03.05.2021 07:00;70,7
03.05.2021 07:00;03.05.2021 08:00;86,42
03.05.2021 08:00;03.05.2021 09:00;87,93
03.05.2021 09:00;03.05.2021 10:00;67,32
03.05.2021 10:00;03.05.2021 11:00;60,98
03.05.2021 11:00;03.05.2021 12:00;57,12
03.05.2021 12:00;03.05.2021 13:00;52,99
03.05.2021 13:00;03.05.2021 14:00;49,97
03.05.2021 14:00;03.05.2021 15:00;50,83
03.05.2021 15:00;03.05.2021 16:00;50,09
03.05.2021 16:00;03.05.2021 17:00;49,79
03.05.2021 17:00;03.05.2021 18:00;56,19
03.05.2021 18:00;03.05.2021 19:00;70,06
03.05.2021 19:00;03.05.2021 20:00;82,66
03.05.2021 20:00;03.05.2021 21:00;87,0
03.05.2021 21:00;03.05.2021 22:00;78,25
03.05.2021 22:00;03.05.2021 23:00;68,7
03.05.2021 23:00;04.05.2021 00:00;52,96
04.05.2021 00:00;04.05.2021 01:00;45,28
04.05.2021 01:00;04.05.2021 02:00;37,82
04.05.2021 02:00;04.05.2021 03:00;16,97
04.05.2021 03:00;04.05.2021 04:00;0,12
04.05.2021 04:00;04.05.2021 05:00;0,1
04.05.2021 05:00;04.05.2021 06:00;7,21
04.05.2021 06:00;04.05.2021 07:00;42,01
04.05.2021 07:00;04.05.2021 08:00;50,53
04.05.2021 08:00;04.05.2021 09:00;50,59
04.05.2021 09:00;04.05.2021 10:00;40,28
04.05.2021 10:00;04.05.2021 11:00;35,67
04.05.2021 11:00;04.05.2021 12:00;33,0
04.05.2021 12:00;04.05.2021 13:00;26,23
04.05.2021 13:00;04.05.2021 14:00;18,97
04.05.2021 14:00;04.05.2021 15:00;2,06
04.05.2021 15:00;04.05.2021 16:00;0,87
04.05.2021 16:00;04.05.2021 17:00;5,0
04.05.2021 17:00;04.05.2021 18:00;32,11
04.05.2021 18:00;04.05.2021 19:00;45,81
04.05.2021 19:00;04.05.2021 20:00;48,36
04.05.2021 20:00;04.05.2021 21:00;50,53
04.05.2021 21:00;04.05.2021 22:00;48,73
04.05.2021 22:00;04.05.2021 23:00;47,69
04.05.2021 23:00;05.05.2021 00:00;40,29
05.05.2021 00:00;05.05.2021 01:00;23,62
05.05.2021 01:00;05.05.2021 02:00;22,37
05.05.2021 02:00;05.05.2021 03:00;22,05
05.05.2021 03:00;05.05.2021 04:00;24,69
05.05.2021 04:00;05.05.2021 05:00;32,29
05.05.2021 05:00;05.05.2021 06:00;45,76
05.05.2021 06:00;05.05.2021 07:00;59,79
05.05.2021 07:00;05.05.2021 08:00;63,01
05.05.2021 08:00;05.05.2021 09:00;63,9
05.05.2021 09:00;05.05.2021 10:00;52,04
05.05.2021 10:00;05.05.2021 11:00;45,18
05.05.2021 11:00;05.05.2021 12:00;37,94
05.05.2021 12:00;05.05.2021 13:00;-0,02
05.05.2021 13:00;05.05.2021 14:00;-12,22
05.05.2021 14:00;05.05.2021 15:00;-36,71
05.05.2021 15:00;05.05.2021 16:00;-30,0
05.05.2021 16:00;05.05.2021 17:00;-24,57
05.05.2021 17:00;05.05.2021 18:00;23,74
05.05.2021 18:00;05.05.2021 19:00;50,9
05.05.2021 19:00;05.05.2021 20:00;68,19
05.05.2021 20:00;05.05.2021 21:00;64,95
05.05.2021 21:00;05.05.2021 22:00;58,72
05.05.2021 22:00;05.05.2021 23:00;55,73
05.05.2021 23:00;06.05.2021 00:00;52,01
06.05.2021 00:00;06.05.2021 01:00;47,59
06.05.2021 01:00;06.05.2021 02:00;48,95
06.05.2021 02:00;06.05.2021 03:00;48,6
06.05.2021 03:00;06.05.2021 04:00;50,16
06.05.2021 04:00;06.05.2021 05:00;53,1
06.05.2021 05:00;06.05.2021 06:00;52,65
06.05.2021 06:00;06.05.2021 07:00;68,12
06.05.2021 07:00;06.05.2021 08:00;74,92
06.05.2021 08:00;06.05.2021 09:00;70,7
06.05.2021 09:00;06.05.2021 10:00;51,06
06.05.2021 10:00;06.05.2021 11:00;54,93
06.05.2021 11:00;06.05.2021 12:00;55,08
06.05.2021 12:00;06.05.2021 13:00;61,58
06.05.2021 13:00;06.05.2021 14:00;59,01
06.05.2021 14:00;06.05.2021 15:00;60,07
06.05.2021 15:00;06.05.2021 16:00;63,05
06.05.2021 16:00;06.05.2021 17:00;64,96
06.05.2021 17:00;06.05.2021 18:00;72,5
06.05.2021 18:00;06.05.2021 19:00;78,97
06.05.2021 19:00;06.05.2021 20:00;91,01
06.05.2021 20:00;06.05.2021 21:00;92,73
06.05.2021 21:00;06.05.2021 22:00;85,0
06.05.2021 22:00;06.05.2021 23:00;80,0
06.05.2021 23:00;07.05.2021 00:00;74,44
07.05.2021 00:00;07.05.2021 01:00;75,57
07.05.2021 01:00;07.05.2021 02:00;68,82
07.05.2021 02:00;07.05.2021 03:00;65,0
07.05.2021 03:00;07.05.2021 04:00;60,25
07.05.2021 04:00;07.05.2021 05:00;60,01
07.05.2021 05:00;07.05.2021 06:00;69,3
07.05.2021 06:00;07.05.2021 07:00;80,0
07.05.2021 07:00;07.05.2021 08:00;91,07
07.05.2021 08:00;07.05.2021 09:00;101,5
07.05.2021 09:00;07.05.2021 10:00;84,16
07.05.2021 10:00;07.05.2021 11:00;78,75
07.05.2021 11:00;07.05.2021 12:00;76,98
07.05.2021 12:00;07.05.2021 13:00;68,94
07.05.2021 13:00;07.05.2021 14:00;61,75
07.05.2021 14:00;07.05.2021 15:00;53,84
07.05.2021 15:00;07.05.2021 16:00;52,22
07.05.2021 16:00;07.05.2021 17:00;53,06
07.05.2021 17:00;07.05.2021 18:00;55,43
07.05.2021 18:00;07.05.2021 19:00;61,28
07.05.2021 19:00;07.05.2021 20:00;77,0
07.05.2021 20:00;07.05.2021 21:00;84,2
07.05.2021 21:00;07.05.2021 22:00;81,15
07.05.2021 22:00;07.05.2021 23:00;76,84
07.05.2021 23:00;08.05.2021 00:00;74,04
08.05.2021 00:00;08.05.2021 01:00;68,63
08.05.2021 01:00;08.05.2021 02:00;60,07
08.05.2021 02:00;08.05.2021 03:00;65,07
08.05.2021 03:00;08.05.2021 04:00;62,63
08.05.2021 04:00;08.05.2021 05:00;61,57
08.05.2021 05:00;08.05.2021 06:00;59,47
08.05.2021 06:00;08.05.2021 07:00;55,16
08.05.2021 07:00;08.05.2021 08:00;56,01
08.05.2021 08:00;08.05.2021 09:00;57,0
08.05.2021 09:00;08.05.2021 10:00;52,76
08.05.2021 10:00;08.05.2021 11:00;45,14
08.05.2021 11:00;08.05.2021 12:00;41,04
08.05.2021 12:00;08.05.2021 13:00;37,0
08.05.2021 13:00;08.05.2021 14:00;23,86
08.05.2021 14:00;08.05.2021 15:00;14,56
08.05.2021 15:00;08.05.2021 16:00;18,18
08.05.2021 16:00;08.05.2021 17:00;31,89
08.05.2021 17:00;08.05.2021 18:00;52,09
08.05.2021 18:00;08.05.2021 19:00;55,28
08.05.2021 19:00;08.05.2021 20:00;69,95
08.05.2021 20:00;08.05.2021 21:00;66,27
08.05.2021 21:00;08.05.2021 22:00;60,74
08.05.2021 22:00;08.05.2021 23:00;56,53
08.05.2021 23:00;09.05.2021 00:00;46,83
09.05.2021 00:00;09.05.2021 01:00;15,02
09.05.2021 01:00;09.05.2021 02:00;6,71
09.05.2021 02:00;09.05.2021 03:00;2,0
09.05.2021 03:00;09.05.2021 04:00;1,61
09.05.2021 04:00;09.05.2021 05:00;0,09
09.05.2021 05:00;09.05.2021 06:00;0,1
09.05.2021 06:00;09.05.2021 07:00;0,09
09.05.2021 07:00;09.05.2021 08:00;0,08
09.05.2021 08:00;09.05.2021 09:00;0,32
09.05.2021 09:00;09.05.2021 10:00;0,0
09.05.2021 10:00;09.05.2021 11:00;-4,91
09.05.2021 11:00;09.05.2021 12:00;-10,97
09.05.2021 12:00;09.05.2021 13:00;-39,9
09.05.2021 13:00;09.05.2021 14:00;-52,11
09.05.2021 14:00;09.05.2021 15:00;-66,18
09.05.2021 15:00;09.05.2021 16:00;-54,05
09.05.2021 16:00;09.05.2021 17:00;-22,6
09.05.2021 17:00;09.05.2021 18:00;-0,57
09.05.2021 18:00;09.05.2021 19:00;38,42
09.05.2021 19:00;09.05.2021 20:00;58,65
09.05.2021 20:00;09.05.2021 21:00;60,75
09.05.2021 21:00;09.05.2021 22:00;51,99
09.05.2021 22:00;09.05.2021 23:00;53,74
09.05.2021 23:00;10.05.2021 00:00;48,69
10.05.2021 00:00;10.05.2021 01:00;45,06
10.05.2021 01:00;10.05.2021 02:00;42,11
10.05.2021 02:00;10.05.2021 03:00;40,0
10.05.2021 03:00;10.05.2021 04:00;35,45
10.05.2021 04:00;10.05.2021 05:00;28,03
10.05.2021 05:00;10.05.2021 06:00;37,0
10.05.2021 06:00;10.05.2021 07:00;57,12
10.05.2021 07:00;10.05.2021 08:00;69,99
10.05.2021 08:00;10.05.2021 09:00;74,07
10.05.2021 09:00;10.05.2021 10:00;59,56
10.05.2021 10:00;10.05.2021 11:00;50,89
10.05.2021 11:00;10.05.2021 12:00;46,88
10.05.2021 12:00;10.05.2021 13:00;42,13
10.05.2021 13:00;10.05.2021 14:00;46,28
10.05.2021 14:00;10.05.2021 15:00;47,44
10.05.2021 15:00;10.05.2021 16:00;53,25
10.05.2021 16:00;10.05.2021 17:00;57,63
10.05.2021 17:00;10.05.2021 18:00;65,92
10.05.2021 18:00;10.05.2021 19:00;74,16
10.05.2021 19:00;10.05.2021 20:00;83,94
10.05.2021 20:00;10.05.2021 21:00;90,12
10.05.2021 21:00;10.05.2021 22:00;84,0
10.05.2021 22:00;10.05.2021 23:00;79,91
10.05.2021 23:00;11.05.2021 00:00;68,0
11.05.2021 00:00;11.05.2021 01:00;70,0
11.05.2021 01:00;11.05.2021 02:00;64,92
11.05.2021 02:00;11.05.2021 03:00;60,39
11.05.2021 03:00;11.05.2021 04:00;56,67
11.05.2021 04:00;11.05.2021 05:00;57,37
11.05.2021 05:00;11.05.2021 06:00;63,09
11.05.2021 06:00;11.05.2021 07:00;76,97
11.05.2021 07:00;11.05.2021 08:00;85,99
11.05.2021 08:00;11.05.2021 09:00;93,37
11.05.2021 09:00;11.05.2021 10:00;85,71
11.05.2021 10:00;11.05.2021 11:00;79,48
11.05.2021 11:00;11.05.2021 12:00;77,66
11.05.2021 12:00;11.05.2021 13:00;74,25
11.05.2021 13:00;11.05.2021 14:00;69,16
11.05.2021 14:00;11.05.2021 15:00;61,06
11.05.2021 15:00;11.05.2021 16:00;62,05
11.05.2021 16:00;11.05.2021 17:00;62,12
11.05.2021 17:00;11.05.2021 18:00;69,43
11.05.2021 18:00;11.05.2021 19:00;77,66
11.05.2021 19:00;11.05.2021 20:00;81,19
11.05.2021 20:00;11.05.2021 21:00;80,0
11.05.2021 21:00;11.05.2021 22:00;79,62
11.05.2021 22:00;11.05.2021 23:00;75,34
11.05.2021 23:00;12.05.2021 00:00;68,62
12.05.2021 00:00;12.05.2021 01:00;62,26
12.05.2021 01:00;12.05.2021 02:00;58,2
12.05.2021 02:00;12.05.2021 03:00;56,31
12.05.2021 03:00;12.05.2021 04:00;54,81
12.05.2021 04:00;12.05.2021 05:00;55,01
12.05.2021 05:00;12.05.2021 06:00;58,84
12.05.2021 06:00;12.05.2021 07:00;69,99
12.05.2021 07:00;12.05.2021 08:00;79,37
12.05.2021 08:00;12.05.2021 09:00;86,12
12.05.2021 09:00;12.05.2021 10:00;80,1
12.05.2021 10:00;12.05.2021 11:00;75,78
12.05.2021 11:00;12.05.2021 12:00;73,84
12.05.2021 12:00;12.05.2021 13:00;68,88
12.05.2021 13:00;12.05.2021 14:00;62,06
12.05.2021 14:00;12.05.2021 15:00;60,06
12.05.2021 15:00;12.05.2021 16:00;60,0
12.05.2021 16:00;12.05.2021 17:00;62,75
12.05.2021 17:00;12.05.2021 18:00;70,0
12.05.2021 18:00;12.05.2021 19:00;74,97
12.05.2021 19:00;12.05.2021 20:00;80,97
12.05.2021 20:00;12.05.2021 21:00;80,97
12.05.2021 21:00;12.05.2021 22:00;78,08
12.05.2021 22:00;12.05.2021 23:00;74,51
12.05.2021 23:00;13.05.2021 00:00;66,01
13.05.2021 00:00;13.05.2021 01:00;65,04
13.05.2021 01:00;13.05.2021 02:00;63,15
13.05.2021 02:00;13.05.2021 03:00;60,74
13.05.2021 03:00;13.05.2021 04:00;60,85
13.05.2021 04:00;13.05.2021 05:00;59,9
13.05.2021 05:00;13.05.2021 06:00;60,69
13.05.2021 06:00;13.05.2021 07:00;60,33
13.05.2021 07:00;13.05.2021 08:00;62,87
13.05.2021 08:00;13.05.2021 09:00;67,64
13.05.2021 09:00;13.05.2021 10:00;63,0
13.05.2021 10:00;13.05.2021 11:00;60,69
13.05.2021 11:00;13.05.2021 12:00;57,96
13.05.2021 12:00;13.05.2021 13:00;58,78
13.05.2021 13:00;13.05.2021 14:00;51,63
13.05.2021 14:00;13.05.2021 15:00;48,96
13.05.2021 15:00;13.05.2021 16:00;48,0
13.05.2021 16:00;13.05.2021 17:00;49,78
13.05.2021 17:00;13.05.2021 18:00;57,0
13.05.2021 18:00;13.05.2021 19:00;64,03
13.05.2021 19:00;13.05.2021 20:00;75,91
13.05.2021 20:00;13.05.2021 21:00;77,76
13.05.2021 21:00;13.05.2021 22:00;79,96
13.05.2021 22:00;13.05.2021 23:00;78,35
13.05.2021 23:00;14.05.2021 00:00;72,63
14.05.2021 00:00;14.05.2021 01:00;75,38
14.05.2021 01:00;14.05.2021 02:00;69,0
14.05.2021 02:00;14.05.2021 03:00;65,65
14.05.2021 03:00;14.05.2021 04:00;62,2
14.05.2021 04:00;14.05.2021 05:00;62,2
14.05.2021 05:00;14.05.2021 06:00;68,0
14.05.2021 06:00;14.05.2021 07:00;73,78
14.05.2021 07:00;14.05.2021 08:00;80,0
14.05.2021 08:00;14.05.2021 09:00;82,14
14.05.2021 09:00;14.05.2021 10:00;78,96
14.05.2021 10:00;14.05.2021 11:00;70,0
14.05.2021 11:00;14.05.2021 12:00;67,21
14.05.2021 12:00;14.05.2021 13:00;67,21
14.05.2021 13:00;14.05.2021 14:00;63,0
14.05.2021 14:00;14.05.2021 15:00;60,7
14.05.2021 15:00;14.05.2021 16:00;60,0
14.05.2021 16:00;14.05.2021 17:00;60,05
14.05.2021 17:00;14.05.2021 18:00;65,0
14.05.2021 18:00;14.05.2021 19:00;76,94
14.05.2021 19:00;14.05.2021 20:00;80,21
14.05.2021 20:00;14.05.2021 21:00;84,9
14.05.2021 21:00;14.05.2021 22:00;87,02
14.05.2021 22:00;14.05.2021 23:00;85,0
14.05.2021 23:00;15.05.2021 00:00;78,69
15.05.2021 00:00;15.05.2021 01:00;72,39
15.05.2021 01:00;15.05.2021 02:00;66,75
15.05.2021 02:00;15.05.2021 03:00;60,76
15.05.2021 03:00;15.05.2021 04:00;57,99
15.05.2021 04:00;15.05.2021 05:00;56,66
15.05.2021 05:00;15.05.2021 06:00;54,87
15.05.2021 06:00;15.05.2021 07:00;55,17
15.05.2021 07:00;15.05.2021 08:00;60,75
15.05.2021 08:00;15.05.2021 09:00;60,6
15.05.2021 09:00;15.05.2021 10:00;60,09
15.05.2021 10:00;15.05.2021 11:00;55,73
15.05.2021 11:00;15.05.2021 12:00;53,02
15.05.2021 12:00;15.05.2021 13:00;51,96
15.05.2021 13:00;15.05.2021 14:00;48,49
15.05.2021 14:00;15.05.2021 15:00;45,05
15.05.2021 15:00;15.05.2021 16:00;47,69
15.05.2021 16:00;15.05.2021 17:00;51,16
15.05.2021 17:00;15.05.2021 18:00;55,43
15.05.2021 18:00;15.05.2021 19:00;70,96
15.05.2021 19:00;15.05.2021 20:00;75,29
15.05.2021 20:00;15.05.2021 21:00;75,65
15.05.2021 21:00;15.05.2021 22:00;72,64
15.05.2021 22:00;15.05.2021 23:00;70,73
15.05.2021 23:00;16.05.2021 00:00;65,0
16.05.2021 00:00;16.05.2021 01:00;53,05
16.05.2021 01:00;16.05.2021 02:00;47,63
16.05.2021 02:00;16.05.2021 03:00;41,31
16.05.2021 03:00;16.05.2021 04:00;34,49
16.05.2021 04:00;16.05.2021 05:00;29,72
16.05.2021 05:00;16.05.2021 06:00;27,86
16.05.2021 06:00;16.05.2021 07:00;22,08
16.05.2021 07:00;16.05.2021 08:00;25,25
16.05.2021 08:00;16.05.2021 09:00;31,39
16.05.2021 09:00;16.05.2021 10:00;30,91
16.05.2021 10:00;16.05.2021 11:00;24,22
16.05.2021 11:00;16.05.2021 12:00;29,2
16.05.2021 12:00;16.05.2021 13:00;28,96
16.05.2021 13:00;16.05.2021 14:00;9,93
16.05.2021 14:00;16.05.2021 15:00;2,4
16.05.2021 15:00;16.05.2021 16:00;1,0
16.05.2021 16:00;16.05.2021 17:00;10,1
16.05.2021 17:00;16.05.2021 18:00;49,96
16.05.2021 18:00;16.05.2021 19:00;67,42
16.05.2021 19:00;16.05.2021 20:00;81,0
16.05.2021 20:00;16.05.2021 21:00;84,89
16.05.2021 21:00;16.05.2021 22:00;79,47
16.05.2021 22:00;16.05.2021 23:00;79,57
16.05.2021 23:00;17.05.2021 00:00;65,05
17.05.2021 00:00;17.05.2021 01:00;60,51
17.05.2021 01:00;17.05.2021 02:00;53,03
17.05.2021 02:00;17.05.2021 03:00;52,76
17.05.2021 03:00;17.05.2021 04:00;53,78
17.05.2021 04:00;17.05.2021 05:00;56,72
17.05.2021 05:00;17.05.2021 06:00;60,73
17.05.2021 06:00;17.05.2021 07:00;80,07
17.05.2021 07:00;17.05.2021 08:00;94,46
17.05.2021 08:00;17.05.2021 09:00;101,51
17.05.2021 09:00;17.05.2021 10:00;86,66
17.05.2021 10:00;17.05.2021 11:00;82,0
17.05.2021 11:00;17.05.2021 12:00;81,86
17.05.2021 12:00;17.05.2021 13:00;78,02
17.05.2021 13:00;17.05.2021 14:00;72,0
17.05.2021 14:00;17.05.2021 15:00;64,0
17.05.2021 15:00;17.05.2021 16:00;60,76
17.05.2021 16:00;17.05.2021 17:00;59,55
17.05.2021 17:00;17.05.2021 18:00;70,79
17.05.2021 18:00;17.05.2021 19:00;77,96
17.05.2021 19:00;17.05.2021 20:00;85,77
17.05.2021 20:00;17.05.2021 21:00;88,92
17.05.2021 21:00;17.05.2021 22:00;87,04
17.05.2021 22:00;17.05.2021 23:00;82,0
17.05.2021 23:00;18.05.2021 00:00;77,99
18.05.2021 00:00;18.05.2021 01:00;68,0
18.05.2021 01:00;18.05.2021 02:00;62,0
18.05.2021 02:00;18.05.2021 03:00;59,66
18.05.2021 03:00;18.05.2021 04:00;56,68
18.05.2021 04:00;18.05.2021 05:00;59,92
18.05.2021 05:00;18.05.2021 06:00;67,21
18.05.2021 06:00;18.05.2021 07:00;80,99
18.05.2021 07:00;18.05.2021 08:00;87,98
18.05.2021 08:00;18.05.2021 09:00;90,07
18.05.2021 09:00;18.05.2021 10:00;87,25
18.05.2021 10:00;18.05.2021 11:00;82,42
18.05.2021 11:00;18.05.2021 12:00;80,0
18.05.2021 12:00;18.05.2021 13:00;73,08
18.05.2021 13:00;18.05.2021 14:00;67,46
18.05.2021 14:00;18.05.2021 15:00;62,55
18.05.2021 15:00;18.05.2021 16:00;61,92
18.05.2021 16:00;18.05.2021 17:00;60,16
18.05.2021 17:00;18.05.2021 18:00;64,25
18.05.2021 18:00;18.05.2021 19:00;79,9
18.05.2021 19:00;18.05.2021 20:00;88,24
18.05.2021 20:00;18.05.2021 21:00;89,95
18.05.2021 21:00;18.05.2021 22:00;87,98
18.05.2021 22:00;18.05.2021 23:00;83,7
18.05.2021 23:00;19.05.2021 00:00;78,92
19.05.2021 00:00;19.05.2021 01:00;72,59
19.05.2021 01:00;19.05.2021 02:00;65,49
19.05.2021 02:00;19.05.2021 03:00;63,1
19.05.2021 03:00;19.05.2021 04:00;62,08
19.05.2021 04:00;19.05.2021 05:00;63,82
19.05.2021 05:00;19.05.2021 06:00;69,79
19.05.2021 06:00;19.05.2021 07:00;82,96
19.05.2021 07:00;19.05.2021 08:00;100,21
19.05.2021 08:00;19.05.2021 09:00;101,82
19.05.2021 09:00;19.05.2021 10:00;89,32
19.05.2021 10:00;19.05.2021 11:00;84,65
19.05.2021 11:00;19.05.2021 12:00;81,96
19.05.2021 12:00;19.05.2021 13:00;77,77
19.05.2021 13:00;19.05.2021 14:00;70,08
19.05.2021 14:00;19.05.2021 15:00;64,0
19.05.2021 15:00;19.05.2021 16:00;63,55
19.05.2021 16:00;19.05.2021 17:00;63,87
19.05.2021 17:00;19.05.2021 18:00;71,0
19.05.2021 18:00;19.05.2021 19:00;80,6
19.05.2021 19:00;19.05.2021 20:00;86,5
19.05.2021 20:00;19.05.2021 21:00;92,81
19.05.2021 21:00;19.05.2021 22:00;90,01
19.05.2021 22:00;19.05.2021 23:00;87,07
19.05.2021 23:00;20.05.2021 00:00;80,05
20.05.2021 00:00;20.05.2021 01:00;71,67
20.05.2021 01:00;20.05.2021 02:00;61,67
20.05.2021 02:00;20.05.2021 03:00;61,9
20.05.2021 03:00;20.05.2021 04:00;59,95
20.05.2021 04:00;20.05.2021 05:00;58,7
20.05.2021 05:00;20.05.2021 06:00;65,79
20.05.2021 06:00;20.05.2021 07:00;79,91
20.05.2021 07:00;20.05.2021 08:00;90,23
20.05.2021 08:00;20.05.2021 09:00;94,9
20.05.2021 09:00;20.05.2021 10:00;87,78
20.05.2021 10:00;20.05.2021 11:00;73,05
20.05.2021 11:00;20.05.2021 12:00;69,17
20.05.2021 12:00;20.05.2021 13:00;59,36
20.05.2021 13:00;20.05.2021 14:00;56,0
20.05.2021 14:00;20.05.2021 15:00;54,07
20.05.2021 15:00;20.05.2021 16:00;55,95
20.05.2021 16:00;20.05.2021 17:00;57,2
20.05.2021 17:00;20.05.2021 18:00;59,84
20.05.2021 18:00;20.05.2021 19:00;74,74
20.05.2021 19:00;20.05.2021 20:00;85,93
20.05.2021 20:00;20.05.2021 21:00;87,08
20.05.2021 21:00;20.05.2021 22:00;78,97
20.05.2021 22:00;20.05.2021 23:00;76,96
20.05.2021 23:00;21.05.2021 00:00;58,93
21.05.2021 00:00;21.05.2021 01:00;37,24
21.05.2021 01:00;21.05.2021 02:00;22,9
21.05.2021 02:00;21.05.2021 03:00;14,29
21.05.2021 03:00;21.05.2021 04:00;7,83
21.05.2021 04:00;21.05.2021 05:00;7,08
21.05.2021 05:00;21.05.2021 06:00;20,99
21.05.2021 06:00;21.05.2021 07:00;51,14
21.05.2021 07:00;21.05.2021 08:00;65,0
21.05.2021 08:00;21.05.2021 09:00;66,22
21.05.2021 09:00;21.05.2021 10:00;53,41
21.05.2021 10:00;21.05.2021 11:00;37,57
21.05.2021 11:00;21.05.2021 12:00;22,45
21.05.2021 12:00;21.05.2021 13:00;13,99
21.05.2021 13:00;21.05.2021 14:00;0,67
21.05.2021 14:00;21.05.2021 15:00;-9,47
21.05.2021 15:00;21.05.2021 16:00;-5,83
21.05.2021 16:00;21.05.2021 17:00;2,33
21.05.2021 17:00;21.05.2021 18:00;16,01
21.05.2021 18:00;21.05.2021 19:00;47,57
21.05.2021 19:00;21.05.2021 20:00;60,23
21.05.2021 20:00;21.05.2021 21:00;63,92
21.05.2021 21:00;21.05.2021 22:00;58,8
21.05.2021 22:00;21.05.2021 23:00;55,1
21.05.2021 23:00;22.05.2021 00:00;42,69
22.05.2021 00:00;22.05.2021 01:00;20,04
22.05.2021 01:00;22.05.2021 02:00;4,07
22.05.2021 02:00;22.05.2021 03:00;0,89
22.05.2021 03:00;22.05.2021 04:00;0,03
22.05.2021 04:00;22.05.2021 05:00;-0,05
22.05.2021 05:00;22.05.2021 06:00;-0,54
22.05.2021 06:00;22.05.2021 07:00;-0,94
22.05.2021 07:00;22.05.2021 08:00;-0,09
22.05.2021 08:00;22.05.2021 09:00;-0,11
22.05.2021 09:00;22.05.2021 10:00;-8,16
22.05.2021 10:00;22.05.2021 11:00;-33,57
22.05.2021 11:00;22.05.2021 12:00;-49,91
22.05.2021 12:00;22.05.2021 13:00;-50,73
22.05.2021 13:00;22.05.2021 14:00;-68,0
22.05.2021 14:00;22.05.2021 15:00;-69,0
22.05.2021 15:00;22.05.2021 16:00;-62,83
22.05.2021 16:00;22.05.2021 17:00;-49,98
22.05.2021 17:00;22.05.2021 18:00;-16,56
22.05.2021 18:00;22.05.2021 19:00;6,98
22.05.2021 19:00;22.05.2021 20:00;40,95
22.05.2021 20:00;22.05.2021 21:00;45,72
22.05.2021 21:00;22.05.2021 22:00;48,8
22.05.2021 22:00;22.05.2021 23:00;47,44
22.05.2021 23:00;23.05.2021 00:00;26,61
23.05.2021 00:00;23.05.2021 01:00;23,24
23.05.2021 01:00;23.05.2021 02:00;15,47
23.05.2021 02:00;23.05.2021 03:00;16,82
23.05.2021 03:00;23.05.2021 04:00;7,35
23.05.2021 04:00;23.05.2021 05:00;10,31
23.05.2021 05:00;23.05.2021 06:00;5,08
23.05.2021 06:00;23.05.2021 07:00;5,03
23.05.2021 07:00;23.05.2021 08:00;14,96
23.05.2021 08:00;23.05.2021 09:00;13,16
23.05.2021 09:00;23.05.2021 10:00;13,74
23.05.2021 10:00;23.05.2021 11:00;6,58
23.05.2021 11:00;23.05.2021 12:00;2,78
23.05.2021 12:00;23.05.2021 13:00;0,08
23.05.2021 13:00;23.05.2021 14:00;-7,83
23.05.2021 14:00;23.05.2021 15:00;-24,93
23.05.2021 15:00;23.05.2021 16:00;-25,0
23.05.2021 16:00;23.05.2021 17:00;-8,02
23.05.2021 17:00;23.05.2021 18:00;11,7
23.05.2021 18:00;23.05.2021 19:00;55,59
23.05.2021 19:00;23.05.2021 20:00;77,19
23.05.2021 20:00;23.05.2021 21:00;80,34
23.05.2021 21:00;23.05.2021 22:00;77,41
23.05.2021 22:00;23.05.2021 23:00;74,85
23.05.2021 23:00;24.05.2021 00:00;61,58
24.05.2021 00:00;24.05.2021 01:00;53,91
24.05.2021 01:00;24.05.2021 02:00;25,63
24.05.2021 02:00;24.05.2021 03:00;20,22
24.05.2021 03:00;24.05.2021 04:00;15,65
24.05.2021 04:00;24.05.2021 05:00;11,97
24.05.2021 05:00;24.05.2021 06:00;16,54
24.05.2021 06:00;24.05.2021 07:00;21,86
24.05.2021 07:00;24.05.2021 08:00;26,97
24.05.2021 08:00;24.05.2021 09:00;36,0
24.05.2021 09:00;24.05.2021 10:00;22,52
24.05.2021 10:00;24.05.2021 11:00;0,35
24.05.2021 11:00;24.05.2021 12:00;-0,03
24.05.2021 12:00;24.05.2021 13:00;0,0
24.05.2021 13:00;24.05.2021 14:00;2,11
24.05.2021 14:00;24.05.2021 15:00;10,0
24.05.2021 15:00;24.05.2021 16:00;16,1
24.05.2021 16:00;24.05.2021 17:00;29,44
24.05.2021 17:00;24.05.2021 18:00;52,7
24.05.2021 18:00;24.05.2021 19:00;72,11
24.05.2021 19:00;24.05.2021 20:00;76,23
24.05.2021 20:00;24.05.2021 21:00;70,71
24.05.2021 21:00;24.05.2021 22:00;62,92
24.05.2021 22:00;24.05.2021 23:00;62,03
24.05.2021 23:00;25.05.2021 00:00;53,55
25.05.2021 00:00;25.05.2021 01:00;52,64
25.05.2021 01:00;25.05.2021 02:00;48,78
25.05.2021 02:00;25.05.2021 03:00;46,15
25.05.2021 03:00;25.05.2021 04:00;42,01
25.05.2021 04:00;25.05.2021 05:00;40,94
25.05.2021 05:00;25.05.2021 06:00;48,53
25.05.2021 06:00;25.05.2021 07:00;66,4
25.05.2021 07:00;25.05.2021 08:00;81,98
25.05.2021 08:00;25.05.2021 09:00;84,65
25.05.2021 09:00;25.05.2021 10:00;76,79
25.05.2021 10:00;25.05.2021 11:00;66,0
25.05.2021 11:00;25.05.2021 12:00;62,03
25.05.2021 12:00;25.05.2021 13:00;55,51
25.05.2021 13:00;25.05.2021 14:00;47,97
25.05.2021 14:00;25.05.2021 15:00;42,04
25.05.2021 15:00;25.05.2021 16:00;40,3
25.05.2021 16:00;25.05.2021 17:00;42,48
25.05.2021 17:00;25.05.2021 18:00;50,09
25.05.2021 18:00;25.05.2021 19:00;65,48
25.05.2021 19:00;25.05.2021 20:00;76,31
25.05.2021 20:00;25.05.2021 21:00;77,98
25.05.2021 21:00;25.05.2021 22:00;77,19
25.05.2021 22:00;25.05.2021 23:00;77,09
25.05.2021 23:00;26.05.2021 00:00;65,39
26.05.2021 00:00;26.05.2021 01:00;61,25
26.05.2021 01:00;26.05.2021 02:00;54,76
26.05.2021 02:00;26.05.2021 03:00;52,03
26.05.2021 03:00;26.05.2021 04:00;51,15
26.05.2021 04:00;26.05.2021 05:00;52,28
26.05.2021 05:00;26.05.2021 06:00;59,74
26.05.2021 06:00;26.05.2021 07:00;76,68
26.05.2021 07:00;26.05.2021 08:00;84,59
26.05.2021 08:00;26.05.2021 09:00;83,56
26.05.2021 09:00;26.05.2021 10:00;73,57
26.05.2021 10:00;26.05.2021 11:00;68,87
26.05.2021 11:00;26.05.2021 12:00;70,78
26.05.2021 12:00;26.05.2021 13:00;64,87
26.05.2021 13:00;26.05.2021 14:00;60,03
26.05.2021 14:00;26.05.2021 15:00;53,86
26.05.2021 15:00;26.05.2021 16:00;53,56
26.05.2021 16:00;26.05.2021 17:00;54,17
26.05.2021 17:00;26.05.2021 18:00;60,65
26.05.2021 18:00;26.05.2021 19:00;74,52
26.05.2021 19:00;26.05.2021 20:00;80,0
26.05.2021 20:00;26.05.2021 21:00;80,0
26.05.2021 21:00;26.05.2021 22:00;77,26
26.05.2021 22:00;26.05.2021 23:00;75,28
26.05.2021 23:00;27.05.2021 00:00;51,08
27.05.2021 00:00;27.05.2021 01:00;60,13
27.05.2021 01:00;27.05.2021 02:00;58,15
27.05.2021 02:00;27.05.2021 03:00;56,37
27.05.2021 03:00;27.05.2021 04:00;52,71
27.05.2021 04:00;27.05.2021 05:00;52,9
27.05.2021 05:00;27.05.2021 06:00;60,75
27.05.2021 06:00;27.05.2021 07:00;77,0
27.05.2021 07:00;27.05.2021 08:00;84,47
27.05.2021 08:00;27.05.2021 09:00;86,45
27.05.2021 09:00;27.05.2021 10:00;79,79
27.05.2021 10:00;27.05.2021 11:00;79,13
27.05.2021 11:00;27.05.2021 12:00;78,07
27.05.2021 12:00;27.05.2021 13:00;74,95
27.05.2021 13:00;27.05.2021 14:00;65,32
27.05.2021 14:00;27.05.2021 15:00;60,77
27.05.2021 15:00;27.05.2021 16:00;60,45
27.05.2021 16:00;27.05.2021 17:00;60,91
27.05.2021 17:00;27.05.2021 18:00;69,62
27.05.2021 18:00;27.05.2021 19:00;79,96
27.05.2021 19:00;27.05.2021 20:00;85,99
27.05.2021 20:00;27.05.2021 21:00;88,87
27.05.2021 21:00;27.05.2021 22:00;85,91
27.05.2021 22:00;27.05.2021 23:00;84,04
27.05.2021 23:00;28.05.2021 00:00;79,71
28.05.2021 00:00;28.05.2021 01:00;71,34
28.05.2021 01:00;28.05.2021 02:00;63,0
28.05.2021 02:00;28.05.2021 03:00;61,59
28.05.2021 03:00;28.05.2021 04:00;62,03
28.05.2021 04:00;28.05.2021 05:00;64,64
28.05.2021 05:00;28.05.2021 06:00;67,93
28.05.2021 06:00;28.05.2021 07:00;81,36
28.05.2021 07:00;28.05.2021 08:00;93,01
28.05.2021 08:00;28.05.2021 09:00;92,42
28.05.2021 09:00;28.05.2021 10:00;84,38
28.05.2021 10:00;28.05.2021 11:00;80,09
28.05.2021 11:00;28.05.2021 12:00;79,03
28.05.2021 12:00;28.05.2021 13:00;73,29
28.05.2021 13:00;28.05.2021 14:00;60,61
28.05.2021 14:00;28.05.2021 15:00;58,34
28.05.2021 15:00;28.05.2021 16:00;60,0
28.05.2021 16:00;28.05.2021 17:00;61,02
28.05.2021 17:00;28.05.2021 18:00;72,09
28.05.2021 18:00;28.05.2021 19:00;77,99
28.05.2021 19:00;28.05.2021 20:00;83,67
28.05.2021 20:00;28.05.2021 21:00;82,9
28.05.2021 21:00;28.05.2021 22:00;80,1
28.05.2021 22:00;28.05.2021 23:00;80,03
28.05.2021 23:00;29.05.2021 00:00;75,59
29.05.2021 00:00;29.05.2021 01:00;70,89
29.05.2021 01:00;29.05.2021 02:00;68,37
29.05.2021 02:00;29.05.2021 03:00;67,07
29.05.2021 03:00;29.05.2021 04:00;64,77
29.05.2021 04:00;29.05.2021 05:00;64,09
29.05.2021 05:00;29.05.2021 06:00;62,42
29.05.2021 06:00;29.05.2021 07:00;63,77
29.05.2021 07:00;29.05.2021 08:00;64,91
29.05.2021 08:00;29.05.2021 09:00;65,0
29.05.2021 09:00;29.05.2021 10:00;63,94
29.05.2021 10:00;29.05.2021 11:00;58,47
29.05.2021 11:00;29.05.2021 12:00;52,2
29.05.2021 12:00;29.05.2021 13:00;47,96
29.05.2021 13:00;29.05.2021 14:00;31,03
29.05.2021 14:00;29.05.2021 15:00;15,01
29.05.2021 15:00;29.05.2021 16:00;15,83
29.05.2021 16:00;29.05.2021 17:00;28,27
29.05.2021 17:00;29.05.2021 18:00;45,95
29.05.2021 18:00;29.05.2021 19:00;58,05
29.05.2021 19:00;29.05.2021 20:00;67,9
29.05.2021 20:00;29.05.2021 21:00;71,85
29.05.2021 21:00;29.05.2021 22:00;72,02
29.05.2021 22:00;29.05.2021 23:00;70,99
29.05.2021 23:00;30.05.2021 00:00;64,95
30.05.2021 00:00;30.05.2021 01:00;59,9
30.05.2021 01:00;30.05.2021 02:00;55,07
30.05.2021 02:00;30.05.2021 03:00;50,66
30.05.2021 03:00;30.05.2021 04:00;48,9
30.05.2021 04:00;30.05.2021 05:00;48,92
30.05.2021 05:00;30.05.2021 06:00;47,61
30.05.2021 06:00;30.05.2021 07:00;45,71
30.05.2021 07:00;30.05.2021 08:00;45,0
30.05.2021 08:00;30.05.2021 09:00;39,4
30.05.2021 09:00;30.05.2021 10:00;31,96
30.05.2021 10:00;30.05.2021 11:00;17,59
30.05.2021 11:00;30.05.2021 12:00;8,0
30.05.2021 12:00;30.05.2021 13:00;6,08
30.05.2021 13:00;30.05.2021 14:00;-3,05
30.05.2021 14:00;30.05.2021 15:00;-16,86
30.05.2021 15:00;30.05.2021 16:00;-9,9
30.05.2021 16:00;30.05.2021 17:00;-0,93
30.05.2021 17:00;30.05.2021 18:00;17,47
30.05.2021 18:00;30.05.2021 19:00;50,06
30.05.2021 19:00;30.05.2021 20:00;67,89
30.05.2021 20:00;30.05.2021 21:00;78,08
30.05.2021 21:00;30.05.2021 22:00;79,29
30.05.2021 22:00;30.05.2021 23:00;75,43
30.05.2021 23:00;31.05.2021 00:00;66,07
31.05.2021 00:00;31.05.2021 01:00;59,6
31.05.2021 01:00;31.05.2021 02:00;57,3
31.05.2021 02:00;31.05.2021 03:00;56,22
31.05.2021 03:00;31.05.2021 04:00;55,02
31.05.2021 04:00;31.05.2021 05:00;58,49
31.05.2021 05:00;31.05.2021 06:00;59,89
31.05.2021 06:00;31.05.2021 07:00;76,72
31.05.2021 07:00;31.05.2021 08:00;85,98
31.05.2021 08:00;31.05.2021 09:00;86,73
31.05.2021 09:00;31.05.2021 10:00;77,9
31.05.2021 10:00;31.05.2021 11:00;63,38
31.05.2021 11:00;31.05.2021 12:00;60,69
31.05.2021 12:00;31.05.2021 13:00;59,1
31.05.2021 13:00;31.05.2021 14:00;55,26
31.05.2021 14:00;31.05.2021 15:00;54,05
31.05.2021 15:00;31.05.2021 16:00;54,69
31.05.2021 16:00;31.05.2021 17:00;53,94
31.05.2021 17:00;31.05.2021 18:00;62,3
31.05.2021 18:00;31.05.2021 19:00;76,0
31.05.2021 19:00;31.05.2021 20:00;85,14
31.05.2021 20:00;31.05.2021 21:00;86,0
31.05.2021 21:00;31.05.2021 22:00;82,0
31.05.2021 22:00;31.05.2021 23:00;79,9
31.05.2021 23:00;01.06.2021 00:00;72,67
01.06.2021 00:00;01.06.2021 01:00;61,98
01.06.2021 01:00;01.06.2021 02:00;58,94
01.06.2021 02:00;01.06.2021 03:00;56,5
01.06.2021 03:00;01.06.2021 04:00;56,23
01.06.2021 04:00;01.06.2021 05:00;56,95
01.06.2021 05:00;01.06.2021 06:00;62,0
01.06.2021 06:00;01.06.2021 07:00;78,99
01.06.2021 07:00;01.06.2021 08:00;85,79
01.06.2021 08:00;01.06.2021 09:00;87,1
01.06.2021 09:00;01.06.2021 10:00;78,2
01.06.2021 10:00;01.06.2021 11:00;64,95
01.06.2021 11:00;01.06.2021 12:00;61,1
01.06.2021 12:00;01.06.2021 13:00;58,13
01.06.2021 13:00;01.06.2021 14:00;56,12
01.06.2021 14:00;01.06.2021 15:00;55,4
01.06.2021 15:00;01.06.2021 16:00;56,91
01.06.2021 16:00;01.06.2021 17:00;58,13
01.06.2021 17:00;01.06.2021 18:00;70,58
01.06.2021 18:00;01.06.2021 19:00;79,36
01.06.2021 19:00;01.06.2021 20:00;86,7
01.06.2021 20:00;01.06.2021 21:00;85,14
01.06.2021 21:00;01.06.2021 22:00;80,5
01.06.2021 22:00;01.06.2021 23:00;75,31
01.06.2021 23:00;02.06.2021 00:00;67,08
02.06.2021 00:00;02.06.2021 01:00;65,0
02.06.2021 01:00;02.06.2021 02:00;61,37
02.06.2021 02:00;02.06.2021 03:00;59,18
02.06.2021 03:00;02.06.2021 04:00;60,0
02.06.2021 04:00;02.06.2021 05:00;59,89
02.06.2021 05:00;02.06.2021 06:00;63,71
02.06.2021 06:00;02.06.2021 07:00;78,49
02.06.2021 07:00;02.06.2021 08:00;81,6
02.06.2021 08:00;02.06.2021 09:00;81,12
02.06.2021 09:00;02.06.2021 10:00;72,34
02.06.2021 10:00;02.06.2021 11:00;62,44
02.06.2021 11:00;02.06.2021 12:00;57,3
02.06.2021 12:00;02.06.2021 13:00;55,72
02.06.2021 13:00;02.06.2021 14:00;54,02
02.06.2021 14:00;02.06.2021 15:00;53,83
02.06.2021 15:00;02.06.2021 16:00;53,9
02.06.2021 16:00;02.06.2021 17:00;56,87
02.06.2021 17:00;02.06.2021 18:00;67,45
02.06.2021 18:00;02.06.2021 19:00;78,48
02.06.2021 19:00;02.06.2021 20:00;83,34
02.06.2021 20:00;02.06.2021 21:00;82,91
02.06.2021 21:00;02.06.2021 22:00;78,17
02.06.2021 22:00;02.06.2021 23:00;73,93
02.06.2021 23:00;03.06.2021 00:00;59,39
03.06.2021 00:00;03.06.2021 01:00;57,88
03.06.2021 01:00;03.06.2021 02:00;54,08
03.06.2021 02:00;03.06.2021 03:00;54,0
03.06.2021 03:00;03.06.2021 04:00;50,5
03.06.2021 04:00;03.06.2021 05:00;52,57
03.06.2021 05:00;03.06.2021 06:00;54,08
03.06.2021 06:00;03.06.2021 07:00;54,1
03.06.2021 07:00;03.06.2021 08:00;62,44
03.06.2021 08:00;03.06.2021 09:00;59,98
03.06.2021 09:00;03.06.2021 10:00;58,66
03.06.2021 10:00;03.06.2021 11:00;53,94
03.06.2021 11:00;03.06.2021 12:00;51,96
03.06.2021 12:00;03.06.2021 13:00;50,44
03.06.2021 13:00;03.06.2021 14:00;51,63
03.06.2021 14:00;03.06.2021 15:00;54,84
03.06.2021 15:00;03.06.2021 16:00;59,11
03.06.2021 16:00;03.06.2021 17:00;65,74
03.06.2021 17:00;03.06.2021 18:00;69,3
03.06.2021 18:00;03.06.2021 19:00;75,0
03.06.2021 19:00;03.06.2021 20:00;81,99
03.06.2021 20:00;03.06.2021 21:00;82,03
03.06.2021 21:00;03.06.2021 22:00;80,14
03.06.2021 22:00;03.06.2021 23:00;79,32
03.06.2021 23:00;04.06.2021 00:00;73,4
04.06.2021 00:00;04.06.2021 01:00;66,41
04.06.2021 01:00;04.06.2021 02:00;62,92
04.06.2021 02:00;04.06.2021 03:00;60,04
04.06.2021 03:00;04.06.2021 04:00;60,1
04.06.2021 04:00;04.06.2021 05:00;59,0
04.06.2021 05:00;04.06.2021 06:00;61,32
04.06.2021 06:00;04.06.2021 07:00;75,98
04.06.2021 07:00;04.06.2021 08:00;82,99
04.06.2021 08:00;04.06.2021 09:00;85,9
04.06.2021 09:00;04.06.2021 10:00;81,45
04.06.2021 10:00;04.06.2021 11:00;75,58
04.06.2021 11:00;04.06.2021 12:00;74,88
04.06.2021 12:00;04.06.2021 13:00;69,95
04.06.2021 13:00;04.06.2021 14:00;63,01
04.06.2021 14:00;04.06.2021 15:00;62,91
04.06.2021 15:00;04.06.2021 16:00;63,93
04.06.2021 16:00;04.06.2021 17:00;67,0
04.06.2021 17:00;04.06.2021 18:00;75,9
04.06.2021 18:00;04.06.2021 19:00;79,91
04.06.2021 19:00;04.06.2021 20:00;81,95
04.06.2021 20:00;04.06.2021 21:00;81,69
04.06.2021 21:00;04.06.2021 22:00;80,0
04.06.2021 22:00;04.06.2021 23:00;78,21
04.06.2021 23:00;05.06.2021 00:00;72,09
05.06.2021 00:00;05.06.2021 01:00;74,87
05.06.2021 01:00;05.06.2021 02:00;65,25
05.06.2021 02:00;05.06.2021 03:00;59,01
05.06.2021 03:00;05.06.2021 04:00;56,96
05.06.2021 04:00;05.06.2021 05:00;56,03
05.06.2021 05:00;05.06.2021 06:00;56,04
05.06.2021 06:00;05.06.2021 07:00;56,07
05.06.2021 07:00;05.06.2021 08:00;59,07
05.06.2021 08:00;05.06.2021 09:00;66,02
05.06.2021 09:00;05.06.2021 10:00;67,99
05.06.2021 10:00;05.06.2021 11:00;57,73
05.06.2021 11:00;05.06.2021 12:00;58,03
05.06.2021 12:00;05.06.2021 13:00;58,83
05.06.2021 13:00;05.06.2021 14:00;55,49
05.06.2021 14:00;05.06.2021 15:00;52,4
05.06.2021 15:00;05.06.2021 16:00;53,8
05.06.2021 16:00;05.06.2021 17:00;55,25
05.06.2021 17:00;05.06.2021 18:00;60,48
05.06.2021 18:00;05.06.2021 19:00;70,6
05.06.2021 19:00;05.06.2021 20:00;75,62
05.06.2021 20:00;05.06.2021 21:00;76,01
05.06.2021 21:00;05.06.2021 22:00;75,6
05.06.2021 22:00;05.06.2021 23:00;72,37
05.06.2021 23:00;06.06.2021 00:00;61,86
06.06.2021 00:00;06.06.2021 01:00;58,89
06.06.2021 01:00;06.06.2021 02:00;58,08
06.06.2021 02:00;06.06.2021 03:00;57,74
06.06.2021 03:00;06.06.2021 04:00;57,22
06.06.2021 04:00;06.06.2021 05:00;54,39
06.06.2021 05:00;06.06.2021 06:00;51,63
06.06.2021 06:00;06.06.2021 07:00;52,1
06.06.2021 07:00;06.06.2021 08:00;52,7
06.06.2021 08:00;06.06.2021 09:00;57,12
06.06.2021 09:00;06.06.2021 10:00;57,89
06.06.2021 10:00;06.06.2021 11:00;57,76
06.06.2021 11:00;06.06.2021 12:00;58,44
06.06.2021 12:00;06.06.2021 13:00;58,16
06.06.2021 13:00;06.06.2021 14:00;55,41
06.06.2021 14:00;06.06.2021 15:00;48,0
06.06.2021 15:00;06.06.2021 16:00;47,61
06.06.2021 16:00;06.06.2021 17:00;50,68
06.06.2021 17:00;06.06.2021 18:00;57,69
06.06.2021 18:00;06.06.2021 19:00;60,02
06.06.2021 19:00;06.06.2021 20:00;69,12
06.06.2021 20:00;06.06.2021 21:00;76,38
06.06.2021 21:00;06.06.2021 22:00;77,08
06.06.2021 22:00;06.06.2021 23:00;80,1
06.06.2021 23:00;07.06.2021 00:00;72,29
07.06.2021 00:00;07.06.2021 01:00;66,0
07.06.2021 01:00;07.06.2021 02:00;60,22
07.06.2021 02:00;07.06.2021 03:00;60,8
07.06.2021 03:00;07.06.2021 04:00;59,97
07.06.2021 04:00;07.06.2021 05:00;60,3
07.06.2021 05:00;07.06.2021 06:00;63,22
07.06.2021 06:00;07.06.2021 07:00;80,19
07.06.2021 07:00;07.06.2021 08:00;85,94
07.06.2021 08:00;07.06.2021 09:00;90,0
07.06.2021 09:00;07.06.2021 10:00;86,0
07.06.2021 10:00;07.06.2021 11:00;82,55
07.06.2021 11:00;07.06.2021 12:00;81,0
07.06.2021 12:00;07.06.2021 13:00;79,95
07.06.2021 13:00;07.06.2021 14:00;77,73
07.06.2021 14:00;07.06.2021 15:00;76,15
07.06.2021 15:00;07.06.2021 16:00;76,97
07.06.2021 16:00;07.06.2021 17:00;77,25
07.06.2021 17:00;07.06.2021 18:00;79,55
07.06.2021 18:00;07.06.2021 19:00;83,18
07.06.2021 19:00;07.06.2021 20:00;88,0
07.06.2021 20:00;07.06.2021 21:00;89,95
07.06.2021 21:00;07.06.2021 22:00;87,24
07.06.2021 22:00;07.06.2021 23:00;84,95
07.06.2021 23:00;08.06.2021 00:00;79,0
08.06.2021 00:00;08.06.2021 01:00;71,35
08.06.2021 01:00;08.06.2021 02:00;64,21
08.06.2021 02:00;08.06.2021 03:00;63,48
08.06.2021 03:00;08.06.2021 04:00;61,97
08.06.2021 04:00;08.06.2021 05:00;62,36
08.06.2021 05:00;08.06.2021 06:00;66,42
08.06.2021 06:00;08.06.2021 07:00;80,07
08.06.2021 07:00;08.06.2021 08:00;90,03
08.06.2021 08:00;08.06.2021 09:00;93,85
08.06.2021 09:00;08.06.2021 10:00;85,32
08.06.2021 10:00;08.06.2021 11:00;80,02
08.06.2021 11:00;08.06.2021 12:00;77,44
08.06.2021 12:00;08.06.2021 13:00;72,6
08.06.2021 13:00;08.06.2021 14:00;65,78
08.06.2021 14:00;08.06.2021 15:00;65,06
08.06.2021 15:00;08.06.2021 16:00;68,03
08.06.2021 16:00;08.06.2021 17:00;74,47
08.06.2021 17:00;08.06.2021 18:00;79,33
08.06.2021 18:00;08.06.2021 19:00;83,79
08.06.2021 19:00;08.06.2021 20:00;92,33
08.06.2021 20:00;08.06.2021 21:00;99,32
08.06.2021 21:00;08.06.2021 22:00;87,24
08.06.2021 22:00;08.06.2021 23:00;83,96
08.06.2021 23:00;09.06.2021 00:00;77,66
09.06.2021 00:00;09.06.2021 01:00;68,48
09.06.2021 01:00;09.06.2021 02:00;66,04
09.06.2021 02:00;09.06.2021 03:00;64,59
09.06.2021 03:00;09.06.2021 04:00;64,0
09.06.2021 04:00;09.06.2021 05:00;64,9
09.06.2021 05:00;09.06.2021 06:00;67,0
09.06.2021 06:00;09.06.2021 07:00;80,15
09.06.2021 07:00;09.06.2021 08:00;86,44
09.06.2021 08:00;09.06.2021 09:00;88,11
09.06.2021 09:00;09.06.2021 10:00;82,31
09.06.2021 10:00;09.06.2021 11:00;76,81
09.06.2021 11:00;09.06.2021 12:00;71,97
09.06.2021 12:00;09.06.2021 13:00;68,22
09.06.2021 13:00;09.06.2021 14:00;70,0
09.06.2021 14:00;09.06.2021 15:00;68,63
09.06.2021 15:00;09.06.2021 16:00;71,76
09.06.2021 16:00;09.06.2021 17:00;72,42
09.06.2021 17:00;09.06.2021 18:00;78,32
09.06.2021 18:00;09.06.2021 19:00;82,99
09.06.2021 19:00;09.06.2021 20:00;96,97
09.06.2021 20:00;09.06.2021 21:00;98,51
09.06.2021 21:00;09.06.2021 22:00;90,06
09.06.2021 22:00;09.06.2021 23:00;85,0
09.06.2021 23:00;10.06.2021 00:00;77,98
10.06.2021 00:00;10.06.2021 01:00;78,58
10.06.2021 01:00;10.06.2021 02:00;72,7
10.06.2021 02:00;10.06.2021 03:00;68,33
10.06.2021 03:00;10.06.2021 04:00;65,6
10.06.2021 04:00;10.06.2021 05:00;66,09
10.06.2021 05:00;10.06.2021 06:00;69,32
10.06.2021 06:00;10.06.2021 07:00;80,91
10.06.2021 07:00;10.06.2021 08:00;89,27
10.06.2021 08:00;10.06.2021 09:00;92,5
10.06.2021 09:00;10.06.2021 10:00;84,59
10.06.2021 10:00;10.06.2021 11:00;74,44
10.06.2021 11:00;10.06.2021 12:00;79,36
10.06.2021 12:00;10.06.2021 13:00;82,18
10.06.2021 13:00;10.06.2021 14:00;66,05
10.06.2021 14:00;10.06.2021 15:00;65,2
10.06.2021 15:00;10.06.2021 16:00;66,25
10.06.2021 16:00;10.06.2021 17:00;71,5
10.06.2021 17:00;10.06.2021 18:00;81,7
10.06.2021 18:00;10.06.2021 19:00;86,01
10.06.2021 19:00;10.06.2021 20:00;97,19
10.06.2021 20:00;10.06.2021 21:00;95,88
10.06.2021 21:00;10.06.2021 22:00;90,13
10.06.2021 22:00;10.06.2021 23:00;87,25
10.06.2021 23:00;11.06.2021 00:00;80,97
11.06.2021 00:00;11.06.2021 01:00;81,75
11.06.2021 01:00;11.06.2021 02:00;74,87
11.06.2021 02:00;11.06.2021 03:00;68,1
11.06.2021 03:00;11.06.2021 04:00;66,58
11.06.2021 04:00;11.06.2021 05:00;66,33
11.06.2021 05:00;11.06.2021 06:00;70,15
11.06.2021 06:00;11.06.2021 07:00;88,03
11.06.2021 07:00;11.06.2021 08:00;97,69
11.06.2021 08:00;11.06.2021 09:00;92,26
11.06.2021 09:00;11.06.2021 10:00;85,05
11.06.2021 10:00;11.06.2021 11:00;76,92
11.06.2021 11:00;11.06.2021 12:00;74,0
11.06.2021 12:00;11.06.2021 13:00;75,43
11.06.2021 13:00;11.06.2021 14:00;67,98
11.06.2021 14:00;11.06.2021 15:00;65,49
11.06.2021 15:00;11.06.2021 16:00;64,87
11.06.2021 16:00;11.06.2021 17:00;67,45
11.06.2021 17:00;11.06.2021 18:00;76,96
11.06.2021 18:00;11.06.2021 19:00;82,98
11.06.2021 19:00;11.06.2021 20:00;88,07
11.06.2021 20:00;11.06.2021 21:00;89,92
11.06.2021 21:00;11.06.2021 22:00;88,07
11.06.2021 22:00;11.06.2021 23:00;85,46
11.06.2021 23:00;12.06.2021 00:00;79,88
12.06.2021 00:00;12.06.2021 01:00;78,56
12.06.2021 01:00;12.06.2021 02:00;70,58
12.06.2021 02:00;12.06.2021 03:00;65,98
12.06.2021 03:00;12.06.2021 04:00;60,38
12.06.2021 04:00;12.06.2021 05:00;56,22
12.06.2021 05:00;12.06.2021 06:00;56,49
12.06.2021 06:00;12.06.2021 07:00;57,24
12.06.2021 07:00;12.06.2021 08:00;64,58
12.06.2021 08:00;12.06.2021 09:00;64,94
12.06.2021 09:00;12.06.2021 10:00;61,47
12.06.2021 10:00;12.06.2021 11:00;48,91
12.06.2021 11:00;12.06.2021 12:00;31,38
12.06.2021 12:00;12.06.2021 13:00;12,11
12.06.2021 13:00;12.06.2021 14:00;-2,06
12.06.2021 14:00;12.06.2021 15:00;-21,8
12.06.2021 15:00;12.06.2021 16:00;-26,2
12.06.2021 16:00;12.06.2021 17:00;-12,97
12.06.2021 17:00;12.06.2021 18:00;0,07
12.06.2021 18:00;12.06.2021 19:00;20,4
12.06.2021 19:00;12.06.2021 20:00;44,65
12.06.2021 20:00;12.06.2021 21:00;54,04
12.06.2021 21:00;12.06.2021 22:00;57,86
12.06.2021 22:00;12.06.2021 23:00;54,91
12.06.2021 23:00;13.06.2021 00:00;42,48
13.06.2021 00:00;13.06.2021 01:00;25,0
13.06.2021 01:00;13.06.2021 02:00;10,19
13.06.2021 02:00;13.06.2021 03:00;7,23
13.06.2021 03:00;13.06.2021 04:00;4,99
13.06.2021 04:00;13.06.2021 05:00;4,55
13.06.2021 05:00;13.06.2021 06:00;3,04
13.06.2021 06:00;13.06.2021 07:00;3,76
13.06.2021 07:00;13.06.2021 08:00;8,26
13.06.2021 08:00;13.06.2021 09:00;4,05
13.06.2021 09:00;13.06.2021 10:00;2,52
13.06.2021 10:00;13.06.2021 11:00;0,01
13.06.2021 11:00;13.06.2021 12:00;0,01
13.06.2021 12:00;13.06.2021 13:00;-0,01
13.06.2021 13:00;13.06.2021 14:00;-23,4
13.06.2021 14:00;13.06.2021 15:00;-36,72
13.06.2021 15:00;13.06.2021 16:00;-21,01
13.06.2021 16:00;13.06.2021 17:00;-1,97
13.06.2021 17:00;13.06.2021 18:00;7,62
13.06.2021 18:00;13.06.2021 19:00;60,15
13.06.2021 19:00;13.06.2021 20:00;77,69
13.06.2021 20:00;13.06.2021 21:00;83,64
13.06.2021 21:00;13.06.2021 22:00;87,03
13.06.2021 22:00;13.06.2021 23:00;83,99
13.06.2021 23:00;14.06.2021 00:00;75,01
14.06.2021 00:00;14.06.2021 01:00;68,56
14.06.2021 01:00;14.06.2021 02:00;62,83
14.06.2021 02:00;14.06.2021 03:00;60,27
14.06.2021 03:00;14.06.2021 04:00;59,93
14.06.2021 04:00;14.06.2021 05:00;59,77
14.06.2021 05:00;14.06.2021 06:00;63,13
14.06.2021 06:00;14.06.2021 07:00;83,97
14.06.2021 07:00;14.06.2021 08:00;96,23
14.06.2021 08:00;14.06.2021 09:00;93,0
14.06.2021 09:00;14.06.2021 10:00;83,7
14.06.2021 10:00;14.06.2021 11:00;68,79
14.06.2021 11:00;14.06.2021 12:00;61,99
14.06.2021 12:00;14.06.2021 13:00;51,91
14.06.2021 13:00;14.06.2021 14:00;50,8
14.06.2021 14:00;14.06.2021 15:00;50,89
14.06.2021 15:00;14.06.2021 16:00;59,71
14.06.2021 16:00;14.06.2021 17:00;68,47
14.06.2021 17:00;14.06.2021 18:00;82,08
14.06.2021 18:00;14.06.2021 19:00;88,85
14.06.2021 19:00;14.06.2021 20:00;95,0
14.06.2021 20:00;14.06.2021 21:00;102,28
14.06.2021 21:00;14.06.2021 22:00;95,0
14.06.2021 22:00;14.06.2021 23:00;90,0
14.06.2021 23:00;15.06.2021 00:00;84,18
15.06.2021 00:00;15.06.2021 01:00;78,22
15.06.2021 01:00;15.06.2021 02:00;71,52
15.06.2021 02:00;15.06.2021 03:00;69,1
15.06.2021 03:00;15.06.2021 04:00;68,03
15.06.2021 04:00;15.06.2021 05:00;68,18
15.06.2021 05:00;15.06.2021 06:00;71,09
15.06.2021 06:00;15.06.2021 07:00;87,28
15.06.2021 07:00;15.06.2021 08:00;93,55
15.06.2021 08:00;15.06.2021 09:00;96,81
15.06.2021 09:00;15.06.2021 10:00;90,0
15.06.2021 10:00;15.06.2021 11:00;83,99
15.06.2021 11:00;15.06.2021 12:00;81,4
15.06.2021 12:00;15.06.2021 13:00;74,99
15.06.2021 13:00;15.06.2021 14:00;72,01
15.06.2021 14:00;15.06.2021 15:00;71,9
15.06.2021 15:00;15.06.2021 16:00;73,0
15.06.2021 16:00;15.06.2021 17:00;79,01
15.06.2021 17:00;15.06.2021 18:00;85,6
15.06.2021 18:00;15.06.2021 19:00;94,6
15.06.2021 19:00;15.06.2021 20:00;100,0
15.06.2021 20:00;15.06.2021 21:00;100,0
15.06.2021 21:00;15.06.2021 22:00;97,36
15.06.2021 22:00;15.06.2021 23:00;91,77
15.06.2021 23:00;16.06.2021 00:00;83,14
16.06.2021 00:00;16.06.2021 01:00;77,59
16.06.2021 01:00;16.06.2021 02:00;70,77
16.06.2021 02:00;16.06.2021 03:00;70,95
16.06.2021 03:00;16.06.2021 04:00;66,9
16.06.2021 04:00;16.06.2021 05:00;68,57
16.06.2021 05:00;16.06.2021 06:00;70,98
16.06.2021 06:00;16.06.2021 07:00;85,58
16.06.2021 07:00;16.06.2021 08:00;99,29
16.06.2021 08:00;16.06.2021 09:00;100,0
16.06.2021 09:00;16.06.2021 10:00;91,95
16.06.2021 10:00;16.06.2021 11:00;83,99
16.06.2021 11:00;16.06.2021 12:00;77,9
16.06.2021 12:00;16.06.2021 13:00;73,78
16.06.2021 13:00;16.06.2021 14:00;75,06
16.06.2021 14:00;16.06.2021 15:00;79,99
16.06.2021 15:00;16.06.2021 16:00;80,97
16.06.2021 16:00;16.06.2021 17:00;85,5
16.06.2021 17:00;16.06.2021 18:00;92,64
16.06.2021 18:00;16.06.2021 19:00;102,53
16.06.2021 19:00;16.06.2021 20:00;118,05
16.06.2021 20:00;16.06.2021 21:00;111,53
16.06.2021 21:00;16.06.2021 22:00;100,84
16.06.2021 22:00;16.06.2021 23:00;87,97
16.06.2021 23:00;17.06.2021 00:00;66,76
17.06.2021 00:00;17.06.2021 01:00;66,28
17.06.2021 01:00;17.06.2021 02:00;66,0
17.06.2021 02:00;17.06.2021 03:00;64,13
17.06.2021 03:00;17.06.2021 04:00;62,67
17.06.2021 04:00;17.06.2021 05:00;62,8
17.06.2021 05:00;17.06.2021 06:00;65,08
17.06.2021 06:00;17.06.2021 07:00;71,72
17.06.2021 07:00;17.06.2021 08:00;94,08
17.06.2021 08:00;17.06.2021 09:00;99,0
17.06.2021 09:00;17.06.2021 10:00;87,56
17.06.2021 10:00;17.06.2021 11:00;78,17
17.06.2021 11:00;17.06.2021 12:00;67,8
17.06.2021 12:00;17.06.2021 13:00;61,88
17.06.2021 13:00;17.06.2021 14:00;58,83
17.06.2021 14:00;17.06.2021 15:00;58,35
17.06.2021 15:00;17.06.2021 16:00;60,03
17.06.2021 16:00;17.06.2021 17:00;70,39
17.06.2021 17:00;17.06.2021 18:00;84,77
17.06.2021 18:00;17.06.2021 19:00;92,95
17.06.2021 19:00;17.06.2021 20:00;112,23
17.06.2021 20:00;17.06.2021 21:00;103,46
17.06.2021 21:00;17.06.2021 22:00;98,91
17.06.2021 22:00;17.06.2021 23:00;91,03
17.06.2021 23:00;18.06.2021 00:00;82,17
18.06.2021 00:00;18.06.2021 01:00;74,65
18.06.2021 01:00;18.06.2021 02:00;69,97
18.06.2021 02:00;18.06.2021 03:00;67,07
18.06.2021 03:00;18.06.2021 04:00;65,19
18.06.2021 04:00;18.06.2021 05:00;66,09
18.06.2021 05:00;18.06.2021 06:00;70,1
18.06.2021 06:00;18.06.2021 07:00;85,57
18.06.2021 07:00;18.06.2021 08:00;97,05
18.06.2021 08:00;18.06.2021 09:00;100,02
18.06.2021 09:00;18.06.2021 10:00;95,0
18.06.2021 10:00;18.06.2021 11:00;84,1
18.06.2021 11:00;18.06.2021 12:00;81,0
18.06.2021 12:00;18.06.2021 13:00;74,59
18.06.2021 13:00;18.06.2021 14:00;64,78
18.06.2021 14:00;18.06.2021 15:00;67,15
18.06.2021 15:00;18.06.2021 16:00;67,7
18.06.2021 16:00;18.06.2021 17:00;66,0
18.06.2021 17:00;18.06.2021 18:00;83,85
18.06.2021 18:00;18.06.2021 19:00;91,1
18.06.2021 19:00;18.06.2021 20:00;97,0
18.06.2021 20:00;18.06.2021 21:00;96,91
18.06.2021 21:00;18.06.2021 22:00;92,37
18.06.2021 22:00;18.06.2021 23:00;85,86
18.06.2021 23:00;19.06.2021 00:00;79,75
19.06.2021 00:00;19.06.2021 01:00;80,17
19.06.2021 01:00;19.06.2021 02:00;74,23
19.06.2021 02:00;19.06.2021 03:00;71,35
19.06.2021 03:00;19.06.2021 04:00;70,07
19.06.2021 04:00;19.06.2021 05:00;67,3
19.06.2021 05:00;19.06.2021 06:00;64,91
19.06.2021 06:00;19.06.2021 07:00;66,04
19.06.2021 07:00;19.06.2021 08:00;73,5
19.06.2021 08:00;19.06.2021 09:00;74,37
19.06.2021 09:00;19.06.2021 10:00;64,93
19.06.2021 10:00;19.06.2021 11:00;58,38
19.06.2021 11:00;19.06.2021 12:00;54,8
19.06.2021 12:00;19.06.2021 13:00;52,6
19.06.2021 13:00;19.06.2021 14:00;49,37
19.06.2021 14:00;19.06.2021 15:00;50,38
19.06.2021 15:00;19.06.2021 16:00;59,69
19.06.2021 16:00;19.06.2021 17:00;62,49
19.06.2021 17:00;19.06.2021 18:00;73,0
19.06.2021 18:00;19.06.2021 19:00;81,0
19.06.2021 19:00;19.06.2021 20:00;89,0
19.06.2021 20:00;19.06.2021 21:00;92,75
19.06.2021 21:00;19.06.2021 22:00;89,98
19.06.2021 22:00;19.06.2021 23:00;83,98
19.06.2021 23:00;20.06.2021 00:00;78,05
20.06.2021 00:00;20.06.2021 01:00;76,01
20.06.2021 01:00;20.06.2021 02:00;66,8
20.06.2021 02:00;20.06.2021 03:00;63,04
20.06.2021 03:00;20.06.2021 04:00;60,03
20.06.2021 04:00;20.06.2021 05:00;54,93
20.06.2021 05:00;20.06.2021 06:00;50,09
20.06.2021 06:00;20.06.2021 07:00;50,11
20.06.2021 07:00;20.06.2021 08:00;52,76
20.06.2021 08:00;20.06.2021 09:00;55,0
20.06.2021 09:00;20.06.2021 10:00;55,0
20.06.2021 10:00;20.06.2021 11:00;50,2
20.06.2021 11:00;20.06.2021 12:00;45,63
20.06.2021 12:00;20.06.2021 13:00;39,85
20.06.2021 13:00;20.06.2021 14:00;27,2
20.06.2021 14:00;20.06.2021 15:00;23,72
20.06.2021 15:00;20.06.2021 16:00;26,99
20.06.2021 16:00;20.06.2021 17:00;48,1
20.06.2021 17:00;20.06.2021 18:00;60,48
20.06.2021 18:00;20.06.2021 19:00;70,05
20.06.2021 19:00;20.06.2021 20:00;84,35
20.06.2021 20:00;20.06.2021 21:00;86,21
20.06.2021 21:00;20.06.2021 22:00;86,7
20.06.2021 22:00;20.06.2021 23:00;88,13
20.06.2021 23:00;21.06.2021 00:00;81,0
21.06.2021 00:00;21.06.2021 01:00;65,99
21.06.2021 01:00;21.06.2021 02:00;62,96
21.06.2021 02:00;21.06.2021 03:00;61,03
21.06.2021 03:00;21.06.2021 04:00;58,9
21.06.2021 04:00;21.06.2021 05:00;58,62
21.06.2021 05:00;21.06.2021 06:00;62,5
21.06.2021 06:00;21.06.2021 07:00;76,1
21.06.2021 07:00;21.06.2021 08:00;88,94
21.06.2021 08:00;21.06.2021 09:00;92,0
21.06.2021 09:00;21.06.2021 10:00;90,0
21.06.2021 10:00;21.06.2021 11:00;86,28
21.06.2021 11:00;21.06.2021 12:00;82,0
21.06.2021 12:00;21.06.2021 13:00;78,48
21.06.2021 13:00;21.06.2021 14:00;69,93
21.06.2021 14:00;21.06.2021 15:00;67,34
21.06.2021 15:00;21.06.2021 16:00;72,05
21.06.2021 16:00;21.06.2021 17:00;75,13
21.06.2021 17:00;21.06.2021 18:00;82,94
21.06.2021 18:00;21.06.2021 19:00;88,97
21.06.2021 19:00;21.06.2021 20:00;93,79
21.06.2021 20:00;21.06.2021 21:00;94,07
21.06.2021 21:00;21.06.2021 22:00;91,27
21.06.2021 22:00;21.06.2021 23:00;86,09
21.06.2021 23:00;22.06.2021 00:00;77,8
22.06.2021 00:00;22.06.2021 01:00;74,03
22.06.2021 01:00;22.06.2021 02:00;68,38
22.06.2021 02:00;22.06.2021 03:00;66,8
22.06.2021 03:00;22.06.2021 04:00;65,68
22.06.2021 04:00;22.06.2021 05:00;64,84
22.06.2021 05:00;22.06.2021 06:00;67,67
22.06.2021 06:00;22.06.2021 07:00;83,08
22.06.2021 07:00;22.06.2021 08:00;93,76
22.06.2021 08:00;22.06.2021 09:00;96,0
22.06.2021 09:00;22.06.2021 10:00;93,65
22.06.2021 10:00;22.06.2021 11:00;90,97
22.06.2021 11:00;22.06.2021 12:00;90,1
22.06.2021 12:00;22.06.2021 13:00;88,48
22.06.2021 13:00;22.06.2021 14:00;83,9
22.06.2021 14:00;22.06.2021 15:00;80,07
22.06.2021 15:00;22.06.2021 16:00;81,73
22.06.2021 16:00;22.06.2021 17:00;82,41
22.06.2021 17:00;22.06.2021 18:00;89,95
22.06.2021 18:00;22.06.2021 19:00;97,59
22.06.2021 19:00;22.06.2021 20:00;100,46
22.06.2021 20:00;22.06.2021 21:00;100,1
22.06.2021 21:00;22.06.2021 22:00;96,87
22.06.2021 22:00;22.06.2021 23:00;90,68
22.06.2021 23:00;23.06.2021 00:00;82,94
23.06.2021 00:00;23.06.2021 01:00;72,59
23.06.2021 01:00;23.06.2021 02:00;72,53
23.06.2021 02:00;23.06.2021 03:00;70,29
23.06.2021 03:00;23.06.2021 04:00;70,09
23.06.2021 04:00;23.06.2021 05:00;71,18
23.06.2021 05:00;23.06.2021 06:00;75,01
23.06.2021 06:00;23.06.2021 07:00;87,85
23.06.2021 07:00;23.06.2021 08:00;109,93
23.06.2021 08:00;23.06.2021 09:00;120,0
23.06.2021 09:00;23.06.2021 10:00;103,93
23.06.2021 10:00;23.06.2021 11:00;93,35
23.06.2021 11:00;23.06.2021 12:00;92,08
23.06.2021 12:00;23.06.2021 13:00;91,13
23.06.2021 13:00;23.06.2021 14:00;87,55
23.06.2021 14:00;23.06.2021 15:00;84,82
23.06.2021 15:00;23.06.2021 16:00;79,67
23.06.2021 16:00;23.06.2021 17:00;83,61
23.06.2021 17:00;23.06.2021 18:00;90,96
23.06.2021 18:00;23.06.2021 19:00;106,44
23.06.2021 19:00;23.06.2021 20:00;139,72
23.06.2021 20:00;23.06.2021 21:00;133,38
23.06.2021 21:00;23.06.2021 22:00;112,47
23.06.2021 22:00;23.06.2021 23:00;93,35
23.06.2021 23:00;24.06.2021 00:00;86,34
24.06.2021 00:00;24.06.2021 01:00;80,89
24.06.2021 01:00;24.06.2021 02:00;79,29
24.06.2021 02:00;24.06.2021 03:00;76,19
24.06.2021 03:00;24.06.2021 04:00;73,31
24.06.2021 04:00;24.06.2021 05:00;75,44
24.06.2021 05:00;24.06.2021 06:00;78,76
24.06.2021 06:00;24.06.2021 07:00;91,47
24.06.2021 07:00;24.06.2021 08:00;104,23
24.06.2021 08:00;24.06.2021 09:00;119,81
24.06.2021 09:00;24.06.2021 10:00;115,97
24.06.2021 10:00;24.06.2021 11:00;99,99
24.06.2021 11:00;24.06.2021 12:00;95,0
24.06.2021 12:00;24.06.2021 13:00;90,16
24.06.2021 13:00;24.06.2021 14:00;88,05
24.06.2021 14:00;24.06.2021 15:00;85,74
24.06.2021 15:00;24.06.2021 16:00;84,96
24.06.2021 16:00;24.06.2021 17:00;87,75
24.06.2021 17:00;24.06.2021 18:00;95,94
24.06.2021 18:00;24.06.2021 19:00;108,39
24.06.2021 19:00;24.06.2021 20:00;129,54
24.06.2021 20:00;24.06.2021 21:00;124,37
24.06.2021 21:00;24.06.2021 22:00;107,37
24.06.2021 22:00;24.06.2021 23:00;94,32
24.06.2021 23:00;25.06.2021 00:00;88,91
25.06.2021 00:00;25.06.2021 01:00;84,63
25.06.2021 01:00;25.06.2021 02:00;79,62
25.06.2021 02:00;25.06.2021 03:00;76,99
25.06.2021 03:00;25.06.2021 04:00;75,44
25.06.2021 04:00;25.06.2021 05:00;75,77
25.06.2021 05:00;25.06.2021 06:00;78,3
25.06.2021 06:00;25.06.2021 07:00;89,8
25.06.2021 07:00;25.06.2021 08:00;100,54
25.06.2021 08:00;25.06.2021 09:00;105,51
25.06.2021 09:00;25.06.2021 10:00;95,02
25.06.2021 10:00;25.06.2021 11:00;93,07
25.06.2021 11:00;25.06.2021 12:00;89,06
25.06.2021 12:00;25.06.2021 13:00;86,45
25.06.2021 13:00;25.06.2021 14:00;80,07
25.06.2021 14:00;25.06.2021 15:00;79,26
25.06.2021 15:00;25.06.2021 16:00;78,96
25.06.2021 16:00;25.06.2021 17:00;79,83
25.06.2021 17:00;25.06.2021 18:00;93,27
25.06.2021 18:00;25.06.2021 19:00;107,96
25.06.2021 19:00;25.06.2021 20:00;105,99
25.06.2021 20:00;25.06.2021 21:00;109,08
25.06.2021 21:00;25.06.2021 22:00;100,72
25.06.2021 22:00;25.06.2021 23:00;98,38
25.06.2021 23:00;26.06.2021 00:00;89,71
26.06.2021 00:00;26.06.2021 01:00;88,94
26.06.2021 01:00;26.06.2021 02:00;84,33
26.06.2021 02:00;26.06.2021 03:00;84,3
26.06.2021 03:00;26.06.2021 04:00;81,19
26.06.2021 04:00;26.06.2021 05:00;75,48
26.06.2021 05:00;26.06.2021 06:00;74,03
26.06.2021 06:00;26.06.2021 07:00;82,6
26.06.2021 07:00;26.06.2021 08:00;81,54
26.06.2021 08:00;26.06.2021 09:00;82,8
26.06.2021 09:00;26.06.2021 10:00;81,52
26.06.2021 10:00;26.06.2021 11:00;75,24
26.06.2021 11:00;26.06.2021 12:00;73,37
26.06.2021 12:00;26.06.2021 13:00;71,17
26.06.2021 13:00;26.06.2021 14:00;68,97
26.06.2021 14:00;26.06.2021 15:00;65,74
26.06.2021 15:00;26.06.2021 16:00;64,87
26.06.2021 16:00;26.06.2021 17:00;66,1
26.06.2021 17:00;26.06.2021 18:00;69,74
26.06.2021 18:00;26.06.2021 19:00;83,78
26.06.2021 19:00;26.06.2021 20:00;94,24
26.06.2021 20:00;26.06.2021 21:00;95,95
26.06.2021 21:00;26.06.2021 22:00;95,29
26.06.2021 22:00;26.06.2021 23:00;91,03
26.06.2021 23:00;27.06.2021 00:00;84,78
27.06.2021 00:00;27.06.2021 01:00;76,89
27.06.2021 01:00;27.06.2021 02:00;71,0
27.06.2021 02:00;27.06.2021 03:00;68,05
27.06.2021 03:00;27.06.2021 04:00;68,18
27.06.2021 04:00;27.06.2021 05:00;68,16
27.06.2021 05:00;27.06.2021 06:00;65,92
27.06.2021 06:00;27.06.2021 07:00;66,07
27.06.2021 07:00;27.06.2021 08:00;65,03
27.06.2021 08:00;27.06.2021 09:00;62,29
27.06.2021 09:00;27.06.2021 10:00;59,61
27.06.2021 10:00;27.06.2021 11:00;52,89
27.06.2021 11:00;27.06.2021 12:00;52,96
27.06.2021 12:00;27.06.2021 13:00;49,58
27.06.2021 13:00;27.06.2021 14:00;31,51
27.06.2021 14:00;27.06.2021 15:00;21,73
27.06.2021 15:00;27.06.2021 16:00;27,18
27.06.2021 16:00;27.06.2021 17:00;45,05
27.06.2021 17:00;27.06.2021 18:00;67,03
27.06.2021 18:00;27.06.2021 19:00;80,55
27.06.2021 19:00;27.06.2021 20:00;90,85
27.06.2021 20:00;27.06.2021 21:00;95,0
27.06.2021 21:00;27.06.2021 22:00;93,68
27.06.2021 22:00;27.06.2021 23:00;92,91
27.06.2021 23:00;28.06.2021 00:00;86,96
28.06.2021 00:00;28.06.2021 01:00;81,2
28.06.2021 01:00;28.06.2021 02:00;73,38
28.06.2021 02:00;28.06.2021 03:00;70,2
28.06.2021 03:00;28.06.2021 04:00;68,92
28.06.2021 04:00;28.06.2021 05:00;69,15
28.06.2021 05:00;28.06.2021 06:00;74,0
28.06.2021 06:00;28.06.2021 07:00;94,29
28.06.2021 07:00;28.06.2021 08:00;103,18
28.06.2021 08:00;28.06.2021 09:00;98,49
28.06.2021 09:00;28.06.2021 10:00;94,24
28.06.2021 10:00;28.06.2021 11:00;89,7
28.06.2021 11:00;28.06.2021 12:00;86,95
28.06.2021 12:00;28.06.2021 13:00;86,74
28.06.2021 13:00;28.06.2021 14:00;78,47
28.06.2021 14:00;28.06.2021 15:00;76,4
28.06.2021 15:00;28.06.2021 16:00;81,2
28.06.2021 16:00;28.06.2021 17:00;84,96
28.06.2021 17:00;28.06.2021 18:00;90,45
28.06.2021 18:00;28.06.2021 19:00;99,62
28.06.2021 19:00;28.06.2021 20:00;123,96
28.06.2021 20:00;28.06.2021 21:00;117,96
28.06.2021 21:00;28.06.2021 22:00;98,98
28.06.2021 22:00;28.06.2021 23:00;97,49
28.06.2021 23:00;29.06.2021 00:00;89,59
29.06.2021 00:00;29.06.2021 01:00;81,03
29.06.2021 01:00;29.06.2021 02:00;76,33
29.06.2021 02:00;29.06.2021 03:00;74,98
29.06.2021 03:00;29.06.2021 04:00;73,45
29.06.2021 04:00;29.06.2021 05:00;74,52
29.06.2021 05:00;29.06.2021 06:00;78,46
29.06.2021 06:00;29.06.2021 07:00;93,79
29.06.2021 07:00;29.06.2021 08:00;103,48
29.06.2021 08:00;29.06.2021 09:00;111,03
29.06.2021 09:00;29.06.2021 10:00;104,04
29.06.2021 10:00;29.06.2021 11:00;99,14
29.06.2021 11:00;29.06.2021 12:00;97,62
29.06.2021 12:00;29.06.2021 13:00;95,25
29.06.2021 13:00;29.06.2021 14:00;92,98
29.06.2021 14:00;29.06.2021 15:00;90,02
29.06.2021 15:00;29.06.2021 16:00;88,39
29.06.2021 16:00;29.06.2021 17:00;89,0
29.06.2021 17:00;29.06.2021 18:00;97,64
29.06.2021 18:00;29.06.2021 19:00;100,04
29.06.2021 19:00;29.06.2021 20:00;103,4
29.06.2021 20:00;29.06.2021 21:00;99,06
29.06.2021 21:00;29.06.2021 22:00;96,33
29.06.2021 22:00;29.06.2021 23:00;94,97
29.06.2021 23:00;30.06.2021 00:00;84,59
30.06.2021 00:00;30.06.2021 01:00;80,82
30.06.2021 01:00;30.06.2021 02:00;79,02
30.06.2021 02:00;30.06.2021 03:00;75,63
30.06.2021 03:00;30.06.2021 04:00;74,13
30.06.2021 04:00;30.06.2021 05:00;74,03
30.06.2021 05:00;30.06.2021 06:00;78,03
30.06.2021 06:00;30.06.2021 07:00;95,86
30.06.2021 07:00;30.06.2021 08:00;102,15
30.06.2021 08:00;30.06.2021 09:00;108,0
30.06.2021 09:00;30.06.2021 10:00;106,37
30.06.2021 10:00;30.06.2021 11:00;107,56
30.06.2021 11:00;30.06.2021 12:00;102,23
30.06.2021 12:00;30.06.2021 13:00;99,0
30.06.2021 13:00;30.06.2021 14:00;96,08
30.06.2021 14:00;30.06.2021 15:00;92,43
30.06.2021 15:00;30.06.2021 16:00;87,29
30.06.2021 16:00;30.06.2021 17:00;87,36
30.06.2021 17:00;30.06.2021 18:00;94,44
30.06.2021 18:00;30.06.2021 19:00;100,27
30.06.2021 19:00;30.06.2021 20:00;99,97
30.06.2021 20:00;30.06.2021 21:00;98,97
30.06.2021 21:00;30.06.2021 22:00;97,02
30.06.2021 22:00;30.06.2021 23:00;96,01
30.06.2021 23:00;01.07.2021 00:00;84,36
01.07.2021 00:00;01.07.2021 01:00;81,57
01.07.2021 01:00;01.07.2021 02:00;75,9
01.07.2021 02:00;01.07.2021 03:00;73,73
01.07.2021 03:00;01.07.2021 04:00;72,01
01.07.2021 04:00;01.07.2021 05:00;71,24
01.07.2021 05:00;01.07.2021 06:00;73,96
01.07.2021 06:00;01.07.2021 07:00;84,91
01.07.2021 07:00;01.07.2021 08:00;95,95
01.07.2021 08:00;01.07.2021 09:00;98,5
01.07.2021 09:00;01.07.2021 10:00;96,4
01.07.2021 10:00;01.07.2021 11:00;94,96
01.07.2021 11:00;01.07.2021 12:00;96,51
01.07.2021 12:00;01.07.2021 13:00;93,51
01.07.2021 13:00;01.07.2021 14:00;90,19
01.07.2021 14:00;01.07.2021 15:00;85,67
01.07.2021 15:00;01.07.2021 16:00;85,0
01.07.2021 16:00;01.07.2021 17:00;85,68
01.07.2021 17:00;01.07.2021 18:00;95,91
01.07.2021 18:00;01.07.2021 19:00;99,98
01.07.2021 19:00;01.07.2021 20:00;103,77
01.07.2021 20:00;01.07.2021 21:00;100,34
01.07.2021 21:00;01.07.2021 22:00;99,51
01.07.2021 22:00;01.07.2021 23:00;98,17
01.07.2021 23:00;02.07.2021 00:00;91,99
02.07.2021 00:00;02.07.2021 01:00;90,77
02.07.2021 01:00;02.07.2021 02:00;85,36
02.07.2021 02:00;02.07.2021 03:00;82,18
02.07.2021 03:00;02.07.2021 04:00;82,35
02.07.2021 04:00;02.07.2021 05:00;83,22
02.07.2021 05:00;02.07.2021 06:00;86,68
02.07.2021 06:00;02.07.2021 07:00;102,0
02.07.2021 07:00;02.07.2021 08:00;112,0
02.07.2021 08:00;02.07.2021 09:00;122,5
02.07.2021 09:00;02.07.2021 10:00;107,24
02.07.2021 10:00;02.07.2021 11:00;102,54
02.07.2021 11:00;02.07.2021 12:00;100,0
02.07.2021 12:00;02.07.2021 13:00;99,61
02.07.2021 13:00;02.07.2021 14:00;89,84
02.07.2021 14:00;02.07.2021 15:00;82,37
02.07.2021 15:00;02.07.2021 16:00;82,53
02.07.2021 16:00;02.07.2021 17:00;82,57
02.07.2021 17:00;02.07.2021 18:00;94,23
02.07.2021 18:00;02.07.2021 19:00;99,98
02.07.2021 19:00;02.07.2021 20:00;110,0
02.07.2021 20:00;02.07.2021 21:00;109,49
02.07.2021 21:00;02.07.2021 22:00;105,55
02.07.2021 22:00;02.07.2021 23:00;105,02
02.07.2021 23:00;03.07.2021 00:00;99,98
03.07.2021 00:00;03.07.2021 01:00;92,64
03.07.2021 01:00;03.07.2021 02:00;84,39
03.07.2021 02:00;03.07.2021 03:00;80,9
03.07.2021 03:00;03.07.2021 04:00;77,57
03.07.2021 04:00;03.07.2021 05:00;74,05
03.07.2021 05:00;03.07.2021 06:00;74,06
03.07.2021 06:00;03.07.2021 07:00;78,97
03.07.2021 07:00;03.07.2021 08:00;81,45
03.07.2021 08:00;03.07.2021 09:00;83,03
03.07.2021 09:00;03.07.2021 10:00;79,34
03.07.2021 10:00;03.07.2021 11:00;74,06
03.07.2021 11:00;03.07.2021 12:00;70,0
03.07.2021 12:00;03.07.2021 13:00;67,04
03.07.2021 13:00;03.07.2021 14:00;65,0
03.07.2021 14:00;03.07.2021 15:00;66,6
03.07.2021 15:00;03.07.2021 16:00;73,0
03.07.2021 16:00;03.07.2021 17:00;75,2
03.07.2021 17:00;03.07.2021 18:00;85,45
03.07.2021 18:00;03.07.2021 19:00;95,44
03.07.2021 19:00;03.07.2021 20:00;106,96
03.07.2021 20:00;03.07.2021 21:00;107,43
03.07.2021 21:00;03.07.2021 22:00;106,97
03.07.2021 22:00;03.07.2021 23:00;106,95
03.07.2021 23:00;04.07.2021 00:00;100,0
04.07.2021 00:00;04.07.2021 01:00;94,18
04.07.2021 01:00;04.07.2021 02:00;86,74
04.07.2021 02:00;04.07.2021 03:00;80,05
04.07.2021 03:00;04.07.2021 04:00;75,61
04.07.2021 04:00;04.07.2021 05:00;75,03
04.07.2021 05:00;04.07.2021 06:00;73,99
04.07.2021 06:00;04.07.2021 07:00;74,5
04.07.2021 07:00;04.07.2021 08:00;75,42
04.07.2021 08:00;04.07.2021 09:00;78,68
04.07.2021 09:00;04.07.2021 10:00;77,08
04.07.2021 10:00;04.07.2021 11:00;75,24
04.07.2021 11:00;04.07.2021 12:00;78,03
04.07.2021 12:00;04.07.2021 13:00;78,02
04.07.2021 13:00;04.07.2021 14:00;74,0
04.07.2021 14:00;04.07.2021 15:00;69,26
04.07.2021 15:00;04.07.2021 16:00;69,07
04.07.2021 16:00;04.07.2021 17:00;77,03
04.07.2021 17:00;04.07.2021 18:00;83,07
04.07.2021 18:00;04.07.2021 19:00;93,85
04.07.2021 19:00;04.07.2021 20:00;99,54
04.07.2021 20:00;04.07.2021 21:00;100,0
04.07.2021 21:00;04.07.2021 22:00;102,09
04.07.2021 22:00;04.07.2021 23:00;104,92
04.07.2021 23:00;05.07.2021 00:00;95,73
05.07.2021 00:00;05.07.2021 01:00;81,55
05.07.2021 01:00;05.07.2021 02:00;75,22
05.07.2021 02:00;05.07.2021 03:00;74,01
05.07.2021 03:00;05.07.2021 04:00;72,01
05.07.2021 04:00;05.07.2021 05:00;71,54
05.07.2021 05:00;05.07.2021 06:00;74,09
05.07.2021 06:00;05.07.2021 07:00;91,57
05.07.2021 07:00;05.07.2021 08:00;101,93
05.07.2021 08:00;05.07.2021 09:00;105,69
05.07.2021 09:00;05.07.2021 10:00;103,55
05.07.2021 10:00;05.07.2021 11:00;101,0
05.07.2021 11:00;05.07.2021 12:00;100,09
05.07.2021 12:00;05.07.2021 13:00;97,91
05.07.2021 13:00;05.07.2021 14:00;94,23
05.07.2021 14:00;05.07.2021 15:00;88,93
05.07.2021 15:00;05.07.2021 16:00;83,93
05.07.2021 16:00;05.07.2021 17:00;87,8
05.07.2021 17:00;05.07.2021 18:00;99,36
05.07.2021 18:00;05.07.2021 19:00;105,6
05.07.2021 19:00;05.07.2021 20:00;114,99
05.07.2021 20:00;05.07.2021 21:00;118,0
05.07.2021 21:00;05.07.2021 22:00;110,74
05.07.2021 22:00;05.07.2021 23:00;103,96
05.07.2021 23:00;06.07.2021 00:00;94,58
06.07.2021 00:00;06.07.2021 01:00;86,8
06.07.2021 01:00;06.07.2021 02:00;78,09
06.07.2021 02:00;06.07.2021 03:00;73,14
06.07.2021 03:00;06.07.2021 04:00;70,87
06.07.2021 04:00;06.07.2021 05:00;67,94
06.07.2021 05:00;06.07.2021 06:00;71,58
06.07.2021 06:00;06.07.2021 07:00;82,54
06.07.2021 07:00;06.07.2021 08:00;96,59
06.07.2021 08:00;06.07.2021 09:00;97,06
06.07.2021 09:00;06.07.2021 10:00;87,29
06.07.2021 10:00;06.07.2021 11:00;76,8
06.07.2021 11:00;06.07.2021 12:00;70,34
06.07.2021 12:00;06.07.2021 13:00;60,07
06.07.2021 13:00;06.07.2021 14:00;59,91
06.07.2021 14:00;06.07.2021 15:00;58,51
06.07.2021 15:00;06.07.2021 16:00;62,74
06.07.2021 16:00;06.07.2021 17:00;68,43
06.07.2021 17:00;06.07.2021 18:00;75,49
06.07.2021 18:00;06.07.2021 19:00;91,46
06.07.2021 19:00;06.07.2021 20:00;99,94
06.07.2021 20:00;06.07.2021 21:00;103,47
06.07.2021 21:00;06.07.2021 22:00;103,97
06.07.2021 22:00;06.07.2021 23:00;101,91
06.07.2021 23:00;07.07.2021 00:00;91,28
07.07.2021 00:00;07.07.2021 01:00;82,34
07.07.2021 01:00;07.07.2021 02:00;75,06
07.07.2021 02:00;07.07.2021 03:00;75,07
07.07.2021 03:00;07.07.2021 04:00;75,1
07.07.2021 04:00;07.07.2021 05:00;75,07
07.07.2021 05:00;07.07.2021 06:00;79,73
07.07.2021 06:00;07.07.2021 07:00;96,46
07.07.2021 07:00;07.07.2021 08:00;104,78
07.07.2021 08:00;07.07.2021 09:00;108,31
07.07.2021 09:00;07.07.2021 10:00;104,93
07.07.2021 10:00;07.07.2021 11:00;100,23
07.07.2021 11:00;07.07.2021 12:00;99,59
07.07.2021 12:00;07.07.2021 13:00;97,65
07.07.2021 13:00;07.07.2021 14:00;97,36
07.07.2021 14:00;07.07.2021 15:00;96,98
07.07.2021 15:00;07.07.2021 16:00;96,87
07.07.2021 16:00;07.07.2021 17:00;96,37
07.07.2021 17:00;07.07.2021 18:00;100,29
07.07.2021 18:00;07.07.2021 19:00;113,57
07.07.2021 19:00;07.07.2021 20:00;133,48
07.07.2021 20:00;07.07.2021 21:00;130,13
07.07.2021 21:00;07.07.2021 22:00;120,61
07.07.2021 22:00;07.07.2021 23:00;114,91
07.07.2021 23:00;08.07.2021 00:00;103,65
08.07.2021 00:00;08.07.2021 01:00;89,34
08.07.2021 01:00;08.07.2021 02:00;83,08
08.07.2021 02:00;08.07.2021 03:00;80,38
08.07.2021 03:00;08.07.2021 04:00;79,62
08.07.2021 04:00;08.07.2021 05:00;79,49
08.07.2021 05:00;08.07.2021 06:00;82,46
08.07.2021 06:00;08.07.2021 07:00;105,92
08.07.2021 07:00;08.07.2021 08:00;120,46
08.07.2021 08:00;08.07.2021 09:00;121,69
08.07.2021 09:00;08.07.2021 10:00;117,93
08.07.2021 10:00;08.07.2021 11:00;110,01
08.07.2021 11:00;08.07.2021 12:00;108,36
08.07.2021 12:00;08.07.2021 13:00;105,07
08.07.2021 13:00;08.07.2021 14:00;102,8
08.07.2021 14:00;08.07.2021 15:00;106,99
08.07.2021 15:00;08.07.2021 16:00;115,69
08.07.2021 16:00;08.07.2021 17:00;117,6
08.07.2021 17:00;08.07.2021 18:00;123,29
08.07.2021 18:00;08.07.2021 19:00;137,99
08.07.2021 19:00;08.07.2021 20:00;150,0
08.07.2021 20:00;08.07.2021 21:00;147,0
08.07.2021 21:00;08.07.2021 22:00;124,1
08.07.2021 22:00;08.07.2021 23:00;111,04
08.07.2021 23:00;09.07.2021 00:00;96,7
09.07.2021 00:00;09.07.2021 01:00;87,97
09.07.2021 01:00;09.07.2021 02:00;78,07
09.07.2021 02:00;09.07.2021 03:00;76,84
09.07.2021 03:00;09.07.2021 04:00;75,15
09.07.2021 04:00;09.07.2021 05:00;75,24
09.07.2021 05:00;09.07.2021 06:00;77,81
09.07.2021 06:00;09.07.2021 07:00;92,88
09.07.2021 07:00;09.07.2021 08:00;104,49
09.07.2021 08:00;09.07.2021 09:00;107,97
09.07.2021 09:00;09.07.2021 10:00;104,62
09.07.2021 10:00;09.07.2021 11:00;105,46
09.07.2021 11:00;09.07.2021 12:00;102,38
09.07.2021 12:00;09.07.2021 13:00;95,0
09.07.2021 13:00;09.07.2021 14:00;91,92
09.07.2021 14:00;09.07.2021 15:00;87,0
09.07.2021 15:00;09.07.2021 16:00;83,21
09.07.2021 16:00;09.07.2021 17:00;82,5
09.07.2021 17:00;09.07.2021 18:00;88,15
09.07.2021 18:00;09.07.2021 19:00;94,47
09.07.2021 19:00;09.07.2021 20:00;97,68
09.07.2021 20:00;09.07.2021 21:00;98,25
09.07.2021 21:00;09.07.2021 22:00;98,43
09.07.2021 22:00;09.07.2021 23:00;96,69
09.07.2021 23:00;10.07.2021 00:00;91,98
10.07.2021 00:00;10.07.2021 01:00;84,73
10.07.2021 01:00;10.07.2021 02:00;80,86
10.07.2021 02:00;10.07.2021 03:00;75,75
10.07.2021 03:00;10.07.2021 04:00;74,04
10.07.2021 04:00;10.07.2021 05:00;72,87
10.07.2021 05:00;10.07.2021 06:00;72,45
10.07.2021 06:00;10.07.2021 07:00;74,02
10.07.2021 07:00;10.07.2021 08:00;80,02
10.07.2021 08:00;10.07.2021 09:00;80,41
10.07.2021 09:00;10.07.2021 10:00;79,22
10.07.2021 10:00;10.07.2021 11:00;74,73
10.07.2021 11:00;10.07.2021 12:00;68,5
10.07.2021 12:00;10.07.2021 13:00;70,03
10.07.2021 13:00;10.07.2021 14:00;65,81
10.07.2021 14:00;10.07.2021 15:00;68,83
10.07.2021 15:00;10.07.2021 16:00;70,4
10.07.2021 16:00;10.07.2021 17:00;73,0
10.07.2021 17:00;10.07.2021 18:00;81,31
10.07.2021 18:00;10.07.2021 19:00;93,16
10.07.2021 19:00;10.07.2021 20:00;97,91
10.07.2021 20:00;10.07.2021 21:00;99,19
10.07.2021 21:00;10.07.2021 22:00;100,05
10.07.2021 22:00;10.07.2021 23:00;98,5
10.07.2021 23:00;11.07.2021 00:00;95,0
11.07.2021 00:00;11.07.2021 01:00;87,4
11.07.2021 01:00;11.07.2021 02:00;79,09
11.07.2021 02:00;11.07.2021 03:00;75,14
11.07.2021 03:00;11.07.2021 04:00;70,13
11.07.2021 04:00;11.07.2021 05:00;68,72
11.07.2021 05:00;11.07.2021 06:00;68,69
11.07.2021 06:00;11.07.2021 07:00;68,63
11.07.2021 07:00;11.07.2021 08:00;70,02
11.07.2021 08:00;11.07.2021 09:00;71,56
11.07.2021 09:00;11.07.2021 10:00;72,0
11.07.2021 10:00;11.07.2021 11:00;71,28
11.07.2021 11:00;11.07.2021 12:00;73,45
11.07.2021 12:00;11.07.2021 13:00;73,0
11.07.2021 13:00;11.07.2021 14:00;68,09
11.07.2021 14:00;11.07.2021 15:00;64,0
11.07.2021 15:00;11.07.2021 16:00;65,22
11.07.2021 16:00;11.07.2021 17:00;67,98
11.07.2021 17:00;11.07.2021 18:00;73,75
11.07.2021 18:00;11.07.2021 19:00;80,85
11.07.2021 19:00;11.07.2021 20:00;94,25
11.07.2021 20:00;11.07.2021 21:00;99,76
11.07.2021 21:00;11.07.2021 22:00;103,1
11.07.2021 22:00;11.07.2021 23:00;103,63
11.07.2021 23:00;12.07.2021 00:00;96,02
12.07.2021 00:00;12.07.2021 01:00;83,4
12.07.2021 01:00;12.07.2021 02:00;76,04
12.07.2021 02:00;12.07.2021 03:00;74,0
12.07.2021 03:00;12.07.2021 04:00;72,92
12.07.2021 04:00;12.07.2021 05:00;73,06
12.07.2021 05:00;12.07.2021 06:00;76,12
12.07.2021 06:00;12.07.2021 07:00;94,83
12.07.2021 07:00;12.07.2021 08:00;105,62
12.07.2021 08:00;12.07.2021 09:00;106,01
12.07.2021 09:00;12.07.2021 10:00;101,8
12.07.2021 10:00;12.07.2021 11:00;95,94
12.07.2021 11:00;12.07.2021 12:00;94,99
12.07.2021 12:00;12.07.2021 13:00;91,16
12.07.2021 13:00;12.07.2021 14:00;87,0
12.07.2021 14:00;12.07.2021 15:00;86,47
12.07.2021 15:00;12.07.2021 16:00;88,89
12.07.2021 16:00;12.07.2021 17:00;91,7
12.07.2021 17:00;12.07.2021 18:00;99,93
12.07.2021 18:00;12.07.2021 19:00;108,45
12.07.2021 19:00;12.07.2021 20:00;120,49
12.07.2021 20:00;12.07.2021 21:00;112,41
12.07.2021 21:00;12.07.2021 22:00;103,9
12.07.2021 22:00;12.07.2021 23:00;102,26
12.07.2021 23:00;13.07.2021 00:00;95,44
13.07.2021 00:00;13.07.2021 01:00;88,61
13.07.2021 01:00;13.07.2021 02:00;83,4
13.07.2021 02:00;13.07.2021 03:00;81,02
13.07.2021 03:00;13.07.2021 04:00;76,96
13.07.2021 04:00;13.07.2021 05:00;76,95
13.07.2021 05:00;13.07.2021 06:00;84,47
13.07.2021 06:00;13.07.2021 07:00;98,01
13.07.2021 07:00;13.07.2021 08:00;104,03
13.07.2021 08:00;13.07.2021 09:00;109,88
13.07.2021 09:00;13.07.2021 10:00;106,0
13.07.2021 10:00;13.07.2021 11:00;102,51
13.07.2021 11:00;13.07.2021 12:00;104,31
13.07.2021 12:00;13.07.2021 13:00;99,39
13.07.2021 13:00;13.07.2021 14:00;97,96
13.07.2021 14:00;13.07.2021 15:00;95,28
13.07.2021 15:00;13.07.2021 16:00;92,17
13.07.2021 16:00;13.07.2021 17:00;91,92
13.07.2021 17:00;13.07.2021 18:00;98,79
13.07.2021 18:00;13.07.2021 19:00;103,76
13.07.2021 19:00;13.07.2021 20:00;105,0
13.07.2021 20:00;13.07.2021 21:00;100,29
13.07.2021 21:00;13.07.2021 22:00;98,52
13.07.2021 22:00;13.07.2021 23:00;95,03
13.07.2021 23:00;14.07.2021 00:00;86,1
14.07.2021 00:00;14.07.2021 01:00;78,0
14.07.2021 01:00;14.07.2021 02:00;75,2
14.07.2021 02:00;14.07.2021 03:00;72,86
14.07.2021 03:00;14.07.2021 04:00;72,67
14.07.2021 04:00;14.07.2021 05:00;74,38
14.07.2021 05:00;14.07.2021 06:00;78,85
14.07.2021 06:00;14.07.2021 07:00;95,34
14.07.2021 07:00;14.07.2021 08:00;104,98
14.07.2021 08:00;14.07.2021 09:00;111,11
14.07.2021 09:00;14.07.2021 10:00;110,07
14.07.2021 10:00;14.07.2021 11:00;103,32
14.07.2021 11:00;14.07.2021 12:00;101,15
14.07.2021 12:00;14.07.2021 13:00;95,41
14.07.2021 13:00;14.07.2021 14:00;88,55
14.07.2021 14:00;14.07.2021 15:00;79,05
14.07.2021 15:00;14.07.2021 16:00;74,44
14.07.2021 16:00;14.07.2021 17:00;71,18
14.07.2021 17:00;14.07.2021 18:00;81,87
14.07.2021 18:00;14.07.2021 19:00;91,83
14.07.2021 19:00;14.07.2021 20:00;93,46
14.07.2021 20:00;14.07.2021 21:00;94,33
14.07.2021 21:00;14.07.2021 22:00;88,11
14.07.2021 22:00;14.07.2021 23:00;85,5
14.07.2021 23:00;15.07.2021 00:00;75,68
15.07.2021 00:00;15.07.2021 01:00;77,95
15.07.2021 01:00;15.07.2021 02:00;76,83
15.07.2021 02:00;15.07.2021 03:00;75,81
15.07.2021 03:00;15.07.2021 04:00;75,72
15.07.2021 04:00;15.07.2021 05:00;78,0
15.07.2021 05:00;15.07.2021 06:00;81,44
15.07.2021 06:00;15.07.2021 07:00;97,74
15.07.2021 07:00;15.07.2021 08:00;105,0
15.07.2021 08:00;15.07.2021 09:00;105,0
15.07.2021 09:00;15.07.2021 10:00;103,17
15.07.2021 10:00;15.07.2021 11:00;101,23
15.07.2021 11:00;15.07.2021 12:00;100,83
15.07.2021 12:00;15.07.2021 13:00;94,79
15.07.2021 13:00;15.07.2021 14:00;90,86
15.07.2021 14:00;15.07.2021 15:00;85,0
15.07.2021 15:00;15.07.2021 16:00;79,98
15.07.2021 16:00;15.07.2021 17:00;78,12
15.07.2021 17:00;15.07.2021 18:00;90,61
15.07.2021 18:00;15.07.2021 19:00;94,64
15.07.2021 19:00;15.07.2021 20:00;96,7
15.07.2021 20:00;15.07.2021 21:00;96,3
15.07.2021 21:00;15.07.2021 22:00;91,91
15.07.2021 22:00;15.07.2021 23:00;90,86
15.07.2021 23:00;16.07.2021 00:00;85,17
16.07.2021 00:00;16.07.2021 01:00;79,14
16.07.2021 01:00;16.07.2021 02:00;74,91
16.07.2021 02:00;16.07.2021 03:00;73,13
16.07.2021 03:00;16.07.2021 04:00;71,81
16.07.2021 04:00;16.07.2021 05:00;72,62
16.07.2021 05:00;16.07.2021 06:00;76,73
16.07.2021 06:00;16.07.2021 07:00;93,88
16.07.2021 07:00;16.07.2021 08:00;101,87
16.07.2021 08:00;16.07.2021 09:00;101,59
16.07.2021 09:00;16.07.2021 10:00;97,91
16.07.2021 10:00;16.07.2021 11:00;93,37
16.07.2021 11:00;16.07.2021 12:00;90,42
16.07.2021 12:00;16.07.2021 13:00;89,06
16.07.2021 13:00;16.07.2021 14:00;78,01
16.07.2021 14:00;16.07.2021 15:00;74,15
16.07.2021 15:00;16.07.2021 16:00;70,28
16.07.2021 16:00;16.07.2021 17:00;71,26
16.07.2021 17:00;16.07.2021 18:00;77,91
16.07.2021 18:00;16.07.2021 19:00;90,0
16.07.2021 19:00;16.07.2021 20:00;96,93
16.07.2021 20:00;16.07.2021 21:00;96,93
16.07.2021 21:00;16.07.2021 22:00;94,9
16.07.2021 22:00;16.07.2021 23:00;91,17
16.07.2021 23:00;17.07.2021 00:00;81,17
17.07.2021 00:00;17.07.2021 01:00;72,87
17.07.2021 01:00;17.07.2021 02:00;70,01
17.07.2021 02:00;17.07.2021 03:00;66,02
17.07.2021 03:00;17.07.2021 04:00;60,38
17.07.2021 04:00;17.07.2021 05:00;57,48
17.07.2021 05:00;17.07.2021 06:00;56,86
17.07.2021 06:00;17.07.2021 07:00;62,27
17.07.2021 07:00;17.07.2021 08:00;70,08
17.07.2021 08:00;17.07.2021 09:00;75,56
17.07.2021 09:00;17.07.2021 10:00;73,84
17.07.2021 10:00;17.07.2021 11:00;70,1
17.07.2021 11:00;17.07.2021 12:00;66,72
17.07.2021 12:00;17.07.2021 13:00;55,65
17.07.2021 13:00;17.07.2021 14:00;48,23
17.07.2021 14:00;17.07.2021 15:00;30,08
17.07.2021 15:00;17.07.2021 16:00;16,92
17.07.2021 16:00;17.07.2021 17:00;29,01
17.07.2021 17:00;17.07.2021 18:00;51,07
17.07.2021 18:00;17.07.2021 19:00;68,03
17.07.2021 19:00;17.07.2021 20:00;77,56
17.07.2021 20:00;17.07.2021 21:00;81,06
17.07.2021 21:00;17.07.2021 22:00;78,11
17.07.2021 22:00;17.07.2021 23:00;75,62
17.07.2021 23:00;18.07.2021 00:00;67,03
18.07.2021 00:00;18.07.2021 01:00;62,3
18.07.2021 01:00;18.07.2021 02:00;55,75
18.07.2021 02:00;18.07.2021 03:00;50,86
18.07.2021 03:00;18.07.2021 04:00;50,17
18.07.2021 04:00;18.07.2021 05:00;45,49
18.07.2021 05:00;18.07.2021 06:00;46,33
18.07.2021 06:00;18.07.2021 07:00;50,83
18.07.2021 07:00;18.07.2021 08:00;55,49
18.07.2021 08:00;18.07.2021 09:00;54,82
18.07.2021 09:00;18.07.2021 10:00;46,57
18.07.2021 10:00;18.07.2021 11:00;35,33
18.07.2021 11:00;18.07.2021 12:00;25,78
18.07.2021 12:00;18.07.2021 13:00;19,56
18.07.2021 13:00;18.07.2021 14:00;0,1
18.07.2021 14:00;18.07.2021 15:00;-1,04
18.07.2021 15:00;18.07.2021 16:00;-5,0
18.07.2021 16:00;18.07.2021 17:00;0,01
18.07.2021 17:00;18.07.2021 18:00;22,5
18.07.2021 18:00;18.07.2021 19:00;58,02
18.07.2021 19:00;18.07.2021 20:00;74,62
18.07.2021 20:00;18.07.2021 21:00;79,92
18.07.2021 21:00;18.07.2021 22:00;85,03
18.07.2021 22:00;18.07.2021 23:00;94,19
18.07.2021 23:00;19.07.2021 00:00;91,13
19.07.2021 00:00;19.07.2021 01:00;73,1
19.07.2021 01:00;19.07.2021 02:00;67,2
19.07.2021 02:00;19.07.2021 03:00;64,4
19.07.2021 03:00;19.07.2021 04:00;64,83
19.07.2021 04:00;19.07.2021 05:00;65,72
19.07.2021 05:00;19.07.2021 06:00;73,48
19.07.2021 06:00;19.07.2021 07:00;95,3
19.07.2021 07:00;19.07.2021 08:00;100,0
19.07.2021 08:00;19.07.2021 09:00;105,05
19.07.2021 09:00;19.07.2021 10:00;98,99
19.07.2021 10:00;19.07.2021 11:00;95,0
19.07.2021 11:00;19.07.2021 12:00;93,1
19.07.2021 12:00;19.07.2021 13:00;89,36
19.07.2021 13:00;19.07.2021 14:00;83,48
19.07.2021 14:00;19.07.2021 15:00;78,4
19.07.2021 15:00;19.07.2021 16:00;77,95
19.07.2021 16:00;19.07.2021 17:00;85,11
19.07.2021 17:00;19.07.2021 18:00;93,7
19.07.2021 18:00;19.07.2021 19:00;100,0
19.07.2021 19:00;19.07.2021 20:00;110,0
19.07.2021 20:00;19.07.2021 21:00;115,2
19.07.2021 21:00;19.07.2021 22:00;110,02
19.07.2021 22:00;19.07.2021 23:00;103,86
19.07.2021 23:00;20.07.2021 00:00;97,78
20.07.2021 00:00;20.07.2021 01:00;85,7
20.07.2021 01:00;20.07.2021 02:00;81,31
20.07.2021 02:00;20.07.2021 03:00;79,7
20.07.2021 03:00;20.07.2021 04:00;77,38
20.07.2021 04:00;20.07.2021 05:00;77,93
20.07.2021 05:00;20.07.2021 06:00;80,9
20.07.2021 06:00;20.07.2021 07:00;99,03
20.07.2021 07:00;20.07.2021 08:00;114,85
20.07.2021 08:00;20.07.2021 09:00;111,36
20.07.2021 09:00;20.07.2021 10:00;102,11
20.07.2021 10:00;20.07.2021 11:00;93,01
20.07.2021 11:00;20.07.2021 12:00;88,92
20.07.2021 12:00;20.07.2021 13:00;85,0
20.07.2021 13:00;20.07.2021 14:00;78,3
20.07.2021 14:00;20.07.2021 15:00;75,87
20.07.2021 15:00;20.07.2021 16:00;78,45
20.07.2021 16:00;20.07.2021 17:00;80,3
20.07.2021 17:00;20.07.2021 18:00;86,52
20.07.2021 18:00;20.07.2021 19:00;98,34
20.07.2021 19:00;20.07.2021 20:00;106,0
20.07.2021 20:00;20.07.2021 21:00;112,7
20.07.2021 21:00;20.07.2021 22:00;109,97
20.07.2021 22:00;20.07.2021 23:00;106,0
20.07.2021 23:00;21.07.2021 00:00;91,0
21.07.2021 00:00;21.07.2021 01:00;82,01
21.07.2021 01:00;21.07.2021 02:00;78,18
21.07.2021 02:00;21.07.2021 03:00;76,15
21.07.2021 03:00;21.07.2021 04:00;76,5
21.07.2021 04:00;21.07.2021 05:00;76,3
21.07.2021 05:00;21.07.2021 06:00;80,0
21.07.2021 06:00;21.07.2021 07:00;93,26
21.07.2021 07:00;21.07.2021 08:00;106,56
21.07.2021 08:00;21.07.2021 09:00;108,45
21.07.2021 09:00;21.07.2021 10:00;95,91
21.07.2021 10:00;21.07.2021 11:00;87,07
21.07.2021 11:00;21.07.2021 12:00;79,98
21.07.2021 12:00;21.07.2021 13:00;79,61
21.07.2021 13:00;21.07.2021 14:00;76,44
21.07.2021 14:00;21.07.2021 15:00;75,93
21.07.2021 15:00;21.07.2021 16:00;77,04
21.07.2021 16:00;21.07.2021 17:00;82,63
21.07.2021 17:00;21.07.2021 18:00;90,73
21.07.2021 18:00;21.07.2021 19:00;101,78
21.07.2021 19:00;21.07.2021 20:00;113,59
21.07.2021 20:00;21.07.2021 21:00;111,44
21.07.2021 21:00;21.07.2021 22:00;110,0
21.07.2021 22:00;21.07.2021 23:00;104,59
21.07.2021 23:00;22.07.2021 00:00;95,5
22.07.2021 00:00;22.07.2021 01:00;83,01
22.07.2021 01:00;22.07.2021 02:00;77,36
22.07.2021 02:00;22.07.2021 03:00;75,99
22.07.2021 03:00;22.07.2021 04:00;75,01
22.07.2021 04:00;22.07.2021 05:00;74,12
22.07.2021 05:00;22.07.2021 06:00;78,1
22.07.2021 06:00;22.07.2021 07:00;95,06
22.07.2021 07:00;22.07.2021 08:00;103,77
22.07.2021 08:00;22.07.2021 09:00;105,25
22.07.2021 09:00;22.07.2021 10:00;96,92
22.07.2021 10:00;22.07.2021 11:00;88,08
22.07.2021 11:00;22.07.2021 12:00;85,37
22.07.2021 12:00;22.07.2021 13:00;81,32
22.07.2021 13:00;22.07.2021 14:00;78,59
22.07.2021 14:00;22.07.2021 15:00;75,64
22.07.2021 15:00;22.07.2021 16:00;74,0
22.07.2021 16:00;22.07.2021 17:00;79,92
22.07.2021 17:00;22.07.2021 18:00;87,98
22.07.2021 18:00;22.07.2021 19:00;95,96
22.07.2021 19:00;22.07.2021 20:00;102,0
22.07.2021 20:00;22.07.2021 21:00;105,0
22.07.2021 21:00;22.07.2021 22:00;102,03
22.07.2021 22:00;22.07.2021 23:00;97,06
22.07.2021 23:00;23.07.2021 00:00;83,94
23.07.2021 00:00;23.07.2021 01:00;86,03
23.07.2021 01:00;23.07.2021 02:00;80,1
23.07.2021 02:00;23.07.2021 03:00;76,49
23.07.2021 03:00;23.07.2021 04:00;75,1
23.07.2021 04:00;23.07.2021 05:00;76,67
23.07.2021 05:00;23.07.2021 06:00;83,03
23.07.2021 06:00;23.07.2021 07:00;94,42
23.07.2021 07:00;23.07.2021 08:00;105,63
23.07.2021 08:00;23.07.2021 09:00;106,91
23.07.2021 09:00;23.07.2021 10:00;98,06
23.07.2021 10:00;23.07.2021 11:00;93,01
23.07.2021 11:00;23.07.2021 12:00;89,95
23.07.2021 12:00;23.07.2021 13:00;88,09
23.07.2021 13:00;23.07.2021 14:00;79,19
23.07.2021 14:00;23.07.2021 15:00;74,51
23.07.2021 15:00;23.07.2021 16:00;75,01
23.07.2021 16:00;23.07.2021 17:00;75,8
23.07.2021 17:00;23.07.2021 18:00;85,45
23.07.2021 18:00;23.07.2021 19:00;93,55
23.07.2021 19:00;23.07.2021 20:00;103,42
23.07.2021 20:00;23.07.2021 21:00;106,01
23.07.2021 21:00;23.07.2021 22:00;99,72
23.07.2021 22:00;23.07.2021 23:00;95,15
23.07.2021 23:00;24.07.2021 00:00;89,92
24.07.2021 00:00;24.07.2021 01:00;85,0
24.07.2021 01:00;24.07.2021 02:00;80,42
24.07.2021 02:00;24.07.2021 03:00;76,3
24.07.2021 03:00;24.07.2021 04:00;71,28
24.07.2021 04:00;24.07.2021 05:00;70,33
24.07.2021 05:00;24.07.2021 06:00;69,87
24.07.2021 06:00;24.07.2021 07:00;71,3
24.07.2021 07:00;24.07.2021 08:00;75,86
24.07.2021 08:00;24.07.2021 09:00;78,3
24.07.2021 09:00;24.07.2021 10:00;78,81
24.07.2021 10:00;24.07.2021 11:00;75,53
24.07.2021 11:00;24.07.2021 12:00;72,03
24.07.2021 12:00;24.07.2021 13:00;70,3
24.07.2021 13:00;24.07.2021 14:00;64,04
24.07.2021 14:00;24.07.2021 15:00;63,1
24.07.2021 15:00;24.07.2021 16:00;65,01
24.07.2021 16:00;24.07.2021 17:00;68,91
24.07.2021 17:00;24.07.2021 18:00;77,72
24.07.2021 18:00;24.07.2021 19:00;85,07
24.07.2021 19:00;24.07.2021 20:00;90,21
24.07.2021 20:00;24.07.2021 21:00;90,04
24.07.2021 21:00;24.07.2021 22:00;87,0
24.07.2021 22:00;24.07.2021 23:00;79,5
24.07.2021 23:00;25.07.2021 00:00;72,4
25.07.2021 00:00;25.07.2021 01:00;59,06
25.07.2021 01:00;25.07.2021 02:00;54,24
25.07.2021 02:00;25.07.2021 03:00;53,51
25.07.2021 03:00;25.07.2021 04:00;49,06
25.07.2021 04:00;25.07.2021 05:00;49,09
25.07.2021 05:00;25.07.2021 06:00;49,1
25.07.2021 06:00;25.07.2021 07:00;49,08
25.07.2021 07:00;25.07.2021 08:00;49,15
25.07.2021 08:00;25.07.2021 09:00;53,58
25.07.2021 09:00;25.07.2021 10:00;52,41
25.07.2021 10:00;25.07.2021 11:00;49,23
25.07.2021 11:00;25.07.2021 12:00;50,3
25.07.2021 12:00;25.07.2021 13:00;49,9
25.07.2021 13:00;25.07.2021 14:00;48,56
25.07.2021 14:00;25.07.2021 15:00;46,74
25.07.2021 15:00;25.07.2021 16:00;47,85
25.07.2021 16:00;25.07.2021 17:00;49,65
25.07.2021 17:00;25.07.2021 18:00;67,17
25.07.2021 18:00;25.07.2021 19:00;80,4
25.07.2021 19:00;25.07.2021 20:00;87,77
25.07.2021 20:00;25.07.2021 21:00;91,46
25.07.2021 21:00;25.07.2021 22:00;91,85
25.07.2021 22:00;25.07.2021 23:00;91,86
25.07.2021 23:00;26.07.2021 00:00;85,93
26.07.2021 00:00;26.07.2021 01:00;75,4
26.07.2021 01:00;26.07.2021 02:00;72,6
26.07.2021 02:00;26.07.2021 03:00;69,94
26.07.2021 03:00;26.07.2021 04:00;69,07
26.07.2021 04:00;26.07.2021 05:00;72,44
26.07.2021 05:00;26.07.2021 06:00;76,44
26.07.2021 06:00;26.07.2021 07:00;90,54
26.07.2021 07:00;26.07.2021 08:00;99,96
26.07.2021 08:00;26.07.2021 09:00;102,0
26.07.2021 09:00;26.07.2021 10:00;99,06
26.07.2021 10:00;26.07.2021 11:00;91,68
26.07.2021 11:00;26.07.2021 12:00;89,98
26.07.2021 12:00;26.07.2021 13:00;86,83
26.07.2021 13:00;26.07.2021 14:00;82,4
26.07.2021 14:00;26.07.2021 15:00;81,99
26.07.2021 15:00;26.07.2021 16:00;83,43
26.07.2021 16:00;26.07.2021 17:00;83,41
26.07.2021 17:00;26.07.2021 18:00;91,73
26.07.2021 18:00;26.07.2021 19:00;103,41
26.07.2021 19:00;26.07.2021 20:00;109,0
26.07.2021 20:00;26.07.2021 21:00;109,0
26.07.2021 21:00;26.07.2021 22:00;104,82
26.07.2021 22:00;26.07.2021 23:00;95,0
26.07.2021 23:00;27.07.2021 00:00;83,94
27.07.2021 00:00;27.07.2021 01:00;80,08
27.07.2021 01:00;27.07.2021 02:00;75,3
27.07.2021 02:00;27.07.2021 03:00;72,55
27.07.2021 03:00;27.07.2021 04:00;72,17
27.07.2021 04:00;27.07.2021 05:00;71,02
27.07.2021 05:00;27.07.2021 06:00;76,02
27.07.2021 06:00;27.07.2021 07:00;91,15
27.07.2021 07:00;27.07.2021 08:00;99,92
27.07.2021 08:00;27.07.2021 09:00;100,98
27.07.2021 09:00;27.07.2021 10:00;89,27
27.07.2021 10:00;27.07.2021 11:00;84,08
27.07.2021 11:00;27.07.2021 12:00;83,67
27.07.2021 12:00;27.07.2021 13:00;83,0
27.07.2021 13:00;27.07.2021 14:00;79,43
27.07.2021 14:00;27.07.2021 15:00;78,0
27.07.2021 15:00;27.07.2021 16:00;79,8
27.07.2021 16:00;27.07.2021 17:00;82,86
27.07.2021 17:00;27.07.2021 18:00;92,75
27.07.2021 18:00;27.07.2021 19:00;101,44
27.07.2021 19:00;27.07.2021 20:00;111,94
27.07.2021 20:00;27.07.2021 21:00;107,79
27.07.2021 21:00;27.07.2021 22:00;104,74
27.07.2021 22:00;27.07.2021 23:00;93,99
27.07.2021 23:00;28.07.2021 00:00;81,42
28.07.2021 00:00;28.07.2021 01:00;82,59
28.07.2021 01:00;28.07.2021 02:00;75,41
28.07.2021 02:00;28.07.2021 03:00;71,1
28.07.2021 03:00;28.07.2021 04:00;74,04
28.07.2021 04:00;28.07.2021 05:00;74,41
28.07.2021 05:00;28.07.2021 06:00;76,81
28.07.2021 06:00;28.07.2021 07:00;94,92
28.07.2021 07:00;28.07.2021 08:00;109,29
28.07.2021 08:00;28.07.2021 09:00;111,86
28.07.2021 09:00;28.07.2021 10:00;94,95
28.07.2021 10:00;28.07.2021 11:00;85,08
28.07.2021 11:00;28.07.2021 12:00;80,01
28.07.2021 12:00;28.07.2021 13:00;71,03
28.07.2021 13:00;28.07.2021 14:00;60,79
28.07.2021 14:00;28.07.2021 15:00;58,62
28.07.2021 15:00;28.07.2021 16:00;56,36
28.07.2021 16:00;28.07.2021 17:00;54,6
28.07.2021 17:00;28.07.2021 18:00;64,14
28.07.2021 18:00;28.07.2021 19:00;81,29
28.07.2021 19:00;28.07.2021 20:00;91,13
28.07.2021 20:00;28.07.2021 21:00;94,93
28.07.2021 21:00;28.07.2021 22:00;88,26
28.07.2021 22:00;28.07.2021 23:00;83,02
28.07.2021 23:00;29.07.2021 00:00;71,49
29.07.2021 00:00;29.07.2021 01:00;55,58
29.07.2021 01:00;29.07.2021 02:00;50,1
29.07.2021 02:00;29.07.2021 03:00;45,98
29.07.2021 03:00;29.07.2021 04:00;43,43
29.07.2021 04:00;29.07.2021 05:00;44,71
29.07.2021 05:00;29.07.2021 06:00;50,85
29.07.2021 06:00;29.07.2021 07:00;59,67
29.07.2021 07:00;29.07.2021 08:00;69,23
29.07.2021 08:00;29.07.2021 09:00;65,94
29.07.2021 09:00;29.07.2021 10:00;48,59
29.07.2021 10:00;29.07.2021 11:00;9,83
29.07.2021 11:00;29.07.2021 12:00;0,07
29.07.2021 12:00;29.07.2021 13:00;0,0
29.07.2021 13:00;29.07.2021 14:00;-4,95
29.07.2021 14:00;29.07.2021 15:00;-8,86
29.07.2021 15:00;29.07.2021 16:00;-1,09
29.07.2021 16:00;29.07.2021 17:00;0,09
29.07.2021 17:00;29.07.2021 18:00;44,69
29.07.2021 18:00;29.07.2021 19:00;74,98
29.07.2021 19:00;29.07.2021 20:00;91,35
29.07.2021 20:00;29.07.2021 21:00;94,26
29.07.2021 21:00;29.07.2021 22:00;95,98
29.07.2021 22:00;29.07.2021 23:00;92,95
29.07.2021 23:00;30.07.2021 00:00;82,95
30.07.2021 00:00;30.07.2021 01:00;62,13
30.07.2021 01:00;30.07.2021 02:00;52,94
30.07.2021 02:00;30.07.2021 03:00;50,07
30.07.2021 03:00;30.07.2021 04:00;46,86
30.07.2021 04:00;30.07.2021 05:00;46,21
30.07.2021 05:00;30.07.2021 06:00;56,89
30.07.2021 06:00;30.07.2021 07:00;72,1
30.07.2021 07:00;30.07.2021 08:00;78,73
30.07.2021 08:00;30.07.2021 09:00;80,14
30.07.2021 09:00;30.07.2021 10:00;63,11
30.07.2021 10:00;30.07.2021 11:00;56,18
30.07.2021 11:00;30.07.2021 12:00;50,31
30.07.2021 12:00;30.07.2021 13:00;48,7
30.07.2021 13:00;30.07.2021 14:00;43,48
30.07.2021 14:00;30.07.2021 15:00;40,27
30.07.2021 15:00;30.07.2021 16:00;43,5
30.07.2021 16:00;30.07.2021 17:00;46,86
30.07.2021 17:00;30.07.2021 18:00;63,81
30.07.2021 18:00;30.07.2021 19:00;75,26
30.07.2021 19:00;30.07.2021 20:00;106,0
30.07.2021 20:00;30.07.2021 21:00;116,17
30.07.2021 21:00;30.07.2021 22:00;101,0
30.07.2021 22:00;30.07.2021 23:00;85,0
30.07.2021 23:00;31.07.2021 00:00;69,62
31.07.2021 00:00;31.07.2021 01:00;59,0
31.07.2021 01:00;31.07.2021 02:00;53,63
31.07.2021 02:00;31.07.2021 03:00;41,76
31.07.2021 03:00;31.07.2021 04:00;38,95
31.07.2021 04:00;31.07.2021 05:00;35,92
31.07.2021 05:00;31.07.2021 06:00;33,37
31.07.2021 06:00;31.07.2021 07:00;40,43
31.07.2021 07:00;31.07.2021 08:00;40,57
31.07.2021 08:00;31.07.2021 09:00;36,21
31.07.2021 09:00;31.07.2021 10:00;14,76
31.07.2021 10:00;31.07.2021 11:00;0,01
31.07.2021 11:00;31.07.2021 12:00;-0,07
31.07.2021 12:00;31.07.2021 13:00;-9,94
31.07.2021 13:00;31.07.2021 14:00;-20,03
31.07.2021 14:00;31.07.2021 15:00;-20,06
31.07.2021 15:00;31.07.2021 16:00;-18,96
31.07.2021 16:00;31.07.2021 17:00;-1,38
31.07.2021 17:00;31.07.2021 18:00;9,44
31.07.2021 18:00;31.07.2021 19:00;50,61
31.07.2021 19:00;31.07.2021 20:00;65,53
31.07.2021 20:00;31.07.2021 21:00;69,93
31.07.2021 21:00;31.07.2021 22:00;70,91
31.07.2021 22:00;31.07.2021 23:00;65,56
31.07.2021 23:00;01.08.2021 00:00;59,6
01.08.2021 00:00;01.08.2021 01:00;52,82
01.08.2021 01:00;01.08.2021 02:00;49,33
01.08.2021 02:00;01.08.2021 03:00;49,42
01.08.2021 03:00;01.08.2021 04:00;49,79
01.08.2021 04:00;01.08.2021 05:00;50,0
01.08.2021 05:00;01.08.2021 06:00;52,35
01.08.2021 06:00;01.08.2021 07:00;50,02
01.08.2021 07:00;01.08.2021 08:00;56,89
01.08.2021 08:00;01.08.2021 09:00;57,79
01.08.2021 09:00;01.08.2021 10:00;57,76
01.08.2021 10:00;01.08.2021 11:00;59,16
01.08.2021 11:00;01.08.2021 12:00;59,25
01.08.2021 12:00;01.08.2021 13:00;60,1
01.08.2021 13:00;01.08.2021 14:00;56,03
01.08.2021 14:00;01.08.2021 15:00;50,06
01.08.2021 15:00;01.08.2021 16:00;48,94
01.08.2021 16:00;01.08.2021 17:00;50,87
01.08.2021 17:00;01.08.2021 18:00;60,59
01.08.2021 18:00;01.08.2021 19:00;68,52
01.08.2021 19:00;01.08.2021 20:00;75,92
01.08.2021 20:00;01.08.2021 21:00;80,0
01.08.2021 21:00;01.08.2021 22:00;76,01
01.08.2021 22:00;01.08.2021 23:00;72,93
01.08.2021 23:00;02.08.2021 00:00;60,3
02.08.2021 00:00;02.08.2021 01:00;61,56
02.08.2021 01:00;02.08.2021 02:00;56,05
02.08.2021 02:00;02.08.2021 03:00;54,71
02.08.2021 03:00;02.08.2021 04:00;51,24
02.08.2021 04:00;02.08.2021 05:00;51,26
02.08.2021 05:00;02.08.2021 06:00;59,24
02.08.2021 06:00;02.08.2021 07:00;82,18
02.08.2021 07:00;02.08.2021 08:00;89,92
02.08.2021 08:00;02.08.2021 09:00;97,47
02.08.2021 09:00;02.08.2021 10:00;87,74
02.08.2021 10:00;02.08.2021 11:00;82,8
02.08.2021 11:00;02.08.2021 12:00;79,95
02.08.2021 12:00;02.08.2021 13:00;76,83
02.08.2021 13:00;02.08.2021 14:00;70,08
02.08.2021 14:00;02.08.2021 15:00;64,2
02.08.2021 15:00;02.08.2021 16:00;68,67
02.08.2021 16:00;02.08.2021 17:00;69,97
02.08.2021 17:00;02.08.2021 18:00;82,35
02.08.2021 18:00;02.08.2021 19:00;95,6
02.08.2021 19:00;02.08.2021 20:00;108,41
02.08.2021 20:00;02.08.2021 21:00;116,7
02.08.2021 21:00;02.08.2021 22:00;117,52
02.08.2021 22:00;02.08.2021 23:00;104,97
02.08.2021 23:00;03.08.2021 00:00;92,91
03.08.2021 00:00;03.08.2021 01:00;85,42
03.08.2021 01:00;03.08.2021 02:00;78,59
03.08.2021 02:00;03.08.2021 03:00;77,79
03.08.2021 03:00;03.08.2021 04:00;75,03
03.08.2021 04:00;03.08.2021 05:00;75,01
03.08.2021 05:00;03.08.2021 06:00;78,78
03.08.2021 06:00;03.08.2021 07:00;100,82
03.08.2021 07:00;03.08.2021 08:00;130,0
03.08.2021 08:00;03.08.2021 09:00;118,52
03.08.2021 09:00;03.08.2021 10:00;104,06
03.08.2021 10:00;03.08.2021 11:00;96,23
03.08.2021 11:00;03.08.2021 12:00;95,21
03.08.2021 12:00;03.08.2021 13:00;94,79
03.08.2021 13:00;03.08.2021 14:00;88,96
03.08.2021 14:00;03.08.2021 15:00;85,48
03.08.2021 15:00;03.08.2021 16:00;85,42
03.08.2021 16:00;03.08.2021 17:00;87,93
03.08.2021 17:00;03.08.2021 18:00;99,79
03.08.2021 18:00;03.08.2021 19:00;115,42
03.08.2021 19:00;03.08.2021 20:00;119,52
03.08.2021 20:00;03.08.2021 21:00;117,76
03.08.2021 21:00;03.08.2021 22:00;110,0
03.08.2021 22:00;03.08.2021 23:00;104,9
03.08.2021 23:00;04.08.2021 00:00;90,82
04.08.2021 00:00;04.08.2021 01:00;86,1
04.08.2021 01:00;04.08.2021 02:00;80,23
04.08.2021 02:00;04.08.2021 03:00;77,02
04.08.2021 03:00;04.08.2021 04:00;76,65
04.08.2021 04:00;04.08.2021 05:00;77,8
04.08.2021 05:00;04.08.2021 06:00;83,48
04.08.2021 06:00;04.08.2021 07:00;96,25
04.08.2021 07:00;04.08.2021 08:00;108,23
04.08.2021 08:00;04.08.2021 09:00;123,04
04.08.2021 09:00;04.08.2021 10:00;114,68
04.08.2021 10:00;04.08.2021 11:00;110,77
04.08.2021 11:00;04.08.2021 12:00;101,98
04.08.2021 12:00;04.08.2021 13:00;98,44
04.08.2021 13:00;04.08.2021 14:00;95,91
04.08.2021 14:00;04.08.2021 15:00;90,83
04.08.2021 15:00;04.08.2021 16:00;90,02
04.08.2021 16:00;04.08.2021 17:00;88,91
04.08.2021 17:00;04.08.2021 18:00;95,97
04.08.2021 18:00;04.08.2021 19:00;107,46
04.08.2021 19:00;04.08.2021 20:00;128,94
04.08.2021 20:00;04.08.2021 21:00;124,0
04.08.2021 21:00;04.08.2021 22:00;110,1
04.08.2021 22:00;04.08.2021 23:00;99,22
04.08.2021 23:00;05.08.2021 00:00;90,03
05.08.2021 00:00;05.08.2021 01:00;85,53
05.08.2021 01:00;05.08.2021 02:00;80,99
05.08.2021 02:00;05.08.2021 03:00;78,15
05.08.2021 03:00;05.08.2021 04:00;78,15
05.08.2021 04:00;05.08.2021 05:00;78,76
05.08.2021 05:00;05.08.2021 06:00;82,95
05.08.2021 06:00;05.08.2021 07:00;98,04
05.08.2021 07:00;05.08.2021 08:00;125,1
05.08.2021 08:00;05.08.2021 09:00;126,2
05.08.2021 09:00;05.08.2021 10:00;115,29
05.08.2021 10:00;05.08.2021 11:00;108,14
05.08.2021 11:00;05.08.2021 12:00;101,0
05.08.2021 12:00;05.08.2021 13:00;99,0
05.08.2021 13:00;05.08.2021 14:00;88,79
05.08.2021 14:00;05.08.2021 15:00;82,99
05.08.2021 15:00;05.08.2021 16:00;81,48
05.08.2021 16:00;05.08.2021 17:00;85,11
05.08.2021 17:00;05.08.2021 18:00;91,66
05.08.2021 18:00;05.08.2021 19:00;107,48
05.08.2021 19:00;05.08.2021 20:00;110,95
05.08.2021 20:00;05.08.2021 21:00;111,74
05.08.2021 21:00;05.08.2021 22:00;97,13
05.08.2021 22:00;05.08.2021 23:00;83,0
05.08.2021 23:00;06.08.2021 00:00;70,6
06.08.2021 00:00;06.08.2021 01:00;65,03
06.08.2021 01:00;06.08.2021 02:00;63,5
06.08.2021 02:00;06.08.2021 03:00;62,97
06.08.2021 03:00;06.08.2021 04:00;64,07
06.08.2021 04:00;06.08.2021 05:00;64,23
06.08.2021 05:00;06.08.2021 06:00;66,45
06.08.2021 06:00;06.08.2021 07:00;81,43
06.08.2021 07:00;06.08.2021 08:00;90,0
06.08.2021 08:00;06.08.2021 09:00;94,98
06.08.2021 09:00;06.08.2021 10:00;86,13
06.08.2021 10:00;06.08.2021 11:00;77,52
06.08.2021 11:00;06.08.2021 12:00;69,08
06.08.2021 12:00;06.08.2021 13:00;64,74
06.08.2021 13:00;06.08.2021 14:00;59,15
06.08.2021 14:00;06.08.2021 15:00;54,64
06.08.2021 15:00;06.08.2021 16:00;55,28
06.08.2021 16:00;06.08.2021 17:00;58,93
06.08.2021 17:00;06.08.2021 18:00;65,21
06.08.2021 18:00;06.08.2021 19:00;77,96
06.08.2021 19:00;06.08.2021 20:00;85,0
06.08.2021 20:00;06.08.2021 21:00;84,27
06.08.2021 21:00;06.08.2021 22:00;80,98
06.08.2021 22:00;06.08.2021 23:00;79,24
06.08.2021 23:00;07.08.2021 00:00;67,55
07.08.2021 00:00;07.08.2021 01:00;64,53
07.08.2021 01:00;07.08.2021 02:00;59,03
07.08.2021 02:00;07.08.2021 03:00;57,78
07.08.2021 03:00;07.08.2021 04:00;57,01
07.08.2021 04:00;07.08.2021 05:00;58,07
07.08.2021 05:00;07.08.2021 06:00;60,76
07.08.2021 06:00;07.08.2021 07:00;60,84
07.08.2021 07:00;07.08.2021 08:00;62,83
07.08.2021 08:00;07.08.2021 09:00;64,14
07.08.2021 09:00;07.08.2021 10:00;59,9
07.08.2021 10:00;07.08.2021 11:00;56,14
07.08.2021 11:00;07.08.2021 12:00;53,7
07.08.2021 12:00;07.08.2021 13:00;53,53
07.08.2021 13:00;07.08.2021 14:00;51,56
07.08.2021 14:00;07.08.2021 15:00;53,54
07.08.2021 15:00;07.08.2021 16:00;53,52
07.08.2021 16:00;07.08.2021 17:00;57,01
07.08.2021 17:00;07.08.2021 18:00;69,08
07.08.2021 18:00;07.08.2021 19:00;77,0
07.08.2021 19:00;07.08.2021 20:00;80,08
07.08.2021 20:00;07.08.2021 21:00;75,1
07.08.2021 21:00;07.08.2021 22:00;69,0
07.08.2021 22:00;07.08.2021 23:00;64,19
07.08.2021 23:00;08.08.2021 00:00;58,02
08.08.2021 00:00;08.08.2021 01:00;16,02
08.08.2021 01:00;08.08.2021 02:00;1,27
08.08.2021 02:00;08.08.2021 03:00;0,67
08.08.2021 03:00;08.08.2021 04:00;0,59
08.08.2021 04:00;08.08.2021 05:00;0,07
08.08.2021 05:00;08.08.2021 06:00;0,04
08.08.2021 06:00;08.08.2021 07:00;0,04
08.08.2021 07:00;08.08.2021 08:00;-0,29
08.08.2021 08:00;08.08.2021 09:00;-0,17
08.08.2021 09:00;08.08.2021 10:00;-4,37
08.08.2021 10:00;08.08.2021 11:00;-9,96
08.08.2021 11:00;08.08.2021 12:00;-14,0
08.08.2021 12:00;08.08.2021 13:00;-20,08
08.08.2021 13:00;08.08.2021 14:00;-43,3
08.08.2021 14:00;08.08.2021 15:00;-63,03
08.08.2021 15:00;08.08.2021 16:00;-52,43
08.08.2021 16:00;08.08.2021 17:00;-28,59
08.08.2021 17:00;08.08.2021 18:00;-4,34
08.08.2021 18:00;08.08.2021 19:00;40,74
08.08.2021 19:00;08.08.2021 20:00;62,0
08.08.2021 20:00;08.08.2021 21:00;68,05
08.08.2021 21:00;08.08.2021 22:00;65,9
08.08.2021 22:00;08.08.2021 23:00;63,73
08.08.2021 23:00;09.08.2021 00:00;56,58
09.08.2021 00:00;09.08.2021 01:00;44,04
09.08.2021 01:00;09.08.2021 02:00;39,2
09.08.2021 02:00;09.08.2021 03:00;38,27
09.08.2021 03:00;09.08.2021 04:00;31,92
09.08.2021 04:00;09.08.2021 05:00;37,5
09.08.2021 05:00;09.08.2021 06:00;50,88
09.08.2021 06:00;09.08.2021 07:00;72,23
09.08.2021 07:00;09.08.2021 08:00;82,39
09.08.2021 08:00;09.08.2021 09:00;86,9
09.08.2021 09:00;09.08.2021 10:00;79,13
09.08.2021 10:00;09.08.2021 11:00;65,49
09.08.2021 11:00;09.08.2021 12:00;58,02
09.08.2021 12:00;09.08.2021 13:00;59,32
09.08.2021 13:00;09.08.2021 14:00;54,24
09.08.2021 14:00;09.08.2021 15:00;50,85
09.08.2021 15:00;09.08.2021 16:00;54,97
09.08.2021 16:00;09.08.2021 17:00;56,95
09.08.2021 17:00;09.08.2021 18:00;74,96
09.08.2021 18:00;09.08.2021 19:00;91,37
09.08.2021 19:00;09.08.2021 20:00;102,91
09.08.2021 20:00;09.08.2021 21:00;107,61
09.08.2021 21:00;09.08.2021 22:00;103,0
09.08.2021 22:00;09.08.2021 23:00;96,34
09.08.2021 23:00;10.08.2021 00:00;83,65
10.08.2021 00:00;10.08.2021 01:00;73,65
10.08.2021 01:00;10.08.2021 02:00;70,96
10.08.2021 02:00;10.08.2021 03:00;67,29
10.08.2021 03:00;10.08.2021 04:00;65,06
10.08.2021 04:00;10.08.2021 05:00;67,24
10.08.2021 05:00;10.08.2021 06:00;70,51
10.08.2021 06:00;10.08.2021 07:00;85,96
10.08.2021 07:00;10.08.2021 08:00;105,23
10.08.2021 08:00;10.08.2021 09:00;115,0
10.08.2021 09:00;10.08.2021 10:00;106,35
10.08.2021 10:00;10.08.2021 11:00;97,28
10.08.2021 11:00;10.08.2021 12:00;88,12
10.08.2021 12:00;10.08.2021 13:00;84,6
10.08.2021 13:00;10.08.2021 14:00;79,91
10.08.2021 14:00;10.08.2021 15:00;74,07
10.08.2021 15:00;10.08.2021 16:00;75,49
10.08.2021 16:00;10.08.2021 17:00;80,35
10.08.2021 17:00;10.08.2021 18:00;89,51
10.08.2021 18:00;10.08.2021 19:00;104,54
10.08.2021 19:00;10.08.2021 20:00;116,29
10.08.2021 20:00;10.08.2021 21:00;137,17
10.08.2021 21:00;10.08.2021 22:00;120,0
10.08.2021 22:00;10.08.2021 23:00;111,6
10.08.2021 23:00;11.08.2021 00:00;92,25
11.08.2021 00:00;11.08.2021 01:00;91,07
11.08.2021 01:00;11.08.2021 02:00;85,1
11.08.2021 02:00;11.08.2021 03:00;83,93
11.08.2021 03:00;11.08.2021 04:00;82,1
11.08.2021 04:00;11.08.2021 05:00;82,32
11.08.2021 05:00;11.08.2021 06:00;88,51
11.08.2021 06:00;11.08.2021 07:00;107,96
11.08.2021 07:00;11.08.2021 08:00;134,04
11.08.2021 08:00;11.08.2021 09:00;121,61
11.08.2021 09:00;11.08.2021 10:00;108,98
11.08.2021 10:00;11.08.2021 11:00;92,97
11.08.2021 11:00;11.08.2021 12:00;88,63
11.08.2021 12:00;11.08.2021 13:00;84,6
11.08.2021 13:00;11.08.2021 14:00;82,21
11.08.2021 14:00;11.08.2021 15:00;80,29
11.08.2021 15:00;11.08.2021 16:00;82,96
11.08.2021 16:00;11.08.2021 17:00;88,05
11.08.2021 17:00;11.08.2021 18:00;104,47
11.08.2021 18:00;11.08.2021 19:00;115,0
11.08.2021 19:00;11.08.2021 20:00;128,46
11.08.2021 20:00;11.08.2021 21:00;140,02
11.08.2021 21:00;11.08.2021 22:00;125,01
11.08.2021 22:00;11.08.2021 23:00;117,0
11.08.2021 23:00;12.08.2021 00:00;103,0
12.08.2021 00:00;12.08.2021 01:00;96,67
12.08.2021 01:00;12.08.2021 02:00;91,7
12.08.2021 02:00;12.08.2021 03:00;90,05
12.08.2021 03:00;12.08.2021 04:00;87,0
12.08.2021 04:00;12.08.2021 05:00;84,64
12.08.2021 05:00;12.08.2021 06:00;87,02
12.08.2021 06:00;12.08.2021 07:00;106,92
12.08.2021 07:00;12.08.2021 08:00;120,0
12.08.2021 08:00;12.08.2021 09:00;120,77
12.08.2021 09:00;12.08.2021 10:00;109,0
12.08.2021 10:00;12.08.2021 11:00;102,72
12.08.2021 11:00;12.08.2021 12:00;98,06
12.08.2021 12:00;12.08.2021 13:00;95,0
12.08.2021 13:00;12.08.2021 14:00;91,94
12.08.2021 14:00;12.08.2021 15:00;92,99
12.08.2021 15:00;12.08.2021 16:00;94,95
12.08.2021 16:00;12.08.2021 17:00;100,91
12.08.2021 17:00;12.08.2021 18:00;111,4
12.08.2021 18:00;12.08.2021 19:00;126,79
12.08.2021 19:00;12.08.2021 20:00;145,0
12.08.2021 20:00;12.08.2021 21:00;144,0
12.08.2021 21:00;12.08.2021 22:00;133,37
12.08.2021 22:00;12.08.2021 23:00;119,0
12.08.2021 23:00;13.08.2021 00:00;107,12
13.08.2021 00:00;13.08.2021 01:00;94,87
13.08.2021 01:00;13.08.2021 02:00;85,37
13.08.2021 02:00;13.08.2021 03:00;81,01
13.08.2021 03:00;13.08.2021 04:00;79,96
13.08.2021 04:00;13.08.2021 05:00;81,3
13.08.2021 05:00;13.08.2021 06:00;85,26
13.08.2021 06:00;13.08.2021 07:00;113,0
13.08.2021 07:00;13.08.2021 08:00;124,0
13.08.2021 08:00;13.08.2021 09:00;121,93
13.08.2021 09:00;13.08.2021 10:00;109,66
13.08.2021 10:00;13.08.2021 11:00;99,98
13.08.2021 11:00;13.08.2021 12:00;88,02
13.08.2021 12:00;13.08.2021 13:00;83,75
13.08.2021 13:00;13.08.2021 14:00;74,05
13.08.2021 14:00;13.08.2021 15:00;72,04
13.08.2021 15:00;13.08.2021 16:00;71,86
13.08.2021 16:00;13.08.2021 17:00;72,58
13.08.2021 17:00;13.08.2021 18:00;86,13
13.08.2021 18:00;13.08.2021 19:00;104,91
13.08.2021 19:00;13.08.2021 20:00;117,48
13.08.2021 20:00;13.08.2021 21:00;115,68
13.08.2021 21:00;13.08.2021 22:00;115,77
13.08.2021 22:00;13.08.2021 23:00;106,91
13.08.2021 23:00;14.08.2021 00:00;92,19
14.08.2021 00:00;14.08.2021 01:00;78,02
14.08.2021 01:00;14.08.2021 02:00;75,66
14.08.2021 02:00;14.08.2021 03:00;71,55
14.08.2021 03:00;14.08.2021 04:00;69,45
14.08.2021 04:00;14.08.2021 05:00;69,06
14.08.2021 05:00;14.08.2021 06:00;69,2
14.08.2021 06:00;14.08.2021 07:00;69,7
14.08.2021 07:00;14.08.2021 08:00;73,51
14.08.2021 08:00;14.08.2021 09:00;75,02
14.08.2021 09:00;14.08.2021 10:00;73,86
14.08.2021 10:00;14.08.2021 11:00;63,26
14.08.2021 11:00;14.08.2021 12:00;58,08
14.08.2021 12:00;14.08.2021 13:00;50,44
14.08.2021 13:00;14.08.2021 14:00;1,48
14.08.2021 14:00;14.08.2021 15:00;0,0
14.08.2021 15:00;14.08.2021 16:00;9,89
14.08.2021 16:00;14.08.2021 17:00;50,35
14.08.2021 17:00;14.08.2021 18:00;58,85
14.08.2021 18:00;14.08.2021 19:00;76,96
14.08.2021 19:00;14.08.2021 20:00;86,94
14.08.2021 20:00;14.08.2021 21:00;88,56
14.08.2021 21:00;14.08.2021 22:00;87,9
14.08.2021 22:00;14.08.2021 23:00;85,03
14.08.2021 23:00;15.08.2021 00:00;78,08
15.08.2021 00:00;15.08.2021 01:00;73,7
15.08.2021 01:00;15.08.2021 02:00;69,88
15.08.2021 02:00;15.08.2021 03:00;64,92
15.08.2021 03:00;15.08.2021 04:00;62,43
15.08.2021 04:00;15.08.2021 05:00;59,72
15.08.2021 05:00;15.08.2021 06:00;59,98
15.08.2021 06:00;15.08.2021 07:00;59,01
15.08.2021 07:00;15.08.2021 08:00;58,34
15.08.2021 08:00;15.08.2021 09:00;57,53
15.08.2021 09:00;15.08.2021 10:00;53,54
15.08.2021 10:00;15.08.2021 11:00;53,67
15.08.2021 11:00;15.08.2021 12:00;53,05
15.08.2021 12:00;15.08.2021 13:00;52,95
15.08.2021 13:00;15.08.2021 14:00;30,06
15.08.2021 14:00;15.08.2021 15:00;12,5
15.08.2021 15:00;15.08.2021 16:00;20,41
15.08.2021 16:00;15.08.2021 17:00;51,32
15.08.2021 17:00;15.08.2021 18:00;67,05
15.08.2021 18:00;15.08.2021 19:00;82,5
15.08.2021 19:00;15.08.2021 20:00;91,99
15.08.2021 20:00;15.08.2021 21:00;94,95
15.08.2021 21:00;15.08.2021 22:00;93,45
15.08.2021 22:00;15.08.2021 23:00;86,77
15.08.2021 23:00;16.08.2021 00:00;76,95
16.08.2021 00:00;16.08.2021 01:00;68,19
16.08.2021 01:00;16.08.2021 02:00;65,03
16.08.2021 02:00;16.08.2021 03:00;62,08
16.08.2021 03:00;16.08.2021 04:00;60,13
16.08.2021 04:00;16.08.2021 05:00;60,82
16.08.2021 05:00;16.08.2021 06:00;68,06
16.08.2021 06:00;16.08.2021 07:00;90,25
16.08.2021 07:00;16.08.2021 08:00;100,48
16.08.2021 08:00;16.08.2021 09:00;96,73
16.08.2021 09:00;16.08.2021 10:00;80,0
16.08.2021 10:00;16.08.2021 11:00;69,84
16.08.2021 11:00;16.08.2021 12:00;53,13
16.08.2021 12:00;16.08.2021 13:00;58,1
16.08.2021 13:00;16.08.2021 14:00;48,89
16.08.2021 14:00;16.08.2021 15:00;42,74
16.08.2021 15:00;16.08.2021 16:00;53,07
16.08.2021 16:00;16.08.2021 17:00;53,15
16.08.2021 17:00;16.08.2021 18:00;58,15
16.08.2021 18:00;16.08.2021 19:00;71,0
16.08.2021 19:00;16.08.2021 20:00;78,13
16.08.2021 20:00;16.08.2021 21:00;79,12
16.08.2021 21:00;16.08.2021 22:00;76,9
16.08.2021 22:00;16.08.2021 23:00;68,4
16.08.2021 23:00;17.08.2021 00:00;60,02
17.08.2021 00:00;17.08.2021 01:00;59,64
17.08.2021 01:00;17.08.2021 02:00;49,93
17.08.2021 02:00;17.08.2021 03:00;39,94
17.08.2021 03:00;17.08.2021 04:00;14,47
17.08.2021 04:00;17.08.2021 05:00;33,88
17.08.2021 05:00;17.08.2021 06:00;50,06
17.08.2021 06:00;17.08.2021 07:00;64,35
17.08.2021 07:00;17.08.2021 08:00;73,49
17.08.2021 08:00;17.08.2021 09:00;69,09
17.08.2021 09:00;17.08.2021 10:00;54,34
17.08.2021 10:00;17.08.2021 11:00;46,62
17.08.2021 11:00;17.08.2021 12:00;30,52
17.08.2021 12:00;17.08.2021 13:00;28,91
17.08.2021 13:00;17.08.2021 14:00;41,15
17.08.2021 14:00;17.08.2021 15:00;39,99
17.08.2021 15:00;17.08.2021 16:00;49,08
17.08.2021 16:00;17.08.2021 17:00;54,18
17.08.2021 17:00;17.08.2021 18:00;69,09
17.08.2021 18:00;17.08.2021 19:00;85,36
17.08.2021 19:00;17.08.2021 20:00;92,39
17.08.2021 20:00;17.08.2021 21:00;92,71
17.08.2021 21:00;17.08.2021 22:00;88,97
17.08.2021 22:00;17.08.2021 23:00;81,03
17.08.2021 23:00;18.08.2021 00:00;68,22
18.08.2021 00:00;18.08.2021 01:00;61,65
18.08.2021 01:00;18.08.2021 02:00;60,62
18.08.2021 02:00;18.08.2021 03:00;61,83
18.08.2021 03:00;18.08.2021 04:00;63,28
18.08.2021 04:00;18.08.2021 05:00;62,83
18.08.2021 05:00;18.08.2021 06:00;65,85
18.08.2021 06:00;18.08.2021 07:00;80,05
18.08.2021 07:00;18.08.2021 08:00;95,97
18.08.2021 08:00;18.08.2021 09:00;98,1
18.08.2021 09:00;18.08.2021 10:00;96,52
18.08.2021 10:00;18.08.2021 11:00;97,2
18.08.2021 11:00;18.08.2021 12:00;95,92
18.08.2021 12:00;18.08.2021 13:00;83,69
18.08.2021 13:00;18.08.2021 14:00;72,54
18.08.2021 14:00;18.08.2021 15:00;68,01
18.08.2021 15:00;18.08.2021 16:00;66,75
18.08.2021 16:00;18.08.2021 17:00;66,77
18.08.2021 17:00;18.08.2021 18:00;75,04
18.08.2021 18:00;18.08.2021 19:00;88,38
18.08.2021 19:00;18.08.2021 20:00;96,0
18.08.2021 20:00;18.08.2021 21:00;95,74
18.08.2021 21:00;18.08.2021 22:00;87,71
18.08.2021 22:00;18.08.2021 23:00;80,0
18.08.2021 23:00;19.08.2021 00:00;66,99
19.08.2021 00:00;19.08.2021 01:00;65,6
19.08.2021 01:00;19.08.2021 02:00;64,69
19.08.2021 02:00;19.08.2021 03:00;62,69
19.08.2021 03:00;19.08.2021 04:00;61,01
19.08.2021 04:00;19.08.2021 05:00;60,54
19.08.2021 05:00;19.08.2021 06:00;66,01
19.08.2021 06:00;19.08.2021 07:00;83,9
19.08.2021 07:00;19.08.2021 08:00;99,03
19.08.2021 08:00;19.08.2021 09:00;102,02
19.08.2021 09:00;19.08.2021 10:00;94,27
19.08.2021 10:00;19.08.2021 11:00;89,91
19.08.2021 11:00;19.08.2021 12:00;90,74
19.08.2021 12:00;19.08.2021 13:00;92,65
19.08.2021 13:00;19.08.2021 14:00;94,13
19.08.2021 14:00;19.08.2021 15:00;89,9
19.08.2021 15:00;19.08.2021 16:00;89,91
19.08.2021 16:00;19.08.2021 17:00;91,93
19.08.2021 17:00;19.08.2021 18:00;100,51
19.08.2021 18:00;19.08.2021 19:00;114,94
19.08.2021 19:00;19.08.2021 20:00;126,78
19.08.2021 20:00;19.08.2021 21:00;128,12
19.08.2021 21:00;19.08.2021 22:00;119,61
19.08.2021 22:00;19.08.2021 23:00;110,07
19.08.2021 23:00;20.08.2021 00:00;100,0
20.08.2021 00:00;20.08.2021 01:00;95,0
20.08.2021 01:00;20.08.2021 02:00;86,22
20.08.2021 02:00;20.08.2021 03:00;83,73
20.08.2021 03:00;20.08.2021 04:00;83,2
20.08.2021 04:00;20.08.2021 05:00;83,96
20.08.2021 05:00;20.08.2021 06:00;88,7
20.08.2021 06:00;20.08.2021 07:00;103,11
20.08.2021 07:00;20.08.2021 08:00;119,0
20.08.2021 08:00;20.08.2021 09:00;124,74
20.08.2021 09:00;20.08.2021 10:00;114,0
20.08.2021 10:00;20.08.2021 11:00;106,99
20.08.2021 11:00;20.08.2021 12:00;105,0
20.08.2021 12:00;20.08.2021 13:00;99,11
20.08.2021 13:00;20.08.2021 14:00;90,0
20.08.2021 14:00;20.08.2021 15:00;85,18
20.08.2021 15:00;20.08.2021 16:00;84,81
20.08.2021 16:00;20.08.2021 17:00;90,01
20.08.2021 17:00;20.08.2021 18:00;103,31
20.08.2021 18:00;20.08.2021 19:00;113,27
20.08.2021 19:00;20.08.2021 20:00;125,22
20.08.2021 20:00;20.08.2021 21:00;126,14
20.08.2021 21:00;20.08.2021 22:00;124,93
20.08.2021 22:00;20.08.2021 23:00;110,69
20.08.2021 23:00;21.08.2021 00:00;106,0
21.08.2021 00:00;21.08.2021 01:00;102,51
21.08.2021 01:00;21.08.2021 02:00;95,2
21.08.2021 02:00;21.08.2021 03:00;88,52
21.08.2021 03:00;21.08.2021 04:00;83,31
21.08.2021 04:00;21.08.2021 05:00;81,41
21.08.2021 05:00;21.08.2021 06:00;82,17
21.08.2021 06:00;21.08.2021 07:00;90,2
21.08.2021 07:00;21.08.2021 08:00;93,11
21.08.2021 08:00;21.08.2021 09:00;96,43
21.08.2021 09:00;21.08.2021 10:00;92,4
21.08.2021 10:00;21.08.2021 11:00;81,95
21.08.2021 11:00;21.08.2021 12:00;79,11
21.08.2021 12:00;21.08.2021 13:00;78,79
21.08.2021 13:00;21.08.2021 14:00;77,06
21.08.2021 14:00;21.08.2021 15:00;76,59
21.08.2021 15:00;21.08.2021 16:00;78,06
21.08.2021 16:00;21.08.2021 17:00;79,99
21.08.2021 17:00;21.08.2021 18:00;95,27
21.08.2021 18:00;21.08.2021 19:00;107,92
21.08.2021 19:00;21.08.2021 20:00;112,08
21.08.2021 20:00;21.08.2021 21:00;112,17
21.08.2021 21:00;21.08.2021 22:00;108,0
21.08.2021 22:00;21.08.2021 23:00;106,0
21.08.2021 23:00;22.08.2021 00:00;96,86
22.08.2021 00:00;22.08.2021 01:00;84,91
22.08.2021 01:00;22.08.2021 02:00;78,9
22.08.2021 02:00;22.08.2021 03:00;74,99
22.08.2021 03:00;22.08.2021 04:00;72,18
22.08.2021 04:00;22.08.2021 05:00;70,05
22.08.2021 05:00;22.08.2021 06:00;67,34
22.08.2021 06:00;22.08.2021 07:00;67,9
22.08.2021 07:00;22.08.2021 08:00;70,37
22.08.2021 08:00;22.08.2021 09:00;74,47
22.08.2021 09:00;22.08.2021 10:00;76,84
22.08.2021 10:00;22.08.2021 11:00;76,16
22.08.2021 11:00;22.08.2021 12:00;77,31
22.08.2021 12:00;22.08.2021 13:00;76,44
22.08.2021 13:00;22.08.2021 14:00;71,2
22.08.2021 14:00;22.08.2021 15:00;68,8
22.08.2021 15:00;22.08.2021 16:00;66,75
22.08.2021 16:00;22.08.2021 17:00;68,6
22.08.2021 17:00;22.08.2021 18:00;81,59
22.08.2021 18:00;22.08.2021 19:00;88,02
22.08.2021 19:00;22.08.2021 20:00;95,0
22.08.2021 20:00;22.08.2021 21:00;97,96
22.08.2021 21:00;22.08.2021 22:00;95,48
22.08.2021 22:00;22.08.2021 23:00;90,1
22.08.2021 23:00;23.08.2021 00:00;81,95
23.08.2021 00:00;23.08.2021 01:00;76,15
23.08.2021 01:00;23.08.2021 02:00;75,93
23.08.2021 02:00;23.08.2021 03:00;75,7
23.08.2021 03:00;23.08.2021 04:00;73,52
23.08.2021 04:00;23.08.2021 05:00;75,85
23.08.2021 05:00;23.08.2021 06:00;78,44
23.08.2021 06:00;23.08.2021 07:00;94,39
23.08.2021 07:00;23.08.2021 08:00;111,29
23.08.2021 08:00;23.08.2021 09:00;115,94
23.08.2021 09:00;23.08.2021 10:00;114,18
23.08.2021 10:00;23.08.2021 11:00;106,98
23.08.2021 11:00;23.08.2021 12:00;103,47
23.08.2021 12:00;23.08.2021 13:00;99,44
23.08.2021 13:00;23.08.2021 14:00;94,0
23.08.2021 14:00;23.08.2021 15:00;85,69
23.08.2021 15:00;23.08.2021 16:00;83,95
23.08.2021 16:00;23.08.2021 17:00;83,95
23.08.2021 17:00;23.08.2021 18:00;94,96
23.08.2021 18:00;23.08.2021 19:00;105,0
23.08.2021 19:00;23.08.2021 20:00;114,18
23.08.2021 20:00;23.08.2021 21:00;110,99
23.08.2021 21:00;23.08.2021 22:00;102,08
23.08.2021 22:00;23.08.2021 23:00;93,92
23.08.2021 23:00;24.08.2021 00:00;83,1
24.08.2021 00:00;24.08.2021 01:00;80,75
24.08.2021 01:00;24.08.2021 02:00;78,71
24.08.2021 02:00;24.08.2021 03:00;78,4
24.08.2021 03:00;24.08.2021 04:00;79,21
24.08.2021 04:00;24.08.2021 05:00;80,77
24.08.2021 05:00;24.08.2021 06:00;85,01
24.08.2021 06:00;24.08.2021 07:00;100,2
24.08.2021 07:00;24.08.2021 08:00;110,45
24.08.2021 08:00;24.08.2021 09:00;122,0
24.08.2021 09:00;24.08.2021 10:00;106,97
24.08.2021 10:00;24.08.2021 11:00;101,0
24.08.2021 11:00;24.08.2021 12:00;96,0
24.08.2021 12:00;24.08.2021 13:00;88,0
24.08.2021 13:00;24.08.2021 14:00;81,72
24.08.2021 14:00;24.08.2021 15:00;80,43
24.08.2021 15:00;24.08.2021 16:00;81,68
24.08.2021 16:00;24.08.2021 17:00;88,09
24.08.2021 17:00;24.08.2021 18:00;102,85
24.08.2021 18:00;24.08.2021 19:00;109,52
24.08.2021 19:00;24.08.2021 20:00;122,5
24.08.2021 20:00;24.08.2021 21:00;119,44
24.08.2021 21:00;24.08.2021 22:00;106,3
24.08.2021 22:00;24.08.2021 23:00;100,0
24.08.2021 23:00;25.08.2021 00:00;89,59
25.08.2021 00:00;25.08.2021 01:00;82,89
25.08.2021 01:00;25.08.2021 02:00;81,7
25.08.2021 02:00;25.08.2021 03:00;81,36
25.08.2021 03:00;25.08.2021 04:00;81,26
25.08.2021 04:00;25.08.2021 05:00;80,45
25.08.2021 05:00;25.08.2021 06:00;86,17
25.08.2021 06:00;25.08.2021 07:00;101,31
25.08.2021 07:00;25.08.2021 08:00;107,28
25.08.2021 08:00;25.08.2021 09:00;106,94
25.08.2021 09:00;25.08.2021 10:00;95,12
25.08.2021 10:00;25.08.2021 11:00;84,46
25.08.2021 11:00;25.08.2021 12:00;81,73
25.08.2021 12:00;25.08.2021 13:00;74,03
25.08.2021 13:00;25.08.2021 14:00;69,4
25.08.2021 14:00;25.08.2021 15:00;63,34
25.08.2021 15:00;25.08.2021 16:00;64,64
25.08.2021 16:00;25.08.2021 17:00;71,84
25.08.2021 17:00;25.08.2021 18:00;80,95
25.08.2021 18:00;25.08.2021 19:00;90,79
25.08.2021 19:00;25.08.2021 20:00;94,24
25.08.2021 20:00;25.08.2021 21:00;96,0
25.08.2021 21:00;25.08.2021 22:00;91,91
25.08.2021 22:00;25.08.2021 23:00;81,73
25.08.2021 23:00;26.08.2021 00:00;73,89
26.08.2021 00:00;26.08.2021 01:00;74,1
26.08.2021 01:00;26.08.2021 02:00;71,05
26.08.2021 02:00;26.08.2021 03:00;70,98
26.08.2021 03:00;26.08.2021 04:00;69,95
26.08.2021 04:00;26.08.2021 05:00;71,95
26.08.2021 05:00;26.08.2021 06:00;78,1
26.08.2021 06:00;26.08.2021 07:00;96,07
26.08.2021 07:00;26.08.2021 08:00;112,0
26.08.2021 08:00;26.08.2021 09:00;124,65
26.08.2021 09:00;26.08.2021 10:00;113,35
26.08.2021 10:00;26.08.2021 11:00;104,23
26.08.2021 11:00;26.08.2021 12:00;102,35
26.08.2021 12:00;26.08.2021 13:00;100,15
26.08.2021 13:00;26.08.2021 14:00;91,62
26.08.2021 14:00;26.08.2021 15:00;85,56
26.08.2021 15:00;26.08.2021 16:00;82,22
26.08.2021 16:00;26.08.2021 17:00;79,85
26.08.2021 17:00;26.08.2021 18:00;91,21
26.08.2021 18:00;26.08.2021 19:00;100,91
26.08.2021 19:00;26.08.2021 20:00;107,63
26.08.2021 20:00;26.08.2021 21:00;109,0
26.08.2021 21:00;26.08.2021 22:00;102,91
26.08.2021 22:00;26.08.2021 23:00;95,92
26.08.2021 23:00;27.08.2021 00:00;87,0
27.08.2021 00:00;27.08.2021 01:00;87,12
27.08.2021 01:00;27.08.2021 02:00;80,72
27.08.2021 02:00;27.08.2021 03:00;79,74
27.08.2021 03:00;27.08.2021 04:00;78,48
27.08.2021 04:00;27.08.2021 05:00;78,09
27.08.2021 05:00;27.08.2021 06:00;83,98
27.08.2021 06:00;27.08.2021 07:00;101,63
27.08.2021 07:00;27.08.2021 08:00;113,0
27.08.2021 08:00;27.08.2021 09:00;117,19
27.08.2021 09:00;27.08.2021 10:00;108,97
27.08.2021 10:00;27.08.2021 11:00;104,82
27.08.2021 11:00;27.08.2021 12:00;102,54
27.08.2021 12:00;27.08.2021 13:00;99,59
27.08.2021 13:00;27.08.2021 14:00;91,9
27.08.2021 14:00;27.08.2021 15:00;84,31
27.08.2021 15:00;27.08.2021 16:00;82,32
27.08.2021 16:00;27.08.2021 17:00;84,8
27.08.2021 17:00;27.08.2021 18:00;96,6
27.08.2021 18:00;27.08.2021 19:00;104,8
27.08.2021 19:00;27.08.2021 20:00;113,74
27.08.2021 20:00;27.08.2021 21:00;113,07
27.08.2021 21:00;27.08.2021 22:00;104,8
27.08.2021 22:00;27.08.2021 23:00;99,9
27.08.2021 23:00;28.08.2021 00:00;89,67
28.08.2021 00:00;28.08.2021 01:00;88,75
28.08.2021 01:00;28.08.2021 02:00;81,31
28.08.2021 02:00;28.08.2021 03:00;77,7
28.08.2021 03:00;28.08.2021 04:00;76,12
28.08.2021 04:00;28.08.2021 05:00;77,3
28.08.2021 05:00;28.08.2021 06:00;76,62
28.08.2021 06:00;28.08.2021 07:00;78,03
28.08.2021 07:00;28.08.2021 08:00;85,0
28.08.2021 08:00;28.08.2021 09:00;90,01
28.08.2021 09:00;28.08.2021 10:00;91,55
28.08.2021 10:00;28.08.2021 11:00;87,98
28.08.2021 11:00;28.08.2021 12:00;86,08
28.08.2021 12:00;28.08.2021 13:00;81,01
28.08.2021 13:00;28.08.2021 14:00;75,27
28.08.2021 14:00;28.08.2021 15:00;70,28
28.08.2021 15:00;28.08.2021 16:00;68,22
28.08.2021 16:00;28.08.2021 17:00;74,56
28.08.2021 17:00;28.08.2021 18:00;92,96
28.08.2021 18:00;28.08.2021 19:00;98,1
28.08.2021 19:00;28.08.2021 20:00;100,49
28.08.2021 20:00;28.08.2021 21:00;101,32
28.08.2021 21:00;28.08.2021 22:00;96,09
28.08.2021 22:00;28.08.2021 23:00;94,08
28.08.2021 23:00;29.08.2021 00:00;84,44
29.08.2021 00:00;29.08.2021 01:00;78,06
29.08.2021 01:00;29.08.2021 02:00;73,57
29.08.2021 02:00;29.08.2021 03:00;70,54
29.08.2021 03:00;29.08.2021 04:00;68,75
29.08.2021 04:00;29.08.2021 05:00;67,3
29.08.2021 05:00;29.08.2021 06:00;69,38
29.08.2021 06:00;29.08.2021 07:00;70,72
29.08.2021 07:00;29.08.2021 08:00;73,35
29.08.2021 08:00;29.08.2021 09:00;77,04
29.08.2021 09:00;29.08.2021 10:00;80,72
29.08.2021 10:00;29.08.2021 11:00;80,65
29.08.2021 11:00;29.08.2021 12:00;83,61
29.08.2021 12:00;29.08.2021 13:00;82,84
29.08.2021 13:00;29.08.2021 14:00;78,24
29.08.2021 14:00;29.08.2021 15:00;74,91
29.08.2021 15:00;29.08.2021 16:00;73,83
29.08.2021 16:00;29.08.2021 17:00;74,78
29.08.2021 17:00;29.08.2021 18:00;88,75
29.08.2021 18:00;29.08.2021 19:00;95,98
29.08.2021 19:00;29.08.2021 20:00;101,06
29.08.2021 20:00;29.08.2021 21:00;101,66
29.08.2021 21:00;29.08.2021 22:00;93,86
29.08.2021 22:00;29.08.2021 23:00;91,65
29.08.2021 23:00;30.08.2021 00:00;86,57
30.08.2021 00:00;30.08.2021 01:00;79,7
30.08.2021 01:00;30.08.2021 02:00;78,42
30.08.2021 02:00;30.08.2021 03:00;76,57
30.08.2021 03:00;30.08.2021 04:00;72,8
30.08.2021 04:00;30.08.2021 05:00;73,95
30.08.2021 05:00;30.08.2021 06:00;79,64
30.08.2021 06:00;30.08.2021 07:00;110,17
30.08.2021 07:00;30.08.2021 08:00;126,0
30.08.2021 08:00;30.08.2021 09:00;131,92
30.08.2021 09:00;30.08.2021 10:00;132,92
30.08.2021 10:00;30.08.2021 11:00;128,53
30.08.2021 11:00;30.08.2021 12:00;126,1
30.08.2021 12:00;30.08.2021 13:00;122,0
30.08.2021 13:00;30.08.2021 14:00;112,6
30.08.2021 14:00;30.08.2021 15:00;104,94
30.08.2021 15:00;30.08.2021 16:00;101,0
30.08.2021 16:00;30.08.2021 17:00;100,99
30.08.2021 17:00;30.08.2021 18:00;109,58
30.08.2021 18:00;30.08.2021 19:00;116,74
30.08.2021 19:00;30.08.2021 20:00;128,48
30.08.2021 20:00;30.08.2021 21:00;130,04
30.08.2021 21:00;30.08.2021 22:00;114,47
30.08.2021 22:00;30.08.2021 23:00;106,64
30.08.2021 23:00;31.08.2021 00:00;93,6
31.08.2021 00:00;31.08.2021 01:00;94,87
31.08.2021 01:00;31.08.2021 02:00;90,02
31.08.2021 02:00;31.08.2021 03:00;87,54
31.08.2021 03:00;31.08.2021 04:00;87,09
31.08.2021 04:00;31.08.2021 05:00;88,78
31.08.2021 05:00;31.08.2021 06:00;93,11
31.08.2021 06:00;31.08.2021 07:00;115,0
31.08.2021 07:00;31.08.2021 08:00;134,46
31.08.2021 08:00;31.08.2021 09:00;137,02
31.08.2021 09:00;31.08.2021 10:00;135,84
31.08.2021 10:00;31.08.2021 11:00;125,13
31.08.2021 11:00;31.08.2021 12:00;116,19
31.08.2021 12:00;31.08.2021 13:00;113,61
31.08.2021 13:00;31.08.2021 14:00;104,66
31.08.2021 14:00;31.08.2021 15:00;97,2
31.08.2021 15:00;31.08.2021 16:00;95,24
31.08.2021 16:00;31.08.2021 17:00;95,51
31.08.2021 17:00;31.08.2021 18:00;110,45
31.08.2021 18:00;31.08.2021 19:00;123,81
31.08.2021 19:00;31.08.2021 20:00;134,07
31.08.2021 20:00;31.08.2021 21:00;134,9
31.08.2021 21:00;31.08.2021 22:00;121,58
31.08.2021 22:00;31.08.2021 23:00;106,12
31.08.2021 23:00;01.09.2021 00:00;99,1
01.09.2021 00:00;01.09.2021 01:00;94,78
01.09.2021 01:00;01.09.2021 02:00;92,91
01.09.2021 02:00;01.09.2021 03:00;91,21
01.09.2021 03:00;01.09.2021 04:00;90,09
01.09.2021 04:00;01.09.2021 05:00;93,12
01.09.2021 05:00;01.09.2021 06:00;100,54
01.09.2021 06:00;01.09.2021 07:00;118,7
01.09.2021 07:00;01.09.2021 08:00;135,44
01.09.2021 08:00;01.09.2021 09:00;140,72
01.09.2021 09:00;01.09.2021 10:00;130,0
01.09.2021 10:00;01.09.2021 11:00;116,99
01.09.2021 11:00;01.09.2021 12:00;109,75
01.09.2021 12:00;01.09.2021 13:00;103,88
01.09.2021 13:00;01.09.2021 14:00;98,0
01.09.2021 14:00;01.09.2021 15:00;94,98
01.09.2021 15:00;01.09.2021 16:00;95,06
01.09.2021 16:00;01.09.2021 17:00;97,61
01.09.2021 17:00;01.09.2021 18:00;116,12
01.09.2021 18:00;01.09.2021 19:00;131,0
01.09.2021 19:00;01.09.2021 20:00;145,91
01.09.2021 20:00;01.09.2021 21:00;144,93
01.09.2021 21:00;01.09.2021 22:00;125,76
01.09.2021 22:00;01.09.2021 23:00;114,39
01.09.2021 23:00;02.09.2021 00:00;102,73
02.09.2021 00:00;02.09.2021 01:00;98,41
02.09.2021 01:00;02.09.2021 02:00;96,84
02.09.2021 02:00;02.09.2021 03:00;95,25
02.09.2021 03:00;02.09.2021 04:00;95,71
02.09.2021 04:00;02.09.2021 05:00;96,64
02.09.2021 05:00;02.09.2021 06:00;105,01
02.09.2021 06:00;02.09.2021 07:00;128,94
02.09.2021 07:00;02.09.2021 08:00;150,0
02.09.2021 08:00;02.09.2021 09:00;146,38
02.09.2021 09:00;02.09.2021 10:00;130,8
02.09.2021 10:00;02.09.2021 11:00;118,92
02.09.2021 11:00;02.09.2021 12:00;113,0
02.09.2021 12:00;02.09.2021 13:00;107,84
02.09.2021 13:00;02.09.2021 14:00;100,99
02.09.2021 14:00;02.09.2021 15:00;97,97
02.09.2021 15:00;02.09.2021 16:00;105,05
02.09.2021 16:00;02.09.2021 17:00;112,44
02.09.2021 17:00;02.09.2021 18:00;122,66
02.09.2021 18:00;02.09.2021 19:00;138,0
02.09.2021 19:00;02.09.2021 20:00;158,51
02.09.2021 20:00;02.09.2021 21:00;154,94
02.09.2021 21:00;02.09.2021 22:00;130,43
02.09.2021 22:00;02.09.2021 23:00;118,69
02.09.2021 23:00;03.09.2021 00:00;113,25
03.09.2021 00:00;03.09.2021 01:00;101,0
03.09.2021 01:00;03.09.2021 02:00;96,63
03.09.2021 02:00;03.09.2021 03:00;95,6
03.09.2021 03:00;03.09.2021 04:00;91,53
03.09.2021 04:00;03.09.2021 05:00;90,89
03.09.2021 05:00;03.09.2021 06:00;95,8
03.09.2021 06:00;03.09.2021 07:00;122,46
03.09.2021 07:00;03.09.2021 08:00;137,44
03.09.2021 08:00;03.09.2021 09:00;134,7
03.09.2021 09:00;03.09.2021 10:00;123,13
03.09.2021 10:00;03.09.2021 11:00;109,03
03.09.2021 11:00;03.09.2021 12:00;99,02
03.09.2021 12:00;03.09.2021 13:00;89,62
03.09.2021 13:00;03.09.2021 14:00;88,48
03.09.2021 14:00;03.09.2021 15:00;88,39
03.09.2021 15:00;03.09.2021 16:00;89,92
03.09.2021 16:00;03.09.2021 17:00;92,32
03.09.2021 17:00;03.09.2021 18:00;119,01
03.09.2021 18:00;03.09.2021 19:00;131,57
03.09.2021 19:00;03.09.2021 20:00;143,93
03.09.2021 20:00;03.09.2021 21:00;143,38
03.09.2021 21:00;03.09.2021 22:00;129,94
03.09.2021 22:00;03.09.2021 23:00;120,96
03.09.2021 23:00;04.09.2021 00:00;117,86
04.09.2021 00:00;04.09.2021 01:00;114,15
04.09.2021 01:00;04.09.2021 02:00;105,98
04.09.2021 02:00;04.09.2021 03:00;98,05
04.09.2021 03:00;04.09.2021 04:00;95,71
04.09.2021 04:00;04.09.2021 05:00;95,66
04.09.2021 05:00;04.09.2021 06:00;96,2
04.09.2021 06:00;04.09.2021 07:00;103,8
04.09.2021 07:00;04.09.2021 08:00;120,98
04.09.2021 08:00;04.09.2021 09:00;122,0
04.09.2021 09:00;04.09.2021 10:00;115,99
04.09.2021 10:00;04.09.2021 11:00;95,66
04.09.2021 11:00;04.09.2021 12:00;89,47
04.09.2021 12:00;04.09.2021 13:00;89,51
04.09.2021 13:00;04.09.2021 14:00;87,06
04.09.2021 14:00;04.09.2021 15:00;84,16
04.09.2021 15:00;04.09.2021 16:00;86,46
04.09.2021 16:00;04.09.2021 17:00;89,27
04.09.2021 17:00;04.09.2021 18:00;107,54
04.09.2021 18:00;04.09.2021 19:00;127,33
04.09.2021 19:00;04.09.2021 20:00;142,55
04.09.2021 20:00;04.09.2021 21:00;142,4
04.09.2021 21:00;04.09.2021 22:00;127,92
04.09.2021 22:00;04.09.2021 23:00;122,81
04.09.2021 23:00;05.09.2021 00:00;104,36
05.09.2021 00:00;05.09.2021 01:00;109,21
05.09.2021 01:00;05.09.2021 02:00;99,88
05.09.2021 02:00;05.09.2021 03:00;95,35
05.09.2021 03:00;05.09.2021 04:00;92,54
05.09.2021 04:00;05.09.2021 05:00;92,04
05.09.2021 05:00;05.09.2021 06:00;92,56
05.09.2021 06:00;05.09.2021 07:00;93,81
05.09.2021 07:00;05.09.2021 08:00;92,88
05.09.2021 08:00;05.09.2021 09:00;93,44
05.09.2021 09:00;05.09.2021 10:00;92,04
05.09.2021 10:00;05.09.2021 11:00;88,68
05.09.2021 11:00;05.09.2021 12:00;84,01
05.09.2021 12:00;05.09.2021 13:00;81,47
05.09.2021 13:00;05.09.2021 14:00;65,66
05.09.2021 14:00;05.09.2021 15:00;60,06
05.09.2021 15:00;05.09.2021 16:00;69,09
05.09.2021 16:00;05.09.2021 17:00;84,9
05.09.2021 17:00;05.09.2021 18:00;95,18
05.09.2021 18:00;05.09.2021 19:00;127,45
05.09.2021 19:00;05.09.2021 20:00;138,69
05.09.2021 20:00;05.09.2021 21:00;139,07
05.09.2021 21:00;05.09.2021 22:00;129,0
05.09.2021 22:00;05.09.2021 23:00;121,99
05.09.2021 23:00;06.09.2021 00:00;104,1
06.09.2021 00:00;06.09.2021 01:00;105,32
06.09.2021 01:00;06.09.2021 02:00;104,79
06.09.2021 02:00;06.09.2021 03:00;101,85
06.09.2021 03:00;06.09.2021 04:00;97,97
06.09.2021 04:00;06.09.2021 05:00;100,0
06.09.2021 05:00;06.09.2021 06:00;110,0
06.09.2021 06:00;06.09.2021 07:00;135,97
06.09.2021 07:00;06.09.2021 08:00;165,0
06.09.2021 08:00;06.09.2021 09:00;160,0
06.09.2021 09:00;06.09.2021 10:00;139,26
06.09.2021 10:00;06.09.2021 11:00;128,04
06.09.2021 11:00;06.09.2021 12:00;110,7
06.09.2021 12:00;06.09.2021 13:00;105,57
06.09.2021 13:00;06.09.2021 14:00;103,26
06.09.2021 14:00;06.09.2021 15:00;105,49
06.09.2021 15:00;06.09.2021 16:00;115,08
06.09.2021 16:00;06.09.2021 17:00;128,67
06.09.2021 17:00;06.09.2021 18:00;137,73
06.09.2021 18:00;06.09.2021 19:00;150,0
06.09.2021 19:00;06.09.2021 20:00;190,68
06.09.2021 20:00;06.09.2021 21:00;181,72
06.09.2021 21:00;06.09.2021 22:00;147,22
06.09.2021 22:00;06.09.2021 23:00;132,66
06.09.2021 23:00;07.09.2021 00:00;110,79
07.09.2021 00:00;07.09.2021 01:00;110,72
07.09.2021 01:00;07.09.2021 02:00;112,0
07.09.2021 02:00;07.09.2021 03:00;108,52
07.09.2021 03:00;07.09.2021 04:00;107,87
07.09.2021 04:00;07.09.2021 05:00;107,98
07.09.2021 05:00;07.09.2021 06:00;110,82
07.09.2021 06:00;07.09.2021 07:00;141,96
07.09.2021 07:00;07.09.2021 08:00;160,87
07.09.2021 08:00;07.09.2021 09:00;164,44
07.09.2021 09:00;07.09.2021 10:00;142,5
07.09.2021 10:00;07.09.2021 11:00;134,51
07.09.2021 11:00;07.09.2021 12:00;120,04
07.09.2021 12:00;07.09.2021 13:00;108,63
07.09.2021 13:00;07.09.2021 14:00;108,73
07.09.2021 14:00;07.09.2021 15:00;108,28
07.09.2021 15:00;07.09.2021 16:00;107,98
07.09.2021 16:00;07.09.2021 17:00;113,07
07.09.2021 17:00;07.09.2021 18:00;135,83
07.09.2021 18:00;07.09.2021 19:00;145,9
07.09.2021 19:00;07.09.2021 20:00;180,0
07.09.2021 20:00;07.09.2021 21:00;164,01
07.09.2021 21:00;07.09.2021 22:00;141,32
07.09.2021 22:00;07.09.2021 23:00;126,5
07.09.2021 23:00;08.09.2021 00:00;109,1
08.09.2021 00:00;08.09.2021 01:00;115,0
08.09.2021 01:00;08.09.2021 02:00;110,0
08.09.2021 02:00;08.09.2021 03:00;106,62
08.09.2021 03:00;08.09.2021 04:00;104,8
08.09.2021 04:00;08.09.2021 05:00;109,44
08.09.2021 05:00;08.09.2021 06:00;114,94
08.09.2021 06:00;08.09.2021 07:00;145,0
08.09.2021 07:00;08.09.2021 08:00;151,16
08.09.2021 08:00;08.09.2021 09:00;149,96
08.09.2021 09:00;08.09.2021 10:00;138,0
08.09.2021 10:00;08.09.2021 11:00;124,17
08.09.2021 11:00;08.09.2021 12:00;109,46
08.09.2021 12:00;08.09.2021 13:00;106,03
08.09.2021 13:00;08.09.2021 14:00;103,01
08.09.2021 14:00;08.09.2021 15:00;103,93
08.09.2021 15:00;08.09.2021 16:00;109,08
08.09.2021 16:00;08.09.2021 17:00;117,52
08.09.2021 17:00;08.09.2021 18:00;136,03
08.09.2021 18:00;08.09.2021 19:00;149,75
08.09.2021 19:00;08.09.2021 20:00;165,78
08.09.2021 20:00;08.09.2021 21:00;152,36
08.09.2021 21:00;08.09.2021 22:00;137,11
08.09.2021 22:00;08.09.2021 23:00;125,01
08.09.2021 23:00;09.09.2021 00:00;110,54
09.09.2021 00:00;09.09.2021 01:00;107,73
09.09.2021 01:00;09.09.2021 02:00;107,72
09.09.2021 02:00;09.09.2021 03:00;105,03
09.09.2021 03:00;09.09.2021 04:00;101,88
09.09.2021 04:00;09.09.2021 05:00;103,16
09.09.2021 05:00;09.09.2021 06:00;109,02
09.09.2021 06:00;09.09.2021 07:00;138,38
09.09.2021 07:00;09.09.2021 08:00;148,05
09.09.2021 08:00;09.09.2021 09:00;149,43
09.09.2021 09:00;09.09.2021 10:00;144,99
09.09.2021 10:00;09.09.2021 11:00;137,64
09.09.2021 11:00;09.09.2021 12:00;118,7
09.09.2021 12:00;09.09.2021 13:00;110,06
09.09.2021 13:00;09.09.2021 14:00;111,32
09.09.2021 14:00;09.09.2021 15:00;113,3
09.09.2021 15:00;09.09.2021 16:00;123,83
09.09.2021 16:00;09.09.2021 17:00;137,0
09.09.2021 17:00;09.09.2021 18:00;145,98
09.09.2021 18:00;09.09.2021 19:00;157,7
09.09.2021 19:00;09.09.2021 20:00;174,23
09.09.2021 20:00;09.09.2021 21:00;168,48
09.09.2021 21:00;09.09.2021 22:00;148,0
09.09.2021 22:00;09.09.2021 23:00;139,86
09.09.2021 23:00;10.09.2021 00:00;124,11
10.09.2021 00:00;10.09.2021 01:00;119,01
10.09.2021 01:00;10.09.2021 02:00;114,43
10.09.2021 02:00;10.09.2021 03:00;113,88
10.09.2021 03:00;10.09.2021 04:00;111,67
10.09.2021 04:00;10.09.2021 05:00;113,82
10.09.2021 05:00;10.09.2021 06:00;117,58
10.09.2021 06:00;10.09.2021 07:00;145,45
10.09.2021 07:00;10.09.2021 08:00;158,07
10.09.2021 08:00;10.09.2021 09:00;162,27
10.09.2021 09:00;10.09.2021 10:00;156,66
10.09.2021 10:00;10.09.2021 11:00;149,22
10.09.2021 11:00;10.09.2021 12:00;144,22
10.09.2021 12:00;10.09.2021 13:00;140,0
10.09.2021 13:00;10.09.2021 14:00;128,0
10.09.2021 14:00;10.09.2021 15:00;120,52
10.09.2021 15:00;10.09.2021 16:00;130,61
10.09.2021 16:00;10.09.2021 17:00;140,09
10.09.2021 17:00;10.09.2021 18:00;152,48
10.09.2021 18:00;10.09.2021 19:00;159,18
10.09.2021 19:00;10.09.2021 20:00;159,58
10.09.2021 20:00;10.09.2021 21:00;159,31
10.09.2021 21:00;10.09.2021 22:00;148,64
10.09.2021 22:00;10.09.2021 23:00;141,52
10.09.2021 23:00;11.09.2021 00:00;132,66
11.09.2021 00:00;11.09.2021 01:00;140,16
11.09.2021 01:00;11.09.2021 02:00;129,77
11.09.2021 02:00;11.09.2021 03:00;115,96
11.09.2021 03:00;11.09.2021 04:00;109,82
11.09.2021 04:00;11.09.2021 05:00;110,02
11.09.2021 05:00;11.09.2021 06:00;111,21
11.09.2021 06:00;11.09.2021 07:00;130,06
11.09.2021 07:00;11.09.2021 08:00;136,12
11.09.2021 08:00;11.09.2021 09:00;143,46
11.09.2021 09:00;11.09.2021 10:00;145,03
11.09.2021 10:00;11.09.2021 11:00;141,32
11.09.2021 11:00;11.09.2021 12:00;133,68
11.09.2021 12:00;11.09.2021 13:00;122,02
11.09.2021 13:00;11.09.2021 14:00;111,59
11.09.2021 14:00;11.09.2021 15:00;106,08
11.09.2021 15:00;11.09.2021 16:00;107,81
11.09.2021 16:00;11.09.2021 17:00;112,36
11.09.2021 17:00;11.09.2021 18:00;129,2
11.09.2021 18:00;11.09.2021 19:00;146,98
11.09.2021 19:00;11.09.2021 20:00;155,09
11.09.2021 20:00;11.09.2021 21:00;153,9
11.09.2021 21:00;11.09.2021 22:00;145,03
11.09.2021 22:00;11.09.2021 23:00;138,68
11.09.2021 23:00;12.09.2021 00:00;121,08
12.09.2021 00:00;12.09.2021 01:00;105,05
12.09.2021 01:00;12.09.2021 02:00;99,17
12.09.2021 02:00;12.09.2021 03:00;99,02
12.09.2021 03:00;12.09.2021 04:00;95,38
12.09.2021 04:00;12.09.2021 05:00;97,57
12.09.2021 05:00;12.09.2021 06:00;97,64
12.09.2021 06:00;12.09.2021 07:00;95,59
12.09.2021 07:00;12.09.2021 08:00;101,34
12.09.2021 08:00;12.09.2021 09:00;106,41
12.09.2021 09:00;12.09.2021 10:00;107,17
12.09.2021 10:00;12.09.2021 11:00;101,92
12.09.2021 11:00;12.09.2021 12:00;99,72
12.09.2021 12:00;12.09.2021 13:00;93,94
12.09.2021 13:00;12.09.2021 14:00;81,07
12.09.2021 14:00;12.09.2021 15:00;69,68
12.09.2021 15:00;12.09.2021 16:00;72,44
12.09.2021 16:00;12.09.2021 17:00;87,13
12.09.2021 17:00;12.09.2021 18:00;99,94
12.09.2021 18:00;12.09.2021 19:00;136,37
12.09.2021 19:00;12.09.2021 20:00;150,0
12.09.2021 20:00;12.09.2021 21:00;154,17
12.09.2021 21:00;12.09.2021 22:00;138,01
12.09.2021 22:00;12.09.2021 23:00;129,07
12.09.2021 23:00;13.09.2021 00:00;107,54
13.09.2021 00:00;13.09.2021 01:00;113,01
13.09.2021 01:00;13.09.2021 02:00;108,2
13.09.2021 02:00;13.09.2021 03:00;103,92
13.09.2021 03:00;13.09.2021 04:00;103,79
13.09.2021 04:00;13.09.2021 05:00;104,85
13.09.2021 05:00;13.09.2021 06:00;110,01
13.09.2021 06:00;13.09.2021 07:00;152,08
13.09.2021 07:00;13.09.2021 08:00;160,93
13.09.2021 08:00;13.09.2021 09:00;166,71
13.09.2021 09:00;13.09.2021 10:00;157,0
13.09.2021 10:00;13.09.2021 11:00;147,93
13.09.2021 11:00;13.09.2021 12:00;140,06
13.09.2021 12:00;13.09.2021 13:00;118,84
13.09.2021 13:00;13.09.2021 14:00;116,9
13.09.2021 14:00;13.09.2021 15:00;119,0
13.09.2021 15:00;13.09.2021 16:00;141,63
13.09.2021 16:00;13.09.2021 17:00;150,93
13.09.2021 17:00;13.09.2021 18:00;159,09
13.09.2021 18:00;13.09.2021 19:00;183,45
13.09.2021 19:00;13.09.2021 20:00;200,88
13.09.2021 20:00;13.09.2021 21:00;193,21
13.09.2021 21:00;13.09.2021 22:00;160,91
13.09.2021 22:00;13.09.2021 23:00;147,15
13.09.2021 23:00;14.09.2021 00:00;131,18
14.09.2021 00:00;14.09.2021 01:00;122,23
14.09.2021 01:00;14.09.2021 02:00;121,59
14.09.2021 02:00;14.09.2021 03:00;113,83
14.09.2021 03:00;14.09.2021 04:00;107,84
14.09.2021 04:00;14.09.2021 05:00;110,03
14.09.2021 05:00;14.09.2021 06:00;122,03
14.09.2021 06:00;14.09.2021 07:00;155,51
14.09.2021 07:00;14.09.2021 08:00;166,24
14.09.2021 08:00;14.09.2021 09:00;172,69
14.09.2021 09:00;14.09.2021 10:00;162,9
14.09.2021 10:00;14.09.2021 11:00;152,15
14.09.2021 11:00;14.09.2021 12:00;124,01
14.09.2021 12:00;14.09.2021 13:00;121,06
14.09.2021 13:00;14.09.2021 14:00;117,27
14.09.2021 14:00;14.09.2021 15:00;125,43
14.09.2021 15:00;14.09.2021 16:00;151,16
14.09.2021 16:00;14.09.2021 17:00;158,72
14.09.2021 17:00;14.09.2021 18:00;168,0
14.09.2021 18:00;14.09.2021 19:00;184,55
14.09.2021 19:00;14.09.2021 20:00;188,2
14.09.2021 20:00;14.09.2021 21:00;174,25
14.09.2021 21:00;14.09.2021 22:00;155,4
14.09.2021 22:00;14.09.2021 23:00;144,65
14.09.2021 23:00;15.09.2021 00:00;117,98
15.09.2021 00:00;15.09.2021 01:00;135,08
15.09.2021 01:00;15.09.2021 02:00;133,4
15.09.2021 02:00;15.09.2021 03:00;128,95
15.09.2021 03:00;15.09.2021 04:00;123,1
15.09.2021 04:00;15.09.2021 05:00;128,01
15.09.2021 05:00;15.09.2021 06:00;137,01
15.09.2021 06:00;15.09.2021 07:00;166,94
15.09.2021 07:00;15.09.2021 08:00;180,24
15.09.2021 08:00;15.09.2021 09:00;192,11
15.09.2021 09:00;15.09.2021 10:00;191,32
15.09.2021 10:00;15.09.2021 11:00;187,42
15.09.2021 11:00;15.09.2021 12:00;180,8
15.09.2021 12:00;15.09.2021 13:00;180,0
15.09.2021 13:00;15.09.2021 14:00;175,74
15.09.2021 14:00;15.09.2021 15:00;175,76
15.09.2021 15:00;15.09.2021 16:00;179,09
15.09.2021 16:00;15.09.2021 17:00;179,97
15.09.2021 17:00;15.09.2021 18:00;190,0
15.09.2021 18:00;15.09.2021 19:00;192,78
15.09.2021 19:00;15.09.2021 20:00;196,58
15.09.2021 20:00;15.09.2021 21:00;190,0
15.09.2021 21:00;15.09.2021 22:00;176,78
15.09.2021 22:00;15.09.2021 23:00;162,98
15.09.2021 23:00;16.09.2021 00:00;153,02
16.09.2021 00:00;16.09.2021 01:00;131,45
16.09.2021 01:00;16.09.2021 02:00;129,4
16.09.2021 02:00;16.09.2021 03:00;117,17
16.09.2021 03:00;16.09.2021 04:00;115,96
16.09.2021 04:00;16.09.2021 05:00;115,19
16.09.2021 05:00;16.09.2021 06:00;135,03
16.09.2021 06:00;16.09.2021 07:00;169,72
16.09.2021 07:00;16.09.2021 08:00;194,0
16.09.2021 08:00;16.09.2021 09:00;197,81
16.09.2021 09:00;16.09.2021 10:00;193,91
16.09.2021 10:00;16.09.2021 11:00;186,68
16.09.2021 11:00;16.09.2021 12:00;181,0
16.09.2021 12:00;16.09.2021 13:00;155,36
16.09.2021 13:00;16.09.2021 14:00;145,06
16.09.2021 14:00;16.09.2021 15:00;130,94
16.09.2021 15:00;16.09.2021 16:00;131,4
16.09.2021 16:00;16.09.2021 17:00;133,82
16.09.2021 17:00;16.09.2021 18:00;178,71
16.09.2021 18:00;16.09.2021 19:00;188,11
16.09.2021 19:00;16.09.2021 20:00;197,59
16.09.2021 20:00;16.09.2021 21:00;198,02
16.09.2021 21:00;16.09.2021 22:00;179,78
16.09.2021 22:00;16.09.2021 23:00;170,42
16.09.2021 23:00;17.09.2021 00:00;138,1
17.09.2021 00:00;17.09.2021 01:00;127,33
17.09.2021 01:00;17.09.2021 02:00;125,43
17.09.2021 02:00;17.09.2021 03:00;123,11
17.09.2021 03:00;17.09.2021 04:00;117,89
17.09.2021 04:00;17.09.2021 05:00;125,92
17.09.2021 05:00;17.09.2021 06:00;134,87
17.09.2021 06:00;17.09.2021 07:00;169,27
17.09.2021 07:00;17.09.2021 08:00;181,97
17.09.2021 08:00;17.09.2021 09:00;188,17
17.09.2021 09:00;17.09.2021 10:00;182,86
17.09.2021 10:00;17.09.2021 11:00;175,33
17.09.2021 11:00;17.09.2021 12:00;167,13
17.09.2021 12:00;17.09.2021 13:00;160,3
17.09.2021 13:00;17.09.2021 14:00;140,66
17.09.2021 14:00;17.09.2021 15:00;140,66
17.09.2021 15:00;17.09.2021 16:00;140,66
17.09.2021 16:00;17.09.2021 17:00;140,66
17.09.2021 17:00;17.09.2021 18:00;165,53
17.09.2021 18:00;17.09.2021 19:00;181,94
17.09.2021 19:00;17.09.2021 20:00;187,9
17.09.2021 20:00;17.09.2021 21:00;185,2
17.09.2021 21:00;17.09.2021 22:00;179,04
17.09.2021 22:00;17.09.2021 23:00;171,27
17.09.2021 23:00;18.09.2021 00:00;153,92
18.09.2021 00:00;18.09.2021 01:00;149,59
18.09.2021 01:00;18.09.2021 02:00;130,64
18.09.2021 02:00;18.09.2021 03:00;125,43
18.09.2021 03:00;18.09.2021 04:00;120,62
18.09.2021 04:00;18.09.2021 05:00;115,02
18.09.2021 05:00;18.09.2021 06:00;117,01
18.09.2021 06:00;18.09.2021 07:00;127,06
18.09.2021 07:00;18.09.2021 08:00;149,09
18.09.2021 08:00;18.09.2021 09:00;162,5
18.09.2021 09:00;18.09.2021 10:00;155,09
18.09.2021 10:00;18.09.2021 11:00;132,88
18.09.2021 11:00;18.09.2021 12:00;124,84
18.09.2021 12:00;18.09.2021 13:00;115,96
18.09.2021 13:00;18.09.2021 14:00;105,11
18.09.2021 14:00;18.09.2021 15:00;105,1
18.09.2021 15:00;18.09.2021 16:00;110,09
18.09.2021 16:00;18.09.2021 17:00;125,94
18.09.2021 17:00;18.09.2021 18:00;136,81
18.09.2021 18:00;18.09.2021 19:00;169,97
18.09.2021 19:00;18.09.2021 20:00;179,91
18.09.2021 20:00;18.09.2021 21:00;178,97
18.09.2021 21:00;18.09.2021 22:00;151,32
18.09.2021 22:00;18.09.2021 23:00;123,73
18.09.2021 23:00;19.09.2021 00:00;97,63
19.09.2021 00:00;19.09.2021 01:00;81,71
19.09.2021 01:00;19.09.2021 02:00;80,05
19.09.2021 02:00;19.09.2021 03:00;77,6
19.09.2021 03:00;19.09.2021 04:00;76,95
19.09.2021 04:00;19.09.2021 05:00;72,82
19.09.2021 05:00;19.09.2021 06:00;75,77
19.09.2021 06:00;19.09.2021 07:00;76,61
19.09.2021 07:00;19.09.2021 08:00;77,35
19.09.2021 08:00;19.09.2021 09:00;81,58
19.09.2021 09:00;19.09.2021 10:00;82,86
19.09.2021 10:00;19.09.2021 11:00;80,17
19.09.2021 11:00;19.09.2021 12:00;80,65
19.09.2021 12:00;19.09.2021 13:00;82,83
19.09.2021 13:00;19.09.2021 14:00;79,12
19.09.2021 14:00;19.09.2021 15:00;74,16
19.09.2021 15:00;19.09.2021 16:00;78,1
19.09.2021 16:00;19.09.2021 17:00;83,75
19.09.2021 17:00;19.09.2021 18:00;105,07
19.09.2021 18:00;19.09.2021 19:00;149,0
19.09.2021 19:00;19.09.2021 20:00;167,63
19.09.2021 20:00;19.09.2021 21:00;170,63
19.09.2021 21:00;19.09.2021 22:00;119,63
19.09.2021 22:00;19.09.2021 23:00;108,76
19.09.2021 23:00;20.09.2021 00:00;95,68
20.09.2021 00:00;20.09.2021 01:00;101,79
20.09.2021 01:00;20.09.2021 02:00;96,04
20.09.2021 02:00;20.09.2021 03:00;98,74
20.09.2021 03:00;20.09.2021 04:00;98,56
20.09.2021 04:00;20.09.2021 05:00;93,87
20.09.2021 05:00;20.09.2021 06:00;118,2
20.09.2021 06:00;20.09.2021 07:00;161,33
20.09.2021 07:00;20.09.2021 08:00;179,52
20.09.2021 08:00;20.09.2021 09:00;188,64
20.09.2021 09:00;20.09.2021 10:00;180,0
20.09.2021 10:00;20.09.2021 11:00;172,67
20.09.2021 11:00;20.09.2021 12:00;164,0
20.09.2021 12:00;20.09.2021 13:00;155,0
20.09.2021 13:00;20.09.2021 14:00;149,76
20.09.2021 14:00;20.09.2021 15:00;142,28
20.09.2021 15:00;20.09.2021 16:00;151,22
20.09.2021 16:00;20.09.2021 17:00;162,88
20.09.2021 17:00;20.09.2021 18:00;172,33
20.09.2021 18:00;20.09.2021 19:00;179,98
20.09.2021 19:00;20.09.2021 20:00;205,0
20.09.2021 20:00;20.09.2021 21:00;185,8
20.09.2021 21:00;20.09.2021 22:00;171,15
20.09.2021 22:00;20.09.2021 23:00;154,53
20.09.2021 23:00;21.09.2021 00:00;133,48
21.09.2021 00:00;21.09.2021 01:00;130,12
21.09.2021 01:00;21.09.2021 02:00;128,01
21.09.2021 02:00;21.09.2021 03:00;121,34
21.09.2021 03:00;21.09.2021 04:00;114,94
21.09.2021 04:00;21.09.2021 05:00;119,04
21.09.2021 05:00;21.09.2021 06:00;131,46
21.09.2021 06:00;21.09.2021 07:00;170,0
21.09.2021 07:00;21.09.2021 08:00;189,59
21.09.2021 08:00;21.09.2021 09:00;190,0
21.09.2021 09:00;21.09.2021 10:00;176,92
21.09.2021 10:00;21.09.2021 11:00;160,1
21.09.2021 11:00;21.09.2021 12:00;151,8
21.09.2021 12:00;21.09.2021 13:00;145,06
21.09.2021 13:00;21.09.2021 14:00;132,5
21.09.2021 14:00;21.09.2021 15:00;129,71
21.09.2021 15:00;21.09.2021 16:00;128,53
21.09.2021 16:00;21.09.2021 17:00;132,5
21.09.2021 17:00;21.09.2021 18:00;162,48
21.09.2021 18:00;21.09.2021 19:00;174,88
21.09.2021 19:00;21.09.2021 20:00;190,0
21.09.2021 20:00;21.09.2021 21:00;182,87
21.09.2021 21:00;21.09.2021 22:00;163,08
21.09.2021 22:00;21.09.2021 23:00;141,3
21.09.2021 23:00;22.09.2021 00:00;131,18
22.09.2021 00:00;22.09.2021 01:00;105,21
22.09.2021 01:00;22.09.2021 02:00;100,98
22.09.2021 02:00;22.09.2021 03:00;97,25
22.09.2021 03:00;22.09.2021 04:00;94,6
22.09.2021 04:00;22.09.2021 05:00;100,04
22.09.2021 05:00;22.09.2021 06:00;119,09
22.09.2021 06:00;22.09.2021 07:00;174,51
22.09.2021 07:00;22.09.2021 08:00;200,0
22.09.2021 08:00;22.09.2021 09:00;213,81
22.09.2021 09:00;22.09.2021 10:00;185,26
22.09.2021 10:00;22.09.2021 11:00;170,15
22.09.2021 11:00;22.09.2021 12:00;159,93
22.09.2021 12:00;22.09.2021 13:00;151,0
22.09.2021 13:00;22.09.2021 14:00;139,69
22.09.2021 14:00;22.09.2021 15:00;132,32
22.09.2021 15:00;22.09.2021 16:00;132,33
22.09.2021 16:00;22.09.2021 17:00;139,97
22.09.2021 17:00;22.09.2021 18:00;165,9
22.09.2021 18:00;22.09.2021 19:00;183,79
22.09.2021 19:00;22.09.2021 20:00;199,78
22.09.2021 20:00;22.09.2021 21:00;176,82
22.09.2021 21:00;22.09.2021 22:00;157,65
22.09.2021 22:00;22.09.2021 23:00;113,35
22.09.2021 23:00;23.09.2021 00:00;90,01
23.09.2021 00:00;23.09.2021 01:00;95,52
23.09.2021 01:00;23.09.2021 02:00;97,05
23.09.2021 02:00;23.09.2021 03:00;84,23
23.09.2021 03:00;23.09.2021 04:00;75,32
23.09.2021 04:00;23.09.2021 05:00;70,06
23.09.2021 05:00;23.09.2021 06:00;78,91
23.09.2021 06:00;23.09.2021 07:00;120,02
23.09.2021 07:00;23.09.2021 08:00;153,86
23.09.2021 08:00;23.09.2021 09:00;139,44
23.09.2021 09:00;23.09.2021 10:00;96,52
23.09.2021 10:00;23.09.2021 11:00;68,35
23.09.2021 11:00;23.09.2021 12:00;54,25
23.09.2021 12:00;23.09.2021 13:00;23,57
23.09.2021 13:00;23.09.2021 14:00;0,12
23.09.2021 14:00;23.09.2021 15:00;0,08
23.09.2021 15:00;23.09.2021 16:00;10,05
23.09.2021 16:00;23.09.2021 17:00;53,17
23.09.2021 17:00;23.09.2021 18:00;59,79
23.09.2021 18:00;23.09.2021 19:00;92,01
23.09.2021 19:00;23.09.2021 20:00;97,86
23.09.2021 20:00;23.09.2021 21:00;92,16
23.09.2021 21:00;23.09.2021 22:00;67,47
23.09.2021 22:00;23.09.2021 23:00;68,61
23.09.2021 23:00;24.09.2021 00:00;57,41
24.09.2021 00:00;24.09.2021 01:00;63,36
24.09.2021 01:00;24.09.2021 02:00;57,82
24.09.2021 02:00;24.09.2021 03:00;57,83
24.09.2021 03:00;24.09.2021 04:00;60,45
24.09.2021 04:00;24.09.2021 05:00;67,86
24.09.2021 05:00;24.09.2021 06:00;87,85
24.09.2021 06:00;24.09.2021 07:00;150,1
24.09.2021 07:00;24.09.2021 08:00;170,95
24.09.2021 08:00;24.09.2021 09:00;176,95
24.09.2021 09:00;24.09.2021 10:00;149,57
24.09.2021 10:00;24.09.2021 11:00;137,54
24.09.2021 11:00;24.09.2021 12:00;107,01
24.09.2021 12:00;24.09.2021 13:00;89,26
24.09.2021 13:00;24.09.2021 14:00;87,14
24.09.2021 14:00;24.09.2021 15:00;82,1
24.09.2021 15:00;24.09.2021 16:00;82,94
24.09.2021 16:00;24.09.2021 17:00;88,23
24.09.2021 17:00;24.09.2021 18:00;119,23
24.09.2021 18:00;24.09.2021 19:00;166,3
24.09.2021 19:00;24.09.2021 20:00;181,21
24.09.2021 20:00;24.09.2021 21:00;148,84
24.09.2021 21:00;24.09.2021 22:00;109,54
24.09.2021 22:00;24.09.2021 23:00;90,43
24.09.2021 23:00;25.09.2021 00:00;83,03
25.09.2021 00:00;25.09.2021 01:00;99,59
25.09.2021 01:00;25.09.2021 02:00;103,67
25.09.2021 02:00;25.09.2021 03:00;102,09
25.09.2021 03:00;25.09.2021 04:00;102,01
25.09.2021 04:00;25.09.2021 05:00;107,61
25.09.2021 05:00;25.09.2021 06:00;99,49
25.09.2021 06:00;25.09.2021 07:00;107,5
25.09.2021 07:00;25.09.2021 08:00;116,34
25.09.2021 08:00;25.09.2021 09:00;128,58
25.09.2021 09:00;25.09.2021 10:00;123,21
25.09.2021 10:00;25.09.2021 11:00;109,42
25.09.2021 11:00;25.09.2021 12:00;102,62
25.09.2021 12:00;25.09.2021 13:00;94,09
25.09.2021 13:00;25.09.2021 14:00;97,04
25.09.2021 14:00;25.09.2021 15:00;100,75
25.09.2021 15:00;25.09.2021 16:00;112,07
25.09.2021 16:00;25.09.2021 17:00;125,99
25.09.2021 17:00;25.09.2021 18:00;162,78
25.09.2021 18:00;25.09.2021 19:00;177,96
25.09.2021 19:00;25.09.2021 20:00;208,01
25.09.2021 20:00;25.09.2021 21:00;188,17
25.09.2021 21:00;25.09.2021 22:00;169,9
25.09.2021 22:00;25.09.2021 23:00;164,91
25.09.2021 23:00;26.09.2021 00:00;158,3
26.09.2021 00:00;26.09.2021 01:00;145,28
26.09.2021 01:00;26.09.2021 02:00;124,95
26.09.2021 02:00;26.09.2021 03:00;113,46
26.09.2021 03:00;26.09.2021 04:00;106,11
26.09.2021 04:00;26.09.2021 05:00;105,09
26.09.2021 05:00;26.09.2021 06:00;104,68
26.09.2021 06:00;26.09.2021 07:00;111,96
26.09.2021 07:00;26.09.2021 08:00;113,09
26.09.2021 08:00;26.09.2021 09:00;117,81
26.09.2021 09:00;26.09.2021 10:00;115,34
26.09.2021 10:00;26.09.2021 11:00;112,11
26.09.2021 11:00;26.09.2021 12:00;106,31
26.09.2021 12:00;26.09.2021 13:00;102,98
26.09.2021 13:00;26.09.2021 14:00;93,13
26.09.2021 14:00;26.09.2021 15:00;90,65
26.09.2021 15:00;26.09.2021 16:00;94,79
26.09.2021 16:00;26.09.2021 17:00;112,33
26.09.2021 17:00;26.09.2021 18:00;137,36
26.09.2021 18:00;26.09.2021 19:00;170,8
26.09.2021 19:00;26.09.2021 20:00;185,85
26.09.2021 20:00;26.09.2021 21:00;179,18
26.09.2021 21:00;26.09.2021 22:00;166,52
26.09.2021 22:00;26.09.2021 23:00;163,94
26.09.2021 23:00;27.09.2021 00:00;143,5
27.09.2021 00:00;27.09.2021 01:00;133,27
27.09.2021 01:00;27.09.2021 02:00;112,03
27.09.2021 02:00;27.09.2021 03:00;105,99
27.09.2021 03:00;27.09.2021 04:00;100,0
27.09.2021 04:00;27.09.2021 05:00;102,23
27.09.2021 05:00;27.09.2021 06:00;113,09
27.09.2021 06:00;27.09.2021 07:00;171,78
27.09.2021 07:00;27.09.2021 08:00;184,73
27.09.2021 08:00;27.09.2021 09:00;190,84
27.09.2021 09:00;27.09.2021 10:00;181,0
27.09.2021 10:00;27.09.2021 11:00;172,15
27.09.2021 11:00;27.09.2021 12:00;159,98
27.09.2021 12:00;27.09.2021 13:00;144,97
27.09.2021 13:00;27.09.2021 14:00;119,32
27.09.2021 14:00;27.09.2021 15:00;116,33
27.09.2021 15:00;27.09.2021 16:00;120,85
27.09.2021 16:00;27.09.2021 17:00;142,43
27.09.2021 17:00;27.09.2021 18:00;163,54
27.09.2021 18:00;27.09.2021 19:00;173,1
27.09.2021 19:00;27.09.2021 20:00;185,19
27.09.2021 20:00;27.09.2021 21:00;169,96
27.09.2021 21:00;27.09.2021 22:00;150,0
27.09.2021 22:00;27.09.2021 23:00;127,48
27.09.2021 23:00;28.09.2021 00:00;96,98
28.09.2021 00:00;28.09.2021 01:00;105,23
28.09.2021 01:00;28.09.2021 02:00;99,89
28.09.2021 02:00;28.09.2021 03:00;98,37
28.09.2021 03:00;28.09.2021 04:00;98,1
28.09.2021 04:00;28.09.2021 05:00;105,97
28.09.2021 05:00;28.09.2021 06:00;119,91
28.09.2021 06:00;28.09.2021 07:00;170,52
28.09.2021 07:00;28.09.2021 08:00;190,21
28.09.2021 08:00;28.09.2021 09:00;195,1
28.09.2021 09:00;28.09.2021 10:00;187,94
28.09.2021 10:00;28.09.2021 11:00;174,21
28.09.2021 11:00;28.09.2021 12:00;161,76
28.09.2021 12:00;28.09.2021 13:00;142,64
28.09.2021 13:00;28.09.2021 14:00;135,54
28.09.2021 14:00;28.09.2021 15:00;133,14
28.09.2021 15:00;28.09.2021 16:00;146,8
28.09.2021 16:00;28.09.2021 17:00;165,0
28.09.2021 17:00;28.09.2021 18:00;180,1
28.09.2021 18:00;28.09.2021 19:00;197,69
28.09.2021 19:00;28.09.2021 20:00;237,01
28.09.2021 20:00;28.09.2021 21:00;195,33
28.09.2021 21:00;28.09.2021 22:00;177,13
28.09.2021 22:00;28.09.2021 23:00;164,91
28.09.2021 23:00;29.09.2021 00:00;139,57
29.09.2021 00:00;29.09.2021 01:00;120,55
29.09.2021 01:00;29.09.2021 02:00;110,83
29.09.2021 02:00;29.09.2021 03:00;95,35
29.09.2021 03:00;29.09.2021 04:00;88,53
29.09.2021 04:00;29.09.2021 05:00;87,73
29.09.2021 05:00;29.09.2021 06:00;104,06
29.09.2021 06:00;29.09.2021 07:00;162,68
29.09.2021 07:00;29.09.2021 08:00;194,93
29.09.2021 08:00;29.09.2021 09:00;204,51
29.09.2021 09:00;29.09.2021 10:00;195,28
29.09.2021 10:00;29.09.2021 11:00;183,59
29.09.2021 11:00;29.09.2021 12:00;168,9
29.09.2021 12:00;29.09.2021 13:00;129,41
29.09.2021 13:00;29.09.2021 14:00;111,31
29.09.2021 14:00;29.09.2021 15:00;108,35
29.09.2021 15:00;29.09.2021 16:00;102,01
29.09.2021 16:00;29.09.2021 17:00;106,61
29.09.2021 17:00;29.09.2021 18:00;127,72
29.09.2021 18:00;29.09.2021 19:00;173,23
29.09.2021 19:00;29.09.2021 20:00;188,12
29.09.2021 20:00;29.09.2021 21:00;161,44
29.09.2021 21:00;29.09.2021 22:00;100,07
29.09.2021 22:00;29.09.2021 23:00;93,73
29.09.2021 23:00;30.09.2021 00:00;80,59
30.09.2021 00:00;30.09.2021 01:00;70,3
30.09.2021 01:00;30.09.2021 02:00;65,22
30.09.2021 02:00;30.09.2021 03:00;61,08
30.09.2021 03:00;30.09.2021 04:00;59,09
30.09.2021 04:00;30.09.2021 05:00;62,13
30.09.2021 05:00;30.09.2021 06:00;69,87
30.09.2021 06:00;30.09.2021 07:00;112,05
30.09.2021 07:00;30.09.2021 08:00;158,7
30.09.2021 08:00;30.09.2021 09:00;150,58
30.09.2021 09:00;30.09.2021 10:00;126,07
30.09.2021 10:00;30.09.2021 11:00;102,05
30.09.2021 11:00;30.09.2021 12:00;92,02
30.09.2021 12:00;30.09.2021 13:00;79,1
30.09.2021 13:00;30.09.2021 14:00;79,59
30.09.2021 14:00;30.09.2021 15:00;78,37
30.09.2021 15:00;30.09.2021 16:00;95,12
30.09.2021 16:00;30.09.2021 17:00;118,19
30.09.2021 17:00;30.09.2021 18:00;176,66
30.09.2021 18:00;30.09.2021 19:00;201,03
30.09.2021 19:00;30.09.2021 20:00;219,93
30.09.2021 20:00;30.09.2021 21:00;195,28
30.09.2021 21:00;30.09.2021 22:00;142,94
30.09.2021 22:00;30.09.2021 23:00;104,8
30.09.2021 23:00;01.10.2021 00:00;81,53
01.10.2021 00:00;01.10.2021 01:00;90,0
01.10.2021 01:00;01.10.2021 02:00;71,39
01.10.2021 02:00;01.10.2021 03:00;59,98
01.10.2021 03:00;01.10.2021 04:00;47,94
01.10.2021 04:00;01.10.2021 05:00;54,52
01.10.2021 05:00;01.10.2021 06:00;65,69
01.10.2021 06:00;01.10.2021 07:00;120,61
01.10.2021 07:00;01.10.2021 08:00;150,0
01.10.2021 08:00;01.10.2021 09:00;142,05
01.10.2021 09:00;01.10.2021 10:00;107,95
01.10.2021 10:00;01.10.2021 11:00;82,57
01.10.2021 11:00;01.10.2021 12:00;71,33
01.10.2021 12:00;01.10.2021 13:00;59,94
01.10.2021 13:00;01.10.2021 14:00;52,02
01.10.2021 14:00;01.10.2021 15:00;49,19
01.10.2021 15:00;01.10.2021 16:00;63,28
01.10.2021 16:00;01.10.2021 17:00;90,02
01.10.2021 17:00;01.10.2021 18:00;158,81
01.10.2021 18:00;01.10.2021 19:00;183,27
01.10.2021 19:00;01.10.2021 20:00;194,09
01.10.2021 20:00;01.10.2021 21:00;159,01
01.10.2021 21:00;01.10.2021 22:00;123,61
01.10.2021 22:00;01.10.2021 23:00;118,33
01.10.2021 23:00;02.10.2021 00:00;92,24
02.10.2021 00:00;02.10.2021 01:00;115,02
02.10.2021 01:00;02.10.2021 02:00;105,32
02.10.2021 02:00;02.10.2021 03:00;106,44
02.10.2021 03:00;02.10.2021 04:00;102,27
02.10.2021 04:00;02.10.2021 05:00;104,71
02.10.2021 05:00;02.10.2021 06:00;112,02
02.10.2021 06:00;02.10.2021 07:00;140,0
02.10.2021 07:00;02.10.2021 08:00;156,18
02.10.2021 08:00;02.10.2021 09:00;164,91
02.10.2021 09:00;02.10.2021 10:00;164,92
02.10.2021 10:00;02.10.2021 11:00;135,58
02.10.2021 11:00;02.10.2021 12:00;124,02
02.10.2021 12:00;02.10.2021 13:00;105,22
02.10.2021 13:00;02.10.2021 14:00;86,21
02.10.2021 14:00;02.10.2021 15:00;76,44
02.10.2021 15:00;02.10.2021 16:00;73,09
02.10.2021 16:00;02.10.2021 17:00;76,89
02.10.2021 17:00;02.10.2021 18:00;106,46
02.10.2021 18:00;02.10.2021 19:00;120,0
02.10.2021 19:00;02.10.2021 20:00;115,56
02.10.2021 20:00;02.10.2021 21:00;92,55
02.10.2021 21:00;02.10.2021 22:00;60,3
02.10.2021 22:00;02.10.2021 23:00;39,15
02.10.2021 23:00;03.10.2021 00:00;14,08
03.10.2021 00:00;03.10.2021 01:00;0,01
03.10.2021 01:00;03.10.2021 02:00;-0,03
03.10.2021 02:00;03.10.2021 03:00;-1,02
03.10.2021 03:00;03.10.2021 04:00;-1,91
03.10.2021 04:00;03.10.2021 05:00;-2,02
03.10.2021 05:00;03.10.2021 06:00;-1,03
03.10.2021 06:00;03.10.2021 07:00;-0,06
03.10.2021 07:00;03.10.2021 08:00;-0,09
03.10.2021 08:00;03.10.2021 09:00;0,1
03.10.2021 09:00;03.10.2021 10:00;2,94
03.10.2021 10:00;03.10.2021 11:00;2,33
03.10.2021 11:00;03.10.2021 12:00;12,97
03.10.2021 12:00;03.10.2021 13:00;8,04
03.10.2021 13:00;03.10.2021 14:00;4,67
03.10.2021 14:00;03.10.2021 15:00;10,02
03.10.2021 15:00;03.10.2021 16:00;40,03
03.10.2021 16:00;03.10.2021 17:00;55,17
03.10.2021 17:00;03.10.2021 18:00;108,55
03.10.2021 18:00;03.10.2021 19:00;127,59
03.10.2021 19:00;03.10.2021 20:00;153,84
03.10.2021 20:00;03.10.2021 21:00;136,42
03.10.2021 21:00;03.10.2021 22:00;120,08
03.10.2021 22:00;03.10.2021 23:00;119,7
03.10.2021 23:00;04.10.2021 00:00;86,81
04.10.2021 00:00;04.10.2021 01:00;74,2
04.10.2021 01:00;04.10.2021 02:00;71,13
04.10.2021 02:00;04.10.2021 03:00;70,45
04.10.2021 03:00;04.10.2021 04:00;67,34
04.10.2021 04:00;04.10.2021 05:00;67,3
04.10.2021 05:00;04.10.2021 06:00;90,2
04.10.2021 06:00;04.10.2021 07:00;180,48
04.10.2021 07:00;04.10.2021 08:00;217,1
04.10.2021 08:00;04.10.2021 09:00;221,99
04.10.2021 09:00;04.10.2021 10:00;213,6
04.10.2021 10:00;04.10.2021 11:00;199,17
04.10.2021 11:00;04.10.2021 12:00;193,65
04.10.2021 12:00;04.10.2021 13:00;169,42
04.10.2021 13:00;04.10.2021 14:00;163,93
04.10.2021 14:00;04.10.2021 15:00;150,35
04.10.2021 15:00;04.10.2021 16:00;154,98
04.10.2021 16:00;04.10.2021 17:00;180,0
04.10.2021 17:00;04.10.2021 18:00;197,06
04.10.2021 18:00;04.10.2021 19:00;212,58
04.10.2021 19:00;04.10.2021 20:00;230,0
04.10.2021 20:00;04.10.2021 21:00;207,2
04.10.2021 21:00;04.10.2021 22:00;170,6
04.10.2021 22:00;04.10.2021 23:00;159,07
04.10.2021 23:00;05.10.2021 00:00;133,1
05.10.2021 00:00;05.10.2021 01:00;121,65
05.10.2021 01:00;05.10.2021 02:00;112,4
05.10.2021 02:00;05.10.2021 03:00;100,38
05.10.2021 03:00;05.10.2021 04:00;94,58
05.10.2021 04:00;05.10.2021 05:00;94,91
05.10.2021 05:00;05.10.2021 06:00;110,96
05.10.2021 06:00;05.10.2021 07:00;168,12
05.10.2021 07:00;05.10.2021 08:00;217,61
05.10.2021 08:00;05.10.2021 09:00;229,05
05.10.2021 09:00;05.10.2021 10:00;217,54
05.10.2021 10:00;05.10.2021 11:00;204,04
05.10.2021 11:00;05.10.2021 12:00;194,92
05.10.2021 12:00;05.10.2021 13:00;180,71
05.10.2021 13:00;05.10.2021 14:00;162,18
05.10.2021 14:00;05.10.2021 15:00;155,0
05.10.2021 15:00;05.10.2021 16:00;155,31
05.10.2021 16:00;05.10.2021 17:00;159,55
05.10.2021 17:00;05.10.2021 18:00;182,9
05.10.2021 18:00;05.10.2021 19:00;206,98
05.10.2021 19:00;05.10.2021 20:00;217,54
05.10.2021 20:00;05.10.2021 21:00;185,92
05.10.2021 21:00;05.10.2021 22:00;141,03
05.10.2021 22:00;05.10.2021 23:00;120,18
05.10.2021 23:00;06.10.2021 00:00;100,03
06.10.2021 00:00;06.10.2021 01:00;80,99
06.10.2021 01:00;06.10.2021 02:00;74,98
06.10.2021 02:00;06.10.2021 03:00;70,66
06.10.2021 03:00;06.10.2021 04:00;60,41
06.10.2021 04:00;06.10.2021 05:00;60,48
06.10.2021 05:00;06.10.2021 06:00;77,19
06.10.2021 06:00;06.10.2021 07:00;148,9
06.10.2021 07:00;06.10.2021 08:00;220,0
06.10.2021 08:00;06.10.2021 09:00;248,03
06.10.2021 09:00;06.10.2021 10:00;240,12
06.10.2021 10:00;06.10.2021 11:00;212,02
06.10.2021 11:00;06.10.2021 12:00;205,5
06.10.2021 12:00;06.10.2021 13:00;200,0
06.10.2021 13:00;06.10.2021 14:00;193,43
06.10.2021 14:00;06.10.2021 15:00;194,2
06.10.2021 15:00;06.10.2021 16:00;195,63
06.10.2021 16:00;06.10.2021 17:00;213,91
06.10.2021 17:00;06.10.2021 18:00;248,06
06.10.2021 18:00;06.10.2021 19:00;252,62
06.10.2021 19:00;06.10.2021 20:00;290,97
06.10.2021 20:00;06.10.2021 21:00;260,0
06.10.2021 21:00;06.10.2021 22:00;244,98
06.10.2021 22:00;06.10.2021 23:00;220,19
06.10.2021 23:00;07.10.2021 00:00;205,7
07.10.2021 00:00;07.10.2021 01:00;261,0
07.10.2021 01:00;07.10.2021 02:00;252,86
07.10.2021 02:00;07.10.2021 03:00;250,0
07.10.2021 03:00;07.10.2021 04:00;236,86
07.10.2021 04:00;07.10.2021 05:00;241,88
07.10.2021 05:00;07.10.2021 06:00;264,31
07.10.2021 06:00;07.10.2021 07:00;310,05
07.10.2021 07:00;07.10.2021 08:00;356,09
07.10.2021 08:00;07.10.2021 09:00;393,1
07.10.2021 09:00;07.10.2021 10:00;352,55
07.10.2021 10:00;07.10.2021 11:00;300,0
07.10.2021 11:00;07.10.2021 12:00;299,92
07.10.2021 12:00;07.10.2021 13:00;296,41
07.10.2021 13:00;07.10.2021 14:00;287,0
07.10.2021 14:00;07.10.2021 15:00;280,02
07.10.2021 15:00;07.10.2021 16:00;280,0
07.10.2021 16:00;07.10.2021 17:00;298,94
07.10.2021 17:00;07.10.2021 18:00;317,58
07.10.2021 18:00;07.10.2021 19:00;350,52
07.10.2021 19:00;07.10.2021 20:00;442,9
07.10.2021 20:00;07.10.2021 21:00;319,03
07.10.2021 21:00;07.10.2021 22:00;300,0
07.10.2021 22:00;07.10.2021 23:00;298,91
07.10.2021 23:00;08.10.2021 00:00;270,7
08.10.2021 00:00;08.10.2021 01:00;176,61
08.10.2021 01:00;08.10.2021 02:00;167,36
08.10.2021 02:00;08.10.2021 03:00;164,35
08.10.2021 03:00;08.10.2021 04:00;160,08
08.10.2021 04:00;08.10.2021 05:00;162,74
08.10.2021 05:00;08.10.2021 06:00;174,12
08.10.2021 06:00;08.10.2021 07:00;233,46
08.10.2021 07:00;08.10.2021 08:00;269,4
08.10.2021 08:00;08.10.2021 09:00;291,42
08.10.2021 09:00;08.10.2021 10:00;260,0
08.10.2021 10:00;08.10.2021 11:00;230,24
08.10.2021 11:00;08.10.2021 12:00;211,32
08.10.2021 12:00;08.10.2021 13:00;192,6
08.10.2021 13:00;08.10.2021 14:00;169,6
08.10.2021 14:00;08.10.2021 15:00;160,5
08.10.2021 15:00;08.10.2021 16:00;164,72
08.10.2021 16:00;08.10.2021 17:00;192,3
08.10.2021 17:00;08.10.2021 18:00;229,02
08.10.2021 18:00;08.10.2021 19:00;252,81
08.10.2021 19:00;08.10.2021 20:00;269,7
08.10.2021 20:00;08.10.2021 21:00;235,67
08.10.2021 21:00;08.10.2021 22:00;194,21
08.10.2021 22:00;08.10.2021 23:00;181,2
08.10.2021 23:00;09.10.2021 00:00;150,0
09.10.2021 00:00;09.10.2021 01:00;138,18
09.10.2021 01:00;09.10.2021 02:00;120,28
09.10.2021 02:00;09.10.2021 03:00;122,12
09.10.2021 03:00;09.10.2021 04:00;135,11
09.10.2021 04:00;09.10.2021 05:00;140,0
09.10.2021 05:00;09.10.2021 06:00;137,33
09.10.2021 06:00;09.10.2021 07:00;137,15
09.10.2021 07:00;09.10.2021 08:00;167,91
09.10.2021 08:00;09.10.2021 09:00;183,27
09.10.2021 09:00;09.10.2021 10:00;160,44
09.10.2021 10:00;09.10.2021 11:00;124,0
09.10.2021 11:00;09.10.2021 12:00;100,81
09.10.2021 12:00;09.10.2021 13:00;78,7
09.10.2021 13:00;09.10.2021 14:00;70,44
09.10.2021 14:00;09.10.2021 15:00;70,5
09.10.2021 15:00;09.10.2021 16:00;93,82
09.10.2021 16:00;09.10.2021 17:00;137,52
09.10.2021 17:00;09.10.2021 18:00;200,0
09.10.2021 18:00;09.10.2021 19:00;229,2
09.10.2021 19:00;09.10.2021 20:00;239,22
09.10.2021 20:00;09.10.2021 21:00;183,22
09.10.2021 21:00;09.10.2021 22:00;138,86
09.10.2021 22:00;09.10.2021 23:00;129,71
09.10.2021 23:00;10.10.2021 00:00;110,01
10.10.2021 00:00;10.10.2021 01:00;135,35
10.10.2021 01:00;10.10.2021 02:00;132,2
10.10.2021 02:00;10.10.2021 03:00;122,11
10.10.2021 03:00;10.10.2021 04:00;119,41
10.10.2021 04:00;10.10.2021 05:00;118,88
10.10.2021 05:00;10.10.2021 06:00;120,88
10.10.2021 06:00;10.10.2021 07:00;140,5
10.10.2021 07:00;10.10.2021 08:00;163,99
10.10.2021 08:00;10.10.2021 09:00;169,11
10.10.2021 09:00;10.10.2021 10:00;151,68
10.10.2021 10:00;10.10.2021 11:00;127,69
10.10.2021 11:00;10.10.2021 12:00;119,52
10.10.2021 12:00;10.10.2021 13:00;96,07
10.10.2021 13:00;10.10.2021 14:00;86,3
10.10.2021 14:00;10.10.2021 15:00;69,22
10.10.2021 15:00;10.10.2021 16:00;89,82
10.10.2021 16:00;10.10.2021 17:00;123,85
10.10.2021 17:00;10.10.2021 18:00;165,29
10.10.2021 18:00;10.10.2021 19:00;216,06
10.10.2021 19:00;10.10.2021 20:00;240,57
10.10.2021 20:00;10.10.2021 21:00;221,7
10.10.2021 21:00;10.10.2021 22:00;195,0
10.10.2021 22:00;10.10.2021 23:00;179,72
10.10.2021 23:00;11.10.2021 00:00;159,16
11.10.2021 00:00;11.10.2021 01:00;149,14
11.10.2021 01:00;11.10.2021 02:00;141,51
11.10.2021 02:00;11.10.2021 03:00;123,55
11.10.2021 03:00;11.10.2021 04:00;113,68
11.10.2021 04:00;11.10.2021 05:00;118,6
11.10.2021 05:00;11.10.2021 06:00;146,16
11.10.2021 06:00;11.10.2021 07:00;200,0
11.10.2021 07:00;11.10.2021 08:00;252,46
11.10.2021 08:00;11.10.2021 09:00;260,02
11.10.2021 09:00;11.10.2021 10:00;237,02
11.10.2021 10:00;11.10.2021 11:00;213,94
11.10.2021 11:00;11.10.2021 12:00;180,28
11.10.2021 12:00;11.10.2021 13:00;133,19
11.10.2021 13:00;11.10.2021 14:00;109,32
11.10.2021 14:00;11.10.2021 15:00;101,4
11.10.2021 15:00;11.10.2021 16:00;121,06
11.10.2021 16:00;11.10.2021 17:00;145,07
11.10.2021 17:00;11.10.2021 18:00;192,13
11.10.2021 18:00;11.10.2021 19:00;228,11
11.10.2021 19:00;11.10.2021 20:00;240,57
11.10.2021 20:00;11.10.2021 21:00;229,24
11.10.2021 21:00;11.10.2021 22:00;175,47
11.10.2021 22:00;11.10.2021 23:00;119,68
11.10.2021 23:00;12.10.2021 00:00;96,58
12.10.2021 00:00;12.10.2021 01:00;100,37
12.10.2021 01:00;12.10.2021 02:00;94,85
12.10.2021 02:00;12.10.2021 03:00;85,9
12.10.2021 03:00;12.10.2021 04:00;90,0
12.10.2021 04:00;12.10.2021 05:00;93,36
12.10.2021 05:00;12.10.2021 06:00;110,3
12.10.2021 06:00;12.10.2021 07:00;143,0
12.10.2021 07:00;12.10.2021 08:00;215,42
12.10.2021 08:00;12.10.2021 09:00;236,21
12.10.2021 09:00;12.10.2021 10:00;237,18
12.10.2021 10:00;12.10.2021 11:00;220,0
12.10.2021 11:00;12.10.2021 12:00;208,94
12.10.2021 12:00;12.10.2021 13:00;174,59
12.10.2021 13:00;12.10.2021 14:00;151,24
12.10.2021 14:00;12.10.2021 15:00;139,95
12.10.2021 15:00;12.10.2021 16:00;139,44
12.10.2021 16:00;12.10.2021 17:00;149,36
12.10.2021 17:00;12.10.2021 18:00;200,0
12.10.2021 18:00;12.10.2021 19:00;235,44
12.10.2021 19:00;12.10.2021 20:00;248,08
12.10.2021 20:00;12.10.2021 21:00;226,74
12.10.2021 21:00;12.10.2021 22:00;193,2
12.10.2021 22:00;12.10.2021 23:00;184,68
12.10.2021 23:00;13.10.2021 00:00;140,11
13.10.2021 00:00;13.10.2021 01:00;151,93
13.10.2021 01:00;13.10.2021 02:00;152,01
13.10.2021 02:00;13.10.2021 03:00;140,07
13.10.2021 03:00;13.10.2021 04:00;132,43
13.10.2021 04:00;13.10.2021 05:00;135,0
13.10.2021 05:00;13.10.2021 06:00;151,45
13.10.2021 06:00;13.10.2021 07:00;196,17
13.10.2021 07:00;13.10.2021 08:00;229,3
13.10.2021 08:00;13.10.2021 09:00;250,59
13.10.2021 09:00;13.10.2021 10:00;238,97
13.10.2021 10:00;13.10.2021 11:00;211,31
13.10.2021 11:00;13.10.2021 12:00;195,56
13.10.2021 12:00;13.10.2021 13:00;189,75
13.10.2021 13:00;13.10.2021 14:00;168,74
13.10.2021 14:00;13.10.2021 15:00;165,42
13.10.2021 15:00;13.10.2021 16:00;167,6
13.10.2021 16:00;13.10.2021 17:00;189,9
13.10.2021 17:00;13.10.2021 18:00;213,96
13.10.2021 18:00;13.10.2021 19:00;246,99
13.10.2021 19:00;13.10.2021 20:00;287,31
13.10.2021 20:00;13.10.2021 21:00;235,0
13.10.2021 21:00;13.10.2021 22:00;199,07
13.10.2021 22:00;13.10.2021 23:00;153,18
13.10.2021 23:00;14.10.2021 00:00;116,12
14.10.2021 00:00;14.10.2021 01:00;146,69
14.10.2021 01:00;14.10.2021 02:00;131,83
14.10.2021 02:00;14.10.2021 03:00;132,46
14.10.2021 03:00;14.10.2021 04:00;110,0
14.10.2021 04:00;14.10.2021 05:00;116,61
14.10.2021 05:00;14.10.2021 06:00;140,99
14.10.2021 06:00;14.10.2021 07:00;209,0
14.10.2021 07:00;14.10.2021 08:00;235,05
14.10.2021 08:00;14.10.2021 09:00;260,0
14.10.2021 09:00;14.10.2021 10:00;245,0
14.10.2021 10:00;14.10.2021 11:00;222,55
14.10.2021 11:00;14.10.2021 12:00;198,3
14.10.2021 12:00;14.10.2021 13:00;189,93
14.10.2021 13:00;14.10.2021 14:00;164,0
14.10.2021 14:00;14.10.2021 15:00;144,55
14.10.2021 15:00;14.10.2021 16:00;144,27
14.10.2021 16:00;14.10.2021 17:00;151,92
14.10.2021 17:00;14.10.2021 18:00;199,13
14.10.2021 18:00;14.10.2021 19:00;221,73
14.10.2021 19:00;14.10.2021 20:00;219,73
14.10.2021 20:00;14.10.2021 21:00;149,8
14.10.2021 21:00;14.10.2021 22:00;116,63
14.10.2021 22:00;14.10.2021 23:00;107,43
14.10.2021 23:00;15.10.2021 00:00;69,82
15.10.2021 00:00;15.10.2021 01:00;67,22
15.10.2021 01:00;15.10.2021 02:00;56,55
15.10.2021 02:00;15.10.2021 03:00;49,42
15.10.2021 03:00;15.10.2021 04:00;48,93
15.10.2021 04:00;15.10.2021 05:00;56,51
15.10.2021 05:00;15.10.2021 06:00;67,21
15.10.2021 06:00;15.10.2021 07:00;98,2
15.10.2021 07:00;15.10.2021 08:00;165,01
15.10.2021 08:00;15.10.2021 09:00;156,02
15.10.2021 09:00;15.10.2021 10:00;105,11
15.10.2021 10:00;15.10.2021 11:00;84,06
15.10.2021 11:00;15.10.2021 12:00;72,19
15.10.2021 12:00;15.10.2021 13:00;67,97
15.10.2021 13:00;15.10.2021 14:00;56,49
15.10.2021 14:00;15.10.2021 15:00;62,63
15.10.2021 15:00;15.10.2021 16:00;81,57
15.10.2021 16:00;15.10.2021 17:00;123,6
15.10.2021 17:00;15.10.2021 18:00;195,66
15.10.2021 18:00;15.10.2021 19:00;239,93
15.10.2021 19:00;15.10.2021 20:00;249,22
15.10.2021 20:00;15.10.2021 21:00;208,64
15.10.2021 21:00;15.10.2021 22:00;198,52
15.10.2021 22:00;15.10.2021 23:00;171,43
15.10.2021 23:00;16.10.2021 00:00;117,55
16.10.2021 00:00;16.10.2021 01:00;127,04
16.10.2021 01:00;16.10.2021 02:00;126,22
16.10.2021 02:00;16.10.2021 03:00;138,16
16.10.2021 03:00;16.10.2021 04:00;135,75
16.10.2021 04:00;16.10.2021 05:00;139,02
16.10.2021 05:00;16.10.2021 06:00;140,3
16.10.2021 06:00;16.10.2021 07:00;134,67
16.10.2021 07:00;16.10.2021 08:00;182,43
16.10.2021 08:00;16.10.2021 09:00;189,91
16.10.2021 09:00;16.10.2021 10:00;184,18
16.10.2021 10:00;16.10.2021 11:00;194,95
16.10.2021 11:00;16.10.2021 12:00;120,01
16.10.2021 12:00;16.10.2021 13:00;102,83
16.10.2021 13:00;16.10.2021 14:00;88,63
16.10.2021 14:00;16.10.2021 15:00;83,92
16.10.2021 15:00;16.10.2021 16:00;96,84
16.10.2021 16:00;16.10.2021 17:00;135,79
16.10.2021 17:00;16.10.2021 18:00;202,52
16.10.2021 18:00;16.10.2021 19:00;235,09
16.10.2021 19:00;16.10.2021 20:00;253,06
16.10.2021 20:00;16.10.2021 21:00;231,94
16.10.2021 21:00;16.10.2021 22:00;200,34
16.10.2021 22:00;16.10.2021 23:00;187,94
16.10.2021 23:00;17.10.2021 00:00;131,1
17.10.2021 00:00;17.10.2021 01:00;106,89
17.10.2021 01:00;17.10.2021 02:00;107,67
17.10.2021 02:00;17.10.2021 03:00;103,73
17.10.2021 03:00;17.10.2021 04:00;108,09
17.10.2021 04:00;17.10.2021 05:00;110,42
17.10.2021 05:00;17.10.2021 06:00;116,68
17.10.2021 06:00;17.10.2021 07:00;112,13
17.10.2021 07:00;17.10.2021 08:00;118,08
17.10.2021 08:00;17.10.2021 09:00;170,87
17.10.2021 09:00;17.10.2021 10:00;178,1
17.10.2021 10:00;17.10.2021 11:00;166,76
17.10.2021 11:00;17.10.2021 12:00;134,92
17.10.2021 12:00;17.10.2021 13:00;123,17
17.10.2021 13:00;17.10.2021 14:00;106,57
17.10.2021 14:00;17.10.2021 15:00;101,39
17.10.2021 15:00;17.10.2021 16:00;112,8
17.10.2021 16:00;17.10.2021 17:00;123,85
17.10.2021 17:00;17.10.2021 18:00;182,5
17.10.2021 18:00;17.10.2021 19:00;216,0
17.10.2021 19:00;17.10.2021 20:00;238,29
17.10.2021 20:00;17.10.2021 21:00;206,09
17.10.2021 21:00;17.10.2021 22:00;158,36
17.10.2021 22:00;17.10.2021 23:00;175,5
17.10.2021 23:00;18.10.2021 00:00;132,88
18.10.2021 00:00;18.10.2021 01:00;114,35
18.10.2021 01:00;18.10.2021 02:00;118,04
18.10.2021 02:00;18.10.2021 03:00;108,79
18.10.2021 03:00;18.10.2021 04:00;109,84
18.10.2021 04:00;18.10.2021 05:00;118,0
18.10.2021 05:00;18.10.2021 06:00;156,82
18.10.2021 06:00;18.10.2021 07:00;216,6
18.10.2021 07:00;18.10.2021 08:00;258,13
18.10.2021 08:00;18.10.2021 09:00;268,32
18.10.2021 09:00;18.10.2021 10:00;250,5
18.10.2021 10:00;18.10.2021 11:00;216,0
18.10.2021 11:00;18.10.2021 12:00;199,27
18.10.2021 12:00;18.10.2021 13:00;180,0
18.10.2021 13:00;18.10.2021 14:00;166,79
18.10.2021 14:00;18.10.2021 15:00;173,74
18.10.2021 15:00;18.10.2021 16:00;190,98
18.10.2021 16:00;18.10.2021 17:00;208,7
18.10.2021 17:00;18.10.2021 18:00;229,97
18.10.2021 18:00;18.10.2021 19:00;252,97
18.10.2021 19:00;18.10.2021 20:00;262,12
18.10.2021 20:00;18.10.2021 21:00;214,0
18.10.2021 21:00;18.10.2021 22:00;206,0
18.10.2021 22:00;18.10.2021 23:00;181,42
18.10.2021 23:00;19.10.2021 00:00;151,97
19.10.2021 00:00;19.10.2021 01:00;113,47
19.10.2021 01:00;19.10.2021 02:00;106,28
19.10.2021 02:00;19.10.2021 03:00;102,05
19.10.2021 03:00;19.10.2021 04:00;92,12
19.10.2021 04:00;19.10.2021 05:00;97,17
19.10.2021 05:00;19.10.2021 06:00;114,97
19.10.2021 06:00;19.10.2021 07:00;165,1
19.10.2021 07:00;19.10.2021 08:00;215,9
19.10.2021 08:00;19.10.2021 09:00;235,68
19.10.2021 09:00;19.10.2021 10:00;224,7
19.10.2021 10:00;19.10.2021 11:00;214,55
19.10.2021 11:00;19.10.2021 12:00;199,42
19.10.2021 12:00;19.10.2021 13:00;199,64
19.10.2021 13:00;19.10.2021 14:00;188,69
19.10.2021 14:00;19.10.2021 15:00;182,0
19.10.2021 15:00;19.10.2021 16:00;171,6
19.10.2021 16:00;19.10.2021 17:00;172,09
19.10.2021 17:00;19.10.2021 18:00;183,27
19.10.2021 18:00;19.10.2021 19:00;184,8
19.10.2021 19:00;19.10.2021 20:00;166,13
19.10.2021 20:00;19.10.2021 21:00;137,92
19.10.2021 21:00;19.10.2021 22:00;94,98
19.10.2021 22:00;19.10.2021 23:00;69,37
19.10.2021 23:00;20.10.2021 00:00;51,02
20.10.2021 00:00;20.10.2021 01:00;14,39
20.10.2021 01:00;20.10.2021 02:00;5,65
20.10.2021 02:00;20.10.2021 03:00;4,12
20.10.2021 03:00;20.10.2021 04:00;0,09
20.10.2021 04:00;20.10.2021 05:00;0,15
20.10.2021 05:00;20.10.2021 06:00;14,07
20.10.2021 06:00;20.10.2021 07:00;62,95
20.10.2021 07:00;20.10.2021 08:00;132,17
20.10.2021 08:00;20.10.2021 09:00;130,53
20.10.2021 09:00;20.10.2021 10:00;98,43
20.10.2021 10:00;20.10.2021 11:00;61,32
20.10.2021 11:00;20.10.2021 12:00;56,08
20.10.2021 12:00;20.10.2021 13:00;48,09
20.10.2021 13:00;20.10.2021 14:00;44,06
20.10.2021 14:00;20.10.2021 15:00;52,21
20.10.2021 15:00;20.10.2021 16:00;56,76
20.10.2021 16:00;20.10.2021 17:00;61,32
20.10.2021 17:00;20.10.2021 18:00;89,99
20.10.2021 18:00;20.10.2021 19:00;113,51
20.10.2021 19:00;20.10.2021 20:00;118,44
20.10.2021 20:00;20.10.2021 21:00;87,89
20.10.2021 21:00;20.10.2021 22:00;73,87
20.10.2021 22:00;20.10.2021 23:00;64,27
20.10.2021 23:00;21.10.2021 00:00;52,29
21.10.2021 00:00;21.10.2021 01:00;30,04
21.10.2021 01:00;21.10.2021 02:00;30,17
21.10.2021 02:00;21.10.2021 03:00;18,97
21.10.2021 03:00;21.10.2021 04:00;18,8
21.10.2021 04:00;21.10.2021 05:00;29,14
21.10.2021 05:00;21.10.2021 06:00;47,74
21.10.2021 06:00;21.10.2021 07:00;77,1
21.10.2021 07:00;21.10.2021 08:00;104,74
21.10.2021 08:00;21.10.2021 09:00;108,08
21.10.2021 09:00;21.10.2021 10:00;103,42
21.10.2021 10:00;21.10.2021 11:00;89,66
21.10.2021 11:00;21.10.2021 12:00;77,05
21.10.2021 12:00;21.10.2021 13:00;52,28
21.10.2021 13:00;21.10.2021 14:00;30,0
21.10.2021 14:00;21.10.2021 15:00;18,9
21.10.2021 15:00;21.10.2021 16:00;30,02
21.10.2021 16:00;21.10.2021 17:00;49,04
21.10.2021 17:00;21.10.2021 18:00;64,91
21.10.2021 18:00;21.10.2021 19:00;100,37
21.10.2021 19:00;21.10.2021 20:00;118,21
21.10.2021 20:00;21.10.2021 21:00;88,08
21.10.2021 21:00;21.10.2021 22:00;70,08
21.10.2021 22:00;21.10.2021 23:00;65,17
21.10.2021 23:00;22.10.2021 00:00;54,11
22.10.2021 00:00;22.10.2021 01:00;63,42
22.10.2021 01:00;22.10.2021 02:00;60,45
22.10.2021 02:00;22.10.2021 03:00;55,11
22.10.2021 03:00;22.10.2021 04:00;52,64
22.10.2021 04:00;22.10.2021 05:00;61,58
22.10.2021 05:00;22.10.2021 06:00;73,05
22.10.2021 06:00;22.10.2021 07:00;91,98
22.10.2021 07:00;22.10.2021 08:00;119,28
22.10.2021 08:00;22.10.2021 09:00;121,06
22.10.2021 09:00;22.10.2021 10:00;91,58
22.10.2021 10:00;22.10.2021 11:00;68,56
22.10.2021 11:00;22.10.2021 12:00;55,24
22.10.2021 12:00;22.10.2021 13:00;44,06
22.10.2021 13:00;22.10.2021 14:00;24,46
22.10.2021 14:00;22.10.2021 15:00;23,22
22.10.2021 15:00;22.10.2021 16:00;30,08
22.10.2021 16:00;22.10.2021 17:00;55,28
22.10.2021 17:00;22.10.2021 18:00;82,66
22.10.2021 18:00;22.10.2021 19:00;110,0
22.10.2021 19:00;22.10.2021 20:00;119,91
22.10.2021 20:00;22.10.2021 21:00;98,93
22.10.2021 21:00;22.10.2021 22:00;78,67
22.10.2021 22:00;22.10.2021 23:00;80,7
22.10.2021 23:00;23.10.2021 00:00;63,06
23.10.2021 00:00;23.10.2021 01:00;73,0
23.10.2021 01:00;23.10.2021 02:00;69,17
23.10.2021 02:00;23.10.2021 03:00;67,66
23.10.2021 03:00;23.10.2021 04:00;73,63
23.10.2021 04:00;23.10.2021 05:00;68,66
23.10.2021 05:00;23.10.2021 06:00;72,48
23.10.2021 06:00;23.10.2021 07:00;66,04
23.10.2021 07:00;23.10.2021 08:00;105,1
23.10.2021 08:00;23.10.2021 09:00;137,33
23.10.2021 09:00;23.10.2021 10:00;141,0
23.10.2021 10:00;23.10.2021 11:00;149,99
23.10.2021 11:00;23.10.2021 12:00;138,16
23.10.2021 12:00;23.10.2021 13:00;118,76
23.10.2021 13:00;23.10.2021 14:00;105,52
23.10.2021 14:00;23.10.2021 15:00;125,1
23.10.2021 15:00;23.10.2021 16:00;160,07
23.10.2021 16:00;23.10.2021 17:00;180,35
23.10.2021 17:00;23.10.2021 18:00;210,99
23.10.2021 18:00;23.10.2021 19:00;238,22
23.10.2021 19:00;23.10.2021 20:00;256,47
23.10.2021 20:00;23.10.2021 21:00;223,06
23.10.2021 21:00;23.10.2021 22:00;210,0
23.10.2021 22:00;23.10.2021 23:00;192,06
23.10.2021 23:00;24.10.2021 00:00;162,23
24.10.2021 00:00;24.10.2021 01:00;137,46
24.10.2021 01:00;24.10.2021 02:00;109,43
24.10.2021 02:00;24.10.2021 03:00;105,0
24.10.2021 03:00;24.10.2021 04:00;114,59
24.10.2021 04:00;24.10.2021 05:00;93,28
24.10.2021 05:00;24.10.2021 06:00;105,0
24.10.2021 06:00;24.10.2021 07:00;83,86
24.10.2021 07:00;24.10.2021 08:00;93,75
24.10.2021 08:00;24.10.2021 09:00;119,31
24.10.2021 09:00;24.10.2021 10:00;83,45
24.10.2021 10:00;24.10.2021 11:00;82,9
24.10.2021 11:00;24.10.2021 12:00;87,84
24.10.2021 12:00;24.10.2021 13:00;73,17
24.10.2021 13:00;24.10.2021 14:00;61,82
24.10.2021 14:00;24.10.2021 15:00;60,01
24.10.2021 15:00;24.10.2021 16:00;77,05
24.10.2021 16:00;24.10.2021 17:00;100,21
24.10.2021 17:00;24.10.2021 18:00;138,06
24.10.2021 18:00;24.10.2021 19:00;191,19
24.10.2021 19:00;24.10.2021 20:00;135,83
24.10.2021 20:00;24.10.2021 21:00;99,29
24.10.2021 21:00;24.10.2021 22:00;75,06
24.10.2021 22:00;24.10.2021 23:00;79,28
24.10.2021 23:00;25.10.2021 00:00;79,03
25.10.2021 00:00;25.10.2021 01:00;84,37
25.10.2021 01:00;25.10.2021 02:00;81,55
25.10.2021 02:00;25.10.2021 03:00;86,22
25.10.2021 03:00;25.10.2021 04:00;84,39
25.10.2021 04:00;25.10.2021 05:00;88,7
25.10.2021 05:00;25.10.2021 06:00;111,82
25.10.2021 06:00;25.10.2021 07:00;205,04
25.10.2021 07:00;25.10.2021 08:00;215,77
25.10.2021 08:00;25.10.2021 09:00;242,41
25.10.2021 09:00;25.10.2021 10:00;219,24
25.10.2021 10:00;25.10.2021 11:00;176,08
25.10.2021 11:00;25.10.2021 12:00;151,95
25.10.2021 12:00;25.10.2021 13:00;153,05
25.10.2021 13:00;25.10.2021 14:00;169,59
25.10.2021 14:00;25.10.2021 15:00;174,02
25.10.2021 15:00;25.10.2021 16:00;200,91
25.10.2021 16:00;25.10.2021 17:00;216,97
25.10.2021 17:00;25.10.2021 18:00;235,0
25.10.2021 18:00;25.10.2021 19:00;255,1
25.10.2021 19:00;25.10.2021 20:00;262,0
25.10.2021 20:00;25.10.2021 21:00;214,96
25.10.2021 21:00;25.10.2021 22:00;198,0
25.10.2021 22:00;25.10.2021 23:00;182,06
25.10.2021 23:00;26.10.2021 00:00;158,39
26.10.2021 00:00;26.10.2021 01:00;115,66
26.10.2021 01:00;26.10.2021 02:00;135,57
26.10.2021 02:00;26.10.2021 03:00;124,36
26.10.2021 03:00;26.10.2021 04:00;114,92
26.10.2021 04:00;26.10.2021 05:00;122,06
26.10.2021 05:00;26.10.2021 06:00;155,1
26.10.2021 06:00;26.10.2021 07:00;214,5
26.10.2021 07:00;26.10.2021 08:00;235,71
26.10.2021 08:00;26.10.2021 09:00;245,91
26.10.2021 09:00;26.10.2021 10:00;235,06
26.10.2021 10:00;26.10.2021 11:00;219,9
26.10.2021 11:00;26.10.2021 12:00;212,22
26.10.2021 12:00;26.10.2021 13:00;197,03
26.10.2021 13:00;26.10.2021 14:00;185,44
26.10.2021 14:00;26.10.2021 15:00;165,01
26.10.2021 15:00;26.10.2021 16:00;177,44
26.10.2021 16:00;26.10.2021 17:00;190,2
26.10.2021 17:00;26.10.2021 18:00;223,47
26.10.2021 18:00;26.10.2021 19:00;243,0
26.10.2021 19:00;26.10.2021 20:00;223,47
26.10.2021 20:00;26.10.2021 21:00;197,03
26.10.2021 21:00;26.10.2021 22:00;138,28
26.10.2021 22:00;26.10.2021 23:00;116,75
26.10.2021 23:00;27.10.2021 00:00;84,27
27.10.2021 00:00;27.10.2021 01:00;91,33
27.10.2021 01:00;27.10.2021 02:00;85,4
27.10.2021 02:00;27.10.2021 03:00;69,92
27.10.2021 03:00;27.10.2021 04:00;66,8
27.10.2021 04:00;27.10.2021 05:00;85,36
27.10.2021 05:00;27.10.2021 06:00;93,24
27.10.2021 06:00;27.10.2021 07:00;124,78
27.10.2021 07:00;27.10.2021 08:00;197,01
27.10.2021 08:00;27.10.2021 09:00;220,0
27.10.2021 09:00;27.10.2021 10:00;200,0
27.10.2021 10:00;27.10.2021 11:00;180,0
27.10.2021 11:00;27.10.2021 12:00;141,01
27.10.2021 12:00;27.10.2021 13:00;119,31
27.10.2021 13:00;27.10.2021 14:00;100,0
27.10.2021 14:00;27.10.2021 15:00;100,03
27.10.2021 15:00;27.10.2021 16:00;126,01
27.10.2021 16:00;27.10.2021 17:00;148,99
27.10.2021 17:00;27.10.2021 18:00;207,56
27.10.2021 18:00;27.10.2021 19:00;235,27
27.10.2021 19:00;27.10.2021 20:00;228,55
27.10.2021 20:00;27.10.2021 21:00;198,95
27.10.2021 21:00;27.10.2021 22:00;162,0
27.10.2021 22:00;27.10.2021 23:00;148,81
27.10.2021 23:00;28.10.2021 00:00;121,75
28.10.2021 00:00;28.10.2021 01:00;133,02
28.10.2021 01:00;28.10.2021 02:00;125,53
28.10.2021 02:00;28.10.2021 03:00;118,96
28.10.2021 03:00;28.10.2021 04:00;122,02
28.10.2021 04:00;28.10.2021 05:00;131,7
28.10.2021 05:00;28.10.2021 06:00;141,02
28.10.2021 06:00;28.10.2021 07:00;180,0
28.10.2021 07:00;28.10.2021 08:00;225,02
28.10.2021 08:00;28.10.2021 09:00;250,34
28.10.2021 09:00;28.10.2021 10:00;203,98
28.10.2021 10:00;28.10.2021 11:00;171,4
28.10.2021 11:00;28.10.2021 12:00;142,77
28.10.2021 12:00;28.10.2021 13:00;128,01
28.10.2021 13:00;28.10.2021 14:00;112,0
28.10.2021 14:00;28.10.2021 15:00;113,01
28.10.2021 15:00;28.10.2021 16:00;140,0
28.10.2021 16:00;28.10.2021 17:00;173,05
28.10.2021 17:00;28.10.2021 18:00;198,93
28.10.2021 18:00;28.10.2021 19:00;220,69
28.10.2021 19:00;28.10.2021 20:00;198,67
28.10.2021 20:00;28.10.2021 21:00;151,86
28.10.2021 21:00;28.10.2021 22:00;100,19
28.10.2021 22:00;28.10.2021 23:00;103,69
28.10.2021 23:00;29.10.2021 00:00;99,09
29.10.2021 00:00;29.10.2021 01:00;94,98
29.10.2021 01:00;29.10.2021 02:00;83,99
29.10.2021 02:00;29.10.2021 03:00;78,35
29.10.2021 03:00;29.10.2021 04:00;69,41
29.10.2021 04:00;29.10.2021 05:00;75,29
29.10.2021 05:00;29.10.2021 06:00;89,61
29.10.2021 06:00;29.10.2021 07:00;132,65
29.10.2021 07:00;29.10.2021 08:00;174,4
29.10.2021 08:00;29.10.2021 09:00;199,36
29.10.2021 09:00;29.10.2021 10:00;148,42
29.10.2021 10:00;29.10.2021 11:00;106,16
29.10.2021 11:00;29.10.2021 12:00;97,1
29.10.2021 12:00;29.10.2021 13:00;91,29
29.10.2021 13:00;29.10.2021 14:00;85,51
29.10.2021 14:00;29.10.2021 15:00;90,34
29.10.2021 15:00;29.10.2021 16:00;101,05
29.10.2021 16:00;29.10.2021 17:00;137,9
29.10.2021 17:00;29.10.2021 18:00;187,96
29.10.2021 18:00;29.10.2021 19:00;170,07
29.10.2021 19:00;29.10.2021 20:00;152,33
29.10.2021 20:00;29.10.2021 21:00;106,18
29.10.2021 21:00;29.10.2021 22:00;88,89
29.10.2021 22:00;29.10.2021 23:00;84,61
29.10.2021 23:00;30.10.2021 00:00;65,51
30.10.2021 00:00;30.10.2021 01:00;75,05
30.10.2021 01:00;30.10.2021 02:00;72,22
30.10.2021 02:00;30.10.2021 03:00;75,47
30.10.2021 03:00;30.10.2021 04:00;70,0
30.10.2021 04:00;30.10.2021 05:00;67,03
30.10.2021 05:00;30.10.2021 06:00;69,43
30.10.2021 06:00;30.10.2021 07:00;81,3
30.10.2021 07:00;30.10.2021 08:00;92,31
30.10.2021 08:00;30.10.2021 09:00;117,65
30.10.2021 09:00;30.10.2021 10:00;116,89
30.10.2021 10:00;30.10.2021 11:00;109,03
30.10.2021 11:00;30.10.2021 12:00;101,31
30.10.2021 12:00;30.10.2021 13:00;81,07
30.10.2021 13:00;30.10.2021 14:00;78,56
30.10.2021 14:00;30.10.2021 15:00;71,58
30.10.2021 15:00;30.10.2021 16:00;71,59
30.10.2021 16:00;30.10.2021 17:00;80,0
30.10.2021 17:00;30.10.2021 18:00;86,98
30.10.2021 18:00;30.10.2021 19:00;114,67
30.10.2021 19:00;30.10.2021 20:00;107,83
30.10.2021 20:00;30.10.2021 21:00;88,24
30.10.2021 21:00;30.10.2021 22:00;67,36
30.10.2021 22:00;30.10.2021 23:00;66,93
30.10.2021 23:00;31.10.2021 00:00;57,18
31.10.2021 00:00;31.10.2021 01:00;56,14
31.10.2021 01:00;31.10.2021 02:00;60,87
31.10.2021 02:00;31.10.2021 03:00;69,03
31.10.2021 03:00;31.10.2021 04:00;57,11
31.10.2021 04:00;31.10.2021 05:00;58,65
31.10.2021 05:00;31.10.2021 06:00;56,0
31.10.2021 06:00;31.10.2021 07:00;54,73
31.10.2021 07:00;31.10.2021 08:00;60,24
31.10.2021 08:00;31.10.2021 09:00;61,09
31.10.2021 09:00;31.10.2021 10:00;71,71
31.10.2021 10:00;31.10.2021 11:00;64,99
31.10.2021 11:00;31.10.2021 12:00;64,91
31.10.2021 12:00;31.10.2021 13:00;61,66
31.10.2021 13:00;31.10.2021 14:00;56,12
31.10.2021 14:00;31.10.2021 15:00;56,15
31.10.2021 15:00;31.10.2021 16:00;63,1
31.10.2021 16:00;31.10.2021 17:00;69,92
31.10.2021 17:00;31.10.2021 18:00;79,13
31.10.2021 18:00;31.10.2021 19:00;74,54
31.10.2021 19:00;31.10.2021 20:00;60,06
31.10.2021 20:00;31.10.2021 21:00;52,2
31.10.2021 21:00;31.10.2021 22:00;52,49
31.10.2021 22:00;31.10.2021 23:00;58,5
31.10.2021 23:00;01.11.2021 00:00;52,33
01.11.2021 00:00;01.11.2021 01:00;59,22
01.11.2021 01:00;01.11.2021 02:00;55,06
01.11.2021 02:00;01.11.2021 03:00;43,92
01.11.2021 03:00;01.11.2021 04:00;22,05
01.11.2021 04:00;01.11.2021 05:00;20,36
01.11.2021 05:00;01.11.2021 06:00;41,82
01.11.2021 06:00;01.11.2021 07:00;58,29
01.11.2021 07:00;01.11.2021 08:00;77,54
01.11.2021 08:00;01.11.2021 09:00;88,81
01.11.2021 09:00;01.11.2021 10:00;87,97
01.11.2021 10:00;01.11.2021 11:00;83,2
01.11.2021 11:00;01.11.2021 12:00;78,31
01.11.2021 12:00;01.11.2021 13:00;78,98
01.11.2021 13:00;01.11.2021 14:00;80,55
01.11.2021 14:00;01.11.2021 15:00;81,52
01.11.2021 15:00;01.11.2021 16:00;98,83
01.11.2021 16:00;01.11.2021 17:00;111,28
01.11.2021 17:00;01.11.2021 18:00;164,2
01.11.2021 18:00;01.11.2021 19:00;183,0
01.11.2021 19:00;01.11.2021 20:00;179,9
01.11.2021 20:00;01.11.2021 21:00;163,08
01.11.2021 21:00;01.11.2021 22:00;151,51
01.11.2021 22:00;01.11.2021 23:00;147,37
01.11.2021 23:00;02.11.2021 00:00;134,9
02.11.2021 00:00;02.11.2021 01:00;145,0
02.11.2021 01:00;02.11.2021 02:00;131,95
02.11.2021 02:00;02.11.2021 03:00;128,92
02.11.2021 03:00;02.11.2021 04:00;111,2
02.11.2021 04:00;02.11.2021 05:00;123,51
02.11.2021 05:00;02.11.2021 06:00;143,01
02.11.2021 06:00;02.11.2021 07:00;182,15
02.11.2021 07:00;02.11.2021 08:00;216,83
02.11.2021 08:00;02.11.2021 09:00;234,98
02.11.2021 09:00;02.11.2021 10:00;228,04
02.11.2021 10:00;02.11.2021 11:00;221,74
02.11.2021 11:00;02.11.2021 12:00;223,21
02.11.2021 12:00;02.11.2021 13:00;215,95
02.11.2021 13:00;02.11.2021 14:00;217,35
02.11.2021 14:00;02.11.2021 15:00;224,91
02.11.2021 15:00;02.11.2021 16:00;230,3
02.11.2021 16:00;02.11.2021 17:00;248,93
02.11.2021 17:00;02.11.2021 18:00;298,97
02.11.2021 18:00;02.11.2021 19:00;312,67
02.11.2021 19:00;02.11.2021 20:00;280,0
02.11.2021 20:00;02.11.2021 21:00;231,0
02.11.2021 21:00;02.11.2021 22:00;201,0
02.11.2021 22:00;02.11.2021 23:00;179,99
02.11.2021 23:00;03.11.2021 00:00;167,0
03.11.2021 00:00;03.11.2021 01:00;146,68
03.11.2021 01:00;03.11.2021 02:00;143,08
03.11.2021 02:00;03.11.2021 03:00;140,25
03.11.2021 03:00;03.11.2021 04:00;130,84
03.11.2021 04:00;03.11.2021 05:00;130,03
03.11.2021 05:00;03.11.2021 06:00;138,7
03.11.2021 06:00;03.11.2021 07:00;169,95
03.11.2021 07:00;03.11.2021 08:00;204,37
03.11.2021 08:00;03.11.2021 09:00;230,09
03.11.2021 09:00;03.11.2021 10:00;219,09
03.11.2021 10:00;03.11.2021 11:00;207,62
03.11.2021 11:00;03.11.2021 12:00;213,26
03.11.2021 12:00;03.11.2021 13:00;206,2
03.11.2021 13:00;03.11.2021 14:00;211,11
03.11.2021 14:00;03.11.2021 15:00;215,9
03.11.2021 15:00;03.11.2021 16:00;227,28
03.11.2021 16:00;03.11.2021 17:00;234,97
03.11.2021 17:00;03.11.2021 18:00;257,99
03.11.2021 18:00;03.11.2021 19:00;274,33
03.11.2021 19:00;03.11.2021 20:00;236,0
03.11.2021 20:00;03.11.2021 21:00;202,95
03.11.2021 21:00;03.11.2021 22:00;183,63
03.11.2021 22:00;03.11.2021 23:00;165,92
03.11.2021 23:00;04.11.2021 00:00;145,07
04.11.2021 00:00;04.11.2021 01:00;165,39
04.11.2021 01:00;04.11.2021 02:00;152,51
04.11.2021 02:00;04.11.2021 03:00;145,87
04.11.2021 03:00;04.11.2021 04:00;143,06
04.11.2021 04:00;04.11.2021 05:00;145,38
04.11.2021 05:00;04.11.2021 06:00;159,61
04.11.2021 06:00;04.11.2021 07:00;183,77
04.11.2021 07:00;04.11.2021 08:00;210,8
04.11.2021 08:00;04.11.2021 09:00;213,77
04.11.2021 09:00;04.11.2021 10:00;203,33
04.11.2021 10:00;04.11.2021 11:00;200,97
04.11.2021 11:00;04.11.2021 12:00;199,02
04.11.2021 12:00;04.11.2021 13:00;193,72
04.11.2021 13:00;04.11.2021 14:00;179,7
04.11.2021 14:00;04.11.2021 15:00;165,57
04.11.2021 15:00;04.11.2021 16:00;163,94
04.11.2021 16:00;04.11.2021 17:00;178,01
04.11.2021 17:00;04.11.2021 18:00;200,93
04.11.2021 18:00;04.11.2021 19:00;201,01
04.11.2021 19:00;04.11.2021 20:00;193,47
04.11.2021 20:00;04.11.2021 21:00;165,32
04.11.2021 21:00;04.11.2021 22:00;135,09
04.11.2021 22:00;04.11.2021 23:00;125,56
04.11.2021 23:00;05.11.2021 00:00;104,86
05.11.2021 00:00;05.11.2021 01:00;109,41
05.11.2021 01:00;05.11.2021 02:00;111,09
05.11.2021 02:00;05.11.2021 03:00;109,95
05.11.2021 03:00;05.11.2021 04:00;119,39
05.11.2021 04:00;05.11.2021 05:00;125,72
05.11.2021 05:00;05.11.2021 06:00;134,7
05.11.2021 06:00;05.11.2021 07:00;181,11
05.11.2021 07:00;05.11.2021 08:00;199,92
05.11.2021 08:00;05.11.2021 09:00;202,98
05.11.2021 09:00;05.11.2021 10:00;200,0
05.11.2021 10:00;05.11.2021 11:00;200,9
05.11.2021 11:00;05.11.2021 12:00;184,96
05.11.2021 12:00;05.11.2021 13:00;193,3
05.11.2021 13:00;05.11.2021 14:00;184,98
05.11.2021 14:00;05.11.2021 15:00;190,08
05.11.2021 15:00;05.11.2021 16:00;196,07
05.11.2021 16:00;05.11.2021 17:00;199,96
05.11.2021 17:00;05.11.2021 18:00;200,0
05.11.2021 18:00;05.11.2021 19:00;179,18
05.11.2021 19:00;05.11.2021 20:00;156,2
05.11.2021 20:00;05.11.2021 21:00;146,66
05.11.2021 21:00;05.11.2021 22:00;122,86
05.11.2021 22:00;05.11.2021 23:00;105,15
05.11.2021 23:00;06.11.2021 00:00;87,55
06.11.2021 00:00;06.11.2021 01:00;81,09
06.11.2021 01:00;06.11.2021 02:00;78,01
06.11.2021 02:00;06.11.2021 03:00;78,01
06.11.2021 03:00;06.11.2021 04:00;71,34
06.11.2021 04:00;06.11.2021 05:00;78,01
06.11.2021 05:00;06.11.2021 06:00;85,27
06.11.2021 06:00;06.11.2021 07:00;81,01
06.11.2021 07:00;06.11.2021 08:00;84,69
06.11.2021 08:00;06.11.2021 09:00;85,28
06.11.2021 09:00;06.11.2021 10:00;88,2
06.11.2021 10:00;06.11.2021 11:00;81,5
06.11.2021 11:00;06.11.2021 12:00;80,01
06.11.2021 12:00;06.11.2021 13:00;75,32
06.11.2021 13:00;06.11.2021 14:00;76,04
06.11.2021 14:00;06.11.2021 15:00;76,45
06.11.2021 15:00;06.11.2021 16:00;80,01
06.11.2021 16:00;06.11.2021 17:00;87,89
06.11.2021 17:00;06.11.2021 18:00;105,0
06.11.2021 18:00;06.11.2021 19:00;87,69
06.11.2021 19:00;06.11.2021 20:00;87,47
06.11.2021 20:00;06.11.2021 21:00;62,27
06.11.2021 21:00;06.11.2021 22:00;53,37
06.11.2021 22:00;06.11.2021 23:00;50,05
06.11.2021 23:00;07.11.2021 00:00;28,18
07.11.2021 00:00;07.11.2021 01:00;6,73
07.11.2021 01:00;07.11.2021 02:00;4,68
07.11.2021 02:00;07.11.2021 03:00;3,44
07.11.2021 03:00;07.11.2021 04:00;1,64
07.11.2021 04:00;07.11.2021 05:00;1,47
07.11.2021 05:00;07.11.2021 06:00;2,77
07.11.2021 06:00;07.11.2021 07:00;3,28
07.11.2021 07:00;07.11.2021 08:00;9,28
07.11.2021 08:00;07.11.2021 09:00;10,86
07.11.2021 09:00;07.11.2021 10:00;14,43
07.11.2021 10:00;07.11.2021 11:00;12,64
07.11.2021 11:00;07.11.2021 12:00;13,84
07.11.2021 12:00;07.11.2021 13:00;14,14
07.11.2021 13:00;07.11.2021 14:00;15,7
07.11.2021 14:00;07.11.2021 15:00;29,95
07.11.2021 15:00;07.11.2021 16:00;60,0
07.11.2021 16:00;07.11.2021 17:00;77,72
07.11.2021 17:00;07.11.2021 18:00;93,52
07.11.2021 18:00;07.11.2021 19:00;81,05
07.11.2021 19:00;07.11.2021 20:00;82,48
07.11.2021 20:00;07.11.2021 21:00;80,57
07.11.2021 21:00;07.11.2021 22:00;76,65
07.11.2021 22:00;07.11.2021 23:00;76,33
07.11.2021 23:00;08.11.2021 00:00;76,61
08.11.2021 00:00;08.11.2021 01:00;55,39
08.11.2021 01:00;08.11.2021 02:00;57,94
08.11.2021 02:00;08.11.2021 03:00;62,95
08.11.2021 03:00;08.11.2021 04:00;60,0
08.11.2021 04:00;08.11.2021 05:00;60,92
08.11.2021 05:00;08.11.2021 06:00;74,97
08.11.2021 06:00;08.11.2021 07:00;173,9
08.11.2021 07:00;08.11.2021 08:00;221,15
08.11.2021 08:00;08.11.2021 09:00;214,08
08.11.2021 09:00;08.11.2021 10:00;199,95
08.11.2021 10:00;08.11.2021 11:00;190,17
08.11.2021 11:00;08.11.2021 12:00;188,59
08.11.2021 12:00;08.11.2021 13:00;202,33
08.11.2021 13:00;08.11.2021 14:00;214,58
08.11.2021 14:00;08.11.2021 15:00;212,96
08.11.2021 15:00;08.11.2021 16:00;220,09
08.11.2021 16:00;08.11.2021 17:00;229,6
08.11.2021 17:00;08.11.2021 18:00;290,36
08.11.2021 18:00;08.11.2021 19:00;299,9
08.11.2021 19:00;08.11.2021 20:00;270,0
08.11.2021 20:00;08.11.2021 21:00;222,2
08.11.2021 21:00;08.11.2021 22:00;205,0
08.11.2021 22:00;08.11.2021 23:00;173,0
08.11.2021 23:00;09.11.2021 00:00;157,89
09.11.2021 00:00;09.11.2021 01:00;153,01
09.11.2021 01:00;09.11.2021 02:00;152,85
09.11.2021 02:00;09.11.2021 03:00;151,01
09.11.2021 03:00;09.11.2021 04:00;145,36
09.11.2021 04:00;09.11.2021 05:00;145,5
09.11.2021 05:00;09.11.2021 06:00;152,87
09.11.2021 06:00;09.11.2021 07:00;190,0
09.11.2021 07:00;09.11.2021 08:00;223,88
09.11.2021 08:00;09.11.2021 09:00;215,58
09.11.2021 09:00;09.11.2021 10:00;190,09
09.11.2021 10:00;09.11.2021 11:00;151,87
09.11.2021 11:00;09.11.2021 12:00;135,03
09.11.2021 12:00;09.11.2021 13:00;120,08
09.11.2021 13:00;09.11.2021 14:00;127,46
09.11.2021 14:00;09.11.2021 15:00;147,01
09.11.2021 15:00;09.11.2021 16:00;170,0
09.11.2021 16:00;09.11.2021 17:00;203,9
09.11.2021 17:00;09.11.2021 18:00;223,67
09.11.2021 18:00;09.11.2021 19:00;190,0
09.11.2021 19:00;09.11.2021 20:00;184,56
09.11.2021 20:00;09.11.2021 21:00;141,62
09.11.2021 21:00;09.11.2021 22:00;141,72
09.11.2021 22:00;09.11.2021 23:00;138,14
09.11.2021 23:00;10.11.2021 00:00;120,06
10.11.2021 00:00;10.11.2021 01:00;93,74
10.11.2021 01:00;10.11.2021 02:00;94,95
10.11.2021 02:00;10.11.2021 03:00;94,86
10.11.2021 03:00;10.11.2021 04:00;95,95
10.11.2021 04:00;10.11.2021 05:00;115,5
10.11.2021 05:00;10.11.2021 06:00;140,05
10.11.2021 06:00;10.11.2021 07:00;175,0
10.11.2021 07:00;10.11.2021 08:00;204,98
10.11.2021 08:00;10.11.2021 09:00;200,1
10.11.2021 09:00;10.11.2021 10:00;156,06
10.11.2021 10:00;10.11.2021 11:00;148,14
10.11.2021 11:00;10.11.2021 12:00;150,2
10.11.2021 12:00;10.11.2021 13:00;154,21
10.11.2021 13:00;10.11.2021 14:00;168,83
10.11.2021 14:00;10.11.2021 15:00;211,93
10.11.2021 15:00;10.11.2021 16:00;236,62
10.11.2021 16:00;10.11.2021 17:00;250,06
10.11.2021 17:00;10.11.2021 18:00;295,0
10.11.2021 18:00;10.11.2021 19:00;275,05
10.11.2021 19:00;10.11.2021 20:00;230,0
10.11.2021 20:00;10.11.2021 21:00;219,93
10.11.2021 21:00;10.11.2021 22:00;193,67
10.11.2021 22:00;10.11.2021 23:00;169,9
10.11.2021 23:00;11.11.2021 00:00;155,5
11.11.2021 00:00;11.11.2021 01:00;168,03
11.11.2021 01:00;11.11.2021 02:00;161,36
11.11.2021 02:00;11.11.2021 03:00;160,0
11.11.2021 03:00;11.11.2021 04:00;152,5
11.11.2021 04:00;11.11.2021 05:00;155,0
11.11.2021 05:00;11.11.2021 06:00;160,09
11.11.2021 06:00;11.11.2021 07:00;183,87
11.11.2021 07:00;11.11.2021 08:00;214,0
11.11.2021 08:00;11.11.2021 09:00;219,94
11.11.2021 09:00;11.11.2021 10:00;215,95
11.11.2021 10:00;11.11.2021 11:00;199,2
11.11.2021 11:00;11.11.2021 12:00;168,8
11.11.2021 12:00;11.11.2021 13:00;159,58
11.11.2021 13:00;11.11.2021 14:00;167,04
11.11.2021 14:00;11.11.2021 15:00;184,54
11.11.2021 15:00;11.11.2021 16:00;201,37
11.11.2021 16:00;11.11.2021 17:00;219,59
11.11.2021 17:00;11.11.2021 18:00;240,02
11.11.2021 18:00;11.11.2021 19:00;252,12
11.11.2021 19:00;11.11.2021 20:00;232,09
11.11.2021 20:00;11.11.2021 21:00;218,0
11.11.2021 21:00;11.11.2021 22:00;201,0
11.11.2021 22:00;11.11.2021 23:00;180,01
11.11.2021 23:00;12.11.2021 00:00;156,14
12.11.2021 00:00;12.11.2021 01:00;167,72
12.11.2021 01:00;12.11.2021 02:00;164,25
12.11.2021 02:00;12.11.2021 03:00;162,16
12.11.2021 03:00;12.11.2021 04:00;153,0
12.11.2021 04:00;12.11.2021 05:00;155,02
12.11.2021 05:00;12.11.2021 06:00;155,99
12.11.2021 06:00;12.11.2021 07:00;180,59
12.11.2021 07:00;12.11.2021 08:00;212,86
12.11.2021 08:00;12.11.2021 09:00;214,77
12.11.2021 09:00;12.11.2021 10:00;207,67
12.11.2021 10:00;12.11.2021 11:00;191,61
12.11.2021 11:00;12.11.2021 12:00;179,94
12.11.2021 12:00;12.11.2021 13:00;164,69
12.11.2021 13:00;12.11.2021 14:00;156,81
12.11.2021 14:00;12.11.2021 15:00;156,55
12.11.2021 15:00;12.11.2021 16:00;179,99
12.11.2021 16:00;12.11.2021 17:00;185,09
12.11.2021 17:00;12.11.2021 18:00;211,2
12.11.2021 18:00;12.11.2021 19:00;193,23
12.11.2021 19:00;12.11.2021 20:00;145,19
12.11.2021 20:00;12.11.2021 21:00;157,11
12.11.2021 21:00;12.11.2021 22:00;109,11
12.11.2021 22:00;12.11.2021 23:00;109,54
12.11.2021 23:00;13.11.2021 00:00;91,42
13.11.2021 00:00;13.11.2021 01:00;99,0
13.11.2021 01:00;13.11.2021 02:00;92,65
13.11.2021 02:00;13.11.2021 03:00;97,0
13.11.2021 03:00;13.11.2021 04:00;107,02
13.11.2021 04:00;13.11.2021 05:00;111,6
13.11.2021 05:00;13.11.2021 06:00;99,36
13.11.2021 06:00;13.11.2021 07:00;123,64
13.11.2021 07:00;13.11.2021 08:00;155,31
13.11.2021 08:00;13.11.2021 09:00;151,2
13.11.2021 09:00;13.11.2021 10:00;161,75
13.11.2021 10:00;13.11.2021 11:00;173,89
13.11.2021 11:00;13.11.2021 12:00;177,47
13.11.2021 12:00;13.11.2021 13:00;177,5
13.11.2021 13:00;13.11.2021 14:00;176,52
13.11.2021 14:00;13.11.2021 15:00;176,52
13.11.2021 15:00;13.11.2021 16:00;176,52
13.11.2021 16:00;13.11.2021 17:00;180,6
13.11.2021 17:00;13.11.2021 18:00;210,0
13.11.2021 18:00;13.11.2021 19:00;220,0
13.11.2021 19:00;13.11.2021 20:00;213,89
13.11.2021 20:00;13.11.2021 21:00;184,0
13.11.2021 21:00;13.11.2021 22:00;168,49
13.11.2021 22:00;13.11.2021 23:00;168,82
13.11.2021 23:00;14.11.2021 00:00;162,79
14.11.2021 00:00;14.11.2021 01:00;184,73
14.11.2021 01:00;14.11.2021 02:00;170,03
14.11.2021 02:00;14.11.2021 03:00;167,24
14.11.2021 03:00;14.11.2021 04:00;155,51
14.11.2021 04:00;14.11.2021 05:00;144,22
14.11.2021 05:00;14.11.2021 06:00;141,35
14.11.2021 06:00;14.11.2021 07:00;117,2
14.11.2021 07:00;14.11.2021 08:00;159,92
14.11.2021 08:00;14.11.2021 09:00;159,04
14.11.2021 09:00;14.11.2021 10:00;170,07
14.11.2021 10:00;14.11.2021 11:00;177,2
14.11.2021 11:00;14.11.2021 12:00;178,93
14.11.2021 12:00;14.11.2021 13:00;184,58
14.11.2021 13:00;14.11.2021 14:00;170,02
14.11.2021 14:00;14.11.2021 15:00;156,12
14.11.2021 15:00;14.11.2021 16:00;160,0
14.11.2021 16:00;14.11.2021 17:00;166,68
14.11.2021 17:00;14.11.2021 18:00;197,94
14.11.2021 18:00;14.11.2021 19:00;204,47
14.11.2021 19:00;14.11.2021 20:00;206,21
14.11.2021 20:00;14.11.2021 21:00;190,61
14.11.2021 21:00;14.11.2021 22:00;168,68
14.11.2021 22:00;14.11.2021 23:00;173,18
14.11.2021 23:00;15.11.2021 00:00;159,16
15.11.2021 00:00;15.11.2021 01:00;165,85
15.11.2021 01:00;15.11.2021 02:00;158,9
15.11.2021 02:00;15.11.2021 03:00;155,81
15.11.2021 03:00;15.11.2021 04:00;151,35
15.11.2021 04:00;15.11.2021 05:00;149,64
15.11.2021 05:00;15.11.2021 06:00;163,92
15.11.2021 06:00;15.11.2021 07:00;191,12
15.11.2021 07:00;15.11.2021 08:00;245,35
15.11.2021 08:00;15.11.2021 09:00;262,18
15.11.2021 09:00;15.11.2021 10:00;265,0
15.11.2021 10:00;15.11.2021 11:00;263,33
15.11.2021 11:00;15.11.2021 12:00;268,9
15.11.2021 12:00;15.11.2021 13:00;260,06
15.11.2021 13:00;15.11.2021 14:00;258,1
15.11.2021 14:00;15.11.2021 15:00;268,17
15.11.2021 15:00;15.11.2021 16:00;265,99
15.11.2021 16:00;15.11.2021 17:00;274,94
15.11.2021 17:00;15.11.2021 18:00;300,01
15.11.2021 18:00;15.11.2021 19:00;300,0
15.11.2021 19:00;15.11.2021 20:00;272,57
15.11.2021 20:00;15.11.2021 21:00;238,76
15.11.2021 21:00;15.11.2021 22:00;217,79
15.11.2021 22:00;15.11.2021 23:00;194,71
15.11.2021 23:00;16.11.2021 00:00;178,54
16.11.2021 00:00;16.11.2021 01:00;182,46
16.11.2021 01:00;16.11.2021 02:00;167,37
16.11.2021 02:00;16.11.2021 03:00;162,57
16.11.2021 03:00;16.11.2021 04:00;160,01
16.11.2021 04:00;16.11.2021 05:00;157,83
16.11.2021 05:00;16.11.2021 06:00;178,14
16.11.2021 06:00;16.11.2021 07:00;220,35
16.11.2021 07:00;16.11.2021 08:00;278,34
16.11.2021 08:00;16.11.2021 09:00;280,06
16.11.2021 09:00;16.11.2021 10:00;280,03
16.11.2021 10:00;16.11.2021 11:00;274,0
16.11.2021 11:00;16.11.2021 12:00;278,05
16.11.2021 12:00;16.11.2021 13:00;280,0
16.11.2021 13:00;16.11.2021 14:00;280,53
16.11.2021 14:00;16.11.2021 15:00;279,09
16.11.2021 15:00;16.11.2021 16:00;280,3
16.11.2021 16:00;16.11.2021 17:00;280,03
16.11.2021 17:00;16.11.2021 18:00;301,0
16.11.2021 18:00;16.11.2021 19:00;296,98
16.11.2021 19:00;16.11.2021 20:00;279,1
16.11.2021 20:00;16.11.2021 21:00;250,0
16.11.2021 21:00;16.11.2021 22:00;208,74
16.11.2021 22:00;16.11.2021 23:00;179,8
16.11.2021 23:00;17.11.2021 00:00;164,38
17.11.2021 00:00;17.11.2021 01:00;194,01
17.11.2021 01:00;17.11.2021 02:00;179,54
17.11.2021 02:00;17.11.2021 03:00;170,79
17.11.2021 03:00;17.11.2021 04:00;160,09
17.11.2021 04:00;17.11.2021 05:00;163,22
17.11.2021 05:00;17.11.2021 06:00;156,57
17.11.2021 06:00;17.11.2021 07:00;181,0
17.11.2021 07:00;17.11.2021 08:00;226,25
17.11.2021 08:00;17.11.2021 09:00;232,05
17.11.2021 09:00;17.11.2021 10:00;238,8
17.11.2021 10:00;17.11.2021 11:00;233,04
17.11.2021 11:00;17.11.2021 12:00;223,99
17.11.2021 12:00;17.11.2021 13:00;217,11
17.11.2021 13:00;17.11.2021 14:00;205,0
17.11.2021 14:00;17.11.2021 15:00;183,27
17.11.2021 15:00;17.11.2021 16:00;200,6
17.11.2021 16:00;17.11.2021 17:00;177,94
17.11.2021 17:00;17.11.2021 18:00;202,12
17.11.2021 18:00;17.11.2021 19:00;189,09
17.11.2021 19:00;17.11.2021 20:00;170,21
17.11.2021 20:00;17.11.2021 21:00;133,01
17.11.2021 21:00;17.11.2021 22:00;99,98
17.11.2021 22:00;17.11.2021 23:00;110,48
17.11.2021 23:00;18.11.2021 00:00;86,22
18.11.2021 00:00;18.11.2021 01:00;100,1
18.11.2021 01:00;18.11.2021 02:00;87,07
18.11.2021 02:00;18.11.2021 03:00;87,06
18.11.2021 03:00;18.11.2021 04:00;95,56
18.11.2021 04:00;18.11.2021 05:00;110,01
18.11.2021 05:00;18.11.2021 06:00;111,69
18.11.2021 06:00;18.11.2021 07:00;157,14
18.11.2021 07:00;18.11.2021 08:00;216,61
18.11.2021 08:00;18.11.2021 09:00;243,1
18.11.2021 09:00;18.11.2021 10:00;210,02
18.11.2021 10:00;18.11.2021 11:00;194,67
18.11.2021 11:00;18.11.2021 12:00;172,99
18.11.2021 12:00;18.11.2021 13:00;159,5
18.11.2021 13:00;18.11.2021 14:00;155,0
18.11.2021 14:00;18.11.2021 15:00;148,65
18.11.2021 15:00;18.11.2021 16:00;157,3
18.11.2021 16:00;18.11.2021 17:00;158,25
18.11.2021 17:00;18.11.2021 18:00;158,27
18.11.2021 18:00;18.11.2021 19:00;150,0
18.11.2021 19:00;18.11.2021 20:00;133,98
18.11.2021 20:00;18.11.2021 21:00;96,89
18.11.2021 21:00;18.11.2021 22:00;83,65
18.11.2021 22:00;18.11.2021 23:00;91,59
18.11.2021 23:00;19.11.2021 00:00;78,59
19.11.2021 00:00;19.11.2021 01:00;71,81
19.11.2021 01:00;19.11.2021 02:00;64,55
19.11.2021 02:00;19.11.2021 03:00;64,58
19.11.2021 03:00;19.11.2021 04:00;66,84
19.11.2021 04:00;19.11.2021 05:00;76,05
19.11.2021 05:00;19.11.2021 06:00;80,24
19.11.2021 06:00;19.11.2021 07:00;110,09
19.11.2021 07:00;19.11.2021 08:00;139,75
19.11.2021 08:00;19.11.2021 09:00;163,61
19.11.2021 09:00;19.11.2021 10:00;171,0
19.11.2021 10:00;19.11.2021 11:00;169,94
19.11.2021 11:00;19.11.2021 12:00;171,31
19.11.2021 12:00;19.11.2021 13:00;165,34
19.11.2021 13:00;19.11.2021 14:00;154,23
19.11.2021 14:00;19.11.2021 15:00;162,62
19.11.2021 15:00;19.11.2021 16:00;170,08
19.11.2021 16:00;19.11.2021 17:00;167,34
19.11.2021 17:00;19.11.2021 18:00;191,97
19.11.2021 18:00;19.11.2021 19:00;193,7
19.11.2021 19:00;19.11.2021 20:00;169,35
19.11.2021 20:00;19.11.2021 21:00;122,82
19.11.2021 21:00;19.11.2021 22:00;112,04
19.11.2021 22:00;19.11.2021 23:00;104,95
19.11.2021 23:00;20.11.2021 00:00;95,0
20.11.2021 00:00;20.11.2021 01:00;107,01
20.11.2021 01:00;20.11.2021 02:00;90,64
20.11.2021 02:00;20.11.2021 03:00;86,92
20.11.2021 03:00;20.11.2021 04:00;88,5
20.11.2021 04:00;20.11.2021 05:00;92,13
20.11.2021 05:00;20.11.2021 06:00;97,55
20.11.2021 06:00;20.11.2021 07:00;88,68
20.11.2021 07:00;20.11.2021 08:00;106,4
20.11.2021 08:00;20.11.2021 09:00;114,25
20.11.2021 09:00;20.11.2021 10:00;144,79
20.11.2021 10:00;20.11.2021 11:00;127,91
20.11.2021 11:00;20.11.2021 12:00;118,24
20.11.2021 12:00;20.11.2021 13:00;110,05
20.11.2021 13:00;20.11.2021 14:00;88,64
20.11.2021 14:00;20.11.2021 15:00;122,39
20.11.2021 15:00;20.11.2021 16:00;112,85
20.11.2021 16:00;20.11.2021 17:00;127,16
20.11.2021 17:00;20.11.2021 18:00;199,97
20.11.2021 18:00;20.11.2021 19:00;166,44
20.11.2021 19:00;20.11.2021 20:00;112,87
20.11.2021 20:00;20.11.2021 21:00;88,61
20.11.2021 21:00;20.11.2021 22:00;83,2
20.11.2021 22:00;20.11.2021 23:00;85,01
20.11.2021 23:00;21.11.2021 00:00;85,01
21.11.2021 00:00;21.11.2021 01:00;72,61
21.11.2021 01:00;21.11.2021 02:00;78,99
21.11.2021 02:00;21.11.2021 03:00;77,44
21.11.2021 03:00;21.11.2021 04:00;77,4
21.11.2021 04:00;21.11.2021 05:00;79,06
21.11.2021 05:00;21.11.2021 06:00;82,35
21.11.2021 06:00;21.11.2021 07:00;77,47
21.11.2021 07:00;21.11.2021 08:00;80,31
21.11.2021 08:00;21.11.2021 09:00;98,18
21.11.2021 09:00;21.11.2021 10:00;124,99
21.11.2021 10:00;21.11.2021 11:00;165,38
21.11.2021 11:00;21.11.2021 12:00;198,6
21.11.2021 12:00;21.11.2021 13:00;190,38
21.11.2021 13:00;21.11.2021 14:00;173,54
21.11.2021 14:00;21.11.2021 15:00;180,87
21.11.2021 15:00;21.11.2021 16:00;198,0
21.11.2021 16:00;21.11.2021 17:00;213,63
21.11.2021 17:00;21.11.2021 18:00;240,0
21.11.2021 18:00;21.11.2021 19:00;247,76
21.11.2021 19:00;21.11.2021 20:00;225,0
21.11.2021 20:00;21.11.2021 21:00;185,0
21.11.2021 21:00;21.11.2021 22:00;145,39
21.11.2021 22:00;21.11.2021 23:00;146,88
21.11.2021 23:00;22.11.2021 00:00;116,82
22.11.2021 00:00;22.11.2021 01:00;175,86
22.11.2021 01:00;22.11.2021 02:00;158,08
22.11.2021 02:00;22.11.2021 03:00;144,91
22.11.2021 03:00;22.11.2021 04:00;137,67
22.11.2021 04:00;22.11.2021 05:00;154,45
22.11.2021 05:00;22.11.2021 06:00;169,0
22.11.2021 06:00;22.11.2021 07:00;239,78
22.11.2021 07:00;22.11.2021 08:00;289,56
22.11.2021 08:00;22.11.2021 09:00;300,05
22.11.2021 09:00;22.11.2021 10:00;298,22
22.11.2021 10:00;22.11.2021 11:00;289,62
22.11.2021 11:00;22.11.2021 12:00;264,95
22.11.2021 12:00;22.11.2021 13:00;248,07
22.11.2021 13:00;22.11.2021 14:00;249,28
22.11.2021 14:00;22.11.2021 15:00;256,53
22.11.2021 15:00;22.11.2021 16:00;279,47
22.11.2021 16:00;22.11.2021 17:00;288,51
22.11.2021 17:00;22.11.2021 18:00;318,87
22.11.2021 18:00;22.11.2021 19:00;302,0
22.11.2021 19:00;22.11.2021 20:00;254,39
22.11.2021 20:00;22.11.2021 21:00;232,92
22.11.2021 21:00;22.11.2021 22:00;202,11
22.11.2021 22:00;22.11.2021 23:00;202,26
22.11.2021 23:00;23.11.2021 00:00;139,43
23.11.2021 00:00;23.11.2021 01:00;168,4
23.11.2021 01:00;23.11.2021 02:00;157,98
23.11.2021 02:00;23.11.2021 03:00;143,35
23.11.2021 03:00;23.11.2021 04:00;142,37
23.11.2021 04:00;23.11.2021 05:00;160,0
23.11.2021 05:00;23.11.2021 06:00;172,34
23.11.2021 06:00;23.11.2021 07:00;193,16
23.11.2021 07:00;23.11.2021 08:00;254,18
23.11.2021 08:00;23.11.2021 09:00;290,0
23.11.2021 09:00;23.11.2021 10:00;278,99
23.11.2021 10:00;23.11.2021 11:00;260,22
23.11.2021 11:00;23.11.2021 12:00;257,55
23.11.2021 12:00;23.11.2021 13:00;248,02
23.11.2021 13:00;23.11.2021 14:00;258,07
23.11.2021 14:00;23.11.2021 15:00;278,69
23.11.2021 15:00;23.11.2021 16:00;300,0
23.11.2021 16:00;23.11.2021 17:00;317,34
23.11.2021 17:00;23.11.2021 18:00;348,21
23.11.2021 18:00;23.11.2021 19:00;342,13
23.11.2021 19:00;23.11.2021 20:00;300,0
23.11.2021 20:00;23.11.2021 21:00;279,64
23.11.2021 21:00;23.11.2021 22:00;235,36
23.11.2021 22:00;23.11.2021 23:00;218,85
23.11.2021 23:00;24.11.2021 00:00;200,04
24.11.2021 00:00;24.11.2021 01:00;190,06
24.11.2021 01:00;24.11.2021 02:00;184,81
24.11.2021 02:00;24.11.2021 03:00;178,16
24.11.2021 03:00;24.11.2021 04:00;171,62
24.11.2021 04:00;24.11.2021 05:00;191,15
24.11.2021 05:00;24.11.2021 06:00;205,06
24.11.2021 06:00;24.11.2021 07:00;225,08
24.11.2021 07:00;24.11.2021 08:00;305,88
24.11.2021 08:00;24.11.2021 09:00;344,98
24.11.2021 09:00;24.11.2021 10:00;330,02
24.11.2021 10:00;24.11.2021 11:00;321,35
24.11.2021 11:00;24.11.2021 12:00;313,05
24.11.2021 12:00;24.11.2021 13:00;299,99
24.11.2021 13:00;24.11.2021 14:00;300,0
24.11.2021 14:00;24.11.2021 15:00;328,0
24.11.2021 15:00;24.11.2021 16:00;342,18
24.11.2021 16:00;24.11.2021 17:00;350,92
24.11.2021 17:00;24.11.2021 18:00;385,0
24.11.2021 18:00;24.11.2021 19:00;345,0
24.11.2021 19:00;24.11.2021 20:00;319,09
24.11.2021 20:00;24.11.2021 21:00;283,42
24.11.2021 21:00;24.11.2021 22:00;250,78
24.11.2021 22:00;24.11.2021 23:00;216,67
24.11.2021 23:00;25.11.2021 00:00;190,97
25.11.2021 00:00;25.11.2021 01:00;200,03
25.11.2021 01:00;25.11.2021 02:00;204,47
25.11.2021 02:00;25.11.2021 03:00;193,52
25.11.2021 03:00;25.11.2021 04:00;194,13
25.11.2021 04:00;25.11.2021 05:00;207,09
25.11.2021 05:00;25.11.2021 06:00;212,38
25.11.2021 06:00;25.11.2021 07:00;281,09
25.11.2021 07:00;25.11.2021 08:00;330,0
25.11.2021 08:00;25.11.2021 09:00;352,11
25.11.2021 09:00;25.11.2021 10:00;310,0
25.11.2021 10:00;25.11.2021 11:00;294,93
25.11.2021 11:00;25.11.2021 12:00;290,36
25.11.2021 12:00;25.11.2021 13:00;290,0
25.11.2021 13:00;25.11.2021 14:00;292,64
25.11.2021 14:00;25.11.2021 15:00;290,0
25.11.2021 15:00;25.11.2021 16:00;288,49
25.11.2021 16:00;25.11.2021 17:00;282,91
25.11.2021 17:00;25.11.2021 18:00;288,02
25.11.2021 18:00;25.11.2021 19:00;260,69
25.11.2021 19:00;25.11.2021 20:00;188,07
25.11.2021 20:00;25.11.2021 21:00;152,44
25.11.2021 21:00;25.11.2021 22:00;152,11
25.11.2021 22:00;25.11.2021 23:00;155,28
25.11.2021 23:00;26.11.2021 00:00;129,55
26.11.2021 00:00;26.11.2021 01:00;155,45
26.11.2021 01:00;26.11.2021 02:00;159,74
26.11.2021 02:00;26.11.2021 03:00;148,81
26.11.2021 03:00;26.11.2021 04:00;148,8
26.11.2021 04:00;26.11.2021 05:00;153,7
26.11.2021 05:00;26.11.2021 06:00;164,7
26.11.2021 06:00;26.11.2021 07:00;213,3
26.11.2021 07:00;26.11.2021 08:00;269,08
26.11.2021 08:00;26.11.2021 09:00;288,99
26.11.2021 09:00;26.11.2021 10:00;282,56
26.11.2021 10:00;26.11.2021 11:00;272,53
26.11.2021 11:00;26.11.2021 12:00;215,97
26.11.2021 12:00;26.11.2021 13:00;234,4
26.11.2021 13:00;26.11.2021 14:00;188,19
26.11.2021 14:00;26.11.2021 15:00;182,82
26.11.2021 15:00;26.11.2021 16:00;180,45
26.11.2021 16:00;26.11.2021 17:00;191,38
26.11.2021 17:00;26.11.2021 18:00;225,88
26.11.2021 18:00;26.11.2021 19:00;182,06
26.11.2021 19:00;26.11.2021 20:00;165,15
26.11.2021 20:00;26.11.2021 21:00;150,1
26.11.2021 21:00;26.11.2021 22:00;119,18
26.11.2021 22:00;26.11.2021 23:00;118,66
26.11.2021 23:00;27.11.2021 00:00;109,11
27.11.2021 00:00;27.11.2021 01:00;130,08
27.11.2021 01:00;27.11.2021 02:00;153,33
27.11.2021 02:00;27.11.2021 03:00;151,4
27.11.2021 03:00;27.11.2021 04:00;157,11
27.11.2021 04:00;27.11.2021 05:00;160,49
27.11.2021 05:00;27.11.2021 06:00;167,08
27.11.2021 06:00;27.11.2021 07:00;169,16
27.11.2021 07:00;27.11.2021 08:00;189,1
27.11.2021 08:00;27.11.2021 09:00;209,39
27.11.2021 09:00;27.11.2021 10:00;219,09
27.11.2021 10:00;27.11.2021 11:00;222,13
27.11.2021 11:00;27.11.2021 12:00;225,54
27.11.2021 12:00;27.11.2021 13:00;219,09
27.11.2021 13:00;27.11.2021 14:00;216,02
27.11.2021 14:00;27.11.2021 15:00;218,9
27.11.2021 15:00;27.11.2021 16:00;225,0
27.11.2021 16:00;27.11.2021 17:00;231,26
27.11.2021 17:00;27.11.2021 18:00;270,8
27.11.2021 18:00;27.11.2021 19:00;265,96
27.11.2021 19:00;27.11.2021 20:00;240,0
27.11.2021 20:00;27.11.2021 21:00;213,29
27.11.2021 21:00;27.11.2021 22:00;212,4
27.11.2021 22:00;27.11.2021 23:00;204,08
27.11.2021 23:00;28.11.2021 00:00;198,83
28.11.2021 00:00;28.11.2021 01:00;193,95
28.11.2021 01:00;28.11.2021 02:00;188,88
28.11.2021 02:00;28.11.2021 03:00;188,12
28.11.2021 03:00;28.11.2021 04:00;181,2
28.11.2021 04:00;28.11.2021 05:00;176,0
28.11.2021 05:00;28.11.2021 06:00;174,5
28.11.2021 06:00;28.11.2021 07:00;181,4
28.11.2021 07:00;28.11.2021 08:00;184,77
28.11.2021 08:00;28.11.2021 09:00;185,99
28.11.2021 09:00;28.11.2021 10:00;199,99
28.11.2021 10:00;28.11.2021 11:00;203,01
28.11.2021 11:00;28.11.2021 12:00;209,76
28.11.2021 12:00;28.11.2021 13:00;210,07
28.11.2021 13:00;28.11.2021 14:00;198,28
28.11.2021 14:00;28.11.2021 15:00;198,34
28.11.2021 15:00;28.11.2021 16:00;205,11
28.11.2021 16:00;28.11.2021 17:00;217,03
28.11.2021 17:00;28.11.2021 18:00;245,13
28.11.2021 18:00;28.11.2021 19:00;247,94
28.11.2021 19:00;28.11.2021 20:00;238,15
28.11.2021 20:00;28.11.2021 21:00;216,63
28.11.2021 21:00;28.11.2021 22:00;204,69
28.11.2021 22:00;28.11.2021 23:00;201,8
28.11.2021 23:00;29.11.2021 00:00;177,24
29.11.2021 00:00;29.11.2021 01:00;155,39
29.11.2021 01:00;29.11.2021 02:00;151,31
29.11.2021 02:00;29.11.2021 03:00;141,13
29.11.2021 03:00;29.11.2021 04:00;136,65
29.11.2021 04:00;29.11.2021 05:00;143,39
29.11.2021 05:00;29.11.2021 06:00;160,51
29.11.2021 06:00;29.11.2021 07:00;221,07
29.11.2021 07:00;29.11.2021 08:00;289,44
29.11.2021 08:00;29.11.2021 09:00;331,14
29.11.2021 09:00;29.11.2021 10:00;320,09
29.11.2021 10:00;29.11.2021 11:00;295,83
29.11.2021 11:00;29.11.2021 12:00;298,54
29.11.2021 12:00;29.11.2021 13:00;299,03
29.11.2021 13:00;29.11.2021 14:00;329,2
29.11.2021 14:00;29.11.2021 15:00;342,77
29.11.2021 15:00;29.11.2021 16:00;352,11
29.11.2021 16:00;29.11.2021 17:00;360,0
29.11.2021 17:00;29.11.2021 18:00;421,87
29.11.2021 18:00;29.11.2021 19:00;410,13
29.11.2021 19:00;29.11.2021 20:00;355,06
29.11.2021 20:00;29.11.2021 21:00;310,16
29.11.2021 21:00;29.11.2021 22:00;234,68
29.11.2021 22:00;29.11.2021 23:00;193,53
29.11.2021 23:00;30.11.2021 00:00;130,05
30.11.2021 00:00;30.11.2021 01:00;113,9
30.11.2021 01:00;30.11.2021 02:00;100,51
30.11.2021 02:00;30.11.2021 03:00;91,93
30.11.2021 03:00;30.11.2021 04:00;73,06
30.11.2021 04:00;30.11.2021 05:00;64,82
30.11.2021 05:00;30.11.2021 06:00;69,75
30.11.2021 06:00;30.11.2021 07:00;71,56
30.11.2021 07:00;30.11.2021 08:00;93,97
30.11.2021 08:00;30.11.2021 09:00;92,39
30.11.2021 09:00;30.11.2021 10:00;94,65
30.11.2021 10:00;30.11.2021 11:00;96,68
30.11.2021 11:00;30.11.2021 12:00;108,44
30.11.2021 12:00;30.11.2021 13:00;112,19
30.11.2021 13:00;30.11.2021 14:00;110,05
30.11.2021 14:00;30.11.2021 15:00;112,95
30.11.2021 15:00;30.11.2021 16:00;124,91
30.11.2021 16:00;30.11.2021 17:00;131,8
30.11.2021 17:00;30.11.2021 18:00;187,28
30.11.2021 18:00;30.11.2021 19:00;228,92
30.11.2021 19:00;30.11.2021 20:00;232,6
30.11.2021 20:00;30.11.2021 21:00;215,06
30.11.2021 21:00;30.11.2021 22:00;171,89
30.11.2021 22:00;30.11.2021 23:00;145,89
30.11.2021 23:00;01.12.2021 00:00;126,94
01.12.2021 00:00;01.12.2021 01:00;127,25
01.12.2021 01:00;01.12.2021 02:00;107,0
01.12.2021 02:00;01.12.2021 03:00;97,39
01.12.2021 03:00;01.12.2021 04:00;93,97
01.12.2021 04:00;01.12.2021 05:00;86,86
01.12.2021 05:00;01.12.2021 06:00;94,27
01.12.2021 06:00;01.12.2021 07:00;115,82
01.12.2021 07:00;01.12.2021 08:00;110,01
01.12.2021 08:00;01.12.2021 09:00;103,93
01.12.2021 09:00;01.12.2021 10:00;94,3
01.12.2021 10:00;01.12.2021 11:00;86,88
01.12.2021 11:00;01.12.2021 12:00;86,89
01.12.2021 12:00;01.12.2021 13:00;84,7
01.12.2021 13:00;01.12.2021 14:00;85,91
01.12.2021 14:00;01.12.2021 15:00;85,93
01.12.2021 15:00;01.12.2021 16:00;84,67
01.12.2021 16:00;01.12.2021 17:00;87,74
01.12.2021 17:00;01.12.2021 18:00;96,76
01.12.2021 18:00;01.12.2021 19:00;90,53
01.12.2021 19:00;01.12.2021 20:00;76,99
01.12.2021 20:00;01.12.2021 21:00;71,2
01.12.2021 21:00;01.12.2021 22:00;70,43
01.12.2021 22:00;01.12.2021 23:00;73,5
01.12.2021 23:00;02.12.2021 00:00;71,17
02.12.2021 00:00;02.12.2021 01:00;36,98
02.12.2021 01:00;02.12.2021 02:00;28,72
02.12.2021 02:00;02.12.2021 03:00;37,08
02.12.2021 03:00;02.12.2021 04:00;63,76
02.12.2021 04:00;02.12.2021 05:00;76,15
02.12.2021 05:00;02.12.2021 06:00;92,63
02.12.2021 06:00;02.12.2021 07:00;159,65
02.12.2021 07:00;02.12.2021 08:00;207,25
02.12.2021 08:00;02.12.2021 09:00;234,9
02.12.2021 09:00;02.12.2021 10:00;233,75
02.12.2021 10:00;02.12.2021 11:00;208,04
02.12.2021 11:00;02.12.2021 12:00;228,29
02.12.2021 12:00;02.12.2021 13:00;232,13
02.12.2021 13:00;02.12.2021 14:00;233,86
02.12.2021 14:00;02.12.2021 15:00;258,09
02.12.2021 15:00;02.12.2021 16:00;304,96
02.12.2021 16:00;02.12.2021 17:00;327,82
02.12.2021 17:00;02.12.2021 18:00;354,98
02.12.2021 18:00;02.12.2021 19:00;330,0
02.12.2021 19:00;02.12.2021 20:00;283,98
02.12.2021 20:00;02.12.2021 21:00;228,85
02.12.2021 21:00;02.12.2021 22:00;203,08
02.12.2021 22:00;02.12.2021 23:00;183,54
02.12.2021 23:00;03.12.2021 00:00;132,49
03.12.2021 00:00;03.12.2021 01:00;153,93
03.12.2021 01:00;03.12.2021 02:00;124,99
03.12.2021 02:00;03.12.2021 03:00;118,09
03.12.2021 03:00;03.12.2021 04:00;111,39
03.12.2021 04:00;03.12.2021 05:00;115,02
03.12.2021 05:00;03.12.2021 06:00;130,73
03.12.2021 06:00;03.12.2021 07:00;169,95
03.12.2021 07:00;03.12.2021 08:00;242,08
03.12.2021 08:00;03.12.2021 09:00;256,41
03.12.2021 09:00;03.12.2021 10:00;217,52
03.12.2021 10:00;03.12.2021 11:00;179,96
03.12.2021 11:00;03.12.2021 12:00;159,92
03.12.2021 12:00;03.12.2021 13:00;140,01
03.12.2021 13:00;03.12.2021 14:00;140,8
03.12.2021 14:00;03.12.2021 15:00;138,23
03.12.2021 15:00;03.12.2021 16:00;143,72
03.12.2021 16:00;03.12.2021 17:00;159,98
03.12.2021 17:00;03.12.2021 18:00;170,03
03.12.2021 18:00;03.12.2021 19:00;138,25
03.12.2021 19:00;03.12.2021 20:00;130,3
03.12.2021 20:00;03.12.2021 21:00;115,22
03.12.2021 21:00;03.12.2021 22:00;116,71
03.12.2021 22:00;03.12.2021 23:00;119,59
03.12.2021 23:00;04.12.2021 00:00;106,48
04.12.2021 00:00;04.12.2021 01:00;125,06
04.12.2021 01:00;04.12.2021 02:00;125,28
04.12.2021 02:00;04.12.2021 03:00;171,46
04.12.2021 03:00;04.12.2021 04:00;185,0
04.12.2021 04:00;04.12.2021 05:00;185,01
04.12.2021 05:00;04.12.2021 06:00;183,79
04.12.2021 06:00;04.12.2021 07:00;187,6
04.12.2021 07:00;04.12.2021 08:00;205,0
04.12.2021 08:00;04.12.2021 09:00;222,79
04.12.2021 09:00;04.12.2021 10:00;235,01
04.12.2021 10:00;04.12.2021 11:00;239,55
04.12.2021 11:00;04.12.2021 12:00;235,01
04.12.2021 12:00;04.12.2021 13:00;237,92
04.12.2021 13:00;04.12.2021 14:00;222,0
04.12.2021 14:00;04.12.2021 15:00;218,73
04.12.2021 15:00;04.12.2021 16:00;210,0
04.12.2021 16:00;04.12.2021 17:00;222,0
04.12.2021 17:00;04.12.2021 18:00;243,05
04.12.2021 18:00;04.12.2021 19:00;230,57
04.12.2021 19:00;04.12.2021 20:00;196,77
04.12.2021 20:00;04.12.2021 21:00;200,27
04.12.2021 21:00;04.12.2021 22:00;157,71
04.12.2021 22:00;04.12.2021 23:00;150,89
04.12.2021 23:00;05.12.2021 00:00;119,86
05.12.2021 00:00;05.12.2021 01:00;87,48
05.12.2021 01:00;05.12.2021 02:00;87,92
05.12.2021 02:00;05.12.2021 03:00;84,63
05.12.2021 03:00;05.12.2021 04:00;80,99
05.12.2021 04:00;05.12.2021 05:00;80,92
05.12.2021 05:00;05.12.2021 06:00;84,77
05.12.2021 06:00;05.12.2021 07:00;80,97
05.12.2021 07:00;05.12.2021 08:00;91,9
05.12.2021 08:00;05.12.2021 09:00;100,05
05.12.2021 09:00;05.12.2021 10:00;121,43
05.12.2021 10:00;05.12.2021 11:00;132,56
05.12.2021 11:00;05.12.2021 12:00;210,0
05.12.2021 12:00;05.12.2021 13:00;200,06
05.12.2021 13:00;05.12.2021 14:00;197,56
05.12.2021 14:00;05.12.2021 15:00;201,02
05.12.2021 15:00;05.12.2021 16:00;209,78
05.12.2021 16:00;05.12.2021 17:00;229,07
05.12.2021 17:00;05.12.2021 18:00;256,91
05.12.2021 18:00;05.12.2021 19:00;260,0
05.12.2021 19:00;05.12.2021 20:00;220,98
05.12.2021 20:00;05.12.2021 21:00;208,64
05.12.2021 21:00;05.12.2021 22:00;195,38
05.12.2021 22:00;05.12.2021 23:00;196,13
05.12.2021 23:00;06.12.2021 00:00;165,92
06.12.2021 00:00;06.12.2021 01:00;197,53
06.12.2021 01:00;06.12.2021 02:00;182,57
06.12.2021 02:00;06.12.2021 03:00;184,2
06.12.2021 03:00;06.12.2021 04:00;174,12
06.12.2021 04:00;06.12.2021 05:00;174,14
06.12.2021 05:00;06.12.2021 06:00;181,95
06.12.2021 06:00;06.12.2021 07:00;263,39
06.12.2021 07:00;06.12.2021 08:00;348,1
06.12.2021 08:00;06.12.2021 09:00;371,54
06.12.2021 09:00;06.12.2021 10:00;363,67
06.12.2021 10:00;06.12.2021 11:00;360,0
06.12.2021 11:00;06.12.2021 12:00;353,01
06.12.2021 12:00;06.12.2021 13:00;331,71
06.12.2021 13:00;06.12.2021 14:00;315,13
06.12.2021 14:00;06.12.2021 15:00;314,93
06.12.2021 15:00;06.12.2021 16:00;317,07
06.12.2021 16:00;06.12.2021 17:00;313,9
06.12.2021 17:00;06.12.2021 18:00;313,64
06.12.2021 18:00;06.12.2021 19:00;276,4
06.12.2021 19:00;06.12.2021 20:00;250,02
06.12.2021 20:00;06.12.2021 21:00;225,8
06.12.2021 21:00;06.12.2021 22:00;199,0
06.12.2021 22:00;06.12.2021 23:00;195,5
06.12.2021 23:00;07.12.2021 00:00;162,1
07.12.2021 00:00;07.12.2021 01:00;131,45
07.12.2021 01:00;07.12.2021 02:00;119,95
07.12.2021 02:00;07.12.2021 03:00;114,9
07.12.2021 03:00;07.12.2021 04:00;114,61
07.12.2021 04:00;07.12.2021 05:00;131,01
07.12.2021 05:00;07.12.2021 06:00;145,45
07.12.2021 06:00;07.12.2021 07:00;210,06
07.12.2021 07:00;07.12.2021 08:00;280,01
07.12.2021 08:00;07.12.2021 09:00;299,15
07.12.2021 09:00;07.12.2021 10:00;294,99
07.12.2021 10:00;07.12.2021 11:00;285,56
07.12.2021 11:00;07.12.2021 12:00;291,75
07.12.2021 12:00;07.12.2021 13:00;283,94
07.12.2021 13:00;07.12.2021 14:00;280,17
07.12.2021 14:00;07.12.2021 15:00;287,2
07.12.2021 15:00;07.12.2021 16:00;292,62
07.12.2021 16:00;07.12.2021 17:00;294,94
07.12.2021 17:00;07.12.2021 18:00;279,96
07.12.2021 18:00;07.12.2021 19:00;250,09
07.12.2021 19:00;07.12.2021 20:00;210,97
07.12.2021 20:00;07.12.2021 21:00;198,35
07.12.2021 21:00;07.12.2021 22:00;177,43
07.12.2021 22:00;07.12.2021 23:00;122,53
07.12.2021 23:00;08.12.2021 00:00;91,36
08.12.2021 00:00;08.12.2021 01:00;85,46
08.12.2021 01:00;08.12.2021 02:00;77,64
08.12.2021 02:00;08.12.2021 03:00;69,96
08.12.2021 03:00;08.12.2021 04:00;66,08
08.12.2021 04:00;08.12.2021 05:00;79,95
08.12.2021 05:00;08.12.2021 06:00;92,02
08.12.2021 06:00;08.12.2021 07:00;117,46
08.12.2021 07:00;08.12.2021 08:00;174,28
08.12.2021 08:00;08.12.2021 09:00;227,96
08.12.2021 09:00;08.12.2021 10:00;222,92
08.12.2021 10:00;08.12.2021 11:00;201,96
08.12.2021 11:00;08.12.2021 12:00;204,98
08.12.2021 12:00;08.12.2021 13:00;214,66
08.12.2021 13:00;08.12.2021 14:00;220,01
08.12.2021 14:00;08.12.2021 15:00;240,07
08.12.2021 15:00;08.12.2021 16:00;247,19
08.12.2021 16:00;08.12.2021 17:00;261,54
08.12.2021 17:00;08.12.2021 18:00;292,0
08.12.2021 18:00;08.12.2021 19:00;266,48
08.12.2021 19:00;08.12.2021 20:00;252,0
08.12.2021 20:00;08.12.2021 21:00;210,7
08.12.2021 21:00;08.12.2021 22:00;196,7
08.12.2021 22:00;08.12.2021 23:00;221,21
08.12.2021 23:00;09.12.2021 00:00;174,21
09.12.2021 00:00;09.12.2021 01:00;189,68
09.12.2021 01:00;09.12.2021 02:00;194,74
09.12.2021 02:00;09.12.2021 03:00;170,51
09.12.2021 03:00;09.12.2021 04:00;181,07
09.12.2021 04:00;09.12.2021 05:00;194,96
09.12.2021 05:00;09.12.2021 06:00;196,83
09.12.2021 06:00;09.12.2021 07:00;247,68
09.12.2021 07:00;09.12.2021 08:00;308,2
09.12.2021 08:00;09.12.2021 09:00;338,29
09.12.2021 09:00;09.12.2021 10:00;346,2
09.12.2021 10:00;09.12.2021 11:00;338,99
09.12.2021 11:00;09.12.2021 12:00;340,0
09.12.2021 12:00;09.12.2021 13:00;335,64
09.12.2021 13:00;09.12.2021 14:00;334,51
09.12.2021 14:00;09.12.2021 15:00;342,19
09.12.2021 15:00;09.12.2021 16:00;343,0
09.12.2021 16:00;09.12.2021 17:00;349,21
09.12.2021 17:00;09.12.2021 18:00;355,69
09.12.2021 18:00;09.12.2021 19:00;345,0
09.12.2021 19:00;09.12.2021 20:00;316,3
09.12.2021 20:00;09.12.2021 21:00;260,6
09.12.2021 21:00;09.12.2021 22:00;220,0
09.12.2021 22:00;09.12.2021 23:00;224,95
09.12.2021 23:00;10.12.2021 00:00;194,97
10.12.2021 00:00;10.12.2021 01:00;197,97
10.12.2021 01:00;10.12.2021 02:00;175,33
10.12.2021 02:00;10.12.2021 03:00;152,68
10.12.2021 03:00;10.12.2021 04:00;146,78
10.12.2021 04:00;10.12.2021 05:00;155,01
10.12.2021 05:00;10.12.2021 06:00;200,02
10.12.2021 06:00;10.12.2021 07:00;237,98
10.12.2021 07:00;10.12.2021 08:00;282,83
10.12.2021 08:00;10.12.2021 09:00;299,5
10.12.2021 09:00;10.12.2021 10:00;290,81
10.12.2021 10:00;10.12.2021 11:00;282,78
10.12.2021 11:00;10.12.2021 12:00;266,49
10.12.2021 12:00;10.12.2021 13:00;250,79
10.12.2021 13:00;10.12.2021 14:00;245,1
10.12.2021 14:00;10.12.2021 15:00;242,85
10.12.2021 15:00;10.12.2021 16:00;254,61
10.12.2021 16:00;10.12.2021 17:00;274,76
10.12.2021 17:00;10.12.2021 18:00;300,04
10.12.2021 18:00;10.12.2021 19:00;297,35
10.12.2021 19:00;10.12.2021 20:00;265,41
10.12.2021 20:00;10.12.2021 21:00;254,57
10.12.2021 21:00;10.12.2021 22:00;234,28
10.12.2021 22:00;10.12.2021 23:00;233,38
10.12.2021 23:00;11.12.2021 00:00;213,41
11.12.2021 00:00;11.12.2021 01:00;221,11
11.12.2021 01:00;11.12.2021 02:00;213,53
11.12.2021 02:00;11.12.2021 03:00;208,03
11.12.2021 03:00;11.12.2021 04:00;206,6
11.12.2021 04:00;11.12.2021 05:00;201,6
11.12.2021 05:00;11.12.2021 06:00;206,7
11.12.2021 06:00;11.12.2021 07:00;220,07
11.12.2021 07:00;11.12.2021 08:00;243,9
11.12.2021 08:00;11.12.2021 09:00;273,17
11.12.2021 09:00;11.12.2021 10:00;294,98
11.12.2021 10:00;11.12.2021 11:00;291,05
11.12.2021 11:00;11.12.2021 12:00;294,14
11.12.2021 12:00;11.12.2021 13:00;292,49
11.12.2021 13:00;11.12.2021 14:00;253,51
11.12.2021 14:00;11.12.2021 15:00;241,09
11.12.2021 15:00;11.12.2021 16:00;247,07
11.12.2021 16:00;11.12.2021 17:00;263,73
11.12.2021 17:00;11.12.2021 18:00;281,59
11.12.2021 18:00;11.12.2021 19:00;280,93
11.12.2021 19:00;11.12.2021 20:00;234,35
11.12.2021 20:00;11.12.2021 21:00;223,4
11.12.2021 21:00;11.12.2021 22:00;198,37
11.12.2021 22:00;11.12.2021 23:00;174,94
11.12.2021 23:00;12.12.2021 00:00;130,01
12.12.2021 00:00;12.12.2021 01:00;136,22
12.12.2021 01:00;12.12.2021 02:00;120,5
12.12.2021 02:00;12.12.2021 03:00;114,17
12.12.2021 03:00;12.12.2021 04:00;109,92
12.12.2021 04:00;12.12.2021 05:00;106,98
12.12.2021 05:00;12.12.2021 06:00;105,9
12.12.2021 06:00;12.12.2021 07:00;105,94
12.12.2021 07:00;12.12.2021 08:00;108,27
12.12.2021 08:00;12.12.2021 09:00;115,73
12.12.2021 09:00;12.12.2021 10:00;136,19
12.12.2021 10:00;12.12.2021 11:00;175,01
12.12.2021 11:00;12.12.2021 12:00;205,0
12.12.2021 12:00;12.12.2021 13:00;205,0
12.12.2021 13:00;12.12.2021 14:00;195,83
12.12.2021 14:00;12.12.2021 15:00;204,57
12.12.2021 15:00;12.12.2021 16:00;231,08
12.12.2021 16:00;12.12.2021 17:00;253,33
12.12.2021 17:00;12.12.2021 18:00;282,0
12.12.2021 18:00;12.12.2021 19:00;290,3
12.12.2021 19:00;12.12.2021 20:00;268,64
12.12.2021 20:00;12.12.2021 21:00;265,79
12.12.2021 21:00;12.12.2021 22:00;233,63
12.12.2021 22:00;12.12.2021 23:00;236,53
12.12.2021 23:00;13.12.2021 00:00;188,38
13.12.2021 00:00;13.12.2021 01:00;183,78
13.12.2021 01:00;13.12.2021 02:00;156,62
13.12.2021 02:00;13.12.2021 03:00;143,82
13.12.2021 03:00;13.12.2021 04:00;137,81
13.12.2021 04:00;13.12.2021 05:00;145,13
13.12.2021 05:00;13.12.2021 06:00;157,11
13.12.2021 06:00;13.12.2021 07:00;269,2
13.12.2021 07:00;13.12.2021 08:00;313,61
13.12.2021 08:00;13.12.2021 09:00;325,0
13.12.2021 09:00;13.12.2021 10:00;333,19
13.12.2021 10:00;13.12.2021 11:00;326,84
13.12.2021 11:00;13.12.2021 12:00;324,93
13.12.2021 12:00;13.12.2021 13:00;320,65
13.12.2021 13:00;13.12.2021 14:00;320,6
13.12.2021 14:00;13.12.2021 15:00;320,94
13.12.2021 15:00;13.12.2021 16:00;322,25
13.12.2021 16:00;13.12.2021 17:00;331,9
13.12.2021 17:00;13.12.2021 18:00;353,73
13.12.2021 18:00;13.12.2021 19:00;322,57
13.12.2021 19:00;13.12.2021 20:00;315,79
13.12.2021 20:00;13.12.2021 21:00;265,06
13.12.2021 21:00;13.12.2021 22:00;232,75
13.12.2021 22:00;13.12.2021 23:00;236,58
13.12.2021 23:00;14.12.2021 00:00;192,04
14.12.2021 00:00;14.12.2021 01:00;185,45
14.12.2021 01:00;14.12.2021 02:00;160,14
14.12.2021 02:00;14.12.2021 03:00;144,42
14.12.2021 03:00;14.12.2021 04:00;144,93
14.12.2021 04:00;14.12.2021 05:00;160,86
14.12.2021 05:00;14.12.2021 06:00;197,33
14.12.2021 06:00;14.12.2021 07:00;217,12
14.12.2021 07:00;14.12.2021 08:00;320,08
14.12.2021 08:00;14.12.2021 09:00;350,25
14.12.2021 09:00;14.12.2021 10:00;364,12
14.12.2021 10:00;14.12.2021 11:00;362,6
14.12.2021 11:00;14.12.2021 12:00;370,01
14.12.2021 12:00;14.12.2021 13:00;371,7
14.12.2021 13:00;14.12.2021 14:00;370,47
14.12.2021 14:00;14.12.2021 15:00;373,81
14.12.2021 15:00;14.12.2021 16:00;372,67
14.12.2021 16:00;14.12.2021 17:00;380,0
14.12.2021 17:00;14.12.2021 18:00;400,0
14.12.2021 18:00;14.12.2021 19:00;393,5
14.12.2021 19:00;14.12.2021 20:00;359,92
14.12.2021 20:00;14.12.2021 21:00;337,89
14.12.2021 21:00;14.12.2021 22:00;288,77
14.12.2021 22:00;14.12.2021 23:00;254,7
14.12.2021 23:00;15.12.2021 00:00;218,89
15.12.2021 00:00;15.12.2021 01:00;230,2
15.12.2021 01:00;15.12.2021 02:00;214,8
15.12.2021 02:00;15.12.2021 03:00;199,98
15.12.2021 03:00;15.12.2021 04:00;185,01
15.12.2021 04:00;15.12.2021 05:00;205,7
15.12.2021 05:00;15.12.2021 06:00;237,2
15.12.2021 06:00;15.12.2021 07:00;270,9
15.12.2021 07:00;15.12.2021 08:00;338,32
15.12.2021 08:00;15.12.2021 09:00;330,06
15.12.2021 09:00;15.12.2021 10:00;330,09
15.12.2021 10:00;15.12.2021 11:00;331,44
15.12.2021 11:00;15.12.2021 12:00;330,78
15.12.2021 12:00;15.12.2021 13:00;330,06
15.12.2021 13:00;15.12.2021 14:00;329,94
15.12.2021 14:00;15.12.2021 15:00;345,68
15.12.2021 15:00;15.12.2021 16:00;349,92
15.12.2021 16:00;15.12.2021 17:00;350,17
15.12.2021 17:00;15.12.2021 18:00;402,0
15.12.2021 18:00;15.12.2021 19:00;347,99
15.12.2021 19:00;15.12.2021 20:00;332,34
15.12.2021 20:00;15.12.2021 21:00;322,74
15.12.2021 21:00;15.12.2021 22:00;256,78
15.12.2021 22:00;15.12.2021 23:00;260,76
15.12.2021 23:00;16.12.2021 00:00;251,95
16.12.2021 00:00;16.12.2021 01:00;241,19
16.12.2021 01:00;16.12.2021 02:00;231,05
16.12.2021 02:00;16.12.2021 03:00;208,15
16.12.2021 03:00;16.12.2021 04:00;230,62
16.12.2021 04:00;16.12.2021 05:00;251,78
16.12.2021 05:00;16.12.2021 06:00;266,49
16.12.2021 06:00;16.12.2021 07:00;313,93
16.12.2021 07:00;16.12.2021 08:00;403,56
16.12.2021 08:00;16.12.2021 09:00;411,12
16.12.2021 09:00;16.12.2021 10:00;416,8
16.12.2021 10:00;16.12.2021 11:00;408,8
16.12.2021 11:00;16.12.2021 12:00;404,19
16.12.2021 12:00;16.12.2021 13:00;400,18
16.12.2021 13:00;16.12.2021 14:00;390,63
16.12.2021 14:00;16.12.2021 15:00;395,24
16.12.2021 15:00;16.12.2021 16:00;399,72
16.12.2021 16:00;16.12.2021 17:00;416,23
16.12.2021 17:00;16.12.2021 18:00;425,0
16.12.2021 18:00;16.12.2021 19:00;417,25
16.12.2021 19:00;16.12.2021 20:00;404,57
16.12.2021 20:00;16.12.2021 21:00;365,76
16.12.2021 21:00;16.12.2021 22:00;318,56
16.12.2021 22:00;16.12.2021 23:00;285,45
16.12.2021 23:00;17.12.2021 00:00;257,0
17.12.2021 00:00;17.12.2021 01:00;289,26
17.12.2021 01:00;17.12.2021 02:00;263,02
17.12.2021 02:00;17.12.2021 03:00;250,07
17.12.2021 03:00;17.12.2021 04:00;240,73
17.12.2021 04:00;17.12.2021 05:00;250,0
17.12.2021 05:00;17.12.2021 06:00;270,09
17.12.2021 06:00;17.12.2021 07:00;303,81
17.12.2021 07:00;17.12.2021 08:00;391,0
17.12.2021 08:00;17.12.2021 09:00;403,92
17.12.2021 09:00;17.12.2021 10:00;403,92
17.12.2021 10:00;17.12.2021 11:00;398,95
17.12.2021 11:00;17.12.2021 12:00;392,46
17.12.2021 12:00;17.12.2021 13:00;376,13
17.12.2021 13:00;17.12.2021 14:00;351,71
17.12.2021 14:00;17.12.2021 15:00;361,51
17.12.2021 15:00;17.12.2021 16:00;392,1
17.12.2021 16:00;17.12.2021 17:00;382,32
17.12.2021 17:00;17.12.2021 18:00;397,3
17.12.2021 18:00;17.12.2021 19:00;394,42
17.12.2021 19:00;17.12.2021 20:00;390,1
17.12.2021 20:00;17.12.2021 21:00;341,98
17.12.2021 21:00;17.12.2021 22:00;306,78
17.12.2021 22:00;17.12.2021 23:00;294,38
17.12.2021 23:00;18.12.2021 00:00;269,4
18.12.2021 00:00;18.12.2021 01:00;310,12
18.12.2021 01:00;18.12.2021 02:00;278,21
18.12.2021 02:00;18.12.2021 03:00;258,24
18.12.2021 03:00;18.12.2021 04:00;269,89
18.12.2021 04:00;18.12.2021 05:00;255,4
18.12.2021 05:00;18.12.2021 06:00;237,85
18.12.2021 06:00;18.12.2021 07:00;278,2
18.12.2021 07:00;18.12.2021 08:00;299,6
18.12.2021 08:00;18.12.2021 09:00;313,08
18.12.2021 09:00;18.12.2021 10:00;335,28
18.12.2021 10:00;18.12.2021 11:00;324,1
18.12.2021 11:00;18.12.2021 12:00;312,69
18.12.2021 12:00;18.12.2021 13:00;286,58
18.12.2021 13:00;18.12.2021 14:00;287,16
18.12.2021 14:00;18.12.2021 15:00;286,8
18.12.2021 15:00;18.12.2021 16:00;274,7
18.12.2021 16:00;18.12.2021 17:00;311,01
18.12.2021 17:00;18.12.2021 18:00;332,53
18.12.2021 18:00;18.12.2021 19:00;290,93
18.12.2021 19:00;18.12.2021 20:00;199,9
18.12.2021 20:00;18.12.2021 21:00;178,07
18.12.2021 21:00;18.12.2021 22:00;127,71
18.12.2021 22:00;18.12.2021 23:00;99,78
18.12.2021 23:00;19.12.2021 00:00;80,49
19.12.2021 00:00;19.12.2021 01:00;83,0
19.12.2021 01:00;19.12.2021 02:00;71,92
19.12.2021 02:00;19.12.2021 03:00;69,9
19.12.2021 03:00;19.12.2021 04:00;50,07
19.12.2021 04:00;19.12.2021 05:00;42,68
19.12.2021 05:00;19.12.2021 06:00;30,85
19.12.2021 06:00;19.12.2021 07:00;21,83
19.12.2021 07:00;19.12.2021 08:00;59,96
19.12.2021 08:00;19.12.2021 09:00;70,97
19.12.2021 09:00;19.12.2021 10:00;86,03
19.12.2021 10:00;19.12.2021 11:00;86,8
19.12.2021 11:00;19.12.2021 12:00;107,61
19.12.2021 12:00;19.12.2021 13:00;100,03
19.12.2021 13:00;19.12.2021 14:00;85,78
19.12.2021 14:00;19.12.2021 15:00;87,7
19.12.2021 15:00;19.12.2021 16:00;99,99
19.12.2021 16:00;19.12.2021 17:00;133,78
19.12.2021 17:00;19.12.2021 18:00;181,81
19.12.2021 18:00;19.12.2021 19:00;197,76
19.12.2021 19:00;19.12.2021 20:00;204,09
19.12.2021 20:00;19.12.2021 21:00;225,12
19.12.2021 21:00;19.12.2021 22:00;239,01
19.12.2021 22:00;19.12.2021 23:00;328,0
19.12.2021 23:00;20.12.2021 00:00;207,47
20.12.2021 00:00;20.12.2021 01:00;159,25
20.12.2021 01:00;20.12.2021 02:00;152,05
20.12.2021 02:00;20.12.2021 03:00;148,91
20.12.2021 03:00;20.12.2021 04:00;145,51
20.12.2021 04:00;20.12.2021 05:00;136,9
20.12.2021 05:00;20.12.2021 06:00;138,27
20.12.2021 06:00;20.12.2021 07:00;305,12
20.12.2021 07:00;20.12.2021 08:00;396,95
20.12.2021 08:00;20.12.2021 09:00;436,42
20.12.2021 09:00;20.12.2021 10:00;410,03
20.12.2021 10:00;20.12.2021 11:00;373,78
20.12.2021 11:00;20.12.2021 12:00;364,85
20.12.2021 12:00;20.12.2021 13:00;333,09
20.12.2021 13:00;20.12.2021 14:00;368,35
20.12.2021 14:00;20.12.2021 15:00;404,92
20.12.2021 15:00;20.12.2021 16:00;428,82
20.12.2021 16:00;20.12.2021 17:00;439,97
20.12.2021 17:00;20.12.2021 18:00;460,08
20.12.2021 18:00;20.12.2021 19:00;465,98
20.12.2021 19:00;20.12.2021 20:00;442,73
20.12.2021 20:00;20.12.2021 21:00;424,0
20.12.2021 21:00;20.12.2021 22:00;373,18
20.12.2021 22:00;20.12.2021 23:00;340,99
20.12.2021 23:00;21.12.2021 00:00;302,74
21.12.2021 00:00;21.12.2021 01:00;283,9
21.12.2021 01:00;21.12.2021 02:00;298,09
21.12.2021 02:00;21.12.2021 03:00;293,2
21.12.2021 03:00;21.12.2021 04:00;294,14
21.12.2021 04:00;21.12.2021 05:00;291,12
21.12.2021 05:00;21.12.2021 06:00;322,48
21.12.2021 06:00;21.12.2021 07:00;399,98
21.12.2021 07:00;21.12.2021 08:00;471,02
21.12.2021 08:00;21.12.2021 09:00;510,02
21.12.2021 09:00;21.12.2021 10:00;513,58
21.12.2021 10:00;21.12.2021 11:00;503,39
21.12.2021 11:00;21.12.2021 12:00;480,0
21.12.2021 12:00;21.12.2021 13:00;457,26
21.12.2021 13:00;21.12.2021 14:00;460,0
21.12.2021 14:00;21.12.2021 15:00;476,21
21.12.2021 15:00;21.12.2021 16:00;505,13
21.12.2021 16:00;21.12.2021 17:00;539,91
21.12.2021 17:00;21.12.2021 18:00;620,0
21.12.2021 18:00;21.12.2021 19:00;600,1
21.12.2021 19:00;21.12.2021 20:00;520,0
21.12.2021 20:00;21.12.2021 21:00;470,59
21.12.2021 21:00;21.12.2021 22:00;408,25
21.12.2021 22:00;21.12.2021 23:00;351,06
21.12.2021 23:00;22.12.2021 00:00;297,97
22.12.2021 00:00;22.12.2021 01:00;358,65
22.12.2021 01:00;22.12.2021 02:00;348,19
22.12.2021 02:00;22.12.2021 03:00;335,63
22.12.2021 03:00;22.12.2021 04:00;317,55
22.12.2021 04:00;22.12.2021 05:00;322,0
22.12.2021 05:00;22.12.2021 06:00;353,28
22.12.2021 06:00;22.12.2021 07:00;419,46
22.12.2021 07:00;22.12.2021 08:00;505,34
22.12.2021 08:00;22.12.2021 09:00;520,59
22.12.2021 09:00;22.12.2021 10:00;506,93
22.12.2021 10:00;22.12.2021 11:00;485,51
22.12.2021 11:00;22.12.2021 12:00;429,25
22.12.2021 12:00;22.12.2021 13:00;395,69
22.12.2021 13:00;22.12.2021 14:00;400,54
22.12.2021 14:00;22.12.2021 15:00;471,13
22.12.2021 15:00;22.12.2021 16:00;499,43
22.12.2021 16:00;22.12.2021 17:00;505,5
22.12.2021 17:00;22.12.2021 18:00;529,2
22.12.2021 18:00;22.12.2021 19:00;503,71
22.12.2021 19:00;22.12.2021 20:00;450,28
22.12.2021 20:00;22.12.2021 21:00;379,45
22.12.2021 21:00;22.12.2021 22:00;347,88
22.12.2021 22:00;22.12.2021 23:00;336,15
22.12.2021 23:00;23.12.2021 00:00;280,0
23.12.2021 00:00;23.12.2021 01:00;312,7
23.12.2021 01:00;23.12.2021 02:00;300,51
23.12.2021 02:00;23.12.2021 03:00;262,77
23.12.2021 03:00;23.12.2021 04:00;255,51
23.12.2021 04:00;23.12.2021 05:00;259,28
23.12.2021 05:00;23.12.2021 06:00;327,56
23.12.2021 06:00;23.12.2021 07:00;388,51
23.12.2021 07:00;23.12.2021 08:00;417,01
23.12.2021 08:00;23.12.2021 09:00;450,06
23.12.2021 09:00;23.12.2021 10:00;420,4
23.12.2021 10:00;23.12.2021 11:00;364,42
23.12.2021 11:00;23.12.2021 12:00;380,0
23.12.2021 12:00;23.12.2021 13:00;346,92
23.12.2021 13:00;23.12.2021 14:00;300,26
23.12.2021 14:00;23.12.2021 15:00;299,31
23.12.2021 15:00;23.12.2021 16:00;306,81
23.12.2021 16:00;23.12.2021 17:00;350,0
23.12.2021 17:00;23.12.2021 18:00;355,04
23.12.2021 18:00;23.12.2021 19:00;294,98
23.12.2021 19:00;23.12.2021 20:00;230,93
23.12.2021 20:00;23.12.2021 21:00;206,79
23.12.2021 21:00;23.12.2021 22:00;150,5
23.12.2021 22:00;23.12.2021 23:00;138,3
23.12.2021 23:00;24.12.2021 00:00;98,85
24.12.2021 00:00;24.12.2021 01:00;110,06
24.12.2021 01:00;24.12.2021 02:00;98,51
24.12.2021 02:00;24.12.2021 03:00;91,94
24.12.2021 03:00;24.12.2021 04:00;100,17
24.12.2021 04:00;24.12.2021 05:00;110,09
24.12.2021 05:00;24.12.2021 06:00;110,0
24.12.2021 06:00;24.12.2021 07:00;88,88
24.12.2021 07:00;24.12.2021 08:00;158,0
24.12.2021 08:00;24.12.2021 09:00;207,73
24.12.2021 09:00;24.12.2021 10:00;201,81
24.12.2021 10:00;24.12.2021 11:00;203,1
24.12.2021 11:00;24.12.2021 12:00;234,2
24.12.2021 12:00;24.12.2021 13:00;244,65
24.12.2021 13:00;24.12.2021 14:00;220,94
24.12.2021 14:00;24.12.2021 15:00;225,34
24.12.2021 15:00;24.12.2021 16:00;228,65
24.12.2021 16:00;24.12.2021 17:00;264,24
24.12.2021 17:00;24.12.2021 18:00;278,57
24.12.2021 18:00;24.12.2021 19:00;243,09
24.12.2021 19:00;24.12.2021 20:00;248,83
24.12.2021 20:00;24.12.2021 21:00;250,0
24.12.2021 21:00;24.12.2021 22:00;267,03
24.12.2021 22:00;24.12.2021 23:00;274,33
24.12.2021 23:00;25.12.2021 00:00;248,85
25.12.2021 00:00;25.12.2021 01:00;180,25
25.12.2021 01:00;25.12.2021 02:00;157,15
25.12.2021 02:00;25.12.2021 03:00;184,07
25.12.2021 03:00;25.12.2021 04:00;162,22
25.12.2021 04:00;25.12.2021 05:00;135,0
25.12.2021 05:00;25.12.2021 06:00;125,31
25.12.2021 06:00;25.12.2021 07:00;128,03
25.12.2021 07:00;25.12.2021 08:00;142,46
25.12.2021 08:00;25.12.2021 09:00;174,47
25.12.2021 09:00;25.12.2021 10:00;206,55
25.12.2021 10:00;25.12.2021 11:00;218,06
25.12.2021 11:00;25.12.2021 12:00;227,18
25.12.2021 12:00;25.12.2021 13:00;230,07
25.12.2021 13:00;25.12.2021 14:00;221,88
25.12.2021 14:00;25.12.2021 15:00;223,1
25.12.2021 15:00;25.12.2021 16:00;226,0
25.12.2021 16:00;25.12.2021 17:00;231,52
25.12.2021 17:00;25.12.2021 18:00;244,81
25.12.2021 18:00;25.12.2021 19:00;245,1
25.12.2021 19:00;25.12.2021 20:00;232,22
25.12.2021 20:00;25.12.2021 21:00;230,32
25.12.2021 21:00;25.12.2021 22:00;224,57
25.12.2021 22:00;25.12.2021 23:00;229,56
25.12.2021 23:00;26.12.2021 00:00;179,12
26.12.2021 00:00;26.12.2021 01:00;178,37
26.12.2021 01:00;26.12.2021 02:00;156,86
26.12.2021 02:00;26.12.2021 03:00;153,83
26.12.2021 03:00;26.12.2021 04:00;133,26
26.12.2021 04:00;26.12.2021 05:00;126,66
26.12.2021 05:00;26.12.2021 06:00;130,24
26.12.2021 06:00;26.12.2021 07:00;132,24
26.12.2021 07:00;26.12.2021 08:00;162,5
26.12.2021 08:00;26.12.2021 09:00;174,39
26.12.2021 09:00;26.12.2021 10:00;185,94
26.12.2021 10:00;26.12.2021 11:00;199,35
26.12.2021 11:00;26.12.2021 12:00;202,81
26.12.2021 12:00;26.12.2021 13:00;199,4
26.12.2021 13:00;26.12.2021 14:00;193,73
26.12.2021 14:00;26.12.2021 15:00;193,3
26.12.2021 15:00;26.12.2021 16:00;193,39
26.12.2021 16:00;26.12.2021 17:00;195,65
26.12.2021 17:00;26.12.2021 18:00;217,55
26.12.2021 18:00;26.12.2021 19:00;210,58
26.12.2021 19:00;26.12.2021 20:00;207,75
26.12.2021 20:00;26.12.2021 21:00;190,69
26.12.2021 21:00;26.12.2021 22:00;155,49
26.12.2021 22:00;26.12.2021 23:00;144,9
26.12.2021 23:00;27.12.2021 00:00;100,08
27.12.2021 00:00;27.12.2021 01:00;95,79
27.12.2021 01:00;27.12.2021 02:00;86,23
27.12.2021 02:00;27.12.2021 03:00;81,36
27.12.2021 03:00;27.12.2021 04:00;78,96
27.12.2021 04:00;27.12.2021 05:00;76,04
27.12.2021 05:00;27.12.2021 06:00;97,53
27.12.2021 06:00;27.12.2021 07:00;110,05
27.12.2021 07:00;27.12.2021 08:00;134,11
27.12.2021 08:00;27.12.2021 09:00;164,52
27.12.2021 09:00;27.12.2021 10:00;198,17
27.12.2021 10:00;27.12.2021 11:00;204,36
27.12.2021 11:00;27.12.2021 12:00;199,04
27.12.2021 12:00;27.12.2021 13:00;210,04
27.12.2021 13:00;27.12.2021 14:00;200,18
27.12.2021 14:00;27.12.2021 15:00;188,43
27.12.2021 15:00;27.12.2021 16:00;186,06
27.12.2021 16:00;27.12.2021 17:00;180,42
27.12.2021 17:00;27.12.2021 18:00;205,0
27.12.2021 18:00;27.12.2021 19:00;207,1
27.12.2021 19:00;27.12.2021 20:00;196,05
27.12.2021 20:00;27.12.2021 21:00;161,33
27.12.2021 21:00;27.12.2021 22:00;111,05
27.12.2021 22:00;27.12.2021 23:00;113,05
27.12.2021 23:00;28.12.2021 00:00;87,0
28.12.2021 00:00;28.12.2021 01:00;74,4
28.12.2021 01:00;28.12.2021 02:00;59,99
28.12.2021 02:00;28.12.2021 03:00;46,92
28.12.2021 03:00;28.12.2021 04:00;36,22
28.12.2021 04:00;28.12.2021 05:00;37,86
28.12.2021 05:00;28.12.2021 06:00;48,6
28.12.2021 06:00;28.12.2021 07:00;75,59
28.12.2021 07:00;28.12.2021 08:00;101,96
28.12.2021 08:00;28.12.2021 09:00;122,23
28.12.2021 09:00;28.12.2021 10:00;142,96
28.12.2021 10:00;28.12.2021 11:00;142,16
28.12.2021 11:00;28.12.2021 12:00;135,16
28.12.2021 12:00;28.12.2021 13:00;126,59
28.12.2021 13:00;28.12.2021 14:00;115,36
28.12.2021 14:00;28.12.2021 15:00;101,55
28.12.2021 15:00;28.12.2021 16:00;90,95
28.12.2021 16:00;28.12.2021 17:00;101,9
28.12.2021 17:00;28.12.2021 18:00;139,0
28.12.2021 18:00;28.12.2021 19:00;150,06
28.12.2021 19:00;28.12.2021 20:00;149,89
28.12.2021 20:00;28.12.2021 21:00;139,09
28.12.2021 21:00;28.12.2021 22:00;125,22
28.12.2021 22:00;28.12.2021 23:00;127,68
28.12.2021 23:00;29.12.2021 00:00;110,08
29.12.2021 00:00;29.12.2021 01:00;112,06
29.12.2021 01:00;29.12.2021 02:00;93,27
29.12.2021 02:00;29.12.2021 03:00;94,37
29.12.2021 03:00;29.12.2021 04:00;90,82
29.12.2021 04:00;29.12.2021 05:00;94,01
29.12.2021 05:00;29.12.2021 06:00;117,63
29.12.2021 06:00;29.12.2021 07:00;139,98
29.12.2021 07:00;29.12.2021 08:00;188,0
29.12.2021 08:00;29.12.2021 09:00;200,0
29.12.2021 09:00;29.12.2021 10:00;203,45
29.12.2021 10:00;29.12.2021 11:00;204,2
29.12.2021 11:00;29.12.2021 12:00;204,38
29.12.2021 12:00;29.12.2021 13:00;205,61
29.12.2021 13:00;29.12.2021 14:00;205,62
29.12.2021 14:00;29.12.2021 15:00;205,7
29.12.2021 15:00;29.12.2021 16:00;200,0
29.12.2021 16:00;29.12.2021 17:00;195,99
29.12.2021 17:00;29.12.2021 18:00;203,44
29.12.2021 18:00;29.12.2021 19:00;183,93
29.12.2021 19:00;29.12.2021 20:00;163,63
29.12.2021 20:00;29.12.2021 21:00;130,06
29.12.2021 21:00;29.12.2021 22:00;108,64
29.12.2021 22:00;29.12.2021 23:00;106,34
29.12.2021 23:00;30.12.2021 00:00;83,35
30.12.2021 00:00;30.12.2021 01:00;73,08
30.12.2021 01:00;30.12.2021 02:00;47,86
30.12.2021 02:00;30.12.2021 03:00;33,12
30.12.2021 03:00;30.12.2021 04:00;25,56
30.12.2021 04:00;30.12.2021 05:00;21,36
30.12.2021 05:00;30.12.2021 06:00;43,1
30.12.2021 06:00;30.12.2021 07:00;60,01
30.12.2021 07:00;30.12.2021 08:00;97,26
30.12.2021 08:00;30.12.2021 09:00;103,37
30.12.2021 09:00;30.12.2021 10:00;93,6
30.12.2021 10:00;30.12.2021 11:00;98,06
30.12.2021 11:00;30.12.2021 12:00;95,55
30.12.2021 12:00;30.12.2021 13:00;97,23
30.12.2021 13:00;30.12.2021 14:00;88,75
30.12.2021 14:00;30.12.2021 15:00;81,7
30.12.2021 15:00;30.12.2021 16:00;75,44
30.12.2021 16:00;30.12.2021 17:00;81,92
30.12.2021 17:00;30.12.2021 18:00;91,98
30.12.2021 18:00;30.12.2021 19:00;89,98
30.12.2021 19:00;30.12.2021 20:00;81,97
30.12.2021 20:00;30.12.2021 21:00;75,48
30.12.2021 21:00;30.12.2021 22:00;70,91
30.12.2021 22:00;30.12.2021 23:00;75,35
30.12.2021 23:00;31.12.2021 00:00;55,65
31.12.2021 00:00;31.12.2021 01:00;5,71
31.12.2021 01:00;31.12.2021 02:00;0,09
31.12.2021 02:00;31.12.2021 03:00;-0,03
31.12.2021 03:00;31.12.2021 04:00;-0,05
31.12.2021 04:00;31.12.2021 05:00;-0,03
31.12.2021 05:00;31.12.2021 06:00;0,04
31.12.2021 06:00;31.12.2021 07:00;-0,05
31.12.2021 07:00;31.12.2021 08:00;-0,06
31.12.2021 08:00;31.12.2021 09:00;0,17
31.12.2021 09:00;31.12.2021 10:00;0,91
31.12.2021 10:00;31.12.2021 11:00;0,93
31.12.2021 11:00;31.12.2021 12:00;10,05
31.12.2021 12:00;31.12.2021 13:00;10,01
31.12.2021 13:00;31.12.2021 14:00;10,02
31.12.2021 14:00;31.12.2021 15:00;25,49
31.12.2021 15:00;31.12.2021 16:00;20,49
31.12.2021 16:00;31.12.2021 17:00;62,23
31.12.2021 17:00;31.12.2021 18:00;60,97
31.12.2021 18:00;31.12.2021 19:00;40,01
31.12.2021 19:00;31.12.2021 20:00;32,49
31.12.2021 20:00;31.12.2021 21:00;0,18
31.12.2021 21:00;31.12.2021 22:00;0,08
31.12.2021 22:00;31.12.2021 23:00;5,1
31.12.2021 23:00;01.01.2022 00:00;6,32
01.01.2022 00:00;01.01.2022 01:00;50,05
01.01.2022 01:00;01.01.2022 02:00;41,33
01.01.2022 02:00;01.01.2022 03:00;43,22
01.01.2022 03:00;01.01.2022 04:00;45,46
01.01.2022 04:00;01.01.2022 05:00;37,67
01.01.2022 05:00;01.01.2022 06:00;39,7
01.01.2022 06:00;01.01.2022 07:00;40,59
01.01.2022 07:00;01.01.2022 08:00;43,26
01.01.2022 08:00;01.01.2022 09:00;49,66
01.01.2022 09:00;01.01.2022 10:00;70,05
01.01.2022 10:00;01.01.2022 11:00;76,79
01.01.2022 11:00;01.01.2022 12:00;84,1
01.01.2022 12:00;01.01.2022 13:00;94,74
01.01.2022 13:00;01.01.2022 14:00;96,8
01.01.2022 14:00;01.01.2022 15:00;97,17
01.01.2022 15:00;01.01.2022 16:00;101,0
01.01.2022 16:00;01.01.2022 17:00;126,6
01.01.2022 17:00;01.01.2022 18:00;149,97
01.01.2022 18:00;01.01.2022 19:00;146,33
01.01.2022 19:00;01.01.2022 20:00;140,28
01.01.2022 20:00;01.01.2022 21:00;121,88
01.01.2022 21:00;01.01.2022 22:00;102,61
01.01.2022 22:00;01.01.2022 23:00;97,46
01.01.2022 23:00;02.01.2022 00:00;85,16
02.01.2022 00:00;02.01.2022 01:00;57,08
02.01.2022 01:00;02.01.2022 02:00;52,59
02.01.2022 02:00;02.01.2022 03:00;48,97
02.01.2022 03:00;02.01.2022 04:00;34,94
02.01.2022 04:00;02.01.2022 05:00;29,56
02.01.2022 05:00;02.01.2022 06:00;33,97
02.01.2022 06:00;02.01.2022 07:00;34,52
02.01.2022 07:00;02.01.2022 08:00;41,8
02.01.2022 08:00;02.01.2022 09:00;48,95
02.01.2022 09:00;02.01.2022 10:00;60,01
02.01.2022 10:00;02.01.2022 11:00;70,09
02.01.2022 11:00;02.01.2022 12:00;66,26
02.01.2022 12:00;02.01.2022 13:00;64,54
02.01.2022 13:00;02.01.2022 14:00;46,96
02.01.2022 14:00;02.01.2022 15:00;40,01
02.01.2022 15:00;02.01.2022 16:00;29,11
02.01.2022 16:00;02.01.2022 17:00;32,76
02.01.2022 17:00;02.01.2022 18:00;42,97
02.01.2022 18:00;02.01.2022 19:00;60,96
02.01.2022 19:00;02.01.2022 20:00;60,94
02.01.2022 20:00;02.01.2022 21:00;54,12
02.01.2022 21:00;02.01.2022 22:00;46,16
02.01.2022 22:00;02.01.2022 23:00;46,29
02.01.2022 23:00;03.01.2022 00:00;32,93
03.01.2022 00:00;03.01.2022 01:00;0,31
03.01.2022 01:00;03.01.2022 02:00;-0,01
03.01.2022 02:00;03.01.2022 03:00;-0,07
03.01.2022 03:00;03.01.2022 04:00;-1,05
03.01.2022 04:00;03.01.2022 05:00;-1,0
03.01.2022 05:00;03.01.2022 06:00;0,32
03.01.2022 06:00;03.01.2022 07:00;37,55
03.01.2022 07:00;03.01.2022 08:00;88,76
03.01.2022 08:00;03.01.2022 09:00;122,93
03.01.2022 09:00;03.01.2022 10:00;110,17
03.01.2022 10:00;03.01.2022 11:00;93,38
03.01.2022 11:00;03.01.2022 12:00;90,73
03.01.2022 12:00;03.01.2022 13:00;82,37
03.01.2022 13:00;03.01.2022 14:00;80,9
03.01.2022 14:00;03.01.2022 15:00;80,99
03.01.2022 15:00;03.01.2022 16:00;98,05
03.01.2022 16:00;03.01.2022 17:00;123,51
03.01.2022 17:00;03.01.2022 18:00;148,49
03.01.2022 18:00;03.01.2022 19:00;138,0
03.01.2022 19:00;03.01.2022 20:00;117,64
03.01.2022 20:00;03.01.2022 21:00;117,71
03.01.2022 21:00;03.01.2022 22:00;95,95
03.01.2022 22:00;03.01.2022 23:00;105,68
03.01.2022 23:00;04.01.2022 00:00;95,26
04.01.2022 00:00;04.01.2022 01:00;103,7
04.01.2022 01:00;04.01.2022 02:00;108,27
04.01.2022 02:00;04.01.2022 03:00;105,92
04.01.2022 03:00;04.01.2022 04:00;103,41
04.01.2022 04:00;04.01.2022 05:00;102,71
04.01.2022 05:00;04.01.2022 06:00;114,23
04.01.2022 06:00;04.01.2022 07:00;156,91
04.01.2022 07:00;04.01.2022 08:00;182,64
04.01.2022 08:00;04.01.2022 09:00;178,91
04.01.2022 09:00;04.01.2022 10:00;190,0
04.01.2022 10:00;04.01.2022 11:00;189,88
04.01.2022 11:00;04.01.2022 12:00;182,42
04.01.2022 12:00;04.01.2022 13:00;182,46
04.01.2022 13:00;04.01.2022 14:00;179,59
04.01.2022 14:00;04.01.2022 15:00;179,0
04.01.2022 15:00;04.01.2022 16:00;180,93
04.01.2022 16:00;04.01.2022 17:00;166,69
04.01.2022 17:00;04.01.2022 18:00;189,88
04.01.2022 18:00;04.01.2022 19:00;184,94
04.01.2022 19:00;04.01.2022 20:00;178,99
04.01.2022 20:00;04.01.2022 21:00;156,12
04.01.2022 21:00;04.01.2022 22:00;140,92
04.01.2022 22:00;04.01.2022 23:00;137,92
04.01.2022 23:00;05.01.2022 00:00;97,56
05.01.2022 00:00;05.01.2022 01:00;105,31
05.01.2022 01:00;05.01.2022 02:00;97,29
05.01.2022 02:00;05.01.2022 03:00;84,5
05.01.2022 03:00;05.01.2022 04:00;75,38
05.01.2022 04:00;05.01.2022 05:00;79,11
05.01.2022 05:00;05.01.2022 06:00;94,79
05.01.2022 06:00;05.01.2022 07:00;99,16
05.01.2022 07:00;05.01.2022 08:00;101,15
05.01.2022 08:00;05.01.2022 09:00;129,56
05.01.2022 09:00;05.01.2022 10:00;113,37
05.01.2022 10:00;05.01.2022 11:00;94,43
05.01.2022 11:00;05.01.2022 12:00;98,1
05.01.2022 12:00;05.01.2022 13:00;95,68
05.01.2022 13:00;05.01.2022 14:00;96,8
05.01.2022 14:00;05.01.2022 15:00;107,32
05.01.2022 15:00;05.01.2022 16:00;119,48
05.01.2022 16:00;05.01.2022 17:00;137,28
05.01.2022 17:00;05.01.2022 18:00;148,09
05.01.2022 18:00;05.01.2022 19:00;139,88
05.01.2022 19:00;05.01.2022 20:00;135,75
05.01.2022 20:00;05.01.2022 21:00;119,93
05.01.2022 21:00;05.01.2022 22:00;98,09
05.01.2022 22:00;05.01.2022 23:00;118,71
05.01.2022 23:00;06.01.2022 00:00;99,68
06.01.2022 00:00;06.01.2022 01:00;99,85
06.01.2022 01:00;06.01.2022 02:00;101,32
06.01.2022 02:00;06.01.2022 03:00;110,01
06.01.2022 03:00;06.01.2022 04:00;111,55
06.01.2022 04:00;06.01.2022 05:00;123,37
06.01.2022 05:00;06.01.2022 06:00;149,94
06.01.2022 06:00;06.01.2022 07:00;185,92
06.01.2022 07:00;06.01.2022 08:00;228,25
06.01.2022 08:00;06.01.2022 09:00;228,92
06.01.2022 09:00;06.01.2022 10:00;212,9
06.01.2022 10:00;06.01.2022 11:00;215,5
06.01.2022 11:00;06.01.2022 12:00;231,9
06.01.2022 12:00;06.01.2022 13:00;226,0
06.01.2022 13:00;06.01.2022 14:00;209,2
06.01.2022 14:00;06.01.2022 15:00;216,06
06.01.2022 15:00;06.01.2022 16:00;230,77
06.01.2022 16:00;06.01.2022 17:00;245,95
06.01.2022 17:00;06.01.2022 18:00;274,11
06.01.2022 18:00;06.01.2022 19:00;273,44
06.01.2022 19:00;06.01.2022 20:00;245,48
06.01.2022 20:00;06.01.2022 21:00;226,14
06.01.2022 21:00;06.01.2022 22:00;208,31
06.01.2022 22:00;06.01.2022 23:00;178,75
06.01.2022 23:00;07.01.2022 00:00;124,7
07.01.2022 00:00;07.01.2022 01:00;128,92
07.01.2022 01:00;07.01.2022 02:00;118,4
07.01.2022 02:00;07.01.2022 03:00;103,01
07.01.2022 03:00;07.01.2022 04:00;101,91
07.01.2022 04:00;07.01.2022 05:00;101,98
07.01.2022 05:00;07.01.2022 06:00;114,99
07.01.2022 06:00;07.01.2022 07:00;140,19
07.01.2022 07:00;07.01.2022 08:00;152,64
07.01.2022 08:00;07.01.2022 09:00;160,97
07.01.2022 09:00;07.01.2022 10:00;161,85
07.01.2022 10:00;07.01.2022 11:00;161,37
07.01.2022 11:00;07.01.2022 12:00;166,06
07.01.2022 12:00;07.01.2022 13:00;166,54
07.01.2022 13:00;07.01.2022 14:00;166,04
07.01.2022 14:00;07.01.2022 15:00;169,43
07.01.2022 15:00;07.01.2022 16:00;189,7
07.01.2022 16:00;07.01.2022 17:00;201,97
07.01.2022 17:00;07.01.2022 18:00;243,11
07.01.2022 18:00;07.01.2022 19:00;253,81
07.01.2022 19:00;07.01.2022 20:00;237,05
07.01.2022 20:00;07.01.2022 21:00;224,33
07.01.2022 21:00;07.01.2022 22:00;213,81
07.01.2022 22:00;07.01.2022 23:00;185,94
07.01.2022 23:00;08.01.2022 00:00;148,32
08.01.2022 00:00;08.01.2022 01:00;164,17
08.01.2022 01:00;08.01.2022 02:00;152,83
08.01.2022 02:00;08.01.2022 03:00;166,0
08.01.2022 03:00;08.01.2022 04:00;160,86
08.01.2022 04:00;08.01.2022 05:00;160,0
08.01.2022 05:00;08.01.2022 06:00;154,3
08.01.2022 06:00;08.01.2022 07:00;166,0
08.01.2022 07:00;08.01.2022 08:00;182,91
08.01.2022 08:00;08.01.2022 09:00;215,89
08.01.2022 09:00;08.01.2022 10:00;231,0
08.01.2022 10:00;08.01.2022 11:00;228,95
08.01.2022 11:00;08.01.2022 12:00;215,39
08.01.2022 12:00;08.01.2022 13:00;206,68
08.01.2022 13:00;08.01.2022 14:00;185,0
08.01.2022 14:00;08.01.2022 15:00;169,52
08.01.2022 15:00;08.01.2022 16:00;162,8
08.01.2022 16:00;08.01.2022 17:00;161,34
08.01.2022 17:00;08.01.2022 18:00;189,9
08.01.2022 18:00;08.01.2022 19:00;170,71
08.01.2022 19:00;08.01.2022 20:00;140,23
08.01.2022 20:00;08.01.2022 21:00;102,54
08.01.2022 21:00;08.01.2022 22:00;102,18
08.01.2022 22:00;08.01.2022 23:00;102,29
08.01.2022 23:00;09.01.2022 00:00;90,05
09.01.2022 00:00;09.01.2022 01:00;85,03
09.01.2022 01:00;09.01.2022 02:00;84,4
09.01.2022 02:00;09.01.2022 03:00;80,24
09.01.2022 03:00;09.01.2022 04:00;55,46
09.01.2022 04:00;09.01.2022 05:00;49,29
09.01.2022 05:00;09.01.2022 06:00;50,64
09.01.2022 06:00;09.01.2022 07:00;74,29
09.01.2022 07:00;09.01.2022 08:00;84,44
09.01.2022 08:00;09.01.2022 09:00;97,26
09.01.2022 09:00;09.01.2022 10:00;119,97
09.01.2022 10:00;09.01.2022 11:00;134,96
09.01.2022 11:00;09.01.2022 12:00;149,4
09.01.2022 12:00;09.01.2022 13:00;165,13
09.01.2022 13:00;09.01.2022 14:00;165,06
09.01.2022 14:00;09.01.2022 15:00;170,09
09.01.2022 15:00;09.01.2022 16:00;189,04
09.01.2022 16:00;09.01.2022 17:00;190,96
09.01.2022 17:00;09.01.2022 18:00;223,3
09.01.2022 18:00;09.01.2022 19:00;243,94
09.01.2022 19:00;09.01.2022 20:00;240,0
09.01.2022 20:00;09.01.2022 21:00;230,82
09.01.2022 21:00;09.01.2022 22:00;214,02
09.01.2022 22:00;09.01.2022 23:00;215,88
09.01.2022 23:00;10.01.2022 00:00;203,8
10.01.2022 00:00;10.01.2022 01:00;196,23
10.01.2022 01:00;10.01.2022 02:00;191,85
10.01.2022 02:00;10.01.2022 03:00;195,91
10.01.2022 03:00;10.01.2022 04:00;186,66
10.01.2022 04:00;10.01.2022 05:00;178,04
10.01.2022 05:00;10.01.2022 06:00;191,65
10.01.2022 06:00;10.01.2022 07:00;237,44
10.01.2022 07:00;10.01.2022 08:00;299,95
10.01.2022 08:00;10.01.2022 09:00;313,92
10.01.2022 09:00;10.01.2022 10:00;315,0
10.01.2022 10:00;10.01.2022 11:00;310,41
10.01.2022 11:00;10.01.2022 12:00;310,08
10.01.2022 12:00;10.01.2022 13:00;300,0
10.01.2022 13:00;10.01.2022 14:00;297,01
10.01.2022 14:00;10.01.2022 15:00;299,96
10.01.2022 15:00;10.01.2022 16:00;306,45
10.01.2022 16:00;10.01.2022 17:00;302,73
10.01.2022 17:00;10.01.2022 18:00;315,47
10.01.2022 18:00;10.01.2022 19:00;310,82
10.01.2022 19:00;10.01.2022 20:00;294,98
10.01.2022 20:00;10.01.2022 21:00;267,45
10.01.2022 21:00;10.01.2022 22:00;242,29
10.01.2022 22:00;10.01.2022 23:00;217,03
10.01.2022 23:00;11.01.2022 00:00;195,83
11.01.2022 00:00;11.01.2022 01:00;210,34
11.01.2022 01:00;11.01.2022 02:00;202,42
11.01.2022 02:00;11.01.2022 03:00;197,6
11.01.2022 03:00;11.01.2022 04:00;193,0
11.01.2022 04:00;11.01.2022 05:00;194,9
11.01.2022 05:00;11.01.2022 06:00;204,45
11.01.2022 06:00;11.01.2022 07:00;237,13
11.01.2022 07:00;11.01.2022 08:00;298,68
11.01.2022 08:00;11.01.2022 09:00;302,02
11.01.2022 09:00;11.01.2022 10:00;297,16
11.01.2022 10:00;11.01.2022 11:00;277,02
11.01.2022 11:00;11.01.2022 12:00;266,43
11.01.2022 12:00;11.01.2022 13:00;254,92
11.01.2022 13:00;11.01.2022 14:00;248,89
11.01.2022 14:00;11.01.2022 15:00;255,01
11.01.2022 15:00;11.01.2022 16:00;277,9
11.01.2022 16:00;11.01.2022 17:00;289,94
11.01.2022 17:00;11.01.2022 18:00;316,4
11.01.2022 18:00;11.01.2022 19:00;315,9
11.01.2022 19:00;11.01.2022 20:00;309,2
11.01.2022 20:00;11.01.2022 21:00;285,33
11.01.2022 21:00;11.01.2022 22:00;245,44
11.01.2022 22:00;11.01.2022 23:00;237,27
11.01.2022 23:00;12.01.2022 00:00;212,49
12.01.2022 00:00;12.01.2022 01:00;196,65
12.01.2022 01:00;12.01.2022 02:00;187,1
12.01.2022 02:00;12.01.2022 03:00;184,27
12.01.2022 03:00;12.01.2022 04:00;179,58
12.01.2022 04:00;12.01.2022 05:00;178,33
12.01.2022 05:00;12.01.2022 06:00;193,5
12.01.2022 06:00;12.01.2022 07:00;240,56
12.01.2022 07:00;12.01.2022 08:00;273,18
12.01.2022 08:00;12.01.2022 09:00;300,1
12.01.2022 09:00;12.01.2022 10:00;292,74
12.01.2022 10:00;12.01.2022 11:00;275,5
12.01.2022 11:00;12.01.2022 12:00;258,65
12.01.2022 12:00;12.01.2022 13:00;245,11
12.01.2022 13:00;12.01.2022 14:00;232,08
12.01.2022 14:00;12.01.2022 15:00;234,77
12.01.2022 15:00;12.01.2022 16:00;240,01
12.01.2022 16:00;12.01.2022 17:00;255,0
12.01.2022 17:00;12.01.2022 18:00;284,82
12.01.2022 18:00;12.01.2022 19:00;285,97
12.01.2022 19:00;12.01.2022 20:00;269,03
12.01.2022 20:00;12.01.2022 21:00;235,25
12.01.2022 21:00;12.01.2022 22:00;191,5
12.01.2022 22:00;12.01.2022 23:00;193,69
12.01.2022 23:00;13.01.2022 00:00;172,18
13.01.2022 00:00;13.01.2022 01:00;173,14
13.01.2022 01:00;13.01.2022 02:00;161,69
13.01.2022 02:00;13.01.2022 03:00;153,58
13.01.2022 03:00;13.01.2022 04:00;147,07
13.01.2022 04:00;13.01.2022 05:00;152,47
13.01.2022 05:00;13.01.2022 06:00;171,26
13.01.2022 06:00;13.01.2022 07:00;192,03
13.01.2022 07:00;13.01.2022 08:00;215,24
13.01.2022 08:00;13.01.2022 09:00;235,9
13.01.2022 09:00;13.01.2022 10:00;219,99
13.01.2022 10:00;13.01.2022 11:00;180,08
13.01.2022 11:00;13.01.2022 12:00;170,16
13.01.2022 12:00;13.01.2022 13:00;152,53
13.01.2022 13:00;13.01.2022 14:00;134,13
13.01.2022 14:00;13.01.2022 15:00;171,01
13.01.2022 15:00;13.01.2022 16:00;201,59
13.01.2022 16:00;13.01.2022 17:00;205,38
13.01.2022 17:00;13.01.2022 18:00;220,3
13.01.2022 18:00;13.01.2022 19:00;212,76
13.01.2022 19:00;13.01.2022 20:00;210,0
13.01.2022 20:00;13.01.2022 21:00;192,69
13.01.2022 21:00;13.01.2022 22:00;164,46
13.01.2022 22:00;13.01.2022 23:00;164,2
13.01.2022 23:00;14.01.2022 00:00;122,09
14.01.2022 00:00;14.01.2022 01:00;120,04
14.01.2022 01:00;14.01.2022 02:00;110,03
14.01.2022 02:00;14.01.2022 03:00;108,24
14.01.2022 03:00;14.01.2022 04:00;107,46
14.01.2022 04:00;14.01.2022 05:00;109,82
14.01.2022 05:00;14.01.2022 06:00;140,52
14.01.2022 06:00;14.01.2022 07:00;176,04
14.01.2022 07:00;14.01.2022 08:00;190,97
14.01.2022 08:00;14.01.2022 09:00;216,99
14.01.2022 09:00;14.01.2022 10:00;196,91
14.01.2022 10:00;14.01.2022 11:00;162,92
14.01.2022 11:00;14.01.2022 12:00;160,04
14.01.2022 12:00;14.01.2022 13:00;154,01
14.01.2022 13:00;14.01.2022 14:00;152,29
14.01.2022 14:00;14.01.2022 15:00;186,94
14.01.2022 15:00;14.01.2022 16:00;217,18
14.01.2022 16:00;14.01.2022 17:00;224,91
14.01.2022 17:00;14.01.2022 18:00;262,0
14.01.2022 18:00;14.01.2022 19:00;260,04
14.01.2022 19:00;14.01.2022 20:00;234,32
14.01.2022 20:00;14.01.2022 21:00;215,04
14.01.2022 21:00;14.01.2022 22:00;204,39
14.01.2022 22:00;14.01.2022 23:00;194,29
14.01.2022 23:00;15.01.2022 00:00;184,9
15.01.2022 00:00;15.01.2022 01:00;222,01
15.01.2022 01:00;15.01.2022 02:00;205,08
15.01.2022 02:00;15.01.2022 03:00;194,62
15.01.2022 03:00;15.01.2022 04:00;182,64
15.01.2022 04:00;15.01.2022 05:00;187,83
15.01.2022 05:00;15.01.2022 06:00;190,58
15.01.2022 06:00;15.01.2022 07:00;190,27
15.01.2022 07:00;15.01.2022 08:00;204,46
15.01.2022 08:00;15.01.2022 09:00;212,84
15.01.2022 09:00;15.01.2022 10:00;230,0
15.01.2022 10:00;15.01.2022 11:00;222,39
15.01.2022 11:00;15.01.2022 12:00;214,92
15.01.2022 12:00;15.01.2022 13:00;208,43
15.01.2022 13:00;15.01.2022 14:00;200,0
15.01.2022 14:00;15.01.2022 15:00;203,09
15.01.2022 15:00;15.01.2022 16:00;213,98
15.01.2022 16:00;15.01.2022 17:00;226,32
15.01.2022 17:00;15.01.2022 18:00;260,0
15.01.2022 18:00;15.01.2022 19:00;267,03
15.01.2022 19:00;15.01.2022 20:00;261,41
15.01.2022 20:00;15.01.2022 21:00;243,62
15.01.2022 21:00;15.01.2022 22:00;220,1
15.01.2022 22:00;15.01.2022 23:00;212,85
15.01.2022 23:00;16.01.2022 00:00;209,41
16.01.2022 00:00;16.01.2022 01:00;225,92
16.01.2022 01:00;16.01.2022 02:00;216,0
16.01.2022 02:00;16.01.2022 03:00;189,49
16.01.2022 03:00;16.01.2022 04:00;181,98
16.01.2022 04:00;16.01.2022 05:00;174,98
16.01.2022 05:00;16.01.2022 06:00;165,91
16.01.2022 06:00;16.01.2022 07:00;118,71
16.01.2022 07:00;16.01.2022 08:00;119,45
16.01.2022 08:00;16.01.2022 09:00;125,86
16.01.2022 09:00;16.01.2022 10:00;129,46
16.01.2022 10:00;16.01.2022 11:00;125,99
16.01.2022 11:00;16.01.2022 12:00;131,83
16.01.2022 12:00;16.01.2022 13:00;123,01
16.01.2022 13:00;16.01.2022 14:00;122,49
16.01.2022 14:00;16.01.2022 15:00;102,67
16.01.2022 15:00;16.01.2022 16:00;121,95
16.01.2022 16:00;16.01.2022 17:00;115,0
16.01.2022 17:00;16.01.2022 18:00;125,42
16.01.2022 18:00;16.01.2022 19:00;112,4
16.01.2022 19:00;16.01.2022 20:00;97,49
16.01.2022 20:00;16.01.2022 21:00;90,14
16.01.2022 21:00;16.01.2022 22:00;97,09
16.01.2022 22:00;16.01.2022 23:00;93,85
16.01.2022 23:00;17.01.2022 00:00;87,2
17.01.2022 00:00;17.01.2022 01:00;78,08
17.01.2022 01:00;17.01.2022 02:00;34,0
17.01.2022 02:00;17.01.2022 03:00;12,33
17.01.2022 03:00;17.01.2022 04:00;10,09
17.01.2022 04:00;17.01.2022 05:00;12,83
17.01.2022 05:00;17.01.2022 06:00;36,16
17.01.2022 06:00;17.01.2022 07:00;92,03
17.01.2022 07:00;17.01.2022 08:00;102,8
17.01.2022 08:00;17.01.2022 09:00;126,0
17.01.2022 09:00;17.01.2022 10:00;100,9
17.01.2022 10:00;17.01.2022 11:00;112,03
17.01.2022 11:00;17.01.2022 12:00;111,25
17.01.2022 12:00;17.01.2022 13:00;100,58
17.01.2022 13:00;17.01.2022 14:00;111,65
17.01.2022 14:00;17.01.2022 15:00;127,38
17.01.2022 15:00;17.01.2022 16:00;168,85
17.01.2022 16:00;17.01.2022 17:00;199,85
17.01.2022 17:00;17.01.2022 18:00;249,99
17.01.2022 18:00;17.01.2022 19:00;254,37
17.01.2022 19:00;17.01.2022 20:00;237,28
17.01.2022 20:00;17.01.2022 21:00;220,0
17.01.2022 21:00;17.01.2022 22:00;215,94
17.01.2022 22:00;17.01.2022 23:00;209,16
17.01.2022 23:00;18.01.2022 00:00;180,0
18.01.2022 00:00;18.01.2022 01:00;188,94
18.01.2022 01:00;18.01.2022 02:00;192,68
18.01.2022 02:00;18.01.2022 03:00;180,09
18.01.2022 03:00;18.01.2022 04:00;188,09
18.01.2022 04:00;18.01.2022 05:00;193,99
18.01.2022 05:00;18.01.2022 06:00;205,07
18.01.2022 06:00;18.01.2022 07:00;229,1
18.01.2022 07:00;18.01.2022 08:00;273,71
18.01.2022 08:00;18.01.2022 09:00;294,4
18.01.2022 09:00;18.01.2022 10:00;290,64
18.01.2022 10:00;18.01.2022 11:00;275,4
18.01.2022 11:00;18.01.2022 12:00;265,1
18.01.2022 12:00;18.01.2022 13:00;250,0
18.01.2022 13:00;18.01.2022 14:00;244,27
18.01.2022 14:00;18.01.2022 15:00;243,02
18.01.2022 15:00;18.01.2022 16:00;249,22
18.01.2022 16:00;18.01.2022 17:00;260,0
18.01.2022 17:00;18.01.2022 18:00;278,0
18.01.2022 18:00;18.01.2022 19:00;276,39
18.01.2022 19:00;18.01.2022 20:00;255,03
18.01.2022 20:00;18.01.2022 21:00;237,28
18.01.2022 21:00;18.01.2022 22:00;224,19
18.01.2022 22:00;18.01.2022 23:00;190,78
18.01.2022 23:00;19.01.2022 00:00;175,49
19.01.2022 00:00;19.01.2022 01:00;169,01
19.01.2022 01:00;19.01.2022 02:00;163,48
19.01.2022 02:00;19.01.2022 03:00;162,93
19.01.2022 03:00;19.01.2022 04:00;160,01
19.01.2022 04:00;19.01.2022 05:00;163,16
19.01.2022 05:00;19.01.2022 06:00;165,59
19.01.2022 06:00;19.01.2022 07:00;198,39
19.01.2022 07:00;19.01.2022 08:00;227,42
19.01.2022 08:00;19.01.2022 09:00;261,65
19.01.2022 09:00;19.01.2022 10:00;252,67
19.01.2022 10:00;19.01.2022 11:00;221,75
19.01.2022 11:00;19.01.2022 12:00;193,62
19.01.2022 12:00;19.01.2022 13:00;170,14
19.01.2022 13:00;19.01.2022 14:00;160,47
19.01.2022 14:00;19.01.2022 15:00;164,13
19.01.2022 15:00;19.01.2022 16:00;180,5
19.01.2022 16:00;19.01.2022 17:00;179,26
19.01.2022 17:00;19.01.2022 18:00;173,99
19.01.2022 18:00;19.01.2022 19:00;167,34
19.01.2022 19:00;19.01.2022 20:00;135,61
19.01.2022 20:00;19.01.2022 21:00;125,05
19.01.2022 21:00;19.01.2022 22:00;120,9
19.01.2022 22:00;19.01.2022 23:00;118,08
19.01.2022 23:00;20.01.2022 00:00;97,16
20.01.2022 00:00;20.01.2022 01:00;90,05
20.01.2022 01:00;20.01.2022 02:00;78,94
20.01.2022 02:00;20.01.2022 03:00;75,05
20.01.2022 03:00;20.01.2022 04:00;72,13
20.01.2022 04:00;20.01.2022 05:00;70,99
20.01.2022 05:00;20.01.2022 06:00;87,7
20.01.2022 06:00;20.01.2022 07:00;96,26
20.01.2022 07:00;20.01.2022 08:00;118,95
20.01.2022 08:00;20.01.2022 09:00;140,51
20.01.2022 09:00;20.01.2022 10:00;130,27
20.01.2022 10:00;20.01.2022 11:00;128,47
20.01.2022 11:00;20.01.2022 12:00;111,95
20.01.2022 12:00;20.01.2022 13:00;94,15
20.01.2022 13:00;20.01.2022 14:00;85,54
20.01.2022 14:00;20.01.2022 15:00;105,37
20.01.2022 15:00;20.01.2022 16:00;111,32
20.01.2022 16:00;20.01.2022 17:00;134,86
20.01.2022 17:00;20.01.2022 18:00;176,05
20.01.2022 18:00;20.01.2022 19:00;192,74
20.01.2022 19:00;20.01.2022 20:00;180,0
20.01.2022 20:00;20.01.2022 21:00;152,33
20.01.2022 21:00;20.01.2022 22:00;137,91
20.01.2022 22:00;20.01.2022 23:00;131,76
20.01.2022 23:00;21.01.2022 00:00;121,39
21.01.2022 00:00;21.01.2022 01:00;119,19
21.01.2022 01:00;21.01.2022 02:00;117,87
21.01.2022 02:00;21.01.2022 03:00;110,92
21.01.2022 03:00;21.01.2022 04:00;113,14
21.01.2022 04:00;21.01.2022 05:00;119,15
21.01.2022 05:00;21.01.2022 06:00;120,73
21.01.2022 06:00;21.01.2022 07:00;148,76
21.01.2022 07:00;21.01.2022 08:00;207,59
21.01.2022 08:00;21.01.2022 09:00;223,15
21.01.2022 09:00;21.01.2022 10:00;215,79
21.01.2022 10:00;21.01.2022 11:00;206,51
21.01.2022 11:00;21.01.2022 12:00;206,43
21.01.2022 12:00;21.01.2022 13:00;190,0
21.01.2022 13:00;21.01.2022 14:00;170,08
21.01.2022 14:00;21.01.2022 15:00;169,29
21.01.2022 15:00;21.01.2022 16:00;190,0
21.01.2022 16:00;21.01.2022 17:00;177,44
21.01.2022 17:00;21.01.2022 18:00;179,99
21.01.2022 18:00;21.01.2022 19:00;165,05
21.01.2022 19:00;21.01.2022 20:00;145,81
21.01.2022 20:00;21.01.2022 21:00;139,73
21.01.2022 21:00;21.01.2022 22:00;132,25
21.01.2022 22:00;21.01.2022 23:00;133,59
21.01.2022 23:00;22.01.2022 00:00;120,01
22.01.2022 00:00;22.01.2022 01:00;123,58
22.01.2022 01:00;22.01.2022 02:00;120,3
22.01.2022 02:00;22.01.2022 03:00;119,99
22.01.2022 03:00;22.01.2022 04:00;121,8
22.01.2022 04:00;22.01.2022 05:00;123,57
22.01.2022 05:00;22.01.2022 06:00;123,68
22.01.2022 06:00;22.01.2022 07:00;120,0
22.01.2022 07:00;22.01.2022 08:00;148,35
22.01.2022 08:00;22.01.2022 09:00;186,0
22.01.2022 09:00;22.01.2022 10:00;207,46
22.01.2022 10:00;22.01.2022 11:00;211,25
22.01.2022 11:00;22.01.2022 12:00;209,69
22.01.2022 12:00;22.01.2022 13:00;200,83
22.01.2022 13:00;22.01.2022 14:00;188,54
22.01.2022 14:00;22.01.2022 15:00;185,88
22.01.2022 15:00;22.01.2022 16:00;196,5
22.01.2022 16:00;22.01.2022 17:00;197,25
22.01.2022 17:00;22.01.2022 18:00;222,31
22.01.2022 18:00;22.01.2022 19:00;230,82
22.01.2022 19:00;22.01.2022 20:00;214,32
22.01.2022 20:00;22.01.2022 21:00;207,14
22.01.2022 21:00;22.01.2022 22:00;190,33
22.01.2022 22:00;22.01.2022 23:00;193,52
22.01.2022 23:00;23.01.2022 00:00;175,07
23.01.2022 00:00;23.01.2022 01:00;171,69
23.01.2022 01:00;23.01.2022 02:00;183,01
23.01.2022 02:00;23.01.2022 03:00;185,22
23.01.2022 03:00;23.01.2022 04:00;179,73
23.01.2022 04:00;23.01.2022 05:00;179,04
23.01.2022 05:00;23.01.2022 06:00;179,49
23.01.2022 06:00;23.01.2022 07:00;168,23
23.01.2022 07:00;23.01.2022 08:00;172,45
23.01.2022 08:00;23.01.2022 09:00;184,93
23.01.2022 09:00;23.01.2022 10:00;195,31
23.01.2022 10:00;23.01.2022 11:00;195,34
23.01.2022 11:00;23.01.2022 12:00;195,87
23.01.2022 12:00;23.01.2022 13:00;195,41
23.01.2022 13:00;23.01.2022 14:00;186,29
23.01.2022 14:00;23.01.2022 15:00;184,49
23.01.2022 15:00;23.01.2022 16:00;190,0
23.01.2022 16:00;23.01.2022 17:00;194,0
23.01.2022 17:00;23.01.2022 18:00;214,95
23.01.2022 18:00;23.01.2022 19:00;239,49
23.01.2022 19:00;23.01.2022 20:00;242,97
23.01.2022 20:00;23.01.2022 21:00;224,96
23.01.2022 21:00;23.01.2022 22:00;204,84
23.01.2022 22:00;23.01.2022 23:00;201,0
23.01.2022 23:00;24.01.2022 00:00;179,97
24.01.2022 00:00;24.01.2022 01:00;183,33
24.01.2022 01:00;24.01.2022 02:00;179,61
24.01.2022 02:00;24.01.2022 03:00;178,3
24.01.2022 03:00;24.01.2022 04:00;177,46
24.01.2022 04:00;24.01.2022 05:00;177,61
24.01.2022 05:00;24.01.2022 06:00;187,48
24.01.2022 06:00;24.01.2022 07:00;225,19
24.01.2022 07:00;24.01.2022 08:00;265,0
24.01.2022 08:00;24.01.2022 09:00;300,02
24.01.2022 09:00;24.01.2022 10:00;299,39
24.01.2022 10:00;24.01.2022 11:00;275,88
24.01.2022 11:00;24.01.2022 12:00;270,0
24.01.2022 12:00;24.01.2022 13:00;245,84
24.01.2022 13:00;24.01.2022 14:00;240,08
24.01.2022 14:00;24.01.2022 15:00;244,0
24.01.2022 15:00;24.01.2022 16:00;256,49
24.01.2022 16:00;24.01.2022 17:00;273,57
24.01.2022 17:00;24.01.2022 18:00;307,38
24.01.2022 18:00;24.01.2022 19:00;341,85
24.01.2022 19:00;24.01.2022 20:00;315,31
24.01.2022 20:00;24.01.2022 21:00;274,98
24.01.2022 21:00;24.01.2022 22:00;250,0
24.01.2022 22:00;24.01.2022 23:00;226,81
24.01.2022 23:00;25.01.2022 00:00;206,92
25.01.2022 00:00;25.01.2022 01:00;215,98
25.01.2022 01:00;25.01.2022 02:00;212,9
25.01.2022 02:00;25.01.2022 03:00;203,75
25.01.2022 03:00;25.01.2022 04:00;196,24
25.01.2022 04:00;25.01.2022 05:00;198,99
25.01.2022 05:00;25.01.2022 06:00;219,03
25.01.2022 06:00;25.01.2022 07:00;279,96
25.01.2022 07:00;25.01.2022 08:00;356,24
25.01.2022 08:00;25.01.2022 09:00;399,85
25.01.2022 09:00;25.01.2022 10:00;399,01
25.01.2022 10:00;25.01.2022 11:00;360,0
25.01.2022 11:00;25.01.2022 12:00;347,4
25.01.2022 12:00;25.01.2022 13:00;328,92
25.01.2022 13:00;25.01.2022 14:00;305,0
25.01.2022 14:00;25.01.2022 15:00;310,0
25.01.2022 15:00;25.01.2022 16:00;313,0
25.01.2022 16:00;25.01.2022 17:00;318,67
25.01.2022 17:00;25.01.2022 18:00;366,43
25.01.2022 18:00;25.01.2022 19:00;399,06
25.01.2022 19:00;25.01.2022 20:00;373,75
25.01.2022 20:00;25.01.2022 21:00;309,68
25.01.2022 21:00;25.01.2022 22:00;265,0
25.01.2022 22:00;25.01.2022 23:00;240,89
25.01.2022 23:00;26.01.2022 00:00;215,17
26.01.2022 00:00;26.01.2022 01:00;209,57
26.01.2022 01:00;26.01.2022 02:00;212,36
26.01.2022 02:00;26.01.2022 03:00;215,41
26.01.2022 03:00;26.01.2022 04:00;209,89
26.01.2022 04:00;26.01.2022 05:00;209,14
26.01.2022 05:00;26.01.2022 06:00;215,09
26.01.2022 06:00;26.01.2022 07:00;240,16
26.01.2022 07:00;26.01.2022 08:00;294,88
26.01.2022 08:00;26.01.2022 09:00;312,32
26.01.2022 09:00;26.01.2022 10:00;312,69
26.01.2022 10:00;26.01.2022 11:00;300,02
26.01.2022 11:00;26.01.2022 12:00;282,65
26.01.2022 12:00;26.01.2022 13:00;259,68
26.01.2022 13:00;26.01.2022 14:00;241,54
26.01.2022 14:00;26.01.2022 15:00;238,24
26.01.2022 15:00;26.01.2022 16:00;236,76
26.01.2022 16:00;26.01.2022 17:00;240,11
26.01.2022 17:00;26.01.2022 18:00;268,08
26.01.2022 18:00;26.01.2022 19:00;262,46
26.01.2022 19:00;26.01.2022 20:00;224,45
26.01.2022 20:00;26.01.2022 21:00;217,43
26.01.2022 21:00;26.01.2022 22:00;171,34
26.01.2022 22:00;26.01.2022 23:00;142,94
26.01.2022 23:00;27.01.2022 00:00;122,34
27.01.2022 00:00;27.01.2022 01:00;131,59
27.01.2022 01:00;27.01.2022 02:00;115,02
27.01.2022 02:00;27.01.2022 03:00;108,65
27.01.2022 03:00;27.01.2022 04:00;100,94
27.01.2022 04:00;27.01.2022 05:00;103,06
27.01.2022 05:00;27.01.2022 06:00;110,03
27.01.2022 06:00;27.01.2022 07:00;104,03
27.01.2022 07:00;27.01.2022 08:00;138,79
27.01.2022 08:00;27.01.2022 09:00;138,23
27.01.2022 09:00;27.01.2022 10:00;128,79
27.01.2022 10:00;27.01.2022 11:00;128,74
27.01.2022 11:00;27.01.2022 12:00;127,8
27.01.2022 12:00;27.01.2022 13:00;126,24
27.01.2022 13:00;27.01.2022 14:00;135,78
27.01.2022 14:00;27.01.2022 15:00;139,66
27.01.2022 15:00;27.01.2022 16:00;138,69
27.01.2022 16:00;27.01.2022 17:00;137,58
27.01.2022 17:00;27.01.2022 18:00;141,17
27.01.2022 18:00;27.01.2022 19:00;125,96
27.01.2022 19:00;27.01.2022 20:00;114,73
27.01.2022 20:00;27.01.2022 21:00;104,04
27.01.2022 21:00;27.01.2022 22:00;110,1
27.01.2022 22:00;27.01.2022 23:00;101,19
27.01.2022 23:00;28.01.2022 00:00;86,31
28.01.2022 00:00;28.01.2022 01:00;82,03
28.01.2022 01:00;28.01.2022 02:00;84,03
28.01.2022 02:00;28.01.2022 03:00;81,59
28.01.2022 03:00;28.01.2022 04:00;77,26
28.01.2022 04:00;28.01.2022 05:00;100,7
28.01.2022 05:00;28.01.2022 06:00;100,69
28.01.2022 06:00;28.01.2022 07:00;121,69
28.01.2022 07:00;28.01.2022 08:00;175,29
28.01.2022 08:00;28.01.2022 09:00;186,17
28.01.2022 09:00;28.01.2022 10:00;198,05
28.01.2022 10:00;28.01.2022 11:00;190,92
28.01.2022 11:00;28.01.2022 12:00;220,07
28.01.2022 12:00;28.01.2022 13:00;214,74
28.01.2022 13:00;28.01.2022 14:00;231,6
28.01.2022 14:00;28.01.2022 15:00;233,67
28.01.2022 15:00;28.01.2022 16:00;237,08
28.01.2022 16:00;28.01.2022 17:00;237,92
28.01.2022 17:00;28.01.2022 18:00;260,0
28.01.2022 18:00;28.01.2022 19:00;255,6
28.01.2022 19:00;28.01.2022 20:00;222,37
28.01.2022 20:00;28.01.2022 21:00;222,74
28.01.2022 21:00;28.01.2022 22:00;177,8
28.01.2022 22:00;28.01.2022 23:00;148,98
28.01.2022 23:00;29.01.2022 00:00;123,36
29.01.2022 00:00;29.01.2022 01:00;130,25
29.01.2022 01:00;29.01.2022 02:00;115,01
29.01.2022 02:00;29.01.2022 03:00;105,64
29.01.2022 03:00;29.01.2022 04:00;77,57
29.01.2022 04:00;29.01.2022 05:00;43,95
29.01.2022 05:00;29.01.2022 06:00;79,07
29.01.2022 06:00;29.01.2022 07:00;32,94
29.01.2022 07:00;29.01.2022 08:00;85,64
29.01.2022 08:00;29.01.2022 09:00;85,18
29.01.2022 09:00;29.01.2022 10:00;101,13
29.01.2022 10:00;29.01.2022 11:00;88,51
29.01.2022 11:00;29.01.2022 12:00;118,32
29.01.2022 12:00;29.01.2022 13:00;101,02
29.01.2022 13:00;29.01.2022 14:00;85,64
29.01.2022 14:00;29.01.2022 15:00;105,59
29.01.2022 15:00;29.01.2022 16:00;100,01
29.01.2022 16:00;29.01.2022 17:00;108,14
29.01.2022 17:00;29.01.2022 18:00;118,75
29.01.2022 18:00;29.01.2022 19:00;123,02
29.01.2022 19:00;29.01.2022 20:00;101,19
29.01.2022 20:00;29.01.2022 21:00;84,47
29.01.2022 21:00;29.01.2022 22:00;51,62
29.01.2022 22:00;29.01.2022 23:00;88,81
29.01.2022 23:00;30.01.2022 00:00;79,63
30.01.2022 00:00;30.01.2022 01:00;2,3
30.01.2022 01:00;30.01.2022 02:00;4,49
30.01.2022 02:00;30.01.2022 03:00;10,08
30.01.2022 03:00;30.01.2022 04:00;10,01
30.01.2022 04:00;30.01.2022 05:00;10,15
30.01.2022 05:00;30.01.2022 06:00;11,37
30.01.2022 06:00;30.01.2022 07:00;3,73
30.01.2022 07:00;30.01.2022 08:00;9,95
30.01.2022 08:00;30.01.2022 09:00;11,09
30.01.2022 09:00;30.01.2022 10:00;11,98
30.01.2022 10:00;30.01.2022 11:00;11,09
30.01.2022 11:00;30.01.2022 12:00;11,78
30.01.2022 12:00;30.01.2022 13:00;10,0
30.01.2022 13:00;30.01.2022 14:00;10,0
30.01.2022 14:00;30.01.2022 15:00;11,69
30.01.2022 15:00;30.01.2022 16:00;14,04
30.01.2022 16:00;30.01.2022 17:00;60,06
30.01.2022 17:00;30.01.2022 18:00;171,74
30.01.2022 18:00;30.01.2022 19:00;158,07
30.01.2022 19:00;30.01.2022 20:00;163,37
30.01.2022 20:00;30.01.2022 21:00;157,94
30.01.2022 21:00;30.01.2022 22:00;158,13
30.01.2022 22:00;30.01.2022 23:00;159,94
30.01.2022 23:00;31.01.2022 00:00;144,21
31.01.2022 00:00;31.01.2022 01:00;122,16
31.01.2022 01:00;31.01.2022 02:00;110,17
31.01.2022 02:00;31.01.2022 03:00;105,3
31.01.2022 03:00;31.01.2022 04:00;100,0
31.01.2022 04:00;31.01.2022 05:00;100,13
31.01.2022 05:00;31.01.2022 06:00;135,4
31.01.2022 06:00;31.01.2022 07:00;185,14
31.01.2022 07:00;31.01.2022 08:00;240,0
31.01.2022 08:00;31.01.2022 09:00;248,92
31.01.2022 09:00;31.01.2022 10:00;251,92
31.01.2022 10:00;31.01.2022 11:00;248,08
31.01.2022 11:00;31.01.2022 12:00;243,42
31.01.2022 12:00;31.01.2022 13:00;238,11
31.01.2022 13:00;31.01.2022 14:00;221,52
31.01.2022 14:00;31.01.2022 15:00;206,28
31.01.2022 15:00;31.01.2022 16:00;191,75
31.01.2022 16:00;31.01.2022 17:00;193,54
31.01.2022 17:00;31.01.2022 18:00;240,67
31.01.2022 18:00;31.01.2022 19:00;253,93
31.01.2022 19:00;31.01.2022 20:00;240,4
31.01.2022 20:00;31.01.2022 21:00;231,59
31.01.2022 21:00;31.01.2022 22:00;212,96
31.01.2022 22:00;31.01.2022 23:00;201,96
31.01.2022 23:00;01.02.2022 00:00;161,51
01.02.2022 00:00;01.02.2022 01:00;160,15
01.02.2022 01:00;01.02.2022 02:00;154,54
01.02.2022 02:00;01.02.2022 03:00;156,24
01.02.2022 03:00;01.02.2022 04:00;155,17
01.02.2022 04:00;01.02.2022 05:00;165,13
01.02.2022 05:00;01.02.2022 06:00;163,01
01.02.2022 06:00;01.02.2022 07:00;206,15
01.02.2022 07:00;01.02.2022 08:00;239,17
01.02.2022 08:00;01.02.2022 09:00;243,72
01.02.2022 09:00;01.02.2022 10:00;213,0
01.02.2022 10:00;01.02.2022 11:00;209,94
01.02.2022 11:00;01.02.2022 12:00;172,81
01.02.2022 12:00;01.02.2022 13:00;143,7
01.02.2022 13:00;01.02.2022 14:00;137,69
01.02.2022 14:00;01.02.2022 15:00;130,9
01.02.2022 15:00;01.02.2022 16:00;126,42
01.02.2022 16:00;01.02.2022 17:00;124,2
01.02.2022 17:00;01.02.2022 18:00;127,37
01.02.2022 18:00;01.02.2022 19:00;129,95
01.02.2022 19:00;01.02.2022 20:00;121,63
01.02.2022 20:00;01.02.2022 21:00;101,03
01.02.2022 21:00;01.02.2022 22:00;84,66
01.02.2022 22:00;01.02.2022 23:00;84,61
01.02.2022 23:00;02.02.2022 00:00;54,74
02.02.2022 00:00;02.02.2022 01:00;35,54
02.02.2022 01:00;02.02.2022 02:00;11,84
02.02.2022 02:00;02.02.2022 03:00;10,05
02.02.2022 03:00;02.02.2022 04:00;10,36
02.02.2022 04:00;02.02.2022 05:00;20,03
02.02.2022 05:00;02.02.2022 06:00;67,31
02.02.2022 06:00;02.02.2022 07:00;105,03
02.02.2022 07:00;02.02.2022 08:00;136,92
02.02.2022 08:00;02.02.2022 09:00;150,15
02.02.2022 09:00;02.02.2022 10:00;136,14
02.02.2022 10:00;02.02.2022 11:00;134,6
02.02.2022 11:00;02.02.2022 12:00;135,71
02.02.2022 12:00;02.02.2022 13:00;133,1
02.02.2022 13:00;02.02.2022 14:00;138,92
02.02.2022 14:00;02.02.2022 15:00;155,13
02.02.2022 15:00;02.02.2022 16:00;193,09
02.02.2022 16:00;02.02.2022 17:00;201,53
02.02.2022 17:00;02.02.2022 18:00;238,01
02.02.2022 18:00;02.02.2022 19:00;266,9
02.02.2022 19:00;02.02.2022 20:00;265,0
02.02.2022 20:00;02.02.2022 21:00;237,0
02.02.2022 21:00;02.02.2022 22:00;203,47
02.02.2022 22:00;02.02.2022 23:00;195,21
02.02.2022 23:00;03.02.2022 00:00;184,26
03.02.2022 00:00;03.02.2022 01:00;156,98
03.02.2022 01:00;03.02.2022 02:00;159,06
03.02.2022 02:00;03.02.2022 03:00;159,33
03.02.2022 03:00;03.02.2022 04:00;157,56
03.02.2022 04:00;03.02.2022 05:00;158,81
03.02.2022 05:00;03.02.2022 06:00;162,92
03.02.2022 06:00;03.02.2022 07:00;192,17
03.02.2022 07:00;03.02.2022 08:00;209,91
03.02.2022 08:00;03.02.2022 09:00;226,97
03.02.2022 09:00;03.02.2022 10:00;223,33
03.02.2022 10:00;03.02.2022 11:00;213,26
03.02.2022 11:00;03.02.2022 12:00;209,0
03.02.2022 12:00;03.02.2022 13:00;194,85
03.02.2022 13:00;03.02.2022 14:00;191,46
03.02.2022 14:00;03.02.2022 15:00;196,97
03.02.2022 15:00;03.02.2022 16:00;209,67
03.02.2022 16:00;03.02.2022 17:00;207,61
03.02.2022 17:00;03.02.2022 18:00;224,15
03.02.2022 18:00;03.02.2022 19:00;237,78
03.02.2022 19:00;03.02.2022 20:00;224,96
03.02.2022 20:00;03.02.2022 21:00;209,53
03.02.2022 21:00;03.02.2022 22:00;186,82
03.02.2022 22:00;03.02.2022 23:00;187,24
03.02.2022 23:00;04.02.2022 00:00;145,05
04.02.2022 00:00;04.02.2022 01:00;138,71
04.02.2022 01:00;04.02.2022 02:00;128,0
04.02.2022 02:00;04.02.2022 03:00;126,17
04.02.2022 03:00;04.02.2022 04:00;127,69
04.02.2022 04:00;04.02.2022 05:00;124,27
04.02.2022 05:00;04.02.2022 06:00;120,37
04.02.2022 06:00;04.02.2022 07:00;151,45
04.02.2022 07:00;04.02.2022 08:00;192,43
04.02.2022 08:00;04.02.2022 09:00;219,12
04.02.2022 09:00;04.02.2022 10:00;169,66
04.02.2022 10:00;04.02.2022 11:00;133,05
04.02.2022 11:00;04.02.2022 12:00;133,0
04.02.2022 12:00;04.02.2022 13:00;131,04
04.02.2022 13:00;04.02.2022 14:00;120,57
04.02.2022 14:00;04.02.2022 15:00;117,45
04.02.2022 15:00;04.02.2022 16:00;117,81
04.02.2022 16:00;04.02.2022 17:00;119,04
04.02.2022 17:00;04.02.2022 18:00;128,44
04.02.2022 18:00;04.02.2022 19:00;151,28
04.02.2022 19:00;04.02.2022 20:00;119,27
04.02.2022 20:00;04.02.2022 21:00;106,86
04.02.2022 21:00;04.02.2022 22:00;108,21
04.02.2022 22:00;04.02.2022 23:00;105,57
04.02.2022 23:00;05.02.2022 00:00;87,38
05.02.2022 00:00;05.02.2022 01:00;98,96
05.02.2022 01:00;05.02.2022 02:00;88,81
05.02.2022 02:00;05.02.2022 03:00;65,56
05.02.2022 03:00;05.02.2022 04:00;49,98
05.02.2022 04:00;05.02.2022 05:00;57,59
05.02.2022 05:00;05.02.2022 06:00;63,11
05.02.2022 06:00;05.02.2022 07:00;84,95
05.02.2022 07:00;05.02.2022 08:00;114,57
05.02.2022 08:00;05.02.2022 09:00;115,88
05.02.2022 09:00;05.02.2022 10:00;135,14
05.02.2022 10:00;05.02.2022 11:00;102,51
05.02.2022 11:00;05.02.2022 12:00;114,34
05.02.2022 12:00;05.02.2022 13:00;88,77
05.02.2022 13:00;05.02.2022 14:00;74,32
05.02.2022 14:00;05.02.2022 15:00;69,03
05.02.2022 15:00;05.02.2022 16:00;87,82
05.02.2022 16:00;05.02.2022 17:00;120,12
05.02.2022 17:00;05.02.2022 18:00;150,6
05.02.2022 18:00;05.02.2022 19:00;146,6
05.02.2022 19:00;05.02.2022 20:00;115,86
05.02.2022 20:00;05.02.2022 21:00;106,12
05.02.2022 21:00;05.02.2022 22:00;39,87
05.02.2022 22:00;05.02.2022 23:00;31,98
05.02.2022 23:00;06.02.2022 00:00;10,98
06.02.2022 00:00;06.02.2022 01:00;10,36
06.02.2022 01:00;06.02.2022 02:00;9,23
06.02.2022 02:00;06.02.2022 03:00;5,8
06.02.2022 03:00;06.02.2022 04:00;0,17
06.02.2022 04:00;06.02.2022 05:00;1,38
06.02.2022 05:00;06.02.2022 06:00;7,45
06.02.2022 06:00;06.02.2022 07:00;0,12
06.02.2022 07:00;06.02.2022 08:00;4,2
06.02.2022 08:00;06.02.2022 09:00;10,84
06.02.2022 09:00;06.02.2022 10:00;12,36
06.02.2022 10:00;06.02.2022 11:00;13,75
06.02.2022 11:00;06.02.2022 12:00;20,68
06.02.2022 12:00;06.02.2022 13:00;85,2
06.02.2022 13:00;06.02.2022 14:00;90,23
06.02.2022 14:00;06.02.2022 15:00;70,05
06.02.2022 15:00;06.02.2022 16:00;70,02
06.02.2022 16:00;06.02.2022 17:00;94,93
06.02.2022 17:00;06.02.2022 18:00;116,52
06.02.2022 18:00;06.02.2022 19:00;125,0
06.02.2022 19:00;06.02.2022 20:00;118,7
06.02.2022 20:00;06.02.2022 21:00;102,05
06.02.2022 21:00;06.02.2022 22:00;90,35
06.02.2022 22:00;06.02.2022 23:00;112,47
06.02.2022 23:00;07.02.2022 00:00;94,96
07.02.2022 00:00;07.02.2022 01:00;20,04
07.02.2022 01:00;07.02.2022 02:00;15,91
07.02.2022 02:00;07.02.2022 03:00;14,27
07.02.2022 03:00;07.02.2022 04:00;10,08
07.02.2022 04:00;07.02.2022 05:00;13,8
07.02.2022 05:00;07.02.2022 06:00;21,0
07.02.2022 06:00;07.02.2022 07:00;60,9
07.02.2022 07:00;07.02.2022 08:00;128,07
07.02.2022 08:00;07.02.2022 09:00;130,17
07.02.2022 09:00;07.02.2022 10:00;127,26
07.02.2022 10:00;07.02.2022 11:00;95,0
07.02.2022 11:00;07.02.2022 12:00;94,96
07.02.2022 12:00;07.02.2022 13:00;70,43
07.02.2022 13:00;07.02.2022 14:00;30,83
07.02.2022 14:00;07.02.2022 15:00;22,05
07.02.2022 15:00;07.02.2022 16:00;80,04
07.02.2022 16:00;07.02.2022 17:00;108,08
07.02.2022 17:00;07.02.2022 18:00;148,74
07.02.2022 18:00;07.02.2022 19:00;169,94
07.02.2022 19:00;07.02.2022 20:00;160,1
07.02.2022 20:00;07.02.2022 21:00;155,01
07.02.2022 21:00;07.02.2022 22:00;129,64
07.02.2022 22:00;07.02.2022 23:00;123,16
07.02.2022 23:00;08.02.2022 00:00;102,74
08.02.2022 00:00;08.02.2022 01:00;121,96
08.02.2022 01:00;08.02.2022 02:00;112,08
08.02.2022 02:00;08.02.2022 03:00;107,86
08.02.2022 03:00;08.02.2022 04:00;104,97
08.02.2022 04:00;08.02.2022 05:00;104,12
08.02.2022 05:00;08.02.2022 06:00;109,32
08.02.2022 06:00;08.02.2022 07:00;134,05
08.02.2022 07:00;08.02.2022 08:00;128,54
08.02.2022 08:00;08.02.2022 09:00;146,16
08.02.2022 09:00;08.02.2022 10:00;131,13
08.02.2022 10:00;08.02.2022 11:00;120,06
08.02.2022 11:00;08.02.2022 12:00;125,35
08.02.2022 12:00;08.02.2022 13:00;122,14
08.02.2022 13:00;08.02.2022 14:00;119,41
08.02.2022 14:00;08.02.2022 15:00;123,95
08.02.2022 15:00;08.02.2022 16:00;149,0
08.02.2022 16:00;08.02.2022 17:00;161,94
08.02.2022 17:00;08.02.2022 18:00;196,98
08.02.2022 18:00;08.02.2022 19:00;209,56
08.02.2022 19:00;08.02.2022 20:00;199,95
08.02.2022 20:00;08.02.2022 21:00;182,94
08.02.2022 21:00;08.02.2022 22:00;139,82
08.02.2022 22:00;08.02.2022 23:00;132,71
08.02.2022 23:00;09.02.2022 00:00;123,39
09.02.2022 00:00;09.02.2022 01:00;115,08
09.02.2022 01:00;09.02.2022 02:00;114,87
09.02.2022 02:00;09.02.2022 03:00;118,79
09.02.2022 03:00;09.02.2022 04:00;109,58
09.02.2022 04:00;09.02.2022 05:00;116,95
09.02.2022 05:00;09.02.2022 06:00;119,34
09.02.2022 06:00;09.02.2022 07:00;139,38
09.02.2022 07:00;09.02.2022 08:00;177,16
09.02.2022 08:00;09.02.2022 09:00;180,64
09.02.2022 09:00;09.02.2022 10:00;179,5
09.02.2022 10:00;09.02.2022 11:00;127,06
09.02.2022 11:00;09.02.2022 12:00;122,01
09.02.2022 12:00;09.02.2022 13:00;123,35
09.02.2022 13:00;09.02.2022 14:00;136,91
09.02.2022 14:00;09.02.2022 15:00;149,42
09.02.2022 15:00;09.02.2022 16:00;179,92
09.02.2022 16:00;09.02.2022 17:00;189,95
09.02.2022 17:00;09.02.2022 18:00;219,0
09.02.2022 18:00;09.02.2022 19:00;249,12
09.02.2022 19:00;09.02.2022 20:00;257,28
09.02.2022 20:00;09.02.2022 21:00;231,79
09.02.2022 21:00;09.02.2022 22:00;215,81
09.02.2022 22:00;09.02.2022 23:00;211,79
09.02.2022 23:00;10.02.2022 00:00;196,7
10.02.2022 00:00;10.02.2022 01:00;200,46
10.02.2022 01:00;10.02.2022 02:00;192,61
10.02.2022 02:00;10.02.2022 03:00;185,1
10.02.2022 03:00;10.02.2022 04:00;172,23
10.02.2022 04:00;10.02.2022 05:00;172,91
10.02.2022 05:00;10.02.2022 06:00;174,88
10.02.2022 06:00;10.02.2022 07:00;203,67
10.02.2022 07:00;10.02.2022 08:00;233,46
10.02.2022 08:00;10.02.2022 09:00;240,32
10.02.2022 09:00;10.02.2022 10:00;225,56
10.02.2022 10:00;10.02.2022 11:00;199,99
10.02.2022 11:00;10.02.2022 12:00;193,67
10.02.2022 12:00;10.02.2022 13:00;169,97
10.02.2022 13:00;10.02.2022 14:00;167,9
10.02.2022 14:00;10.02.2022 15:00;176,35
10.02.2022 15:00;10.02.2022 16:00;184,55
10.02.2022 16:00;10.02.2022 17:00;195,98
10.02.2022 17:00;10.02.2022 18:00;215,77
10.02.2022 18:00;10.02.2022 19:00;229,58
10.02.2022 19:00;10.02.2022 20:00;212,49
10.02.2022 20:00;10.02.2022 21:00;187,28
10.02.2022 21:00;10.02.2022 22:00;179,37
10.02.2022 22:00;10.02.2022 23:00;176,91
10.02.2022 23:00;11.02.2022 00:00;136,66
11.02.2022 00:00;11.02.2022 01:00;180,01
11.02.2022 01:00;11.02.2022 02:00;176,73
11.02.2022 02:00;11.02.2022 03:00;168,87
11.02.2022 03:00;11.02.2022 04:00;164,09
11.02.2022 04:00;11.02.2022 05:00;165,0
11.02.2022 05:00;11.02.2022 06:00;171,3
11.02.2022 06:00;11.02.2022 07:00;196,95
11.02.2022 07:00;11.02.2022 08:00;221,46
11.02.2022 08:00;11.02.2022 09:00;221,78
11.02.2022 09:00;11.02.2022 10:00;179,53
11.02.2022 10:00;11.02.2022 11:00;151,36
11.02.2022 11:00;11.02.2022 12:00;135,02
11.02.2022 12:00;11.02.2022 13:00;128,35
11.02.2022 13:00;11.02.2022 14:00;133,68
11.02.2022 14:00;11.02.2022 15:00;140,61
11.02.2022 15:00;11.02.2022 16:00;168,15
11.02.2022 16:00;11.02.2022 17:00;191,92
11.02.2022 17:00;11.02.2022 18:00;220,57
11.02.2022 18:00;11.02.2022 19:00;243,35
11.02.2022 19:00;11.02.2022 20:00;241,18
11.02.2022 20:00;11.02.2022 21:00;221,31
11.02.2022 21:00;11.02.2022 22:00;213,13
11.02.2022 22:00;11.02.2022 23:00;205,48
11.02.2022 23:00;12.02.2022 00:00;190,1
12.02.2022 00:00;12.02.2022 01:00;195,91
12.02.2022 01:00;12.02.2022 02:00;187,2
12.02.2022 02:00;12.02.2022 03:00;184,89
12.02.2022 03:00;12.02.2022 04:00;170,24
12.02.2022 04:00;12.02.2022 05:00;166,0
12.02.2022 05:00;12.02.2022 06:00;162,45
12.02.2022 06:00;12.02.2022 07:00;160,64
12.02.2022 07:00;12.02.2022 08:00;162,56
12.02.2022 08:00;12.02.2022 09:00;157,24
12.02.2022 09:00;12.02.2022 10:00;121,8
12.02.2022 10:00;12.02.2022 11:00;115,76
12.02.2022 11:00;12.02.2022 12:00;121,27
12.02.2022 12:00;12.02.2022 13:00;97,47
12.02.2022 13:00;12.02.2022 14:00;87,12
12.02.2022 14:00;12.02.2022 15:00;89,83
12.02.2022 15:00;12.02.2022 16:00;116,85
12.02.2022 16:00;12.02.2022 17:00;171,56
12.02.2022 17:00;12.02.2022 18:00;194,89
12.02.2022 18:00;12.02.2022 19:00;191,8
12.02.2022 19:00;12.02.2022 20:00;140,88
12.02.2022 20:00;12.02.2022 21:00;121,12
12.02.2022 21:00;12.02.2022 22:00;104,74
12.02.2022 22:00;12.02.2022 23:00;109,29
12.02.2022 23:00;13.02.2022 00:00;101,7
13.02.2022 00:00;13.02.2022 01:00;88,07
13.02.2022 01:00;13.02.2022 02:00;98,65
13.02.2022 02:00;13.02.2022 03:00;99,78
13.02.2022 03:00;13.02.2022 04:00;99,14
13.02.2022 04:00;13.02.2022 05:00;104,22
13.02.2022 05:00;13.02.2022 06:00;99,91
13.02.2022 06:00;13.02.2022 07:00;93,99
13.02.2022 07:00;13.02.2022 08:00;88,55
13.02.2022 08:00;13.02.2022 09:00;88,06
13.02.2022 09:00;13.02.2022 10:00;60,0
13.02.2022 10:00;13.02.2022 11:00;73,03
13.02.2022 11:00;13.02.2022 12:00;67,23
13.02.2022 12:00;13.02.2022 13:00;30,08
13.02.2022 13:00;13.02.2022 14:00;43,25
13.02.2022 14:00;13.02.2022 15:00;50,12
13.02.2022 15:00;13.02.2022 16:00;81,78
13.02.2022 16:00;13.02.2022 17:00;92,47
13.02.2022 17:00;13.02.2022 18:00;115,71
13.02.2022 18:00;13.02.2022 19:00;119,11
13.02.2022 19:00;13.02.2022 20:00;92,33
13.02.2022 20:00;13.02.2022 21:00;87,18
13.02.2022 21:00;13.02.2022 22:00;81,39
13.02.2022 22:00;13.02.2022 23:00;88,59
13.02.2022 23:00;14.02.2022 00:00;63,23
14.02.2022 00:00;14.02.2022 01:00;46,55
14.02.2022 01:00;14.02.2022 02:00;13,33
14.02.2022 02:00;14.02.2022 03:00;12,94
14.02.2022 03:00;14.02.2022 04:00;13,78
14.02.2022 04:00;14.02.2022 05:00;35,25
14.02.2022 05:00;14.02.2022 06:00;87,91
14.02.2022 06:00;14.02.2022 07:00;104,25
14.02.2022 07:00;14.02.2022 08:00;117,19
14.02.2022 08:00;14.02.2022 09:00;117,11
14.02.2022 09:00;14.02.2022 10:00;98,58
14.02.2022 10:00;14.02.2022 11:00;94,91
14.02.2022 11:00;14.02.2022 12:00;95,89
14.02.2022 12:00;14.02.2022 13:00;98,52
14.02.2022 13:00;14.02.2022 14:00;104,18
14.02.2022 14:00;14.02.2022 15:00;107,01
14.02.2022 15:00;14.02.2022 16:00;114,51
14.02.2022 16:00;14.02.2022 17:00;144,52
14.02.2022 17:00;14.02.2022 18:00;184,58
14.02.2022 18:00;14.02.2022 19:00;197,13
14.02.2022 19:00;14.02.2022 20:00;167,3
14.02.2022 20:00;14.02.2022 21:00;148,44
14.02.2022 21:00;14.02.2022 22:00;115,49
14.02.2022 22:00;14.02.2022 23:00;123,05
14.02.2022 23:00;15.02.2022 00:00;110,94
15.02.2022 00:00;15.02.2022 01:00;112,68
15.02.2022 01:00;15.02.2022 02:00;114,82
15.02.2022 02:00;15.02.2022 03:00;112,3
15.02.2022 03:00;15.02.2022 04:00;118,28
15.02.2022 04:00;15.02.2022 05:00;126,86
15.02.2022 05:00;15.02.2022 06:00;152,72
15.02.2022 06:00;15.02.2022 07:00;204,2
15.02.2022 07:00;15.02.2022 08:00;234,06
15.02.2022 08:00;15.02.2022 09:00;250,06
15.02.2022 09:00;15.02.2022 10:00;240,0
15.02.2022 10:00;15.02.2022 11:00;220,43
15.02.2022 11:00;15.02.2022 12:00;199,03
15.02.2022 12:00;15.02.2022 13:00;182,56
15.02.2022 13:00;15.02.2022 14:00;150,85
15.02.2022 14:00;15.02.2022 15:00;149,28
15.02.2022 15:00;15.02.2022 16:00;157,27
15.02.2022 16:00;15.02.2022 17:00;145,26
15.02.2022 17:00;15.02.2022 18:00;173,23
15.02.2022 18:00;15.02.2022 19:00;174,29
15.02.2022 19:00;15.02.2022 20:00;115,28
15.02.2022 20:00;15.02.2022 21:00;105,31
15.02.2022 21:00;15.02.2022 22:00;91,51
15.02.2022 22:00;15.02.2022 23:00;101,91
15.02.2022 23:00;16.02.2022 00:00;87,91
16.02.2022 00:00;16.02.2022 01:00;94,68
16.02.2022 01:00;16.02.2022 02:00;93,97
16.02.2022 02:00;16.02.2022 03:00;99,45
16.02.2022 03:00;16.02.2022 04:00;106,67
16.02.2022 04:00;16.02.2022 05:00;103,6
16.02.2022 05:00;16.02.2022 06:00;110,4
16.02.2022 06:00;16.02.2022 07:00;134,02
16.02.2022 07:00;16.02.2022 08:00;184,7
16.02.2022 08:00;16.02.2022 09:00;194,83
16.02.2022 09:00;16.02.2022 10:00;174,52
16.02.2022 10:00;16.02.2022 11:00;137,84
16.02.2022 11:00;16.02.2022 12:00;136,04
16.02.2022 12:00;16.02.2022 13:00;118,22
16.02.2022 13:00;16.02.2022 14:00;111,4
16.02.2022 14:00;16.02.2022 15:00;105,65
16.02.2022 15:00;16.02.2022 16:00;97,57
16.02.2022 16:00;16.02.2022 17:00;99,11
16.02.2022 17:00;16.02.2022 18:00;110,76
16.02.2022 18:00;16.02.2022 19:00;118,61
16.02.2022 19:00;16.02.2022 20:00;117,99
16.02.2022 20:00;16.02.2022 21:00;102,9
16.02.2022 21:00;16.02.2022 22:00;95,01
16.02.2022 22:00;16.02.2022 23:00;95,01
16.02.2022 23:00;17.02.2022 00:00;74,12
17.02.2022 00:00;17.02.2022 01:00;17,92
17.02.2022 01:00;17.02.2022 02:00;15,04
17.02.2022 02:00;17.02.2022 03:00;15,02
17.02.2022 03:00;17.02.2022 04:00;13,97
17.02.2022 04:00;17.02.2022 05:00;15,04
17.02.2022 05:00;17.02.2022 06:00;33,02
17.02.2022 06:00;17.02.2022 07:00;90,93
17.02.2022 07:00;17.02.2022 08:00;123,22
17.02.2022 08:00;17.02.2022 09:00;107,23
17.02.2022 09:00;17.02.2022 10:00;102,55
17.02.2022 10:00;17.02.2022 11:00;95,06
17.02.2022 11:00;17.02.2022 12:00;77,47
17.02.2022 12:00;17.02.2022 13:00;65,06
17.02.2022 13:00;17.02.2022 14:00;35,98
17.02.2022 14:00;17.02.2022 15:00;42,68
17.02.2022 15:00;17.02.2022 16:00;67,3
17.02.2022 16:00;17.02.2022 17:00;86,08
17.02.2022 17:00;17.02.2022 18:00;108,83
17.02.2022 18:00;17.02.2022 19:00;110,63
17.02.2022 19:00;17.02.2022 20:00;101,54
17.02.2022 20:00;17.02.2022 21:00;86,9
17.02.2022 21:00;17.02.2022 22:00;86,48
17.02.2022 22:00;17.02.2022 23:00;86,3
17.02.2022 23:00;18.02.2022 00:00;63,04
18.02.2022 00:00;18.02.2022 01:00;71,45
18.02.2022 01:00;18.02.2022 02:00;62,57
18.02.2022 02:00;18.02.2022 03:00;74,76
18.02.2022 03:00;18.02.2022 04:00;84,92
18.02.2022 04:00;18.02.2022 05:00;95,19
18.02.2022 05:00;18.02.2022 06:00;119,09
18.02.2022 06:00;18.02.2022 07:00;140,99
18.02.2022 07:00;18.02.2022 08:00;185,05
18.02.2022 08:00;18.02.2022 09:00;189,28
18.02.2022 09:00;18.02.2022 10:00;173,24
18.02.2022 10:00;18.02.2022 11:00;150,0
18.02.2022 11:00;18.02.2022 12:00;130,99
18.02.2022 12:00;18.02.2022 13:00;123,17
18.02.2022 13:00;18.02.2022 14:00;106,81
18.02.2022 14:00;18.02.2022 15:00;99,89
18.02.2022 15:00;18.02.2022 16:00;99,26
18.02.2022 16:00;18.02.2022 17:00;97,42
18.02.2022 17:00;18.02.2022 18:00;113,84
18.02.2022 18:00;18.02.2022 19:00;130,9
18.02.2022 19:00;18.02.2022 20:00;140,49
18.02.2022 20:00;18.02.2022 21:00;115,87
18.02.2022 21:00;18.02.2022 22:00;109,75
18.02.2022 22:00;18.02.2022 23:00;115,66
18.02.2022 23:00;19.02.2022 00:00;92,46
19.02.2022 00:00;19.02.2022 01:00;73,73
19.02.2022 01:00;19.02.2022 02:00;54,32
19.02.2022 02:00;19.02.2022 03:00;16,63
19.02.2022 03:00;19.02.2022 04:00;14,38
19.02.2022 04:00;19.02.2022 05:00;10,96
19.02.2022 05:00;19.02.2022 06:00;9,06
19.02.2022 06:00;19.02.2022 07:00;0,1
19.02.2022 07:00;19.02.2022 08:00;3,62
19.02.2022 08:00;19.02.2022 09:00;9,42
19.02.2022 09:00;19.02.2022 10:00;1,94
19.02.2022 10:00;19.02.2022 11:00;0,0
19.02.2022 11:00;19.02.2022 12:00;-0,08
19.02.2022 12:00;19.02.2022 13:00;-0,35
19.02.2022 13:00;19.02.2022 14:00;-0,52
19.02.2022 14:00;19.02.2022 15:00;-0,08
19.02.2022 15:00;19.02.2022 16:00;0,08
19.02.2022 16:00;19.02.2022 17:00;15,69
19.02.2022 17:00;19.02.2022 18:00;99,95
19.02.2022 18:00;19.02.2022 19:00;121,97
19.02.2022 19:00;19.02.2022 20:00;112,63
19.02.2022 20:00;19.02.2022 21:00;102,52
19.02.2022 21:00;19.02.2022 22:00;101,89
19.02.2022 22:00;19.02.2022 23:00;101,99
19.02.2022 23:00;20.02.2022 00:00;100,93
20.02.2022 00:00;20.02.2022 01:00;104,38
20.02.2022 01:00;20.02.2022 02:00;99,9
20.02.2022 02:00;20.02.2022 03:00;98,71
20.02.2022 03:00;20.02.2022 04:00;92,01
20.02.2022 04:00;20.02.2022 05:00;88,53
20.02.2022 05:00;20.02.2022 06:00;87,17
20.02.2022 06:00;20.02.2022 07:00;80,0
20.02.2022 07:00;20.02.2022 08:00;80,08
20.02.2022 08:00;20.02.2022 09:00;88,28
20.02.2022 09:00;20.02.2022 10:00;95,06
20.02.2022 10:00;20.02.2022 11:00;98,22
20.02.2022 11:00;20.02.2022 12:00;95,09
20.02.2022 12:00;20.02.2022 13:00;88,15
20.02.2022 13:00;20.02.2022 14:00;51,8
20.02.2022 14:00;20.02.2022 15:00;43,11
20.02.2022 15:00;20.02.2022 16:00;21,24
20.02.2022 16:00;20.02.2022 17:00;21,56
20.02.2022 17:00;20.02.2022 18:00;63,16
20.02.2022 18:00;20.02.2022 19:00;76,93
20.02.2022 19:00;20.02.2022 20:00;51,28
20.02.2022 20:00;20.02.2022 21:00;20,02
20.02.2022 21:00;20.02.2022 22:00;15,39
20.02.2022 22:00;20.02.2022 23:00;40,06
20.02.2022 23:00;21.02.2022 00:00;14,62
21.02.2022 00:00;21.02.2022 01:00;10,73
21.02.2022 01:00;21.02.2022 02:00;7,48
21.02.2022 02:00;21.02.2022 03:00;5,71
21.02.2022 03:00;21.02.2022 04:00;1,43
21.02.2022 04:00;21.02.2022 05:00;7,6
21.02.2022 05:00;21.02.2022 06:00;14,37
21.02.2022 06:00;21.02.2022 07:00;19,75
21.02.2022 07:00;21.02.2022 08:00;106,69
21.02.2022 08:00;21.02.2022 09:00;110,06
21.02.2022 09:00;21.02.2022 10:00;88,28
21.02.2022 10:00;21.02.2022 11:00;65,51
21.02.2022 11:00;21.02.2022 12:00;78,22
21.02.2022 12:00;21.02.2022 13:00;92,02
21.02.2022 13:00;21.02.2022 14:00;99,9
21.02.2022 14:00;21.02.2022 15:00;104,92
21.02.2022 15:00;21.02.2022 16:00;108,77
21.02.2022 16:00;21.02.2022 17:00;103,46
21.02.2022 17:00;21.02.2022 18:00;117,78
21.02.2022 18:00;21.02.2022 19:00;135,59
21.02.2022 19:00;21.02.2022 20:00;123,63
21.02.2022 20:00;21.02.2022 21:00;110,71
21.02.2022 21:00;21.02.2022 22:00;102,0
21.02.2022 22:00;21.02.2022 23:00;102,83
21.02.2022 23:00;22.02.2022 00:00;92,55
22.02.2022 00:00;22.02.2022 01:00;89,99
22.02.2022 01:00;22.02.2022 02:00;82,14
22.02.2022 02:00;22.02.2022 03:00;80,34
22.02.2022 03:00;22.02.2022 04:00;79,9
22.02.2022 04:00;22.02.2022 05:00;88,16
22.02.2022 05:00;22.02.2022 06:00;95,36
22.02.2022 06:00;22.02.2022 07:00;117,86
22.02.2022 07:00;22.02.2022 08:00;185,78
22.02.2022 08:00;22.02.2022 09:00;211,59
22.02.2022 09:00;22.02.2022 10:00;180,27
22.02.2022 10:00;22.02.2022 11:00;144,08
22.02.2022 11:00;22.02.2022 12:00;135,04
22.02.2022 12:00;22.02.2022 13:00;121,25
22.02.2022 13:00;22.02.2022 14:00;117,66
22.02.2022 14:00;22.02.2022 15:00;118,87
22.02.2022 15:00;22.02.2022 16:00;125,29
22.02.2022 16:00;22.02.2022 17:00;136,7
22.02.2022 17:00;22.02.2022 18:00;155,21
22.02.2022 18:00;22.02.2022 19:00;162,62
22.02.2022 19:00;22.02.2022 20:00;135,49
22.02.2022 20:00;22.02.2022 21:00;108,62
22.02.2022 21:00;22.02.2022 22:00;100,54
22.02.2022 22:00;22.02.2022 23:00;99,99
22.02.2022 23:00;23.02.2022 00:00;85,08
23.02.2022 00:00;23.02.2022 01:00;81,79
23.02.2022 01:00;23.02.2022 02:00;78,96
23.02.2022 02:00;23.02.2022 03:00;82,28
23.02.2022 03:00;23.02.2022 04:00;88,34
23.02.2022 04:00;23.02.2022 05:00;97,32
23.02.2022 05:00;23.02.2022 06:00;101,7
23.02.2022 06:00;23.02.2022 07:00;118,36
23.02.2022 07:00;23.02.2022 08:00;147,54
23.02.2022 08:00;23.02.2022 09:00;155,03
23.02.2022 09:00;23.02.2022 10:00;126,44
23.02.2022 10:00;23.02.2022 11:00;109,43
23.02.2022 11:00;23.02.2022 12:00;103,51
23.02.2022 12:00;23.02.2022 13:00;89,9
23.02.2022 13:00;23.02.2022 14:00;89,9
23.02.2022 14:00;23.02.2022 15:00;100,9
23.02.2022 15:00;23.02.2022 16:00;109,49
23.02.2022 16:00;23.02.2022 17:00;162,8
23.02.2022 17:00;23.02.2022 18:00;205,72
23.02.2022 18:00;23.02.2022 19:00;230,0
23.02.2022 19:00;23.02.2022 20:00;236,86
23.02.2022 20:00;23.02.2022 21:00;187,04
23.02.2022 21:00;23.02.2022 22:00;164,6
23.02.2022 22:00;23.02.2022 23:00;146,62
23.02.2022 23:00;24.02.2022 00:00;107,6
24.02.2022 00:00;24.02.2022 01:00;115,07
24.02.2022 01:00;24.02.2022 02:00;113,04
24.02.2022 02:00;24.02.2022 03:00;110,33
24.02.2022 03:00;24.02.2022 04:00;109,29
24.02.2022 04:00;24.02.2022 05:00;112,36
24.02.2022 05:00;24.02.2022 06:00;116,77
24.02.2022 06:00;24.02.2022 07:00;168,5
24.02.2022 07:00;24.02.2022 08:00;184,77
24.02.2022 08:00;24.02.2022 09:00;160,0
24.02.2022 09:00;24.02.2022 10:00;137,34
24.02.2022 10:00;24.02.2022 11:00;117,47
24.02.2022 11:00;24.02.2022 12:00;112,78
24.02.2022 12:00;24.02.2022 13:00;107,58
24.02.2022 13:00;24.02.2022 14:00;105,02
24.02.2022 14:00;24.02.2022 15:00;105,1
24.02.2022 15:00;24.02.2022 16:00;112,4
24.02.2022 16:00;24.02.2022 17:00;113,73
24.02.2022 17:00;24.02.2022 18:00;146,57
24.02.2022 18:00;24.02.2022 19:00;155,38
24.02.2022 19:00;24.02.2022 20:00;134,74
24.02.2022 20:00;24.02.2022 21:00;110,07
24.02.2022 21:00;24.02.2022 22:00;104,53
24.02.2022 22:00;24.02.2022 23:00;109,95
24.02.2022 23:00;25.02.2022 00:00;98,51
25.02.2022 00:00;25.02.2022 01:00;94,78
25.02.2022 01:00;25.02.2022 02:00;100,4
25.02.2022 02:00;25.02.2022 03:00;98,67
25.02.2022 03:00;25.02.2022 04:00;99,61
25.02.2022 04:00;25.02.2022 05:00;100,25
25.02.2022 05:00;25.02.2022 06:00;95,98
25.02.2022 06:00;25.02.2022 07:00;116,99
25.02.2022 07:00;25.02.2022 08:00;133,53
25.02.2022 08:00;25.02.2022 09:00;125,02
25.02.2022 09:00;25.02.2022 10:00;107,16
25.02.2022 10:00;25.02.2022 11:00;98,38
25.02.2022 11:00;25.02.2022 12:00;100,25
25.02.2022 12:00;25.02.2022 13:00;89,93
25.02.2022 13:00;25.02.2022 14:00;97,07
25.02.2022 14:00;25.02.2022 15:00;93,67
25.02.2022 15:00;25.02.2022 16:00;98,52
25.02.2022 16:00;25.02.2022 17:00;119,54
25.02.2022 17:00;25.02.2022 18:00;146,87
25.02.2022 18:00;25.02.2022 19:00;190,05
25.02.2022 19:00;25.02.2022 20:00;198,07
25.02.2022 20:00;25.02.2022 21:00;160,68
25.02.2022 21:00;25.02.2022 22:00;145,54
25.02.2022 22:00;25.02.2022 23:00;135,13
25.02.2022 23:00;26.02.2022 00:00;132,89
26.02.2022 00:00;26.02.2022 01:00;150,09
26.02.2022 01:00;26.02.2022 02:00;152,6
26.02.2022 02:00;26.02.2022 03:00;174,05
26.02.2022 03:00;26.02.2022 04:00;187,92
26.02.2022 04:00;26.02.2022 05:00;190,69
26.02.2022 05:00;26.02.2022 06:00;237,17
26.02.2022 06:00;26.02.2022 07:00;249,98
26.02.2022 07:00;26.02.2022 08:00;263,46
26.02.2022 08:00;26.02.2022 09:00;275,57
26.02.2022 09:00;26.02.2022 10:00;267,37
26.02.2022 10:00;26.02.2022 11:00;245,75
26.02.2022 11:00;26.02.2022 12:00;213,02
26.02.2022 12:00;26.02.2022 13:00;196,64
26.02.2022 13:00;26.02.2022 14:00;178,97
26.02.2022 14:00;26.02.2022 15:00;177,04
26.02.2022 15:00;26.02.2022 16:00;197,47
26.02.2022 16:00;26.02.2022 17:00;225,08
26.02.2022 17:00;26.02.2022 18:00;259,9
26.02.2022 18:00;26.02.2022 19:00;299,0
26.02.2022 19:00;26.02.2022 20:00;300,7
26.02.2022 20:00;26.02.2022 21:00;277,91
26.02.2022 21:00;26.02.2022 22:00;235,8
26.02.2022 22:00;26.02.2022 23:00;242,15
26.02.2022 23:00;27.02.2022 00:00;212,09
27.02.2022 00:00;27.02.2022 01:00;195,65
27.02.2022 01:00;27.02.2022 02:00;180,7
27.02.2022 02:00;27.02.2022 03:00;174,44
27.02.2022 03:00;27.02.2022 04:00;172,31
27.02.2022 04:00;27.02.2022 05:00;174,5
27.02.2022 05:00;27.02.2022 06:00;177,1
27.02.2022 06:00;27.02.2022 07:00;186,05
27.02.2022 07:00;27.02.2022 08:00;191,54
27.02.2022 08:00;27.02.2022 09:00;189,37
27.02.2022 09:00;27.02.2022 10:00;173,75
27.02.2022 10:00;27.02.2022 11:00;154,07
27.02.2022 11:00;27.02.2022 12:00;144,76
27.02.2022 12:00;27.02.2022 13:00;116,53
27.02.2022 13:00;27.02.2022 14:00;114,0
27.02.2022 14:00;27.02.2022 15:00;111,68
27.02.2022 15:00;27.02.2022 16:00;151,54
27.02.2022 16:00;27.02.2022 17:00;176,15
27.02.2022 17:00;27.02.2022 18:00;229,9
27.02.2022 18:00;27.02.2022 19:00;275,76
27.02.2022 19:00;27.02.2022 20:00;274,5
27.02.2022 20:00;27.02.2022 21:00;220,7
27.02.2022 21:00;27.02.2022 22:00;197,8
27.02.2022 22:00;27.02.2022 23:00;197,78
27.02.2022 23:00;28.02.2022 00:00;197,22
28.02.2022 00:00;28.02.2022 01:00;177,39
28.02.2022 01:00;28.02.2022 02:00;174,06
28.02.2022 02:00;28.02.2022 03:00;185,57
28.02.2022 03:00;28.02.2022 04:00;178,26
28.02.2022 04:00;28.02.2022 05:00;197,0
28.02.2022 05:00;28.02.2022 06:00;217,0
28.02.2022 06:00;28.02.2022 07:00;284,97
28.02.2022 07:00;28.02.2022 08:00;322,9
28.02.2022 08:00;28.02.2022 09:00;308,9
28.02.2022 09:00;28.02.2022 10:00;267,3
28.02.2022 10:00;28.02.2022 11:00;163,82
28.02.2022 11:00;28.02.2022 12:00;145,55
28.02.2022 12:00;28.02.2022 13:00;137,09
28.02.2022 13:00;28.02.2022 14:00;135,4
28.02.2022 14:00;28.02.2022 15:00;141,17
28.02.2022 15:00;28.02.2022 16:00;198,24
28.02.2022 16:00;28.02.2022 17:00;253,79
28.02.2022 17:00;28.02.2022 18:00;280,56
28.02.2022 18:00;28.02.2022 19:00;300,0
28.02.2022 19:00;28.02.2022 20:00;282,19
28.02.2022 20:00;28.02.2022 21:00;207,32
28.02.2022 21:00;28.02.2022 22:00;137,24
28.02.2022 22:00;28.02.2022 23:00;163,3
28.02.2022 23:00;01.03.2022 00:00;140,09
01.03.2022 00:00;01.03.2022 01:00;143,17
01.03.2022 01:00;01.03.2022 02:00;143,15
01.03.2022 02:00;01.03.2022 03:00;149,74
01.03.2022 03:00;01.03.2022 04:00;163,5
01.03.2022 04:00;01.03.2022 05:00;173,15
01.03.2022 05:00;01.03.2022 06:00;194,03
01.03.2022 06:00;01.03.2022 07:00;268,04
01.03.2022 07:00;01.03.2022 08:00;286,73
01.03.2022 08:00;01.03.2022 09:00;284,91
01.03.2022 09:00;01.03.2022 10:00;217,58
01.03.2022 10:00;01.03.2022 11:00;179,33
01.03.2022 11:00;01.03.2022 12:00;222,33
01.03.2022 12:00;01.03.2022 13:00;220,0
01.03.2022 13:00;01.03.2022 14:00;221,5
01.03.2022 14:00;01.03.2022 15:00;235,02
01.03.2022 15:00;01.03.2022 16:00;261,24
01.03.2022 16:00;01.03.2022 17:00;283,2
01.03.2022 17:00;01.03.2022 18:00;315,87
01.03.2022 18:00;01.03.2022 19:00;362,75
01.03.2022 19:00;01.03.2022 20:00;354,11
01.03.2022 20:00;01.03.2022 21:00;315,87
01.03.2022 21:00;01.03.2022 22:00;286,0
01.03.2022 22:00;01.03.2022 23:00;266,94
01.03.2022 23:00;02.03.2022 00:00;245,47
02.03.2022 00:00;02.03.2022 01:00;251,04
02.03.2022 01:00;02.03.2022 02:00;248,43
02.03.2022 02:00;02.03.2022 03:00;242,06
02.03.2022 03:00;02.03.2022 04:00;233,14
02.03.2022 04:00;02.03.2022 05:00;233,62
02.03.2022 05:00;02.03.2022 06:00;250,0
02.03.2022 06:00;02.03.2022 07:00;291,55
02.03.2022 07:00;02.03.2022 08:00;329,07
02.03.2022 08:00;02.03.2022 09:00;337,09
02.03.2022 09:00;02.03.2022 10:00;298,1
02.03.2022 10:00;02.03.2022 11:00;267,85
02.03.2022 11:00;02.03.2022 12:00;257,95
02.03.2022 12:00;02.03.2022 13:00;245,82
02.03.2022 13:00;02.03.2022 14:00;234,99
02.03.2022 14:00;02.03.2022 15:00;236,29
02.03.2022 15:00;02.03.2022 16:00;249,66
02.03.2022 16:00;02.03.2022 17:00;272,58
02.03.2022 17:00;02.03.2022 18:00;316,56
02.03.2022 18:00;02.03.2022 19:00;384,83
02.03.2022 19:00;02.03.2022 20:00;385,0
02.03.2022 20:00;02.03.2022 21:00;321,09
02.03.2022 21:00;02.03.2022 22:00;288,47
02.03.2022 22:00;02.03.2022 23:00;265,78
02.03.2022 23:00;03.03.2022 00:00;249,66
03.03.2022 00:00;03.03.2022 01:00;331,16
03.03.2022 01:00;03.03.2022 02:00;322,53
03.03.2022 02:00;03.03.2022 03:00;316,0
03.03.2022 03:00;03.03.2022 04:00;307,01
03.03.2022 04:00;03.03.2022 05:00;307,3
03.03.2022 05:00;03.03.2022 06:00;332,27
03.03.2022 06:00;03.03.2022 07:00;371,41
03.03.2022 07:00;03.03.2022 08:00;405,0
03.03.2022 08:00;03.03.2022 09:00;400,0
03.03.2022 09:00;03.03.2022 10:00;359,96
03.03.2022 10:00;03.03.2022 11:00;294,76
03.03.2022 11:00;03.03.2022 12:00;276,94
03.03.2022 12:00;03.03.2022 13:00;266,04
03.03.2022 13:00;03.03.2022 14:00;269,92
03.03.2022 14:00;03.03.2022 15:00;293,02
03.03.2022 15:00;03.03.2022 16:00;319,58
03.03.2022 16:00;03.03.2022 17:00;336,53
03.03.2022 17:00;03.03.2022 18:00;398,53
03.03.2022 18:00;03.03.2022 19:00;410,0
03.03.2022 19:00;03.03.2022 20:00;405,05
03.03.2022 20:00;03.03.2022 21:00;390,0
03.03.2022 21:00;03.03.2022 22:00;350,0
03.03.2022 22:00;03.03.2022 23:00;333,88
03.03.2022 23:00;04.03.2022 00:00;319,9
04.03.2022 00:00;04.03.2022 01:00;351,07
04.03.2022 01:00;04.03.2022 02:00;346,6
04.03.2022 02:00;04.03.2022 03:00;329,4
04.03.2022 03:00;04.03.2022 04:00;304,05
04.03.2022 04:00;04.03.2022 05:00;315,0
04.03.2022 05:00;04.03.2022 06:00;349,07
04.03.2022 06:00;04.03.2022 07:00;398,6
04.03.2022 07:00;04.03.2022 08:00;410,0
04.03.2022 08:00;04.03.2022 09:00;410,05
04.03.2022 09:00;04.03.2022 10:00;385,16
04.03.2022 10:00;04.03.2022 11:00;362,95
04.03.2022 11:00;04.03.2022 12:00;349,78
04.03.2022 12:00;04.03.2022 13:00;310,69
04.03.2022 13:00;04.03.2022 14:00;292,16
04.03.2022 14:00;04.03.2022 15:00;307,43
04.03.2022 15:00;04.03.2022 16:00;329,95
04.03.2022 16:00;04.03.2022 17:00;355,77
04.03.2022 17:00;04.03.2022 18:00;380,94
04.03.2022 18:00;04.03.2022 19:00;410,0
04.03.2022 19:00;04.03.2022 20:00;410,0
04.03.2022 20:00;04.03.2022 21:00;400,08
04.03.2022 21:00;04.03.2022 22:00;381,83
04.03.2022 22:00;04.03.2022 23:00;359,07
04.03.2022 23:00;05.03.2022 00:00;361,01
05.03.2022 00:00;05.03.2022 01:00;363,87
05.03.2022 01:00;05.03.2022 02:00;360,0
05.03.2022 02:00;05.03.2022 03:00;350,0
05.03.2022 03:00;05.03.2022 04:00;330,0
05.03.2022 04:00;05.03.2022 05:00;338,85
05.03.2022 05:00;05.03.2022 06:00;347,04
05.03.2022 06:00;05.03.2022 07:00;369,0
05.03.2022 07:00;05.03.2022 08:00;378,1
05.03.2022 08:00;05.03.2022 09:00;370,53
05.03.2022 09:00;05.03.2022 10:00;322,34
05.03.2022 10:00;05.03.2022 11:00;293,81
05.03.2022 11:00;05.03.2022 12:00;290,57
05.03.2022 12:00;05.03.2022 13:00;279,3
05.03.2022 13:00;05.03.2022 14:00;260,35
05.03.2022 14:00;05.03.2022 15:00;260,56
05.03.2022 15:00;05.03.2022 16:00;301,36
05.03.2022 16:00;05.03.2022 17:00;339,99
05.03.2022 17:00;05.03.2022 18:00;385,63
05.03.2022 18:00;05.03.2022 19:00;405,78
05.03.2022 19:00;05.03.2022 20:00;409,3
05.03.2022 20:00;05.03.2022 21:00;400,0
05.03.2022 21:00;05.03.2022 22:00;377,25
05.03.2022 22:00;05.03.2022 23:00;369,63
05.03.2022 23:00;06.03.2022 00:00;362,4
06.03.2022 00:00;06.03.2022 01:00;390,61
06.03.2022 01:00;06.03.2022 02:00;353,0
06.03.2022 02:00;06.03.2022 03:00;345,16
06.03.2022 03:00;06.03.2022 04:00;334,21
06.03.2022 04:00;06.03.2022 05:00;339,44
06.03.2022 05:00;06.03.2022 06:00;342,09
06.03.2022 06:00;06.03.2022 07:00;350,06
06.03.2022 07:00;06.03.2022 08:00;340,44
06.03.2022 08:00;06.03.2022 09:00;336,52
06.03.2022 09:00;06.03.2022 10:00;210,01
06.03.2022 10:00;06.03.2022 11:00;259,02
06.03.2022 11:00;06.03.2022 12:00;268,05
06.03.2022 12:00;06.03.2022 13:00;279,0
06.03.2022 13:00;06.03.2022 14:00;249,18
06.03.2022 14:00;06.03.2022 15:00;246,29
06.03.2022 15:00;06.03.2022 16:00;281,41
06.03.2022 16:00;06.03.2022 17:00;308,1
06.03.2022 17:00;06.03.2022 18:00;385,16
06.03.2022 18:00;06.03.2022 19:00;435,08
06.03.2022 19:00;06.03.2022 20:00;454,28
06.03.2022 20:00;06.03.2022 21:00;436,35
06.03.2022 21:00;06.03.2022 22:00;412,02
06.03.2022 22:00;06.03.2022 23:00;412,02
06.03.2022 23:00;07.03.2022 00:00;411,65
07.03.2022 00:00;07.03.2022 01:00;377,56
07.03.2022 01:00;07.03.2022 02:00;369,83
07.03.2022 02:00;07.03.2022 03:00;368,94
07.03.2022 03:00;07.03.2022 04:00;359,21
07.03.2022 04:00;07.03.2022 05:00;361,71
07.03.2022 05:00;07.03.2022 06:00;397,23
07.03.2022 06:00;07.03.2022 07:00;465,77
07.03.2022 07:00;07.03.2022 08:00;512,36
07.03.2022 08:00;07.03.2022 09:00;515,01
07.03.2022 09:00;07.03.2022 10:00;483,0
07.03.2022 10:00;07.03.2022 11:00;390,61
07.03.2022 11:00;07.03.2022 12:00;341,84
07.03.2022 12:00;07.03.2022 13:00;340,22
07.03.2022 13:00;07.03.2022 14:00;320,8
07.03.2022 14:00;07.03.2022 15:00;312,82
07.03.2022 15:00;07.03.2022 16:00;351,54
07.03.2022 16:00;07.03.2022 17:00;400,0
07.03.2022 17:00;07.03.2022 18:00;450,39
07.03.2022 18:00;07.03.2022 19:00;507,54
07.03.2022 19:00;07.03.2022 20:00;522,91
07.03.2022 20:00;07.03.2022 21:00;475,0
07.03.2022 21:00;07.03.2022 22:00;434,97
07.03.2022 22:00;07.03.2022 23:00;415,42
07.03.2022 23:00;08.03.2022 00:00;367,72
08.03.2022 00:00;08.03.2022 01:00;456,05
08.03.2022 01:00;08.03.2022 02:00;449,5
08.03.2022 02:00;08.03.2022 03:00;449,5
08.03.2022 03:00;08.03.2022 04:00;424,88
08.03.2022 04:00;08.03.2022 05:00;437,51
08.03.2022 05:00;08.03.2022 06:00;457,57
08.03.2022 06:00;08.03.2022 07:00;622,3
08.03.2022 07:00;08.03.2022 08:00;690,0
08.03.2022 08:00;08.03.2022 09:00;650,0
08.03.2022 09:00;08.03.2022 10:00;541,51
08.03.2022 10:00;08.03.2022 11:00;353,31
08.03.2022 11:00;08.03.2022 12:00;333,83
08.03.2022 12:00;08.03.2022 13:00;316,52
08.03.2022 13:00;08.03.2022 14:00;294,77
08.03.2022 14:00;08.03.2022 15:00;310,6
08.03.2022 15:00;08.03.2022 16:00;366,99
08.03.2022 16:00;08.03.2022 17:00;514,31
08.03.2022 17:00;08.03.2022 18:00;603,08
08.03.2022 18:00;08.03.2022 19:00;674,93
08.03.2022 19:00;08.03.2022 20:00;700,0
08.03.2022 20:00;08.03.2022 21:00;619,92
08.03.2022 21:00;08.03.2022 22:00;542,9
08.03.2022 22:00;08.03.2022 23:00;492,05
08.03.2022 23:00;09.03.2022 00:00;399,73
09.03.2022 00:00;09.03.2022 01:00;430,07
09.03.2022 01:00;09.03.2022 02:00;408,91
09.03.2022 02:00;09.03.2022 03:00;418,38
09.03.2022 03:00;09.03.2022 04:00;420,03
09.03.2022 04:00;09.03.2022 05:00;420,03
09.03.2022 05:00;09.03.2022 06:00;440,0
09.03.2022 06:00;09.03.2022 07:00;523,76
09.03.2022 07:00;09.03.2022 08:00;579,45
09.03.2022 08:00;09.03.2022 09:00;554,76
09.03.2022 09:00;09.03.2022 10:00;449,99
09.03.2022 10:00;09.03.2022 11:00;389,0
09.03.2022 11:00;09.03.2022 12:00;350,83
09.03.2022 12:00;09.03.2022 13:00;305,11
09.03.2022 13:00;09.03.2022 14:00;316,75
09.03.2022 14:00;09.03.2022 15:00;341,86
09.03.2022 15:00;09.03.2022 16:00;382,44
09.03.2022 16:00;09.03.2022 17:00;425,09
09.03.2022 17:00;09.03.2022 18:00;529,43
09.03.2022 18:00;09.03.2022 19:00;574,93
09.03.2022 19:00;09.03.2022 20:00;605,0
09.03.2022 20:00;09.03.2022 21:00;528,03
09.03.2022 21:00;09.03.2022 22:00;448,75
09.03.2022 22:00;09.03.2022 23:00;449,06
09.03.2022 23:00;10.03.2022 00:00;418,45
10.03.2022 00:00;10.03.2022 01:00;350,0
10.03.2022 01:00;10.03.2022 02:00;320,0
10.03.2022 02:00;10.03.2022 03:00;321,59
10.03.2022 03:00;10.03.2022 04:00;310,09
10.03.2022 04:00;10.03.2022 05:00;310,07
10.03.2022 05:00;10.03.2022 06:00;335,01
10.03.2022 06:00;10.03.2022 07:00;414,66
10.03.2022 07:00;10.03.2022 08:00;436,06
10.03.2022 08:00;10.03.2022 09:00;421,17
10.03.2022 09:00;10.03.2022 10:00;311,99
10.03.2022 10:00;10.03.2022 11:00;240,33
10.03.2022 11:00;10.03.2022 12:00;199,82
10.03.2022 12:00;10.03.2022 13:00;171,7
10.03.2022 13:00;10.03.2022 14:00;150,01
10.03.2022 14:00;10.03.2022 15:00;162,66
10.03.2022 15:00;10.03.2022 16:00;199,85
10.03.2022 16:00;10.03.2022 17:00;276,58
10.03.2022 17:00;10.03.2022 18:00;379,95
10.03.2022 18:00;10.03.2022 19:00;412,4
10.03.2022 19:00;10.03.2022 20:00;326,39
10.03.2022 20:00;10.03.2022 21:00;179,01
10.03.2022 21:00;10.03.2022 22:00;173,6
10.03.2022 22:00;10.03.2022 23:00;172,74
10.03.2022 23:00;11.03.2022 00:00;123,93
11.03.2022 00:00;11.03.2022 01:00;88,96
11.03.2022 01:00;11.03.2022 02:00;91,02
11.03.2022 02:00;11.03.2022 03:00;88,93
11.03.2022 03:00;11.03.2022 04:00;97,03
11.03.2022 04:00;11.03.2022 05:00;91,15
11.03.2022 05:00;11.03.2022 06:00;109,92
11.03.2022 06:00;11.03.2022 07:00;172,57
11.03.2022 07:00;11.03.2022 08:00;185,06
11.03.2022 08:00;11.03.2022 09:00;112,35
11.03.2022 09:00;11.03.2022 10:00;67,3
11.03.2022 10:00;11.03.2022 11:00;23,07
11.03.2022 11:00;11.03.2022 12:00;15,52
11.03.2022 12:00;11.03.2022 13:00;10,1
11.03.2022 13:00;11.03.2022 14:00;0,1
11.03.2022 14:00;11.03.2022 15:00;0,08
11.03.2022 15:00;11.03.2022 16:00;10,04
11.03.2022 16:00;11.03.2022 17:00;23,87
11.03.2022 17:00;11.03.2022 18:00;118,86
11.03.2022 18:00;11.03.2022 19:00;170,06
11.03.2022 19:00;11.03.2022 20:00;151,98
11.03.2022 20:00;11.03.2022 21:00;84,48
11.03.2022 21:00;11.03.2022 22:00;69,77
11.03.2022 22:00;11.03.2022 23:00;81,05
11.03.2022 23:00;12.03.2022 00:00;67,27
12.03.2022 00:00;12.03.2022 01:00;68,93
12.03.2022 01:00;12.03.2022 02:00;69,07
12.03.2022 02:00;12.03.2022 03:00;72,97
12.03.2022 03:00;12.03.2022 04:00;72,99
12.03.2022 04:00;12.03.2022 05:00;72,93
12.03.2022 05:00;12.03.2022 06:00;73,11
12.03.2022 06:00;12.03.2022 07:00;89,05
12.03.2022 07:00;12.03.2022 08:00;87,52
12.03.2022 08:00;12.03.2022 09:00;79,07
12.03.2022 09:00;12.03.2022 10:00;78,9
12.03.2022 10:00;12.03.2022 11:00;72,95
12.03.2022 11:00;12.03.2022 12:00;67,84
12.03.2022 12:00;12.03.2022 13:00;72,91
12.03.2022 13:00;12.03.2022 14:00;68,95
12.03.2022 14:00;12.03.2022 15:00;80,07
12.03.2022 15:00;12.03.2022 16:00;118,95
12.03.2022 16:00;12.03.2022 17:00;189,3
12.03.2022 17:00;12.03.2022 18:00;287,3
12.03.2022 18:00;12.03.2022 19:00;323,3
12.03.2022 19:00;12.03.2022 20:00;235,0
12.03.2022 20:00;12.03.2022 21:00;173,0
12.03.2022 21:00;12.03.2022 22:00;176,5
12.03.2022 22:00;12.03.2022 23:00;182,51
12.03.2022 23:00;13.03.2022 00:00;168,88
13.03.2022 00:00;13.03.2022 01:00;160,1
13.03.2022 01:00;13.03.2022 02:00;150,01
13.03.2022 02:00;13.03.2022 03:00;124,27
13.03.2022 03:00;13.03.2022 04:00;102,54
13.03.2022 04:00;13.03.2022 05:00;130,25
13.03.2022 05:00;13.03.2022 06:00;120,7
13.03.2022 06:00;13.03.2022 07:00;100,05
13.03.2022 07:00;13.03.2022 08:00;90,92
13.03.2022 08:00;13.03.2022 09:00;77,49
13.03.2022 09:00;13.03.2022 10:00;72,82
13.03.2022 10:00;13.03.2022 11:00;56,15
13.03.2022 11:00;13.03.2022 12:00;30,07
13.03.2022 12:00;13.03.2022 13:00;24,76
13.03.2022 13:00;13.03.2022 14:00;8,55
13.03.2022 14:00;13.03.2022 15:00;10,05
13.03.2022 15:00;13.03.2022 16:00;30,07
13.03.2022 16:00;13.03.2022 17:00;104,03
13.03.2022 17:00;13.03.2022 18:00;212,12
13.03.2022 18:00;13.03.2022 19:00;234,21
13.03.2022 19:00;13.03.2022 20:00;199,9
13.03.2022 20:00;13.03.2022 21:00;170,08
13.03.2022 21:00;13.03.2022 22:00;163,12
13.03.2022 22:00;13.03.2022 23:00;190,67
13.03.2022 23:00;14.03.2022 00:00;199,42
14.03.2022 00:00;14.03.2022 01:00;205,9
14.03.2022 01:00;14.03.2022 02:00;204,44
14.03.2022 02:00;14.03.2022 03:00;211,64
14.03.2022 03:00;14.03.2022 04:00;207,03
14.03.2022 04:00;14.03.2022 05:00;219,91
14.03.2022 05:00;14.03.2022 06:00;230,06
14.03.2022 06:00;14.03.2022 07:00;301,92
14.03.2022 07:00;14.03.2022 08:00;335,88
14.03.2022 08:00;14.03.2022 09:00;344,24
14.03.2022 09:00;14.03.2022 10:00;300,83
14.03.2022 10:00;14.03.2022 11:00;265,91
14.03.2022 11:00;14.03.2022 12:00;258,34
14.03.2022 12:00;14.03.2022 13:00;240,57
14.03.2022 13:00;14.03.2022 14:00;224,25
14.03.2022 14:00;14.03.2022 15:00;218,34
14.03.2022 15:00;14.03.2022 16:00;269,8
14.03.2022 16:00;14.03.2022 17:00;293,02
14.03.2022 17:00;14.03.2022 18:00;346,5
14.03.2022 18:00;14.03.2022 19:00;390,01
14.03.2022 19:00;14.03.2022 20:00;435,42
14.03.2022 20:00;14.03.2022 21:00;365,26
14.03.2022 21:00;14.03.2022 22:00;322,7
14.03.2022 22:00;14.03.2022 23:00;300,73
14.03.2022 23:00;15.03.2022 00:00;261,86
15.03.2022 00:00;15.03.2022 01:00;248,92
15.03.2022 01:00;15.03.2022 02:00;245,03
15.03.2022 02:00;15.03.2022 03:00;241,79
15.03.2022 03:00;15.03.2022 04:00;240,07
15.03.2022 04:00;15.03.2022 05:00;242,69
15.03.2022 05:00;15.03.2022 06:00;262,4
15.03.2022 06:00;15.03.2022 07:00;318,93
15.03.2022 07:00;15.03.2022 08:00;340,29
15.03.2022 08:00;15.03.2022 09:00;349,98
15.03.2022 09:00;15.03.2022 10:00;329,45
15.03.2022 10:00;15.03.2022 11:00;318,46
15.03.2022 11:00;15.03.2022 12:00;296,17
15.03.2022 12:00;15.03.2022 13:00;279,49
15.03.2022 13:00;15.03.2022 14:00;283,24
15.03.2022 14:00;15.03.2022 15:00;287,96
15.03.2022 15:00;15.03.2022 16:00;297,17
15.03.2022 16:00;15.03.2022 17:00;317,53
15.03.2022 17:00;15.03.2022 18:00;332,36
15.03.2022 18:00;15.03.2022 19:00;375,0
15.03.2022 19:00;15.03.2022 20:00;405,02
15.03.2022 20:00;15.03.2022 21:00;335,24
15.03.2022 21:00;15.03.2022 22:00;312,09
15.03.2022 22:00;15.03.2022 23:00;288,99
15.03.2022 23:00;16.03.2022 00:00;264,63
16.03.2022 00:00;16.03.2022 01:00;253,41
16.03.2022 01:00;16.03.2022 02:00;251,4
16.03.2022 02:00;16.03.2022 03:00;247,5
16.03.2022 03:00;16.03.2022 04:00;240,01
16.03.2022 04:00;16.03.2022 05:00;238,5
16.03.2022 05:00;16.03.2022 06:00;249,72
16.03.2022 06:00;16.03.2022 07:00;296,96
16.03.2022 07:00;16.03.2022 08:00;317,7
16.03.2022 08:00;16.03.2022 09:00;314,0
16.03.2022 09:00;16.03.2022 10:00;295,94
16.03.2022 10:00;16.03.2022 11:00;276,6
16.03.2022 11:00;16.03.2022 12:00;260,14
16.03.2022 12:00;16.03.2022 13:00;207,44
16.03.2022 13:00;16.03.2022 14:00;204,01
16.03.2022 14:00;16.03.2022 15:00;200,03
16.03.2022 15:00;16.03.2022 16:00;198,22
16.03.2022 16:00;16.03.2022 17:00;248,97
16.03.2022 17:00;16.03.2022 18:00;294,92
16.03.2022 18:00;16.03.2022 19:00;319,13
16.03.2022 19:00;16.03.2022 20:00;296,49
16.03.2022 20:00;16.03.2022 21:00;215,58
16.03.2022 21:00;16.03.2022 22:00;165,96
16.03.2022 22:00;16.03.2022 23:00;165,22
16.03.2022 23:00;17.03.2022 00:00;129,27
17.03.2022 00:00;17.03.2022 01:00;157,27
17.03.2022 01:00;17.03.2022 02:00;127,99
17.03.2022 02:00;17.03.2022 03:00;119,71
17.03.2022 03:00;17.03.2022 04:00;126,58
17.03.2022 04:00;17.03.2022 05:00;147,97
17.03.2022 05:00;17.03.2022 06:00;180,0
17.03.2022 06:00;17.03.2022 07:00;206,5
17.03.2022 07:00;17.03.2022 08:00;262,89
17.03.2022 08:00;17.03.2022 09:00;270,0
17.03.2022 09:00;17.03.2022 10:00;254,94
17.03.2022 10:00;17.03.2022 11:00;211,6
17.03.2022 11:00;17.03.2022 12:00;220,02
17.03.2022 12:00;17.03.2022 13:00;206,21
17.03.2022 13:00;17.03.2022 14:00;214,09
17.03.2022 14:00;17.03.2022 15:00;229,97
17.03.2022 15:00;17.03.2022 16:00;246,2
17.03.2022 16:00;17.03.2022 17:00;257,36
17.03.2022 17:00;17.03.2022 18:00;276,22
17.03.2022 18:00;17.03.2022 19:00;310,03
17.03.2022 19:00;17.03.2022 20:00;347,21
17.03.2022 20:00;17.03.2022 21:00;295,92
17.03.2022 21:00;17.03.2022 22:00;259,29
17.03.2022 22:00;17.03.2022 23:00;244,66
17.03.2022 23:00;18.03.2022 00:00;237,2
18.03.2022 00:00;18.03.2022 01:00;203,03
18.03.2022 01:00;18.03.2022 02:00;206,97
18.03.2022 02:00;18.03.2022 03:00;201,38
18.03.2022 03:00;18.03.2022 04:00;206,5
18.03.2022 04:00;18.03.2022 05:00;209,9
18.03.2022 05:00;18.03.2022 06:00;217,06
18.03.2022 06:00;18.03.2022 07:00;262,97
18.03.2022 07:00;18.03.2022 08:00;291,51
18.03.2022 08:00;18.03.2022 09:00;287,81
18.03.2022 09:00;18.03.2022 10:00;249,9
18.03.2022 10:00;18.03.2022 11:00;228,58
18.03.2022 11:00;18.03.2022 12:00;204,87
18.03.2022 12:00;18.03.2022 13:00;205,01
18.03.2022 13:00;18.03.2022 14:00;201,14
18.03.2022 14:00;18.03.2022 15:00;200,31
18.03.2022 15:00;18.03.2022 16:00;202,48
18.03.2022 16:00;18.03.2022 17:00;212,4
18.03.2022 17:00;18.03.2022 18:00;245,54
18.03.2022 18:00;18.03.2022 19:00;275,31
18.03.2022 19:00;18.03.2022 20:00;286,52
18.03.2022 20:00;18.03.2022 21:00;251,15
18.03.2022 21:00;18.03.2022 22:00;216,95
18.03.2022 22:00;18.03.2022 23:00;228,5
18.03.2022 23:00;19.03.2022 00:00;197,81
19.03.2022 00:00;19.03.2022 01:00;196,67
19.03.2022 01:00;19.03.2022 02:00;194,82
19.03.2022 02:00;19.03.2022 03:00;187,02
19.03.2022 03:00;19.03.2022 04:00;187,0
19.03.2022 04:00;19.03.2022 05:00;185,06
19.03.2022 05:00;19.03.2022 06:00;190,8
19.03.2022 06:00;19.03.2022 07:00;198,23
19.03.2022 07:00;19.03.2022 08:00;204,14
19.03.2022 08:00;19.03.2022 09:00;196,11
19.03.2022 09:00;19.03.2022 10:00;135,07
19.03.2022 10:00;19.03.2022 11:00;99,55
19.03.2022 11:00;19.03.2022 12:00;85,08
19.03.2022 12:00;19.03.2022 13:00;69,71
19.03.2022 13:00;19.03.2022 14:00;10,0
19.03.2022 14:00;19.03.2022 15:00;8,84
19.03.2022 15:00;19.03.2022 16:00;14,74
19.03.2022 16:00;19.03.2022 17:00;79,0
19.03.2022 17:00;19.03.2022 18:00;151,01
19.03.2022 18:00;19.03.2022 19:00;192,8
19.03.2022 19:00;19.03.2022 20:00;173,27
19.03.2022 20:00;19.03.2022 21:00;119,96
19.03.2022 21:00;19.03.2022 22:00;89,99
19.03.2022 22:00;19.03.2022 23:00;91,13
19.03.2022 23:00;20.03.2022 00:00;82,85
20.03.2022 00:00;20.03.2022 01:00;84,04
20.03.2022 01:00;20.03.2022 02:00;70,99
20.03.2022 02:00;20.03.2022 03:00;74,78
20.03.2022 03:00;20.03.2022 04:00;68,38
20.03.2022 04:00;20.03.2022 05:00;75,9
20.03.2022 05:00;20.03.2022 06:00;75,9
20.03.2022 06:00;20.03.2022 07:00;68,53
20.03.2022 07:00;20.03.2022 08:00;20,56
20.03.2022 08:00;20.03.2022 09:00;8,81
20.03.2022 09:00;20.03.2022 10:00;0,07
20.03.2022 10:00;20.03.2022 11:00;-0,1
20.03.2022 11:00;20.03.2022 12:00;-5,31
20.03.2022 12:00;20.03.2022 13:00;-16,81
20.03.2022 13:00;20.03.2022 14:00;-19,04
20.03.2022 14:00;20.03.2022 15:00;-13,35
20.03.2022 15:00;20.03.2022 16:00;-1,06
20.03.2022 16:00;20.03.2022 17:00;0,06
20.03.2022 17:00;20.03.2022 18:00;69,93
20.03.2022 18:00;20.03.2022 19:00;122,32
20.03.2022 19:00;20.03.2022 20:00;122,95
20.03.2022 20:00;20.03.2022 21:00;85,97
20.03.2022 21:00;20.03.2022 22:00;80,08
20.03.2022 22:00;20.03.2022 23:00;110,07
20.03.2022 23:00;21.03.2022 00:00;93,36
21.03.2022 00:00;21.03.2022 01:00;114,18
21.03.2022 01:00;21.03.2022 02:00;118,82
21.03.2022 02:00;21.03.2022 03:00;118,85
21.03.2022 03:00;21.03.2022 04:00;119,0
21.03.2022 04:00;21.03.2022 05:00;137,03
21.03.2022 05:00;21.03.2022 06:00;189,41
21.03.2022 06:00;21.03.2022 07:00;264,0
21.03.2022 07:00;21.03.2022 08:00;288,0
21.03.2022 08:00;21.03.2022 09:00;270,6
21.03.2022 09:00;21.03.2022 10:00;196,47
21.03.2022 10:00;21.03.2022 11:00;153,06
21.03.2022 11:00;21.03.2022 12:00;163,68
21.03.2022 12:00;21.03.2022 13:00;156,99
21.03.2022 13:00;21.03.2022 14:00;171,35
21.03.2022 14:00;21.03.2022 15:00;170,67
21.03.2022 15:00;21.03.2022 16:00;212,63
21.03.2022 16:00;21.03.2022 17:00;232,98
21.03.2022 17:00;21.03.2022 18:00;273,68
21.03.2022 18:00;21.03.2022 19:00;309,6
21.03.2022 19:00;21.03.2022 20:00;336,98
21.03.2022 20:00;21.03.2022 21:00;277,16
21.03.2022 21:00;21.03.2022 22:00;240,91
21.03.2022 22:00;21.03.2022 23:00;222,81
21.03.2022 23:00;22.03.2022 00:00;199,25
22.03.2022 00:00;22.03.2022 01:00;223,0
22.03.2022 01:00;22.03.2022 02:00;215,0
22.03.2022 02:00;22.03.2022 03:00;207,0
22.03.2022 03:00;22.03.2022 04:00;206,36
22.03.2022 04:00;22.03.2022 05:00;203,0
22.03.2022 05:00;22.03.2022 06:00;220,92
22.03.2022 06:00;22.03.2022 07:00;273,7
22.03.2022 07:00;22.03.2022 08:00;287,34
22.03.2022 08:00;22.03.2022 09:00;281,1
22.03.2022 09:00;22.03.2022 10:00;240,15
22.03.2022 10:00;22.03.2022 11:00;199,9
22.03.2022 11:00;22.03.2022 12:00;192,2
22.03.2022 12:00;22.03.2022 13:00;183,66
22.03.2022 13:00;22.03.2022 14:00;185,21
22.03.2022 14:00;22.03.2022 15:00;193,92
22.03.2022 15:00;22.03.2022 16:00;199,86
22.03.2022 16:00;22.03.2022 17:00;230,01
22.03.2022 17:00;22.03.2022 18:00;269,97
22.03.2022 18:00;22.03.2022 19:00;301,03
22.03.2022 19:00;22.03.2022 20:00;351,0
22.03.2022 20:00;22.03.2022 21:00;290,84
22.03.2022 21:00;22.03.2022 22:00;255,9
22.03.2022 22:00;22.03.2022 23:00;242,27
22.03.2022 23:00;23.03.2022 00:00;222,38
23.03.2022 00:00;23.03.2022 01:00;215,39
23.03.2022 01:00;23.03.2022 02:00;200,05
23.03.2022 02:00;23.03.2022 03:00;200,62
23.03.2022 03:00;23.03.2022 04:00;198,08
23.03.2022 04:00;23.03.2022 05:00;204,09
23.03.2022 05:00;23.03.2022 06:00;226,15
23.03.2022 06:00;23.03.2022 07:00;275,45
23.03.2022 07:00;23.03.2022 08:00;299,25
23.03.2022 08:00;23.03.2022 09:00;280,72
23.03.2022 09:00;23.03.2022 10:00;217,11
23.03.2022 10:00;23.03.2022 11:00;199,7
23.03.2022 11:00;23.03.2022 12:00;191,54
23.03.2022 12:00;23.03.2022 13:00;181,07
23.03.2022 13:00;23.03.2022 14:00;181,93
23.03.2022 14:00;23.03.2022 15:00;190,31
23.03.2022 15:00;23.03.2022 16:00;202,34
23.03.2022 16:00;23.03.2022 17:00;217,99
23.03.2022 17:00;23.03.2022 18:00;266,05
23.03.2022 18:00;23.03.2022 19:00;312,28
23.03.2022 19:00;23.03.2022 20:00;374,14
23.03.2022 20:00;23.03.2022 21:00;311,03
23.03.2022 21:00;23.03.2022 22:00;270,0
23.03.2022 22:00;23.03.2022 23:00;245,12
23.03.2022 23:00;24.03.2022 00:00;216,4
24.03.2022 00:00;24.03.2022 01:00;213,01
24.03.2022 01:00;24.03.2022 02:00;212,33
24.03.2022 02:00;24.03.2022 03:00;211,5
24.03.2022 03:00;24.03.2022 04:00;211,8
24.03.2022 04:00;24.03.2022 05:00;212,93
24.03.2022 05:00;24.03.2022 06:00;223,32
24.03.2022 06:00;24.03.2022 07:00;282,97
24.03.2022 07:00;24.03.2022 08:00;305,07
24.03.2022 08:00;24.03.2022 09:00;267,73
24.03.2022 09:00;24.03.2022 10:00;218,91
24.03.2022 10:00;24.03.2022 11:00;194,92
24.03.2022 11:00;24.03.2022 12:00;194,94
24.03.2022 12:00;24.03.2022 13:00;185,97
24.03.2022 13:00;24.03.2022 14:00;181,94
24.03.2022 14:00;24.03.2022 15:00;192,7
24.03.2022 15:00;24.03.2022 16:00;208,42
24.03.2022 16:00;24.03.2022 17:00;232,58
24.03.2022 17:00;24.03.2022 18:00;266,99
24.03.2022 18:00;24.03.2022 19:00;310,76
24.03.2022 19:00;24.03.2022 20:00;371,11
24.03.2022 20:00;24.03.2022 21:00;295,4
24.03.2022 21:00;24.03.2022 22:00;256,86
24.03.2022 22:00;24.03.2022 23:00;240,04
24.03.2022 23:00;25.03.2022 00:00;219,76
25.03.2022 00:00;25.03.2022 01:00;262,48
25.03.2022 01:00;25.03.2022 02:00;244,31
25.03.2022 02:00;25.03.2022 03:00;234,29
25.03.2022 03:00;25.03.2022 04:00;230,15
25.03.2022 04:00;25.03.2022 05:00;226,01
25.03.2022 05:00;25.03.2022 06:00;254,91
25.03.2022 06:00;25.03.2022 07:00;315,0
25.03.2022 07:00;25.03.2022 08:00;333,86
25.03.2022 08:00;25.03.2022 09:00;285,12
25.03.2022 09:00;25.03.2022 10:00;248,37
25.03.2022 10:00;25.03.2022 11:00;185,6
25.03.2022 11:00;25.03.2022 12:00;185,87
25.03.2022 12:00;25.03.2022 13:00;172,57
25.03.2022 13:00;25.03.2022 14:00;169,75
25.03.2022 14:00;25.03.2022 15:00;178,57
25.03.2022 15:00;25.03.2022 16:00;210,0
25.03.2022 16:00;25.03.2022 17:00;251,07
25.03.2022 17:00;25.03.2022 18:00;276,28
25.03.2022 18:00;25.03.2022 19:00;300,77
25.03.2022 19:00;25.03.2022 20:00;339,9
25.03.2022 20:00;25.03.2022 21:00;283,38
25.03.2022 21:00;25.03.2022 22:00;242,2
25.03.2022 22:00;25.03.2022 23:00;244,56
25.03.2022 23:00;26.03.2022 00:00;190,07
26.03.2022 00:00;26.03.2022 01:00;235,96
26.03.2022 01:00;26.03.2022 02:00;221,16
26.03.2022 02:00;26.03.2022 03:00;185,58
26.03.2022 03:00;26.03.2022 04:00;191,02
26.03.2022 04:00;26.03.2022 05:00;206,58
26.03.2022 05:00;26.03.2022 06:00;216,18
26.03.2022 06:00;26.03.2022 07:00;199,56
26.03.2022 07:00;26.03.2022 08:00;190,28
26.03.2022 08:00;26.03.2022 09:00;152,18
26.03.2022 09:00;26.03.2022 10:00;159,37
26.03.2022 10:00;26.03.2022 11:00;110,05
26.03.2022 11:00;26.03.2022 12:00;85,94
26.03.2022 12:00;26.03.2022 13:00;83,11
26.03.2022 13:00;26.03.2022 14:00;80,38
26.03.2022 14:00;26.03.2022 15:00;89,35
26.03.2022 15:00;26.03.2022 16:00;157,71
26.03.2022 16:00;26.03.2022 17:00;199,95
26.03.2022 17:00;26.03.2022 18:00;232,42
26.03.2022 18:00;26.03.2022 19:00;262,5
26.03.2022 19:00;26.03.2022 20:00;292,24
26.03.2022 20:00;26.03.2022 21:00;270,07
26.03.2022 21:00;26.03.2022 22:00;244,98
26.03.2022 22:00;26.03.2022 23:00;244,94
26.03.2022 23:00;27.03.2022 00:00;237,75
27.03.2022 00:00;27.03.2022 01:00;235,0
27.03.2022 01:00;26.03.2022 02:00;221,93
27.03.2022 03:00;27.03.2022 04:00;214,02
27.03.2022 04:00;27.03.2022 05:00;212,0
27.03.2022 05:00;27.03.2022 06:00;211,09
27.03.2022 06:00;27.03.2022 07:00;210,31
27.03.2022 07:00;27.03.2022 08:00;214,03
27.03.2022 08:00;27.03.2022 09:00;214,08
27.03.2022 09:00;27.03.2022 10:00;214,07
27.03.2022 10:00;27.03.2022 11:00;205,02
27.03.2022 11:00;27.03.2022 12:00;194,4
27.03.2022 12:00;27.03.2022 13:00;161,5
27.03.2022 13:00;27.03.2022 14:00;89,9
27.03.2022 14:00;27.03.2022 15:00;77,97
27.03.2022 15:00;27.03.2022 16:00;92,0
27.03.2022 16:00;27.03.2022 17:00;141,59
27.03.2022 17:00;27.03.2022 18:00;194,83
27.03.2022 18:00;27.03.2022 19:00;220,0
27.03.2022 19:00;27.03.2022 20:00;263,02
27.03.2022 20:00;27.03.2022 21:00;281,68
27.03.2022 21:00;27.03.2022 22:00;265,63
27.03.2022 22:00;27.03.2022 23:00;251,59
27.03.2022 23:00;28.03.2022 00:00;228,0
28.03.2022 00:00;28.03.2022 01:00;196,0
28.03.2022 01:00;28.03.2022 02:00;192,04
28.03.2022 02:00;28.03.2022 03:00;189,45
28.03.2022 03:00;28.03.2022 04:00;194,89
28.03.2022 04:00;28.03.2022 05:00;195,01
28.03.2022 05:00;28.03.2022 06:00;208,62
28.03.2022 06:00;28.03.2022 07:00;274,95
28.03.2022 07:00;28.03.2022 08:00;316,95
28.03.2022 08:00;28.03.2022 09:00;313,95
28.03.2022 09:00;28.03.2022 10:00;266,98
28.03.2022 10:00;28.03.2022 11:00;224,94
28.03.2022 11:00;28.03.2022 12:00;204,14
28.03.2022 12:00;28.03.2022 13:00;173,87
28.03.2022 13:00;28.03.2022 14:00;163,51
28.03.2022 14:00;28.03.2022 15:00;130,99
28.03.2022 15:00;28.03.2022 16:00;161,5
28.03.2022 16:00;28.03.2022 17:00;170,68
28.03.2022 17:00;28.03.2022 18:00;197,56
28.03.2022 18:00;28.03.2022 19:00;260,31
28.03.2022 19:00;28.03.2022 20:00;304,62
28.03.2022 20:00;28.03.2022 21:00;274,06
28.03.2022 21:00;28.03.2022 22:00;252,61
28.03.2022 22:00;28.03.2022 23:00;229,53
28.03.2022 23:00;29.03.2022 00:00;220,54
29.03.2022 00:00;29.03.2022 01:00;209,83
29.03.2022 01:00;29.03.2022 02:00;210,18
29.03.2022 02:00;29.03.2022 03:00;208,96
29.03.2022 03:00;29.03.2022 04:00;210,0
29.03.2022 04:00;29.03.2022 05:00;209,87
29.03.2022 05:00;29.03.2022 06:00;225,27
29.03.2022 06:00;29.03.2022 07:00;270,27
29.03.2022 07:00;29.03.2022 08:00;302,12
29.03.2022 08:00;29.03.2022 09:00;318,74
29.03.2022 09:00;29.03.2022 10:00;299,9
29.03.2022 10:00;29.03.2022 11:00;278,48
29.03.2022 11:00;29.03.2022 12:00;275,94
29.03.2022 12:00;29.03.2022 13:00;236,43
29.03.2022 13:00;29.03.2022 14:00;230,85
29.03.2022 14:00;29.03.2022 15:00;223,52
29.03.2022 15:00;29.03.2022 16:00;222,41
29.03.2022 16:00;29.03.2022 17:00;228,01
29.03.2022 17:00;29.03.2022 18:00;246,53
29.03.2022 18:00;29.03.2022 19:00;280,04
29.03.2022 19:00;29.03.2022 20:00;302,49
29.03.2022 20:00;29.03.2022 21:00;297,67
29.03.2022 21:00;29.03.2022 22:00;260,04
29.03.2022 22:00;29.03.2022 23:00;237,0
29.03.2022 23:00;30.03.2022 00:00;219,84
30.03.2022 00:00;30.03.2022 01:00;233,07
30.03.2022 01:00;30.03.2022 02:00;228,86
30.03.2022 02:00;30.03.2022 03:00;229,61
30.03.2022 03:00;30.03.2022 04:00;229,08
30.03.2022 04:00;30.03.2022 05:00;232,33
30.03.2022 05:00;30.03.2022 06:00;242,0
30.03.2022 06:00;30.03.2022 07:00;283,0
30.03.2022 07:00;30.03.2022 08:00;315,0
30.03.2022 08:00;30.03.2022 09:00;346,91
30.03.2022 09:00;30.03.2022 10:00;328,11
30.03.2022 10:00;30.03.2022 11:00;302,07
30.03.2022 11:00;30.03.2022 12:00;312,56
30.03.2022 12:00;30.03.2022 13:00;295,99
30.03.2022 13:00;30.03.2022 14:00;272,89
30.03.2022 14:00;30.03.2022 15:00;278,3
30.03.2022 15:00;30.03.2022 16:00;266,52
30.03.2022 16:00;30.03.2022 17:00;256,34
30.03.2022 17:00;30.03.2022 18:00;269,81
30.03.2022 18:00;30.03.2022 19:00;294,7
30.03.2022 19:00;30.03.2022 20:00;309,97
30.03.2022 20:00;30.03.2022 21:00;285,73
30.03.2022 21:00;30.03.2022 22:00;253,36
30.03.2022 22:00;30.03.2022 23:00;240,52
30.03.2022 23:00;31.03.2022 00:00;197,92
31.03.2022 00:00;31.03.2022 01:00;200,66
31.03.2022 01:00;31.03.2022 02:00;204,29
31.03.2022 02:00;31.03.2022 03:00;195,02
31.03.2022 03:00;31.03.2022 04:00;181,93
31.03.2022 04:00;31.03.2022 05:00;186,3
31.03.2022 05:00;31.03.2022 06:00;200,69
31.03.2022 06:00;31.03.2022 07:00;270,0
31.03.2022 07:00;31.03.2022 08:00;305,76
31.03.2022 08:00;31.03.2022 09:00;324,23
31.03.2022 09:00;31.03.2022 10:00;271,0
31.03.2022 10:00;31.03.2022 11:00;250,75
31.03.2022 11:00;31.03.2022 12:00;219,54
31.03.2022 12:00;31.03.2022 13:00;203,92
31.03.2022 13:00;31.03.2022 14:00;193,43
31.03.2022 14:00;31.03.2022 15:00;190,8
31.03.2022 15:00;31.03.2022 16:00;185,62
31.03.2022 16:00;31.03.2022 17:00;184,96
31.03.2022 17:00;31.03.2022 18:00;188,01
31.03.2022 18:00;31.03.2022 19:00;200,01
31.03.2022 19:00;31.03.2022 20:00;229,49
31.03.2022 20:00;31.03.2022 21:00;199,08
31.03.2022 21:00;31.03.2022 22:00;164,35
31.03.2022 22:00;31.03.2022 23:00;150,64
31.03.2022 23:00;01.04.2022 00:00;120,08
01.04.2022 00:00;01.04.2022 01:00;111,72
01.04.2022 01:00;01.04.2022 02:00;99,64
01.04.2022 02:00;01.04.2022 03:00;94,48
01.04.2022 03:00;01.04.2022 04:00;99,59
01.04.2022 04:00;01.04.2022 05:00;109,02
01.04.2022 05:00;01.04.2022 06:00;140,01
01.04.2022 06:00;01.04.2022 07:00;178,63
01.04.2022 07:00;01.04.2022 08:00;200,03
01.04.2022 08:00;01.04.2022 09:00;208,47
01.04.2022 09:00;01.04.2022 10:00;200,35
01.04.2022 10:00;01.04.2022 11:00;193,08
01.04.2022 11:00;01.04.2022 12:00;181,14
01.04.2022 12:00;01.04.2022 13:00;171,94
01.04.2022 13:00;01.04.2022 14:00;159,91
01.04.2022 14:00;01.04.2022 15:00;147,1
01.04.2022 15:00;01.04.2022 16:00;140,82
01.04.2022 16:00;01.04.2022 17:00;142,33
01.04.2022 17:00;01.04.2022 18:00;172,4
01.04.2022 18:00;01.04.2022 19:00;191,7
01.04.2022 19:00;01.04.2022 20:00;205,96
01.04.2022 20:00;01.04.2022 21:00;200,19
01.04.2022 21:00;01.04.2022 22:00;174,92
01.04.2022 22:00;01.04.2022 23:00;167,85
01.04.2022 23:00;02.04.2022 00:00;151,86
02.04.2022 00:00;02.04.2022 01:00;112,01
02.04.2022 01:00;02.04.2022 02:00;125,01
02.04.2022 02:00;02.04.2022 03:00;131,72
02.04.2022 03:00;02.04.2022 04:00;140,54
02.04.2022 04:00;02.04.2022 05:00;131,79
02.04.2022 05:00;02.04.2022 06:00;145,07
02.04.2022 06:00;02.04.2022 07:00;135,84
02.04.2022 07:00;02.04.2022 08:00;168,06
02.04.2022 08:00;02.04.2022 09:00;190,3
02.04.2022 09:00;02.04.2022 10:00;192,15
02.04.2022 10:00;02.04.2022 11:00;169,77
02.04.2022 11:00;02.04.2022 12:00;166,94
02.04.2022 12:00;02.04.2022 13:00;160,63
02.04.2022 13:00;02.04.2022 14:00;132,18
02.04.2022 14:00;02.04.2022 15:00;120,6
02.04.2022 15:00;02.04.2022 16:00;128,45
02.04.2022 16:00;02.04.2022 17:00;137,45
02.04.2022 17:00;02.04.2022 18:00;171,27
02.04.2022 18:00;02.04.2022 19:00;227,6
02.04.2022 19:00;02.04.2022 20:00;259,15
02.04.2022 20:00;02.04.2022 21:00;241,63
02.04.2022 21:00;02.04.2022 22:00;210,0
02.04.2022 22:00;02.04.2022 23:00;206,14
02.04.2022 23:00;03.04.2022 00:00;189,38
03.04.2022 00:00;03.04.2022 01:00;199,08
03.04.2022 01:00;03.04.2022 02:00;193,08
03.04.2022 02:00;03.04.2022 03:00;195,76
03.04.2022 03:00;03.04.2022 04:00;194,44
03.04.2022 04:00;03.04.2022 05:00;195,55
03.04.2022 05:00;03.04.2022 06:00;193,82
03.04.2022 06:00;03.04.2022 07:00;190,88
03.04.2022 07:00;03.04.2022 08:00;192,6
03.04.2022 08:00;03.04.2022 09:00;197,24
03.04.2022 09:00;03.04.2022 10:00;182,07
03.04.2022 10:00;03.04.2022 11:00;180,76
03.04.2022 11:00;03.04.2022 12:00;179,13
03.04.2022 12:00;03.04.2022 13:00;174,2
03.04.2022 13:00;03.04.2022 14:00;119,64
03.04.2022 14:00;03.04.2022 15:00;97,07
03.04.2022 15:00;03.04.2022 16:00;104,0
03.04.2022 16:00;03.04.2022 17:00;121,39
03.04.2022 17:00;03.04.2022 18:00;132,21
03.04.2022 18:00;03.04.2022 19:00;177,39
03.04.2022 19:00;03.04.2022 20:00;211,79
03.04.2022 20:00;03.04.2022 21:00;204,95
03.04.2022 21:00;03.04.2022 22:00;179,74
03.04.2022 22:00;03.04.2022 23:00;177,45
03.04.2022 23:00;04.04.2022 00:00;155,03
04.04.2022 00:00;04.04.2022 01:00;118,63
04.04.2022 01:00;04.04.2022 02:00;91,81
04.04.2022 02:00;04.04.2022 03:00;88,0
04.04.2022 03:00;04.04.2022 04:00;81,56
04.04.2022 04:00;04.04.2022 05:00;87,49
04.04.2022 05:00;04.04.2022 06:00;91,6
04.04.2022 06:00;04.04.2022 07:00;133,0
04.04.2022 07:00;04.04.2022 08:00;120,6
04.04.2022 08:00;04.04.2022 09:00;101,16
04.04.2022 09:00;04.04.2022 10:00;87,6
04.04.2022 10:00;04.04.2022 11:00;74,54
04.04.2022 11:00;04.04.2022 12:00;68,27
04.04.2022 12:00;04.04.2022 13:00;40,08
04.04.2022 13:00;04.04.2022 14:00;30,98
04.04.2022 14:00;04.04.2022 15:00;25,6
04.04.2022 15:00;04.04.2022 16:00;37,56
04.04.2022 16:00;04.04.2022 17:00;47,24
04.04.2022 17:00;04.04.2022 18:00;69,78
04.04.2022 18:00;04.04.2022 19:00;69,93
04.04.2022 19:00;04.04.2022 20:00;74,86
04.04.2022 20:00;04.04.2022 21:00;74,52
04.04.2022 21:00;04.04.2022 22:00;69,96
04.04.2022 22:00;04.04.2022 23:00;72,98
04.04.2022 23:00;05.04.2022 00:00;50,09
05.04.2022 00:00;05.04.2022 01:00;23,53
05.04.2022 01:00;05.04.2022 02:00;30,0
05.04.2022 02:00;05.04.2022 03:00;35,09
05.04.2022 03:00;05.04.2022 04:00;42,35
05.04.2022 04:00;05.04.2022 05:00;74,53
05.04.2022 05:00;05.04.2022 06:00;83,97
05.04.2022 06:00;05.04.2022 07:00;163,27
05.04.2022 07:00;05.04.2022 08:00;220,07
05.04.2022 08:00;05.04.2022 09:00;232,03
05.04.2022 09:00;05.04.2022 10:00;229,51
05.04.2022 10:00;05.04.2022 11:00;227,0
05.04.2022 11:00;05.04.2022 12:00;230,09
05.04.2022 12:00;05.04.2022 13:00;214,24
05.04.2022 13:00;05.04.2022 14:00;222,98
05.04.2022 14:00;05.04.2022 15:00;208,49
05.04.2022 15:00;05.04.2022 16:00;222,97
05.04.2022 16:00;05.04.2022 17:00;224,41
05.04.2022 17:00;05.04.2022 18:00;262,21
05.04.2022 18:00;05.04.2022 19:00;278,24
05.04.2022 19:00;05.04.2022 20:00;309,93
05.04.2022 20:00;05.04.2022 21:00;277,91
05.04.2022 21:00;05.04.2022 22:00;226,47
05.04.2022 22:00;05.04.2022 23:00;189,65
05.04.2022 23:00;06.04.2022 00:00;163,64
06.04.2022 00:00;06.04.2022 01:00;112,87
06.04.2022 01:00;06.04.2022 02:00;140,0
06.04.2022 02:00;06.04.2022 03:00;126,56
06.04.2022 03:00;06.04.2022 04:00;121,67
06.04.2022 04:00;06.04.2022 05:00;126,59
06.04.2022 05:00;06.04.2022 06:00;118,48
06.04.2022 06:00;06.04.2022 07:00;165,6
06.04.2022 07:00;06.04.2022 08:00;177,84
06.04.2022 08:00;06.04.2022 09:00;175,3
06.04.2022 09:00;06.04.2022 10:00;159,36
06.04.2022 10:00;06.04.2022 11:00;95,69
06.04.2022 11:00;06.04.2022 12:00;74,86
06.04.2022 12:00;06.04.2022 13:00;77,8
06.04.2022 13:00;06.04.2022 14:00;74,73
06.04.2022 14:00;06.04.2022 15:00;71,98
06.04.2022 15:00;06.04.2022 16:00;74,75
06.04.2022 16:00;06.04.2022 17:00;74,81
06.04.2022 17:00;06.04.2022 18:00;126,26
06.04.2022 18:00;06.04.2022 19:00;165,54
06.04.2022 19:00;06.04.2022 20:00;178,43
06.04.2022 20:00;06.04.2022 21:00;171,0
06.04.2022 21:00;06.04.2022 22:00;132,42
06.04.2022 22:00;06.04.2022 23:00;109,11
06.04.2022 23:00;07.04.2022 00:00;60,37
07.04.2022 00:00;07.04.2022 01:00;73,02
07.04.2022 01:00;07.04.2022 02:00;67,74
07.04.2022 02:00;07.04.2022 03:00;59,64
07.04.2022 03:00;07.04.2022 04:00;67,58
07.04.2022 04:00;07.04.2022 05:00;73,58
07.04.2022 05:00;07.04.2022 06:00;74,13
07.04.2022 06:00;07.04.2022 07:00;74,5
07.04.2022 07:00;07.04.2022 08:00;90,03
07.04.2022 08:00;07.04.2022 09:00;113,23
07.04.2022 09:00;07.04.2022 10:00;77,35
07.04.2022 10:00;07.04.2022 11:00;71,93
07.04.2022 11:00;07.04.2022 12:00;71,94
07.04.2022 12:00;07.04.2022 13:00;77,38
07.04.2022 13:00;07.04.2022 14:00;70,38
07.04.2022 14:00;07.04.2022 15:00;70,15
07.04.2022 15:00;07.04.2022 16:00;73,35
07.04.2022 16:00;07.04.2022 17:00;74,82
07.04.2022 17:00;07.04.2022 18:00;80,91
07.04.2022 18:00;07.04.2022 19:00;82,06
07.04.2022 19:00;07.04.2022 20:00;94,41
07.04.2022 20:00;07.04.2022 21:00;79,56
07.04.2022 21:00;07.04.2022 22:00;65,45
07.04.2022 22:00;07.04.2022 23:00;69,19
07.04.2022 23:00;08.04.2022 00:00;27,35
08.04.2022 00:00;08.04.2022 01:00;2,02
08.04.2022 01:00;08.04.2022 02:00;1,03
08.04.2022 02:00;08.04.2022 03:00;1,02
08.04.2022 03:00;08.04.2022 04:00;2,47
08.04.2022 04:00;08.04.2022 05:00;8,58
08.04.2022 05:00;08.04.2022 06:00;44,51
08.04.2022 06:00;08.04.2022 07:00;95,37
08.04.2022 07:00;08.04.2022 08:00;147,26
08.04.2022 08:00;08.04.2022 09:00;150,0
08.04.2022 09:00;08.04.2022 10:00;87,0
08.04.2022 10:00;08.04.2022 11:00;81,85
08.04.2022 11:00;08.04.2022 12:00;86,54
08.04.2022 12:00;08.04.2022 13:00;88,19
08.04.2022 13:00;08.04.2022 14:00;91,41
08.04.2022 14:00;08.04.2022 15:00;130,77
08.04.2022 15:00;08.04.2022 16:00;166,11
08.04.2022 16:00;08.04.2022 17:00;186,11
08.04.2022 17:00;08.04.2022 18:00;202,31
08.04.2022 18:00;08.04.2022 19:00;229,9
08.04.2022 19:00;08.04.2022 20:00;267,77
08.04.2022 20:00;08.04.2022 21:00;259,04
08.04.2022 21:00;08.04.2022 22:00;221,8
08.04.2022 22:00;08.04.2022 23:00;189,8
08.04.2022 23:00;09.04.2022 00:00;159,98
09.04.2022 00:00;09.04.2022 01:00;119,25
09.04.2022 01:00;09.04.2022 02:00;110,6
09.04.2022 02:00;09.04.2022 03:00;92,51
09.04.2022 03:00;09.04.2022 04:00;83,22
09.04.2022 04:00;09.04.2022 05:00;79,12
09.04.2022 05:00;09.04.2022 06:00;76,14
09.04.2022 06:00;09.04.2022 07:00;76,56
09.04.2022 07:00;09.04.2022 08:00;88,15
09.04.2022 08:00;09.04.2022 09:00;82,9
09.04.2022 09:00;09.04.2022 10:00;69,72
09.04.2022 10:00;09.04.2022 11:00;25,14
09.04.2022 11:00;09.04.2022 12:00;5,04
09.04.2022 12:00;09.04.2022 13:00;-0,01
09.04.2022 13:00;09.04.2022 14:00;-0,28
09.04.2022 14:00;09.04.2022 15:00;-2,49
09.04.2022 15:00;09.04.2022 16:00;-0,1
09.04.2022 16:00;09.04.2022 17:00;-0,03
09.04.2022 17:00;09.04.2022 18:00;1,98
09.04.2022 18:00;09.04.2022 19:00;75,81
09.04.2022 19:00;09.04.2022 20:00;96,97
09.04.2022 20:00;09.04.2022 21:00;105,0
09.04.2022 21:00;09.04.2022 22:00;90,95
09.04.2022 22:00;09.04.2022 23:00;89,77
09.04.2022 23:00;10.04.2022 00:00;69,88
10.04.2022 00:00;10.04.2022 01:00;70,96
10.04.2022 01:00;10.04.2022 02:00;26,15
10.04.2022 02:00;10.04.2022 03:00;24,59
10.04.2022 03:00;10.04.2022 04:00;25,67
10.04.2022 04:00;10.04.2022 05:00;40,04
10.04.2022 05:00;10.04.2022 06:00;36,85
10.04.2022 06:00;10.04.2022 07:00;25,95
10.04.2022 07:00;10.04.2022 08:00;45,02
10.04.2022 08:00;10.04.2022 09:00;35,76
10.04.2022 09:00;10.04.2022 10:00;22,23
10.04.2022 10:00;10.04.2022 11:00;12,29
10.04.2022 11:00;10.04.2022 12:00;13,0
10.04.2022 12:00;10.04.2022 13:00;5,31
10.04.2022 13:00;10.04.2022 14:00;0,1
10.04.2022 14:00;10.04.2022 15:00;0,09
10.04.2022 15:00;10.04.2022 16:00;0,42
10.04.2022 16:00;10.04.2022 17:00;8,52
10.04.2022 17:00;10.04.2022 18:00;71,03
10.04.2022 18:00;10.04.2022 19:00;139,9
10.04.2022 19:00;10.04.2022 20:00;233,51
10.04.2022 20:00;10.04.2022 21:00;252,18
10.04.2022 21:00;10.04.2022 22:00;239,54
10.04.2022 22:00;10.04.2022 23:00;238,28
10.04.2022 23:00;11.04.2022 00:00;224,3
11.04.2022 00:00;11.04.2022 01:00;182,38
11.04.2022 01:00;11.04.2022 02:00;184,98
11.04.2022 02:00;11.04.2022 03:00;184,6
11.04.2022 03:00;11.04.2022 04:00;185,68
11.04.2022 04:00;11.04.2022 05:00;195,55
11.04.2022 05:00;11.04.2022 06:00;220,56
11.04.2022 06:00;11.04.2022 07:00;264,91
11.04.2022 07:00;11.04.2022 08:00;299,93
11.04.2022 08:00;11.04.2022 09:00;285,03
11.04.2022 09:00;11.04.2022 10:00;255,0
11.04.2022 10:00;11.04.2022 11:00;214,92
11.04.2022 11:00;11.04.2022 12:00;190,71
11.04.2022 12:00;11.04.2022 13:00;187,85
11.04.2022 13:00;11.04.2022 14:00;181,84
11.04.2022 14:00;11.04.2022 15:00;179,98
11.04.2022 15:00;11.04.2022 16:00;179,77
11.04.2022 16:00;11.04.2022 17:00;182,86
11.04.2022 17:00;11.04.2022 18:00;219,39
11.04.2022 18:00;11.04.2022 19:00;263,32
11.04.2022 19:00;11.04.2022 20:00;296,99
11.04.2022 20:00;11.04.2022 21:00;290,37
11.04.2022 21:00;11.04.2022 22:00;267,81
11.04.2022 22:00;11.04.2022 23:00;247,99
11.04.2022 23:00;12.04.2022 00:00;204,4
12.04.2022 00:00;12.04.2022 01:00;192,9
12.04.2022 01:00;12.04.2022 02:00;188,71
12.04.2022 02:00;12.04.2022 03:00;184,13
12.04.2022 03:00;12.04.2022 04:00;183,0
12.04.2022 04:00;12.04.2022 05:00;185,55
12.04.2022 05:00;12.04.2022 06:00;191,53
12.04.2022 06:00;12.04.2022 07:00;229,54
12.04.2022 07:00;12.04.2022 08:00;268,78
12.04.2022 08:00;12.04.2022 09:00;260,33
12.04.2022 09:00;12.04.2022 10:00;219,02
12.04.2022 10:00;12.04.2022 11:00;182,51
12.04.2022 11:00;12.04.2022 12:00;172,32
12.04.2022 12:00;12.04.2022 13:00;136,12
12.04.2022 13:00;12.04.2022 14:00;110,02
12.04.2022 14:00;12.04.2022 15:00;100,01
12.04.2022 15:00;12.04.2022 16:00;118,14
12.04.2022 16:00;12.04.2022 17:00;139,9
12.04.2022 17:00;12.04.2022 18:00;179,4
12.04.2022 18:00;12.04.2022 19:00;215,47
12.04.2022 19:00;12.04.2022 20:00;235,09
12.04.2022 20:00;12.04.2022 21:00;233,47
12.04.2022 21:00;12.04.2022 22:00;189,08
12.04.2022 22:00;12.04.2022 23:00;177,46
12.04.2022 23:00;13.04.2022 00:00;137,74
13.04.2022 00:00;13.04.2022 01:00;161,67
13.04.2022 01:00;13.04.2022 02:00;165,81
13.04.2022 02:00;13.04.2022 03:00;163,31
13.04.2022 03:00;13.04.2022 04:00;167,63
13.04.2022 04:00;13.04.2022 05:00;180,73
13.04.2022 05:00;13.04.2022 06:00;212,32
13.04.2022 06:00;13.04.2022 07:00;248,74
13.04.2022 07:00;13.04.2022 08:00;267,52
13.04.2022 08:00;13.04.2022 09:00;273,83
13.04.2022 09:00;13.04.2022 10:00;254,25
13.04.2022 10:00;13.04.2022 11:00;212,9
13.04.2022 11:00;13.04.2022 12:00;192,45
13.04.2022 12:00;13.04.2022 13:00;188,72
13.04.2022 13:00;13.04.2022 14:00;195,04
13.04.2022 14:00;13.04.2022 15:00;200,05
13.04.2022 15:00;13.04.2022 16:00;196,0
13.04.2022 16:00;13.04.2022 17:00;200,47
13.04.2022 17:00;13.04.2022 18:00;241,25
13.04.2022 18:00;13.04.2022 19:00;266,2
13.04.2022 19:00;13.04.2022 20:00;298,95
13.04.2022 20:00;13.04.2022 21:00;301,63
13.04.2022 21:00;13.04.2022 22:00;269,03
13.04.2022 22:00;13.04.2022 23:00;250,0
13.04.2022 23:00;14.04.2022 00:00;231,94
14.04.2022 00:00;14.04.2022 01:00;232,45
14.04.2022 01:00;14.04.2022 02:00;207,63
14.04.2022 02:00;14.04.2022 03:00;200,14
14.04.2022 03:00;14.04.2022 04:00;198,05
14.04.2022 04:00;14.04.2022 05:00;199,97
14.04.2022 05:00;14.04.2022 06:00;204,46
14.04.2022 06:00;14.04.2022 07:00;254,0
14.04.2022 07:00;14.04.2022 08:00;272,33
14.04.2022 08:00;14.04.2022 09:00;282,11
14.04.2022 09:00;14.04.2022 10:00;252,78
14.04.2022 10:00;14.04.2022 11:00;216,35
14.04.2022 11:00;14.04.2022 12:00;212,54
14.04.2022 12:00;14.04.2022 13:00;202,24
14.04.2022 13:00;14.04.2022 14:00;195,19
14.04.2022 14:00;14.04.2022 15:00;193,64
14.04.2022 15:00;14.04.2022 16:00;191,99
14.04.2022 16:00;14.04.2022 17:00;194,53
14.04.2022 17:00;14.04.2022 18:00;212,8
14.04.2022 18:00;14.04.2022 19:00;244,94
14.04.2022 19:00;14.04.2022 20:00;271,07
14.04.2022 20:00;14.04.2022 21:00;272,31
14.04.2022 21:00;14.04.2022 22:00;265,46
14.04.2022 22:00;14.04.2022 23:00;253,68
14.04.2022 23:00;15.04.2022 00:00;234,36
15.04.2022 00:00;15.04.2022 01:00;214,9
15.04.2022 01:00;15.04.2022 02:00;198,45
15.04.2022 02:00;15.04.2022 03:00;194,28
15.04.2022 03:00;15.04.2022 04:00;190,49
15.04.2022 04:00;15.04.2022 05:00;191,86
15.04.2022 05:00;15.04.2022 06:00;196,86
15.04.2022 06:00;15.04.2022 07:00;205,33
15.04.2022 07:00;15.04.2022 08:00;220,78
15.04.2022 08:00;15.04.2022 09:00;209,88
15.04.2022 09:00;15.04.2022 10:00;189,92
15.04.2022 10:00;15.04.2022 11:00;190,62
15.04.2022 11:00;15.04.2022 12:00;186,55
15.04.2022 12:00;15.04.2022 13:00;160,03
15.04.2022 13:00;15.04.2022 14:00;167,65
15.04.2022 14:00;15.04.2022 15:00;157,38
15.04.2022 15:00;15.04.2022 16:00;151,11
15.04.2022 16:00;15.04.2022 17:00;155,01
15.04.2022 17:00;15.04.2022 18:00;179,32
15.04.2022 18:00;15.04.2022 19:00;196,21
15.04.2022 19:00;15.04.2022 20:00;228,35
15.04.2022 20:00;15.04.2022 21:00;235,99
15.04.2022 21:00;15.04.2022 22:00;208,84
15.04.2022 22:00;15.04.2022 23:00;205,09
15.04.2022 23:00;16.04.2022 00:00;196,24
16.04.2022 00:00;16.04.2022 01:00;191,16
16.04.2022 01:00;16.04.2022 02:00;183,37
16.04.2022 02:00;16.04.2022 03:00;178,0
16.04.2022 03:00;16.04.2022 04:00;174,21
16.04.2022 04:00;16.04.2022 05:00;171,81
16.04.2022 05:00;16.04.2022 06:00;179,54
16.04.2022 06:00;16.04.2022 07:00;188,98
16.04.2022 07:00;16.04.2022 08:00;191,12
16.04.2022 08:00;16.04.2022 09:00;189,6
16.04.2022 09:00;16.04.2022 10:00;172,62
16.04.2022 10:00;16.04.2022 11:00;146,58
16.04.2022 11:00;16.04.2022 12:00;121,99
16.04.2022 12:00;16.04.2022 13:00;82,36
16.04.2022 13:00;16.04.2022 14:00;52,9
16.04.2022 14:00;16.04.2022 15:00;33,78
16.04.2022 15:00;16.04.2022 16:00;40,32
16.04.2022 16:00;16.04.2022 17:00;65,84
16.04.2022 17:00;16.04.2022 18:00;107,71
16.04.2022 18:00;16.04.2022 19:00;171,19
16.04.2022 19:00;16.04.2022 20:00;195,08
16.04.2022 20:00;16.04.2022 21:00;205,81
16.04.2022 21:00;16.04.2022 22:00;194,47
16.04.2022 22:00;16.04.2022 23:00;175,84
16.04.2022 23:00;17.04.2022 00:00;166,88
17.04.2022 00:00;17.04.2022 01:00;160,22
17.04.2022 01:00;17.04.2022 02:00;139,97
17.04.2022 02:00;17.04.2022 03:00;121,76
17.04.2022 03:00;17.04.2022 04:00;123,38
17.04.2022 04:00;17.04.2022 05:00;133,96
17.04.2022 05:00;17.04.2022 06:00;139,96
17.04.2022 06:00;17.04.2022 07:00;146,1
17.04.2022 07:00;17.04.2022 08:00;144,01
17.04.2022 08:00;17.04.2022 09:00;133,55
17.04.2022 09:00;17.04.2022 10:00;100,0
17.04.2022 10:00;17.04.2022 11:00;75,92
17.04.2022 11:00;17.04.2022 12:00;41,29
17.04.2022 12:00;17.04.2022 13:00;20,73
17.04.2022 13:00;17.04.2022 14:00;0,07
17.04.2022 14:00;17.04.2022 15:00;0,0
17.04.2022 15:00;17.04.2022 16:00;0,08
17.04.2022 16:00;17.04.2022 17:00;15,0
17.04.2022 17:00;17.04.2022 18:00;66,2
17.04.2022 18:00;17.04.2022 19:00;158,02
17.04.2022 19:00;17.04.2022 20:00;182,55
17.04.2022 20:00;17.04.2022 21:00;191,54
17.04.2022 21:00;17.04.2022 22:00;187,88
17.04.2022 22:00;17.04.2022 23:00;171,46
17.04.2022 23:00;18.04.2022 00:00;158,07
18.04.2022 00:00;18.04.2022 01:00;95,9
18.04.2022 01:00;18.04.2022 02:00;81,0
18.04.2022 02:00;18.04.2022 03:00;84,0
18.04.2022 03:00;18.04.2022 04:00;81,0
18.04.2022 04:00;18.04.2022 05:00;85,25
18.04.2022 05:00;18.04.2022 06:00;92,31
18.04.2022 06:00;18.04.2022 07:00;95,23
18.04.2022 07:00;18.04.2022 08:00;105,0
18.04.2022 08:00;18.04.2022 09:00;108,65
18.04.2022 09:00;18.04.2022 10:00;101,18
18.04.2022 10:00;18.04.2022 11:00;95,51
18.04.2022 11:00;18.04.2022 12:00;82,92
18.04.2022 12:00;18.04.2022 13:00;75,98
18.04.2022 13:00;18.04.2022 14:00;61,17
18.04.2022 14:00;18.04.2022 15:00;45,0
18.04.2022 15:00;18.04.2022 16:00;60,58
18.04.2022 16:00;18.04.2022 17:00;82,92
18.04.2022 17:00;18.04.2022 18:00;121,25
18.04.2022 18:00;18.04.2022 19:00;189,84
18.04.2022 19:00;18.04.2022 20:00;240,3
18.04.2022 20:00;18.04.2022 21:00;250,73
18.04.2022 21:00;18.04.2022 22:00;226,6
18.04.2022 22:00;18.04.2022 23:00;221,23
18.04.2022 23:00;19.04.2022 00:00;202,0
19.04.2022 00:00;19.04.2022 01:00;205,0
19.04.2022 01:00;19.04.2022 02:00;192,98
19.04.2022 02:00;19.04.2022 03:00;191,14
19.04.2022 03:00;19.04.2022 04:00;190,95
19.04.2022 04:00;19.04.2022 05:00;190,0
19.04.2022 05:00;19.04.2022 06:00;200,61
19.04.2022 06:00;19.04.2022 07:00;251,27
19.04.2022 07:00;19.04.2022 08:00;291,43
19.04.2022 08:00;19.04.2022 09:00;295,43
19.04.2022 09:00;19.04.2022 10:00;255,71
19.04.2022 10:00;19.04.2022 11:00;232,54
19.04.2022 11:00;19.04.2022 12:00;207,71
19.04.2022 12:00;19.04.2022 13:00;193,56
19.04.2022 13:00;19.04.2022 14:00;187,06
19.04.2022 14:00;19.04.2022 15:00;176,57
19.04.2022 15:00;19.04.2022 16:00;176,11
19.04.2022 16:00;19.04.2022 17:00;168,94
19.04.2022 17:00;19.04.2022 18:00;193,33
19.04.2022 18:00;19.04.2022 19:00;224,93
19.04.2022 19:00;19.04.2022 20:00;239,03
19.04.2022 20:00;19.04.2022 21:00;240,01
19.04.2022 21:00;19.04.2022 22:00;223,6
19.04.2022 22:00;19.04.2022 23:00;200,0
19.04.2022 23:00;20.04.2022 00:00;184,2
20.04.2022 00:00;20.04.2022 01:00;191,0
20.04.2022 01:00;20.04.2022 02:00;189,55
20.04.2022 02:00;20.04.2022 03:00;183,1
20.04.2022 03:00;20.04.2022 04:00;183,28
20.04.2022 04:00;20.04.2022 05:00;183,38
20.04.2022 05:00;20.04.2022 06:00;197,96
20.04.2022 06:00;20.04.2022 07:00;227,24
20.04.2022 07:00;20.04.2022 08:00;249,92
20.04.2022 08:00;20.04.2022 09:00;249,9
20.04.2022 09:00;20.04.2022 10:00;209,96
20.04.2022 10:00;20.04.2022 11:00;193,5
20.04.2022 11:00;20.04.2022 12:00;188,91
20.04.2022 12:00;20.04.2022 13:00;175,87
20.04.2022 13:00;20.04.2022 14:00;168,37
20.04.2022 14:00;20.04.2022 15:00;158,9
20.04.2022 15:00;20.04.2022 16:00;171,95
20.04.2022 16:00;20.04.2022 17:00;175,85
20.04.2022 17:00;20.04.2022 18:00;196,15
20.04.2022 18:00;20.04.2022 19:00;222,95
20.04.2022 19:00;20.04.2022 20:00;249,0
20.04.2022 20:00;20.04.2022 21:00;250,0
20.04.2022 21:00;20.04.2022 22:00;239,18
20.04.2022 22:00;20.04.2022 23:00;220,1
20.04.2022 23:00;21.04.2022 00:00;201,97
21.04.2022 00:00;21.04.2022 01:00;188,55
21.04.2022 01:00;21.04.2022 02:00;179,92
21.04.2022 02:00;21.04.2022 03:00;181,08
21.04.2022 03:00;21.04.2022 04:00;178,92
21.04.2022 04:00;21.04.2022 05:00;180,5
21.04.2022 05:00;21.04.2022 06:00;199,92
21.04.2022 06:00;21.04.2022 07:00;229,76
21.04.2022 07:00;21.04.2022 08:00;256,02
21.04.2022 08:00;21.04.2022 09:00;256,25
21.04.2022 09:00;21.04.2022 10:00;232,26
21.04.2022 10:00;21.04.2022 11:00;207,93
21.04.2022 11:00;21.04.2022 12:00;197,01
21.04.2022 12:00;21.04.2022 13:00;185,06
21.04.2022 13:00;21.04.2022 14:00;176,25
21.04.2022 14:00;21.04.2022 15:00;167,93
21.04.2022 15:00;21.04.2022 16:00;168,05
21.04.2022 16:00;21.04.2022 17:00;173,4
21.04.2022 17:00;21.04.2022 18:00;185,34
21.04.2022 18:00;21.04.2022 19:00;204,96
21.04.2022 19:00;21.04.2022 20:00;220,62
21.04.2022 20:00;21.04.2022 21:00;223,61
21.04.2022 21:00;21.04.2022 22:00;220,44
21.04.2022 22:00;21.04.2022 23:00;199,71
21.04.2022 23:00;22.04.2022 00:00;174,62
22.04.2022 00:00;22.04.2022 01:00;191,07
22.04.2022 01:00;22.04.2022 02:00;183,93
22.04.2022 02:00;22.04.2022 03:00;187,01
22.04.2022 03:00;22.04.2022 04:00;179,41
22.04.2022 04:00;22.04.2022 05:00;176,09
22.04.2022 05:00;22.04.2022 06:00;189,58
22.04.2022 06:00;22.04.2022 07:00;218,07
22.04.2022 07:00;22.04.2022 08:00;239,95
22.04.2022 08:00;22.04.2022 09:00;244,1
22.04.2022 09:00;22.04.2022 10:00;221,05
22.04.2022 10:00;22.04.2022 11:00;196,56
22.04.2022 11:00;22.04.2022 12:00;156,71
22.04.2022 12:00;22.04.2022 13:00;122,43
22.04.2022 13:00;22.04.2022 14:00;98,52
22.04.2022 14:00;22.04.2022 15:00;86,77
22.04.2022 15:00;22.04.2022 16:00;86,77
22.04.2022 16:00;22.04.2022 17:00;102,34
22.04.2022 17:00;22.04.2022 18:00;137,0
22.04.2022 18:00;22.04.2022 19:00;180,26
22.04.2022 19:00;22.04.2022 20:00;209,61
22.04.2022 20:00;22.04.2022 21:00;209,97
22.04.2022 21:00;22.04.2022 22:00;185,0
22.04.2022 22:00;22.04.2022 23:00;190,17
22.04.2022 23:00;23.04.2022 00:00;147,32
23.04.2022 00:00;23.04.2022 01:00;130,46
23.04.2022 01:00;23.04.2022 02:00;116,44
23.04.2022 02:00;23.04.2022 03:00;108,65
23.04.2022 03:00;23.04.2022 04:00;119,04
23.04.2022 04:00;23.04.2022 05:00;119,4
23.04.2022 05:00;23.04.2022 06:00;122,32
23.04.2022 06:00;23.04.2022 07:00;128,32
23.04.2022 07:00;23.04.2022 08:00;143,64
23.04.2022 08:00;23.04.2022 09:00;141,5
23.04.2022 09:00;23.04.2022 10:00;82,69
23.04.2022 10:00;23.04.2022 11:00;55,43
23.04.2022 11:00;23.04.2022 12:00;15,92
23.04.2022 12:00;23.04.2022 13:00;2,43
23.04.2022 13:00;23.04.2022 14:00;0,01
23.04.2022 14:00;23.04.2022 15:00;0,08
23.04.2022 15:00;23.04.2022 16:00;5,07
23.04.2022 16:00;23.04.2022 17:00;20,45
23.04.2022 17:00;23.04.2022 18:00;94,85
23.04.2022 18:00;23.04.2022 19:00;138,87
23.04.2022 19:00;23.04.2022 20:00;168,19
23.04.2022 20:00;23.04.2022 21:00;171,36
23.04.2022 21:00;23.04.2022 22:00;138,05
23.04.2022 22:00;23.04.2022 23:00;118,23
23.04.2022 23:00;24.04.2022 00:00;97,95
24.04.2022 00:00;24.04.2022 01:00;100,58
24.04.2022 01:00;24.04.2022 02:00;93,14
24.04.2022 02:00;24.04.2022 03:00;91,92
24.04.2022 03:00;24.04.2022 04:00;87,88
24.04.2022 04:00;24.04.2022 05:00;84,06
24.04.2022 05:00;24.04.2022 06:00;87,84
24.04.2022 06:00;24.04.2022 07:00;87,81
24.04.2022 07:00;24.04.2022 08:00;95,1
24.04.2022 08:00;24.04.2022 09:00;96,51
24.04.2022 09:00;24.04.2022 10:00;81,88
24.04.2022 10:00;24.04.2022 11:00;74,9
24.04.2022 11:00;24.04.2022 12:00;73,03
24.04.2022 12:00;24.04.2022 13:00;54,86
24.04.2022 13:00;24.04.2022 14:00;34,51
24.04.2022 14:00;24.04.2022 15:00;34,2
24.04.2022 15:00;24.04.2022 16:00;44,09
24.04.2022 16:00;24.04.2022 17:00;72,81
24.04.2022 17:00;24.04.2022 18:00;111,73
24.04.2022 18:00;24.04.2022 19:00;165,01
24.04.2022 19:00;24.04.2022 20:00;198,65
24.04.2022 20:00;24.04.2022 21:00;224,95
24.04.2022 21:00;24.04.2022 22:00;216,66
24.04.2022 22:00;24.04.2022 23:00;205,73
24.04.2022 23:00;25.04.2022 00:00;186,99
25.04.2022 00:00;25.04.2022 01:00;184,96
25.04.2022 01:00;25.04.2022 02:00;183,78
25.04.2022 02:00;25.04.2022 03:00;185,63
25.04.2022 03:00;25.04.2022 04:00;186,1
25.04.2022 04:00;25.04.2022 05:00;188,12
25.04.2022 05:00;25.04.2022 06:00;200,06
25.04.2022 06:00;25.04.2022 07:00;237,23
25.04.2022 07:00;25.04.2022 08:00;261,87
25.04.2022 08:00;25.04.2022 09:00;272,47
25.04.2022 09:00;25.04.2022 10:00;249,06
25.04.2022 10:00;25.04.2022 11:00;232,59
25.04.2022 11:00;25.04.2022 12:00;227,97
25.04.2022 12:00;25.04.2022 13:00;211,0
25.04.2022 13:00;25.04.2022 14:00;200,0
25.04.2022 14:00;25.04.2022 15:00;194,9
25.04.2022 15:00;25.04.2022 16:00;191,99
25.04.2022 16:00;25.04.2022 17:00;189,5
25.04.2022 17:00;25.04.2022 18:00;209,25
25.04.2022 18:00;25.04.2022 19:00;252,71
25.04.2022 19:00;25.04.2022 20:00;273,88
25.04.2022 20:00;25.04.2022 21:00;275,71
25.04.2022 21:00;25.04.2022 22:00;264,93
25.04.2022 22:00;25.04.2022 23:00;254,0
25.04.2022 23:00;26.04.2022 00:00;235,44
26.04.2022 00:00;26.04.2022 01:00;212,54
26.04.2022 01:00;26.04.2022 02:00;205,01
26.04.2022 02:00;26.04.2022 03:00;204,59
26.04.2022 03:00;26.04.2022 04:00;201,07
26.04.2022 04:00;26.04.2022 05:00;204,16
26.04.2022 05:00;26.04.2022 06:00;232,95
26.04.2022 06:00;26.04.2022 07:00;266,52
26.04.2022 07:00;26.04.2022 08:00;290,0
26.04.2022 08:00;26.04.2022 09:00;290,0
26.04.2022 09:00;26.04.2022 10:00;260,48
26.04.2022 10:00;26.04.2022 11:00;235,88
26.04.2022 11:00;26.04.2022 12:00;224,28
26.04.2022 12:00;26.04.2022 13:00;219,41
26.04.2022 13:00;26.04.2022 14:00;210,49
26.04.2022 14:00;26.04.2022 15:00;214,19
26.04.2022 15:00;26.04.2022 16:00;215,42
26.04.2022 16:00;26.04.2022 17:00;211,03
26.04.2022 17:00;26.04.2022 18:00;239,93
26.04.2022 18:00;26.04.2022 19:00;260,63
26.04.2022 19:00;26.04.2022 20:00;281,0
26.04.2022 20:00;26.04.2022 21:00;286,76
26.04.2022 21:00;26.04.2022 22:00;270,01
26.04.2022 22:00;26.04.2022 23:00;255,0
26.04.2022 23:00;27.04.2022 00:00;231,91
27.04.2022 00:00;27.04.2022 01:00;206,72
27.04.2022 01:00;27.04.2022 02:00;198,01
27.04.2022 02:00;27.04.2022 03:00;196,36
27.04.2022 03:00;27.04.2022 04:00;194,53
27.04.2022 04:00;27.04.2022 05:00;197,51
27.04.2022 05:00;27.04.2022 06:00;209,94
27.04.2022 06:00;27.04.2022 07:00;244,2
27.04.2022 07:00;27.04.2022 08:00;271,01
27.04.2022 08:00;27.04.2022 09:00;265,98
27.04.2022 09:00;27.04.2022 10:00;252,74
27.04.2022 10:00;27.04.2022 11:00;225,22
27.04.2022 11:00;27.04.2022 12:00;214,12
27.04.2022 12:00;27.04.2022 13:00;207,66
27.04.2022 13:00;27.04.2022 14:00;200,62
27.04.2022 14:00;27.04.2022 15:00;193,22
27.04.2022 15:00;27.04.2022 16:00;190,96
27.04.2022 16:00;27.04.2022 17:00;191,35
27.04.2022 17:00;27.04.2022 18:00;206,49
27.04.2022 18:00;27.04.2022 19:00;239,31
27.04.2022 19:00;27.04.2022 20:00;267,9
27.04.2022 20:00;27.04.2022 21:00;266,33
27.04.2022 21:00;27.04.2022 22:00;254,94
27.04.2022 22:00;27.04.2022 23:00;235,33
27.04.2022 23:00;28.04.2022 00:00;202,57
28.04.2022 00:00;28.04.2022 01:00;214,63
28.04.2022 01:00;28.04.2022 02:00;201,94
28.04.2022 02:00;28.04.2022 03:00;198,0
28.04.2022 03:00;28.04.2022 04:00;201,37
28.04.2022 04:00;28.04.2022 05:00;201,5
28.04.2022 05:00;28.04.2022 06:00;218,35
28.04.2022 06:00;28.04.2022 07:00;255,0
28.04.2022 07:00;28.04.2022 08:00;283,37
28.04.2022 08:00;28.04.2022 09:00;279,29
28.04.2022 09:00;28.04.2022 10:00;251,26
28.04.2022 10:00;28.04.2022 11:00;224,93
28.04.2022 11:00;28.04.2022 12:00;213,56
28.04.2022 12:00;28.04.2022 13:00;208,0
28.04.2022 13:00;28.04.2022 14:00;200,09
28.04.2022 14:00;28.04.2022 15:00;197,05
28.04.2022 15:00;28.04.2022 16:00;196,3
28.04.2022 16:00;28.04.2022 17:00;197,13
28.04.2022 17:00;28.04.2022 18:00;217,63
28.04.2022 18:00;28.04.2022 19:00;255,0
28.04.2022 19:00;28.04.2022 20:00;279,09
28.04.2022 20:00;28.04.2022 21:00;284,91
28.04.2022 21:00;28.04.2022 22:00;268,91
28.04.2022 22:00;28.04.2022 23:00;253,56
28.04.2022 23:00;29.04.2022 00:00;222,78
29.04.2022 00:00;29.04.2022 01:00;206,05
29.04.2022 01:00;29.04.2022 02:00;203,15
29.04.2022 02:00;29.04.2022 03:00;202,52
29.04.2022 03:00;29.04.2022 04:00;203,23
29.04.2022 04:00;29.04.2022 05:00;205,09
29.04.2022 05:00;29.04.2022 06:00;213,86
29.04.2022 06:00;29.04.2022 07:00;255,77
29.04.2022 07:00;29.04.2022 08:00;280,06
29.04.2022 08:00;29.04.2022 09:00;291,22
29.04.2022 09:00;29.04.2022 10:00;256,34
29.04.2022 10:00;29.04.2022 11:00;230,33
29.04.2022 11:00;29.04.2022 12:00;217,4
29.04.2022 12:00;29.04.2022 13:00;208,37
29.04.2022 13:00;29.04.2022 14:00;197,25
29.04.2022 14:00;29.04.2022 15:00;195,24
29.04.2022 15:00;29.04.2022 16:00;195,04
29.04.2022 16:00;29.04.2022 17:00;206,0
29.04.2022 17:00;29.04.2022 18:00;216,3
29.04.2022 18:00;29.04.2022 19:00;246,98
29.04.2022 19:00;29.04.2022 20:00;262,08
29.04.2022 20:00;29.04.2022 21:00;265,87
29.04.2022 21:00;29.04.2022 22:00;254,97
29.04.2022 22:00;29.04.2022 23:00;241,56
29.04.2022 23:00;30.04.2022 00:00;217,91
30.04.2022 00:00;30.04.2022 01:00;204,78
30.04.2022 01:00;30.04.2022 02:00;189,1
30.04.2022 02:00;30.04.2022 03:00;189,91
30.04.2022 03:00;30.04.2022 04:00;187,47
30.04.2022 04:00;30.04.2022 05:00;189,96
30.04.2022 05:00;30.04.2022 06:00;194,81
30.04.2022 06:00;30.04.2022 07:00;201,0
30.04.2022 07:00;30.04.2022 08:00;206,59
30.04.2022 08:00;30.04.2022 09:00;210,01
30.04.2022 09:00;30.04.2022 10:00;205,85
30.04.2022 10:00;30.04.2022 11:00;195,95
30.04.2022 11:00;30.04.2022 12:00;186,58
30.04.2022 12:00;30.04.2022 13:00;180,04
30.04.2022 13:00;30.04.2022 14:00;172,94
30.04.2022 14:00;30.04.2022 15:00;166,35
30.04.2022 15:00;30.04.2022 16:00;159,69
30.04.2022 16:00;30.04.2022 17:00;166,65
30.04.2022 17:00;30.04.2022 18:00;192,02
30.04.2022 18:00;30.04.2022 19:00;226,09
30.04.2022 19:00;30.04.2022 20:00;246,97
30.04.2022 20:00;30.04.2022 21:00;252,64
30.04.2022 21:00;30.04.2022 22:00;247,11
30.04.2022 22:00;30.04.2022 23:00;239,09
30.04.2022 23:00;01.05.2022 00:00;219,0
01.05.2022 00:00;01.05.2022 01:00;206,0
01.05.2022 01:00;01.05.2022 02:00;199,7
01.05.2022 02:00;01.05.2022 03:00;197,56
01.05.2022 03:00;01.05.2022 04:00;192,2
01.05.2022 04:00;01.05.2022 05:00;197,43
01.05.2022 05:00;01.05.2022 06:00;201,32
01.05.2022 06:00;01.05.2022 07:00;195,0
01.05.2022 07:00;01.05.2022 08:00;194,95
01.05.2022 08:00;01.05.2022 09:00;186,94
01.05.2022 09:00;01.05.2022 10:00;182,04
01.05.2022 10:00;01.05.2022 11:00;177,31
01.05.2022 11:00;01.05.2022 12:00;176,5
01.05.2022 12:00;01.05.2022 13:00;174,92
01.05.2022 13:00;01.05.2022 14:00;150,74
01.05.2022 14:00;01.05.2022 15:00;140,4
01.05.2022 15:00;01.05.2022 16:00;138,9
01.05.2022 16:00;01.05.2022 17:00;155,9
01.05.2022 17:00;01.05.2022 18:00;187,04
01.05.2022 18:00;01.05.2022 19:00;215,85
01.05.2022 19:00;01.05.2022 20:00;249,43
01.05.2022 20:00;01.05.2022 21:00;254,94
01.05.2022 21:00;01.05.2022 22:00;243,03
01.05.2022 22:00;01.05.2022 23:00;239,72
01.05.2022 23:00;02.05.2022 00:00;215,97
02.05.2022 00:00;02.05.2022 01:00;206,46
02.05.2022 01:00;02.05.2022 02:00;199,87
02.05.2022 02:00;02.05.2022 03:00;194,69
02.05.2022 03:00;02.05.2022 04:00;193,76
02.05.2022 04:00;02.05.2022 05:00;196,34
02.05.2022 05:00;02.05.2022 06:00;209,96
02.05.2022 06:00;02.05.2022 07:00;248,88
02.05.2022 07:00;02.05.2022 08:00;270,0
02.05.2022 08:00;02.05.2022 09:00;264,57
02.05.2022 09:00;02.05.2022 10:00;238,98
02.05.2022 10:00;02.05.2022 11:00;194,27
02.05.2022 11:00;02.05.2022 12:00;189,97
02.05.2022 12:00;02.05.2022 13:00;190,68
02.05.2022 13:00;02.05.2022 14:00;190,45
02.05.2022 14:00;02.05.2022 15:00;187,65
02.05.2022 15:00;02.05.2022 16:00;185,05
02.05.2022 16:00;02.05.2022 17:00;188,2
02.05.2022 17:00;02.05.2022 18:00;218,72
02.05.2022 18:00;02.05.2022 19:00;244,11
02.05.2022 19:00;02.05.2022 20:00;263,97
02.05.2022 20:00;02.05.2022 21:00;265,41
02.05.2022 21:00;02.05.2022 22:00;253,52
02.05.2022 22:00;02.05.2022 23:00;241,11
02.05.2022 23:00;03.05.2022 00:00;219,92
03.05.2022 00:00;03.05.2022 01:00;184,5
03.05.2022 01:00;03.05.2022 02:00;182,09
03.05.2022 02:00;03.05.2022 03:00;184,08
03.05.2022 03:00;03.05.2022 04:00;185,12
03.05.2022 04:00;03.05.2022 05:00;187,04
03.05.2022 05:00;03.05.2022 06:00;191,19
03.05.2022 06:00;03.05.2022 07:00;236,26
03.05.2022 07:00;03.05.2022 08:00;255,96
03.05.2022 08:00;03.05.2022 09:00;255,96
03.05.2022 09:00;03.05.2022 10:00;232,7
03.05.2022 10:00;03.05.2022 11:00;206,07
03.05.2022 11:00;03.05.2022 12:00;200,24
03.05.2022 12:00;03.05.2022 13:00;195,79
03.05.2022 13:00;03.05.2022 14:00;197,29
03.05.2022 14:00;03.05.2022 15:00;194,89
03.05.2022 15:00;03.05.2022 16:00;195,54
03.05.2022 16:00;03.05.2022 17:00;197,99
03.05.2022 17:00;03.05.2022 18:00;218,99
03.05.2022 18:00;03.05.2022 19:00;249,96
03.05.2022 19:00;03.05.2022 20:00;269,94
03.05.2022 20:00;03.05.2022 21:00;270,23
03.05.2022 21:00;03.05.2022 22:00;261,77
03.05.2022 22:00;03.05.2022 23:00;253,21
03.05.2022 23:00;04.05.2022 00:00;228,94
04.05.2022 00:00;04.05.2022 01:00;206,0
04.05.2022 01:00;04.05.2022 02:00;200,0
04.05.2022 02:00;04.05.2022 03:00;200,34
04.05.2022 03:00;04.05.2022 04:00;201,12
04.05.2022 04:00;04.05.2022 05:00;201,14
04.05.2022 05:00;04.05.2022 06:00;224,32
04.05.2022 06:00;04.05.2022 07:00;256,58
04.05.2022 07:00;04.05.2022 08:00;296,9
04.05.2022 08:00;04.05.2022 09:00;280,1
04.05.2022 09:00;04.05.2022 10:00;255,09
04.05.2022 10:00;04.05.2022 11:00;226,01
04.05.2022 11:00;04.05.2022 12:00;209,41
04.05.2022 12:00;04.05.2022 13:00;204,64
04.05.2022 13:00;04.05.2022 14:00;202,15
04.05.2022 14:00;04.05.2022 15:00;199,51
04.05.2022 15:00;04.05.2022 16:00;200,6
04.05.2022 16:00;04.05.2022 17:00;206,24
04.05.2022 17:00;04.05.2022 18:00;231,16
04.05.2022 18:00;04.05.2022 19:00;249,98
04.05.2022 19:00;04.05.2022 20:00;275,44
04.05.2022 20:00;04.05.2022 21:00;281,49
04.05.2022 21:00;04.05.2022 22:00;263,37
04.05.2022 22:00;04.05.2022 23:00;246,9
04.05.2022 23:00;05.05.2022 00:00;232,47
05.05.2022 00:00;05.05.2022 01:00;225,2
05.05.2022 01:00;05.05.2022 02:00;208,44
05.05.2022 02:00;05.05.2022 03:00;208,12
05.05.2022 03:00;05.05.2022 04:00;205,09
05.05.2022 04:00;05.05.2022 05:00;204,9
05.05.2022 05:00;05.05.2022 06:00;220,77
05.05.2022 06:00;05.05.2022 07:00;254,96
05.05.2022 07:00;05.05.2022 08:00;275,06
05.05.2022 08:00;05.05.2022 09:00;268,02
05.05.2022 09:00;05.05.2022 10:00;252,96
05.05.2022 10:00;05.05.2022 11:00;235,03
05.05.2022 11:00;05.05.2022 12:00;232,09
05.05.2022 12:00;05.05.2022 13:00;224,5
05.05.2022 13:00;05.05.2022 14:00;215,04
05.05.2022 14:00;05.05.2022 15:00;210,9
05.05.2022 15:00;05.05.2022 16:00;210,0
05.05.2022 16:00;05.05.2022 17:00;210,35
05.05.2022 17:00;05.05.2022 18:00;229,0
05.05.2022 18:00;05.05.2022 19:00;247,28
05.05.2022 19:00;05.05.2022 20:00;263,0
05.05.2022 20:00;05.05.2022 21:00;276,61
05.05.2022 21:00;05.05.2022 22:00;259,96
05.05.2022 22:00;05.05.2022 23:00;251,84
05.05.2022 23:00;06.05.2022 00:00;238,52
06.05.2022 00:00;06.05.2022 01:00;220,69
06.05.2022 01:00;06.05.2022 02:00;213,74
06.05.2022 02:00;06.05.2022 03:00;207,56
06.05.2022 03:00;06.05.2022 04:00;204,02
06.05.2022 04:00;06.05.2022 05:00;206,57
06.05.2022 05:00;06.05.2022 06:00;219,07
06.05.2022 06:00;06.05.2022 07:00;255,91
06.05.2022 07:00;06.05.2022 08:00;274,92
06.05.2022 08:00;06.05.2022 09:00;262,97
06.05.2022 09:00;06.05.2022 10:00;236,8
06.05.2022 10:00;06.05.2022 11:00;220,0
06.05.2022 11:00;06.05.2022 12:00;208,13
06.05.2022 12:00;06.05.2022 13:00;207,4
06.05.2022 13:00;06.05.2022 14:00;191,81
06.05.2022 14:00;06.05.2022 15:00;190,01
06.05.2022 15:00;06.05.2022 16:00;187,01
06.05.2022 16:00;06.05.2022 17:00;192,7
06.05.2022 17:00;06.05.2022 18:00;211,59
06.05.2022 18:00;06.05.2022 19:00;239,09
06.05.2022 19:00;06.05.2022 20:00;256,79
06.05.2022 20:00;06.05.2022 21:00;262,69
06.05.2022 21:00;06.05.2022 22:00;255,91
06.05.2022 22:00;06.05.2022 23:00;247,78
06.05.2022 23:00;07.05.2022 00:00;235,46
07.05.2022 00:00;07.05.2022 01:00;225,12
07.05.2022 01:00;07.05.2022 02:00;216,94
07.05.2022 02:00;07.05.2022 03:00;207,36
07.05.2022 03:00;07.05.2022 04:00;200,01
07.05.2022 04:00;07.05.2022 05:00;199,5
07.05.2022 05:00;07.05.2022 06:00;200,1
07.05.2022 06:00;07.05.2022 07:00;201,78
07.05.2022 07:00;07.05.2022 08:00;216,28
07.05.2022 08:00;07.05.2022 09:00;217,04
07.05.2022 09:00;07.05.2022 10:00;208,57
07.05.2022 10:00;07.05.2022 11:00;194,17
07.05.2022 11:00;07.05.2022 12:00;190,67
07.05.2022 12:00;07.05.2022 13:00;186,55
07.05.2022 13:00;07.05.2022 14:00;174,37
07.05.2022 14:00;07.05.2022 15:00;166,7
07.05.2022 15:00;07.05.2022 16:00;159,17
07.05.2022 16:00;07.05.2022 17:00;168,22
07.05.2022 17:00;07.05.2022 18:00;185,3
07.05.2022 18:00;07.05.2022 19:00;201,62
07.05.2022 19:00;07.05.2022 20:00;222,74
07.05.2022 20:00;07.05.2022 21:00;231,57
07.05.2022 21:00;07.05.2022 22:00;229,0
07.05.2022 22:00;07.05.2022 23:00;223,12
07.05.2022 23:00;08.05.2022 00:00;208,38
08.05.2022 00:00;08.05.2022 01:00;208,1
08.05.2022 01:00;08.05.2022 02:00;193,3
08.05.2022 02:00;08.05.2022 03:00;191,92
08.05.2022 03:00;08.05.2022 04:00;186,01
08.05.2022 04:00;08.05.2022 05:00;182,98
08.05.2022 05:00;08.05.2022 06:00;186,06
08.05.2022 06:00;08.05.2022 07:00;184,97
08.05.2022 07:00;08.05.2022 08:00;185,93
08.05.2022 08:00;08.05.2022 09:00;183,62
08.05.2022 09:00;08.05.2022 10:00;163,45
08.05.2022 10:00;08.05.2022 11:00;140,33
08.05.2022 11:00;08.05.2022 12:00;123,17
08.05.2022 12:00;08.05.2022 13:00;114,65
08.05.2022 13:00;08.05.2022 14:00;86,18
08.05.2022 14:00;08.05.2022 15:00;78,5
08.05.2022 15:00;08.05.2022 16:00;93,26
08.05.2022 16:00;08.05.2022 17:00;113,6
08.05.2022 17:00;08.05.2022 18:00;155,8
08.05.2022 18:00;08.05.2022 19:00;196,04
08.05.2022 19:00;08.05.2022 20:00;234,6
08.05.2022 20:00;08.05.2022 21:00;238,99
08.05.2022 21:00;08.05.2022 22:00;238,35
08.05.2022 22:00;08.05.2022 23:00;225,91
08.05.2022 23:00;09.05.2022 00:00;217,9
09.05.2022 00:00;09.05.2022 01:00;209,08
09.05.2022 01:00;09.05.2022 02:00;199,21
09.05.2022 02:00;09.05.2022 03:00;196,07
09.05.2022 03:00;09.05.2022 04:00;191,11
09.05.2022 04:00;09.05.2022 05:00;193,68
09.05.2022 05:00;09.05.2022 06:00;210,72
09.05.2022 06:00;09.05.2022 07:00;240,0
09.05.2022 07:00;09.05.2022 08:00;256,23
09.05.2022 08:00;09.05.2022 09:00;250,04
09.05.2022 09:00;09.05.2022 10:00;219,21
09.05.2022 10:00;09.05.2022 11:00;199,95
09.05.2022 11:00;09.05.2022 12:00;194,39
09.05.2022 12:00;09.05.2022 13:00;185,51
09.05.2022 13:00;09.05.2022 14:00;183,46
09.05.2022 14:00;09.05.2022 15:00;179,55
09.05.2022 15:00;09.05.2022 16:00;183,94
09.05.2022 16:00;09.05.2022 17:00;190,63
09.05.2022 17:00;09.05.2022 18:00;220,93
09.05.2022 18:00;09.05.2022 19:00;247,97
09.05.2022 19:00;09.05.2022 20:00;280,0
09.05.2022 20:00;09.05.2022 21:00;280,0
09.05.2022 21:00;09.05.2022 22:00;250,44
09.05.2022 22:00;09.05.2022 23:00;237,08
09.05.2022 23:00;10.05.2022 00:00;204,25
10.05.2022 00:00;10.05.2022 01:00;216,41
10.05.2022 01:00;10.05.2022 02:00;205,61
10.05.2022 02:00;10.05.2022 03:00;184,72
10.05.2022 03:00;10.05.2022 04:00;169,98
10.05.2022 04:00;10.05.2022 05:00;167,73
10.05.2022 05:00;10.05.2022 06:00;187,06
10.05.2022 06:00;10.05.2022 07:00;224,08
10.05.2022 07:00;10.05.2022 08:00;237,95
10.05.2022 08:00;10.05.2022 09:00;232,72
10.05.2022 09:00;10.05.2022 10:00;210,25
10.05.2022 10:00;10.05.2022 11:00;185,0
10.05.2022 11:00;10.05.2022 12:00;165,46
10.05.2022 12:00;10.05.2022 13:00;106,9
10.05.2022 13:00;10.05.2022 14:00;88,44
10.05.2022 14:00;10.05.2022 15:00;78,65
10.05.2022 15:00;10.05.2022 16:00;88,49
10.05.2022 16:00;10.05.2022 17:00;113,58
10.05.2022 17:00;10.05.2022 18:00;184,43
10.05.2022 18:00;10.05.2022 19:00;209,78
10.05.2022 19:00;10.05.2022 20:00;234,92
10.05.2022 20:00;10.05.2022 21:00;239,95
10.05.2022 21:00;10.05.2022 22:00;236,96
10.05.2022 22:00;10.05.2022 23:00;229,09
10.05.2022 23:00;11.05.2022 00:00;201,49
11.05.2022 00:00;11.05.2022 01:00;207,15
11.05.2022 01:00;11.05.2022 02:00;192,8
11.05.2022 02:00;11.05.2022 03:00;185,5
11.05.2022 03:00;11.05.2022 04:00;179,0
11.05.2022 04:00;11.05.2022 05:00;179,46
11.05.2022 05:00;11.05.2022 06:00;185,72
11.05.2022 06:00;11.05.2022 07:00;216,37
11.05.2022 07:00;11.05.2022 08:00;233,22
11.05.2022 08:00;11.05.2022 09:00;224,0
11.05.2022 09:00;11.05.2022 10:00;200,0
11.05.2022 10:00;11.05.2022 11:00;148,46
11.05.2022 11:00;11.05.2022 12:00;95,19
11.05.2022 12:00;11.05.2022 13:00;70,1
11.05.2022 13:00;11.05.2022 14:00;25,23
11.05.2022 14:00;11.05.2022 15:00;3,74
11.05.2022 15:00;11.05.2022 16:00;31,26
11.05.2022 16:00;11.05.2022 17:00;79,05
11.05.2022 17:00;11.05.2022 18:00;117,6
11.05.2022 18:00;11.05.2022 19:00;184,18
11.05.2022 19:00;11.05.2022 20:00;219,3
11.05.2022 20:00;11.05.2022 21:00;221,93
11.05.2022 21:00;11.05.2022 22:00;220,0
11.05.2022 22:00;11.05.2022 23:00;206,01
11.05.2022 23:00;12.05.2022 00:00;192,93
12.05.2022 00:00;12.05.2022 01:00;149,9
12.05.2022 01:00;12.05.2022 02:00;145,01
12.05.2022 02:00;12.05.2022 03:00;140,01
12.05.2022 03:00;12.05.2022 04:00;145,66
12.05.2022 04:00;12.05.2022 05:00;148,91
12.05.2022 05:00;12.05.2022 06:00;172,42
12.05.2022 06:00;12.05.2022 07:00;211,94
12.05.2022 07:00;12.05.2022 08:00;230,56
12.05.2022 08:00;12.05.2022 09:00;223,46
12.05.2022 09:00;12.05.2022 10:00;189,21
12.05.2022 10:00;12.05.2022 11:00;144,04
12.05.2022 11:00;12.05.2022 12:00;122,63
12.05.2022 12:00;12.05.2022 13:00;98,46
12.05.2022 13:00;12.05.2022 14:00;82,38
12.05.2022 14:00;12.05.2022 15:00;82,3
12.05.2022 15:00;12.05.2022 16:00;98,74
12.05.2022 16:00;12.05.2022 17:00;137,32
12.05.2022 17:00;12.05.2022 18:00;183,91
12.05.2022 18:00;12.05.2022 19:00;213,69
12.05.2022 19:00;12.05.2022 20:00;233,5
12.05.2022 20:00;12.05.2022 21:00;241,77
12.05.2022 21:00;12.05.2022 22:00;233,17
12.05.2022 22:00;12.05.2022 23:00;224,32
12.05.2022 23:00;13.05.2022 00:00;205,56
13.05.2022 00:00;13.05.2022 01:00;210,0
13.05.2022 01:00;13.05.2022 02:00;202,71
13.05.2022 02:00;13.05.2022 03:00;189,0
13.05.2022 03:00;13.05.2022 04:00;174,74
13.05.2022 04:00;13.05.2022 05:00;176,26
13.05.2022 05:00;13.05.2022 06:00;203,2
13.05.2022 06:00;13.05.2022 07:00;226,93
13.05.2022 07:00;13.05.2022 08:00;242,74
13.05.2022 08:00;13.05.2022 09:00;242,29
13.05.2022 09:00;13.05.2022 10:00;225,1
13.05.2022 10:00;13.05.2022 11:00;180,04
13.05.2022 11:00;13.05.2022 12:00;122,95
13.05.2022 12:00;13.05.2022 13:00;89,81
13.05.2022 13:00;13.05.2022 14:00;60,5
13.05.2022 14:00;13.05.2022 15:00;25,66
13.05.2022 15:00;13.05.2022 16:00;29,8
13.05.2022 16:00;13.05.2022 17:00;49,1
13.05.2022 17:00;13.05.2022 18:00;113,7
13.05.2022 18:00;13.05.2022 19:00;188,59
13.05.2022 19:00;13.05.2022 20:00;220,77
13.05.2022 20:00;13.05.2022 21:00;231,09
13.05.2022 21:00;13.05.2022 22:00;229,0
13.05.2022 22:00;13.05.2022 23:00;220,36
13.05.2022 23:00;14.05.2022 00:00;196,57
14.05.2022 00:00;14.05.2022 01:00;181,0
14.05.2022 01:00;14.05.2022 02:00;158,66
14.05.2022 02:00;14.05.2022 03:00;150,01
14.05.2022 03:00;14.05.2022 04:00;133,9
14.05.2022 04:00;14.05.2022 05:00;155,18
14.05.2022 05:00;14.05.2022 06:00;168,99
14.05.2022 06:00;14.05.2022 07:00;184,07
14.05.2022 07:00;14.05.2022 08:00;194,3
14.05.2022 08:00;14.05.2022 09:00;184,94
14.05.2022 09:00;14.05.2022 10:00;160,0
14.05.2022 10:00;14.05.2022 11:00;124,05
14.05.2022 11:00;14.05.2022 12:00;89,46
14.05.2022 12:00;14.05.2022 13:00;76,46
14.05.2022 13:00;14.05.2022 14:00;20,11
14.05.2022 14:00;14.05.2022 15:00;6,28
14.05.2022 15:00;14.05.2022 16:00;55,98
14.05.2022 16:00;14.05.2022 17:00;89,4
14.05.2022 17:00;14.05.2022 18:00;162,02
14.05.2022 18:00;14.05.2022 19:00;206,38
14.05.2022 19:00;14.05.2022 20:00;225,0
14.05.2022 20:00;14.05.2022 21:00;240,04
14.05.2022 21:00;14.05.2022 22:00;241,87
14.05.2022 22:00;14.05.2022 23:00;239,0
14.05.2022 23:00;15.05.2022 00:00;224,15
15.05.2022 00:00;15.05.2022 01:00;214,91
15.05.2022 01:00;15.05.2022 02:00;196,35
15.05.2022 02:00;15.05.2022 03:00;185,43
15.05.2022 03:00;15.05.2022 04:00;174,15
15.05.2022 04:00;15.05.2022 05:00;170,17
15.05.2022 05:00;15.05.2022 06:00;170,25
15.05.2022 06:00;15.05.2022 07:00;162,92
15.05.2022 07:00;15.05.2022 08:00;158,57
15.05.2022 08:00;15.05.2022 09:00;154,98
15.05.2022 09:00;15.05.2022 10:00;110,6
15.05.2022 10:00;15.05.2022 11:00;95,98
15.05.2022 11:00;15.05.2022 12:00;90,0
15.05.2022 12:00;15.05.2022 13:00;75,0
15.05.2022 13:00;15.05.2022 14:00;45,35
15.05.2022 14:00;15.05.2022 15:00;20,15
15.05.2022 15:00;15.05.2022 16:00;39,58
15.05.2022 16:00;15.05.2022 17:00;76,21
15.05.2022 17:00;15.05.2022 18:00;133,33
15.05.2022 18:00;15.05.2022 19:00;199,74
15.05.2022 19:00;15.05.2022 20:00;226,11
15.05.2022 20:00;15.05.2022 21:00;230,57
15.05.2022 21:00;15.05.2022 22:00;226,18
15.05.2022 22:00;15.05.2022 23:00;219,57
15.05.2022 23:00;16.05.2022 00:00;200,5
16.05.2022 00:00;16.05.2022 01:00;180,18
16.05.2022 01:00;16.05.2022 02:00;169,06
16.05.2022 02:00;16.05.2022 03:00;169,13
16.05.2022 03:00;16.05.2022 04:00;169,89
16.05.2022 04:00;16.05.2022 05:00;169,53
16.05.2022 05:00;16.05.2022 06:00;182,04
16.05.2022 06:00;16.05.2022 07:00;229,95
16.05.2022 07:00;16.05.2022 08:00;248,08
16.05.2022 08:00;16.05.2022 09:00;251,09
16.05.2022 09:00;16.05.2022 10:00;231,08
16.05.2022 10:00;16.05.2022 11:00;210,62
16.05.2022 11:00;16.05.2022 12:00;199,68
16.05.2022 12:00;16.05.2022 13:00;185,34
16.05.2022 13:00;16.05.2022 14:00;182,33
16.05.2022 14:00;16.05.2022 15:00;185,39
16.05.2022 15:00;16.05.2022 16:00;186,26
16.05.2022 16:00;16.05.2022 17:00;203,27
16.05.2022 17:00;16.05.2022 18:00;219,17
16.05.2022 18:00;16.05.2022 19:00;245,74
16.05.2022 19:00;16.05.2022 20:00;276,31
16.05.2022 20:00;16.05.2022 21:00;275,36
16.05.2022 21:00;16.05.2022 22:00;259,9
16.05.2022 22:00;16.05.2022 23:00;240,2
16.05.2022 23:00;17.05.2022 00:00;208,38
17.05.2022 00:00;17.05.2022 01:00;203,39
17.05.2022 01:00;17.05.2022 02:00;195,94
17.05.2022 02:00;17.05.2022 03:00;189,1
17.05.2022 03:00;17.05.2022 04:00;185,05
17.05.2022 04:00;17.05.2022 05:00;189,2
17.05.2022 05:00;17.05.2022 06:00;202,24
17.05.2022 06:00;17.05.2022 07:00;236,7
17.05.2022 07:00;17.05.2022 08:00;264,89
17.05.2022 08:00;17.05.2022 09:00;274,17
17.05.2022 09:00;17.05.2022 10:00;244,91
17.05.2022 10:00;17.05.2022 11:00;231,99
17.05.2022 11:00;17.05.2022 12:00;216,29
17.05.2022 12:00;17.05.2022 13:00;208,09
17.05.2022 13:00;17.05.2022 14:00;197,46
17.05.2022 14:00;17.05.2022 15:00;189,24
17.05.2022 15:00;17.05.2022 16:00;187,97
17.05.2022 16:00;17.05.2022 17:00;204,12
17.05.2022 17:00;17.05.2022 18:00;237,13
17.05.2022 18:00;17.05.2022 19:00;251,82
17.05.2022 19:00;17.05.2022 20:00;290,0
17.05.2022 20:00;17.05.2022 21:00;298,21
17.05.2022 21:00;17.05.2022 22:00;265,88
17.05.2022 22:00;17.05.2022 23:00;245,46
17.05.2022 23:00;18.05.2022 00:00;208,73
18.05.2022 00:00;18.05.2022 01:00;206,47
18.05.2022 01:00;18.05.2022 02:00;187,89
18.05.2022 02:00;18.05.2022 03:00;176,23
18.05.2022 03:00;18.05.2022 04:00;170,98
18.05.2022 04:00;18.05.2022 05:00;173,48
18.05.2022 05:00;18.05.2022 06:00;179,61
18.05.2022 06:00;18.05.2022 07:00;219,95
18.05.2022 07:00;18.05.2022 08:00;247,6
18.05.2022 08:00;18.05.2022 09:00;241,29
18.05.2022 09:00;18.05.2022 10:00;211,07
18.05.2022 10:00;18.05.2022 11:00;179,17
18.05.2022 11:00;18.05.2022 12:00;174,9
18.05.2022 12:00;18.05.2022 13:00;179,94
18.05.2022 13:00;18.05.2022 14:00;177,03
18.05.2022 14:00;18.05.2022 15:00;176,71
18.05.2022 15:00;18.05.2022 16:00;178,9
18.05.2022 16:00;18.05.2022 17:00;194,94
18.05.2022 17:00;18.05.2022 18:00;216,84
18.05.2022 18:00;18.05.2022 19:00;241,2
18.05.2022 19:00;18.05.2022 20:00;286,99
18.05.2022 20:00;18.05.2022 21:00;280,0
18.05.2022 21:00;18.05.2022 22:00;245,88
18.05.2022 22:00;18.05.2022 23:00;225,73
18.05.2022 23:00;19.05.2022 00:00;194,47
19.05.2022 00:00;19.05.2022 01:00;196,96
19.05.2022 01:00;19.05.2022 02:00;185,01
19.05.2022 02:00;19.05.2022 03:00;179,94
19.05.2022 03:00;19.05.2022 04:00;176,27
19.05.2022 04:00;19.05.2022 05:00;177,98
19.05.2022 05:00;19.05.2022 06:00;185,06
19.05.2022 06:00;19.05.2022 07:00;222,33
19.05.2022 07:00;19.05.2022 08:00;250,04
19.05.2022 08:00;19.05.2022 09:00;249,31
19.05.2022 09:00;19.05.2022 10:00;229,93
19.05.2022 10:00;19.05.2022 11:00;198,22
19.05.2022 11:00;19.05.2022 12:00;183,99
19.05.2022 12:00;19.05.2022 13:00;182,96
19.05.2022 13:00;19.05.2022 14:00;180,8
19.05.2022 14:00;19.05.2022 15:00;176,2
19.05.2022 15:00;19.05.2022 16:00;185,09
19.05.2022 16:00;19.05.2022 17:00;198,96
19.05.2022 17:00;19.05.2022 18:00;224,02
19.05.2022 18:00;19.05.2022 19:00;232,99
19.05.2022 19:00;19.05.2022 20:00;269,27
19.05.2022 20:00;19.05.2022 21:00;273,4
19.05.2022 21:00;19.05.2022 22:00;253,0
19.05.2022 22:00;19.05.2022 23:00;234,38
19.05.2022 23:00;20.05.2022 00:00;213,31
20.05.2022 00:00;20.05.2022 01:00;211,1
20.05.2022 01:00;20.05.2022 02:00;195,98
20.05.2022 02:00;20.05.2022 03:00;189,56
20.05.2022 03:00;20.05.2022 04:00;188,0
20.05.2022 04:00;20.05.2022 05:00;189,56
20.05.2022 05:00;20.05.2022 06:00;208,62
20.05.2022 06:00;20.05.2022 07:00;237,24
20.05.2022 07:00;20.05.2022 08:00;263,32
20.05.2022 08:00;20.05.2022 09:00;250,0
20.05.2022 09:00;20.05.2022 10:00;224,0
20.05.2022 10:00;20.05.2022 11:00;204,97
20.05.2022 11:00;20.05.2022 12:00;201,6
20.05.2022 12:00;20.05.2022 13:00;197,4
20.05.2022 13:00;20.05.2022 14:00;190,07
20.05.2022 14:00;20.05.2022 15:00;185,33
20.05.2022 15:00;20.05.2022 16:00;189,26
20.05.2022 16:00;20.05.2022 17:00;190,0
20.05.2022 17:00;20.05.2022 18:00;216,3
20.05.2022 18:00;20.05.2022 19:00;227,7
20.05.2022 19:00;20.05.2022 20:00;230,99
20.05.2022 20:00;20.05.2022 21:00;231,03
20.05.2022 21:00;20.05.2022 22:00;218,03
20.05.2022 22:00;20.05.2022 23:00;205,27
20.05.2022 23:00;21.05.2022 00:00;176,3
21.05.2022 00:00;21.05.2022 01:00;134,15
21.05.2022 01:00;21.05.2022 02:00;125,3
21.05.2022 02:00;21.05.2022 03:00;96,29
21.05.2022 03:00;21.05.2022 04:00;94,66
21.05.2022 04:00;21.05.2022 05:00;91,76
21.05.2022 05:00;21.05.2022 06:00;90,01
21.05.2022 06:00;21.05.2022 07:00;105,14
21.05.2022 07:00;21.05.2022 08:00;118,9
21.05.2022 08:00;21.05.2022 09:00;110,8
21.05.2022 09:00;21.05.2022 10:00;83,93
21.05.2022 10:00;21.05.2022 11:00;74,99
21.05.2022 11:00;21.05.2022 12:00;14,19
21.05.2022 12:00;21.05.2022 13:00;0,48
21.05.2022 13:00;21.05.2022 14:00;-0,06
21.05.2022 14:00;21.05.2022 15:00;-0,09
21.05.2022 15:00;21.05.2022 16:00;0,01
21.05.2022 16:00;21.05.2022 17:00;11,01
21.05.2022 17:00;21.05.2022 18:00;81,49
21.05.2022 18:00;21.05.2022 19:00;161,27
21.05.2022 19:00;21.05.2022 20:00;201,0
21.05.2022 20:00;21.05.2022 21:00;219,32
21.05.2022 21:00;21.05.2022 22:00;228,11
21.05.2022 22:00;21.05.2022 23:00;223,85
21.05.2022 23:00;22.05.2022 00:00;214,18
22.05.2022 00:00;22.05.2022 01:00;186,58
22.05.2022 01:00;22.05.2022 02:00;179,4
22.05.2022 02:00;22.05.2022 03:00;172,5
22.05.2022 03:00;22.05.2022 04:00;170,0
22.05.2022 04:00;22.05.2022 05:00;171,0
22.05.2022 05:00;22.05.2022 06:00;169,91
22.05.2022 06:00;22.05.2022 07:00;166,96
22.05.2022 07:00;22.05.2022 08:00;166,88
22.05.2022 08:00;22.05.2022 09:00;160,0
22.05.2022 09:00;22.05.2022 10:00;149,96
22.05.2022 10:00;22.05.2022 11:00;138,29
22.05.2022 11:00;22.05.2022 12:00;138,25
22.05.2022 12:00;22.05.2022 13:00;136,95
22.05.2022 13:00;22.05.2022 14:00;109,92
22.05.2022 14:00;22.05.2022 15:00;101,4
22.05.2022 15:00;22.05.2022 16:00;103,7
22.05.2022 16:00;22.05.2022 17:00;133,19
22.05.2022 17:00;22.05.2022 18:00;156,62
22.05.2022 18:00;22.05.2022 19:00;195,29
22.05.2022 19:00;22.05.2022 20:00;213,37
22.05.2022 20:00;22.05.2022 21:00;225,55
22.05.2022 21:00;22.05.2022 22:00;227,9
22.05.2022 22:00;22.05.2022 23:00;219,91
22.05.2022 23:00;23.05.2022 00:00;191,24
23.05.2022 00:00;23.05.2022 01:00;175,89
23.05.2022 01:00;23.05.2022 02:00;164,57
23.05.2022 02:00;23.05.2022 03:00;158,75
23.05.2022 03:00;23.05.2022 04:00;155,07
23.05.2022 04:00;23.05.2022 05:00;158,2
23.05.2022 05:00;23.05.2022 06:00;172,54
23.05.2022 06:00;23.05.2022 07:00;202,7
23.05.2022 07:00;23.05.2022 08:00;224,96
23.05.2022 08:00;23.05.2022 09:00;230,02
23.05.2022 09:00;23.05.2022 10:00;220,97
23.05.2022 10:00;23.05.2022 11:00;217,19
23.05.2022 11:00;23.05.2022 12:00;202,68
23.05.2022 12:00;23.05.2022 13:00;188,88
23.05.2022 13:00;23.05.2022 14:00;171,73
23.05.2022 14:00;23.05.2022 15:00;171,63
23.05.2022 15:00;23.05.2022 16:00;170,88
23.05.2022 16:00;23.05.2022 17:00;175,25
23.05.2022 17:00;23.05.2022 18:00;197,1
23.05.2022 18:00;23.05.2022 19:00;214,03
23.05.2022 19:00;23.05.2022 20:00;214,94
23.05.2022 20:00;23.05.2022 21:00;210,07
23.05.2022 21:00;23.05.2022 22:00;190,0
23.05.2022 22:00;23.05.2022 23:00;179,91
23.05.2022 23:00;24.05.2022 00:00;147,35
24.05.2022 00:00;24.05.2022 01:00;92,07
24.05.2022 01:00;24.05.2022 02:00;82,85
24.05.2022 02:00;24.05.2022 03:00;81,77
24.05.2022 03:00;24.05.2022 04:00;96,24
24.05.2022 04:00;24.05.2022 05:00;107,4
24.05.2022 05:00;24.05.2022 06:00;155,95
24.05.2022 06:00;24.05.2022 07:00;188,91
24.05.2022 07:00;24.05.2022 08:00;210,29
24.05.2022 08:00;24.05.2022 09:00;209,14
24.05.2022 09:00;24.05.2022 10:00;193,0
24.05.2022 10:00;24.05.2022 11:00;180,05
24.05.2022 11:00;24.05.2022 12:00;163,36
24.05.2022 12:00;24.05.2022 13:00;150,5
24.05.2022 13:00;24.05.2022 14:00;137,56
24.05.2022 14:00;24.05.2022 15:00;124,5
24.05.2022 15:00;24.05.2022 16:00;149,99
24.05.2022 16:00;24.05.2022 17:00;162,47
24.05.2022 17:00;24.05.2022 18:00;171,43
24.05.2022 18:00;24.05.2022 19:00;198,38
24.05.2022 19:00;24.05.2022 20:00;212,98
24.05.2022 20:00;24.05.2022 21:00;219,99
24.05.2022 21:00;24.05.2022 22:00;220,3
24.05.2022 22:00;24.05.2022 23:00;211,91
24.05.2022 23:00;25.05.2022 00:00;189,64
25.05.2022 00:00;25.05.2022 01:00;190,73
25.05.2022 01:00;25.05.2022 02:00;180,06
25.05.2022 02:00;25.05.2022 03:00;170,51
25.05.2022 03:00;25.05.2022 04:00;167,92
25.05.2022 04:00;25.05.2022 05:00;169,9
25.05.2022 05:00;25.05.2022 06:00;178,14
25.05.2022 06:00;25.05.2022 07:00;211,11
25.05.2022 07:00;25.05.2022 08:00;230,0
25.05.2022 08:00;25.05.2022 09:00;227,88
25.05.2022 09:00;25.05.2022 10:00;207,21
25.05.2022 10:00;25.05.2022 11:00;174,26
25.05.2022 11:00;25.05.2022 12:00;168,98
25.05.2022 12:00;25.05.2022 13:00;161,83
25.05.2022 13:00;25.05.2022 14:00;145,17
25.05.2022 14:00;25.05.2022 15:00;137,78
25.05.2022 15:00;25.05.2022 16:00;124,06
25.05.2022 16:00;25.05.2022 17:00;124,08
25.05.2022 17:00;25.05.2022 18:00;151,69
25.05.2022 18:00;25.05.2022 19:00;166,32
25.05.2022 19:00;25.05.2022 20:00;192,77
25.05.2022 20:00;25.05.2022 21:00;210,13
25.05.2022 21:00;25.05.2022 22:00;211,95
25.05.2022 22:00;25.05.2022 23:00;192,26
25.05.2022 23:00;26.05.2022 00:00;165,17
26.05.2022 00:00;26.05.2022 01:00;132,39
26.05.2022 01:00;26.05.2022 02:00;82,68
26.05.2022 02:00;26.05.2022 03:00;82,19
26.05.2022 03:00;26.05.2022 04:00;77,02
26.05.2022 04:00;26.05.2022 05:00;84,73
26.05.2022 05:00;26.05.2022 06:00;84,8
26.05.2022 06:00;26.05.2022 07:00;77,09
26.05.2022 07:00;26.05.2022 08:00;77,04
26.05.2022 08:00;26.05.2022 09:00;51,85
26.05.2022 09:00;26.05.2022 10:00;7,37
26.05.2022 10:00;26.05.2022 11:00;1,96
26.05.2022 11:00;26.05.2022 12:00;0,07
26.05.2022 12:00;26.05.2022 13:00;0,0
26.05.2022 13:00;26.05.2022 14:00;-0,08
26.05.2022 14:00;26.05.2022 15:00;-4,4
26.05.2022 15:00;26.05.2022 16:00;-1,36
26.05.2022 16:00;26.05.2022 17:00;0,01
26.05.2022 17:00;26.05.2022 18:00;9,29
26.05.2022 18:00;26.05.2022 19:00;113,27
26.05.2022 19:00;26.05.2022 20:00;154,12
26.05.2022 20:00;26.05.2022 21:00;168,09
26.05.2022 21:00;26.05.2022 22:00;162,26
26.05.2022 22:00;26.05.2022 23:00;159,17
26.05.2022 23:00;27.05.2022 00:00;110,82
27.05.2022 00:00;27.05.2022 01:00;77,15
27.05.2022 01:00;27.05.2022 02:00;56,99
27.05.2022 02:00;27.05.2022 03:00;50,06
27.05.2022 03:00;27.05.2022 04:00;50,02
27.05.2022 04:00;27.05.2022 05:00;76,43
27.05.2022 05:00;27.05.2022 06:00;90,9
27.05.2022 06:00;27.05.2022 07:00;112,28
27.05.2022 07:00;27.05.2022 08:00;138,59
27.05.2022 08:00;27.05.2022 09:00;76,44
27.05.2022 09:00;27.05.2022 10:00;44,31
27.05.2022 10:00;27.05.2022 11:00;3,01
27.05.2022 11:00;27.05.2022 12:00;0,06
27.05.2022 12:00;27.05.2022 13:00;0,03
27.05.2022 13:00;27.05.2022 14:00;-0,1
27.05.2022 14:00;27.05.2022 15:00;-10,8
27.05.2022 15:00;27.05.2022 16:00;-7,36
27.05.2022 16:00;27.05.2022 17:00;-0,04
27.05.2022 17:00;27.05.2022 18:00;0,1
27.05.2022 18:00;27.05.2022 19:00;7,11
27.05.2022 19:00;27.05.2022 20:00;51,65
27.05.2022 20:00;27.05.2022 21:00;75,97
27.05.2022 21:00;27.05.2022 22:00;77,12
27.05.2022 22:00;27.05.2022 23:00;75,96
27.05.2022 23:00;28.05.2022 00:00;76,49
28.05.2022 00:00;28.05.2022 01:00;9,79
28.05.2022 01:00;28.05.2022 02:00;8,11
28.05.2022 02:00;28.05.2022 03:00;3,78
28.05.2022 03:00;28.05.2022 04:00;2,73
28.05.2022 04:00;28.05.2022 05:00;2,99
28.05.2022 05:00;28.05.2022 06:00;1,93
28.05.2022 06:00;28.05.2022 07:00;2,97
28.05.2022 07:00;28.05.2022 08:00;1,96
28.05.2022 08:00;28.05.2022 09:00;0,59
28.05.2022 09:00;28.05.2022 10:00;0,02
28.05.2022 10:00;28.05.2022 11:00;-0,05
28.05.2022 11:00;28.05.2022 12:00;-0,28
28.05.2022 12:00;28.05.2022 13:00;-1,36
28.05.2022 13:00;28.05.2022 14:00;-13,85
28.05.2022 14:00;28.05.2022 15:00;-10,01
28.05.2022 15:00;28.05.2022 16:00;-3,15
28.05.2022 16:00;28.05.2022 17:00;-0,03
28.05.2022 17:00;28.05.2022 18:00;12,56
28.05.2022 18:00;28.05.2022 19:00;79,44
28.05.2022 19:00;28.05.2022 20:00;135,46
28.05.2022 20:00;28.05.2022 21:00;158,33
28.05.2022 21:00;28.05.2022 22:00;164,37
28.05.2022 22:00;28.05.2022 23:00;170,0
28.05.2022 23:00;29.05.2022 00:00;158,08
29.05.2022 00:00;29.05.2022 01:00;162,11
29.05.2022 01:00;29.05.2022 02:00;141,28
29.05.2022 02:00;29.05.2022 03:00;140,79
29.05.2022 03:00;29.05.2022 04:00;138,37
29.05.2022 04:00;29.05.2022 05:00;140,04
29.05.2022 05:00;29.05.2022 06:00;141,32
29.05.2022 06:00;29.05.2022 07:00;133,8
29.05.2022 07:00;29.05.2022 08:00;138,37
29.05.2022 08:00;29.05.2022 09:00;140,15
29.05.2022 09:00;29.05.2022 10:00;140,08
29.05.2022 10:00;29.05.2022 11:00;140,0
29.05.2022 11:00;29.05.2022 12:00;145,06
29.05.2022 12:00;29.05.2022 13:00;141,0
29.05.2022 13:00;29.05.2022 14:00;133,49
29.05.2022 14:00;29.05.2022 15:00;123,78
29.05.2022 15:00;29.05.2022 16:00;121,59
29.05.2022 16:00;29.05.2022 17:00;120,0
29.05.2022 17:00;29.05.2022 18:00;150,0
29.05.2022 18:00;29.05.2022 19:00;179,56
29.05.2022 19:00;29.05.2022 20:00;201,38
29.05.2022 20:00;29.05.2022 21:00;214,94
29.05.2022 21:00;29.05.2022 22:00;224,97
29.05.2022 22:00;29.05.2022 23:00;225,0
29.05.2022 23:00;30.05.2022 00:00;214,96
30.05.2022 00:00;30.05.2022 01:00;203,9
30.05.2022 01:00;30.05.2022 02:00;194,72
30.05.2022 02:00;30.05.2022 03:00;192,65
30.05.2022 03:00;30.05.2022 04:00;184,5
30.05.2022 04:00;30.05.2022 05:00;182,92
30.05.2022 05:00;30.05.2022 06:00;195,74
30.05.2022 06:00;30.05.2022 07:00;230,68
30.05.2022 07:00;30.05.2022 08:00;257,95
30.05.2022 08:00;30.05.2022 09:00;260,27
30.05.2022 09:00;30.05.2022 10:00;232,92
30.05.2022 10:00;30.05.2022 11:00;230,0
30.05.2022 11:00;30.05.2022 12:00;229,77
30.05.2022 12:00;30.05.2022 13:00;215,0
30.05.2022 13:00;30.05.2022 14:00;207,5
30.05.2022 14:00;30.05.2022 15:00;201,28
30.05.2022 15:00;30.05.2022 16:00;202,29
30.05.2022 16:00;30.05.2022 17:00;210,9
30.05.2022 17:00;30.05.2022 18:00;225,7
30.05.2022 18:00;30.05.2022 19:00;241,36
30.05.2022 19:00;30.05.2022 20:00;291,14
30.05.2022 20:00;30.05.2022 21:00;295,0
30.05.2022 21:00;30.05.2022 22:00;266,46
30.05.2022 22:00;30.05.2022 23:00;243,68
30.05.2022 23:00;31.05.2022 00:00;227,5
31.05.2022 00:00;31.05.2022 01:00;200,91
31.05.2022 01:00;31.05.2022 02:00;183,0
31.05.2022 02:00;31.05.2022 03:00;179,62
31.05.2022 03:00;31.05.2022 04:00;177,02
31.05.2022 04:00;31.05.2022 05:00;180,01
31.05.2022 05:00;31.05.2022 06:00;195,99
31.05.2022 06:00;31.05.2022 07:00;228,68
31.05.2022 07:00;31.05.2022 08:00;247,77
31.05.2022 08:00;31.05.2022 09:00;243,14
31.05.2022 09:00;31.05.2022 10:00;225,9
31.05.2022 10:00;31.05.2022 11:00;200,63
31.05.2022 11:00;31.05.2022 12:00;193,91
31.05.2022 12:00;31.05.2022 13:00;192,27
31.05.2022 13:00;31.05.2022 14:00;184,07
31.05.2022 14:00;31.05.2022 15:00;182,54
31.05.2022 15:00;31.05.2022 16:00;182,08
31.05.2022 16:00;31.05.2022 17:00;182,38
31.05.2022 17:00;31.05.2022 18:00;200,0
31.05.2022 18:00;31.05.2022 19:00;234,97
31.05.2022 19:00;31.05.2022 20:00;255,02
31.05.2022 20:00;31.05.2022 21:00;258,67
31.05.2022 21:00;31.05.2022 22:00;247,51
31.05.2022 22:00;31.05.2022 23:00;240,01
31.05.2022 23:00;01.06.2022 00:00;227,98
01.06.2022 00:00;01.06.2022 01:00;220,0
01.06.2022 01:00;01.06.2022 02:00;207,45
01.06.2022 02:00;01.06.2022 03:00;199,09
01.06.2022 03:00;01.06.2022 04:00;182,53
01.06.2022 04:00;01.06.2022 05:00;182,28
01.06.2022 05:00;01.06.2022 06:00;198,95
01.06.2022 06:00;01.06.2022 07:00;230,0
01.06.2022 07:00;01.06.2022 08:00;249,68
01.06.2022 08:00;01.06.2022 09:00;246,36
01.06.2022 09:00;01.06.2022 10:00;228,82
01.06.2022 10:00;01.06.2022 11:00;211,8
01.06.2022 11:00;01.06.2022 12:00;206,6
01.06.2022 12:00;01.06.2022 13:00;189,77
01.06.2022 13:00;01.06.2022 14:00;184,86
01.06.2022 14:00;01.06.2022 15:00;184,86
01.06.2022 15:00;01.06.2022 16:00;180,04
01.06.2022 16:00;01.06.2022 17:00;181,6
01.06.2022 17:00;01.06.2022 18:00;199,71
01.06.2022 18:00;01.06.2022 19:00;229,92
01.06.2022 19:00;01.06.2022 20:00;251,98
01.06.2022 20:00;01.06.2022 21:00;257,71
01.06.2022 21:00;01.06.2022 22:00;262,6
01.06.2022 22:00;01.06.2022 23:00;250,0
01.06.2022 23:00;02.06.2022 00:00;230,33
02.06.2022 00:00;02.06.2022 01:00;191,0
02.06.2022 01:00;02.06.2022 02:00;175,04
02.06.2022 02:00;02.06.2022 03:00;169,33
02.06.2022 03:00;02.06.2022 04:00;161,96
02.06.2022 04:00;02.06.2022 05:00;165,05
02.06.2022 05:00;02.06.2022 06:00;171,7
02.06.2022 06:00;02.06.2022 07:00;209,65
02.06.2022 07:00;02.06.2022 08:00;223,1
02.06.2022 08:00;02.06.2022 09:00;218,13
02.06.2022 09:00;02.06.2022 10:00;190,26
02.06.2022 10:00;02.06.2022 11:00;173,81
02.06.2022 11:00;02.06.2022 12:00;167,5
02.06.2022 12:00;02.06.2022 13:00;162,51
02.06.2022 13:00;02.06.2022 14:00;152,8
02.06.2022 14:00;02.06.2022 15:00;150,4
02.06.2022 15:00;02.06.2022 16:00;154,8
02.06.2022 16:00;02.06.2022 17:00;164,86
02.06.2022 17:00;02.06.2022 18:00;174,74
02.06.2022 18:00;02.06.2022 19:00;218,05
02.06.2022 19:00;02.06.2022 20:00;230,65
02.06.2022 20:00;02.06.2022 21:00;238,97
02.06.2022 21:00;02.06.2022 22:00;228,94
02.06.2022 22:00;02.06.2022 23:00;229,78
02.06.2022 23:00;03.06.2022 00:00;209,87
03.06.2022 00:00;03.06.2022 01:00;177,61
03.06.2022 01:00;03.06.2022 02:00;163,13
03.06.2022 02:00;03.06.2022 03:00;157,41
03.06.2022 03:00;03.06.2022 04:00;159,62
03.06.2022 04:00;03.06.2022 05:00;161,7
03.06.2022 05:00;03.06.2022 06:00;169,94
03.06.2022 06:00;03.06.2022 07:00;209,83
03.06.2022 07:00;03.06.2022 08:00;225,11
03.06.2022 08:00;03.06.2022 09:00;217,18
03.06.2022 09:00;03.06.2022 10:00;197,12
03.06.2022 10:00;03.06.2022 11:00;179,97
03.06.2022 11:00;03.06.2022 12:00;161,85
03.06.2022 12:00;03.06.2022 13:00;161,67
03.06.2022 13:00;03.06.2022 14:00;150,23
03.06.2022 14:00;03.06.2022 15:00;151,96
03.06.2022 15:00;03.06.2022 16:00;155,14
03.06.2022 16:00;03.06.2022 17:00;163,09
03.06.2022 17:00;03.06.2022 18:00;195,41
03.06.2022 18:00;03.06.2022 19:00;216,31
03.06.2022 19:00;03.06.2022 20:00;225,0
03.06.2022 20:00;03.06.2022 21:00;221,83
03.06.2022 21:00;03.06.2022 22:00;212,86
03.06.2022 22:00;03.06.2022 23:00;211,96
03.06.2022 23:00;04.06.2022 00:00;183,16
04.06.2022 00:00;04.06.2022 01:00;175,81
04.06.2022 01:00;04.06.2022 02:00;167,97
04.06.2022 02:00;04.06.2022 03:00;166,92
04.06.2022 03:00;04.06.2022 04:00;157,05
04.06.2022 04:00;04.06.2022 05:00;155,5
04.06.2022 05:00;04.06.2022 06:00;156,01
04.06.2022 06:00;04.06.2022 07:00;159,8
04.06.2022 07:00;04.06.2022 08:00;169,86
04.06.2022 08:00;04.06.2022 09:00;180,0
04.06.2022 09:00;04.06.2022 10:00;178,5
04.06.2022 10:00;04.06.2022 11:00;163,33
04.06.2022 11:00;04.06.2022 12:00;139,98
04.06.2022 12:00;04.06.2022 13:00;135,14
04.06.2022 13:00;04.06.2022 14:00;114,28
04.06.2022 14:00;04.06.2022 15:00;94,86
04.06.2022 15:00;04.06.2022 16:00;118,99
04.06.2022 16:00;04.06.2022 17:00;141,42
04.06.2022 17:00;04.06.2022 18:00;158,92
04.06.2022 18:00;04.06.2022 19:00;179,83
04.06.2022 19:00;04.06.2022 20:00;199,03
04.06.2022 20:00;04.06.2022 21:00;209,24
04.06.2022 21:00;04.06.2022 22:00;198,98
04.06.2022 22:00;04.06.2022 23:00;199,06
04.06.2022 23:00;05.06.2022 00:00;179,36
05.06.2022 00:00;05.06.2022 01:00;165,52
05.06.2022 01:00;05.06.2022 02:00;157,23
05.06.2022 02:00;05.06.2022 03:00;149,57
05.06.2022 03:00;05.06.2022 04:00;136,88
05.06.2022 04:00;05.06.2022 05:00;136,04
05.06.2022 05:00;05.06.2022 06:00;128,04
05.06.2022 06:00;05.06.2022 07:00;127,27
05.06.2022 07:00;05.06.2022 08:00;133,65
05.06.2022 08:00;05.06.2022 09:00;136,28
05.06.2022 09:00;05.06.2022 10:00;142,65
05.06.2022 10:00;05.06.2022 11:00;141,36
05.06.2022 11:00;05.06.2022 12:00;143,62
05.06.2022 12:00;05.06.2022 13:00;132,5
05.06.2022 13:00;05.06.2022 14:00;90,36
05.06.2022 14:00;05.06.2022 15:00;98,31
05.06.2022 15:00;05.06.2022 16:00;121,95
05.06.2022 16:00;05.06.2022 17:00;132,03
05.06.2022 17:00;05.06.2022 18:00;150,02
05.06.2022 18:00;05.06.2022 19:00;163,03
05.06.2022 19:00;05.06.2022 20:00;168,8
05.06.2022 20:00;05.06.2022 21:00;169,44
05.06.2022 21:00;05.06.2022 22:00;166,36
05.06.2022 22:00;05.06.2022 23:00;169,22
05.06.2022 23:00;06.06.2022 00:00;137,74
06.06.2022 00:00;06.06.2022 01:00;103,4
06.06.2022 01:00;06.06.2022 02:00;90,86
06.06.2022 02:00;06.06.2022 03:00;82,07
06.06.2022 03:00;06.06.2022 04:00;88,02
06.06.2022 04:00;06.06.2022 05:00;85,05
06.06.2022 05:00;06.06.2022 06:00;88,08
06.06.2022 06:00;06.06.2022 07:00;90,06
06.06.2022 07:00;06.06.2022 08:00;94,22
06.06.2022 08:00;06.06.2022 09:00;84,05
06.06.2022 09:00;06.06.2022 10:00;57,05
06.06.2022 10:00;06.06.2022 11:00;30,0
06.06.2022 11:00;06.06.2022 12:00;11,06
06.06.2022 12:00;06.06.2022 13:00;0,1
06.06.2022 13:00;06.06.2022 14:00;-0,08
06.06.2022 14:00;06.06.2022 15:00;-0,59
06.06.2022 15:00;06.06.2022 16:00;-0,01
06.06.2022 16:00;06.06.2022 17:00;0,81
06.06.2022 17:00;06.06.2022 18:00;82,06
06.06.2022 18:00;06.06.2022 19:00;169,55
06.06.2022 19:00;06.06.2022 20:00;200,0
06.06.2022 20:00;06.06.2022 21:00;214,97
06.06.2022 21:00;06.06.2022 22:00;214,04
06.06.2022 22:00;06.06.2022 23:00;217,42
06.06.2022 23:00;07.06.2022 00:00;189,7
07.06.2022 00:00;07.06.2022 01:00;163,72
07.06.2022 01:00;07.06.2022 02:00;154,34
07.06.2022 02:00;07.06.2022 03:00;150,61
07.06.2022 03:00;07.06.2022 04:00;145,72
07.06.2022 04:00;07.06.2022 05:00;146,88
07.06.2022 05:00;07.06.2022 06:00;154,33
07.06.2022 06:00;07.06.2022 07:00;175,7
07.06.2022 07:00;07.06.2022 08:00;216,93
07.06.2022 08:00;07.06.2022 09:00;220,12
07.06.2022 09:00;07.06.2022 10:00;210,99
07.06.2022 10:00;07.06.2022 11:00;191,0
07.06.2022 11:00;07.06.2022 12:00;173,32
07.06.2022 12:00;07.06.2022 13:00;168,7
07.06.2022 13:00;07.06.2022 14:00;168,7
07.06.2022 14:00;07.06.2022 15:00;165,52
07.06.2022 15:00;07.06.2022 16:00;163,87
07.06.2022 16:00;07.06.2022 17:00;164,07
07.06.2022 17:00;07.06.2022 18:00;173,1
07.06.2022 18:00;07.06.2022 19:00;200,0
07.06.2022 19:00;07.06.2022 20:00;218,04
07.06.2022 20:00;07.06.2022 21:00;227,46
07.06.2022 21:00;07.06.2022 22:00;228,81
07.06.2022 22:00;07.06.2022 23:00;220,26
07.06.2022 23:00;08.06.2022 00:00;210,97
08.06.2022 00:00;08.06.2022 01:00;185,05
08.06.2022 01:00;08.06.2022 02:00;168,95
08.06.2022 02:00;08.06.2022 03:00;165,1
08.06.2022 03:00;08.06.2022 04:00;162,96
08.06.2022 04:00;08.06.2022 05:00;164,92
08.06.2022 05:00;08.06.2022 06:00;175,0
08.06.2022 06:00;08.06.2022 07:00;197,42
08.06.2022 07:00;08.06.2022 08:00;213,93
08.06.2022 08:00;08.06.2022 09:00;215,01
08.06.2022 09:00;08.06.2022 10:00;205,29
08.06.2022 10:00;08.06.2022 11:00;191,0
08.06.2022 11:00;08.06.2022 12:00;183,58
08.06.2022 12:00;08.06.2022 13:00;180,58
08.06.2022 13:00;08.06.2022 14:00;174,43
08.06.2022 14:00;08.06.2022 15:00;176,43
08.06.2022 15:00;08.06.2022 16:00;178,99
08.06.2022 16:00;08.06.2022 17:00;181,73
08.06.2022 17:00;08.06.2022 18:00;199,66
08.06.2022 18:00;08.06.2022 19:00;209,69
08.06.2022 19:00;08.06.2022 20:00;227,2
08.06.2022 20:00;08.06.2022 21:00;212,36
08.06.2022 21:00;08.06.2022 22:00;211,98
08.06.2022 22:00;08.06.2022 23:00;211,0
08.06.2022 23:00;09.06.2022 00:00;176,09
09.06.2022 00:00;09.06.2022 01:00;189,01
09.06.2022 01:00;09.06.2022 02:00;170,63
09.06.2022 02:00;09.06.2022 03:00;165,0
09.06.2022 03:00;09.06.2022 04:00;164,81
09.06.2022 04:00;09.06.2022 05:00;164,85
09.06.2022 05:00;09.06.2022 06:00;174,54
09.06.2022 06:00;09.06.2022 07:00;205,75
09.06.2022 07:00;09.06.2022 08:00;215,06
09.06.2022 08:00;09.06.2022 09:00;221,92
09.06.2022 09:00;09.06.2022 10:00;214,21
09.06.2022 10:00;09.06.2022 11:00;205,13
09.06.2022 11:00;09.06.2022 12:00;189,43
09.06.2022 12:00;09.06.2022 13:00;183,18
09.06.2022 13:00;09.06.2022 14:00;169,63
09.06.2022 14:00;09.06.2022 15:00;161,16
09.06.2022 15:00;09.06.2022 16:00;154,04
09.06.2022 16:00;09.06.2022 17:00;153,31
09.06.2022 17:00;09.06.2022 18:00;166,76
09.06.2022 18:00;09.06.2022 19:00;177,73
09.06.2022 19:00;09.06.2022 20:00;191,97
09.06.2022 20:00;09.06.2022 21:00;202,28
09.06.2022 21:00;09.06.2022 22:00;210,24
09.06.2022 22:00;09.06.2022 23:00;209,09
09.06.2022 23:00;10.06.2022 00:00;192,07
10.06.2022 00:00;10.06.2022 01:00;196,58
10.06.2022 01:00;10.06.2022 02:00;170,0
10.06.2022 02:00;10.06.2022 03:00;164,24
10.06.2022 03:00;10.06.2022 04:00;163,81
10.06.2022 04:00;10.06.2022 05:00;163,84
10.06.2022 05:00;10.06.2022 06:00;179,14
10.06.2022 06:00;10.06.2022 07:00;207,91
10.06.2022 07:00;10.06.2022 08:00;213,76
10.06.2022 08:00;10.06.2022 09:00;212,84
10.06.2022 09:00;10.06.2022 10:00;194,94
10.06.2022 10:00;10.06.2022 11:00;175,16
10.06.2022 11:00;10.06.2022 12:00;164,17
10.06.2022 12:00;10.06.2022 13:00;157,77
10.06.2022 13:00;10.06.2022 14:00;159,07
10.06.2022 14:00;10.06.2022 15:00;151,61
10.06.2022 15:00;10.06.2022 16:00;155,83
10.06.2022 16:00;10.06.2022 17:00;162,8
10.06.2022 17:00;10.06.2022 18:00;185,78
10.06.2022 18:00;10.06.2022 19:00;202,44
10.06.2022 19:00;10.06.2022 20:00;218,51
10.06.2022 20:00;10.06.2022 21:00;220,46
10.06.2022 21:00;10.06.2022 22:00;216,9
10.06.2022 22:00;10.06.2022 23:00;215,48
10.06.2022 23:00;11.06.2022 00:00;205,07
11.06.2022 00:00;11.06.2022 01:00;202,71
11.06.2022 01:00;11.06.2022 02:00;186,01
11.06.2022 02:00;11.06.2022 03:00;173,39
11.06.2022 03:00;11.06.2022 04:00;165,68
11.06.2022 04:00;11.06.2022 05:00;158,56
11.06.2022 05:00;11.06.2022 06:00;155,46
11.06.2022 06:00;11.06.2022 07:00;157,84
11.06.2022 07:00;11.06.2022 08:00;151,42
11.06.2022 08:00;11.06.2022 09:00;149,0
11.06.2022 09:00;11.06.2022 10:00;111,05
11.06.2022 10:00;11.06.2022 11:00;80,29
11.06.2022 11:00;11.06.2022 12:00;72,28
11.06.2022 12:00;11.06.2022 13:00;62,62
11.06.2022 13:00;11.06.2022 14:00;48,15
11.06.2022 14:00;11.06.2022 15:00;4,23
11.06.2022 15:00;11.06.2022 16:00;37,53
11.06.2022 16:00;11.06.2022 17:00;61,49
11.06.2022 17:00;11.06.2022 18:00;76,05
11.06.2022 18:00;11.06.2022 19:00;155,36
11.06.2022 19:00;11.06.2022 20:00;196,39
11.06.2022 20:00;11.06.2022 21:00;209,33
11.06.2022 21:00;11.06.2022 22:00;211,06
11.06.2022 22:00;11.06.2022 23:00;207,92
11.06.2022 23:00;12.06.2022 00:00;199,0
12.06.2022 00:00;12.06.2022 01:00;195,0
12.06.2022 01:00;12.06.2022 02:00;164,45
12.06.2022 02:00;12.06.2022 03:00;154,18
12.06.2022 03:00;12.06.2022 04:00;145,76
12.06.2022 04:00;12.06.2022 05:00;145,28
12.06.2022 05:00;12.06.2022 06:00;131,89
12.06.2022 06:00;12.06.2022 07:00;120,32
12.06.2022 07:00;12.06.2022 08:00;117,01
12.06.2022 08:00;12.06.2022 09:00;103,03
12.06.2022 09:00;12.06.2022 10:00;80,83
12.06.2022 10:00;12.06.2022 11:00;74,37
12.06.2022 11:00;12.06.2022 12:00;48,89
12.06.2022 12:00;12.06.2022 13:00;19,91
12.06.2022 13:00;12.06.2022 14:00;4,82
12.06.2022 14:00;12.06.2022 15:00;0,08
12.06.2022 15:00;12.06.2022 16:00;9,95
12.06.2022 16:00;12.06.2022 17:00;44,79
12.06.2022 17:00;12.06.2022 18:00;85,33
12.06.2022 18:00;12.06.2022 19:00;159,95
12.06.2022 19:00;12.06.2022 20:00;185,31
12.06.2022 20:00;12.06.2022 21:00;205,98
12.06.2022 21:00;12.06.2022 22:00;210,98
12.06.2022 22:00;12.06.2022 23:00;210,0
12.06.2022 23:00;13.06.2022 00:00;188,83
13.06.2022 00:00;13.06.2022 01:00;173,97
13.06.2022 01:00;13.06.2022 02:00;162,67
13.06.2022 02:00;13.06.2022 03:00;155,11
13.06.2022 03:00;13.06.2022 04:00;149,92
13.06.2022 04:00;13.06.2022 05:00;146,92
13.06.2022 05:00;13.06.2022 06:00;158,47
13.06.2022 06:00;13.06.2022 07:00;200,03
13.06.2022 07:00;13.06.2022 08:00;211,19
13.06.2022 08:00;13.06.2022 09:00;212,12
13.06.2022 09:00;13.06.2022 10:00;179,22
13.06.2022 10:00;13.06.2022 11:00;165,7
13.06.2022 11:00;13.06.2022 12:00;147,17
13.06.2022 12:00;13.06.2022 13:00;139,6
13.06.2022 13:00;13.06.2022 14:00;106,06
13.06.2022 14:00;13.06.2022 15:00;87,59
13.06.2022 15:00;13.06.2022 16:00;85,23
13.06.2022 16:00;13.06.2022 17:00;106,26
13.06.2022 17:00;13.06.2022 18:00;142,92
13.06.2022 18:00;13.06.2022 19:00;160,35
13.06.2022 19:00;13.06.2022 20:00;207,46
13.06.2022 20:00;13.06.2022 21:00;224,9
13.06.2022 21:00;13.06.2022 22:00;225,97
13.06.2022 22:00;13.06.2022 23:00;223,47
13.06.2022 23:00;14.06.2022 00:00;201,24
14.06.2022 00:00;14.06.2022 01:00;174,44
14.06.2022 01:00;14.06.2022 02:00;162,72
14.06.2022 02:00;14.06.2022 03:00;161,69
14.06.2022 03:00;14.06.2022 04:00;157,58
14.06.2022 04:00;14.06.2022 05:00;162,9
14.06.2022 05:00;14.06.2022 06:00;171,0
14.06.2022 06:00;14.06.2022 07:00;215,22
14.06.2022 07:00;14.06.2022 08:00;227,88
14.06.2022 08:00;14.06.2022 09:00;211,95
14.06.2022 09:00;14.06.2022 10:00;181,57
14.06.2022 10:00;14.06.2022 11:00;164,04
14.06.2022 11:00;14.06.2022 12:00;164,09
14.06.2022 12:00;14.06.2022 13:00;162,84
14.06.2022 13:00;14.06.2022 14:00;157,51
14.06.2022 14:00;14.06.2022 15:00;151,74
14.06.2022 15:00;14.06.2022 16:00;163,95
14.06.2022 16:00;14.06.2022 17:00;173,97
14.06.2022 17:00;14.06.2022 18:00;202,74
14.06.2022 18:00;14.06.2022 19:00;230,97
14.06.2022 19:00;14.06.2022 20:00;288,9
14.06.2022 20:00;14.06.2022 21:00;295,68
14.06.2022 21:00;14.06.2022 22:00;248,15
14.06.2022 22:00;14.06.2022 23:00;234,9
14.06.2022 23:00;15.06.2022 00:00;213,11
15.06.2022 00:00;15.06.2022 01:00;197,96
15.06.2022 01:00;15.06.2022 02:00;183,5
15.06.2022 02:00;15.06.2022 03:00;177,67
15.06.2022 03:00;15.06.2022 04:00;173,02
15.06.2022 04:00;15.06.2022 05:00;173,18
15.06.2022 05:00;15.06.2022 06:00;182,23
15.06.2022 06:00;15.06.2022 07:00;219,61
15.06.2022 07:00;15.06.2022 08:00;246,95
15.06.2022 08:00;15.06.2022 09:00;252,78
15.06.2022 09:00;15.06.2022 10:00;213,58
15.06.2022 10:00;15.06.2022 11:00;195,78
15.06.2022 11:00;15.06.2022 12:00;175,37
15.06.2022 12:00;15.06.2022 13:00;170,76
15.06.2022 13:00;15.06.2022 14:00;172,2
15.06.2022 14:00;15.06.2022 15:00;168,61
15.06.2022 15:00;15.06.2022 16:00;170,24
15.06.2022 16:00;15.06.2022 17:00;183,06
15.06.2022 17:00;15.06.2022 18:00;220,76
15.06.2022 18:00;15.06.2022 19:00;259,1
15.06.2022 19:00;15.06.2022 20:00;305,77
15.06.2022 20:00;15.06.2022 21:00;307,48
15.06.2022 21:00;15.06.2022 22:00;263,97
15.06.2022 22:00;15.06.2022 23:00;247,69
15.06.2022 23:00;16.06.2022 00:00;222,64
16.06.2022 00:00;16.06.2022 01:00;232,64
16.06.2022 01:00;16.06.2022 02:00;221,54
16.06.2022 02:00;16.06.2022 03:00;213,34
16.06.2022 03:00;16.06.2022 04:00;213,63
16.06.2022 04:00;16.06.2022 05:00;206,46
16.06.2022 05:00;16.06.2022 06:00;207,09
16.06.2022 06:00;16.06.2022 07:00;227,35
16.06.2022 07:00;16.06.2022 08:00;254,96
16.06.2022 08:00;16.06.2022 09:00;245,0
16.06.2022 09:00;16.06.2022 10:00;221,81
16.06.2022 10:00;16.06.2022 11:00;185,73
16.06.2022 11:00;16.06.2022 12:00;163,48
16.06.2022 12:00;16.06.2022 13:00;152,96
16.06.2022 13:00;16.06.2022 14:00;116,89
16.06.2022 14:00;16.06.2022 15:00;100,0
16.06.2022 15:00;16.06.2022 16:00;98,56
16.06.2022 16:00;16.06.2022 17:00;116,63
16.06.2022 17:00;16.06.2022 18:00;165,21
16.06.2022 18:00;16.06.2022 19:00;222,7
16.06.2022 19:00;16.06.2022 20:00;258,56
16.06.2022 20:00;16.06.2022 21:00;265,18
16.06.2022 21:00;16.06.2022 22:00;270,47
16.06.2022 22:00;16.06.2022 23:00;262,25
16.06.2022 23:00;17.06.2022 00:00;224,9
17.06.2022 00:00;17.06.2022 01:00;296,21
17.06.2022 01:00;17.06.2022 02:00;250,7
17.06.2022 02:00;17.06.2022 03:00;225,09
17.06.2022 03:00;17.06.2022 04:00;211,4
17.06.2022 04:00;17.06.2022 05:00;206,86
17.06.2022 05:00;17.06.2022 06:00;239,91
17.06.2022 06:00;17.06.2022 07:00;292,34
17.06.2022 07:00;17.06.2022 08:00;323,31
17.06.2022 08:00;17.06.2022 09:00;325,7
17.06.2022 09:00;17.06.2022 10:00;299,07
17.06.2022 10:00;17.06.2022 11:00;250,43
17.06.2022 11:00;17.06.2022 12:00;194,9
17.06.2022 12:00;17.06.2022 13:00;186,55
17.06.2022 13:00;17.06.2022 14:00;180,67
17.06.2022 14:00;17.06.2022 15:00;174,12
17.06.2022 15:00;17.06.2022 16:00;180,47
17.06.2022 16:00;17.06.2022 17:00;188,34
17.06.2022 17:00;17.06.2022 18:00;254,46
17.06.2022 18:00;17.06.2022 19:00;303,99
17.06.2022 19:00;17.06.2022 20:00;327,56
17.06.2022 20:00;17.06.2022 21:00;355,39
17.06.2022 21:00;17.06.2022 22:00;319,06
17.06.2022 22:00;17.06.2022 23:00;284,03
17.06.2022 23:00;18.06.2022 00:00;259,79
18.06.2022 00:00;18.06.2022 01:00;255,05
18.06.2022 01:00;18.06.2022 02:00;207,86
18.06.2022 02:00;18.06.2022 03:00;184,37
18.06.2022 03:00;18.06.2022 04:00;180,64
18.06.2022 04:00;18.06.2022 05:00;172,22
18.06.2022 05:00;18.06.2022 06:00;178,99
18.06.2022 06:00;18.06.2022 07:00;189,93
18.06.2022 07:00;18.06.2022 08:00;190,15
18.06.2022 08:00;18.06.2022 09:00;188,16
18.06.2022 09:00;18.06.2022 10:00;185,06
18.06.2022 10:00;18.06.2022 11:00;157,44
18.06.2022 11:00;18.06.2022 12:00;142,26
18.06.2022 12:00;18.06.2022 13:00;106,52
18.06.2022 13:00;18.06.2022 14:00;77,28
18.06.2022 14:00;18.06.2022 15:00;76,66
18.06.2022 15:00;18.06.2022 16:00;78,29
18.06.2022 16:00;18.06.2022 17:00;149,4
18.06.2022 17:00;18.06.2022 18:00;189,94
18.06.2022 18:00;18.06.2022 19:00;264,61
18.06.2022 19:00;18.06.2022 20:00;328,01
18.06.2022 20:00;18.06.2022 21:00;330,47
18.06.2022 21:00;18.06.2022 22:00;319,21
18.06.2022 22:00;18.06.2022 23:00;285,08
18.06.2022 23:00;19.06.2022 00:00;251,88
19.06.2022 00:00;19.06.2022 01:00;207,07
19.06.2022 01:00;19.06.2022 02:00;190,0
19.06.2022 02:00;19.06.2022 03:00;165,52
19.06.2022 03:00;19.06.2022 04:00;139,8
19.06.2022 04:00;19.06.2022 05:00;120,6
19.06.2022 05:00;19.06.2022 06:00;110,96
19.06.2022 06:00;19.06.2022 07:00;112,55
19.06.2022 07:00;19.06.2022 08:00;98,57
19.06.2022 08:00;19.06.2022 09:00;90,53
19.06.2022 09:00;19.06.2022 10:00;94,28
19.06.2022 10:00;19.06.2022 11:00;94,15
19.06.2022 11:00;19.06.2022 12:00;95,2
19.06.2022 12:00;19.06.2022 13:00;82,55
19.06.2022 13:00;19.06.2022 14:00;75,0
19.06.2022 14:00;19.06.2022 15:00;60,09
19.06.2022 15:00;19.06.2022 16:00;80,72
19.06.2022 16:00;19.06.2022 17:00;93,38
19.06.2022 17:00;19.06.2022 18:00;157,35
19.06.2022 18:00;19.06.2022 19:00;219,62
19.06.2022 19:00;19.06.2022 20:00;258,7
19.06.2022 20:00;19.06.2022 21:00;282,69
19.06.2022 21:00;19.06.2022 22:00;294,29
19.06.2022 22:00;19.06.2022 23:00;306,93
19.06.2022 23:00;20.06.2022 00:00;281,1
20.06.2022 00:00;20.06.2022 01:00;240,22
20.06.2022 01:00;20.06.2022 02:00;220,39
20.06.2022 02:00;20.06.2022 03:00;218,9
20.06.2022 03:00;20.06.2022 04:00;220,1
20.06.2022 04:00;20.06.2022 05:00;213,2
20.06.2022 05:00;20.06.2022 06:00;263,27
20.06.2022 06:00;20.06.2022 07:00;301,67
20.06.2022 07:00;20.06.2022 08:00;370,14
20.06.2022 08:00;20.06.2022 09:00;500,0
20.06.2022 09:00;20.06.2022 10:00;348,28
20.06.2022 10:00;20.06.2022 11:00;310,28
20.06.2022 11:00;20.06.2022 12:00;305,97
20.06.2022 12:00;20.06.2022 13:00;263,54
20.06.2022 13:00;20.06.2022 14:00;213,87
20.06.2022 14:00;20.06.2022 15:00;193,09
20.06.2022 15:00;20.06.2022 16:00;183,58
20.06.2022 16:00;20.06.2022 17:00;180,44
20.06.2022 17:00;20.06.2022 18:00;198,2
20.06.2022 18:00;20.06.2022 19:00;209,23
20.06.2022 19:00;20.06.2022 20:00;291,19
20.06.2022 20:00;20.06.2022 21:00;316,32
20.06.2022 21:00;20.06.2022 22:00;316,32
20.06.2022 22:00;20.06.2022 23:00;288,71
20.06.2022 23:00;21.06.2022 00:00;250,01
21.06.2022 00:00;21.06.2022 01:00;264,91
21.06.2022 01:00;21.06.2022 02:00;242,42
21.06.2022 02:00;21.06.2022 03:00;232,91
21.06.2022 03:00;21.06.2022 04:00;219,95
21.06.2022 04:00;21.06.2022 05:00;217,17
21.06.2022 05:00;21.06.2022 06:00;228,91
21.06.2022 06:00;21.06.2022 07:00;297,61
21.06.2022 07:00;21.06.2022 08:00;338,9
21.06.2022 08:00;21.06.2022 09:00;332,02
21.06.2022 09:00;21.06.2022 10:00;279,45
21.06.2022 10:00;21.06.2022 11:00;237,03
21.06.2022 11:00;21.06.2022 12:00;225,21
21.06.2022 12:00;21.06.2022 13:00;219,86
21.06.2022 13:00;21.06.2022 14:00;212,61
21.06.2022 14:00;21.06.2022 15:00;210,81
21.06.2022 15:00;21.06.2022 16:00;230,74
21.06.2022 16:00;21.06.2022 17:00;239,93
21.06.2022 17:00;21.06.2022 18:00;304,48
21.06.2022 18:00;21.06.2022 19:00;373,93
21.06.2022 19:00;21.06.2022 20:00;450,25
21.06.2022 20:00;21.06.2022 21:00;458,04
21.06.2022 21:00;21.06.2022 22:00;410,35
21.06.2022 22:00;21.06.2022 23:00;373,25
21.06.2022 23:00;22.06.2022 00:00;325,51
22.06.2022 00:00;22.06.2022 01:00;272,45
22.06.2022 01:00;22.06.2022 02:00;268,49
22.06.2022 02:00;22.06.2022 03:00;268,9
22.06.2022 03:00;22.06.2022 04:00;248,5
22.06.2022 04:00;22.06.2022 05:00;255,02
22.06.2022 05:00;22.06.2022 06:00;284,29
22.06.2022 06:00;22.06.2022 07:00;348,49
22.06.2022 07:00;22.06.2022 08:00;429,95
22.06.2022 08:00;22.06.2022 09:00;387,88
22.06.2022 09:00;22.06.2022 10:00;339,79
22.06.2022 10:00;22.06.2022 11:00;301,49
22.06.2022 11:00;22.06.2022 12:00;292,44
22.06.2022 12:00;22.06.2022 13:00;268,9
22.06.2022 13:00;22.06.2022 14:00;249,7
22.06.2022 14:00;22.06.2022 15:00;244,46
22.06.2022 15:00;22.06.2022 16:00;258,12
22.06.2022 16:00;22.06.2022 17:00;284,1
22.06.2022 17:00;22.06.2022 18:00;331,47
22.06.2022 18:00;22.06.2022 19:00;398,36
22.06.2022 19:00;22.06.2022 20:00;491,04
22.06.2022 20:00;22.06.2022 21:00;462,91
22.06.2022 21:00;22.06.2022 22:00;399,3
22.06.2022 22:00;22.06.2022 23:00;374,55
22.06.2022 23:00;23.06.2022 00:00;299,58
23.06.2022 00:00;23.06.2022 01:00;288,59
23.06.2022 01:00;23.06.2022 02:00;257,91
23.06.2022 02:00;23.06.2022 03:00;250,11
23.06.2022 03:00;23.06.2022 04:00;245,82
23.06.2022 04:00;23.06.2022 05:00;255,08
23.06.2022 05:00;23.06.2022 06:00;279,68
23.06.2022 06:00;23.06.2022 07:00;336,1
23.06.2022 07:00;23.06.2022 08:00;363,35
23.06.2022 08:00;23.06.2022 09:00;350,39
23.06.2022 09:00;23.06.2022 10:00;316,23
23.06.2022 10:00;23.06.2022 11:00;277,83
23.06.2022 11:00;23.06.2022 12:00;246,34
23.06.2022 12:00;23.06.2022 13:00;240,7
23.06.2022 13:00;23.06.2022 14:00;227,92
23.06.2022 14:00;23.06.2022 15:00;228,0
23.06.2022 15:00;23.06.2022 16:00;248,7
23.06.2022 16:00;23.06.2022 17:00;263,06
23.06.2022 17:00;23.06.2022 18:00;333,96
23.06.2022 18:00;23.06.2022 19:00;367,43
23.06.2022 19:00;23.06.2022 20:00;429,06
23.06.2022 20:00;23.06.2022 21:00;413,99
23.06.2022 21:00;23.06.2022 22:00;358,95
23.06.2022 22:00;23.06.2022 23:00;292,36
23.06.2022 23:00;24.06.2022 00:00;210,37
24.06.2022 00:00;24.06.2022 01:00;224,84
24.06.2022 01:00;24.06.2022 02:00;211,69
24.06.2022 02:00;24.06.2022 03:00;204,21
24.06.2022 03:00;24.06.2022 04:00;218,93
24.06.2022 04:00;24.06.2022 05:00;223,23
24.06.2022 05:00;24.06.2022 06:00;231,6
24.06.2022 06:00;24.06.2022 07:00;302,85
24.06.2022 07:00;24.06.2022 08:00;335,17
24.06.2022 08:00;24.06.2022 09:00;345,74
24.06.2022 09:00;24.06.2022 10:00;329,98
24.06.2022 10:00;24.06.2022 11:00;304,03
24.06.2022 11:00;24.06.2022 12:00;263,8
24.06.2022 12:00;24.06.2022 13:00;244,01
24.06.2022 13:00;24.06.2022 14:00;240,72
24.06.2022 14:00;24.06.2022 15:00;214,81
24.06.2022 15:00;24.06.2022 16:00;243,18
24.06.2022 16:00;24.06.2022 17:00;245,47
24.06.2022 17:00;24.06.2022 18:00;296,41
24.06.2022 18:00;24.06.2022 19:00;322,0
24.06.2022 19:00;24.06.2022 20:00;329,94
24.06.2022 20:00;24.06.2022 21:00;335,2
24.06.2022 21:00;24.06.2022 22:00;330,92
24.06.2022 22:00;24.06.2022 23:00;320,0
24.06.2022 23:00;25.06.2022 00:00;264,47
25.06.2022 00:00;25.06.2022 01:00;260,65
25.06.2022 01:00;25.06.2022 02:00;236,9
25.06.2022 02:00;25.06.2022 03:00;214,91
25.06.2022 03:00;25.06.2022 04:00;217,08
25.06.2022 04:00;25.06.2022 05:00;203,74
25.06.2022 05:00;25.06.2022 06:00;209,06
25.06.2022 06:00;25.06.2022 07:00;226,73
25.06.2022 07:00;25.06.2022 08:00;261,09
25.06.2022 08:00;25.06.2022 09:00;269,03
25.06.2022 09:00;25.06.2022 10:00;228,26
25.06.2022 10:00;25.06.2022 11:00;185,73
25.06.2022 11:00;25.06.2022 12:00;184,96
25.06.2022 12:00;25.06.2022 13:00;197,65
25.06.2022 13:00;25.06.2022 14:00;180,43
25.06.2022 14:00;25.06.2022 15:00;164,06
25.06.2022 15:00;25.06.2022 16:00;184,94
25.06.2022 16:00;25.06.2022 17:00;220,66
25.06.2022 17:00;25.06.2022 18:00;269,07
25.06.2022 18:00;25.06.2022 19:00;271,57
25.06.2022 19:00;25.06.2022 20:00;314,1
25.06.2022 20:00;25.06.2022 21:00;327,17
25.06.2022 21:00;25.06.2022 22:00;322,68
25.06.2022 22:00;25.06.2022 23:00;324,02
25.06.2022 23:00;26.06.2022 00:00;294,94
26.06.2022 00:00;26.06.2022 01:00;288,91
26.06.2022 01:00;26.06.2022 02:00;261,33
26.06.2022 02:00;26.06.2022 03:00;217,9
26.06.2022 03:00;26.06.2022 04:00;206,62
26.06.2022 04:00;26.06.2022 05:00;196,78
26.06.2022 05:00;26.06.2022 06:00;180,25
26.06.2022 06:00;26.06.2022 07:00;174,44
26.06.2022 07:00;26.06.2022 08:00;167,67
26.06.2022 08:00;26.06.2022 09:00;155,09
26.06.2022 09:00;26.06.2022 10:00;112,14
26.06.2022 10:00;26.06.2022 11:00;101,36
26.06.2022 11:00;26.06.2022 12:00;95,0
26.06.2022 12:00;26.06.2022 13:00;83,02
26.06.2022 13:00;26.06.2022 14:00;79,82
26.06.2022 14:00;26.06.2022 15:00;79,82
26.06.2022 15:00;26.06.2022 16:00;112,45
26.06.2022 16:00;26.06.2022 17:00;176,23
26.06.2022 17:00;26.06.2022 18:00;218,31
26.06.2022 18:00;26.06.2022 19:00;289,02
26.06.2022 19:00;26.06.2022 20:00;324,79
26.06.2022 20:00;26.06.2022 21:00;333,38
26.06.2022 21:00;26.06.2022 22:00;334,19
26.06.2022 22:00;26.06.2022 23:00;335,71
26.06.2022 23:00;27.06.2022 00:00;315,87
27.06.2022 00:00;27.06.2022 01:00;295,62
27.06.2022 01:00;27.06.2022 02:00;263,7
27.06.2022 02:00;27.06.2022 03:00;258,07
27.06.2022 03:00;27.06.2022 04:00;256,14
27.06.2022 04:00;27.06.2022 05:00;254,55
27.06.2022 05:00;27.06.2022 06:00;268,87
27.06.2022 06:00;27.06.2022 07:00;330,91
27.06.2022 07:00;27.06.2022 08:00;357,94
27.06.2022 08:00;27.06.2022 09:00;371,07
27.06.2022 09:00;27.06.2022 10:00;348,38
27.06.2022 10:00;27.06.2022 11:00;332,54
27.06.2022 11:00;27.06.2022 12:00;293,5
27.06.2022 12:00;27.06.2022 13:00;268,0
27.06.2022 13:00;27.06.2022 14:00;250,91
27.06.2022 14:00;27.06.2022 15:00;251,87
27.06.2022 15:00;27.06.2022 16:00;259,91
27.06.2022 16:00;27.06.2022 17:00;288,57
27.06.2022 17:00;27.06.2022 18:00;340,91
27.06.2022 18:00;27.06.2022 19:00;378,59
27.06.2022 19:00;27.06.2022 20:00;443,5
27.06.2022 20:00;27.06.2022 21:00;390,37
27.06.2022 21:00;27.06.2022 22:00;375,64
27.06.2022 22:00;27.06.2022 23:00;372,17
27.06.2022 23:00;28.06.2022 00:00;347,81
28.06.2022 00:00;28.06.2022 01:00;266,05
28.06.2022 01:00;28.06.2022 02:00;272,47
28.06.2022 02:00;28.06.2022 03:00;254,91
28.06.2022 03:00;28.06.2022 04:00;256,31
28.06.2022 04:00;28.06.2022 05:00;267,66
28.06.2022 05:00;28.06.2022 06:00;282,41
28.06.2022 06:00;28.06.2022 07:00;359,1
28.06.2022 07:00;28.06.2022 08:00;381,88
28.06.2022 08:00;28.06.2022 09:00;400,93
28.06.2022 09:00;28.06.2022 10:00;372,62
28.06.2022 10:00;28.06.2022 11:00;313,99
28.06.2022 11:00;28.06.2022 12:00;270,09
28.06.2022 12:00;28.06.2022 13:00;250,41
28.06.2022 13:00;28.06.2022 14:00;259,7
28.06.2022 14:00;28.06.2022 15:00;252,43
28.06.2022 15:00;28.06.2022 16:00;299,0
28.06.2022 16:00;28.06.2022 17:00;324,02
28.06.2022 17:00;28.06.2022 18:00;368,83
28.06.2022 18:00;28.06.2022 19:00;434,99
28.06.2022 19:00;28.06.2022 20:00;470,9
28.06.2022 20:00;28.06.2022 21:00;453,14
28.06.2022 21:00;28.06.2022 22:00;410,92
28.06.2022 22:00;28.06.2022 23:00;396,38
28.06.2022 23:00;29.06.2022 00:00;337,23
29.06.2022 00:00;29.06.2022 01:00;275,06
29.06.2022 01:00;29.06.2022 02:00;261,27
29.06.2022 02:00;29.06.2022 03:00;246,47
29.06.2022 03:00;29.06.2022 04:00;238,0
29.06.2022 04:00;29.06.2022 05:00;243,27
29.06.2022 05:00;29.06.2022 06:00;254,02
29.06.2022 06:00;29.06.2022 07:00;315,46
29.06.2022 07:00;29.06.2022 08:00;350,85
29.06.2022 08:00;29.06.2022 09:00;386,95
29.06.2022 09:00;29.06.2022 10:00;365,41
29.06.2022 10:00;29.06.2022 11:00;329,64
29.06.2022 11:00;29.06.2022 12:00;320,93
29.06.2022 12:00;29.06.2022 13:00;303,91
29.06.2022 13:00;29.06.2022 14:00;291,4
29.06.2022 14:00;29.06.2022 15:00;294,55
29.06.2022 15:00;29.06.2022 16:00;300,85
29.06.2022 16:00;29.06.2022 17:00;308,91
29.06.2022 17:00;29.06.2022 18:00;341,07
29.06.2022 18:00;29.06.2022 19:00;368,86
29.06.2022 19:00;29.06.2022 20:00;390,9
29.06.2022 20:00;29.06.2022 21:00;390,0
29.06.2022 21:00;29.06.2022 22:00;366,9
29.06.2022 22:00;29.06.2022 23:00;352,77
29.06.2022 23:00;30.06.2022 00:00;275,58
30.06.2022 00:00;30.06.2022 01:00;285,04
30.06.2022 01:00;30.06.2022 02:00;272,58
30.06.2022 02:00;30.06.2022 03:00;274,72
30.06.2022 03:00;30.06.2022 04:00;278,0
30.06.2022 04:00;30.06.2022 05:00;267,63
30.06.2022 05:00;30.06.2022 06:00;277,86
30.06.2022 06:00;30.06.2022 07:00;339,77
30.06.2022 07:00;30.06.2022 08:00;369,89
30.06.2022 08:00;30.06.2022 09:00;379,63
30.06.2022 09:00;30.06.2022 10:00;341,75
30.06.2022 10:00;30.06.2022 11:00;299,02
30.06.2022 11:00;30.06.2022 12:00;274,02
30.06.2022 12:00;30.06.2022 13:00;276,32
30.06.2022 13:00;30.06.2022 14:00;268,97
30.06.2022 14:00;30.06.2022 15:00;278,07
30.06.2022 15:00;30.06.2022 16:00;285,79
30.06.2022 16:00;30.06.2022 17:00;324,09
30.06.2022 17:00;30.06.2022 18:00;372,44
30.06.2022 18:00;30.06.2022 19:00;409,41
30.06.2022 19:00;30.06.2022 20:00;479,0
30.06.2022 20:00;30.06.2022 21:00;450,0
30.06.2022 21:00;30.06.2022 22:00;394,21
30.06.2022 22:00;30.06.2022 23:00;355,17
30.06.2022 23:00;01.07.2022 00:00;258,08
01.07.2022 00:00;01.07.2022 01:00;268,71
01.07.2022 01:00;01.07.2022 02:00;265,86
01.07.2022 02:00;01.07.2022 03:00;268,01
01.07.2022 03:00;01.07.2022 04:00;266,12
01.07.2022 04:00;01.07.2022 05:00;265,38
01.07.2022 05:00;01.07.2022 06:00;282,13
01.07.2022 06:00;01.07.2022 07:00;355,19
01.07.2022 07:00;01.07.2022 08:00;378,85
01.07.2022 08:00;01.07.2022 09:00;385,19
01.07.2022 09:00;01.07.2022 10:00;378,0
01.07.2022 10:00;01.07.2022 11:00;360,06
01.07.2022 11:00;01.07.2022 12:00;354,77
01.07.2022 12:00;01.07.2022 13:00;325,63
01.07.2022 13:00;01.07.2022 14:00;300,72
01.07.2022 14:00;01.07.2022 15:00;266,68
01.07.2022 15:00;01.07.2022 16:00;261,06
01.07.2022 16:00;01.07.2022 17:00;220,69
01.07.2022 17:00;01.07.2022 18:00;259,95
01.07.2022 18:00;01.07.2022 19:00;289,07
01.07.2022 19:00;01.07.2022 20:00;329,39
01.07.2022 20:00;01.07.2022 21:00;359,56
01.07.2022 21:00;01.07.2022 22:00;356,91
01.07.2022 22:00;01.07.2022 23:00;385,0
01.07.2022 23:00;02.07.2022 00:00;362,3
02.07.2022 00:00;02.07.2022 01:00;285,72
02.07.2022 01:00;02.07.2022 02:00;255,0
02.07.2022 02:00;02.07.2022 03:00;237,2
02.07.2022 03:00;02.07.2022 04:00;230,71
02.07.2022 04:00;02.07.2022 05:00;222,31
02.07.2022 05:00;02.07.2022 06:00;214,2
02.07.2022 06:00;02.07.2022 07:00;233,84
02.07.2022 07:00;02.07.2022 08:00;244,56
02.07.2022 08:00;02.07.2022 09:00;208,6
02.07.2022 09:00;02.07.2022 10:00;154,08
02.07.2022 10:00;02.07.2022 11:00;125,0
02.07.2022 11:00;02.07.2022 12:00;113,85
02.07.2022 12:00;02.07.2022 13:00;89,37
02.07.2022 13:00;02.07.2022 14:00;76,33
02.07.2022 14:00;02.07.2022 15:00;89,34
02.07.2022 15:00;02.07.2022 16:00;89,17
02.07.2022 16:00;02.07.2022 17:00;131,11
02.07.2022 17:00;02.07.2022 18:00;240,3
02.07.2022 18:00;02.07.2022 19:00;285,03
02.07.2022 19:00;02.07.2022 20:00;350,0
02.07.2022 20:00;02.07.2022 21:00;362,85
02.07.2022 21:00;02.07.2022 22:00;359,96
02.07.2022 22:00;02.07.2022 23:00;353,44
02.07.2022 23:00;03.07.2022 00:00;302,17
03.07.2022 00:00;03.07.2022 01:00;270,08
03.07.2022 01:00;03.07.2022 02:00;237,95
03.07.2022 02:00;03.07.2022 03:00;199,08
03.07.2022 03:00;03.07.2022 04:00;195,6
03.07.2022 04:00;03.07.2022 05:00;185,6
03.07.2022 05:00;03.07.2022 06:00;182,71
03.07.2022 06:00;03.07.2022 07:00;176,71
03.07.2022 07:00;03.07.2022 08:00;192,31
03.07.2022 08:00;03.07.2022 09:00;185,07
03.07.2022 09:00;03.07.2022 10:00;170,26
03.07.2022 10:00;03.07.2022 11:00;128,2
03.07.2022 11:00;03.07.2022 12:00;107,43
03.07.2022 12:00;03.07.2022 13:00;93,1
03.07.2022 13:00;03.07.2022 14:00;68,55
03.07.2022 14:00;03.07.2022 15:00;65,82
03.07.2022 15:00;03.07.2022 16:00;74,46
03.07.2022 16:00;03.07.2022 17:00;123,8
03.07.2022 17:00;03.07.2022 18:00;175,99
03.07.2022 18:00;03.07.2022 19:00;272,77
03.07.2022 19:00;03.07.2022 20:00;327,0
03.07.2022 20:00;03.07.2022 21:00;340,1
03.07.2022 21:00;03.07.2022 22:00;348,43
03.07.2022 22:00;03.07.2022 23:00;348,45
03.07.2022 23:00;04.07.2022 00:00;333,06
04.07.2022 00:00;04.07.2022 01:00;319,65
04.07.2022 01:00;04.07.2022 02:00;277,83
04.07.2022 02:00;04.07.2022 03:00;265,16
04.07.2022 03:00;04.07.2022 04:00;254,35
04.07.2022 04:00;04.07.2022 05:00;258,03
04.07.2022 05:00;04.07.2022 06:00;302,44
04.07.2022 06:00;04.07.2022 07:00;361,88
04.07.2022 07:00;04.07.2022 08:00;376,0
04.07.2022 08:00;04.07.2022 09:00;385,17
04.07.2022 09:00;04.07.2022 10:00;366,0
04.07.2022 10:00;04.07.2022 11:00;291,7
04.07.2022 11:00;04.07.2022 12:00;221,3
04.07.2022 12:00;04.07.2022 13:00;181,8
04.07.2022 13:00;04.07.2022 14:00;184,36
04.07.2022 14:00;04.07.2022 15:00;172,35
04.07.2022 15:00;04.07.2022 16:00;171,19
04.07.2022 16:00;04.07.2022 17:00;182,64
04.07.2022 17:00;04.07.2022 18:00;211,1
04.07.2022 18:00;04.07.2022 19:00;329,99
04.07.2022 19:00;04.07.2022 20:00;379,62
04.07.2022 20:00;04.07.2022 21:00;398,72
04.07.2022 21:00;04.07.2022 22:00;385,52
04.07.2022 22:00;04.07.2022 23:00;396,92
04.07.2022 23:00;05.07.2022 00:00;379,64
05.07.2022 00:00;05.07.2022 01:00;359,96
05.07.2022 01:00;05.07.2022 02:00;319,24
05.07.2022 02:00;05.07.2022 03:00;309,33
05.07.2022 03:00;05.07.2022 04:00;301,08
05.07.2022 04:00;05.07.2022 05:00;299,91
05.07.2022 05:00;05.07.2022 06:00;324,82
05.07.2022 06:00;05.07.2022 07:00;380,47
05.07.2022 07:00;05.07.2022 08:00;412,59
05.07.2022 08:00;05.07.2022 09:00;409,61
05.07.2022 09:00;05.07.2022 10:00;338,68
05.07.2022 10:00;05.07.2022 11:00;283,72
05.07.2022 11:00;05.07.2022 12:00;286,6
05.07.2022 12:00;05.07.2022 13:00;243,95
05.07.2022 13:00;05.07.2022 14:00;227,94
05.07.2022 14:00;05.07.2022 15:00;210,95
05.07.2022 15:00;05.07.2022 16:00;213,06
05.07.2022 16:00;05.07.2022 17:00;237,8
05.07.2022 17:00;05.07.2022 18:00;301,14
05.07.2022 18:00;05.07.2022 19:00;336,25
05.07.2022 19:00;05.07.2022 20:00;363,98
05.07.2022 20:00;05.07.2022 21:00;370,0
05.07.2022 21:00;05.07.2022 22:00;370,4
05.07.2022 22:00;05.07.2022 23:00;378,29
05.07.2022 23:00;06.07.2022 00:00;361,16
06.07.2022 00:00;06.07.2022 01:00;351,39
06.07.2022 01:00;06.07.2022 02:00;309,3
06.07.2022 02:00;06.07.2022 03:00;293,84
06.07.2022 03:00;06.07.2022 04:00;280,18
06.07.2022 04:00;06.07.2022 05:00;299,44
06.07.2022 05:00;06.07.2022 06:00;322,79
06.07.2022 06:00;06.07.2022 07:00;389,83
06.07.2022 07:00;06.07.2022 08:00;413,89
06.07.2022 08:00;06.07.2022 09:00;406,93
06.07.2022 09:00;06.07.2022 10:00;355,89
06.07.2022 10:00;06.07.2022 11:00;287,9
06.07.2022 11:00;06.07.2022 12:00;265,29
06.07.2022 12:00;06.07.2022 13:00;230,68
06.07.2022 13:00;06.07.2022 14:00;204,77
06.07.2022 14:00;06.07.2022 15:00;172,44
06.07.2022 15:00;06.07.2022 16:00;163,21
06.07.2022 16:00;06.07.2022 17:00;180,04
06.07.2022 17:00;06.07.2022 18:00;239,08
06.07.2022 18:00;06.07.2022 19:00;313,06
06.07.2022 19:00;06.07.2022 20:00;376,09
06.07.2022 20:00;06.07.2022 21:00;387,46
06.07.2022 21:00;06.07.2022 22:00;381,59
06.07.2022 22:00;06.07.2022 23:00;379,91
06.07.2022 23:00;07.07.2022 00:00;279,85
07.07.2022 00:00;07.07.2022 01:00;267,5
07.07.2022 01:00;07.07.2022 02:00;209,0
07.07.2022 02:00;07.07.2022 03:00;195,77
07.07.2022 03:00;07.07.2022 04:00;189,58
07.07.2022 04:00;07.07.2022 05:00;186,88
07.07.2022 05:00;07.07.2022 06:00;190,77
07.07.2022 06:00;07.07.2022 07:00;223,6
07.07.2022 07:00;07.07.2022 08:00;282,38
07.07.2022 08:00;07.07.2022 09:00;296,72
07.07.2022 09:00;07.07.2022 10:00;256,0
07.07.2022 10:00;07.07.2022 11:00;235,48
07.07.2022 11:00;07.07.2022 12:00;220,0
07.07.2022 12:00;07.07.2022 13:00;201,99
07.07.2022 13:00;07.07.2022 14:00;190,48
07.07.2022 14:00;07.07.2022 15:00;165,62
07.07.2022 15:00;07.07.2022 16:00;159,07
07.07.2022 16:00;07.07.2022 17:00;155,02
07.07.2022 17:00;07.07.2022 18:00;169,68
07.07.2022 18:00;07.07.2022 19:00;179,01
07.07.2022 19:00;07.07.2022 20:00;197,23
07.07.2022 20:00;07.07.2022 21:00;242,42
07.07.2022 21:00;07.07.2022 22:00;258,96
07.07.2022 22:00;07.07.2022 23:00;246,15
07.07.2022 23:00;08.07.2022 00:00;197,94
08.07.2022 00:00;08.07.2022 01:00;200,08
08.07.2022 01:00;08.07.2022 02:00;224,05
08.07.2022 02:00;08.07.2022 03:00;228,55
08.07.2022 03:00;08.07.2022 04:00;227,26
08.07.2022 04:00;08.07.2022 05:00;210,33
08.07.2022 05:00;08.07.2022 06:00;248,33
08.07.2022 06:00;08.07.2022 07:00;371,95
08.07.2022 07:00;08.07.2022 08:00;418,92
08.07.2022 08:00;08.07.2022 09:00;420,67
08.07.2022 09:00;08.07.2022 10:00;351,7
08.07.2022 10:00;08.07.2022 11:00;318,59
08.07.2022 11:00;08.07.2022 12:00;272,28
08.07.2022 12:00;08.07.2022 13:00;215,05
08.07.2022 13:00;08.07.2022 14:00;210,59
08.07.2022 14:00;08.07.2022 15:00;178,56
08.07.2022 15:00;08.07.2022 16:00;207,56
08.07.2022 16:00;08.07.2022 17:00;210,02
08.07.2022 17:00;08.07.2022 18:00;258,71
08.07.2022 18:00;08.07.2022 19:00;319,26
08.07.2022 19:00;08.07.2022 20:00;387,92
08.07.2022 20:00;08.07.2022 21:00;410,89
08.07.2022 21:00;08.07.2022 22:00;422,59
08.07.2022 22:00;08.07.2022 23:00;416,11
08.07.2022 23:00;09.07.2022 00:00;372,0
09.07.2022 00:00;09.07.2022 01:00;350,0
09.07.2022 01:00;09.07.2022 02:00;283,47
09.07.2022 02:00;09.07.2022 03:00;221,32
09.07.2022 03:00;09.07.2022 04:00;216,81
09.07.2022 04:00;09.07.2022 05:00;203,12
09.07.2022 05:00;09.07.2022 06:00;209,86
09.07.2022 06:00;09.07.2022 07:00;241,95
09.07.2022 07:00;09.07.2022 08:00;247,14
09.07.2022 08:00;09.07.2022 09:00;241,43
09.07.2022 09:00;09.07.2022 10:00;179,83
09.07.2022 10:00;09.07.2022 11:00;154,72
09.07.2022 11:00;09.07.2022 12:00;136,51
09.07.2022 12:00;09.07.2022 13:00;93,54
09.07.2022 13:00;09.07.2022 14:00;74,35
09.07.2022 14:00;09.07.2022 15:00;21,94
09.07.2022 15:00;09.07.2022 16:00;11,94
09.07.2022 16:00;09.07.2022 17:00;16,03
09.07.2022 17:00;09.07.2022 18:00;64,84
09.07.2022 18:00;09.07.2022 19:00;90,02
09.07.2022 19:00;09.07.2022 20:00;94,98
09.07.2022 20:00;09.07.2022 21:00;100,86
09.07.2022 21:00;09.07.2022 22:00;100,59
09.07.2022 22:00;09.07.2022 23:00;120,16
09.07.2022 23:00;10.07.2022 00:00;79,89
10.07.2022 00:00;10.07.2022 01:00;77,12
10.07.2022 01:00;10.07.2022 02:00;49,32
10.07.2022 02:00;10.07.2022 03:00;50,03
10.07.2022 03:00;10.07.2022 04:00;31,39
10.07.2022 04:00;10.07.2022 05:00;63,31
10.07.2022 05:00;10.07.2022 06:00;58,57
10.07.2022 06:00;10.07.2022 07:00;67,67
10.07.2022 07:00;10.07.2022 08:00;41,89
10.07.2022 08:00;10.07.2022 09:00;36,75
10.07.2022 09:00;10.07.2022 10:00;30,01
10.07.2022 10:00;10.07.2022 11:00;30,08
10.07.2022 11:00;10.07.2022 12:00;49,77
10.07.2022 12:00;10.07.2022 13:00;20,0
10.07.2022 13:00;10.07.2022 14:00;19,14
10.07.2022 14:00;10.07.2022 15:00;11,85
10.07.2022 15:00;10.07.2022 16:00;21,31
10.07.2022 16:00;10.07.2022 17:00;40,29
10.07.2022 17:00;10.07.2022 18:00;77,11
10.07.2022 18:00;10.07.2022 19:00;157,13
10.07.2022 19:00;10.07.2022 20:00;322,13
10.07.2022 20:00;10.07.2022 21:00;369,9
10.07.2022 21:00;10.07.2022 22:00;378,07
10.07.2022 22:00;10.07.2022 23:00;389,17
10.07.2022 23:00;11.07.2022 00:00;371,92
11.07.2022 00:00;11.07.2022 01:00;320,08
11.07.2022 01:00;11.07.2022 02:00;278,0
11.07.2022 02:00;11.07.2022 03:00;275,96
11.07.2022 03:00;11.07.2022 04:00;269,27
11.07.2022 04:00;11.07.2022 05:00;272,15
11.07.2022 05:00;11.07.2022 06:00;298,0
11.07.2022 06:00;11.07.2022 07:00;395,95
11.07.2022 07:00;11.07.2022 08:00;415,08
11.07.2022 08:00;11.07.2022 09:00;433,97
11.07.2022 09:00;11.07.2022 10:00;416,32
11.07.2022 10:00;11.07.2022 11:00;404,98
11.07.2022 11:00;11.07.2022 12:00;396,9
11.07.2022 12:00;11.07.2022 13:00;380,42
11.07.2022 13:00;11.07.2022 14:00;369,28
11.07.2022 14:00;11.07.2022 15:00;333,76
11.07.2022 15:00;11.07.2022 16:00;332,61
11.07.2022 16:00;11.07.2022 17:00;319,82
11.07.2022 17:00;11.07.2022 18:00;375,48
11.07.2022 18:00;11.07.2022 19:00;405,0
11.07.2022 19:00;11.07.2022 20:00;458,03
11.07.2022 20:00;11.07.2022 21:00;469,9
11.07.2022 21:00;11.07.2022 22:00;452,12
11.07.2022 22:00;11.07.2022 23:00;450,05
11.07.2022 23:00;12.07.2022 00:00;419,15
12.07.2022 00:00;12.07.2022 01:00;395,49
12.07.2022 01:00;12.07.2022 02:00;349,57
12.07.2022 02:00;12.07.2022 03:00;330,04
12.07.2022 03:00;12.07.2022 04:00;331,5
12.07.2022 04:00;12.07.2022 05:00;334,34
12.07.2022 05:00;12.07.2022 06:00;362,1
12.07.2022 06:00;12.07.2022 07:00;419,64
12.07.2022 07:00;12.07.2022 08:00;453,66
12.07.2022 08:00;12.07.2022 09:00;448,9
12.07.2022 09:00;12.07.2022 10:00;382,42
12.07.2022 10:00;12.07.2022 11:00;328,74
12.07.2022 11:00;12.07.2022 12:00;338,32
12.07.2022 12:00;12.07.2022 13:00;297,47
12.07.2022 13:00;12.07.2022 14:00;260,07
12.07.2022 14:00;12.07.2022 15:00;262,23
12.07.2022 15:00;12.07.2022 16:00;287,22
12.07.2022 16:00;12.07.2022 17:00;314,81
12.07.2022 17:00;12.07.2022 18:00;395,9
12.07.2022 18:00;12.07.2022 19:00;429,08
12.07.2022 19:00;12.07.2022 20:00;481,59
12.07.2022 20:00;12.07.2022 21:00;506,69
12.07.2022 21:00;12.07.2022 22:00;480,0
12.07.2022 22:00;12.07.2022 23:00;470,0
12.07.2022 23:00;13.07.2022 00:00;404,09
13.07.2022 00:00;13.07.2022 01:00;416,05
13.07.2022 01:00;13.07.2022 02:00;365,61
13.07.2022 02:00;13.07.2022 03:00;325,34
13.07.2022 03:00;13.07.2022 04:00;339,99
13.07.2022 04:00;13.07.2022 05:00;325,04
13.07.2022 05:00;13.07.2022 06:00;332,22
13.07.2022 06:00;13.07.2022 07:00;411,97
13.07.2022 07:00;13.07.2022 08:00;435,0
13.07.2022 08:00;13.07.2022 09:00;456,57
13.07.2022 09:00;13.07.2022 10:00;423,14
13.07.2022 10:00;13.07.2022 11:00;365,76
13.07.2022 11:00;13.07.2022 12:00;350,25
13.07.2022 12:00;13.07.2022 13:00;273,05
13.07.2022 13:00;13.07.2022 14:00;246,1
13.07.2022 14:00;13.07.2022 15:00;190,02
13.07.2022 15:00;13.07.2022 16:00;183,63
13.07.2022 16:00;13.07.2022 17:00;211,39
13.07.2022 17:00;13.07.2022 18:00;294,48
13.07.2022 18:00;13.07.2022 19:00;370,44
13.07.2022 19:00;13.07.2022 20:00;431,7
13.07.2022 20:00;13.07.2022 21:00;448,22
13.07.2022 21:00;13.07.2022 22:00;446,34
13.07.2022 22:00;13.07.2022 23:00;435,93
13.07.2022 23:00;14.07.2022 00:00;373,57
14.07.2022 00:00;14.07.2022 01:00;400,44
14.07.2022 01:00;14.07.2022 02:00;378,06
14.07.2022 02:00;14.07.2022 03:00;345,47
14.07.2022 03:00;14.07.2022 04:00;334,1
14.07.2022 04:00;14.07.2022 05:00;335,01
14.07.2022 05:00;14.07.2022 06:00;371,63
14.07.2022 06:00;14.07.2022 07:00;421,32
14.07.2022 07:00;14.07.2022 08:00;433,31
14.07.2022 08:00;14.07.2022 09:00;434,07
14.07.2022 09:00;14.07.2022 10:00;419,94
14.07.2022 10:00;14.07.2022 11:00;379,9
14.07.2022 11:00;14.07.2022 12:00;355,93
14.07.2022 12:00;14.07.2022 13:00;301,49
14.07.2022 13:00;14.07.2022 14:00;274,85
14.07.2022 14:00;14.07.2022 15:00;239,44
14.07.2022 15:00;14.07.2022 16:00;254,96
14.07.2022 16:00;14.07.2022 17:00;282,6
14.07.2022 17:00;14.07.2022 18:00;346,37
14.07.2022 18:00;14.07.2022 19:00;394,63
14.07.2022 19:00;14.07.2022 20:00;420,92
14.07.2022 20:00;14.07.2022 21:00;436,27
14.07.2022 21:00;14.07.2022 22:00;433,93
14.07.2022 22:00;14.07.2022 23:00;422,39
14.07.2022 23:00;15.07.2022 00:00;400,04
15.07.2022 00:00;15.07.2022 01:00;350,0
15.07.2022 01:00;15.07.2022 02:00;320,07
15.07.2022 02:00;15.07.2022 03:00;298,49
15.07.2022 03:00;15.07.2022 04:00;305,01
15.07.2022 04:00;15.07.2022 05:00;307,55
15.07.2022 05:00;15.07.2022 06:00;330,0
15.07.2022 06:00;15.07.2022 07:00;404,9
15.07.2022 07:00;15.07.2022 08:00;429,92
15.07.2022 08:00;15.07.2022 09:00;416,65
15.07.2022 09:00;15.07.2022 10:00;334,06
15.07.2022 10:00;15.07.2022 11:00;262,45
15.07.2022 11:00;15.07.2022 12:00;243,92
15.07.2022 12:00;15.07.2022 13:00;218,1
15.07.2022 13:00;15.07.2022 14:00;190,0
15.07.2022 14:00;15.07.2022 15:00;191,8
15.07.2022 15:00;15.07.2022 16:00;222,15
15.07.2022 16:00;15.07.2022 17:00;225,39
15.07.2022 17:00;15.07.2022 18:00;335,35
15.07.2022 18:00;15.07.2022 19:00;409,07
15.07.2022 19:00;15.07.2022 20:00;421,86
15.07.2022 20:00;15.07.2022 21:00;430,45
15.07.2022 21:00;15.07.2022 22:00;433,99
15.07.2022 22:00;15.07.2022 23:00;432,89
15.07.2022 23:00;16.07.2022 00:00;404,09
16.07.2022 00:00;16.07.2022 01:00;384,91
16.07.2022 01:00;16.07.2022 02:00;349,96
16.07.2022 02:00;16.07.2022 03:00;289,8
16.07.2022 03:00;16.07.2022 04:00;252,86
16.07.2022 04:00;16.07.2022 05:00;236,19
16.07.2022 05:00;16.07.2022 06:00;233,1
16.07.2022 06:00;16.07.2022 07:00;211,55
16.07.2022 07:00;16.07.2022 08:00;199,74
16.07.2022 08:00;16.07.2022 09:00;139,93
16.07.2022 09:00;16.07.2022 10:00;52,49
16.07.2022 10:00;16.07.2022 11:00;35,53
16.07.2022 11:00;16.07.2022 12:00;1,07
16.07.2022 12:00;16.07.2022 13:00;0,07
16.07.2022 13:00;16.07.2022 14:00;-0,05
16.07.2022 14:00;16.07.2022 15:00;-0,1
16.07.2022 15:00;16.07.2022 16:00;0,0
16.07.2022 16:00;16.07.2022 17:00;1,03
16.07.2022 17:00;16.07.2022 18:00;31,66
16.07.2022 18:00;16.07.2022 19:00;143,75
16.07.2022 19:00;16.07.2022 20:00;264,3
16.07.2022 20:00;16.07.2022 21:00;334,25
16.07.2022 21:00;16.07.2022 22:00;344,13
16.07.2022 22:00;16.07.2022 23:00;357,55
16.07.2022 23:00;17.07.2022 00:00;331,77
17.07.2022 00:00;17.07.2022 01:00;290,06
17.07.2022 01:00;17.07.2022 02:00;240,8
17.07.2022 02:00;17.07.2022 03:00;200,64
17.07.2022 03:00;17.07.2022 04:00;192,63
17.07.2022 04:00;17.07.2022 05:00;193,81
17.07.2022 05:00;17.07.2022 06:00;190,46
17.07.2022 06:00;17.07.2022 07:00;195,02
17.07.2022 07:00;17.07.2022 08:00;190,14
17.07.2022 08:00;17.07.2022 09:00;189,51
17.07.2022 09:00;17.07.2022 10:00;164,0
17.07.2022 10:00;17.07.2022 11:00;115,77
17.07.2022 11:00;17.07.2022 12:00;110,21
17.07.2022 12:00;17.07.2022 13:00;87,59
17.07.2022 13:00;17.07.2022 14:00;72,92
17.07.2022 14:00;17.07.2022 15:00;40,02
17.07.2022 15:00;17.07.2022 16:00;83,42
17.07.2022 16:00;17.07.2022 17:00;109,3
17.07.2022 17:00;17.07.2022 18:00;200,89
17.07.2022 18:00;17.07.2022 19:00;344,42
17.07.2022 19:00;17.07.2022 20:00;415,01
17.07.2022 20:00;17.07.2022 21:00;426,4
17.07.2022 21:00;17.07.2022 22:00;434,95
17.07.2022 22:00;17.07.2022 23:00;430,02
17.07.2022 23:00;18.07.2022 00:00;406,57
18.07.2022 00:00;18.07.2022 01:00;389,77
18.07.2022 01:00;18.07.2022 02:00;328,49
18.07.2022 02:00;18.07.2022 03:00;299,23
18.07.2022 03:00;18.07.2022 04:00;282,44
18.07.2022 04:00;18.07.2022 05:00;287,08
18.07.2022 05:00;18.07.2022 06:00;305,11
18.07.2022 06:00;18.07.2022 07:00;393,11
18.07.2022 07:00;18.07.2022 08:00;424,94
18.07.2022 08:00;18.07.2022 09:00;401,82
18.07.2022 09:00;18.07.2022 10:00;373,93
18.07.2022 10:00;18.07.2022 11:00;324,03
18.07.2022 11:00;18.07.2022 12:00;303,44
18.07.2022 12:00;18.07.2022 13:00;291,35
18.07.2022 13:00;18.07.2022 14:00;271,57
18.07.2022 14:00;18.07.2022 15:00;277,89
18.07.2022 15:00;18.07.2022 16:00;279,97
18.07.2022 16:00;18.07.2022 17:00;386,25
18.07.2022 17:00;18.07.2022 18:00;455,42
18.07.2022 18:00;18.07.2022 19:00;512,56
18.07.2022 19:00;18.07.2022 20:00;637,64
18.07.2022 20:00;18.07.2022 21:00;679,54
18.07.2022 21:00;18.07.2022 22:00;600,0
18.07.2022 22:00;18.07.2022 23:00;530,13
18.07.2022 23:00;19.07.2022 00:00;469,86
19.07.2022 00:00;19.07.2022 01:00;402,46
19.07.2022 01:00;19.07.2022 02:00;368,99
19.07.2022 02:00;19.07.2022 03:00;336,39
19.07.2022 03:00;19.07.2022 04:00;325,24
19.07.2022 04:00;19.07.2022 05:00;318,72
19.07.2022 05:00;19.07.2022 06:00;350,98
19.07.2022 06:00;19.07.2022 07:00;440,0
19.07.2022 07:00;19.07.2022 08:00;483,43
19.07.2022 08:00;19.07.2022 09:00;452,95
19.07.2022 09:00;19.07.2022 10:00;385,6
19.07.2022 10:00;19.07.2022 11:00;364,07
19.07.2022 11:00;19.07.2022 12:00;342,88
19.07.2022 12:00;19.07.2022 13:00;344,33
19.07.2022 13:00;19.07.2022 14:00;339,53
19.07.2022 14:00;19.07.2022 15:00;322,72
19.07.2022 15:00;19.07.2022 16:00;348,17
19.07.2022 16:00;19.07.2022 17:00;380,01
19.07.2022 17:00;19.07.2022 18:00;443,42
19.07.2022 18:00;19.07.2022 19:00;484,1
19.07.2022 19:00;19.07.2022 20:00;581,25
19.07.2022 20:00;19.07.2022 21:00;570,05
19.07.2022 21:00;19.07.2022 22:00;466,15
19.07.2022 22:00;19.07.2022 23:00;392,7
19.07.2022 23:00;20.07.2022 00:00;285,91
20.07.2022 00:00;20.07.2022 01:00;268,35
20.07.2022 01:00;20.07.2022 02:00;241,92
20.07.2022 02:00;20.07.2022 03:00;234,63
20.07.2022 03:00;20.07.2022 04:00;236,89
20.07.2022 04:00;20.07.2022 05:00;235,99
20.07.2022 05:00;20.07.2022 06:00;280,09
20.07.2022 06:00;20.07.2022 07:00;377,03
20.07.2022 07:00;20.07.2022 08:00;425,07
20.07.2022 08:00;20.07.2022 09:00;394,46
20.07.2022 09:00;20.07.2022 10:00;334,09
20.07.2022 10:00;20.07.2022 11:00;299,15
20.07.2022 11:00;20.07.2022 12:00;230,98
20.07.2022 12:00;20.07.2022 13:00;228,72
20.07.2022 13:00;20.07.2022 14:00;235,91
20.07.2022 14:00;20.07.2022 15:00;238,46
20.07.2022 15:00;20.07.2022 16:00;287,4
20.07.2022 16:00;20.07.2022 17:00;319,97
20.07.2022 17:00;20.07.2022 18:00;380,32
20.07.2022 18:00;20.07.2022 19:00;439,1
20.07.2022 19:00;20.07.2022 20:00;513,99
20.07.2022 20:00;20.07.2022 21:00;526,26
20.07.2022 21:00;20.07.2022 22:00;467,73
20.07.2022 22:00;20.07.2022 23:00;413,57
20.07.2022 23:00;21.07.2022 00:00;374,83
21.07.2022 00:00;21.07.2022 01:00;336,0
21.07.2022 01:00;21.07.2022 02:00;328,74
21.07.2022 02:00;21.07.2022 03:00;332,29
21.07.2022 03:00;21.07.2022 04:00;335,67
21.07.2022 04:00;21.07.2022 05:00;327,24
21.07.2022 05:00;21.07.2022 06:00;334,0
21.07.2022 06:00;21.07.2022 07:00;436,95
21.07.2022 07:00;21.07.2022 08:00;493,88
21.07.2022 08:00;21.07.2022 09:00;488,31
21.07.2022 09:00;21.07.2022 10:00;462,98
21.07.2022 10:00;21.07.2022 11:00;431,95
21.07.2022 11:00;21.07.2022 12:00;381,09
21.07.2022 12:00;21.07.2022 13:00;346,06
21.07.2022 13:00;21.07.2022 14:00;319,96
21.07.2022 14:00;21.07.2022 15:00;314,82
21.07.2022 15:00;21.07.2022 16:00;307,94
21.07.2022 16:00;21.07.2022 17:00;337,08
21.07.2022 17:00;21.07.2022 18:00;346,19
21.07.2022 18:00;21.07.2022 19:00;427,87
21.07.2022 19:00;21.07.2022 20:00;488,71
21.07.2022 20:00;21.07.2022 21:00;515,45
21.07.2022 21:00;21.07.2022 22:00;495,18
21.07.2022 22:00;21.07.2022 23:00;513,29
21.07.2022 23:00;22.07.2022 00:00;419,96
22.07.2022 00:00;22.07.2022 01:00;372,69
22.07.2022 01:00;22.07.2022 02:00;334,1
22.07.2022 02:00;22.07.2022 03:00;333,41
22.07.2022 03:00;22.07.2022 04:00;327,35
22.07.2022 04:00;22.07.2022 05:00;328,25
22.07.2022 05:00;22.07.2022 06:00;336,95
22.07.2022 06:00;22.07.2022 07:00;409,88
22.07.2022 07:00;22.07.2022 08:00;450,9
22.07.2022 08:00;22.07.2022 09:00;436,92
22.07.2022 09:00;22.07.2022 10:00;409,4
22.07.2022 10:00;22.07.2022 11:00;342,65
22.07.2022 11:00;22.07.2022 12:00;334,03
22.07.2022 12:00;22.07.2022 13:00;307,56
22.07.2022 13:00;22.07.2022 14:00;274,04
22.07.2022 14:00;22.07.2022 15:00;275,57
22.07.2022 15:00;22.07.2022 16:00;300,99
22.07.2022 16:00;22.07.2022 17:00;301,09
22.07.2022 17:00;22.07.2022 18:00;391,04
22.07.2022 18:00;22.07.2022 19:00;450,56
22.07.2022 19:00;22.07.2022 20:00;479,99
22.07.2022 20:00;22.07.2022 21:00;480,9
22.07.2022 21:00;22.07.2022 22:00;494,6
22.07.2022 22:00;22.07.2022 23:00;461,04
22.07.2022 23:00;23.07.2022 00:00;424,92
23.07.2022 00:00;23.07.2022 01:00;404,56
23.07.2022 01:00;23.07.2022 02:00;344,67
23.07.2022 02:00;23.07.2022 03:00;351,99
23.07.2022 03:00;23.07.2022 04:00;337,01
23.07.2022 04:00;23.07.2022 05:00;332,04
23.07.2022 05:00;23.07.2022 06:00;331,27
23.07.2022 06:00;23.07.2022 07:00;337,03
23.07.2022 07:00;23.07.2022 08:00;333,12
23.07.2022 08:00;23.07.2022 09:00;343,78
23.07.2022 09:00;23.07.2022 10:00;350,96
23.07.2022 10:00;23.07.2022 11:00;337,02
23.07.2022 11:00;23.07.2022 12:00;307,36
23.07.2022 12:00;23.07.2022 13:00;285,06
23.07.2022 13:00;23.07.2022 14:00;242,73
23.07.2022 14:00;23.07.2022 15:00;183,97
23.07.2022 15:00;23.07.2022 16:00;185,45
23.07.2022 16:00;23.07.2022 17:00;226,44
23.07.2022 17:00;23.07.2022 18:00;285,03
23.07.2022 18:00;23.07.2022 19:00;336,02
23.07.2022 19:00;23.07.2022 20:00;372,87
23.07.2022 20:00;23.07.2022 21:00;402,15
23.07.2022 21:00;23.07.2022 22:00;405,61
23.07.2022 22:00;23.07.2022 23:00;396,9
23.07.2022 23:00;24.07.2022 00:00;366,61
24.07.2022 00:00;24.07.2022 01:00;393,26
24.07.2022 01:00;24.07.2022 02:00;379,24
24.07.2022 02:00;24.07.2022 03:00;355,06
24.07.2022 03:00;24.07.2022 04:00;331,0
24.07.2022 04:00;24.07.2022 05:00;316,18
24.07.2022 05:00;24.07.2022 06:00;302,82
24.07.2022 06:00;24.07.2022 07:00;272,76
24.07.2022 07:00;24.07.2022 08:00;260,93
24.07.2022 08:00;24.07.2022 09:00;222,42
24.07.2022 09:00;24.07.2022 10:00;162,89
24.07.2022 10:00;24.07.2022 11:00;149,99
24.07.2022 11:00;24.07.2022 12:00;100,16
24.07.2022 12:00;24.07.2022 13:00;71,72
24.07.2022 13:00;24.07.2022 14:00;58,48
24.07.2022 14:00;24.07.2022 15:00;48,77
24.07.2022 15:00;24.07.2022 16:00;64,4
24.07.2022 16:00;24.07.2022 17:00;120,06
24.07.2022 17:00;24.07.2022 18:00;255,88
24.07.2022 18:00;24.07.2022 19:00;355,02
24.07.2022 19:00;24.07.2022 20:00;390,4
24.07.2022 20:00;24.07.2022 21:00;418,85
24.07.2022 21:00;24.07.2022 22:00;433,15
24.07.2022 22:00;24.07.2022 23:00;417,16
24.07.2022 23:00;25.07.2022 00:00;374,48
25.07.2022 00:00;25.07.2022 01:00;346,4
25.07.2022 01:00;25.07.2022 02:00;276,76
25.07.2022 02:00;25.07.2022 03:00;264,97
25.07.2022 03:00;25.07.2022 04:00;266,03
25.07.2022 04:00;25.07.2022 05:00;261,71
25.07.2022 05:00;25.07.2022 06:00;286,29
25.07.2022 06:00;25.07.2022 07:00;375,08
25.07.2022 07:00;25.07.2022 08:00;410,14
25.07.2022 08:00;25.07.2022 09:00;412,34
25.07.2022 09:00;25.07.2022 10:00;350,64
25.07.2022 10:00;25.07.2022 11:00;295,58
25.07.2022 11:00;25.07.2022 12:00;265,25
25.07.2022 12:00;25.07.2022 13:00;235,09
25.07.2022 13:00;25.07.2022 14:00;231,32
25.07.2022 14:00;25.07.2022 15:00;222,45
25.07.2022 15:00;25.07.2022 16:00;203,61
25.07.2022 16:00;25.07.2022 17:00;259,43
25.07.2022 17:00;25.07.2022 18:00;266,29
25.07.2022 18:00;25.07.2022 19:00;333,55
25.07.2022 19:00;25.07.2022 20:00;379,2
25.07.2022 20:00;25.07.2022 21:00;383,81
25.07.2022 21:00;25.07.2022 22:00;386,86
25.07.2022 22:00;25.07.2022 23:00;391,69
25.07.2022 23:00;26.07.2022 00:00;330,98
26.07.2022 00:00;26.07.2022 01:00;330,38
26.07.2022 01:00;26.07.2022 02:00;316,03
26.07.2022 02:00;26.07.2022 03:00;276,85
26.07.2022 03:00;26.07.2022 04:00;292,79
26.07.2022 04:00;26.07.2022 05:00;300,31
26.07.2022 05:00;26.07.2022 06:00;346,94
26.07.2022 06:00;26.07.2022 07:00;408,23
26.07.2022 07:00;26.07.2022 08:00;454,37
26.07.2022 08:00;26.07.2022 09:00;391,64
26.07.2022 09:00;26.07.2022 10:00;293,5
26.07.2022 10:00;26.07.2022 11:00;235,59
26.07.2022 11:00;26.07.2022 12:00;262,81
26.07.2022 12:00;26.07.2022 13:00;200,01
26.07.2022 13:00;26.07.2022 14:00;188,58
26.07.2022 14:00;26.07.2022 15:00;183,1
26.07.2022 15:00;26.07.2022 16:00;179,58
26.07.2022 16:00;26.07.2022 17:00;190,16
26.07.2022 17:00;26.07.2022 18:00;264,3
26.07.2022 18:00;26.07.2022 19:00;350,01
26.07.2022 19:00;26.07.2022 20:00;432,55
26.07.2022 20:00;26.07.2022 21:00;438,97
26.07.2022 21:00;26.07.2022 22:00;447,5
26.07.2022 22:00;26.07.2022 23:00;437,28
26.07.2022 23:00;27.07.2022 00:00;376,27
27.07.2022 00:00;27.07.2022 01:00;405,0
27.07.2022 01:00;27.07.2022 02:00;351,19
27.07.2022 02:00;27.07.2022 03:00;347,08
27.07.2022 03:00;27.07.2022 04:00;349,99
27.07.2022 04:00;27.07.2022 05:00;348,33
27.07.2022 05:00;27.07.2022 06:00;377,14
27.07.2022 06:00;27.07.2022 07:00;460,0
27.07.2022 07:00;27.07.2022 08:00;499,94
27.07.2022 08:00;27.07.2022 09:00;492,41
27.07.2022 09:00;27.07.2022 10:00;434,99
27.07.2022 10:00;27.07.2022 11:00;425,61
27.07.2022 11:00;27.07.2022 12:00;418,4
27.07.2022 12:00;27.07.2022 13:00;389,92
27.07.2022 13:00;27.07.2022 14:00;348,89
27.07.2022 14:00;27.07.2022 15:00;337,95
27.07.2022 15:00;27.07.2022 16:00;353,31
27.07.2022 16:00;27.07.2022 17:00;371,24
27.07.2022 17:00;27.07.2022 18:00;429,65
27.07.2022 18:00;27.07.2022 19:00;500,91
27.07.2022 19:00;27.07.2022 20:00;532,67
27.07.2022 20:00;27.07.2022 21:00;549,87
27.07.2022 21:00;27.07.2022 22:00;529,36
27.07.2022 22:00;27.07.2022 23:00;504,98
27.07.2022 23:00;28.07.2022 00:00;428,97
28.07.2022 00:00;28.07.2022 01:00;437,79
28.07.2022 01:00;28.07.2022 02:00;400,91
28.07.2022 02:00;28.07.2022 03:00;399,97
28.07.2022 03:00;28.07.2022 04:00;399,71
28.07.2022 04:00;28.07.2022 05:00;399,97
28.07.2022 05:00;28.07.2022 06:00;400,04
28.07.2022 06:00;28.07.2022 07:00;493,93
28.07.2022 07:00;28.07.2022 08:00;559,28
28.07.2022 08:00;28.07.2022 09:00;539,56
28.07.2022 09:00;28.07.2022 10:00;501,42
28.07.2022 10:00;28.07.2022 11:00;451,16
28.07.2022 11:00;28.07.2022 12:00;418,45
28.07.2022 12:00;28.07.2022 13:00;426,07
28.07.2022 13:00;28.07.2022 14:00;409,58
28.07.2022 14:00;28.07.2022 15:00;425,1
28.07.2022 15:00;28.07.2022 16:00;433,66
28.07.2022 16:00;28.07.2022 17:00;454,39
28.07.2022 17:00;28.07.2022 18:00;513,93
28.07.2022 18:00;28.07.2022 19:00;563,85
28.07.2022 19:00;28.07.2022 20:00;598,94
28.07.2022 20:00;28.07.2022 21:00;586,99
28.07.2022 21:00;28.07.2022 22:00;557,43
28.07.2022 22:00;28.07.2022 23:00;534,23
28.07.2022 23:00;29.07.2022 00:00;451,72
29.07.2022 00:00;29.07.2022 01:00;400,02
29.07.2022 01:00;29.07.2022 02:00;384,1
29.07.2022 02:00;29.07.2022 03:00;373,81
29.07.2022 03:00;29.07.2022 04:00;388,51
29.07.2022 04:00;29.07.2022 05:00;374,83
29.07.2022 05:00;29.07.2022 06:00;402,61
29.07.2022 06:00;29.07.2022 07:00;463,16
29.07.2022 07:00;29.07.2022 08:00;508,14
29.07.2022 08:00;29.07.2022 09:00;517,17
29.07.2022 09:00;29.07.2022 10:00;503,93
29.07.2022 10:00;29.07.2022 11:00;463,44
29.07.2022 11:00;29.07.2022 12:00;448,93
29.07.2022 12:00;29.07.2022 13:00;394,44
29.07.2022 13:00;29.07.2022 14:00;366,45
29.07.2022 14:00;29.07.2022 15:00;365,04
29.07.2022 15:00;29.07.2022 16:00;404,98
29.07.2022 16:00;29.07.2022 17:00;407,08
29.07.2022 17:00;29.07.2022 18:00;461,52
29.07.2022 18:00;29.07.2022 19:00;489,87
29.07.2022 19:00;29.07.2022 20:00;512,51
29.07.2022 20:00;29.07.2022 21:00;504,33
29.07.2022 21:00;29.07.2022 22:00;484,94
29.07.2022 22:00;29.07.2022 23:00;482,05
29.07.2022 23:00;30.07.2022 00:00;425,74
30.07.2022 00:00;30.07.2022 01:00;425,0
30.07.2022 01:00;30.07.2022 02:00;404,3
30.07.2022 02:00;30.07.2022 03:00;405,0
30.07.2022 03:00;30.07.2022 04:00;395,85
30.07.2022 04:00;30.07.2022 05:00;377,06
30.07.2022 05:00;30.07.2022 06:00;383,98
30.07.2022 06:00;30.07.2022 07:00;406,78
30.07.2022 07:00;30.07.2022 08:00;423,02
30.07.2022 08:00;30.07.2022 09:00;412,72
30.07.2022 09:00;30.07.2022 10:00;388,65
30.07.2022 10:00;30.07.2022 11:00;335,48
30.07.2022 11:00;30.07.2022 12:00;308,54
30.07.2022 12:00;30.07.2022 13:00;268,46
30.07.2022 13:00;30.07.2022 14:00;236,78
30.07.2022 14:00;30.07.2022 15:00;247,78
30.07.2022 15:00;30.07.2022 16:00;291,73
30.07.2022 16:00;30.07.2022 17:00;316,43
30.07.2022 17:00;30.07.2022 18:00;388,44
30.07.2022 18:00;30.07.2022 19:00;425,86
30.07.2022 19:00;30.07.2022 20:00;454,15
30.07.2022 20:00;30.07.2022 21:00;467,71
30.07.2022 21:00;30.07.2022 22:00;466,69
30.07.2022 22:00;30.07.2022 23:00;466,24
30.07.2022 23:00;31.07.2022 00:00;441,93
31.07.2022 00:00;31.07.2022 01:00;382,79
31.07.2022 01:00;31.07.2022 02:00;339,88
31.07.2022 02:00;31.07.2022 03:00;300,1
31.07.2022 03:00;31.07.2022 04:00;293,05
31.07.2022 04:00;31.07.2022 05:00;271,3
31.07.2022 05:00;31.07.2022 06:00;272,41
31.07.2022 06:00;31.07.2022 07:00;261,03
31.07.2022 07:00;31.07.2022 08:00;264,8
31.07.2022 08:00;31.07.2022 09:00;300,01
31.07.2022 09:00;31.07.2022 10:00;286,37
31.07.2022 10:00;31.07.2022 11:00;261,1
31.07.2022 11:00;31.07.2022 12:00;255,76
31.07.2022 12:00;31.07.2022 13:00;263,08
31.07.2022 13:00;31.07.2022 14:00;219,08
31.07.2022 14:00;31.07.2022 15:00;208,74
31.07.2022 15:00;31.07.2022 16:00;226,08
31.07.2022 16:00;31.07.2022 17:00;252,07
31.07.2022 17:00;31.07.2022 18:00;316,01
31.07.2022 18:00;31.07.2022 19:00;394,79
31.07.2022 19:00;31.07.2022 20:00;449,55
31.07.2022 20:00;31.07.2022 21:00;452,95
31.07.2022 21:00;31.07.2022 22:00;464,52
31.07.2022 22:00;31.07.2022 23:00;465,67
31.07.2022 23:00;01.08.2022 00:00;425,89
01.08.2022 00:00;01.08.2022 01:00;385,06
01.08.2022 01:00;01.08.2022 02:00;344,06
01.08.2022 02:00;01.08.2022 03:00;338,81
01.08.2022 03:00;01.08.2022 04:00;320,86
01.08.2022 04:00;01.08.2022 05:00;329,72
01.08.2022 05:00;01.08.2022 06:00;380,0
01.08.2022 06:00;01.08.2022 07:00;429,66
01.08.2022 07:00;01.08.2022 08:00;467,91
01.08.2022 08:00;01.08.2022 09:00;474,9
01.08.2022 09:00;01.08.2022 10:00;459,05
01.08.2022 10:00;01.08.2022 11:00;447,89
01.08.2022 11:00;01.08.2022 12:00;428,22
01.08.2022 12:00;01.08.2022 13:00;392,1
01.08.2022 13:00;01.08.2022 14:00;388,2
01.08.2022 14:00;01.08.2022 15:00;377,4
01.08.2022 15:00;01.08.2022 16:00;385,09
01.08.2022 16:00;01.08.2022 17:00;398,9
01.08.2022 17:00;01.08.2022 18:00;437,25
01.08.2022 18:00;01.08.2022 19:00;461,06
01.08.2022 19:00;01.08.2022 20:00;510,66
01.08.2022 20:00;01.08.2022 21:00;530,88
01.08.2022 21:00;01.08.2022 22:00;524,33
01.08.2022 22:00;01.08.2022 23:00;509,33
01.08.2022 23:00;02.08.2022 00:00;469,58
02.08.2022 00:00;02.08.2022 01:00;440,98
02.08.2022 01:00;02.08.2022 02:00;390,1
02.08.2022 02:00;02.08.2022 03:00;382,1
02.08.2022 03:00;02.08.2022 04:00;359,89
02.08.2022 04:00;02.08.2022 05:00;352,69
02.08.2022 05:00;02.08.2022 06:00;393,03
02.08.2022 06:00;02.08.2022 07:00;457,04
02.08.2022 07:00;02.08.2022 08:00;479,9
02.08.2022 08:00;02.08.2022 09:00;478,9
02.08.2022 09:00;02.08.2022 10:00;397,91
02.08.2022 10:00;02.08.2022 11:00;328,26
02.08.2022 11:00;02.08.2022 12:00;307,77
02.08.2022 12:00;02.08.2022 13:00;234,87
02.08.2022 13:00;02.08.2022 14:00;227,41
02.08.2022 14:00;02.08.2022 15:00;198,39
02.08.2022 15:00;02.08.2022 16:00;219,0
02.08.2022 16:00;02.08.2022 17:00;274,71
02.08.2022 17:00;02.08.2022 18:00;324,11
02.08.2022 18:00;02.08.2022 19:00;435,36
02.08.2022 19:00;02.08.2022 20:00;499,47
02.08.2022 20:00;02.08.2022 21:00;511,07
02.08.2022 21:00;02.08.2022 22:00;513,17
02.08.2022 22:00;02.08.2022 23:00;484,91
02.08.2022 23:00;03.08.2022 00:00;441,26
03.08.2022 00:00;03.08.2022 01:00;383,95
03.08.2022 01:00;03.08.2022 02:00;368,07
03.08.2022 02:00;03.08.2022 03:00;340,14
03.08.2022 03:00;03.08.2022 04:00;326,3
03.08.2022 04:00;03.08.2022 05:00;329,96
03.08.2022 05:00;03.08.2022 06:00;368,76
03.08.2022 06:00;03.08.2022 07:00;440,47
03.08.2022 07:00;03.08.2022 08:00;453,86
03.08.2022 08:00;03.08.2022 09:00;444,21
03.08.2022 09:00;03.08.2022 10:00;370,24
03.08.2022 10:00;03.08.2022 11:00;317,82
03.08.2022 11:00;03.08.2022 12:00;244,61
03.08.2022 12:00;03.08.2022 13:00;243,56
03.08.2022 13:00;03.08.2022 14:00;182,52
03.08.2022 14:00;03.08.2022 15:00;199,08
03.08.2022 15:00;03.08.2022 16:00;291,92
03.08.2022 16:00;03.08.2022 17:00;361,59
03.08.2022 17:00;03.08.2022 18:00;438,52
03.08.2022 18:00;03.08.2022 19:00;500,35
03.08.2022 19:00;03.08.2022 20:00;550,06
03.08.2022 20:00;03.08.2022 21:00;566,89
03.08.2022 21:00;03.08.2022 22:00;560,76
03.08.2022 22:00;03.08.2022 23:00;500,02
03.08.2022 23:00;04.08.2022 00:00;452,18
04.08.2022 00:00;04.08.2022 01:00;450,3
04.08.2022 01:00;04.08.2022 02:00;414,26
04.08.2022 02:00;04.08.2022 03:00;375,07
04.08.2022 03:00;04.08.2022 04:00;348,49
04.08.2022 04:00;04.08.2022 05:00;345,3
04.08.2022 05:00;04.08.2022 06:00;375,07
04.08.2022 06:00;04.08.2022 07:00;452,27
04.08.2022 07:00;04.08.2022 08:00;480,1
04.08.2022 08:00;04.08.2022 09:00;479,79
04.08.2022 09:00;04.08.2022 10:00;449,9
04.08.2022 10:00;04.08.2022 11:00;408,25
04.08.2022 11:00;04.08.2022 12:00;370,91
04.08.2022 12:00;04.08.2022 13:00;344,28
04.08.2022 13:00;04.08.2022 14:00;284,02
04.08.2022 14:00;04.08.2022 15:00;319,51
04.08.2022 15:00;04.08.2022 16:00;342,64
04.08.2022 16:00;04.08.2022 17:00;366,51
04.08.2022 17:00;04.08.2022 18:00;416,97
04.08.2022 18:00;04.08.2022 19:00;492,73
04.08.2022 19:00;04.08.2022 20:00;513,74
04.08.2022 20:00;04.08.2022 21:00;504,33
04.08.2022 21:00;04.08.2022 22:00;499,83
04.08.2022 22:00;04.08.2022 23:00;480,6
04.08.2022 23:00;05.08.2022 00:00;424,96
05.08.2022 00:00;05.08.2022 01:00;406,06
05.08.2022 01:00;05.08.2022 02:00;358,18
05.08.2022 02:00;05.08.2022 03:00;337,64
05.08.2022 03:00;05.08.2022 04:00;339,17
05.08.2022 04:00;05.08.2022 05:00;338,52
05.08.2022 05:00;05.08.2022 06:00;390,05
05.08.2022 06:00;05.08.2022 07:00;449,91
05.08.2022 07:00;05.08.2022 08:00;468,0
05.08.2022 08:00;05.08.2022 09:00;483,91
05.08.2022 09:00;05.08.2022 10:00;447,14
05.08.2022 10:00;05.08.2022 11:00;428,44
05.08.2022 11:00;05.08.2022 12:00;405,1
05.08.2022 12:00;05.08.2022 13:00;394,2
05.08.2022 13:00;05.08.2022 14:00;331,05
05.08.2022 14:00;05.08.2022 15:00;297,06
05.08.2022 15:00;05.08.2022 16:00;256,21
05.08.2022 16:00;05.08.2022 17:00;252,44
05.08.2022 17:00;05.08.2022 18:00;291,18
05.08.2022 18:00;05.08.2022 19:00;355,02
05.08.2022 19:00;05.08.2022 20:00;419,54
05.08.2022 20:00;05.08.2022 21:00;424,89
05.08.2022 21:00;05.08.2022 22:00;437,3
05.08.2022 22:00;05.08.2022 23:00;429,91
05.08.2022 23:00;06.08.2022 00:00;386,55
06.08.2022 00:00;06.08.2022 01:00;361,76
06.08.2022 01:00;06.08.2022 02:00;315,05
06.08.2022 02:00;06.08.2022 03:00;308,59
06.08.2022 03:00;06.08.2022 04:00;276,45
06.08.2022 04:00;06.08.2022 05:00;267,76
06.08.2022 05:00;06.08.2022 06:00;261,14
06.08.2022 06:00;06.08.2022 07:00;290,83
06.08.2022 07:00;06.08.2022 08:00;315,03
06.08.2022 08:00;06.08.2022 09:00;309,56
06.08.2022 09:00;06.08.2022 10:00;273,36
06.08.2022 10:00;06.08.2022 11:00;238,11
06.08.2022 11:00;06.08.2022 12:00;202,19
06.08.2022 12:00;06.08.2022 13:00;170,12
06.08.2022 13:00;06.08.2022 14:00;149,31
06.08.2022 14:00;06.08.2022 15:00;116,02
06.08.2022 15:00;06.08.2022 16:00;139,77
06.08.2022 16:00;06.08.2022 17:00;175,16
06.08.2022 17:00;06.08.2022 18:00;239,05
06.08.2022 18:00;06.08.2022 19:00;318,16
06.08.2022 19:00;06.08.2022 20:00;372,49
06.08.2022 20:00;06.08.2022 21:00;396,81
06.08.2022 21:00;06.08.2022 22:00;380,64
06.08.2022 22:00;06.08.2022 23:00;369,08
06.08.2022 23:00;07.08.2022 00:00;324,98
07.08.2022 00:00;07.08.2022 01:00;277,89
07.08.2022 01:00;07.08.2022 02:00;232,85
07.08.2022 02:00;07.08.2022 03:00;218,28
07.08.2022 03:00;07.08.2022 04:00;206,4
07.08.2022 04:00;07.08.2022 05:00;200,47
07.08.2022 05:00;07.08.2022 06:00;205,23
07.08.2022 06:00;07.08.2022 07:00;205,0
07.08.2022 07:00;07.08.2022 08:00;206,29
07.08.2022 08:00;07.08.2022 09:00;162,27
07.08.2022 09:00;07.08.2022 10:00;142,7
07.08.2022 10:00;07.08.2022 11:00;100,0
07.08.2022 11:00;07.08.2022 12:00;87,69
07.08.2022 12:00;07.08.2022 13:00;86,82
07.08.2022 13:00;07.08.2022 14:00;69,74
07.08.2022 14:00;07.08.2022 15:00;70,02
07.08.2022 15:00;07.08.2022 16:00;86,15
07.08.2022 16:00;07.08.2022 17:00;102,82
07.08.2022 17:00;07.08.2022 18:00;199,42
07.08.2022 18:00;07.08.2022 19:00;301,67
07.08.2022 19:00;07.08.2022 20:00;393,3
07.08.2022 20:00;07.08.2022 21:00;421,99
07.08.2022 21:00;07.08.2022 22:00;419,92
07.08.2022 22:00;07.08.2022 23:00;401,86
07.08.2022 23:00;08.08.2022 00:00;359,42
08.08.2022 00:00;08.08.2022 01:00;310,08
08.08.2022 01:00;08.08.2022 02:00;271,57
08.08.2022 02:00;08.08.2022 03:00;281,49
08.08.2022 03:00;08.08.2022 04:00;278,39
08.08.2022 04:00;08.08.2022 05:00;272,89
08.08.2022 05:00;08.08.2022 06:00;310,38
08.08.2022 06:00;08.08.2022 07:00;408,54
08.08.2022 07:00;08.08.2022 08:00;419,99
08.08.2022 08:00;08.08.2022 09:00;414,68
08.08.2022 09:00;08.08.2022 10:00;384,55
08.08.2022 10:00;08.08.2022 11:00;339,44
08.08.2022 11:00;08.08.2022 12:00;307,07
08.08.2022 12:00;08.08.2022 13:00;292,66
08.08.2022 13:00;08.08.2022 14:00;294,01
08.08.2022 14:00;08.08.2022 15:00;294,68
08.08.2022 15:00;08.08.2022 16:00;307,77
08.08.2022 16:00;08.08.2022 17:00;329,86
08.08.2022 17:00;08.08.2022 18:00;406,02
08.08.2022 18:00;08.08.2022 19:00;439,98
08.08.2022 19:00;08.08.2022 20:00;495,9
08.08.2022 20:00;08.08.2022 21:00;493,85
08.08.2022 21:00;08.08.2022 22:00;455,0
08.08.2022 22:00;08.08.2022 23:00;429,15
08.08.2022 23:00;09.08.2022 00:00;391,2
09.08.2022 00:00;09.08.2022 01:00;330,76
09.08.2022 01:00;09.08.2022 02:00;298,92
09.08.2022 02:00;09.08.2022 03:00;298,95
09.08.2022 03:00;09.08.2022 04:00;289,2
09.08.2022 04:00;09.08.2022 05:00;295,75
09.08.2022 05:00;09.08.2022 06:00;320,01
09.08.2022 06:00;09.08.2022 07:00;382,92
09.08.2022 07:00;09.08.2022 08:00;414,98
09.08.2022 08:00;09.08.2022 09:00;426,22
09.08.2022 09:00;09.08.2022 10:00;383,99
09.08.2022 10:00;09.08.2022 11:00;310,09
09.08.2022 11:00;09.08.2022 12:00;282,44
09.08.2022 12:00;09.08.2022 13:00;277,57
09.08.2022 13:00;09.08.2022 14:00;258,94
09.08.2022 14:00;09.08.2022 15:00;260,64
09.08.2022 15:00;09.08.2022 16:00;266,89
09.08.2022 16:00;09.08.2022 17:00;289,37
09.08.2022 17:00;09.08.2022 18:00;351,34
09.08.2022 18:00;09.08.2022 19:00;420,0
09.08.2022 19:00;09.08.2022 20:00;469,8
09.08.2022 20:00;09.08.2022 21:00;469,72
09.08.2022 21:00;09.08.2022 22:00;428,67
09.08.2022 22:00;09.08.2022 23:00;406,45
09.08.2022 23:00;10.08.2022 00:00;343,31
10.08.2022 00:00;10.08.2022 01:00;297,01
10.08.2022 01:00;10.08.2022 02:00;286,98
10.08.2022 02:00;10.08.2022 03:00;298,71
10.08.2022 03:00;10.08.2022 04:00;285,6
10.08.2022 04:00;10.08.2022 05:00;293,99
10.08.2022 05:00;10.08.2022 06:00;297,74
10.08.2022 06:00;10.08.2022 07:00;343,67
10.08.2022 07:00;10.08.2022 08:00;392,98
10.08.2022 08:00;10.08.2022 09:00;395,51
10.08.2022 09:00;10.08.2022 10:00;356,26
10.08.2022 10:00;10.08.2022 11:00;302,9
10.08.2022 11:00;10.08.2022 12:00;284,9
10.08.2022 12:00;10.08.2022 13:00;274,76
10.08.2022 13:00;10.08.2022 14:00;253,0
10.08.2022 14:00;10.08.2022 15:00;253,96
10.08.2022 15:00;10.08.2022 16:00;272,34
10.08.2022 16:00;10.08.2022 17:00;303,1
10.08.2022 17:00;10.08.2022 18:00;353,0
10.08.2022 18:00;10.08.2022 19:00;409,93
10.08.2022 19:00;10.08.2022 20:00;449,0
10.08.2022 20:00;10.08.2022 21:00;454,73
10.08.2022 21:00;10.08.2022 22:00;420,0
10.08.2022 22:00;10.08.2022 23:00;406,84
10.08.2022 23:00;11.08.2022 00:00;355,01
11.08.2022 00:00;11.08.2022 01:00;309,92
11.08.2022 01:00;11.08.2022 02:00;300,03
11.08.2022 02:00;11.08.2022 03:00;310,0
11.08.2022 03:00;11.08.2022 04:00;306,3
11.08.2022 04:00;11.08.2022 05:00;312,0
11.08.2022 05:00;11.08.2022 06:00;347,06
11.08.2022 06:00;11.08.2022 07:00;406,65
11.08.2022 07:00;11.08.2022 08:00;419,97
11.08.2022 08:00;11.08.2022 09:00;414,9
11.08.2022 09:00;11.08.2022 10:00;397,16
11.08.2022 10:00;11.08.2022 11:00;355,1
11.08.2022 11:00;11.08.2022 12:00;313,97
11.08.2022 12:00;11.08.2022 13:00;298,97
11.08.2022 13:00;11.08.2022 14:00;269,86
11.08.2022 14:00;11.08.2022 15:00;267,86
11.08.2022 15:00;11.08.2022 16:00;294,0
11.08.2022 16:00;11.08.2022 17:00;334,8
11.08.2022 17:00;11.08.2022 18:00;401,31
11.08.2022 18:00;11.08.2022 19:00;450,0
11.08.2022 19:00;11.08.2022 20:00;539,9
11.08.2022 20:00;11.08.2022 21:00;534,75
11.08.2022 21:00;11.08.2022 22:00;446,0
11.08.2022 22:00;11.08.2022 23:00;414,99
11.08.2022 23:00;12.08.2022 00:00;390,0
12.08.2022 00:00;12.08.2022 01:00;422,1
12.08.2022 01:00;12.08.2022 02:00;405,0
12.08.2022 02:00;12.08.2022 03:00;395,69
12.08.2022 03:00;12.08.2022 04:00;391,95
12.08.2022 04:00;12.08.2022 05:00;402,56
12.08.2022 05:00;12.08.2022 06:00;408,0
12.08.2022 06:00;12.08.2022 07:00;469,21
12.08.2022 07:00;12.08.2022 08:00;513,31
12.08.2022 08:00;12.08.2022 09:00;508,0
12.08.2022 09:00;12.08.2022 10:00;472,56
12.08.2022 10:00;12.08.2022 11:00;419,9
12.08.2022 11:00;12.08.2022 12:00;405,6
12.08.2022 12:00;12.08.2022 13:00;376,39
12.08.2022 13:00;12.08.2022 14:00;328,45
12.08.2022 14:00;12.08.2022 15:00;334,37
12.08.2022 15:00;12.08.2022 16:00;372,09
12.08.2022 16:00;12.08.2022 17:00;393,24
12.08.2022 17:00;12.08.2022 18:00;448,08
12.08.2022 18:00;12.08.2022 19:00;489,99
12.08.2022 19:00;12.08.2022 20:00;560,0
12.08.2022 20:00;12.08.2022 21:00;565,4
12.08.2022 21:00;12.08.2022 22:00;507,78
12.08.2022 22:00;12.08.2022 23:00;469,47
12.08.2022 23:00;13.08.2022 00:00;424,02
13.08.2022 00:00;13.08.2022 01:00;427,23
13.08.2022 01:00;13.08.2022 02:00;400,71
13.08.2022 02:00;13.08.2022 03:00;387,87
13.08.2022 03:00;13.08.2022 04:00;374,09
13.08.2022 04:00;13.08.2022 05:00;375,79
13.08.2022 05:00;13.08.2022 06:00;382,76
13.08.2022 06:00;13.08.2022 07:00;379,9
13.08.2022 07:00;13.08.2022 08:00;388,74
13.08.2022 08:00;13.08.2022 09:00;399,9
13.08.2022 09:00;13.08.2022 10:00;374,5
13.08.2022 10:00;13.08.2022 11:00;333,41
13.08.2022 11:00;13.08.2022 12:00;300,02
13.08.2022 12:00;13.08.2022 13:00;247,22
13.08.2022 13:00;13.08.2022 14:00;192,11
13.08.2022 14:00;13.08.2022 15:00;213,62
13.08.2022 15:00;13.08.2022 16:00;292,05
13.08.2022 16:00;13.08.2022 17:00;341,76
13.08.2022 17:00;13.08.2022 18:00;412,3
13.08.2022 18:00;13.08.2022 19:00;466,2
13.08.2022 19:00;13.08.2022 20:00;503,26
13.08.2022 20:00;13.08.2022 21:00;504,7
13.08.2022 21:00;13.08.2022 22:00;479,94
13.08.2022 22:00;13.08.2022 23:00;461,91
13.08.2022 23:00;14.08.2022 00:00;425,89
14.08.2022 00:00;14.08.2022 01:00;416,3
14.08.2022 01:00;14.08.2022 02:00;397,2
14.08.2022 02:00;14.08.2022 03:00;377,9
14.08.2022 03:00;14.08.2022 04:00;354,0
14.08.2022 04:00;14.08.2022 05:00;350,06
14.08.2022 05:00;14.08.2022 06:00;351,01
14.08.2022 06:00;14.08.2022 07:00;352,77
14.08.2022 07:00;14.08.2022 08:00;350,05
14.08.2022 08:00;14.08.2022 09:00;355,17
14.08.2022 09:00;14.08.2022 10:00;339,94
14.08.2022 10:00;14.08.2022 11:00;309,0
14.08.2022 11:00;14.08.2022 12:00;249,58
14.08.2022 12:00;14.08.2022 13:00;136,72
14.08.2022 13:00;14.08.2022 14:00;84,93
14.08.2022 14:00;14.08.2022 15:00;74,02
14.08.2022 15:00;14.08.2022 16:00;164,37
14.08.2022 16:00;14.08.2022 17:00;268,13
14.08.2022 17:00;14.08.2022 18:00;343,52
14.08.2022 18:00;14.08.2022 19:00;415,9
14.08.2022 19:00;14.08.2022 20:00;454,91
14.08.2022 20:00;14.08.2022 21:00;459,96
14.08.2022 21:00;14.08.2022 22:00;462,6
14.08.2022 22:00;14.08.2022 23:00;455,42
14.08.2022 23:00;15.08.2022 00:00;407,48
15.08.2022 00:00;15.08.2022 01:00;375,03
15.08.2022 01:00;15.08.2022 02:00;361,09
15.08.2022 02:00;15.08.2022 03:00;360,64
15.08.2022 03:00;15.08.2022 04:00;350,0
15.08.2022 04:00;15.08.2022 05:00;352,99
15.08.2022 05:00;15.08.2022 06:00;363,59
15.08.2022 06:00;15.08.2022 07:00;381,41
15.08.2022 07:00;15.08.2022 08:00;429,12
15.08.2022 08:00;15.08.2022 09:00;467,34
15.08.2022 09:00;15.08.2022 10:00;452,8
15.08.2022 10:00;15.08.2022 11:00;431,41
15.08.2022 11:00;15.08.2022 12:00;407,06
15.08.2022 12:00;15.08.2022 13:00;402,31
15.08.2022 13:00;15.08.2022 14:00;392,13
15.08.2022 14:00;15.08.2022 15:00;392,77
15.08.2022 15:00;15.08.2022 16:00;380,09
15.08.2022 16:00;15.08.2022 17:00;400,05
15.08.2022 17:00;15.08.2022 18:00;448,84
15.08.2022 18:00;15.08.2022 19:00;495,0
15.08.2022 19:00;15.08.2022 20:00;520,01
15.08.2022 20:00;15.08.2022 21:00;555,72
15.08.2022 21:00;15.08.2022 22:00;536,69
15.08.2022 22:00;15.08.2022 23:00;507,0
15.08.2022 23:00;16.08.2022 00:00;475,42
16.08.2022 00:00;16.08.2022 01:00;465,26
16.08.2022 01:00;16.08.2022 02:00;430,65
16.08.2022 02:00;16.08.2022 03:00;430,94
16.08.2022 03:00;16.08.2022 04:00;416,42
16.08.2022 04:00;16.08.2022 05:00;422,59
16.08.2022 05:00;16.08.2022 06:00;440,99
16.08.2022 06:00;16.08.2022 07:00;502,52
16.08.2022 07:00;16.08.2022 08:00;517,99
16.08.2022 08:00;16.08.2022 09:00;514,9
16.08.2022 09:00;16.08.2022 10:00;488,44
16.08.2022 10:00;16.08.2022 11:00;450,0
16.08.2022 11:00;16.08.2022 12:00;424,95
16.08.2022 12:00;16.08.2022 13:00;417,08
16.08.2022 13:00;16.08.2022 14:00;410,06
16.08.2022 14:00;16.08.2022 15:00;410,09
16.08.2022 15:00;16.08.2022 16:00;418,06
16.08.2022 16:00;16.08.2022 17:00;442,53
16.08.2022 17:00;16.08.2022 18:00;506,91
16.08.2022 18:00;16.08.2022 19:00;600,05
16.08.2022 19:00;16.08.2022 20:00;664,89
16.08.2022 20:00;16.08.2022 21:00;662,05
16.08.2022 21:00;16.08.2022 22:00;648,38
16.08.2022 22:00;16.08.2022 23:00;580,0
16.08.2022 23:00;17.08.2022 00:00;513,28
17.08.2022 00:00;17.08.2022 01:00;523,94
17.08.2022 01:00;17.08.2022 02:00;483,88
17.08.2022 02:00;17.08.2022 03:00;472,13
17.08.2022 03:00;17.08.2022 04:00;459,22
17.08.2022 04:00;17.08.2022 05:00;463,42
17.08.2022 05:00;17.08.2022 06:00;489,64
17.08.2022 06:00;17.08.2022 07:00;547,74
17.08.2022 07:00;17.08.2022 08:00;597,04
17.08.2022 08:00;17.08.2022 09:00;616,33
17.08.2022 09:00;17.08.2022 10:00;575,1
17.08.2022 10:00;17.08.2022 11:00;549,97
17.08.2022 11:00;17.08.2022 12:00;526,89
17.08.2022 12:00;17.08.2022 13:00;509,09
17.08.2022 13:00;17.08.2022 14:00;500,0
17.08.2022 14:00;17.08.2022 15:00;493,09
17.08.2022 15:00;17.08.2022 16:00;509,47
17.08.2022 16:00;17.08.2022 17:00;541,6
17.08.2022 17:00;17.08.2022 18:00;593,3
17.08.2022 18:00;17.08.2022 19:00;676,04
17.08.2022 19:00;17.08.2022 20:00;747,93
17.08.2022 20:00;17.08.2022 21:00;681,0
17.08.2022 21:00;17.08.2022 22:00;629,09
17.08.2022 22:00;17.08.2022 23:00;552,03
17.08.2022 23:00;18.08.2022 00:00;508,92
18.08.2022 00:00;18.08.2022 01:00;523,92
18.08.2022 01:00;18.08.2022 02:00;479,9
18.08.2022 02:00;18.08.2022 03:00;480,0
18.08.2022 03:00;18.08.2022 04:00;474,46
18.08.2022 04:00;18.08.2022 05:00;478,13
18.08.2022 05:00;18.08.2022 06:00;499,24
18.08.2022 06:00;18.08.2022 07:00;550,0
18.08.2022 07:00;18.08.2022 08:00;598,9
18.08.2022 08:00;18.08.2022 09:00;620,1
18.08.2022 09:00;18.08.2022 10:00;613,59
18.08.2022 10:00;18.08.2022 11:00;610,19
18.08.2022 11:00;18.08.2022 12:00;577,65
18.08.2022 12:00;18.08.2022 13:00;559,87
18.08.2022 13:00;18.08.2022 14:00;563,11
18.08.2022 14:00;18.08.2022 15:00;543,34
18.08.2022 15:00;18.08.2022 16:00;541,9
18.08.2022 16:00;18.08.2022 17:00;586,23
18.08.2022 17:00;18.08.2022 18:00;593,97
18.08.2022 18:00;18.08.2022 19:00;642,99
18.08.2022 19:00;18.08.2022 20:00;657,98
18.08.2022 20:00;18.08.2022 21:00;646,96
18.08.2022 21:00;18.08.2022 22:00;600,06
18.08.2022 22:00;18.08.2022 23:00;562,82
18.08.2022 23:00;19.08.2022 00:00;524,93
19.08.2022 00:00;19.08.2022 01:00;510,09
19.08.2022 01:00;19.08.2022 02:00;467,63
19.08.2022 02:00;19.08.2022 03:00;450,1
19.08.2022 03:00;19.08.2022 04:00;434,14
19.08.2022 04:00;19.08.2022 05:00;439,39
19.08.2022 05:00;19.08.2022 06:00;469,62
19.08.2022 06:00;19.08.2022 07:00;528,21
19.08.2022 07:00;19.08.2022 08:00;571,24
19.08.2022 08:00;19.08.2022 09:00;587,56
19.08.2022 09:00;19.08.2022 10:00;575,0
19.08.2022 10:00;19.08.2022 11:00;566,0
19.08.2022 11:00;19.08.2022 12:00;547,26
19.08.2022 12:00;19.08.2022 13:00;527,8
19.08.2022 13:00;19.08.2022 14:00;488,24
19.08.2022 14:00;19.08.2022 15:00;461,14
19.08.2022 15:00;19.08.2022 16:00;461,17
19.08.2022 16:00;19.08.2022 17:00;490,86
19.08.2022 17:00;19.08.2022 18:00;517,42
19.08.2022 18:00;19.08.2022 19:00;545,56
19.08.2022 19:00;19.08.2022 20:00;568,99
19.08.2022 20:00;19.08.2022 21:00;569,4
19.08.2022 21:00;19.08.2022 22:00;550,0
19.08.2022 22:00;19.08.2022 23:00;530,58
19.08.2022 23:00;20.08.2022 00:00;504,93
20.08.2022 00:00;20.08.2022 01:00;512,09
20.08.2022 01:00;20.08.2022 02:00;500,05
20.08.2022 02:00;20.08.2022 03:00;480,09
20.08.2022 03:00;20.08.2022 04:00;460,04
20.08.2022 04:00;20.08.2022 05:00;452,61
20.08.2022 05:00;20.08.2022 06:00;452,15
20.08.2022 06:00;20.08.2022 07:00;471,69
20.08.2022 07:00;20.08.2022 08:00;475,03
20.08.2022 08:00;20.08.2022 09:00;484,93
20.08.2022 09:00;20.08.2022 10:00;480,02
20.08.2022 10:00;20.08.2022 11:00;464,5
20.08.2022 11:00;20.08.2022 12:00;443,19
20.08.2022 12:00;20.08.2022 13:00;432,48
20.08.2022 13:00;20.08.2022 14:00;364,68
20.08.2022 14:00;20.08.2022 15:00;344,13
20.08.2022 15:00;20.08.2022 16:00;339,28
20.08.2022 16:00;20.08.2022 17:00;361,23
20.08.2022 17:00;20.08.2022 18:00;402,56
20.08.2022 18:00;20.08.2022 19:00;475,06
20.08.2022 19:00;20.08.2022 20:00;529,91
20.08.2022 20:00;20.08.2022 21:00;552,48
20.08.2022 21:00;20.08.2022 22:00;540,09
20.08.2022 22:00;20.08.2022 23:00;514,12
20.08.2022 23:00;21.08.2022 00:00;458,96
21.08.2022 00:00;21.08.2022 01:00;430,27
21.08.2022 01:00;21.08.2022 02:00;381,0
21.08.2022 02:00;21.08.2022 03:00;374,94
21.08.2022 03:00;21.08.2022 04:00;344,27
21.08.2022 04:00;21.08.2022 05:00;323,0
21.08.2022 05:00;21.08.2022 06:00;324,07
21.08.2022 06:00;21.08.2022 07:00;365,99
21.08.2022 07:00;21.08.2022 08:00;348,35
21.08.2022 08:00;21.08.2022 09:00;332,0
21.08.2022 09:00;21.08.2022 10:00;317,26
21.08.2022 10:00;21.08.2022 11:00;254,52
21.08.2022 11:00;21.08.2022 12:00;176,88
21.08.2022 12:00;21.08.2022 13:00;97,31
21.08.2022 13:00;21.08.2022 14:00;77,46
21.08.2022 14:00;21.08.2022 15:00;97,34
21.08.2022 15:00;21.08.2022 16:00;204,21
21.08.2022 16:00;21.08.2022 17:00;313,88
21.08.2022 17:00;21.08.2022 18:00;455,0
21.08.2022 18:00;21.08.2022 19:00;530,0
21.08.2022 19:00;21.08.2022 20:00;592,0
21.08.2022 20:00;21.08.2022 21:00;623,89
21.08.2022 21:00;21.08.2022 22:00;609,96
21.08.2022 22:00;21.08.2022 23:00;595,46
21.08.2022 23:00;22.08.2022 00:00;570,11
22.08.2022 00:00;22.08.2022 01:00;504,25
22.08.2022 01:00;22.08.2022 02:00;477,42
22.08.2022 02:00;22.08.2022 03:00;467,94
22.08.2022 03:00;22.08.2022 04:00;447,93
22.08.2022 04:00;22.08.2022 05:00;450,02
22.08.2022 05:00;22.08.2022 06:00;497,08
22.08.2022 06:00;22.08.2022 07:00;561,74
22.08.2022 07:00;22.08.2022 08:00;599,9
22.08.2022 08:00;22.08.2022 09:00;610,0
22.08.2022 09:00;22.08.2022 10:00;595,59
22.08.2022 10:00;22.08.2022 11:00;583,46
22.08.2022 11:00;22.08.2022 12:00;567,5
22.08.2022 12:00;22.08.2022 13:00;534,3
22.08.2022 13:00;22.08.2022 14:00;540,91
22.08.2022 14:00;22.08.2022 15:00;557,06
22.08.2022 15:00;22.08.2022 16:00;577,2
22.08.2022 16:00;22.08.2022 17:00;586,67
22.08.2022 17:00;22.08.2022 18:00;613,55
22.08.2022 18:00;22.08.2022 19:00;640,0
22.08.2022 19:00;22.08.2022 20:00;675,55
22.08.2022 20:00;22.08.2022 21:00;679,97
22.08.2022 21:00;22.08.2022 22:00;629,63
22.08.2022 22:00;22.08.2022 23:00;588,86
22.08.2022 23:00;23.08.2022 00:00;545,0
23.08.2022 00:00;23.08.2022 01:00;550,0
23.08.2022 01:00;23.08.2022 02:00;504,73
23.08.2022 02:00;23.08.2022 03:00;507,0
23.08.2022 03:00;23.08.2022 04:00;500,57
23.08.2022 04:00;23.08.2022 05:00;503,32
23.08.2022 05:00;23.08.2022 06:00;531,02
23.08.2022 06:00;23.08.2022 07:00;627,95
23.08.2022 07:00;23.08.2022 08:00;668,21
23.08.2022 08:00;23.08.2022 09:00;680,0
23.08.2022 09:00;23.08.2022 10:00;640,1
23.08.2022 10:00;23.08.2022 11:00;614,01
23.08.2022 11:00;23.08.2022 12:00;551,4
23.08.2022 12:00;23.08.2022 13:00;518,71
23.08.2022 13:00;23.08.2022 14:00;518,46
23.08.2022 14:00;23.08.2022 15:00;549,81
23.08.2022 15:00;23.08.2022 16:00;572,78
23.08.2022 16:00;23.08.2022 17:00;604,43
23.08.2022 17:00;23.08.2022 18:00;648,15
23.08.2022 18:00;23.08.2022 19:00;713,65
23.08.2022 19:00;23.08.2022 20:00;794,95
23.08.2022 20:00;23.08.2022 21:00;771,0
23.08.2022 21:00;23.08.2022 22:00;708,83
23.08.2022 22:00;23.08.2022 23:00;644,0
23.08.2022 23:00;24.08.2022 00:00;599,99
24.08.2022 00:00;24.08.2022 01:00;581,8
24.08.2022 01:00;24.08.2022 02:00;550,0
24.08.2022 02:00;24.08.2022 03:00;550,19
24.08.2022 03:00;24.08.2022 04:00;535,98
24.08.2022 04:00;24.08.2022 05:00;539,01
24.08.2022 05:00;24.08.2022 06:00;574,18
24.08.2022 06:00;24.08.2022 07:00;648,0
24.08.2022 07:00;24.08.2022 08:00;683,25
24.08.2022 08:00;24.08.2022 09:00;694,26
24.08.2022 09:00;24.08.2022 10:00;649,92
24.08.2022 10:00;24.08.2022 11:00;588,06
24.08.2022 11:00;24.08.2022 12:00;576,89
24.08.2022 12:00;24.08.2022 13:00;516,12
24.08.2022 13:00;24.08.2022 14:00;541,97
24.08.2022 14:00;24.08.2022 15:00;545,11
24.08.2022 15:00;24.08.2022 16:00;577,34
24.08.2022 16:00;24.08.2022 17:00;613,48
24.08.2022 17:00;24.08.2022 18:00;672,33
24.08.2022 18:00;24.08.2022 19:00;750,0
24.08.2022 19:00;24.08.2022 20:00;850,0
24.08.2022 20:00;24.08.2022 21:00;783,56
24.08.2022 21:00;24.08.2022 22:00;724,96
24.08.2022 22:00;24.08.2022 23:00;659,37
24.08.2022 23:00;25.08.2022 00:00;578,42
25.08.2022 00:00;25.08.2022 01:00;535,2
25.08.2022 01:00;25.08.2022 02:00;522,92
25.08.2022 02:00;25.08.2022 03:00;520,07
25.08.2022 03:00;25.08.2022 04:00;513,06
25.08.2022 04:00;25.08.2022 05:00;518,6
25.08.2022 05:00;25.08.2022 06:00;530,07
25.08.2022 06:00;25.08.2022 07:00;606,61
25.08.2022 07:00;25.08.2022 08:00;668,24
25.08.2022 08:00;25.08.2022 09:00;689,87
25.08.2022 09:00;25.08.2022 10:00;639,34
25.08.2022 10:00;25.08.2022 11:00;576,99
25.08.2022 11:00;25.08.2022 12:00;535,04
25.08.2022 12:00;25.08.2022 13:00;505,88
25.08.2022 13:00;25.08.2022 14:00;504,19
25.08.2022 14:00;25.08.2022 15:00;502,59
25.08.2022 15:00;25.08.2022 16:00;524,96
25.08.2022 16:00;25.08.2022 17:00;564,35
25.08.2022 17:00;25.08.2022 18:00;686,8
25.08.2022 18:00;25.08.2022 19:00;714,23
25.08.2022 19:00;25.08.2022 20:00;766,79
25.08.2022 20:00;25.08.2022 21:00;760,0
25.08.2022 21:00;25.08.2022 22:00;710,0
25.08.2022 22:00;25.08.2022 23:00;673,4
25.08.2022 23:00;26.08.2022 00:00;626,73
26.08.2022 00:00;26.08.2022 01:00;607,15
26.08.2022 01:00;26.08.2022 02:00;580,07
26.08.2022 02:00;26.08.2022 03:00;572,53
26.08.2022 03:00;26.08.2022 04:00;571,04
26.08.2022 04:00;26.08.2022 05:00;569,21
26.08.2022 05:00;26.08.2022 06:00;598,99
26.08.2022 06:00;26.08.2022 07:00;750,0
26.08.2022 07:00;26.08.2022 08:00;769,23
26.08.2022 08:00;26.08.2022 09:00;802,99
26.08.2022 09:00;26.08.2022 10:00;781,62
26.08.2022 10:00;26.08.2022 11:00;763,2
26.08.2022 11:00;26.08.2022 12:00;750,03
26.08.2022 12:00;26.08.2022 13:00;702,33
26.08.2022 13:00;26.08.2022 14:00;676,88
26.08.2022 14:00;26.08.2022 15:00;643,55
26.08.2022 15:00;26.08.2022 16:00;665,93
26.08.2022 16:00;26.08.2022 17:00;685,56
26.08.2022 17:00;26.08.2022 18:00;750,01
26.08.2022 18:00;26.08.2022 19:00;770,0
26.08.2022 19:00;26.08.2022 20:00;780,0
26.08.2022 20:00;26.08.2022 21:00;778,54
26.08.2022 21:00;26.08.2022 22:00;770,0
26.08.2022 22:00;26.08.2022 23:00;747,74
26.08.2022 23:00;27.08.2022 00:00;700,0
27.08.2022 00:00;27.08.2022 01:00;685,14
27.08.2022 01:00;27.08.2022 02:00;644,2
27.08.2022 02:00;27.08.2022 03:00;636,8
27.08.2022 03:00;27.08.2022 04:00;587,9
27.08.2022 04:00;27.08.2022 05:00;563,47
27.08.2022 05:00;27.08.2022 06:00;573,1
27.08.2022 06:00;27.08.2022 07:00;580,9
27.08.2022 07:00;27.08.2022 08:00;636,0
27.08.2022 08:00;27.08.2022 09:00;682,59
27.08.2022 09:00;27.08.2022 10:00;685,95
27.08.2022 10:00;27.08.2022 11:00;660,75
27.08.2022 11:00;27.08.2022 12:00;601,84
27.08.2022 12:00;27.08.2022 13:00;578,03
27.08.2022 13:00;27.08.2022 14:00;488,82
27.08.2022 14:00;27.08.2022 15:00;500,16
27.08.2022 15:00;27.08.2022 16:00;461,73
27.08.2022 16:00;27.08.2022 17:00;489,19
27.08.2022 17:00;27.08.2022 18:00;554,67
27.08.2022 18:00;27.08.2022 19:00;669,91
27.08.2022 19:00;27.08.2022 20:00;704,62
27.08.2022 20:00;27.08.2022 21:00;700,06
27.08.2022 21:00;27.08.2022 22:00;665,98
27.08.2022 22:00;27.08.2022 23:00;659,94
27.08.2022 23:00;28.08.2022 00:00;576,39
28.08.2022 00:00;28.08.2022 01:00;585,03
28.08.2022 01:00;28.08.2022 02:00;491,4
28.08.2022 02:00;28.08.2022 03:00;467,7
28.08.2022 03:00;28.08.2022 04:00;430,0
28.08.2022 04:00;28.08.2022 05:00;425,97
28.08.2022 05:00;28.08.2022 06:00;409,92
28.08.2022 06:00;28.08.2022 07:00;427,29
28.08.2022 07:00;28.08.2022 08:00;441,91
28.08.2022 08:00;28.08.2022 09:00;467,45
28.08.2022 09:00;28.08.2022 10:00;437,62
28.08.2022 10:00;28.08.2022 11:00;275,09
28.08.2022 11:00;28.08.2022 12:00;256,88
28.08.2022 12:00;28.08.2022 13:00;115,98
28.08.2022 13:00;28.08.2022 14:00;75,8
28.08.2022 14:00;28.08.2022 15:00;13,29
28.08.2022 15:00;28.08.2022 16:00;62,16
28.08.2022 16:00;28.08.2022 17:00;105,92
28.08.2022 17:00;28.08.2022 18:00;336,2
28.08.2022 18:00;28.08.2022 19:00;579,24
28.08.2022 19:00;28.08.2022 20:00;676,4
28.08.2022 20:00;28.08.2022 21:00;700,75
28.08.2022 21:00;28.08.2022 22:00;646,06
28.08.2022 22:00;28.08.2022 23:00;606,7
28.08.2022 23:00;29.08.2022 00:00;590,03
29.08.2022 00:00;29.08.2022 01:00;590,85
29.08.2022 01:00;29.08.2022 02:00;544,14
29.08.2022 02:00;29.08.2022 03:00;523,3
29.08.2022 03:00;29.08.2022 04:00;521,03
29.08.2022 04:00;29.08.2022 05:00;516,07
29.08.2022 05:00;29.08.2022 06:00;582,36
29.08.2022 06:00;29.08.2022 07:00;696,75
29.08.2022 07:00;29.08.2022 08:00;769,92
29.08.2022 08:00;29.08.2022 09:00;793,99
29.08.2022 09:00;29.08.2022 10:00;668,06
29.08.2022 10:00;29.08.2022 11:00;661,36
29.08.2022 11:00;29.08.2022 12:00;574,27
29.08.2022 12:00;29.08.2022 13:00;548,77
29.08.2022 13:00;29.08.2022 14:00;553,42
29.08.2022 14:00;29.08.2022 15:00;541,57
29.08.2022 15:00;29.08.2022 16:00;548,41
29.08.2022 16:00;29.08.2022 17:00;645,73
29.08.2022 17:00;29.08.2022 18:00;773,91
29.08.2022 18:00;29.08.2022 19:00;837,66
29.08.2022 19:00;29.08.2022 20:00;871,0
29.08.2022 20:00;29.08.2022 21:00;860,89
29.08.2022 21:00;29.08.2022 22:00;800,0
29.08.2022 22:00;29.08.2022 23:00;762,48
29.08.2022 23:00;30.08.2022 00:00;615,91
30.08.2022 00:00;30.08.2022 01:00;617,49
30.08.2022 01:00;30.08.2022 02:00;595,07
30.08.2022 02:00;30.08.2022 03:00;585,01
30.08.2022 03:00;30.08.2022 04:00;584,96
30.08.2022 04:00;30.08.2022 05:00;594,99
30.08.2022 05:00;30.08.2022 06:00;612,55
30.08.2022 06:00;30.08.2022 07:00;763,3
30.08.2022 07:00;30.08.2022 08:00;778,06
30.08.2022 08:00;30.08.2022 09:00;791,31
30.08.2022 09:00;30.08.2022 10:00;759,95
30.08.2022 10:00;30.08.2022 11:00;664,79
30.08.2022 11:00;30.08.2022 12:00;580,26
30.08.2022 12:00;30.08.2022 13:00;569,34
30.08.2022 13:00;30.08.2022 14:00;571,95
30.08.2022 14:00;30.08.2022 15:00;553,98
30.08.2022 15:00;30.08.2022 16:00;581,3
30.08.2022 16:00;30.08.2022 17:00;573,89
30.08.2022 17:00;30.08.2022 18:00;746,77
30.08.2022 18:00;30.08.2022 19:00;793,71
30.08.2022 19:00;30.08.2022 20:00;855,46
30.08.2022 20:00;30.08.2022 21:00;765,99
30.08.2022 21:00;30.08.2022 22:00;705,0
30.08.2022 22:00;30.08.2022 23:00;626,74
30.08.2022 23:00;31.08.2022 00:00;573,8
31.08.2022 00:00;31.08.2022 01:00;531,48
31.08.2022 01:00;31.08.2022 02:00;523,31
31.08.2022 02:00;31.08.2022 03:00;541,87
31.08.2022 03:00;31.08.2022 04:00;498,16
31.08.2022 04:00;31.08.2022 05:00;541,83
31.08.2022 05:00;31.08.2022 06:00;543,26
31.08.2022 06:00;31.08.2022 07:00;649,99
31.08.2022 07:00;31.08.2022 08:00;724,46
31.08.2022 08:00;31.08.2022 09:00;736,97
31.08.2022 09:00;31.08.2022 10:00;697,72
31.08.2022 10:00;31.08.2022 11:00;633,31
31.08.2022 11:00;31.08.2022 12:00;644,83
31.08.2022 12:00;31.08.2022 13:00;552,93
31.08.2022 13:00;31.08.2022 14:00;529,08
31.08.2022 14:00;31.08.2022 15:00;496,98
31.08.2022 15:00;31.08.2022 16:00;519,64
31.08.2022 16:00;31.08.2022 17:00;541,81
31.08.2022 17:00;31.08.2022 18:00;641,74
31.08.2022 18:00;31.08.2022 19:00;720,67
31.08.2022 19:00;31.08.2022 20:00;750,0
31.08.2022 20:00;31.08.2022 21:00;714,45
31.08.2022 21:00;31.08.2022 22:00;677,26
31.08.2022 22:00;31.08.2022 23:00;563,52
31.08.2022 23:00;01.09.2022 00:00;532,51
01.09.2022 00:00;01.09.2022 01:00;490,77
01.09.2022 01:00;01.09.2022 02:00;484,36
01.09.2022 02:00;01.09.2022 03:00;486,34
01.09.2022 03:00;01.09.2022 04:00;480,02
01.09.2022 04:00;01.09.2022 05:00;495,18
01.09.2022 05:00;01.09.2022 06:00;532,8
01.09.2022 06:00;01.09.2022 07:00;644,71
01.09.2022 07:00;01.09.2022 08:00;669,21
01.09.2022 08:00;01.09.2022 09:00;665,46
01.09.2022 09:00;01.09.2022 10:00;614,15
01.09.2022 10:00;01.09.2022 11:00;567,93
01.09.2022 11:00;01.09.2022 12:00;522,02
01.09.2022 12:00;01.09.2022 13:00;495,26
01.09.2022 13:00;01.09.2022 14:00;491,55
01.09.2022 14:00;01.09.2022 15:00;511,25
01.09.2022 15:00;01.09.2022 16:00;539,65
01.09.2022 16:00;01.09.2022 17:00;559,97
01.09.2022 17:00;01.09.2022 18:00;631,45
01.09.2022 18:00;01.09.2022 19:00;686,23
01.09.2022 19:00;01.09.2022 20:00;729,9
01.09.2022 20:00;01.09.2022 21:00;702,09
01.09.2022 21:00;01.09.2022 22:00;640,72
01.09.2022 22:00;01.09.2022 23:00;572,54
01.09.2022 23:00;02.09.2022 00:00;495,19
02.09.2022 00:00;02.09.2022 01:00;456,05
02.09.2022 01:00;02.09.2022 02:00;418,74
02.09.2022 02:00;02.09.2022 03:00;395,35
02.09.2022 03:00;02.09.2022 04:00;362,68
02.09.2022 04:00;02.09.2022 05:00;391,73
02.09.2022 05:00;02.09.2022 06:00;445,42
02.09.2022 06:00;02.09.2022 07:00;532,08
02.09.2022 07:00;02.09.2022 08:00;566,1
02.09.2022 08:00;02.09.2022 09:00;581,97
02.09.2022 09:00;02.09.2022 10:00;529,89
02.09.2022 10:00;02.09.2022 11:00;497,53
02.09.2022 11:00;02.09.2022 12:00;404,22
02.09.2022 12:00;02.09.2022 13:00;260,08
02.09.2022 13:00;02.09.2022 14:00;238,59
02.09.2022 14:00;02.09.2022 15:00;244,16
02.09.2022 15:00;02.09.2022 16:00;309,98
02.09.2022 16:00;02.09.2022 17:00;367,53
02.09.2022 17:00;02.09.2022 18:00;489,39
02.09.2022 18:00;02.09.2022 19:00;550,1
02.09.2022 19:00;02.09.2022 20:00;574,34
02.09.2022 20:00;02.09.2022 21:00;562,86
02.09.2022 21:00;02.09.2022 22:00;401,96
02.09.2022 22:00;02.09.2022 23:00;343,25
02.09.2022 23:00;03.09.2022 00:00;210,06
03.09.2022 00:00;03.09.2022 01:00;230,18
03.09.2022 01:00;03.09.2022 02:00;244,97
03.09.2022 02:00;03.09.2022 03:00;262,46
03.09.2022 03:00;03.09.2022 04:00;249,99
03.09.2022 04:00;03.09.2022 05:00;235,3
03.09.2022 05:00;03.09.2022 06:00;291,67
03.09.2022 06:00;03.09.2022 07:00;275,0
03.09.2022 07:00;03.09.2022 08:00;370,08
03.09.2022 08:00;03.09.2022 09:00;400,43
03.09.2022 09:00;03.09.2022 10:00;378,67
03.09.2022 10:00;03.09.2022 11:00;206,73
03.09.2022 11:00;03.09.2022 12:00;128,28
03.09.2022 12:00;03.09.2022 13:00;75,27
03.09.2022 13:00;03.09.2022 14:00;51,01
03.09.2022 14:00;03.09.2022 15:00;77,55
03.09.2022 15:00;03.09.2022 16:00;165,93
03.09.2022 16:00;03.09.2022 17:00;249,98
03.09.2022 17:00;03.09.2022 18:00;401,54
03.09.2022 18:00;03.09.2022 19:00;453,63
03.09.2022 19:00;03.09.2022 20:00;530,0
03.09.2022 20:00;03.09.2022 21:00;514,93
03.09.2022 21:00;03.09.2022 22:00;411,0
03.09.2022 22:00;03.09.2022 23:00;381,71
03.09.2022 23:00;04.09.2022 00:00;319,72
04.09.2022 00:00;04.09.2022 01:00;210,27
04.09.2022 01:00;04.09.2022 02:00;204,77
04.09.2022 02:00;04.09.2022 03:00;200,05
04.09.2022 03:00;04.09.2022 04:00;204,16
04.09.2022 04:00;04.09.2022 05:00;220,08
04.09.2022 05:00;04.09.2022 06:00;222,72
04.09.2022 06:00;04.09.2022 07:00;211,07
04.09.2022 07:00;04.09.2022 08:00;226,39
04.09.2022 08:00;04.09.2022 09:00;209,95
04.09.2022 09:00;04.09.2022 10:00;183,72
04.09.2022 10:00;04.09.2022 11:00;125,91
04.09.2022 11:00;04.09.2022 12:00;83,97
04.09.2022 12:00;04.09.2022 13:00;72,61
04.09.2022 13:00;04.09.2022 14:00;52,91
04.09.2022 14:00;04.09.2022 15:00;65,48
04.09.2022 15:00;04.09.2022 16:00;86,63
04.09.2022 16:00;04.09.2022 17:00;204,12
04.09.2022 17:00;04.09.2022 18:00;375,0
04.09.2022 18:00;04.09.2022 19:00;455,47
04.09.2022 19:00;04.09.2022 20:00;509,93
04.09.2022 20:00;04.09.2022 21:00;509,93
04.09.2022 21:00;04.09.2022 22:00;445,0
04.09.2022 22:00;04.09.2022 23:00;409,67
04.09.2022 23:00;05.09.2022 00:00;335,28
05.09.2022 00:00;05.09.2022 01:00;269,25
05.09.2022 01:00;05.09.2022 02:00;220,0
05.09.2022 02:00;05.09.2022 03:00;212,45
05.09.2022 03:00;05.09.2022 04:00;222,84
05.09.2022 04:00;05.09.2022 05:00;239,33
05.09.2022 05:00;05.09.2022 06:00;367,52
05.09.2022 06:00;05.09.2022 07:00;459,9
05.09.2022 07:00;05.09.2022 08:00;506,5
05.09.2022 08:00;05.09.2022 09:00;519,93
05.09.2022 09:00;05.09.2022 10:00;470,49
05.09.2022 10:00;05.09.2022 11:00;400,99
05.09.2022 11:00;05.09.2022 12:00;308,08
05.09.2022 12:00;05.09.2022 13:00;250,01
05.09.2022 13:00;05.09.2022 14:00;182,56
05.09.2022 14:00;05.09.2022 15:00;204,1
05.09.2022 15:00;05.09.2022 16:00;267,37
05.09.2022 16:00;05.09.2022 17:00;346,51
05.09.2022 17:00;05.09.2022 18:00;487,05
05.09.2022 18:00;05.09.2022 19:00;564,27
05.09.2022 19:00;05.09.2022 20:00;601,62
05.09.2022 20:00;05.09.2022 21:00;523,03
05.09.2022 21:00;05.09.2022 22:00;420,15
05.09.2022 22:00;05.09.2022 23:00;309,49
05.09.2022 23:00;06.09.2022 00:00;225,45
06.09.2022 00:00;06.09.2022 01:00;273,51
06.09.2022 01:00;06.09.2022 02:00;298,29
06.09.2022 02:00;06.09.2022 03:00;275,68
06.09.2022 03:00;06.09.2022 04:00;282,87
06.09.2022 04:00;06.09.2022 05:00;286,75
06.09.2022 05:00;06.09.2022 06:00;340,91
06.09.2022 06:00;06.09.2022 07:00;513,03
06.09.2022 07:00;06.09.2022 08:00;553,88
06.09.2022 08:00;06.09.2022 09:00;561,75
06.09.2022 09:00;06.09.2022 10:00;478,46
06.09.2022 10:00;06.09.2022 11:00;431,07
06.09.2022 11:00;06.09.2022 12:00;304,49
06.09.2022 12:00;06.09.2022 13:00;255,17
06.09.2022 13:00;06.09.2022 14:00;267,1
06.09.2022 14:00;06.09.2022 15:00;279,92
06.09.2022 15:00;06.09.2022 16:00;363,97
06.09.2022 16:00;06.09.2022 17:00;443,33
06.09.2022 17:00;06.09.2022 18:00;525,81
06.09.2022 18:00;06.09.2022 19:00;564,44
06.09.2022 19:00;06.09.2022 20:00;633,97
06.09.2022 20:00;06.09.2022 21:00;594,0
06.09.2022 21:00;06.09.2022 22:00;530,03
06.09.2022 22:00;06.09.2022 23:00;484,81
06.09.2022 23:00;07.09.2022 00:00;471,21
07.09.2022 00:00;07.09.2022 01:00;415,26
07.09.2022 01:00;07.09.2022 02:00;384,07
07.09.2022 02:00;07.09.2022 03:00;367,45
07.09.2022 03:00;07.09.2022 04:00;366,11
07.09.2022 04:00;07.09.2022 05:00;387,67
07.09.2022 05:00;07.09.2022 06:00;394,01
07.09.2022 06:00;07.09.2022 07:00;484,68
07.09.2022 07:00;07.09.2022 08:00;519,9
07.09.2022 08:00;07.09.2022 09:00;524,77
07.09.2022 09:00;07.09.2022 10:00;501,18
07.09.2022 10:00;07.09.2022 11:00;469,94
07.09.2022 11:00;07.09.2022 12:00;450,38
07.09.2022 12:00;07.09.2022 13:00;392,98
07.09.2022 13:00;07.09.2022 14:00;390,39
07.09.2022 14:00;07.09.2022 15:00;396,65
07.09.2022 15:00;07.09.2022 16:00;399,97
07.09.2022 16:00;07.09.2022 17:00;445,33
07.09.2022 17:00;07.09.2022 18:00;521,75
07.09.2022 18:00;07.09.2022 19:00;576,75
07.09.2022 19:00;07.09.2022 20:00;633,49
07.09.2022 20:00;07.09.2022 21:00;599,98
07.09.2022 21:00;07.09.2022 22:00;551,3
07.09.2022 22:00;07.09.2022 23:00;486,44
07.09.2022 23:00;08.09.2022 00:00;438,87
08.09.2022 00:00;08.09.2022 01:00;442,12
08.09.2022 01:00;08.09.2022 02:00;407,83
08.09.2022 02:00;08.09.2022 03:00;400,35
08.09.2022 03:00;08.09.2022 04:00;382,07
08.09.2022 04:00;08.09.2022 05:00;379,29
08.09.2022 05:00;08.09.2022 06:00;404,13
08.09.2022 06:00;08.09.2022 07:00;500,91
08.09.2022 07:00;08.09.2022 08:00;520,0
08.09.2022 08:00;08.09.2022 09:00;524,06
08.09.2022 09:00;08.09.2022 10:00;509,98
08.09.2022 10:00;08.09.2022 11:00;483,69
08.09.2022 11:00;08.09.2022 12:00;455,56
08.09.2022 12:00;08.09.2022 13:00;432,9
08.09.2022 13:00;08.09.2022 14:00;399,93
08.09.2022 14:00;08.09.2022 15:00;392,84
08.09.2022 15:00;08.09.2022 16:00;394,96
08.09.2022 16:00;08.09.2022 17:00;403,04
08.09.2022 17:00;08.09.2022 18:00;450,15
08.09.2022 18:00;08.09.2022 19:00;504,91
08.09.2022 19:00;08.09.2022 20:00;525,82
08.09.2022 20:00;08.09.2022 21:00;510,24
08.09.2022 21:00;08.09.2022 22:00;479,91
08.09.2022 22:00;08.09.2022 23:00;394,55
08.09.2022 23:00;09.09.2022 00:00;345,17
09.09.2022 00:00;09.09.2022 01:00;300,01
09.09.2022 01:00;09.09.2022 02:00;238,2
09.09.2022 02:00;09.09.2022 03:00;205,01
09.09.2022 03:00;09.09.2022 04:00;192,6
09.09.2022 04:00;09.09.2022 05:00;226,87
09.09.2022 05:00;09.09.2022 06:00;278,7
09.09.2022 06:00;09.09.2022 07:00;375,58
09.09.2022 07:00;09.09.2022 08:00;431,0
09.09.2022 08:00;09.09.2022 09:00;431,46
09.09.2022 09:00;09.09.2022 10:00;401,74
09.09.2022 10:00;09.09.2022 11:00;353,07
09.09.2022 11:00;09.09.2022 12:00;329,86
09.09.2022 12:00;09.09.2022 13:00;339,76
09.09.2022 13:00;09.09.2022 14:00;292,47
09.09.2022 14:00;09.09.2022 15:00;293,88
09.09.2022 15:00;09.09.2022 16:00;291,02
09.09.2022 16:00;09.09.2022 17:00;364,23
09.09.2022 17:00;09.09.2022 18:00;390,0
09.09.2022 18:00;09.09.2022 19:00;435,31
09.09.2022 19:00;09.09.2022 20:00;467,35
09.09.2022 20:00;09.09.2022 21:00;465,0
09.09.2022 21:00;09.09.2022 22:00;419,95
09.09.2022 22:00;09.09.2022 23:00;398,29
09.09.2022 23:00;10.09.2022 00:00;375,44
10.09.2022 00:00;10.09.2022 01:00;400,85
10.09.2022 01:00;10.09.2022 02:00;359,09
10.09.2022 02:00;10.09.2022 03:00;352,09
10.09.2022 03:00;10.09.2022 04:00;348,07
10.09.2022 04:00;10.09.2022 05:00;348,09
10.09.2022 05:00;10.09.2022 06:00;356,04
10.09.2022 06:00;10.09.2022 07:00;381,3
10.09.2022 07:00;10.09.2022 08:00;411,07
10.09.2022 08:00;10.09.2022 09:00;427,72
10.09.2022 09:00;10.09.2022 10:00;429,18
10.09.2022 10:00;10.09.2022 11:00;419,9
10.09.2022 11:00;10.09.2022 12:00;418,36
10.09.2022 12:00;10.09.2022 13:00;399,98
10.09.2022 13:00;10.09.2022 14:00;355,0
10.09.2022 14:00;10.09.2022 15:00;348,99
10.09.2022 15:00;10.09.2022 16:00;353,39
10.09.2022 16:00;10.09.2022 17:00;371,98
10.09.2022 17:00;10.09.2022 18:00;436,24
10.09.2022 18:00;10.09.2022 19:00;469,52
10.09.2022 19:00;10.09.2022 20:00;491,86
10.09.2022 20:00;10.09.2022 21:00;483,98
10.09.2022 21:00;10.09.2022 22:00;459,95
10.09.2022 22:00;10.09.2022 23:00;443,97
10.09.2022 23:00;11.09.2022 00:00;437,01
11.09.2022 00:00;11.09.2022 01:00;421,45
11.09.2022 01:00;11.09.2022 02:00;385,07
11.09.2022 02:00;11.09.2022 03:00;385,06
11.09.2022 03:00;11.09.2022 04:00;369,22
11.09.2022 04:00;11.09.2022 05:00;358,54
11.09.2022 05:00;11.09.2022 06:00;369,02
11.09.2022 06:00;11.09.2022 07:00;379,02
11.09.2022 07:00;11.09.2022 08:00;385,01
11.09.2022 08:00;11.09.2022 09:00;402,13
11.09.2022 09:00;11.09.2022 10:00;402,13
11.09.2022 10:00;11.09.2022 11:00;388,5
11.09.2022 11:00;11.09.2022 12:00;380,04
11.09.2022 12:00;11.09.2022 13:00;360,0
11.09.2022 13:00;11.09.2022 14:00;295,0
11.09.2022 14:00;11.09.2022 15:00;251,8
11.09.2022 15:00;11.09.2022 16:00;297,0
11.09.2022 16:00;11.09.2022 17:00;343,1
11.09.2022 17:00;11.09.2022 18:00;404,32
11.09.2022 18:00;11.09.2022 19:00;459,99
11.09.2022 19:00;11.09.2022 20:00;505,94
11.09.2022 20:00;11.09.2022 21:00;517,2
11.09.2022 21:00;11.09.2022 22:00;484,94
11.09.2022 22:00;11.09.2022 23:00;451,26
11.09.2022 23:00;12.09.2022 00:00;400,0
12.09.2022 00:00;12.09.2022 01:00;347,09
12.09.2022 01:00;12.09.2022 02:00;355,48
12.09.2022 02:00;12.09.2022 03:00;355,0
12.09.2022 03:00;12.09.2022 04:00;349,9
12.09.2022 04:00;12.09.2022 05:00;353,39
12.09.2022 05:00;12.09.2022 06:00;389,05
12.09.2022 06:00;12.09.2022 07:00;466,11
12.09.2022 07:00;12.09.2022 08:00;502,68
12.09.2022 08:00;12.09.2022 09:00;502,29
12.09.2022 09:00;12.09.2022 10:00;458,97
12.09.2022 10:00;12.09.2022 11:00;405,02
12.09.2022 11:00;12.09.2022 12:00;359,35
12.09.2022 12:00;12.09.2022 13:00;351,33
12.09.2022 13:00;12.09.2022 14:00;329,91
12.09.2022 14:00;12.09.2022 15:00;336,94
12.09.2022 15:00;12.09.2022 16:00;344,22
12.09.2022 16:00;12.09.2022 17:00;385,97
12.09.2022 17:00;12.09.2022 18:00;471,71
12.09.2022 18:00;12.09.2022 19:00;515,0
12.09.2022 19:00;12.09.2022 20:00;540,64
12.09.2022 20:00;12.09.2022 21:00;515,64
12.09.2022 21:00;12.09.2022 22:00;443,31
12.09.2022 22:00;12.09.2022 23:00;369,0
12.09.2022 23:00;13.09.2022 00:00;344,74
13.09.2022 00:00;13.09.2022 01:00;345,06
13.09.2022 01:00;13.09.2022 02:00;294,93
13.09.2022 02:00;13.09.2022 03:00;282,3
13.09.2022 03:00;13.09.2022 04:00;295,04
13.09.2022 04:00;13.09.2022 05:00;302,86
13.09.2022 05:00;13.09.2022 06:00;338,74
13.09.2022 06:00;13.09.2022 07:00;421,1
13.09.2022 07:00;13.09.2022 08:00;447,28
13.09.2022 08:00;13.09.2022 09:00;461,19
13.09.2022 09:00;13.09.2022 10:00;449,78
13.09.2022 10:00;13.09.2022 11:00;422,29
13.09.2022 11:00;13.09.2022 12:00;429,55
13.09.2022 12:00;13.09.2022 13:00;335,95
13.09.2022 13:00;13.09.2022 14:00;325,35
13.09.2022 14:00;13.09.2022 15:00;331,05
13.09.2022 15:00;13.09.2022 16:00;344,96
13.09.2022 16:00;13.09.2022 17:00;364,53
13.09.2022 17:00;13.09.2022 18:00;450,11
13.09.2022 18:00;13.09.2022 19:00;503,46
13.09.2022 19:00;13.09.2022 20:00;520,95
13.09.2022 20:00;13.09.2022 21:00;521,15
13.09.2022 21:00;13.09.2022 22:00;459,13
13.09.2022 22:00;13.09.2022 23:00;425,21
13.09.2022 23:00;14.09.2022 00:00;344,91
14.09.2022 00:00;14.09.2022 01:00;345,08
14.09.2022 01:00;14.09.2022 02:00;329,47
14.09.2022 02:00;14.09.2022 03:00;339,9
14.09.2022 03:00;14.09.2022 04:00;335,64
14.09.2022 04:00;14.09.2022 05:00;343,29
14.09.2022 05:00;14.09.2022 06:00;377,77
14.09.2022 06:00;14.09.2022 07:00;468,6
14.09.2022 07:00;14.09.2022 08:00;506,06
14.09.2022 08:00;14.09.2022 09:00;571,51
14.09.2022 09:00;14.09.2022 10:00;545,08
14.09.2022 10:00;14.09.2022 11:00;505,76
14.09.2022 11:00;14.09.2022 12:00;503,5
14.09.2022 12:00;14.09.2022 13:00;485,02
14.09.2022 13:00;14.09.2022 14:00;454,41
14.09.2022 14:00;14.09.2022 15:00;435,15
14.09.2022 15:00;14.09.2022 16:00;448,28
14.09.2022 16:00;14.09.2022 17:00;485,94
14.09.2022 17:00;14.09.2022 18:00;502,08
14.09.2022 18:00;14.09.2022 19:00;550,97
14.09.2022 19:00;14.09.2022 20:00;630,25
14.09.2022 20:00;14.09.2022 21:00;540,31
14.09.2022 21:00;14.09.2022 22:00;460,34
14.09.2022 22:00;14.09.2022 23:00;421,71
14.09.2022 23:00;15.09.2022 00:00;353,41
15.09.2022 00:00;15.09.2022 01:00;391,63
15.09.2022 01:00;15.09.2022 02:00;338,77
15.09.2022 02:00;15.09.2022 03:00;317,25
15.09.2022 03:00;15.09.2022 04:00;301,87
15.09.2022 04:00;15.09.2022 05:00;271,99
15.09.2022 05:00;15.09.2022 06:00;322,58
15.09.2022 06:00;15.09.2022 07:00;450,0
15.09.2022 07:00;15.09.2022 08:00;465,56
15.09.2022 08:00;15.09.2022 09:00;500,1
15.09.2022 09:00;15.09.2022 10:00;470,74
15.09.2022 10:00;15.09.2022 11:00;420,61
15.09.2022 11:00;15.09.2022 12:00;375,02
15.09.2022 12:00;15.09.2022 13:00;330,87
15.09.2022 13:00;15.09.2022 14:00;302,5
15.09.2022 14:00;15.09.2022 15:00;297,03
15.09.2022 15:00;15.09.2022 16:00;260,82
15.09.2022 16:00;15.09.2022 17:00;274,7
15.09.2022 17:00;15.09.2022 18:00;366,08
15.09.2022 18:00;15.09.2022 19:00;457,8
15.09.2022 19:00;15.09.2022 20:00;464,19
15.09.2022 20:00;15.09.2022 21:00;460,33
15.09.2022 21:00;15.09.2022 22:00;405,79
15.09.2022 22:00;15.09.2022 23:00;364,46
15.09.2022 23:00;16.09.2022 00:00;254,09
16.09.2022 00:00;16.09.2022 01:00;182,6
16.09.2022 01:00;16.09.2022 02:00;163,73
16.09.2022 02:00;16.09.2022 03:00;140,92
16.09.2022 03:00;16.09.2022 04:00;138,26
16.09.2022 04:00;16.09.2022 05:00;142,59
16.09.2022 05:00;16.09.2022 06:00;211,52
16.09.2022 06:00;16.09.2022 07:00;354,1
16.09.2022 07:00;16.09.2022 08:00;421,07
16.09.2022 08:00;16.09.2022 09:00;446,0
16.09.2022 09:00;16.09.2022 10:00;333,78
16.09.2022 10:00;16.09.2022 11:00;190,32
16.09.2022 11:00;16.09.2022 12:00;111,86
16.09.2022 12:00;16.09.2022 13:00;80,95
16.09.2022 13:00;16.09.2022 14:00;67,84
16.09.2022 14:00;16.09.2022 15:00;38,19
16.09.2022 15:00;16.09.2022 16:00;43,97
16.09.2022 16:00;16.09.2022 17:00;83,09
16.09.2022 17:00;16.09.2022 18:00;149,92
16.09.2022 18:00;16.09.2022 19:00;313,75
16.09.2022 19:00;16.09.2022 20:00;363,93
16.09.2022 20:00;16.09.2022 21:00;350,0
16.09.2022 21:00;16.09.2022 22:00;219,56
16.09.2022 22:00;16.09.2022 23:00;160,86
16.09.2022 23:00;17.09.2022 00:00;119,91
17.09.2022 00:00;17.09.2022 01:00;92,62
17.09.2022 01:00;17.09.2022 02:00;80,24
17.09.2022 02:00;17.09.2022 03:00;71,17
17.09.2022 03:00;17.09.2022 04:00;80,2
17.09.2022 04:00;17.09.2022 05:00;71,11
17.09.2022 05:00;17.09.2022 06:00;72,69
17.09.2022 06:00;17.09.2022 07:00;82,24
17.09.2022 07:00;17.09.2022 08:00;86,0
17.09.2022 08:00;17.09.2022 09:00;97,88
17.09.2022 09:00;17.09.2022 10:00;74,03
17.09.2022 10:00;17.09.2022 11:00;79,55
17.09.2022 11:00;17.09.2022 12:00;60,06
17.09.2022 12:00;17.09.2022 13:00;43,92
17.09.2022 13:00;17.09.2022 14:00;5,09
17.09.2022 14:00;17.09.2022 15:00;7,13
17.09.2022 15:00;17.09.2022 16:00;2,0
17.09.2022 16:00;17.09.2022 17:00;35,18
17.09.2022 17:00;17.09.2022 18:00;66,72
17.09.2022 18:00;17.09.2022 19:00;104,5
17.09.2022 19:00;17.09.2022 20:00;144,33
17.09.2022 20:00;17.09.2022 21:00;106,36
17.09.2022 21:00;17.09.2022 22:00;72,68
17.09.2022 22:00;17.09.2022 23:00;70,42
17.09.2022 23:00;18.09.2022 00:00;44,28
18.09.2022 00:00;18.09.2022 01:00;26,62
18.09.2022 01:00;18.09.2022 02:00;27,06
18.09.2022 02:00;18.09.2022 03:00;22,19
18.09.2022 03:00;18.09.2022 04:00;27,17
18.09.2022 04:00;18.09.2022 05:00;34,02
18.09.2022 05:00;18.09.2022 06:00;31,59
18.09.2022 06:00;18.09.2022 07:00;22,0
18.09.2022 07:00;18.09.2022 08:00;60,05
18.09.2022 08:00;18.09.2022 09:00;74,57
18.09.2022 09:00;18.09.2022 10:00;67,95
18.09.2022 10:00;18.09.2022 11:00;72,55
18.09.2022 11:00;18.09.2022 12:00;72,46
18.09.2022 12:00;18.09.2022 13:00;68,49
18.09.2022 13:00;18.09.2022 14:00;35,37
18.09.2022 14:00;18.09.2022 15:00;20,02
18.09.2022 15:00;18.09.2022 16:00;33,97
18.09.2022 16:00;18.09.2022 17:00;47,93
18.09.2022 17:00;18.09.2022 18:00;81,73
18.09.2022 18:00;18.09.2022 19:00;182,5
18.09.2022 19:00;18.09.2022 20:00;201,92
18.09.2022 20:00;18.09.2022 21:00;214,68
18.09.2022 21:00;18.09.2022 22:00;182,75
18.09.2022 22:00;18.09.2022 23:00;149,5
18.09.2022 23:00;19.09.2022 00:00;113,28
19.09.2022 00:00;19.09.2022 01:00;83,82
19.09.2022 01:00;19.09.2022 02:00;97,02
19.09.2022 02:00;19.09.2022 03:00;84,28
19.09.2022 03:00;19.09.2022 04:00;83,89
19.09.2022 04:00;19.09.2022 05:00;98,33
19.09.2022 05:00;19.09.2022 06:00;169,4
19.09.2022 06:00;19.09.2022 07:00;344,87
19.09.2022 07:00;19.09.2022 08:00;400,03
19.09.2022 08:00;19.09.2022 09:00;415,38
19.09.2022 09:00;19.09.2022 10:00;355,0
19.09.2022 10:00;19.09.2022 11:00;325,98
19.09.2022 11:00;19.09.2022 12:00;230,69
19.09.2022 12:00;19.09.2022 13:00;190,78
19.09.2022 13:00;19.09.2022 14:00;153,35
19.09.2022 14:00;19.09.2022 15:00;170,13
19.09.2022 15:00;19.09.2022 16:00;215,41
19.09.2022 16:00;19.09.2022 17:00;228,15
19.09.2022 17:00;19.09.2022 18:00;350,0
19.09.2022 18:00;19.09.2022 19:00;407,43
19.09.2022 19:00;19.09.2022 20:00;442,05
19.09.2022 20:00;19.09.2022 21:00;420,05
19.09.2022 21:00;19.09.2022 22:00;375,0
19.09.2022 22:00;19.09.2022 23:00;342,68
19.09.2022 23:00;20.09.2022 00:00;296,69
20.09.2022 00:00;20.09.2022 01:00;261,77
20.09.2022 01:00;20.09.2022 02:00;260,1
20.09.2022 02:00;20.09.2022 03:00;275,39
20.09.2022 03:00;20.09.2022 04:00;262,47
20.09.2022 04:00;20.09.2022 05:00;260,1
20.09.2022 05:00;20.09.2022 06:00;278,3
20.09.2022 06:00;20.09.2022 07:00;375,0
20.09.2022 07:00;20.09.2022 08:00;433,0
20.09.2022 08:00;20.09.2022 09:00;440,76
20.09.2022 09:00;20.09.2022 10:00;401,65
20.09.2022 10:00;20.09.2022 11:00;364,15
20.09.2022 11:00;20.09.2022 12:00;344,3
20.09.2022 12:00;20.09.2022 13:00;318,48
20.09.2022 13:00;20.09.2022 14:00;306,78
20.09.2022 14:00;20.09.2022 15:00;308,31
20.09.2022 15:00;20.09.2022 16:00;325,61
20.09.2022 16:00;20.09.2022 17:00;355,69
20.09.2022 17:00;20.09.2022 18:00;420,7
20.09.2022 18:00;20.09.2022 19:00;469,05
20.09.2022 19:00;20.09.2022 20:00;580,61
20.09.2022 20:00;20.09.2022 21:00;508,1
20.09.2022 21:00;20.09.2022 22:00;429,9
20.09.2022 22:00;20.09.2022 23:00;388,2
20.09.2022 23:00;21.09.2022 00:00;353,78
21.09.2022 00:00;21.09.2022 01:00;310,3
21.09.2022 01:00;21.09.2022 02:00;299,58
21.09.2022 02:00;21.09.2022 03:00;299,54
21.09.2022 03:00;21.09.2022 04:00;299,58
21.09.2022 04:00;21.09.2022 05:00;297,28
21.09.2022 05:00;21.09.2022 06:00;340,94
21.09.2022 06:00;21.09.2022 07:00;427,01
21.09.2022 07:00;21.09.2022 08:00;534,75
21.09.2022 08:00;21.09.2022 09:00;527,71
21.09.2022 09:00;21.09.2022 10:00;429,07
21.09.2022 10:00;21.09.2022 11:00;358,15
21.09.2022 11:00;21.09.2022 12:00;321,62
21.09.2022 12:00;21.09.2022 13:00;298,37
21.09.2022 13:00;21.09.2022 14:00;302,26
21.09.2022 14:00;21.09.2022 15:00;311,38
21.09.2022 15:00;21.09.2022 16:00;331,88
21.09.2022 16:00;21.09.2022 17:00;364,32
21.09.2022 17:00;21.09.2022 18:00;406,74
21.09.2022 18:00;21.09.2022 19:00;470,0
21.09.2022 19:00;21.09.2022 20:00;574,51
21.09.2022 20:00;21.09.2022 21:00;490,53
21.09.2022 21:00;21.09.2022 22:00;403,66
21.09.2022 22:00;21.09.2022 23:00;370,0
21.09.2022 23:00;22.09.2022 00:00;349,39
22.09.2022 00:00;22.09.2022 01:00;373,07
22.09.2022 01:00;22.09.2022 02:00;339,41
22.09.2022 02:00;22.09.2022 03:00;330,08
22.09.2022 03:00;22.09.2022 04:00;310,94
22.09.2022 04:00;22.09.2022 05:00;322,2
22.09.2022 05:00;22.09.2022 06:00;360,0
22.09.2022 06:00;22.09.2022 07:00;435,1
22.09.2022 07:00;22.09.2022 08:00;536,03
22.09.2022 08:00;22.09.2022 09:00;498,8
22.09.2022 09:00;22.09.2022 10:00;387,88
22.09.2022 10:00;22.09.2022 11:00;333,9
22.09.2022 11:00;22.09.2022 12:00;301,0
22.09.2022 12:00;22.09.2022 13:00;294,36
22.09.2022 13:00;22.09.2022 14:00;275,84
22.09.2022 14:00;22.09.2022 15:00;288,07
22.09.2022 15:00;22.09.2022 16:00;310,94
22.09.2022 16:00;22.09.2022 17:00;376,92
22.09.2022 17:00;22.09.2022 18:00;437,74
22.09.2022 18:00;22.09.2022 19:00;493,68
22.09.2022 19:00;22.09.2022 20:00;600,0
22.09.2022 20:00;22.09.2022 21:00;510,0
22.09.2022 21:00;22.09.2022 22:00;418,38
22.09.2022 22:00;22.09.2022 23:00;396,34
22.09.2022 23:00;23.09.2022 00:00;378,69
23.09.2022 00:00;23.09.2022 01:00;352,56
23.09.2022 01:00;23.09.2022 02:00;320,23
23.09.2022 02:00;23.09.2022 03:00;312,58
23.09.2022 03:00;23.09.2022 04:00;300,48
23.09.2022 04:00;23.09.2022 05:00;303,12
23.09.2022 05:00;23.09.2022 06:00;324,57
23.09.2022 06:00;23.09.2022 07:00;410,66
23.09.2022 07:00;23.09.2022 08:00;455,29
23.09.2022 08:00;23.09.2022 09:00;424,57
23.09.2022 09:00;23.09.2022 10:00;376,02
23.09.2022 10:00;23.09.2022 11:00;350,92
23.09.2022 11:00;23.09.2022 12:00;338,56
23.09.2022 12:00;23.09.2022 13:00;318,16
23.09.2022 13:00;23.09.2022 14:00;295,3
23.09.2022 14:00;23.09.2022 15:00;324,92
23.09.2022 15:00;23.09.2022 16:00;330,76
23.09.2022 16:00;23.09.2022 17:00;372,14
23.09.2022 17:00;23.09.2022 18:00;422,09
23.09.2022 18:00;23.09.2022 19:00;460,13
23.09.2022 19:00;23.09.2022 20:00;473,02
23.09.2022 20:00;23.09.2022 21:00;435,61
23.09.2022 21:00;23.09.2022 22:00;395,48
23.09.2022 22:00;23.09.2022 23:00;381,86
23.09.2022 23:00;24.09.2022 00:00;360,93
24.09.2022 00:00;24.09.2022 01:00;377,94
24.09.2022 01:00;24.09.2022 02:00;344,12
24.09.2022 02:00;24.09.2022 03:00;312,03
24.09.2022 03:00;24.09.2022 04:00;307,23
24.09.2022 04:00;24.09.2022 05:00;306,29
24.09.2022 05:00;24.09.2022 06:00;312,74
24.09.2022 06:00;24.09.2022 07:00;345,2
24.09.2022 07:00;24.09.2022 08:00;371,78
24.09.2022 08:00;24.09.2022 09:00;370,66
24.09.2022 09:00;24.09.2022 10:00;375,15
24.09.2022 10:00;24.09.2022 11:00;369,93
24.09.2022 11:00;24.09.2022 12:00;363,49
24.09.2022 12:00;24.09.2022 13:00;330,0
24.09.2022 13:00;24.09.2022 14:00;298,29
24.09.2022 14:00;24.09.2022 15:00;299,0
24.09.2022 15:00;24.09.2022 16:00;317,11
24.09.2022 16:00;24.09.2022 17:00;357,0
24.09.2022 17:00;24.09.2022 18:00;374,47
24.09.2022 18:00;24.09.2022 19:00;409,63
24.09.2022 19:00;24.09.2022 20:00;427,76
24.09.2022 20:00;24.09.2022 21:00;407,68
24.09.2022 21:00;24.09.2022 22:00;371,55
24.09.2022 22:00;24.09.2022 23:00;362,73
24.09.2022 23:00;25.09.2022 00:00;314,97
25.09.2022 00:00;25.09.2022 01:00;268,66
25.09.2022 01:00;25.09.2022 02:00;230,0
25.09.2022 02:00;25.09.2022 03:00;215,24
25.09.2022 03:00;25.09.2022 04:00;215,16
25.09.2022 04:00;25.09.2022 05:00;194,4
25.09.2022 05:00;25.09.2022 06:00;197,6
25.09.2022 06:00;25.09.2022 07:00;228,14
25.09.2022 07:00;25.09.2022 08:00;239,9
25.09.2022 08:00;25.09.2022 09:00;278,74
25.09.2022 09:00;25.09.2022 10:00;291,6
25.09.2022 10:00;25.09.2022 11:00;271,97
25.09.2022 11:00;25.09.2022 12:00;277,0
25.09.2022 12:00;25.09.2022 13:00;266,48
25.09.2022 13:00;25.09.2022 14:00;238,34
25.09.2022 14:00;25.09.2022 15:00;211,34
25.09.2022 15:00;25.09.2022 16:00;218,59
25.09.2022 16:00;25.09.2022 17:00;266,2
25.09.2022 17:00;25.09.2022 18:00;328,13
25.09.2022 18:00;25.09.2022 19:00;380,09
25.09.2022 19:00;25.09.2022 20:00;412,03
25.09.2022 20:00;25.09.2022 21:00;393,92
25.09.2022 21:00;25.09.2022 22:00;369,97
25.09.2022 22:00;25.09.2022 23:00;348,17
25.09.2022 23:00;26.09.2022 00:00;294,43
26.09.2022 00:00;26.09.2022 01:00;248,77
26.09.2022 01:00;26.09.2022 02:00;179,85
26.09.2022 02:00;26.09.2022 03:00;156,84
26.09.2022 03:00;26.09.2022 04:00;121,24
26.09.2022 04:00;26.09.2022 05:00;98,22
26.09.2022 05:00;26.09.2022 06:00;155,92
26.09.2022 06:00;26.09.2022 07:00;244,59
26.09.2022 07:00;26.09.2022 08:00;333,89
26.09.2022 08:00;26.09.2022 09:00;329,99
26.09.2022 09:00;26.09.2022 10:00;291,5
26.09.2022 10:00;26.09.2022 11:00;259,75
26.09.2022 11:00;26.09.2022 12:00;217,48
26.09.2022 12:00;26.09.2022 13:00;162,98
26.09.2022 13:00;26.09.2022 14:00;173,93
26.09.2022 14:00;26.09.2022 15:00;154,25
26.09.2022 15:00;26.09.2022 16:00;165,24
26.09.2022 16:00;26.09.2022 17:00;197,39
26.09.2022 17:00;26.09.2022 18:00;309,08
26.09.2022 18:00;26.09.2022 19:00;389,01
26.09.2022 19:00;26.09.2022 20:00;419,01
26.09.2022 20:00;26.09.2022 21:00;396,58
26.09.2022 21:00;26.09.2022 22:00;329,7
26.09.2022 22:00;26.09.2022 23:00;303,08
26.09.2022 23:00;27.09.2022 00:00;263,91
27.09.2022 00:00;27.09.2022 01:00;190,95
27.09.2022 01:00;27.09.2022 02:00;180,24
27.09.2022 02:00;27.09.2022 03:00;169,8
27.09.2022 03:00;27.09.2022 04:00;151,3
27.09.2022 04:00;27.09.2022 05:00;167,35
27.09.2022 05:00;27.09.2022 06:00;209,97
27.09.2022 06:00;27.09.2022 07:00;327,48
27.09.2022 07:00;27.09.2022 08:00;415,95
27.09.2022 08:00;27.09.2022 09:00;443,51
27.09.2022 09:00;27.09.2022 10:00;412,29
27.09.2022 10:00;27.09.2022 11:00;366,86
27.09.2022 11:00;27.09.2022 12:00;351,37
27.09.2022 12:00;27.09.2022 13:00;301,37
27.09.2022 13:00;27.09.2022 14:00;293,27
27.09.2022 14:00;27.09.2022 15:00;288,65
27.09.2022 15:00;27.09.2022 16:00;295,21
27.09.2022 16:00;27.09.2022 17:00;308,29
27.09.2022 17:00;27.09.2022 18:00;365,3
27.09.2022 18:00;27.09.2022 19:00;381,5
27.09.2022 19:00;27.09.2022 20:00;418,99
27.09.2022 20:00;27.09.2022 21:00;400,52
27.09.2022 21:00;27.09.2022 22:00;351,43
27.09.2022 22:00;27.09.2022 23:00;333,69
27.09.2022 23:00;28.09.2022 00:00;319,71
28.09.2022 00:00;28.09.2022 01:00;306,42
28.09.2022 01:00;28.09.2022 02:00;275,78
28.09.2022 02:00;28.09.2022 03:00;245,94
28.09.2022 03:00;28.09.2022 04:00;242,98
28.09.2022 04:00;28.09.2022 05:00;273,77
28.09.2022 05:00;28.09.2022 06:00;307,13
28.09.2022 06:00;28.09.2022 07:00;383,17
28.09.2022 07:00;28.09.2022 08:00;472,63
28.09.2022 08:00;28.09.2022 09:00;500,38
28.09.2022 09:00;28.09.2022 10:00;429,91
28.09.2022 10:00;28.09.2022 11:00;409,97
28.09.2022 11:00;28.09.2022 12:00;394,6
28.09.2022 12:00;28.09.2022 13:00;353,76
28.09.2022 13:00;28.09.2022 14:00;346,45
28.09.2022 14:00;28.09.2022 15:00;331,8
28.09.2022 15:00;28.09.2022 16:00;357,91
28.09.2022 16:00;28.09.2022 17:00;384,98
28.09.2022 17:00;28.09.2022 18:00;435,59
28.09.2022 18:00;28.09.2022 19:00;510,79
28.09.2022 19:00;28.09.2022 20:00;640,42
28.09.2022 20:00;28.09.2022 21:00;510,0
28.09.2022 21:00;28.09.2022 22:00;419,99
28.09.2022 22:00;28.09.2022 23:00;372,61
28.09.2022 23:00;29.09.2022 00:00;361,8
29.09.2022 00:00;29.09.2022 01:00;351,45
29.09.2022 01:00;29.09.2022 02:00;336,51
29.09.2022 02:00;29.09.2022 03:00;326,14
29.09.2022 03:00;29.09.2022 04:00;315,19
29.09.2022 04:00;29.09.2022 05:00;320,0
29.09.2022 05:00;29.09.2022 06:00;345,53
29.09.2022 06:00;29.09.2022 07:00;440,07
29.09.2022 07:00;29.09.2022 08:00;569,93
29.09.2022 08:00;29.09.2022 09:00;583,44
29.09.2022 09:00;29.09.2022 10:00;478,2
29.09.2022 10:00;29.09.2022 11:00;443,38
29.09.2022 11:00;29.09.2022 12:00;377,86
29.09.2022 12:00;29.09.2022 13:00;394,98
29.09.2022 13:00;29.09.2022 14:00;344,25
29.09.2022 14:00;29.09.2022 15:00;335,99
29.09.2022 15:00;29.09.2022 16:00;368,94
29.09.2022 16:00;29.09.2022 17:00;389,75
29.09.2022 17:00;29.09.2022 18:00;445,01
29.09.2022 18:00;29.09.2022 19:00;523,19
29.09.2022 19:00;29.09.2022 20:00;605,0
29.09.2022 20:00;29.09.2022 21:00;520,0
29.09.2022 21:00;29.09.2022 22:00;424,99
29.09.2022 22:00;29.09.2022 23:00;397,03
29.09.2022 23:00;30.09.2022 00:00;374,46
30.09.2022 00:00;30.09.2022 01:00;349,44
30.09.2022 01:00;30.09.2022 02:00;336,1
30.09.2022 02:00;30.09.2022 03:00;325,03
30.09.2022 03:00;30.09.2022 04:00;322,42
30.09.2022 04:00;30.09.2022 05:00;324,8
30.09.2022 05:00;30.09.2022 06:00;348,44
30.09.2022 06:00;30.09.2022 07:00;429,99
30.09.2022 07:00;30.09.2022 08:00;524,0
30.09.2022 08:00;30.09.2022 09:00;538,92
30.09.2022 09:00;30.09.2022 10:00;431,37
30.09.2022 10:00;30.09.2022 11:00;376,35
30.09.2022 11:00;30.09.2022 12:00;334,17
30.09.2022 12:00;30.09.2022 13:00;279,01
30.09.2022 13:00;30.09.2022 14:00;252,2
30.09.2022 14:00;30.09.2022 15:00;200,03
30.09.2022 15:00;30.09.2022 16:00;195,36
30.09.2022 16:00;30.09.2022 17:00;218,23
30.09.2022 17:00;30.09.2022 18:00;306,61
30.09.2022 18:00;30.09.2022 19:00;365,85
30.09.2022 19:00;30.09.2022 20:00;356,73
30.09.2022 20:00;30.09.2022 21:00;308,23
30.09.2022 21:00;30.09.2022 22:00;192,44
30.09.2022 22:00;30.09.2022 23:00;164,0
30.09.2022 23:00;01.10.2022 00:00;91,95
01.10.2022 00:00;01.10.2022 01:00;64,41
01.10.2022 01:00;01.10.2022 02:00;63,59
01.10.2022 02:00;01.10.2022 03:00;50,0
01.10.2022 03:00;01.10.2022 04:00;21,48
01.10.2022 04:00;01.10.2022 05:00;16,91
01.10.2022 05:00;01.10.2022 06:00;15,03
01.10.2022 06:00;01.10.2022 07:00;15,02
01.10.2022 07:00;01.10.2022 08:00;23,84
01.10.2022 08:00;01.10.2022 09:00;45,02
01.10.2022 09:00;01.10.2022 10:00;73,05
01.10.2022 10:00;01.10.2022 11:00;109,85
01.10.2022 11:00;01.10.2022 12:00;106,77
01.10.2022 12:00;01.10.2022 13:00;90,0
01.10.2022 13:00;01.10.2022 14:00;74,04
01.10.2022 14:00;01.10.2022 15:00;66,16
01.10.2022 15:00;01.10.2022 16:00;66,9
01.10.2022 16:00;01.10.2022 17:00;69,82
01.10.2022 17:00;01.10.2022 18:00;137,8
01.10.2022 18:00;01.10.2022 19:00;169,32
01.10.2022 19:00;01.10.2022 20:00;195,77
01.10.2022 20:00;01.10.2022 21:00;180,27
01.10.2022 21:00;01.10.2022 22:00;144,9
01.10.2022 22:00;01.10.2022 23:00;110,29
01.10.2022 23:00;02.10.2022 00:00;77,45
02.10.2022 00:00;02.10.2022 01:00;64,54
02.10.2022 01:00;02.10.2022 02:00;64,04
02.10.2022 02:00;02.10.2022 03:00;58,24
02.10.2022 03:00;02.10.2022 04:00;61,95
02.10.2022 04:00;02.10.2022 05:00;59,19
02.10.2022 05:00;02.10.2022 06:00;59,53
02.10.2022 06:00;02.10.2022 07:00;59,38
02.10.2022 07:00;02.10.2022 08:00;59,17
02.10.2022 08:00;02.10.2022 09:00;85,03
02.10.2022 09:00;02.10.2022 10:00;92,0
02.10.2022 10:00;02.10.2022 11:00;74,15
02.10.2022 11:00;02.10.2022 12:00;62,08
02.10.2022 12:00;02.10.2022 13:00;57,47
02.10.2022 13:00;02.10.2022 14:00;56,37
02.10.2022 14:00;02.10.2022 15:00;64,55
02.10.2022 15:00;02.10.2022 16:00;67,01
02.10.2022 16:00;02.10.2022 17:00;91,36
02.10.2022 17:00;02.10.2022 18:00;192,05
02.10.2022 18:00;02.10.2022 19:00;280,0
02.10.2022 19:00;02.10.2022 20:00;311,72
02.10.2022 20:00;02.10.2022 21:00;289,98
02.10.2022 21:00;02.10.2022 22:00;230,47
02.10.2022 22:00;02.10.2022 23:00;162,7
02.10.2022 23:00;03.10.2022 00:00;150,92
03.10.2022 00:00;03.10.2022 01:00;80,84
03.10.2022 01:00;03.10.2022 02:00;94,04
03.10.2022 02:00;03.10.2022 03:00;82,92
03.10.2022 03:00;03.10.2022 04:00;84,27
03.10.2022 04:00;03.10.2022 05:00;95,21
03.10.2022 05:00;03.10.2022 06:00;126,95
03.10.2022 06:00;03.10.2022 07:00;192,68
03.10.2022 07:00;03.10.2022 08:00;279,94
03.10.2022 08:00;03.10.2022 09:00;304,1
03.10.2022 09:00;03.10.2022 10:00;243,02
03.10.2022 10:00;03.10.2022 11:00;193,73
03.10.2022 11:00;03.10.2022 12:00;117,1
03.10.2022 12:00;03.10.2022 13:00;100,0
03.10.2022 13:00;03.10.2022 14:00;121,96
03.10.2022 14:00;03.10.2022 15:00;83,43
03.10.2022 15:00;03.10.2022 16:00;140,3
03.10.2022 16:00;03.10.2022 17:00;204,07
03.10.2022 17:00;03.10.2022 18:00;322,59
03.10.2022 18:00;03.10.2022 19:00;391,11
03.10.2022 19:00;03.10.2022 20:00;466,62
03.10.2022 20:00;03.10.2022 21:00;379,85
03.10.2022 21:00;03.10.2022 22:00;321,3
03.10.2022 22:00;03.10.2022 23:00;318,42
03.10.2022 23:00;04.10.2022 00:00;279,93
04.10.2022 00:00;04.10.2022 01:00;205,48
04.10.2022 01:00;04.10.2022 02:00;188,59
04.10.2022 02:00;04.10.2022 03:00;187,67
04.10.2022 03:00;04.10.2022 04:00;169,1
04.10.2022 04:00;04.10.2022 05:00;187,69
04.10.2022 05:00;04.10.2022 06:00;196,92
04.10.2022 06:00;04.10.2022 07:00;329,97
04.10.2022 07:00;04.10.2022 08:00;427,5
04.10.2022 08:00;04.10.2022 09:00;497,39
04.10.2022 09:00;04.10.2022 10:00;317,09
04.10.2022 10:00;04.10.2022 11:00;258,9
04.10.2022 11:00;04.10.2022 12:00;217,24
04.10.2022 12:00;04.10.2022 13:00;161,91
04.10.2022 13:00;04.10.2022 14:00;150,69
04.10.2022 14:00;04.10.2022 15:00;140,07
04.10.2022 15:00;04.10.2022 16:00;144,08
04.10.2022 16:00;04.10.2022 17:00;182,98
04.10.2022 17:00;04.10.2022 18:00;261,1
04.10.2022 18:00;04.10.2022 19:00;376,44
04.10.2022 19:00;04.10.2022 20:00;447,11
04.10.2022 20:00;04.10.2022 21:00;319,09
04.10.2022 21:00;04.10.2022 22:00;229,25
04.10.2022 22:00;04.10.2022 23:00;176,97
04.10.2022 23:00;05.10.2022 00:00;138,12
05.10.2022 00:00;05.10.2022 01:00;139,99
05.10.2022 01:00;05.10.2022 02:00;103,36
05.10.2022 02:00;05.10.2022 03:00;96,27
05.10.2022 03:00;05.10.2022 04:00;89,09
05.10.2022 04:00;05.10.2022 05:00;109,9
05.10.2022 05:00;05.10.2022 06:00;82,67
05.10.2022 06:00;05.10.2022 07:00;178,0
05.10.2022 07:00;05.10.2022 08:00;226,24
05.10.2022 08:00;05.10.2022 09:00;225,0
05.10.2022 09:00;05.10.2022 10:00;190,5
05.10.2022 10:00;05.10.2022 11:00;107,23
05.10.2022 11:00;05.10.2022 12:00;58,01
05.10.2022 12:00;05.10.2022 13:00;36,23
05.10.2022 13:00;05.10.2022 14:00;3,91
05.10.2022 14:00;05.10.2022 15:00;0,38
05.10.2022 15:00;05.10.2022 16:00;12,46
05.10.2022 16:00;05.10.2022 17:00;59,83
05.10.2022 17:00;05.10.2022 18:00;112,43
05.10.2022 18:00;05.10.2022 19:00;183,75
05.10.2022 19:00;05.10.2022 20:00;170,06
05.10.2022 20:00;05.10.2022 21:00;108,51
05.10.2022 21:00;05.10.2022 22:00;63,84
05.10.2022 22:00;05.10.2022 23:00;63,92
05.10.2022 23:00;06.10.2022 00:00;54,98
06.10.2022 00:00;06.10.2022 01:00;0,93
06.10.2022 01:00;06.10.2022 02:00;0,39
06.10.2022 02:00;06.10.2022 03:00;0,1
06.10.2022 03:00;06.10.2022 04:00;0,49
06.10.2022 04:00;06.10.2022 05:00;0,5
06.10.2022 05:00;06.10.2022 06:00;36,01
06.10.2022 06:00;06.10.2022 07:00;90,1
06.10.2022 07:00;06.10.2022 08:00;148,09
06.10.2022 08:00;06.10.2022 09:00;149,11
06.10.2022 09:00;06.10.2022 10:00;72,97
06.10.2022 10:00;06.10.2022 11:00;62,9
06.10.2022 11:00;06.10.2022 12:00;9,23
06.10.2022 12:00;06.10.2022 13:00;8,54
06.10.2022 13:00;06.10.2022 14:00;9,04
06.10.2022 14:00;06.10.2022 15:00;33,29
06.10.2022 15:00;06.10.2022 16:00;61,25
06.10.2022 16:00;06.10.2022 17:00;72,65
06.10.2022 17:00;06.10.2022 18:00;190,83
06.10.2022 18:00;06.10.2022 19:00;297,27
06.10.2022 19:00;06.10.2022 20:00;360,08
06.10.2022 20:00;06.10.2022 21:00;274,09
06.10.2022 21:00;06.10.2022 22:00;190,56
06.10.2022 22:00;06.10.2022 23:00;175,38
06.10.2022 23:00;07.10.2022 00:00;175,37
07.10.2022 00:00;07.10.2022 01:00;178,95
07.10.2022 01:00;07.10.2022 02:00;145,4
07.10.2022 02:00;07.10.2022 03:00;145,73
07.10.2022 03:00;07.10.2022 04:00;148,52
07.10.2022 04:00;07.10.2022 05:00;151,0
07.10.2022 05:00;07.10.2022 06:00;172,83
07.10.2022 06:00;07.10.2022 07:00;209,57
07.10.2022 07:00;07.10.2022 08:00;301,66
07.10.2022 08:00;07.10.2022 09:00;250,11
07.10.2022 09:00;07.10.2022 10:00;188,96
07.10.2022 10:00;07.10.2022 11:00;160,65
07.10.2022 11:00;07.10.2022 12:00;76,4
07.10.2022 12:00;07.10.2022 13:00;66,64
07.10.2022 13:00;07.10.2022 14:00;64,02
07.10.2022 14:00;07.10.2022 15:00;64,9
07.10.2022 15:00;07.10.2022 16:00;72,71
07.10.2022 16:00;07.10.2022 17:00;143,89
07.10.2022 17:00;07.10.2022 18:00;205,28
07.10.2022 18:00;07.10.2022 19:00;252,56
07.10.2022 19:00;07.10.2022 20:00;289,47
07.10.2022 20:00;07.10.2022 21:00;197,57
07.10.2022 21:00;07.10.2022 22:00;155,02
07.10.2022 22:00;07.10.2022 23:00;169,49
07.10.2022 23:00;08.10.2022 00:00;122,03
08.10.2022 00:00;08.10.2022 01:00;131,32
08.10.2022 01:00;08.10.2022 02:00;114,67
08.10.2022 02:00;08.10.2022 03:00;117,62
08.10.2022 03:00;08.10.2022 04:00;121,91
08.10.2022 04:00;08.10.2022 05:00;119,99
08.10.2022 05:00;08.10.2022 06:00;130,05
08.10.2022 06:00;08.10.2022 07:00;116,89
08.10.2022 07:00;08.10.2022 08:00;142,86
08.10.2022 08:00;08.10.2022 09:00;167,72
08.10.2022 09:00;08.10.2022 10:00;191,09
08.10.2022 10:00;08.10.2022 11:00;165,29
08.10.2022 11:00;08.10.2022 12:00;106,03
08.10.2022 12:00;08.10.2022 13:00;68,36
08.10.2022 13:00;08.10.2022 14:00;49,58
08.10.2022 14:00;08.10.2022 15:00;45,91
08.10.2022 15:00;08.10.2022 16:00;78,34
08.10.2022 16:00;08.10.2022 17:00;76,42
08.10.2022 17:00;08.10.2022 18:00;166,4
08.10.2022 18:00;08.10.2022 19:00;244,64
08.10.2022 19:00;08.10.2022 20:00;302,03
08.10.2022 20:00;08.10.2022 21:00;229,95
08.10.2022 21:00;08.10.2022 22:00;231,06
08.10.2022 22:00;08.10.2022 23:00;189,32
08.10.2022 23:00;09.10.2022 00:00;180,66
09.10.2022 00:00;09.10.2022 01:00;216,13
09.10.2022 01:00;09.10.2022 02:00;195,02
09.10.2022 02:00;09.10.2022 03:00;189,41
09.10.2022 03:00;09.10.2022 04:00;162,1
09.10.2022 04:00;09.10.2022 05:00;141,95
09.10.2022 05:00;09.10.2022 06:00;147,12
09.10.2022 06:00;09.10.2022 07:00;153,0
09.10.2022 07:00;09.10.2022 08:00;195,68
09.10.2022 08:00;09.10.2022 09:00;196,7
09.10.2022 09:00;09.10.2022 10:00;150,85
09.10.2022 10:00;09.10.2022 11:00;116,0
09.10.2022 11:00;09.10.2022 12:00;87,69
09.10.2022 12:00;09.10.2022 13:00;60,1
09.10.2022 13:00;09.10.2022 14:00;51,6
09.10.2022 14:00;09.10.2022 15:00;56,51
09.10.2022 15:00;09.10.2022 16:00;80,09
09.10.2022 16:00;09.10.2022 17:00;132,38
09.10.2022 17:00;09.10.2022 18:00;183,08
09.10.2022 18:00;09.10.2022 19:00;198,84
09.10.2022 19:00;09.10.2022 20:00;258,74
09.10.2022 20:00;09.10.2022 21:00;178,58
09.10.2022 21:00;09.10.2022 22:00;147,61
09.10.2022 22:00;09.10.2022 23:00;122,35
09.10.2022 23:00;10.10.2022 00:00;99,86
10.10.2022 00:00;10.10.2022 01:00;69,37
10.10.2022 01:00;10.10.2022 02:00;70,87
10.10.2022 02:00;10.10.2022 03:00;70,83
10.10.2022 03:00;10.10.2022 04:00;70,89
10.10.2022 04:00;10.10.2022 05:00;80,67
10.10.2022 05:00;10.10.2022 06:00;141,4
10.10.2022 06:00;10.10.2022 07:00;167,79
10.10.2022 07:00;10.10.2022 08:00;227,26
10.10.2022 08:00;10.10.2022 09:00;266,36
10.10.2022 09:00;10.10.2022 10:00;217,18
10.10.2022 10:00;10.10.2022 11:00;165,03
10.10.2022 11:00;10.10.2022 12:00;160,58
10.10.2022 12:00;10.10.2022 13:00;133,46
10.10.2022 13:00;10.10.2022 14:00;131,08
10.10.2022 14:00;10.10.2022 15:00;131,17
10.10.2022 15:00;10.10.2022 16:00;139,37
10.10.2022 16:00;10.10.2022 17:00;158,86
10.10.2022 17:00;10.10.2022 18:00;210,58
10.10.2022 18:00;10.10.2022 19:00;247,81
10.10.2022 19:00;10.10.2022 20:00;276,74
10.10.2022 20:00;10.10.2022 21:00;227,97
10.10.2022 21:00;10.10.2022 22:00;197,78
10.10.2022 22:00;10.10.2022 23:00;167,77
10.10.2022 23:00;11.10.2022 00:00;159,34
11.10.2022 00:00;11.10.2022 01:00;155,0
11.10.2022 01:00;11.10.2022 02:00;174,3
11.10.2022 02:00;11.10.2022 03:00;174,3
11.10.2022 03:00;11.10.2022 04:00;171,54
11.10.2022 04:00;11.10.2022 05:00;170,13
11.10.2022 05:00;11.10.2022 06:00;169,2
11.10.2022 06:00;11.10.2022 07:00;253,98
11.10.2022 07:00;11.10.2022 08:00;299,91
11.10.2022 08:00;11.10.2022 09:00;348,98
11.10.2022 09:00;11.10.2022 10:00;300,72
11.10.2022 10:00;11.10.2022 11:00;258,72
11.10.2022 11:00;11.10.2022 12:00;239,35
11.10.2022 12:00;11.10.2022 13:00;206,75
11.10.2022 13:00;11.10.2022 14:00;203,35
11.10.2022 14:00;11.10.2022 15:00;207,92
11.10.2022 15:00;11.10.2022 16:00;225,26
11.10.2022 16:00;11.10.2022 17:00;258,95
11.10.2022 17:00;11.10.2022 18:00;323,9
11.10.2022 18:00;11.10.2022 19:00;442,72
11.10.2022 19:00;11.10.2022 20:00;484,75
11.10.2022 20:00;11.10.2022 21:00;351,65
11.10.2022 21:00;11.10.2022 22:00;295,02
11.10.2022 22:00;11.10.2022 23:00;262,03
11.10.2022 23:00;12.10.2022 00:00;258,54
12.10.2022 00:00;12.10.2022 01:00;236,57
12.10.2022 01:00;12.10.2022 02:00;222,21
12.10.2022 02:00;12.10.2022 03:00;207,56
12.10.2022 03:00;12.10.2022 04:00;198,99
12.10.2022 04:00;12.10.2022 05:00;219,9
12.10.2022 05:00;12.10.2022 06:00;240,68
12.10.2022 06:00;12.10.2022 07:00;307,75
12.10.2022 07:00;12.10.2022 08:00;480,12
12.10.2022 08:00;12.10.2022 09:00;479,3
12.10.2022 09:00;12.10.2022 10:00;334,03
12.10.2022 10:00;12.10.2022 11:00;283,73
12.10.2022 11:00;12.10.2022 12:00;232,08
12.10.2022 12:00;12.10.2022 13:00;213,64
12.10.2022 13:00;12.10.2022 14:00;217,9
12.10.2022 14:00;12.10.2022 15:00;217,58
12.10.2022 15:00;12.10.2022 16:00;224,31
12.10.2022 16:00;12.10.2022 17:00;241,53
12.10.2022 17:00;12.10.2022 18:00;295,09
12.10.2022 18:00;12.10.2022 19:00;378,4
12.10.2022 19:00;12.10.2022 20:00;479,97
12.10.2022 20:00;12.10.2022 21:00;324,38
12.10.2022 21:00;12.10.2022 22:00;273,02
12.10.2022 22:00;12.10.2022 23:00;243,55
12.10.2022 23:00;13.10.2022 00:00;228,57
13.10.2022 00:00;13.10.2022 01:00;218,66
13.10.2022 01:00;13.10.2022 02:00;210,0
13.10.2022 02:00;13.10.2022 03:00;193,8
13.10.2022 03:00;13.10.2022 04:00;182,96
13.10.2022 04:00;13.10.2022 05:00;195,02
13.10.2022 05:00;13.10.2022 06:00;218,46
13.10.2022 06:00;13.10.2022 07:00;257,47
13.10.2022 07:00;13.10.2022 08:00;285,81
13.10.2022 08:00;13.10.2022 09:00;332,53
13.10.2022 09:00;13.10.2022 10:00;301,56
13.10.2022 10:00;13.10.2022 11:00;280,05
13.10.2022 11:00;13.10.2022 12:00;277,7
13.10.2022 12:00;13.10.2022 13:00;262,7
13.10.2022 13:00;13.10.2022 14:00;254,99
13.10.2022 14:00;13.10.2022 15:00;255,0
13.10.2022 15:00;13.10.2022 16:00;263,58
13.10.2022 16:00;13.10.2022 17:00;267,05
13.10.2022 17:00;13.10.2022 18:00;292,35
13.10.2022 18:00;13.10.2022 19:00;319,66
13.10.2022 19:00;13.10.2022 20:00;343,7
13.10.2022 20:00;13.10.2022 21:00;290,1
13.10.2022 21:00;13.10.2022 22:00;248,54
13.10.2022 22:00;13.10.2022 23:00;225,19
13.10.2022 23:00;14.10.2022 00:00;202,06
14.10.2022 00:00;14.10.2022 01:00;231,32
14.10.2022 01:00;14.10.2022 02:00;219,6
14.10.2022 02:00;14.10.2022 03:00;212,12
14.10.2022 03:00;14.10.2022 04:00;211,62
14.10.2022 04:00;14.10.2022 05:00;218,92
14.10.2022 05:00;14.10.2022 06:00;229,49
14.10.2022 06:00;14.10.2022 07:00;278,37
14.10.2022 07:00;14.10.2022 08:00;350,0
14.10.2022 08:00;14.10.2022 09:00;412,65
14.10.2022 09:00;14.10.2022 10:00;327,39
14.10.2022 10:00;14.10.2022 11:00;297,26
14.10.2022 11:00;14.10.2022 12:00;282,41
14.10.2022 12:00;14.10.2022 13:00;262,01
14.10.2022 13:00;14.10.2022 14:00;238,37
14.10.2022 14:00;14.10.2022 15:00;221,42
14.10.2022 15:00;14.10.2022 16:00;242,69
14.10.2022 16:00;14.10.2022 17:00;258,6
14.10.2022 17:00;14.10.2022 18:00;274,0
14.10.2022 18:00;14.10.2022 19:00;290,0
14.10.2022 19:00;14.10.2022 20:00;299,3
14.10.2022 20:00;14.10.2022 21:00;266,99
14.10.2022 21:00;14.10.2022 22:00;217,94
14.10.2022 22:00;14.10.2022 23:00;220,03
14.10.2022 23:00;15.10.2022 00:00;193,0
15.10.2022 00:00;15.10.2022 01:00;191,76
15.10.2022 01:00;15.10.2022 02:00;174,0
15.10.2022 02:00;15.10.2022 03:00;163,8
15.10.2022 03:00;15.10.2022 04:00;144,74
15.10.2022 04:00;15.10.2022 05:00;139,9
15.10.2022 05:00;15.10.2022 06:00;133,36
15.10.2022 06:00;15.10.2022 07:00;147,49
15.10.2022 07:00;15.10.2022 08:00;159,44
15.10.2022 08:00;15.10.2022 09:00;186,62
15.10.2022 09:00;15.10.2022 10:00;199,33
15.10.2022 10:00;15.10.2022 11:00;185,09
15.10.2022 11:00;15.10.2022 12:00;160,0
15.10.2022 12:00;15.10.2022 13:00;144,91
15.10.2022 13:00;15.10.2022 14:00;136,57
15.10.2022 14:00;15.10.2022 15:00;118,78
15.10.2022 15:00;15.10.2022 16:00;120,0
15.10.2022 16:00;15.10.2022 17:00;133,21
15.10.2022 17:00;15.10.2022 18:00;169,45
15.10.2022 18:00;15.10.2022 19:00;184,83
15.10.2022 19:00;15.10.2022 20:00;195,73
15.10.2022 20:00;15.10.2022 21:00;158,04
15.10.2022 21:00;15.10.2022 22:00;143,39
15.10.2022 22:00;15.10.2022 23:00;140,08
15.10.2022 23:00;16.10.2022 00:00;128,71
16.10.2022 00:00;16.10.2022 01:00;76,54
16.10.2022 01:00;16.10.2022 02:00;67,9
16.10.2022 02:00;16.10.2022 03:00;65,99
16.10.2022 03:00;16.10.2022 04:00;69,44
16.10.2022 04:00;16.10.2022 05:00;79,12
16.10.2022 05:00;16.10.2022 06:00;75,55
16.10.2022 06:00;16.10.2022 07:00;71,4
16.10.2022 07:00;16.10.2022 08:00;75,95
16.10.2022 08:00;16.10.2022 09:00;87,58
16.10.2022 09:00;16.10.2022 10:00;84,83
16.10.2022 10:00;16.10.2022 11:00;75,32
16.10.2022 11:00;16.10.2022 12:00;67,51
16.10.2022 12:00;16.10.2022 13:00;51,01
16.10.2022 13:00;16.10.2022 14:00;12,49
16.10.2022 14:00;16.10.2022 15:00;16,74
16.10.2022 15:00;16.10.2022 16:00;64,99
16.10.2022 16:00;16.10.2022 17:00;75,44
16.10.2022 17:00;16.10.2022 18:00;168,01
16.10.2022 18:00;16.10.2022 19:00;195,27
16.10.2022 19:00;16.10.2022 20:00;222,87
16.10.2022 20:00;16.10.2022 21:00;177,16
16.10.2022 21:00;16.10.2022 22:00;144,96
16.10.2022 22:00;16.10.2022 23:00;140,04
16.10.2022 23:00;17.10.2022 00:00;134,55
17.10.2022 00:00;17.10.2022 01:00;128,31
17.10.2022 01:00;17.10.2022 02:00;114,41
17.10.2022 02:00;17.10.2022 03:00;105,65
17.10.2022 03:00;17.10.2022 04:00;89,64
17.10.2022 04:00;17.10.2022 05:00;86,14
17.10.2022 05:00;17.10.2022 06:00;108,44
17.10.2022 06:00;17.10.2022 07:00;129,28
17.10.2022 07:00;17.10.2022 08:00;158,64
17.10.2022 08:00;17.10.2022 09:00;182,42
17.10.2022 09:00;17.10.2022 10:00;161,1
17.10.2022 10:00;17.10.2022 11:00;128,32
17.10.2022 11:00;17.10.2022 12:00;128,92
17.10.2022 12:00;17.10.2022 13:00;117,49
17.10.2022 13:00;17.10.2022 14:00;117,64
17.10.2022 14:00;17.10.2022 15:00;123,27
17.10.2022 15:00;17.10.2022 16:00;139,38
17.10.2022 16:00;17.10.2022 17:00;169,71
17.10.2022 17:00;17.10.2022 18:00;222,32
17.10.2022 18:00;17.10.2022 19:00;266,23
17.10.2022 19:00;17.10.2022 20:00;272,22
17.10.2022 20:00;17.10.2022 21:00;229,93
17.10.2022 21:00;17.10.2022 22:00;175,42
17.10.2022 22:00;17.10.2022 23:00;162,65
17.10.2022 23:00;18.10.2022 00:00;145,02
18.10.2022 00:00;18.10.2022 01:00;141,64
18.10.2022 01:00;18.10.2022 02:00;135,71
18.10.2022 02:00;18.10.2022 03:00;140,35
18.10.2022 03:00;18.10.2022 04:00;139,95
18.10.2022 04:00;18.10.2022 05:00;150,3
18.10.2022 05:00;18.10.2022 06:00;149,51
18.10.2022 06:00;18.10.2022 07:00;198,47
18.10.2022 07:00;18.10.2022 08:00;258,73
18.10.2022 08:00;18.10.2022 09:00;277,3
18.10.2022 09:00;18.10.2022 10:00;242,16
18.10.2022 10:00;18.10.2022 11:00;201,96
18.10.2022 11:00;18.10.2022 12:00;180,01
18.10.2022 12:00;18.10.2022 13:00;167,15
18.10.2022 13:00;18.10.2022 14:00;152,92
18.10.2022 14:00;18.10.2022 15:00;145,93
18.10.2022 15:00;18.10.2022 16:00;153,57
18.10.2022 16:00;18.10.2022 17:00;158,83
18.10.2022 17:00;18.10.2022 18:00;219,78
18.10.2022 18:00;18.10.2022 19:00;245,16
18.10.2022 19:00;18.10.2022 20:00;251,43
18.10.2022 20:00;18.10.2022 21:00;201,05
18.10.2022 21:00;18.10.2022 22:00;167,09
18.10.2022 22:00;18.10.2022 23:00;163,29
18.10.2022 23:00;19.10.2022 00:00;153,92
19.10.2022 00:00;19.10.2022 01:00;131,62
19.10.2022 01:00;19.10.2022 02:00;125,18
19.10.2022 02:00;19.10.2022 03:00;121,42
19.10.2022 03:00;19.10.2022 04:00;125,12
19.10.2022 04:00;19.10.2022 05:00;133,18
19.10.2022 05:00;19.10.2022 06:00;148,6
19.10.2022 06:00;19.10.2022 07:00;169,43
19.10.2022 07:00;19.10.2022 08:00;240,65
19.10.2022 08:00;19.10.2022 09:00;247,74
19.10.2022 09:00;19.10.2022 10:00;216,69
19.10.2022 10:00;19.10.2022 11:00;187,31
19.10.2022 11:00;19.10.2022 12:00;174,76
19.10.2022 12:00;19.10.2022 13:00;152,62
19.10.2022 13:00;19.10.2022 14:00;148,19
19.10.2022 14:00;19.10.2022 15:00;142,48
19.10.2022 15:00;19.10.2022 16:00;151,26
19.10.2022 16:00;19.10.2022 17:00;168,93
19.10.2022 17:00;19.10.2022 18:00;197,84
19.10.2022 18:00;19.10.2022 19:00;240,16
19.10.2022 19:00;19.10.2022 20:00;226,92
19.10.2022 20:00;19.10.2022 21:00;166,5
19.10.2022 21:00;19.10.2022 22:00;146,57
19.10.2022 22:00;19.10.2022 23:00;148,15
19.10.2022 23:00;20.10.2022 00:00;131,57
20.10.2022 00:00;20.10.2022 01:00;127,53
20.10.2022 01:00;20.10.2022 02:00;114,89
20.10.2022 02:00;20.10.2022 03:00;77,39
20.10.2022 03:00;20.10.2022 04:00;76,02
20.10.2022 04:00;20.10.2022 05:00;71,97
20.10.2022 05:00;20.10.2022 06:00;112,34
20.10.2022 06:00;20.10.2022 07:00;149,52
20.10.2022 07:00;20.10.2022 08:00;172,71
20.10.2022 08:00;20.10.2022 09:00;195,81
20.10.2022 09:00;20.10.2022 10:00;167,65
20.10.2022 10:00;20.10.2022 11:00;167,41
20.10.2022 11:00;20.10.2022 12:00;155,51
20.10.2022 12:00;20.10.2022 13:00;132,2
20.10.2022 13:00;20.10.2022 14:00;129,66
20.10.2022 14:00;20.10.2022 15:00;130,3
20.10.2022 15:00;20.10.2022 16:00;138,61
20.10.2022 16:00;20.10.2022 17:00;149,14
20.10.2022 17:00;20.10.2022 18:00;169,34
20.10.2022 18:00;20.10.2022 19:00;177,68
20.10.2022 19:00;20.10.2022 20:00;184,05
20.10.2022 20:00;20.10.2022 21:00;167,18
20.10.2022 21:00;20.10.2022 22:00;141,48
20.10.2022 22:00;20.10.2022 23:00;132,73
20.10.2022 23:00;21.10.2022 00:00;124,11
21.10.2022 00:00;21.10.2022 01:00;131,73
21.10.2022 01:00;21.10.2022 02:00;118,62
21.10.2022 02:00;21.10.2022 03:00;113,36
21.10.2022 03:00;21.10.2022 04:00;111,01
21.10.2022 04:00;21.10.2022 05:00;115,97
21.10.2022 05:00;21.10.2022 06:00;136,36
21.10.2022 06:00;21.10.2022 07:00;155,77
21.10.2022 07:00;21.10.2022 08:00;180,85
21.10.2022 08:00;21.10.2022 09:00;194,58
21.10.2022 09:00;21.10.2022 10:00;194,62
21.10.2022 10:00;21.10.2022 11:00;181,74
21.10.2022 11:00;21.10.2022 12:00;177,96
21.10.2022 12:00;21.10.2022 13:00;174,07
21.10.2022 13:00;21.10.2022 14:00;166,5
21.10.2022 14:00;21.10.2022 15:00;168,96
21.10.2022 15:00;21.10.2022 16:00;171,07
21.10.2022 16:00;21.10.2022 17:00;178,83
21.10.2022 17:00;21.10.2022 18:00;197,18
21.10.2022 18:00;21.10.2022 19:00;201,49
21.10.2022 19:00;21.10.2022 20:00;209,94
21.10.2022 20:00;21.10.2022 21:00;179,04
21.10.2022 21:00;21.10.2022 22:00;164,6
21.10.2022 22:00;21.10.2022 23:00;155,34
21.10.2022 23:00;22.10.2022 00:00;143,21
22.10.2022 00:00;22.10.2022 01:00;143,22
22.10.2022 01:00;22.10.2022 02:00;132,71
22.10.2022 02:00;22.10.2022 03:00;129,03
22.10.2022 03:00;22.10.2022 04:00;132,49
22.10.2022 04:00;22.10.2022 05:00;132,74
22.10.2022 05:00;22.10.2022 06:00;134,9
22.10.2022 06:00;22.10.2022 07:00;133,8
22.10.2022 07:00;22.10.2022 08:00;141,2
22.10.2022 08:00;22.10.2022 09:00;145,49
22.10.2022 09:00;22.10.2022 10:00;145,6
22.10.2022 10:00;22.10.2022 11:00;140,45
22.10.2022 11:00;22.10.2022 12:00;132,35
22.10.2022 12:00;22.10.2022 13:00;129,14
22.10.2022 13:00;22.10.2022 14:00;121,17
22.10.2022 14:00;22.10.2022 15:00;114,85
22.10.2022 15:00;22.10.2022 16:00;116,8
22.10.2022 16:00;22.10.2022 17:00;132,8
22.10.2022 17:00;22.10.2022 18:00;159,12
22.10.2022 18:00;22.10.2022 19:00;179,13
22.10.2022 19:00;22.10.2022 20:00;183,23
22.10.2022 20:00;22.10.2022 21:00;164,16
22.10.2022 21:00;22.10.2022 22:00;143,0
22.10.2022 22:00;22.10.2022 23:00;137,01
22.10.2022 23:00;23.10.2022 00:00;132,42
23.10.2022 00:00;23.10.2022 01:00;110,66
23.10.2022 01:00;23.10.2022 02:00;99,15
23.10.2022 02:00;23.10.2022 03:00;93,54
23.10.2022 03:00;23.10.2022 04:00;90,0
23.10.2022 04:00;23.10.2022 05:00;92,21
23.10.2022 05:00;23.10.2022 06:00;88,55
23.10.2022 06:00;23.10.2022 07:00;104,8
23.10.2022 07:00;23.10.2022 08:00;110,0
23.10.2022 08:00;23.10.2022 09:00;121,46
23.10.2022 09:00;23.10.2022 10:00;114,86
23.10.2022 10:00;23.10.2022 11:00;96,0
23.10.2022 11:00;23.10.2022 12:00;93,23
23.10.2022 12:00;23.10.2022 13:00;83,47
23.10.2022 13:00;23.10.2022 14:00;76,17
23.10.2022 14:00;23.10.2022 15:00;78,31
23.10.2022 15:00;23.10.2022 16:00;80,02
23.10.2022 16:00;23.10.2022 17:00;89,23
23.10.2022 17:00;23.10.2022 18:00;103,87
23.10.2022 18:00;23.10.2022 19:00;112,44
23.10.2022 19:00;23.10.2022 20:00;115,49
23.10.2022 20:00;23.10.2022 21:00;102,98
23.10.2022 21:00;23.10.2022 22:00;87,33
23.10.2022 22:00;23.10.2022 23:00;80,71
23.10.2022 23:00;24.10.2022 00:00;73,53
24.10.2022 00:00;24.10.2022 01:00;52,81
24.10.2022 01:00;24.10.2022 02:00;49,82
24.10.2022 02:00;24.10.2022 03:00;38,08
24.10.2022 03:00;24.10.2022 04:00;25,08
24.10.2022 04:00;24.10.2022 05:00;38,07
24.10.2022 05:00;24.10.2022 06:00;52,33
24.10.2022 06:00;24.10.2022 07:00;68,29
24.10.2022 07:00;24.10.2022 08:00;103,69
24.10.2022 08:00;24.10.2022 09:00;122,1
24.10.2022 09:00;24.10.2022 10:00;108,91
24.10.2022 10:00;24.10.2022 11:00;104,75
24.10.2022 11:00;24.10.2022 12:00;81,49
24.10.2022 12:00;24.10.2022 13:00;68,1
24.10.2022 13:00;24.10.2022 14:00;67,82
24.10.2022 14:00;24.10.2022 15:00;68,19
24.10.2022 15:00;24.10.2022 16:00;76,16
24.10.2022 16:00;24.10.2022 17:00;82,5
24.10.2022 17:00;24.10.2022 18:00;109,98
24.10.2022 18:00;24.10.2022 19:00;122,27
24.10.2022 19:00;24.10.2022 20:00;134,3
24.10.2022 20:00;24.10.2022 21:00;109,23
24.10.2022 21:00;24.10.2022 22:00;86,73
24.10.2022 22:00;24.10.2022 23:00;85,67
24.10.2022 23:00;25.10.2022 00:00;78,4
25.10.2022 00:00;25.10.2022 01:00;56,93
25.10.2022 01:00;25.10.2022 02:00;50,59
25.10.2022 02:00;25.10.2022 03:00;56,49
25.10.2022 03:00;25.10.2022 04:00;56,19
25.10.2022 04:00;25.10.2022 05:00;67,4
25.10.2022 05:00;25.10.2022 06:00;70,67
25.10.2022 06:00;25.10.2022 07:00;86,88
25.10.2022 07:00;25.10.2022 08:00;118,65
25.10.2022 08:00;25.10.2022 09:00;139,43
25.10.2022 09:00;25.10.2022 10:00;126,17
25.10.2022 10:00;25.10.2022 11:00;102,21
25.10.2022 11:00;25.10.2022 12:00;100,1
25.10.2022 12:00;25.10.2022 13:00;93,81
25.10.2022 13:00;25.10.2022 14:00;78,72
25.10.2022 14:00;25.10.2022 15:00;79,98
25.10.2022 15:00;25.10.2022 16:00;92,11
25.10.2022 16:00;25.10.2022 17:00;115,6
25.10.2022 17:00;25.10.2022 18:00;154,83
25.10.2022 18:00;25.10.2022 19:00;180,31
25.10.2022 19:00;25.10.2022 20:00;186,33
25.10.2022 20:00;25.10.2022 21:00;152,7
25.10.2022 21:00;25.10.2022 22:00;130,43
25.10.2022 22:00;25.10.2022 23:00;120,67
25.10.2022 23:00;26.10.2022 00:00;112,33
26.10.2022 00:00;26.10.2022 01:00;97,6
26.10.2022 01:00;26.10.2022 02:00;91,39
26.10.2022 02:00;26.10.2022 03:00;88,23
26.10.2022 03:00;26.10.2022 04:00;88,69
26.10.2022 04:00;26.10.2022 05:00;96,53
26.10.2022 05:00;26.10.2022 06:00;107,51
26.10.2022 06:00;26.10.2022 07:00;128,04
26.10.2022 07:00;26.10.2022 08:00;154,98
26.10.2022 08:00;26.10.2022 09:00;162,1
26.10.2022 09:00;26.10.2022 10:00;150,06
26.10.2022 10:00;26.10.2022 11:00;133,31
26.10.2022 11:00;26.10.2022 12:00;118,58
26.10.2022 12:00;26.10.2022 13:00;112,49
26.10.2022 13:00;26.10.2022 14:00;115,93
26.10.2022 14:00;26.10.2022 15:00;118,53
26.10.2022 15:00;26.10.2022 16:00;124,91
26.10.2022 16:00;26.10.2022 17:00;146,98
26.10.2022 17:00;26.10.2022 18:00;144,72
26.10.2022 18:00;26.10.2022 19:00;154,9
26.10.2022 19:00;26.10.2022 20:00;151,81
26.10.2022 20:00;26.10.2022 21:00;127,65
26.10.2022 21:00;26.10.2022 22:00;109,99
26.10.2022 22:00;26.10.2022 23:00;98,47
26.10.2022 23:00;27.10.2022 00:00;90,1
27.10.2022 00:00;27.10.2022 01:00;91,91
27.10.2022 01:00;27.10.2022 02:00;96,11
27.10.2022 02:00;27.10.2022 03:00;98,14
27.10.2022 03:00;27.10.2022 04:00;96,01
27.10.2022 04:00;27.10.2022 05:00;98,34
27.10.2022 05:00;27.10.2022 06:00;114,44
27.10.2022 06:00;27.10.2022 07:00;136,72
27.10.2022 07:00;27.10.2022 08:00;176,79
27.10.2022 08:00;27.10.2022 09:00;177,25
27.10.2022 09:00;27.10.2022 10:00;145,1
27.10.2022 10:00;27.10.2022 11:00;130,36
27.10.2022 11:00;27.10.2022 12:00;118,81
27.10.2022 12:00;27.10.2022 13:00;107,59
27.10.2022 13:00;27.10.2022 14:00;100,86
27.10.2022 14:00;27.10.2022 15:00;105,72
27.10.2022 15:00;27.10.2022 16:00;120,06
27.10.2022 16:00;27.10.2022 17:00;140,69
27.10.2022 17:00;27.10.2022 18:00;159,56
27.10.2022 18:00;27.10.2022 19:00;154,95
27.10.2022 19:00;27.10.2022 20:00;143,61
27.10.2022 20:00;27.10.2022 21:00;131,82
27.10.2022 21:00;27.10.2022 22:00;128,0
27.10.2022 22:00;27.10.2022 23:00;121,34
27.10.2022 23:00;28.10.2022 00:00;98,29
28.10.2022 00:00;28.10.2022 01:00;88,18
28.10.2022 01:00;28.10.2022 02:00;87,55
28.10.2022 02:00;28.10.2022 03:00;88,18
28.10.2022 03:00;28.10.2022 04:00;88,04
28.10.2022 04:00;28.10.2022 05:00;89,21
28.10.2022 05:00;28.10.2022 06:00;92,85
28.10.2022 06:00;28.10.2022 07:00;114,91
28.10.2022 07:00;28.10.2022 08:00;127,59
28.10.2022 08:00;28.10.2022 09:00;133,94
28.10.2022 09:00;28.10.2022 10:00;123,58
28.10.2022 10:00;28.10.2022 11:00;119,6
28.10.2022 11:00;28.10.2022 12:00;104,99
28.10.2022 12:00;28.10.2022 13:00;99,95
28.10.2022 13:00;28.10.2022 14:00;88,9
28.10.2022 14:00;28.10.2022 15:00;92,18
28.10.2022 15:00;28.10.2022 16:00;96,17
28.10.2022 16:00;28.10.2022 17:00;105,92
28.10.2022 17:00;28.10.2022 18:00;125,18
28.10.2022 18:00;28.10.2022 19:00;129,08
28.10.2022 19:00;28.10.2022 20:00;127,67
28.10.2022 20:00;28.10.2022 21:00;112,9
28.10.2022 21:00;28.10.2022 22:00;102,21
28.10.2022 22:00;28.10.2022 23:00;101,61
28.10.2022 23:00;29.10.2022 00:00;92,03
29.10.2022 00:00;29.10.2022 01:00;93,31
29.10.2022 01:00;29.10.2022 02:00;92,77
29.10.2022 02:00;29.10.2022 03:00;90,41
29.10.2022 03:00;29.10.2022 04:00;87,98
29.10.2022 04:00;29.10.2022 05:00;87,0
29.10.2022 05:00;29.10.2022 06:00;86,67
29.10.2022 06:00;29.10.2022 07:00;91,39
29.10.2022 07:00;29.10.2022 08:00;101,32
29.10.2022 08:00;29.10.2022 09:00;115,04
29.10.2022 09:00;29.10.2022 10:00;109,0
29.10.2022 10:00;29.10.2022 11:00;95,48
29.10.2022 11:00;29.10.2022 12:00;87,0
29.10.2022 12:00;29.10.2022 13:00;84,85
29.10.2022 13:00;29.10.2022 14:00;81,46
29.10.2022 14:00;29.10.2022 15:00;84,51
29.10.2022 15:00;29.10.2022 16:00;89,96
29.10.2022 16:00;29.10.2022 17:00;112,92
29.10.2022 17:00;29.10.2022 18:00;123,01
29.10.2022 18:00;29.10.2022 19:00;139,91
29.10.2022 19:00;29.10.2022 20:00;138,24
29.10.2022 20:00;29.10.2022 21:00;121,85
29.10.2022 21:00;29.10.2022 22:00;109,9
29.10.2022 22:00;29.10.2022 23:00;104,04
29.10.2022 23:00;30.10.2022 00:00;97,49
30.10.2022 00:00;30.10.2022 01:00;103,01
30.10.2022 01:00;30.10.2022 02:00;100,49
30.10.2022 02:00;30.10.2022 03:00;100,2
30.10.2022 03:00;30.10.2022 04:00;98,31
30.10.2022 04:00;30.10.2022 05:00;98,46
30.10.2022 05:00;30.10.2022 06:00;98,98
30.10.2022 06:00;30.10.2022 07:00;100,55
30.10.2022 07:00;30.10.2022 08:00;110,04
30.10.2022 08:00;30.10.2022 09:00;113,33
30.10.2022 09:00;30.10.2022 10:00;104,18
30.10.2022 10:00;30.10.2022 11:00;97,81
30.10.2022 11:00;30.10.2022 12:00;100,03
30.10.2022 12:00;30.10.2022 13:00;100,0
30.10.2022 13:00;30.10.2022 14:00;100,0
30.10.2022 14:00;30.10.2022 15:00;109,43
30.10.2022 15:00;30.10.2022 16:00;124,61
30.10.2022 16:00;30.10.2022 17:00;140,15
30.10.2022 17:00;30.10.2022 18:00;156,0
30.10.2022 18:00;30.10.2022 19:00;170,38
30.10.2022 19:00;30.10.2022 20:00;165,0
30.10.2022 20:00;30.10.2022 21:00;147,52
30.10.2022 21:00;30.10.2022 22:00;138,96
30.10.2022 22:00;30.10.2022 23:00;127,0
30.10.2022 23:00;31.10.2022 00:00;109,26
31.10.2022 00:00;31.10.2022 01:00;129,38
31.10.2022 01:00;31.10.2022 02:00;119,09
31.10.2022 02:00;31.10.2022 03:00;116,32
31.10.2022 03:00;31.10.2022 04:00;114,6
31.10.2022 04:00;31.10.2022 05:00;115,07
31.10.2022 05:00;31.10.2022 06:00;123,45
31.10.2022 06:00;31.10.2022 07:00;145,62
31.10.2022 07:00;31.10.2022 08:00;166,39
31.10.2022 08:00;31.10.2022 09:00;168,0
31.10.2022 09:00;31.10.2022 10:00;153,3
31.10.2022 10:00;31.10.2022 11:00;143,35
31.10.2022 11:00;31.10.2022 12:00;141,95
31.10.2022 12:00;31.10.2022 13:00;141,96
31.10.2022 13:00;31.10.2022 14:00;145,96
31.10.2022 14:00;31.10.2022 15:00;155,0
31.10.2022 15:00;31.10.2022 16:00;169,15
31.10.2022 16:00;31.10.2022 17:00;179,48
31.10.2022 17:00;31.10.2022 18:00;201,51
31.10.2022 18:00;31.10.2022 19:00;182,84
31.10.2022 19:00;31.10.2022 20:00;167,81
31.10.2022 20:00;31.10.2022 21:00;147,09
31.10.2022 21:00;31.10.2022 22:00;136,78
31.10.2022 22:00;31.10.2022 23:00;120,51
31.10.2022 23:00;01.11.2022 00:00;100,73
01.11.2022 00:00;01.11.2022 01:00;80,65
01.11.2022 01:00;01.11.2022 02:00;76,68
01.11.2022 02:00;01.11.2022 03:00;55,26
01.11.2022 03:00;01.11.2022 04:00;37,0
01.11.2022 04:00;01.11.2022 05:00;38,76
01.11.2022 05:00;01.11.2022 06:00;54,63
01.11.2022 06:00;01.11.2022 07:00;59,95
01.11.2022 07:00;01.11.2022 08:00;77,99
01.11.2022 08:00;01.11.2022 09:00;84,4
01.11.2022 09:00;01.11.2022 10:00;67,65
01.11.2022 10:00;01.11.2022 11:00;57,18
01.11.2022 11:00;01.11.2022 12:00;48,91
01.11.2022 12:00;01.11.2022 13:00;38,59
01.11.2022 13:00;01.11.2022 14:00;41,24
01.11.2022 14:00;01.11.2022 15:00;68,89
01.11.2022 15:00;01.11.2022 16:00;80,0
01.11.2022 16:00;01.11.2022 17:00;89,39
01.11.2022 17:00;01.11.2022 18:00;114,5
01.11.2022 18:00;01.11.2022 19:00;125,63
01.11.2022 19:00;01.11.2022 20:00;102,08
01.11.2022 20:00;01.11.2022 21:00;84,19
01.11.2022 21:00;01.11.2022 22:00;71,67
01.11.2022 22:00;01.11.2022 23:00;69,57
01.11.2022 23:00;02.11.2022 00:00;27,71
02.11.2022 00:00;02.11.2022 01:00;54,92
02.11.2022 01:00;02.11.2022 02:00;24,34
02.11.2022 02:00;02.11.2022 03:00;17,38
02.11.2022 03:00;02.11.2022 04:00;15,28
02.11.2022 04:00;02.11.2022 05:00;20,2
02.11.2022 05:00;02.11.2022 06:00;30,01
02.11.2022 06:00;02.11.2022 07:00;69,71
02.11.2022 07:00;02.11.2022 08:00;97,19
02.11.2022 08:00;02.11.2022 09:00;97,12
02.11.2022 09:00;02.11.2022 10:00;73,03
02.11.2022 10:00;02.11.2022 11:00;47,08
02.11.2022 11:00;02.11.2022 12:00;42,58
02.11.2022 12:00;02.11.2022 13:00;39,94
02.11.2022 13:00;02.11.2022 14:00;52,66
02.11.2022 14:00;02.11.2022 15:00;72,17
02.11.2022 15:00;02.11.2022 16:00;91,3
02.11.2022 16:00;02.11.2022 17:00;105,36
02.11.2022 17:00;02.11.2022 18:00;146,89
02.11.2022 18:00;02.11.2022 19:00;148,93
02.11.2022 19:00;02.11.2022 20:00;130,0
02.11.2022 20:00;02.11.2022 21:00;97,19
02.11.2022 21:00;02.11.2022 22:00;83,72
02.11.2022 22:00;02.11.2022 23:00;88,66
02.11.2022 23:00;03.11.2022 00:00;81,66
03.11.2022 00:00;03.11.2022 01:00;75,73
03.11.2022 01:00;03.11.2022 02:00;71,79
03.11.2022 02:00;03.11.2022 03:00;46,42
03.11.2022 03:00;03.11.2022 04:00;45,09
03.11.2022 04:00;03.11.2022 05:00;43,83
03.11.2022 05:00;03.11.2022 06:00;71,58
03.11.2022 06:00;03.11.2022 07:00;87,67
03.11.2022 07:00;03.11.2022 08:00;99,77
03.11.2022 08:00;03.11.2022 09:00;112,99
03.11.2022 09:00;03.11.2022 10:00;106,7
03.11.2022 10:00;03.11.2022 11:00;94,15
03.11.2022 11:00;03.11.2022 12:00;108,25
03.11.2022 12:00;03.11.2022 13:00;110,43
03.11.2022 13:00;03.11.2022 14:00;128,94
03.11.2022 14:00;03.11.2022 15:00;125,26
03.11.2022 15:00;03.11.2022 16:00;136,3
03.11.2022 16:00;03.11.2022 17:00;133,62
03.11.2022 17:00;03.11.2022 18:00;137,46
03.11.2022 18:00;03.11.2022 19:00;128,71
03.11.2022 19:00;03.11.2022 20:00;132,21
03.11.2022 20:00;03.11.2022 21:00;128,28
03.11.2022 21:00;03.11.2022 22:00;109,08
03.11.2022 22:00;03.11.2022 23:00;124,39
03.11.2022 23:00;04.11.2022 00:00;113,5
04.11.2022 00:00;04.11.2022 01:00;88,11
04.11.2022 01:00;04.11.2022 02:00;93,04
04.11.2022 02:00;04.11.2022 03:00;89,06
04.11.2022 03:00;04.11.2022 04:00;94,22
04.11.2022 04:00;04.11.2022 05:00;114,49
04.11.2022 05:00;04.11.2022 06:00;129,47
04.11.2022 06:00;04.11.2022 07:00;174,79
04.11.2022 07:00;04.11.2022 08:00;206,05
04.11.2022 08:00;04.11.2022 09:00;215,15
04.11.2022 09:00;04.11.2022 10:00;209,9
04.11.2022 10:00;04.11.2022 11:00;204,96
04.11.2022 11:00;04.11.2022 12:00;202,78
04.11.2022 12:00;04.11.2022 13:00;203,05
04.11.2022 13:00;04.11.2022 14:00;189,01
04.11.2022 14:00;04.11.2022 15:00;207,56
04.11.2022 15:00;04.11.2022 16:00;212,96
04.11.2022 16:00;04.11.2022 17:00;217,42
04.11.2022 17:00;04.11.2022 18:00;239,99
04.11.2022 18:00;04.11.2022 19:00;240,55
04.11.2022 19:00;04.11.2022 20:00;217,74
04.11.2022 20:00;04.11.2022 21:00;195,58
04.11.2022 21:00;04.11.2022 22:00;187,0
04.11.2022 22:00;04.11.2022 23:00;179,8
04.11.2022 23:00;05.11.2022 00:00;172,21
05.11.2022 00:00;05.11.2022 01:00;150,59
05.11.2022 01:00;05.11.2022 02:00;136,89
05.11.2022 02:00;05.11.2022 03:00;132,54
05.11.2022 03:00;05.11.2022 04:00;130,65
05.11.2022 04:00;05.11.2022 05:00;130,65
05.11.2022 05:00;05.11.2022 06:00;135,0
05.11.2022 06:00;05.11.2022 07:00;135,99
05.11.2022 07:00;05.11.2022 08:00;142,2
05.11.2022 08:00;05.11.2022 09:00;142,82
05.11.2022 09:00;05.11.2022 10:00;144,35
05.11.2022 10:00;05.11.2022 11:00;137,12
05.11.2022 11:00;05.11.2022 12:00;128,4
05.11.2022 12:00;05.11.2022 13:00;125,56
05.11.2022 13:00;05.11.2022 14:00;115,03
05.11.2022 14:00;05.11.2022 15:00;126,63
05.11.2022 15:00;05.11.2022 16:00;138,03
05.11.2022 16:00;05.11.2022 17:00;151,05
05.11.2022 17:00;05.11.2022 18:00;166,93
05.11.2022 18:00;05.11.2022 19:00;170,0
05.11.2022 19:00;05.11.2022 20:00;163,29
05.11.2022 20:00;05.11.2022 21:00;112,98
05.11.2022 21:00;05.11.2022 22:00;94,06
05.11.2022 22:00;05.11.2022 23:00;91,28
05.11.2022 23:00;06.11.2022 00:00;72,85
06.11.2022 00:00;06.11.2022 01:00;57,85
06.11.2022 01:00;06.11.2022 02:00;23,7
06.11.2022 02:00;06.11.2022 03:00;35,03
06.11.2022 03:00;06.11.2022 04:00;21,66
06.11.2022 04:00;06.11.2022 05:00;64,53
06.11.2022 05:00;06.11.2022 06:00;27,14
06.11.2022 06:00;06.11.2022 07:00;53,5
06.11.2022 07:00;06.11.2022 08:00;31,3
06.11.2022 08:00;06.11.2022 09:00;37,44
06.11.2022 09:00;06.11.2022 10:00;44,91
06.11.2022 10:00;06.11.2022 11:00;59,51
06.11.2022 11:00;06.11.2022 12:00;50,47
06.11.2022 12:00;06.11.2022 13:00;64,05
06.11.2022 13:00;06.11.2022 14:00;39,46
06.11.2022 14:00;06.11.2022 15:00;82,07
06.11.2022 15:00;06.11.2022 16:00;84,97
06.11.2022 16:00;06.11.2022 17:00;85,05
06.11.2022 17:00;06.11.2022 18:00;100,81
06.11.2022 18:00;06.11.2022 19:00;77,54
06.11.2022 19:00;06.11.2022 20:00;73,7
06.11.2022 20:00;06.11.2022 21:00;36,97
06.11.2022 21:00;06.11.2022 22:00;27,15
06.11.2022 22:00;06.11.2022 23:00;27,59
06.11.2022 23:00;07.11.2022 00:00;19,85
07.11.2022 00:00;07.11.2022 01:00;0,09
07.11.2022 01:00;07.11.2022 02:00;0,09
07.11.2022 02:00;07.11.2022 03:00;0,09
07.11.2022 03:00;07.11.2022 04:00;0,3
07.11.2022 04:00;07.11.2022 05:00;5,0
07.11.2022 05:00;07.11.2022 06:00;9,07
07.11.2022 06:00;07.11.2022 07:00;54,32
07.11.2022 07:00;07.11.2022 08:00;99,52
07.11.2022 08:00;07.11.2022 09:00;105,04
07.11.2022 09:00;07.11.2022 10:00;84,4
07.11.2022 10:00;07.11.2022 11:00;67,14
07.11.2022 11:00;07.11.2022 12:00;68,86
07.11.2022 12:00;07.11.2022 13:00;70,46
07.11.2022 13:00;07.11.2022 14:00;84,35
07.11.2022 14:00;07.11.2022 15:00;98,87
07.11.2022 15:00;07.11.2022 16:00;151,61
07.11.2022 16:00;07.11.2022 17:00;149,05
07.11.2022 17:00;07.11.2022 18:00;155,57
07.11.2022 18:00;07.11.2022 19:00;156,49
07.11.2022 19:00;07.11.2022 20:00;140,15
07.11.2022 20:00;07.11.2022 21:00;110,07
07.11.2022 21:00;07.11.2022 22:00;84,33
07.11.2022 22:00;07.11.2022 23:00;77,06
07.11.2022 23:00;08.11.2022 00:00;54,36
08.11.2022 00:00;08.11.2022 01:00;77,58
08.11.2022 01:00;08.11.2022 02:00;79,51
08.11.2022 02:00;08.11.2022 03:00;73,45
08.11.2022 03:00;08.11.2022 04:00;71,22
08.11.2022 04:00;08.11.2022 05:00;62,99
08.11.2022 05:00;08.11.2022 06:00;76,77
08.11.2022 06:00;08.11.2022 07:00;85,41
08.11.2022 07:00;08.11.2022 08:00;129,24
08.11.2022 08:00;08.11.2022 09:00;135,49
08.11.2022 09:00;08.11.2022 10:00;91,3
08.11.2022 10:00;08.11.2022 11:00;71,38
08.11.2022 11:00;08.11.2022 12:00;75,62
08.11.2022 12:00;08.11.2022 13:00;72,86
08.11.2022 13:00;08.11.2022 14:00;91,23
08.11.2022 14:00;08.11.2022 15:00;93,46
08.11.2022 15:00;08.11.2022 16:00;121,03
08.11.2022 16:00;08.11.2022 17:00;123,3
08.11.2022 17:00;08.11.2022 18:00;135,27
08.11.2022 18:00;08.11.2022 19:00;142,1
08.11.2022 19:00;08.11.2022 20:00;119,78
08.11.2022 20:00;08.11.2022 21:00;98,6
08.11.2022 21:00;08.11.2022 22:00;84,98
08.11.2022 22:00;08.11.2022 23:00;99,77
08.11.2022 23:00;09.11.2022 00:00;71,37
09.11.2022 00:00;09.11.2022 01:00;74,42
09.11.2022 01:00;09.11.2022 02:00;74,41
09.11.2022 02:00;09.11.2022 03:00;64,97
09.11.2022 03:00;09.11.2022 04:00;68,06
09.11.2022 04:00;09.11.2022 05:00;68,38
09.11.2022 05:00;09.11.2022 06:00;87,3
09.11.2022 06:00;09.11.2022 07:00;117,05
09.11.2022 07:00;09.11.2022 08:00;148,63
09.11.2022 08:00;09.11.2022 09:00;160,58
09.11.2022 09:00;09.11.2022 10:00;147,2
09.11.2022 10:00;09.11.2022 11:00;129,13
09.11.2022 11:00;09.11.2022 12:00;117,83
09.11.2022 12:00;09.11.2022 13:00;114,07
09.11.2022 13:00;09.11.2022 14:00;119,49
09.11.2022 14:00;09.11.2022 15:00;144,36
09.11.2022 15:00;09.11.2022 16:00;149,07
09.11.2022 16:00;09.11.2022 17:00;159,06
09.11.2022 17:00;09.11.2022 18:00;192,11
09.11.2022 18:00;09.11.2022 19:00;199,96
09.11.2022 19:00;09.11.2022 20:00;168,84
09.11.2022 20:00;09.11.2022 21:00;149,1
09.11.2022 21:00;09.11.2022 22:00;140,69
09.11.2022 22:00;09.11.2022 23:00;127,73
09.11.2022 23:00;10.11.2022 00:00;118,81
10.11.2022 00:00;10.11.2022 01:00;114,54
10.11.2022 01:00;10.11.2022 02:00;110,0
10.11.2022 02:00;10.11.2022 03:00;99,8
10.11.2022 03:00;10.11.2022 04:00;102,14
10.11.2022 04:00;10.11.2022 05:00;99,77
10.11.2022 05:00;10.11.2022 06:00;112,55
10.11.2022 06:00;10.11.2022 07:00;153,19
10.11.2022 07:00;10.11.2022 08:00;182,06
10.11.2022 08:00;10.11.2022 09:00;199,12
10.11.2022 09:00;10.11.2022 10:00;167,52
10.11.2022 10:00;10.11.2022 11:00;124,34
10.11.2022 11:00;10.11.2022 12:00;123,34
10.11.2022 12:00;10.11.2022 13:00;89,52
10.11.2022 13:00;10.11.2022 14:00;101,24
10.11.2022 14:00;10.11.2022 15:00;126,98
10.11.2022 15:00;10.11.2022 16:00;153,24
10.11.2022 16:00;10.11.2022 17:00;184,65
10.11.2022 17:00;10.11.2022 18:00;197,44
10.11.2022 18:00;10.11.2022 19:00;198,24
10.11.2022 19:00;10.11.2022 20:00;181,95
10.11.2022 20:00;10.11.2022 21:00;145,07
10.11.2022 21:00;10.11.2022 22:00;125,35
10.11.2022 22:00;10.11.2022 23:00;121,98
10.11.2022 23:00;11.11.2022 00:00;79,99
11.11.2022 00:00;11.11.2022 01:00;70,25
11.11.2022 01:00;11.11.2022 02:00;67,97
11.11.2022 02:00;11.11.2022 03:00;67,97
11.11.2022 03:00;11.11.2022 04:00;68,19
11.11.2022 04:00;11.11.2022 05:00;75,77
11.11.2022 05:00;11.11.2022 06:00;81,26
11.11.2022 06:00;11.11.2022 07:00;109,0
11.11.2022 07:00;11.11.2022 08:00;134,81
11.11.2022 08:00;11.11.2022 09:00;149,07
11.11.2022 09:00;11.11.2022 10:00;125,52
11.11.2022 10:00;11.11.2022 11:00;111,32
11.11.2022 11:00;11.11.2022 12:00;109,45
11.11.2022 12:00;11.11.2022 13:00;104,49
11.11.2022 13:00;11.11.2022 14:00;114,22
11.11.2022 14:00;11.11.2022 15:00;134,74
11.11.2022 15:00;11.11.2022 16:00;174,1
11.11.2022 16:00;11.11.2022 17:00;179,61
11.11.2022 17:00;11.11.2022 18:00;208,51
11.11.2022 18:00;11.11.2022 19:00;206,79
11.11.2022 19:00;11.11.2022 20:00;177,37
11.11.2022 20:00;11.11.2022 21:00;156,21
11.11.2022 21:00;11.11.2022 22:00;133,13
11.11.2022 22:00;11.11.2022 23:00;128,23
11.11.2022 23:00;12.11.2022 00:00;121,04
12.11.2022 00:00;12.11.2022 01:00;137,41
12.11.2022 01:00;12.11.2022 02:00;134,21
12.11.2022 02:00;12.11.2022 03:00;130,01
12.11.2022 03:00;12.11.2022 04:00;126,8
12.11.2022 04:00;12.11.2022 05:00;129,44
12.11.2022 05:00;12.11.2022 06:00;129,68
12.11.2022 06:00;12.11.2022 07:00;158,0
12.11.2022 07:00;12.11.2022 08:00;172,29
12.11.2022 08:00;12.11.2022 09:00;171,72
12.11.2022 09:00;12.11.2022 10:00;166,93
12.11.2022 10:00;12.11.2022 11:00;141,85
12.11.2022 11:00;12.11.2022 12:00;130,89
12.11.2022 12:00;12.11.2022 13:00;134,16
12.11.2022 13:00;12.11.2022 14:00;138,03
12.11.2022 14:00;12.11.2022 15:00;148,94
12.11.2022 15:00;12.11.2022 16:00;206,97
12.11.2022 16:00;12.11.2022 17:00;194,53
12.11.2022 17:00;12.11.2022 18:00;240,7
12.11.2022 18:00;12.11.2022 19:00;238,0
12.11.2022 19:00;12.11.2022 20:00;199,71
12.11.2022 20:00;12.11.2022 21:00;177,44
12.11.2022 21:00;12.11.2022 22:00;166,84
12.11.2022 22:00;12.11.2022 23:00;160,86
12.11.2022 23:00;13.11.2022 00:00;158,69
13.11.2022 00:00;13.11.2022 01:00;168,8
13.11.2022 01:00;13.11.2022 02:00;152,21
13.11.2022 02:00;13.11.2022 03:00;143,0
13.11.2022 03:00;13.11.2022 04:00;127,0
13.11.2022 04:00;13.11.2022 05:00;134,07
13.11.2022 05:00;13.11.2022 06:00;135,29
13.11.2022 06:00;13.11.2022 07:00;135,29
13.11.2022 07:00;13.11.2022 08:00;150,75
13.11.2022 08:00;13.11.2022 09:00;155,96
13.11.2022 09:00;13.11.2022 10:00;131,57
13.11.2022 10:00;13.11.2022 11:00;120,31
13.11.2022 11:00;13.11.2022 12:00;133,0
13.11.2022 12:00;13.11.2022 13:00;130,13
13.11.2022 13:00;13.11.2022 14:00;125,0
13.11.2022 14:00;13.11.2022 15:00;137,4
13.11.2022 15:00;13.11.2022 16:00;141,87
13.11.2022 16:00;13.11.2022 17:00;150,38
13.11.2022 17:00;13.11.2022 18:00;187,61
13.11.2022 18:00;13.11.2022 19:00;197,86
13.11.2022 19:00;13.11.2022 20:00;165,12
13.11.2022 20:00;13.11.2022 21:00;150,04
13.11.2022 21:00;13.11.2022 22:00;141,04
13.11.2022 22:00;13.11.2022 23:00;141,39
13.11.2022 23:00;14.11.2022 00:00;122,11
14.11.2022 00:00;14.11.2022 01:00;100,01
14.11.2022 01:00;14.11.2022 02:00;101,43
14.11.2022 02:00;14.11.2022 03:00;93,88
14.11.2022 03:00;14.11.2022 04:00;107,13
14.11.2022 04:00;14.11.2022 05:00;108,75
14.11.2022 05:00;14.11.2022 06:00;121,88
14.11.2022 06:00;14.11.2022 07:00;167,38
14.11.2022 07:00;14.11.2022 08:00;205,1
14.11.2022 08:00;14.11.2022 09:00;208,9
14.11.2022 09:00;14.11.2022 10:00;166,45
14.11.2022 10:00;14.11.2022 11:00;142,4
14.11.2022 11:00;14.11.2022 12:00;129,9
14.11.2022 12:00;14.11.2022 13:00;143,33
14.11.2022 13:00;14.11.2022 14:00;165,69
14.11.2022 14:00;14.11.2022 15:00;207,32
14.11.2022 15:00;14.11.2022 16:00;212,28
14.11.2022 16:00;14.11.2022 17:00;212,44
14.11.2022 17:00;14.11.2022 18:00;254,18
14.11.2022 18:00;14.11.2022 19:00;217,88
14.11.2022 19:00;14.11.2022 20:00;187,44
14.11.2022 20:00;14.11.2022 21:00;160,49
14.11.2022 21:00;14.11.2022 22:00;139,71
14.11.2022 22:00;14.11.2022 23:00;157,58
14.11.2022 23:00;15.11.2022 00:00;147,57
15.11.2022 00:00;15.11.2022 01:00;136,2
15.11.2022 01:00;15.11.2022 02:00;129,31
15.11.2022 02:00;15.11.2022 03:00;128,85
15.11.2022 03:00;15.11.2022 04:00;110,15
15.11.2022 04:00;15.11.2022 05:00;111,17
15.11.2022 05:00;15.11.2022 06:00;129,92
15.11.2022 06:00;15.11.2022 07:00;163,62
15.11.2022 07:00;15.11.2022 08:00;211,53
15.11.2022 08:00;15.11.2022 09:00;222,74
15.11.2022 09:00;15.11.2022 10:00;210,0
15.11.2022 10:00;15.11.2022 11:00;199,92
15.11.2022 11:00;15.11.2022 12:00;198,81
15.11.2022 12:00;15.11.2022 13:00;189,84
15.11.2022 13:00;15.11.2022 14:00;205,65
15.11.2022 14:00;15.11.2022 15:00;222,18
15.11.2022 15:00;15.11.2022 16:00;224,08
15.11.2022 16:00;15.11.2022 17:00;217,35
15.11.2022 17:00;15.11.2022 18:00;220,0
15.11.2022 18:00;15.11.2022 19:00;214,24
15.11.2022 19:00;15.11.2022 20:00;220,69
15.11.2022 20:00;15.11.2022 21:00;174,98
15.11.2022 21:00;15.11.2022 22:00;153,52
15.11.2022 22:00;15.11.2022 23:00;137,91
15.11.2022 23:00;16.11.2022 00:00;122,27
16.11.2022 00:00;16.11.2022 01:00;79,17
16.11.2022 01:00;16.11.2022 02:00;79,18
16.11.2022 02:00;16.11.2022 03:00;79,15
16.11.2022 03:00;16.11.2022 04:00;70,49
16.11.2022 04:00;16.11.2022 05:00;70,49
16.11.2022 05:00;16.11.2022 06:00;79,18
16.11.2022 06:00;16.11.2022 07:00;120,01
16.11.2022 07:00;16.11.2022 08:00;151,33
16.11.2022 08:00;16.11.2022 09:00;168,15
16.11.2022 09:00;16.11.2022 10:00;176,09
16.11.2022 10:00;16.11.2022 11:00;174,42
16.11.2022 11:00;16.11.2022 12:00;163,78
16.11.2022 12:00;16.11.2022 13:00;180,48
16.11.2022 13:00;16.11.2022 14:00;184,01
16.11.2022 14:00;16.11.2022 15:00;201,07
16.11.2022 15:00;16.11.2022 16:00;220,58
16.11.2022 16:00;16.11.2022 17:00;236,1
16.11.2022 17:00;16.11.2022 18:00;241,41
16.11.2022 18:00;16.11.2022 19:00;202,94
16.11.2022 19:00;16.11.2022 20:00;163,72
16.11.2022 20:00;16.11.2022 21:00;146,08
16.11.2022 21:00;16.11.2022 22:00;114,1
16.11.2022 22:00;16.11.2022 23:00;83,32
16.11.2022 23:00;17.11.2022 00:00;64,91
17.11.2022 00:00;17.11.2022 01:00;47,95
17.11.2022 01:00;17.11.2022 02:00;23,92
17.11.2022 02:00;17.11.2022 03:00;16,45
17.11.2022 03:00;17.11.2022 04:00;10,39
17.11.2022 04:00;17.11.2022 05:00;5,88
17.11.2022 05:00;17.11.2022 06:00;11,06
17.11.2022 06:00;17.11.2022 07:00;66,55
17.11.2022 07:00;17.11.2022 08:00;84,84
17.11.2022 08:00;17.11.2022 09:00;96,08
17.11.2022 09:00;17.11.2022 10:00;89,9
17.11.2022 10:00;17.11.2022 11:00;83,65
17.11.2022 11:00;17.11.2022 12:00;86,78
17.11.2022 12:00;17.11.2022 13:00;112,44
17.11.2022 13:00;17.11.2022 14:00;119,83
17.11.2022 14:00;17.11.2022 15:00;143,17
17.11.2022 15:00;17.11.2022 16:00;153,4
17.11.2022 16:00;17.11.2022 17:00;152,65
17.11.2022 17:00;17.11.2022 18:00;194,93
17.11.2022 18:00;17.11.2022 19:00;181,8
17.11.2022 19:00;17.11.2022 20:00;153,63
17.11.2022 20:00;17.11.2022 21:00;136,68
17.11.2022 21:00;17.11.2022 22:00;146,84
17.11.2022 22:00;17.11.2022 23:00;149,8
17.11.2022 23:00;18.11.2022 00:00;128,91
18.11.2022 00:00;18.11.2022 01:00;113,02
18.11.2022 01:00;18.11.2022 02:00;119,67
18.11.2022 02:00;18.11.2022 03:00;126,83
18.11.2022 03:00;18.11.2022 04:00;115,82
18.11.2022 04:00;18.11.2022 05:00;120,05
18.11.2022 05:00;18.11.2022 06:00;129,97
18.11.2022 06:00;18.11.2022 07:00;150,05
18.11.2022 07:00;18.11.2022 08:00;227,79
18.11.2022 08:00;18.11.2022 09:00;227,23
18.11.2022 09:00;18.11.2022 10:00;228,56
18.11.2022 10:00;18.11.2022 11:00;228,56
18.11.2022 11:00;18.11.2022 12:00;226,43
18.11.2022 12:00;18.11.2022 13:00;197,37
18.11.2022 13:00;18.11.2022 14:00;194,91
18.11.2022 14:00;18.11.2022 15:00;206,91
18.11.2022 15:00;18.11.2022 16:00;214,98
18.11.2022 16:00;18.11.2022 17:00;202,98
18.11.2022 17:00;18.11.2022 18:00;211,8
18.11.2022 18:00;18.11.2022 19:00;172,76
18.11.2022 19:00;18.11.2022 20:00;158,17
18.11.2022 20:00;18.11.2022 21:00;135,61
18.11.2022 21:00;18.11.2022 22:00;118,35
18.11.2022 22:00;18.11.2022 23:00;153,33
18.11.2022 23:00;19.11.2022 00:00;123,65
19.11.2022 00:00;19.11.2022 01:00;144,47
19.11.2022 01:00;19.11.2022 02:00;146,48
19.11.2022 02:00;19.11.2022 03:00;148,4
19.11.2022 03:00;19.11.2022 04:00;140,67
19.11.2022 04:00;19.11.2022 05:00;143,98
19.11.2022 05:00;19.11.2022 06:00;150,0
19.11.2022 06:00;19.11.2022 07:00;138,98
19.11.2022 07:00;19.11.2022 08:00;159,93
19.11.2022 08:00;19.11.2022 09:00;205,7
19.11.2022 09:00;19.11.2022 10:00;215,07
19.11.2022 10:00;19.11.2022 11:00;180,78
19.11.2022 11:00;19.11.2022 12:00;203,91
19.11.2022 12:00;19.11.2022 13:00;186,74
19.11.2022 13:00;19.11.2022 14:00;192,02
19.11.2022 14:00;19.11.2022 15:00;213,34
19.11.2022 15:00;19.11.2022 16:00;227,11
19.11.2022 16:00;19.11.2022 17:00;243,39
19.11.2022 17:00;19.11.2022 18:00;281,98
19.11.2022 18:00;19.11.2022 19:00;287,29
19.11.2022 19:00;19.11.2022 20:00;260,7
19.11.2022 20:00;19.11.2022 21:00;240,0
19.11.2022 21:00;19.11.2022 22:00;232,09
19.11.2022 22:00;19.11.2022 23:00;219,05
19.11.2022 23:00;20.11.2022 00:00;204,82
20.11.2022 00:00;20.11.2022 01:00;200,74
20.11.2022 01:00;20.11.2022 02:00;183,92
20.11.2022 02:00;20.11.2022 03:00;187,42
20.11.2022 03:00;20.11.2022 04:00;180,0
20.11.2022 04:00;20.11.2022 05:00;170,59
20.11.2022 05:00;20.11.2022 06:00;175,88
20.11.2022 06:00;20.11.2022 07:00;180,08
20.11.2022 07:00;20.11.2022 08:00;194,19
20.11.2022 08:00;20.11.2022 09:00;200,03
20.11.2022 09:00;20.11.2022 10:00;215,03
20.11.2022 10:00;20.11.2022 11:00;212,03
20.11.2022 11:00;20.11.2022 12:00;217,99
20.11.2022 12:00;20.11.2022 13:00;210,05
20.11.2022 13:00;20.11.2022 14:00;198,85
20.11.2022 14:00;20.11.2022 15:00;205,15
20.11.2022 15:00;20.11.2022 16:00;224,6
20.11.2022 16:00;20.11.2022 17:00;241,95
20.11.2022 17:00;20.11.2022 18:00;267,37
20.11.2022 18:00;20.11.2022 19:00;273,0
20.11.2022 19:00;20.11.2022 20:00;266,44
20.11.2022 20:00;20.11.2022 21:00;244,9
20.11.2022 21:00;20.11.2022 22:00;215,1
20.11.2022 22:00;20.11.2022 23:00;212,03
20.11.2022 23:00;21.11.2022 00:00;169,45
21.11.2022 00:00;21.11.2022 01:00;139,35
21.11.2022 01:00;21.11.2022 02:00;140,38
21.11.2022 02:00;21.11.2022 03:00;149,49
21.11.2022 03:00;21.11.2022 04:00;144,98
21.11.2022 04:00;21.11.2022 05:00;154,8
21.11.2022 05:00;21.11.2022 06:00;167,52
21.11.2022 06:00;21.11.2022 07:00;270,4
21.11.2022 07:00;21.11.2022 08:00;316,94
21.11.2022 08:00;21.11.2022 09:00;324,05
21.11.2022 09:00;21.11.2022 10:00;308,15
21.11.2022 10:00;21.11.2022 11:00;296,18
21.11.2022 11:00;21.11.2022 12:00;307,53
21.11.2022 12:00;21.11.2022 13:00;299,82
21.11.2022 13:00;21.11.2022 14:00;302,32
21.11.2022 14:00;21.11.2022 15:00;332,02
21.11.2022 15:00;21.11.2022 16:00;333,69
21.11.2022 16:00;21.11.2022 17:00;334,68
21.11.2022 17:00;21.11.2022 18:00;335,39
21.11.2022 18:00;21.11.2022 19:00;315,41
21.11.2022 19:00;21.11.2022 20:00;291,43
21.11.2022 20:00;21.11.2022 21:00;252,17
21.11.2022 21:00;21.11.2022 22:00;220,0
21.11.2022 22:00;21.11.2022 23:00;199,93
21.11.2022 23:00;22.11.2022 00:00;155,03
22.11.2022 00:00;22.11.2022 01:00;113,67
22.11.2022 01:00;22.11.2022 02:00;112,45
22.11.2022 02:00;22.11.2022 03:00;99,97
22.11.2022 03:00;22.11.2022 04:00;82,15
22.11.2022 04:00;22.11.2022 05:00;87,9
22.11.2022 05:00;22.11.2022 06:00;103,72
22.11.2022 06:00;22.11.2022 07:00;152,18
22.11.2022 07:00;22.11.2022 08:00;229,91
22.11.2022 08:00;22.11.2022 09:00;248,97
22.11.2022 09:00;22.11.2022 10:00;236,51
22.11.2022 10:00;22.11.2022 11:00;242,2
22.11.2022 11:00;22.11.2022 12:00;244,41
22.11.2022 12:00;22.11.2022 13:00;245,18
22.11.2022 13:00;22.11.2022 14:00;251,76
22.11.2022 14:00;22.11.2022 15:00;258,96
22.11.2022 15:00;22.11.2022 16:00;259,97
22.11.2022 16:00;22.11.2022 17:00;255,54
22.11.2022 17:00;22.11.2022 18:00;284,96
22.11.2022 18:00;22.11.2022 19:00;294,9
22.11.2022 19:00;22.11.2022 20:00;272,49
22.11.2022 20:00;22.11.2022 21:00;248,95
22.11.2022 21:00;22.11.2022 22:00;199,13
22.11.2022 22:00;22.11.2022 23:00;199,53
22.11.2022 23:00;23.11.2022 00:00;167,68
23.11.2022 00:00;23.11.2022 01:00;152,89
23.11.2022 01:00;23.11.2022 02:00;137,44
23.11.2022 02:00;23.11.2022 03:00;123,98
23.11.2022 03:00;23.11.2022 04:00;119,94
23.11.2022 04:00;23.11.2022 05:00;123,91
23.11.2022 05:00;23.11.2022 06:00;149,78
23.11.2022 06:00;23.11.2022 07:00;209,19
23.11.2022 07:00;23.11.2022 08:00;258,46
23.11.2022 08:00;23.11.2022 09:00;268,55
23.11.2022 09:00;23.11.2022 10:00;229,95
23.11.2022 10:00;23.11.2022 11:00;197,41
23.11.2022 11:00;23.11.2022 12:00;172,42
23.11.2022 12:00;23.11.2022 13:00;166,64
23.11.2022 13:00;23.11.2022 14:00;165,11
23.11.2022 14:00;23.11.2022 15:00;180,08
23.11.2022 15:00;23.11.2022 16:00;186,68
23.11.2022 16:00;23.11.2022 17:00;206,22
23.11.2022 17:00;23.11.2022 18:00;223,49
23.11.2022 18:00;23.11.2022 19:00;219,51
23.11.2022 19:00;23.11.2022 20:00;209,92
23.11.2022 20:00;23.11.2022 21:00;153,73
23.11.2022 21:00;23.11.2022 22:00;149,77
23.11.2022 22:00;23.11.2022 23:00;142,24
23.11.2022 23:00;24.11.2022 00:00;124,22
24.11.2022 00:00;24.11.2022 01:00;141,63
24.11.2022 01:00;24.11.2022 02:00;127,37
24.11.2022 02:00;24.11.2022 03:00;122,17
24.11.2022 03:00;24.11.2022 04:00;117,73
24.11.2022 04:00;24.11.2022 05:00;126,18
24.11.2022 05:00;24.11.2022 06:00;153,56
24.11.2022 06:00;24.11.2022 07:00;207,39
24.11.2022 07:00;24.11.2022 08:00;293,16
24.11.2022 08:00;24.11.2022 09:00;309,09
24.11.2022 09:00;24.11.2022 10:00;294,94
24.11.2022 10:00;24.11.2022 11:00;295,02
24.11.2022 11:00;24.11.2022 12:00;289,9
24.11.2022 12:00;24.11.2022 13:00;272,93
24.11.2022 13:00;24.11.2022 14:00;269,92
24.11.2022 14:00;24.11.2022 15:00;272,24
24.11.2022 15:00;24.11.2022 16:00;300,36
24.11.2022 16:00;24.11.2022 17:00;315,05
24.11.2022 17:00;24.11.2022 18:00;322,72
24.11.2022 18:00;24.11.2022 19:00;299,59
24.11.2022 19:00;24.11.2022 20:00;285,91
24.11.2022 20:00;24.11.2022 21:00;261,56
24.11.2022 21:00;24.11.2022 22:00;229,94
24.11.2022 22:00;24.11.2022 23:00;217,1
24.11.2022 23:00;25.11.2022 00:00;173,64
25.11.2022 00:00;25.11.2022 01:00;187,29
25.11.2022 01:00;25.11.2022 02:00;175,19
25.11.2022 02:00;25.11.2022 03:00;163,07
25.11.2022 03:00;25.11.2022 04:00;151,82
25.11.2022 04:00;25.11.2022 05:00;159,15
25.11.2022 05:00;25.11.2022 06:00;181,64
25.11.2022 06:00;25.11.2022 07:00;230,6
25.11.2022 07:00;25.11.2022 08:00;297,07
25.11.2022 08:00;25.11.2022 09:00;307,65
25.11.2022 09:00;25.11.2022 10:00;289,85
25.11.2022 10:00;25.11.2022 11:00;280,45
25.11.2022 11:00;25.11.2022 12:00;263,47
25.11.2022 12:00;25.11.2022 13:00;256,03
25.11.2022 13:00;25.11.2022 14:00;272,43
25.11.2022 14:00;25.11.2022 15:00;290,17
25.11.2022 15:00;25.11.2022 16:00;318,36
25.11.2022 16:00;25.11.2022 17:00;327,36
25.11.2022 17:00;25.11.2022 18:00;349,9
25.11.2022 18:00;25.11.2022 19:00;337,95
25.11.2022 19:00;25.11.2022 20:00;314,37
25.11.2022 20:00;25.11.2022 21:00;274,15
25.11.2022 21:00;25.11.2022 22:00;266,32
25.11.2022 22:00;25.11.2022 23:00;269,92
25.11.2022 23:00;26.11.2022 00:00;226,03
26.11.2022 00:00;26.11.2022 01:00;212,77
26.11.2022 01:00;26.11.2022 02:00;210,7
26.11.2022 02:00;26.11.2022 03:00;199,13
26.11.2022 03:00;26.11.2022 04:00;200,0
26.11.2022 04:00;26.11.2022 05:00;197,99
26.11.2022 05:00;26.11.2022 06:00;211,94
26.11.2022 06:00;26.11.2022 07:00;214,94
26.11.2022 07:00;26.11.2022 08:00;228,07
26.11.2022 08:00;26.11.2022 09:00;264,96
26.11.2022 09:00;26.11.2022 10:00;279,9
26.11.2022 10:00;26.11.2022 11:00;257,83
26.11.2022 11:00;26.11.2022 12:00;253,32
26.11.2022 12:00;26.11.2022 13:00;249,99
26.11.2022 13:00;26.11.2022 14:00;237,41
26.11.2022 14:00;26.11.2022 15:00;257,61
26.11.2022 15:00;26.11.2022 16:00;264,02
26.11.2022 16:00;26.11.2022 17:00;288,2
26.11.2022 17:00;26.11.2022 18:00;315,92
26.11.2022 18:00;26.11.2022 19:00;306,1
26.11.2022 19:00;26.11.2022 20:00;270,08
26.11.2022 20:00;26.11.2022 21:00;232,22
26.11.2022 21:00;26.11.2022 22:00;213,37
26.11.2022 22:00;26.11.2022 23:00;200,0
26.11.2022 23:00;27.11.2022 00:00;173,69
27.11.2022 00:00;27.11.2022 01:00;144,88
27.11.2022 01:00;27.11.2022 02:00;135,0
27.11.2022 02:00;27.11.2022 03:00;122,01
27.11.2022 03:00;27.11.2022 04:00;99,4
27.11.2022 04:00;27.11.2022 05:00;99,4
27.11.2022 05:00;27.11.2022 06:00;105,64
27.11.2022 06:00;27.11.2022 07:00;129,0
27.11.2022 07:00;27.11.2022 08:00;136,76
27.11.2022 08:00;27.11.2022 09:00;141,34
27.11.2022 09:00;27.11.2022 10:00;151,77
27.11.2022 10:00;27.11.2022 11:00;153,5
27.11.2022 11:00;27.11.2022 12:00;163,53
27.11.2022 12:00;27.11.2022 13:00;159,62
27.11.2022 13:00;27.11.2022 14:00;151,84
27.11.2022 14:00;27.11.2022 15:00;157,13
27.11.2022 15:00;27.11.2022 16:00;158,0
27.11.2022 16:00;27.11.2022 17:00;170,89
27.11.2022 17:00;27.11.2022 18:00;180,1
27.11.2022 18:00;27.11.2022 19:00;180,4
27.11.2022 19:00;27.11.2022 20:00;181,88
27.11.2022 20:00;27.11.2022 21:00;157,28
27.11.2022 21:00;27.11.2022 22:00;135,1
27.11.2022 22:00;27.11.2022 23:00;155,04
27.11.2022 23:00;28.11.2022 00:00;150,07
28.11.2022 00:00;28.11.2022 01:00;129,22
28.11.2022 01:00;28.11.2022 02:00;130,46
28.11.2022 02:00;28.11.2022 03:00;127,7
28.11.2022 03:00;28.11.2022 04:00;119,58
28.11.2022 04:00;28.11.2022 05:00;120,07
28.11.2022 05:00;28.11.2022 06:00;129,5
28.11.2022 06:00;28.11.2022 07:00;193,09
28.11.2022 07:00;28.11.2022 08:00;304,17
28.11.2022 08:00;28.11.2022 09:00;354,63
28.11.2022 09:00;28.11.2022 10:00;367,7
28.11.2022 10:00;28.11.2022 11:00;370,0
28.11.2022 11:00;28.11.2022 12:00;365,91
28.11.2022 12:00;28.11.2022 13:00;360,1
28.11.2022 13:00;28.11.2022 14:00;367,2
28.11.2022 14:00;28.11.2022 15:00;383,91
28.11.2022 15:00;28.11.2022 16:00;397,91
28.11.2022 16:00;28.11.2022 17:00;392,6
28.11.2022 17:00;28.11.2022 18:00;415,58
28.11.2022 18:00;28.11.2022 19:00;398,97
28.11.2022 19:00;28.11.2022 20:00;374,7
28.11.2022 20:00;28.11.2022 21:00;329,04
28.11.2022 21:00;28.11.2022 22:00;312,0
28.11.2022 22:00;28.11.2022 23:00;294,98
28.11.2022 23:00;29.11.2022 00:00;260,26
29.11.2022 00:00;29.11.2022 01:00;271,88
29.11.2022 01:00;29.11.2022 02:00;250,09
29.11.2022 02:00;29.11.2022 03:00;228,17
29.11.2022 03:00;29.11.2022 04:00;226,24
29.11.2022 04:00;29.11.2022 05:00;235,17
29.11.2022 05:00;29.11.2022 06:00;271,89
29.11.2022 06:00;29.11.2022 07:00;303,99
29.11.2022 07:00;29.11.2022 08:00;396,22
29.11.2022 08:00;29.11.2022 09:00;444,92
29.11.2022 09:00;29.11.2022 10:00;445,32
29.11.2022 10:00;29.11.2022 11:00;445,91
29.11.2022 11:00;29.11.2022 12:00;435,6
29.11.2022 12:00;29.11.2022 13:00;418,05
29.11.2022 13:00;29.11.2022 14:00;424,26
29.11.2022 14:00;29.11.2022 15:00;446,38
29.11.2022 15:00;29.11.2022 16:00;450,7
29.11.2022 16:00;29.11.2022 17:00;460,04
29.11.2022 17:00;29.11.2022 18:00;501,1
29.11.2022 18:00;29.11.2022 19:00;486,86
29.11.2022 19:00;29.11.2022 20:00;463,82
29.11.2022 20:00;29.11.2022 21:00;400,0
29.11.2022 21:00;29.11.2022 22:00;334,9
29.11.2022 22:00;29.11.2022 23:00;297,66
29.11.2022 23:00;30.11.2022 00:00;280,25
30.11.2022 00:00;30.11.2022 01:00;288,45
30.11.2022 01:00;30.11.2022 02:00;279,18
30.11.2022 02:00;30.11.2022 03:00;264,27
30.11.2022 03:00;30.11.2022 04:00;260,79
30.11.2022 04:00;30.11.2022 05:00;267,63
30.11.2022 05:00;30.11.2022 06:00;290,0
30.11.2022 06:00;30.11.2022 07:00;332,28
30.11.2022 07:00;30.11.2022 08:00;434,43
30.11.2022 08:00;30.11.2022 09:00;478,1
30.11.2022 09:00;30.11.2022 10:00;478,6
30.11.2022 10:00;30.11.2022 11:00;474,71
30.11.2022 11:00;30.11.2022 12:00;482,52
30.11.2022 12:00;30.11.2022 13:00;449,99
30.11.2022 13:00;30.11.2022 14:00;450,47
30.11.2022 14:00;30.11.2022 15:00;464,24
30.11.2022 15:00;30.11.2022 16:00;458,76
30.11.2022 16:00;30.11.2022 17:00;478,4
30.11.2022 17:00;30.11.2022 18:00;503,55
30.11.2022 18:00;30.11.2022 19:00;495,2
30.11.2022 19:00;30.11.2022 20:00;465,14
30.11.2022 20:00;30.11.2022 21:00;413,9
30.11.2022 21:00;30.11.2022 22:00;344,2
30.11.2022 22:00;30.11.2022 23:00;316,86
30.11.2022 23:00;01.12.2022 00:00;277,18
01.12.2022 00:00;01.12.2022 01:00;292,06
01.12.2022 01:00;01.12.2022 02:00;291,43
01.12.2022 02:00;01.12.2022 03:00;284,76
01.12.2022 03:00;01.12.2022 04:00;274,8
01.12.2022 04:00;01.12.2022 05:00;271,91
01.12.2022 05:00;01.12.2022 06:00;283,49
01.12.2022 06:00;01.12.2022 07:00;353,18
01.12.2022 07:00;01.12.2022 08:00;450,84
01.12.2022 08:00;01.12.2022 09:00;463,55
01.12.2022 09:00;01.12.2022 10:00;462,15
01.12.2022 10:00;01.12.2022 11:00;453,07
01.12.2022 11:00;01.12.2022 12:00;446,43
01.12.2022 12:00;01.12.2022 13:00;437,88
01.12.2022 13:00;01.12.2022 14:00;446,54
01.12.2022 14:00;01.12.2022 15:00;464,07
01.12.2022 15:00;01.12.2022 16:00;463,1
01.12.2022 16:00;01.12.2022 17:00;458,04
01.12.2022 17:00;01.12.2022 18:00;484,07
01.12.2022 18:00;01.12.2022 19:00;469,79
01.12.2022 19:00;01.12.2022 20:00;457,89
01.12.2022 20:00;01.12.2022 21:00;430,8
01.12.2022 21:00;01.12.2022 22:00;379,49
01.12.2022 22:00;01.12.2022 23:00;340,63
01.12.2022 23:00;02.12.2022 00:00;304,55
02.12.2022 00:00;02.12.2022 01:00;306,33
02.12.2022 01:00;02.12.2022 02:00;294,19
02.12.2022 02:00;02.12.2022 03:00;299,1
02.12.2022 03:00;02.12.2022 04:00;298,97
02.12.2022 04:00;02.12.2022 05:00;300,72
02.12.2022 05:00;02.12.2022 06:00;313,82
02.12.2022 06:00;02.12.2022 07:00;361,55
02.12.2022 07:00;02.12.2022 08:00;413,6
02.12.2022 08:00;02.12.2022 09:00;442,66
02.12.2022 09:00;02.12.2022 10:00;433,19
02.12.2022 10:00;02.12.2022 11:00;427,34
02.12.2022 11:00;02.12.2022 12:00;409,66
02.12.2022 12:00;02.12.2022 13:00;403,96
02.12.2022 13:00;02.12.2022 14:00;384,3
02.12.2022 14:00;02.12.2022 15:00;307,58
02.12.2022 15:00;02.12.2022 16:00;288,0
02.12.2022 16:00;02.12.2022 17:00;281,82
02.12.2022 17:00;02.12.2022 18:00;379,14
02.12.2022 18:00;02.12.2022 19:00;334,02
02.12.2022 19:00;02.12.2022 20:00;340,04
02.12.2022 20:00;02.12.2022 21:00;252,46
02.12.2022 21:00;02.12.2022 22:00;333,53
02.12.2022 22:00;02.12.2022 23:00;278,62
02.12.2022 23:00;03.12.2022 00:00;256,24
03.12.2022 00:00;03.12.2022 01:00;238,15
03.12.2022 01:00;03.12.2022 02:00;235,6
03.12.2022 02:00;03.12.2022 03:00;231,77
03.12.2022 03:00;03.12.2022 04:00;223,94
03.12.2022 04:00;03.12.2022 05:00;230,64
03.12.2022 05:00;03.12.2022 06:00;245,0
03.12.2022 06:00;03.12.2022 07:00;252,06
03.12.2022 07:00;03.12.2022 08:00;253,05
03.12.2022 08:00;03.12.2022 09:00;256,93
03.12.2022 09:00;03.12.2022 10:00;281,67
03.12.2022 10:00;03.12.2022 11:00;311,3
03.12.2022 11:00;03.12.2022 12:00;316,09
03.12.2022 12:00;03.12.2022 13:00;307,44
03.12.2022 13:00;03.12.2022 14:00;302,5
03.12.2022 14:00;03.12.2022 15:00;315,91
03.12.2022 15:00;03.12.2022 16:00;315,91
03.12.2022 16:00;03.12.2022 17:00;330,92
03.12.2022 17:00;03.12.2022 18:00;358,73
03.12.2022 18:00;03.12.2022 19:00;343,1
03.12.2022 19:00;03.12.2022 20:00;311,74
03.12.2022 20:00;03.12.2022 21:00;290,55
03.12.2022 21:00;03.12.2022 22:00;289,9
03.12.2022 22:00;03.12.2022 23:00;278,7
03.12.2022 23:00;04.12.2022 00:00;244,49
04.12.2022 00:00;04.12.2022 01:00;230,7
04.12.2022 01:00;04.12.2022 02:00;219,92
04.12.2022 02:00;04.12.2022 03:00;231,19
04.12.2022 03:00;04.12.2022 04:00;208,81
04.12.2022 04:00;04.12.2022 05:00;208,52
04.12.2022 05:00;04.12.2022 06:00;213,08
04.12.2022 06:00;04.12.2022 07:00;211,84
04.12.2022 07:00;04.12.2022 08:00;218,86
04.12.2022 08:00;04.12.2022 09:00;255,3
04.12.2022 09:00;04.12.2022 10:00;288,83
04.12.2022 10:00;04.12.2022 11:00;300,73
04.12.2022 11:00;04.12.2022 12:00;306,57
04.12.2022 12:00;04.12.2022 13:00;304,85
04.12.2022 13:00;04.12.2022 14:00;301,53
04.12.2022 14:00;04.12.2022 15:00;306,07
04.12.2022 15:00;04.12.2022 16:00;308,24
04.12.2022 16:00;04.12.2022 17:00;324,9
04.12.2022 17:00;04.12.2022 18:00;347,42
04.12.2022 18:00;04.12.2022 19:00;304,86
04.12.2022 19:00;04.12.2022 20:00;302,0
04.12.2022 20:00;04.12.2022 21:00;261,63
04.12.2022 21:00;04.12.2022 22:00;279,2
04.12.2022 22:00;04.12.2022 23:00;265,9
04.12.2022 23:00;05.12.2022 00:00;243,17
05.12.2022 00:00;05.12.2022 01:00;205,16
05.12.2022 01:00;05.12.2022 02:00;195,89
05.12.2022 02:00;05.12.2022 03:00;183,22
05.12.2022 03:00;05.12.2022 04:00;181,68
05.12.2022 04:00;05.12.2022 05:00;163,66
05.12.2022 05:00;05.12.2022 06:00;250,61
05.12.2022 06:00;05.12.2022 07:00;292,0
05.12.2022 07:00;05.12.2022 08:00;368,99
05.12.2022 08:00;05.12.2022 09:00;406,33
05.12.2022 09:00;05.12.2022 10:00;400,49
05.12.2022 10:00;05.12.2022 11:00;399,65
05.12.2022 11:00;05.12.2022 12:00;421,93
05.12.2022 12:00;05.12.2022 13:00;404,91
05.12.2022 13:00;05.12.2022 14:00;392,96
05.12.2022 14:00;05.12.2022 15:00;413,46
05.12.2022 15:00;05.12.2022 16:00;429,91
05.12.2022 16:00;05.12.2022 17:00;430,73
05.12.2022 17:00;05.12.2022 18:00;444,98
05.12.2022 18:00;05.12.2022 19:00;433,15
05.12.2022 19:00;05.12.2022 20:00;427,92
05.12.2022 20:00;05.12.2022 21:00;392,3
05.12.2022 21:00;05.12.2022 22:00;333,11
05.12.2022 22:00;05.12.2022 23:00;324,56
05.12.2022 23:00;06.12.2022 00:00;292,62
06.12.2022 00:00;06.12.2022 01:00;298,1
06.12.2022 01:00;06.12.2022 02:00;277,91
06.12.2022 02:00;06.12.2022 03:00;275,9
06.12.2022 03:00;06.12.2022 04:00;277,69
06.12.2022 04:00;06.12.2022 05:00;287,38
06.12.2022 05:00;06.12.2022 06:00;309,23
06.12.2022 06:00;06.12.2022 07:00;370,99
06.12.2022 07:00;06.12.2022 08:00;454,93
06.12.2022 08:00;06.12.2022 09:00;455,68
06.12.2022 09:00;06.12.2022 10:00;459,95
06.12.2022 10:00;06.12.2022 11:00;453,2
06.12.2022 11:00;06.12.2022 12:00;460,17
06.12.2022 12:00;06.12.2022 13:00;453,97
06.12.2022 13:00;06.12.2022 14:00;446,1
06.12.2022 14:00;06.12.2022 15:00;459,29
06.12.2022 15:00;06.12.2022 16:00;453,84
06.12.2022 16:00;06.12.2022 17:00;461,53
06.12.2022 17:00;06.12.2022 18:00;479,4
06.12.2022 18:00;06.12.2022 19:00;453,93
06.12.2022 19:00;06.12.2022 20:00;418,26
06.12.2022 20:00;06.12.2022 21:00;368,95
06.12.2022 21:00;06.12.2022 22:00;319,0
06.12.2022 22:00;06.12.2022 23:00;304,98
06.12.2022 23:00;07.12.2022 00:00;274,28
07.12.2022 00:00;07.12.2022 01:00;264,59
07.12.2022 01:00;07.12.2022 02:00;235,72
07.12.2022 02:00;07.12.2022 03:00;203,91
07.12.2022 03:00;07.12.2022 04:00;199,96
07.12.2022 04:00;07.12.2022 05:00;230,18
07.12.2022 05:00;07.12.2022 06:00;259,4
07.12.2022 06:00;07.12.2022 07:00;254,05
07.12.2022 07:00;07.12.2022 08:00;345,01
07.12.2022 08:00;07.12.2022 09:00;383,29
07.12.2022 09:00;07.12.2022 10:00;345,7
07.12.2022 10:00;07.12.2022 11:00;325,23
07.12.2022 11:00;07.12.2022 12:00;305,01
07.12.2022 12:00;07.12.2022 13:00;296,85
07.12.2022 13:00;07.12.2022 14:00;323,15
07.12.2022 14:00;07.12.2022 15:00;408,06
07.12.2022 15:00;07.12.2022 16:00;436,74
07.12.2022 16:00;07.12.2022 17:00;454,07
07.12.2022 17:00;07.12.2022 18:00;419,26
07.12.2022 18:00;07.12.2022 19:00;400,0
07.12.2022 19:00;07.12.2022 20:00;388,38
07.12.2022 20:00;07.12.2022 21:00;408,82
07.12.2022 21:00;07.12.2022 22:00;327,15
07.12.2022 22:00;07.12.2022 23:00;300,72
07.12.2022 23:00;08.12.2022 00:00;280,56
08.12.2022 00:00;08.12.2022 01:00;286,56
08.12.2022 01:00;08.12.2022 02:00;280,78
08.12.2022 02:00;08.12.2022 03:00;269,67
08.12.2022 03:00;08.12.2022 04:00;269,91
08.12.2022 04:00;08.12.2022 05:00;275,49
08.12.2022 05:00;08.12.2022 06:00;299,79
08.12.2022 06:00;08.12.2022 07:00;326,0
08.12.2022 07:00;08.12.2022 08:00;400,09
08.12.2022 08:00;08.12.2022 09:00;447,43
08.12.2022 09:00;08.12.2022 10:00;454,09
08.12.2022 10:00;08.12.2022 11:00;447,85
08.12.2022 11:00;08.12.2022 12:00;446,22
08.12.2022 12:00;08.12.2022 13:00;448,47
08.12.2022 13:00;08.12.2022 14:00;448,26
08.12.2022 14:00;08.12.2022 15:00;454,05
08.12.2022 15:00;08.12.2022 16:00;456,99
08.12.2022 16:00;08.12.2022 17:00;462,92
08.12.2022 17:00;08.12.2022 18:00;498,21
08.12.2022 18:00;08.12.2022 19:00;459,27
08.12.2022 19:00;08.12.2022 20:00;454,02
08.12.2022 20:00;08.12.2022 21:00;433,91
08.12.2022 21:00;08.12.2022 22:00;353,13
08.12.2022 22:00;08.12.2022 23:00;328,31
08.12.2022 23:00;09.12.2022 00:00;299,24
09.12.2022 00:00;09.12.2022 01:00;334,01
09.12.2022 01:00;09.12.2022 02:00;306,42
09.12.2022 02:00;09.12.2022 03:00;302,38
09.12.2022 03:00;09.12.2022 04:00;298,49
09.12.2022 04:00;09.12.2022 05:00;304,04
09.12.2022 05:00;09.12.2022 06:00;317,66
09.12.2022 06:00;09.12.2022 07:00;358,77
09.12.2022 07:00;09.12.2022 08:00;455,38
09.12.2022 08:00;09.12.2022 09:00;474,29
09.12.2022 09:00;09.12.2022 10:00;474,7
09.12.2022 10:00;09.12.2022 11:00;471,33
09.12.2022 11:00;09.12.2022 12:00;484,16
09.12.2022 12:00;09.12.2022 13:00;481,1
09.12.2022 13:00;09.12.2022 14:00;470,0
09.12.2022 14:00;09.12.2022 15:00;476,44
09.12.2022 15:00;09.12.2022 16:00;473,91
09.12.2022 16:00;09.12.2022 17:00;474,88
09.12.2022 17:00;09.12.2022 18:00;507,91
09.12.2022 18:00;09.12.2022 19:00;477,37
09.12.2022 19:00;09.12.2022 20:00;451,51
09.12.2022 20:00;09.12.2022 21:00;440,0
09.12.2022 21:00;09.12.2022 22:00;376,0
09.12.2022 22:00;09.12.2022 23:00;338,04
09.12.2022 23:00;10.12.2022 00:00;316,22
10.12.2022 00:00;10.12.2022 01:00;312,48
10.12.2022 01:00;10.12.2022 02:00;306,0
10.12.2022 02:00;10.12.2022 03:00;290,79
10.12.2022 03:00;10.12.2022 04:00;287,26
10.12.2022 04:00;10.12.2022 05:00;284,9
10.12.2022 05:00;10.12.2022 06:00;287,15
10.12.2022 06:00;10.12.2022 07:00;295,35
10.12.2022 07:00;10.12.2022 08:00;313,58
10.12.2022 08:00;10.12.2022 09:00;346,14
10.12.2022 09:00;10.12.2022 10:00;396,61
10.12.2022 10:00;10.12.2022 11:00;419,33
10.12.2022 11:00;10.12.2022 12:00;412,38
10.12.2022 12:00;10.12.2022 13:00;398,1
10.12.2022 13:00;10.12.2022 14:00;375,9
10.12.2022 14:00;10.12.2022 15:00;377,07
10.12.2022 15:00;10.12.2022 16:00;393,5
10.12.2022 16:00;10.12.2022 17:00;420,59
10.12.2022 17:00;10.12.2022 18:00;449,92
10.12.2022 18:00;10.12.2022 19:00;442,7
10.12.2022 19:00;10.12.2022 20:00;420,72
10.12.2022 20:00;10.12.2022 21:00;361,15
10.12.2022 21:00;10.12.2022 22:00;323,88
10.12.2022 22:00;10.12.2022 23:00;307,65
10.12.2022 23:00;11.12.2022 00:00;288,27
11.12.2022 00:00;11.12.2022 01:00;300,65
11.12.2022 01:00;11.12.2022 02:00;292,8
11.12.2022 02:00;11.12.2022 03:00;288,08
11.12.2022 03:00;11.12.2022 04:00;272,52
11.12.2022 04:00;11.12.2022 05:00;268,42
11.12.2022 05:00;11.12.2022 06:00;269,24
11.12.2022 06:00;11.12.2022 07:00;280,98
11.12.2022 07:00;11.12.2022 08:00;279,73
11.12.2022 08:00;11.12.2022 09:00;293,09
11.12.2022 09:00;11.12.2022 10:00;320,09
11.12.2022 10:00;11.12.2022 11:00;326,55
11.12.2022 11:00;11.12.2022 12:00;345,19
11.12.2022 12:00;11.12.2022 13:00;347,71
11.12.2022 13:00;11.12.2022 14:00;324,74
11.12.2022 14:00;11.12.2022 15:00;328,31
11.12.2022 15:00;11.12.2022 16:00;336,51
11.12.2022 16:00;11.12.2022 17:00;361,6
11.12.2022 17:00;11.12.2022 18:00;413,94
11.12.2022 18:00;11.12.2022 19:00;430,05
11.12.2022 19:00;11.12.2022 20:00;412,74
11.12.2022 20:00;11.12.2022 21:00;383,98
11.12.2022 21:00;11.12.2022 22:00;335,35
11.12.2022 22:00;11.12.2022 23:00;323,85
11.12.2022 23:00;12.12.2022 00:00;306,25
12.12.2022 00:00;12.12.2022 01:00;280,18
12.12.2022 01:00;12.12.2022 02:00;277,68
12.12.2022 02:00;12.12.2022 03:00;274,31
12.12.2022 03:00;12.12.2022 04:00;269,79
12.12.2022 04:00;12.12.2022 05:00;267,92
12.12.2022 05:00;12.12.2022 06:00;283,71
12.12.2022 06:00;12.12.2022 07:00;392,24
12.12.2022 07:00;12.12.2022 08:00;505,0
12.12.2022 08:00;12.12.2022 09:00;545,22
12.12.2022 09:00;12.12.2022 10:00;513,99
12.12.2022 10:00;12.12.2022 11:00;505,47
12.12.2022 11:00;12.12.2022 12:00;497,62
12.12.2022 12:00;12.12.2022 13:00;489,95
12.12.2022 13:00;12.12.2022 14:00;482,8
12.12.2022 14:00;12.12.2022 15:00;506,04
12.12.2022 15:00;12.12.2022 16:00;535,73
12.12.2022 16:00;12.12.2022 17:00;558,54
12.12.2022 17:00;12.12.2022 18:00;588,09
12.12.2022 18:00;12.12.2022 19:00;558,66
12.12.2022 19:00;12.12.2022 20:00;508,04
12.12.2022 20:00;12.12.2022 21:00;490,0
12.12.2022 21:00;12.12.2022 22:00;408,9
12.12.2022 22:00;12.12.2022 23:00;361,32
12.12.2022 23:00;13.12.2022 00:00;313,2
13.12.2022 00:00;13.12.2022 01:00;306,14
13.12.2022 01:00;13.12.2022 02:00;288,11
13.12.2022 02:00;13.12.2022 03:00;285,28
13.12.2022 03:00;13.12.2022 04:00;276,98
13.12.2022 04:00;13.12.2022 05:00;282,3
13.12.2022 05:00;13.12.2022 06:00;316,07
13.12.2022 06:00;13.12.2022 07:00;368,9
13.12.2022 07:00;13.12.2022 08:00;499,7
13.12.2022 08:00;13.12.2022 09:00;571,76
13.12.2022 09:00;13.12.2022 10:00;553,29
13.12.2022 10:00;13.12.2022 11:00;518,08
13.12.2022 11:00;13.12.2022 12:00;505,16
13.12.2022 12:00;13.12.2022 13:00;482,78
13.12.2022 13:00;13.12.2022 14:00;506,03
13.12.2022 14:00;13.12.2022 15:00;552,71
13.12.2022 15:00;13.12.2022 16:00;570,25
13.12.2022 16:00;13.12.2022 17:00;590,0
13.12.2022 17:00;13.12.2022 18:00;665,01
13.12.2022 18:00;13.12.2022 19:00;595,94
13.12.2022 19:00;13.12.2022 20:00;522,58
13.12.2022 20:00;13.12.2022 21:00;452,47
13.12.2022 21:00;13.12.2022 22:00;353,79
13.12.2022 22:00;13.12.2022 23:00;321,03
13.12.2022 23:00;14.12.2022 00:00;283,08
14.12.2022 00:00;14.12.2022 01:00;274,82
14.12.2022 01:00;14.12.2022 02:00;270,47
14.12.2022 02:00;14.12.2022 03:00;268,69
14.12.2022 03:00;14.12.2022 04:00;278,2
14.12.2022 04:00;14.12.2022 05:00;280,21
14.12.2022 05:00;14.12.2022 06:00;311,11
14.12.2022 06:00;14.12.2022 07:00;368,82
14.12.2022 07:00;14.12.2022 08:00;494,97
14.12.2022 08:00;14.12.2022 09:00;539,99
14.12.2022 09:00;14.12.2022 10:00;569,72
14.12.2022 10:00;14.12.2022 11:00;565,18
14.12.2022 11:00;14.12.2022 12:00;568,01
14.12.2022 12:00;14.12.2022 13:00;526,07
14.12.2022 13:00;14.12.2022 14:00;515,48
14.12.2022 14:00;14.12.2022 15:00;514,95
14.12.2022 15:00;14.12.2022 16:00;528,53
14.12.2022 16:00;14.12.2022 17:00;545,0
14.12.2022 17:00;14.12.2022 18:00;590,0
14.12.2022 18:00;14.12.2022 19:00;557,0
14.12.2022 19:00;14.12.2022 20:00;520,57
14.12.2022 20:00;14.12.2022 21:00;487,9
14.12.2022 21:00;14.12.2022 22:00;396,67
14.12.2022 22:00;14.12.2022 23:00;351,72
14.12.2022 23:00;15.12.2022 00:00;328,94
15.12.2022 00:00;15.12.2022 01:00;300,0
15.12.2022 01:00;15.12.2022 02:00;290,74
15.12.2022 02:00;15.12.2022 03:00;279,46
15.12.2022 03:00;15.12.2022 04:00;270,19
15.12.2022 04:00;15.12.2022 05:00;274,14
15.12.2022 05:00;15.12.2022 06:00;289,63
15.12.2022 06:00;15.12.2022 07:00;336,73
15.12.2022 07:00;15.12.2022 08:00;432,74
15.12.2022 08:00;15.12.2022 09:00;490,03
15.12.2022 09:00;15.12.2022 10:00;489,66
15.12.2022 10:00;15.12.2022 11:00;474,55
15.12.2022 11:00;15.12.2022 12:00;450,72
15.12.2022 12:00;15.12.2022 13:00;406,56
15.12.2022 13:00;15.12.2022 14:00;396,53
15.12.2022 14:00;15.12.2022 15:00;455,05
15.12.2022 15:00;15.12.2022 16:00;469,93
15.12.2022 16:00;15.12.2022 17:00;485,03
15.12.2022 17:00;15.12.2022 18:00;500,0
15.12.2022 18:00;15.12.2022 19:00;499,91
15.12.2022 19:00;15.12.2022 20:00;485,53
15.12.2022 20:00;15.12.2022 21:00;439,9
15.12.2022 21:00;15.12.2022 22:00;367,72
15.12.2022 22:00;15.12.2022 23:00;336,29
15.12.2022 23:00;16.12.2022 00:00;306,06
16.12.2022 00:00;16.12.2022 01:00;296,3
16.12.2022 01:00;16.12.2022 02:00;288,12
16.12.2022 02:00;16.12.2022 03:00;280,19
16.12.2022 03:00;16.12.2022 04:00;270,33
16.12.2022 04:00;16.12.2022 05:00;282,55
16.12.2022 05:00;16.12.2022 06:00;296,35
16.12.2022 06:00;16.12.2022 07:00;344,51
16.12.2022 07:00;16.12.2022 08:00;458,94
16.12.2022 08:00;16.12.2022 09:00;543,49
16.12.2022 09:00;16.12.2022 10:00;561,72
16.12.2022 10:00;16.12.2022 11:00;543,49
16.12.2022 11:00;16.12.2022 12:00;540,83
16.12.2022 12:00;16.12.2022 13:00;492,26
16.12.2022 13:00;16.12.2022 14:00;469,12
16.12.2022 14:00;16.12.2022 15:00;465,8
16.12.2022 15:00;16.12.2022 16:00;465,14
16.12.2022 16:00;16.12.2022 17:00;478,55
16.12.2022 17:00;16.12.2022 18:00;505,0
16.12.2022 18:00;16.12.2022 19:00;490,17
16.12.2022 19:00;16.12.2022 20:00;467,8
16.12.2022 20:00;16.12.2022 21:00;401,93
16.12.2022 21:00;16.12.2022 22:00;335,11
16.12.2022 22:00;16.12.2022 23:00;308,56
16.12.2022 23:00;17.12.2022 00:00;285,27
17.12.2022 00:00;17.12.2022 01:00;283,9
17.12.2022 01:00;17.12.2022 02:00;271,08
17.12.2022 02:00;17.12.2022 03:00;259,95
17.12.2022 03:00;17.12.2022 04:00;246,13
17.12.2022 04:00;17.12.2022 05:00;238,73
17.12.2022 05:00;17.12.2022 06:00;237,36
17.12.2022 06:00;17.12.2022 07:00;237,51
17.12.2022 07:00;17.12.2022 08:00;248,77
17.12.2022 08:00;17.12.2022 09:00;291,05
17.12.2022 09:00;17.12.2022 10:00;299,81
17.12.2022 10:00;17.12.2022 11:00;302,13
17.12.2022 11:00;17.12.2022 12:00;281,16
17.12.2022 12:00;17.12.2022 13:00;270,07
17.12.2022 13:00;17.12.2022 14:00;254,75
17.12.2022 14:00;17.12.2022 15:00;266,87
17.12.2022 15:00;17.12.2022 16:00;283,5
17.12.2022 16:00;17.12.2022 17:00;305,13
17.12.2022 17:00;17.12.2022 18:00;335,42
17.12.2022 18:00;17.12.2022 19:00;324,01
17.12.2022 19:00;17.12.2022 20:00;291,99
17.12.2022 20:00;17.12.2022 21:00;264,07
17.12.2022 21:00;17.12.2022 22:00;245,93
17.12.2022 22:00;17.12.2022 23:00;216,08
17.12.2022 23:00;18.12.2022 00:00;199,86
18.12.2022 00:00;18.12.2022 01:00;176,27
18.12.2022 01:00;18.12.2022 02:00;168,67
18.12.2022 02:00;18.12.2022 03:00;170,28
18.12.2022 03:00;18.12.2022 04:00;172,11
18.12.2022 04:00;18.12.2022 05:00;172,43
18.12.2022 05:00;18.12.2022 06:00;169,49
18.12.2022 06:00;18.12.2022 07:00;168,3
18.12.2022 07:00;18.12.2022 08:00;177,22
18.12.2022 08:00;18.12.2022 09:00;209,72
18.12.2022 09:00;18.12.2022 10:00;209,65
18.12.2022 10:00;18.12.2022 11:00;218,09
18.12.2022 11:00;18.12.2022 12:00;216,12
18.12.2022 12:00;18.12.2022 13:00;185,8
18.12.2022 13:00;18.12.2022 14:00;224,43
18.12.2022 14:00;18.12.2022 15:00;229,5
18.12.2022 15:00;18.12.2022 16:00;239,86
18.12.2022 16:00;18.12.2022 17:00;233,57
18.12.2022 17:00;18.12.2022 18:00;229,47
18.12.2022 18:00;18.12.2022 19:00;220,65
18.12.2022 19:00;18.12.2022 20:00;208,29
18.12.2022 20:00;18.12.2022 21:00;130,02
18.12.2022 21:00;18.12.2022 22:00;163,08
18.12.2022 22:00;18.12.2022 23:00;145,93
18.12.2022 23:00;19.12.2022 00:00;115,28
19.12.2022 00:00;19.12.2022 01:00;120,1
19.12.2022 01:00;19.12.2022 02:00;105,84
19.12.2022 02:00;19.12.2022 03:00;92,36
19.12.2022 03:00;19.12.2022 04:00;76,1
19.12.2022 04:00;19.12.2022 05:00;77,72
19.12.2022 05:00;19.12.2022 06:00;109,11
19.12.2022 06:00;19.12.2022 07:00;175,36
19.12.2022 07:00;19.12.2022 08:00;240,03
19.12.2022 08:00;19.12.2022 09:00;249,57
19.12.2022 09:00;19.12.2022 10:00;248,85
19.12.2022 10:00;19.12.2022 11:00;248,85
19.12.2022 11:00;19.12.2022 12:00;247,05
19.12.2022 12:00;19.12.2022 13:00;248,7
19.12.2022 13:00;19.12.2022 14:00;245,8
19.12.2022 14:00;19.12.2022 15:00;249,43
19.12.2022 15:00;19.12.2022 16:00;248,81
19.12.2022 16:00;19.12.2022 17:00;249,02
19.12.2022 17:00;19.12.2022 18:00;248,85
19.12.2022 18:00;19.12.2022 19:00;248,85
19.12.2022 19:00;19.12.2022 20:00;227,11
19.12.2022 20:00;19.12.2022 21:00;187,71
19.12.2022 21:00;19.12.2022 22:00;174,65
19.12.2022 22:00;19.12.2022 23:00;166,33
19.12.2022 23:00;20.12.2022 00:00;120,06
20.12.2022 00:00;20.12.2022 01:00;108,19
20.12.2022 01:00;20.12.2022 02:00;92,41
20.12.2022 02:00;20.12.2022 03:00;92,45
20.12.2022 03:00;20.12.2022 04:00;76,35
20.12.2022 04:00;20.12.2022 05:00;81,94
20.12.2022 05:00;20.12.2022 06:00;99,21
20.12.2022 06:00;20.12.2022 07:00;149,99
20.12.2022 07:00;20.12.2022 08:00;199,68
20.12.2022 08:00;20.12.2022 09:00;223,4
20.12.2022 09:00;20.12.2022 10:00;225,14
20.12.2022 10:00;20.12.2022 11:00;220,37
20.12.2022 11:00;20.12.2022 12:00;227,34
20.12.2022 12:00;20.12.2022 13:00;219,23
20.12.2022 13:00;20.12.2022 14:00;216,22
20.12.2022 14:00;20.12.2022 15:00;228,18
20.12.2022 15:00;20.12.2022 16:00;225,01
20.12.2022 16:00;20.12.2022 17:00;227,65
20.12.2022 17:00;20.12.2022 18:00;228,99
20.12.2022 18:00;20.12.2022 19:00;234,43
20.12.2022 19:00;20.12.2022 20:00;230,0
20.12.2022 20:00;20.12.2022 21:00;228,24
20.12.2022 21:00;20.12.2022 22:00;229,49
20.12.2022 22:00;20.12.2022 23:00;211,16
20.12.2022 23:00;21.12.2022 00:00;184,65
21.12.2022 00:00;21.12.2022 01:00;182,11
21.12.2022 01:00;21.12.2022 02:00;174,76
21.12.2022 02:00;21.12.2022 03:00;178,93
21.12.2022 03:00;21.12.2022 04:00;167,93
21.12.2022 04:00;21.12.2022 05:00;168,96
21.12.2022 05:00;21.12.2022 06:00;180,0
21.12.2022 06:00;21.12.2022 07:00;218,57
21.12.2022 07:00;21.12.2022 08:00;253,16
21.12.2022 08:00;21.12.2022 09:00;273,0
21.12.2022 09:00;21.12.2022 10:00;269,84
21.12.2022 10:00;21.12.2022 11:00;251,71
21.12.2022 11:00;21.12.2022 12:00;248,24
21.12.2022 12:00;21.12.2022 13:00;238,96
21.12.2022 13:00;21.12.2022 14:00;232,89
21.12.2022 14:00;21.12.2022 15:00;241,02
21.12.2022 15:00;21.12.2022 16:00;228,96
21.12.2022 16:00;21.12.2022 17:00;224,79
21.12.2022 17:00;21.12.2022 18:00;246,01
21.12.2022 18:00;21.12.2022 19:00;234,99
21.12.2022 19:00;21.12.2022 20:00;225,81
21.12.2022 20:00;21.12.2022 21:00;211,19
21.12.2022 21:00;21.12.2022 22:00;187,91
21.12.2022 22:00;21.12.2022 23:00;170,58
21.12.2022 23:00;22.12.2022 00:00;140,09
22.12.2022 00:00;22.12.2022 01:00;158,9
22.12.2022 01:00;22.12.2022 02:00;145,6
22.12.2022 02:00;22.12.2022 03:00;140,19
22.12.2022 03:00;22.12.2022 04:00;132,41
22.12.2022 04:00;22.12.2022 05:00;128,22
22.12.2022 05:00;22.12.2022 06:00;155,92
22.12.2022 06:00;22.12.2022 07:00;183,86
22.12.2022 07:00;22.12.2022 08:00;224,72
22.12.2022 08:00;22.12.2022 09:00;224,4
22.12.2022 09:00;22.12.2022 10:00;223,72
22.12.2022 10:00;22.12.2022 11:00;225,4
22.12.2022 11:00;22.12.2022 12:00;224,4
22.12.2022 12:00;22.12.2022 13:00;224,04
22.12.2022 13:00;22.12.2022 14:00;216,82
22.12.2022 14:00;22.12.2022 15:00;213,29
22.12.2022 15:00;22.12.2022 16:00;210,39
22.12.2022 16:00;22.12.2022 17:00;213,19
22.12.2022 17:00;22.12.2022 18:00;214,19
22.12.2022 18:00;22.12.2022 19:00;224,4
22.12.2022 19:00;22.12.2022 20:00;221,82
22.12.2022 20:00;22.12.2022 21:00;201,07
22.12.2022 21:00;22.12.2022 22:00;183,71
22.12.2022 22:00;22.12.2022 23:00;170,96
22.12.2022 23:00;23.12.2022 00:00;161,67
23.12.2022 00:00;23.12.2022 01:00;148,72
23.12.2022 01:00;23.12.2022 02:00;148,72
23.12.2022 02:00;23.12.2022 03:00;146,39
23.12.2022 03:00;23.12.2022 04:00;137,87
23.12.2022 04:00;23.12.2022 05:00;141,0
23.12.2022 05:00;23.12.2022 06:00;148,55
23.12.2022 06:00;23.12.2022 07:00;169,45
23.12.2022 07:00;23.12.2022 08:00;189,19
23.12.2022 08:00;23.12.2022 09:00;217,0
23.12.2022 09:00;23.12.2022 10:00;222,2
23.12.2022 10:00;23.12.2022 11:00;225,09
23.12.2022 11:00;23.12.2022 12:00;221,93
23.12.2022 12:00;23.12.2022 13:00;223,91
23.12.2022 13:00;23.12.2022 14:00;228,91
23.12.2022 14:00;23.12.2022 15:00;225,92
23.12.2022 15:00;23.12.2022 16:00;220,05
23.12.2022 16:00;23.12.2022 17:00;222,06
23.12.2022 17:00;23.12.2022 18:00;214,02
23.12.2022 18:00;23.12.2022 19:00;209,93
23.12.2022 19:00;23.12.2022 20:00;198,44
23.12.2022 20:00;23.12.2022 21:00;181,34
23.12.2022 21:00;23.12.2022 22:00;152,0
23.12.2022 22:00;23.12.2022 23:00;148,74
23.12.2022 23:00;24.12.2022 00:00;119,9
24.12.2022 00:00;24.12.2022 01:00;81,2
24.12.2022 01:00;24.12.2022 02:00;50,4
24.12.2022 02:00;24.12.2022 03:00;50,0
24.12.2022 03:00;24.12.2022 04:00;32,52
24.12.2022 04:00;24.12.2022 05:00;36,0
24.12.2022 05:00;24.12.2022 06:00;48,48
24.12.2022 06:00;24.12.2022 07:00;57,53
24.12.2022 07:00;24.12.2022 08:00;98,2
24.12.2022 08:00;24.12.2022 09:00;122,2
24.12.2022 09:00;24.12.2022 10:00;145,87
24.12.2022 10:00;24.12.2022 11:00;138,67
24.12.2022 11:00;24.12.2022 12:00;140,04
24.12.2022 12:00;24.12.2022 13:00;137,78
24.12.2022 13:00;24.12.2022 14:00;139,96
24.12.2022 14:00;24.12.2022 15:00;150,99
24.12.2022 15:00;24.12.2022 16:00;159,89
24.12.2022 16:00;24.12.2022 17:00;163,05
24.12.2022 17:00;24.12.2022 18:00;166,34
24.12.2022 18:00;24.12.2022 19:00;149,74
24.12.2022 19:00;24.12.2022 20:00;138,79
24.12.2022 20:00;24.12.2022 21:00;129,67
24.12.2022 21:00;24.12.2022 22:00;120,0
24.12.2022 22:00;24.12.2022 23:00;116,7
24.12.2022 23:00;25.12.2022 00:00;110,78
25.12.2022 00:00;25.12.2022 01:00;120,28
25.12.2022 01:00;25.12.2022 02:00;112,11
25.12.2022 02:00;25.12.2022 03:00;106,65
25.12.2022 03:00;25.12.2022 04:00;90,84
25.12.2022 04:00;25.12.2022 05:00;85,7
25.12.2022 05:00;25.12.2022 06:00;85,65
25.12.2022 06:00;25.12.2022 07:00;85,64
25.12.2022 07:00;25.12.2022 08:00;92,7
25.12.2022 08:00;25.12.2022 09:00;110,1
25.12.2022 09:00;25.12.2022 10:00;113,28
25.12.2022 10:00;25.12.2022 11:00;119,6
25.12.2022 11:00;25.12.2022 12:00;121,36
25.12.2022 12:00;25.12.2022 13:00;101,01
25.12.2022 13:00;25.12.2022 14:00;95,6
25.12.2022 14:00;25.12.2022 15:00;92,89
25.12.2022 15:00;25.12.2022 16:00;110,08
25.12.2022 16:00;25.12.2022 17:00;112,91
25.12.2022 17:00;25.12.2022 18:00;130,42
25.12.2022 18:00;25.12.2022 19:00;120,38
25.12.2022 19:00;25.12.2022 20:00;110,09
25.12.2022 20:00;25.12.2022 21:00;118,21
25.12.2022 21:00;25.12.2022 22:00;106,52
25.12.2022 22:00;25.12.2022 23:00;102,25
25.12.2022 23:00;26.12.2022 00:00;100,0
26.12.2022 00:00;26.12.2022 01:00;50,3
26.12.2022 01:00;26.12.2022 02:00;36,98
26.12.2022 02:00;26.12.2022 03:00;27,02
26.12.2022 03:00;26.12.2022 04:00;21,3
26.12.2022 04:00;26.12.2022 05:00;17,9
26.12.2022 05:00;26.12.2022 06:00;16,33
26.12.2022 06:00;26.12.2022 07:00;18,11
26.12.2022 07:00;26.12.2022 08:00;23,29
26.12.2022 08:00;26.12.2022 09:00;38,68
26.12.2022 09:00;26.12.2022 10:00;53,57
26.12.2022 10:00;26.12.2022 11:00;59,3
26.12.2022 11:00;26.12.2022 12:00;59,0
26.12.2022 12:00;26.12.2022 13:00;54,9
26.12.2022 13:00;26.12.2022 14:00;29,99
26.12.2022 14:00;26.12.2022 15:00;32,64
26.12.2022 15:00;26.12.2022 16:00;33,99
26.12.2022 16:00;26.12.2022 17:00;47,63
26.12.2022 17:00;26.12.2022 18:00;54,98
26.12.2022 18:00;26.12.2022 19:00;52,2
26.12.2022 19:00;26.12.2022 20:00;59,17
26.12.2022 20:00;26.12.2022 21:00;58,43
26.12.2022 21:00;26.12.2022 22:00;59,04
26.12.2022 22:00;26.12.2022 23:00;48,55
26.12.2022 23:00;27.12.2022 00:00;19,48
27.12.2022 00:00;27.12.2022 01:00;23,36
27.12.2022 01:00;27.12.2022 02:00;9,98
27.12.2022 02:00;27.12.2022 03:00;5,69
27.12.2022 03:00;27.12.2022 04:00;5,0
27.12.2022 04:00;27.12.2022 05:00;11,46
27.12.2022 05:00;27.12.2022 06:00;19,59
27.12.2022 06:00;27.12.2022 07:00;30,42
27.12.2022 07:00;27.12.2022 08:00;80,96
27.12.2022 08:00;27.12.2022 09:00;95,9
27.12.2022 09:00;27.12.2022 10:00;100,08
27.12.2022 10:00;27.12.2022 11:00;95,93
27.12.2022 11:00;27.12.2022 12:00;108,42
27.12.2022 12:00;27.12.2022 13:00;110,38
27.12.2022 13:00;27.12.2022 14:00;124,36
27.12.2022 14:00;27.12.2022 15:00;139,08
27.12.2022 15:00;27.12.2022 16:00;143,32
27.12.2022 16:00;27.12.2022 17:00;147,56
27.12.2022 17:00;27.12.2022 18:00;158,69
27.12.2022 18:00;27.12.2022 19:00;164,69
27.12.2022 19:00;27.12.2022 20:00;156,93
27.12.2022 20:00;27.12.2022 21:00;147,56
27.12.2022 21:00;27.12.2022 22:00;128,8
27.12.2022 22:00;27.12.2022 23:00;107,84
27.12.2022 23:00;28.12.2022 00:00;85,62
28.12.2022 00:00;28.12.2022 01:00;40,28
28.12.2022 01:00;28.12.2022 02:00;33,13
28.12.2022 02:00;28.12.2022 03:00;10,31
28.12.2022 03:00;28.12.2022 04:00;0,05
28.12.2022 04:00;28.12.2022 05:00;0,03
28.12.2022 05:00;28.12.2022 06:00;0,1
28.12.2022 06:00;28.12.2022 07:00;16,97
28.12.2022 07:00;28.12.2022 08:00;31,41
28.12.2022 08:00;28.12.2022 09:00;43,24
28.12.2022 09:00;28.12.2022 10:00;63,63
28.12.2022 10:00;28.12.2022 11:00;68,38
28.12.2022 11:00;28.12.2022 12:00;59,95
28.12.2022 12:00;28.12.2022 13:00;52,08
28.12.2022 13:00;28.12.2022 14:00;47,09
28.12.2022 14:00;28.12.2022 15:00;71,1
28.12.2022 15:00;28.12.2022 16:00;71,08
28.12.2022 16:00;28.12.2022 17:00;85,77
28.12.2022 17:00;28.12.2022 18:00;89,71
28.12.2022 18:00;28.12.2022 19:00;87,43
28.12.2022 19:00;28.12.2022 20:00;71,77
28.12.2022 20:00;28.12.2022 21:00;55,1
28.12.2022 21:00;28.12.2022 22:00;46,42
28.12.2022 22:00;28.12.2022 23:00;35,45
28.12.2022 23:00;29.12.2022 00:00;21,05
29.12.2022 00:00;29.12.2022 01:00;-1,01
29.12.2022 01:00;29.12.2022 02:00;-1,05
29.12.2022 02:00;29.12.2022 03:00;-1,1
29.12.2022 03:00;29.12.2022 04:00;-2,18
29.12.2022 04:00;29.12.2022 05:00;-2,05
29.12.2022 05:00;29.12.2022 06:00;-0,98
29.12.2022 06:00;29.12.2022 07:00;-0,05
29.12.2022 07:00;29.12.2022 08:00;0,09
29.12.2022 08:00;29.12.2022 09:00;8,98
29.12.2022 09:00;29.12.2022 10:00;5,97
29.12.2022 10:00;29.12.2022 11:00;5,28
29.12.2022 11:00;29.12.2022 12:00;4,01
29.12.2022 12:00;29.12.2022 13:00;1,99
29.12.2022 13:00;29.12.2022 14:00;3,4
29.12.2022 14:00;29.12.2022 15:00;19,95
29.12.2022 15:00;29.12.2022 16:00;24,54
29.12.2022 16:00;29.12.2022 17:00;27,2
29.12.2022 17:00;29.12.2022 18:00;34,54
29.12.2022 18:00;29.12.2022 19:00;51,41
29.12.2022 19:00;29.12.2022 20:00;47,94
29.12.2022 20:00;29.12.2022 21:00;26,62
29.12.2022 21:00;29.12.2022 22:00;25,01
29.12.2022 22:00;29.12.2022 23:00;26,31
29.12.2022 23:00;30.12.2022 00:00;21,07
30.12.2022 00:00;30.12.2022 01:00;11,17
30.12.2022 01:00;30.12.2022 02:00;5,09
30.12.2022 02:00;30.12.2022 03:00;3,09
30.12.2022 03:00;30.12.2022 04:00;0,65
30.12.2022 04:00;30.12.2022 05:00;0,57
30.12.2022 05:00;30.12.2022 06:00;4,88
30.12.2022 06:00;30.12.2022 07:00;10,93
30.12.2022 07:00;30.12.2022 08:00;24,13
30.12.2022 08:00;30.12.2022 09:00;27,69
30.12.2022 09:00;30.12.2022 10:00;29,08
30.12.2022 10:00;30.12.2022 11:00;26,09
30.12.2022 11:00;30.12.2022 12:00;24,72
30.12.2022 12:00;30.12.2022 13:00;17,74
30.12.2022 13:00;30.12.2022 14:00;19,87
30.12.2022 14:00;30.12.2022 15:00;25,64
30.12.2022 15:00;30.12.2022 16:00;27,97
30.12.2022 16:00;30.12.2022 17:00;21,01
30.12.2022 17:00;30.12.2022 18:00;30,78
30.12.2022 18:00;30.12.2022 19:00;22,4
30.12.2022 19:00;30.12.2022 20:00;13,79
30.12.2022 20:00;30.12.2022 21:00;2,63
30.12.2022 21:00;30.12.2022 22:00;0,69
30.12.2022 22:00;30.12.2022 23:00;0,4
30.12.2022 23:00;31.12.2022 00:00;0,0
31.12.2022 00:00;31.12.2022 01:00;-0,03
31.12.2022 01:00;31.12.2022 02:00;-0,07
31.12.2022 02:00;31.12.2022 03:00;-0,03
31.12.2022 03:00;31.12.2022 04:00;-0,04
31.12.2022 04:00;31.12.2022 05:00;-0,03
31.12.2022 05:00;31.12.2022 06:00;-0,02
31.12.2022 06:00;31.12.2022 07:00;-0,01
31.12.2022 07:00;31.12.2022 08:00;-0,05
31.12.2022 08:00;31.12.2022 09:00;0,63
31.12.2022 09:00;31.12.2022 10:00;-0,03
31.12.2022 10:00;31.12.2022 11:00;-0,3
31.12.2022 11:00;31.12.2022 12:00;-1,66
31.12.2022 12:00;31.12.2022 13:00;-3,78
31.12.2022 13:00;31.12.2022 14:00;-3,44
31.12.2022 14:00;31.12.2022 15:00;-2,07
31.12.2022 15:00;31.12.2022 16:00;-1,98
31.12.2022 16:00;31.12.2022 17:00;-0,9
31.12.2022 17:00;31.12.2022 18:00;0,0
31.12.2022 18:00;31.12.2022 19:00;-0,01
31.12.2022 19:00;31.12.2022 20:00;-1,01
31.12.2022 20:00;31.12.2022 21:00;-1,39
31.12.2022 21:00;31.12.2022 22:00;-1,04
31.12.2022 22:00;31.12.2022 23:00;-1,07
31.12.2022 23:00;01.01.2023 00:00;-0,68
01.01.2023 00:00;01.01.2023 01:00;-5,17
01.01.2023 01:00;01.01.2023 02:00;-1,07
01.01.2023 02:00;01.01.2023 03:00;-1,47
01.01.2023 03:00;01.01.2023 04:00;-5,08
01.01.2023 04:00;01.01.2023 05:00;-4,49
01.01.2023 05:00;01.01.2023 06:00;-5,4
01.01.2023 06:00;01.01.2023 07:00;-5,02
01.01.2023 07:00;01.01.2023 08:00;-1,3
01.01.2023 08:00;01.01.2023 09:00;-1,44
01.01.2023 09:00;01.01.2023 10:00;-1,09
01.01.2023 10:00;01.01.2023 11:00;-1,07
01.01.2023 11:00;01.01.2023 12:00;-1,07
01.01.2023 12:00;01.01.2023 13:00;-0,79
01.01.2023 13:00;01.01.2023 14:00;-0,27
01.01.2023 14:00;01.01.2023 15:00;0,85
01.01.2023 15:00;01.01.2023 16:00;23,53
01.01.2023 16:00;01.01.2023 17:00;36,54
01.01.2023 17:00;01.01.2023 18:00;46,03
01.01.2023 18:00;01.01.2023 19:00;55,57
01.01.2023 19:00;01.01.2023 20:00;54,95
01.01.2023 20:00;01.01.2023 21:00;49,23
01.01.2023 21:00;01.01.2023 22:00;44,99
01.01.2023 22:00;01.01.2023 23:00;45,96
01.01.2023 23:00;02.01.2023 00:00;35,0
02.01.2023 00:00;02.01.2023 01:00;57,91
02.01.2023 01:00;02.01.2023 02:00;51,67
02.01.2023 02:00;02.01.2023 03:00;52,93
02.01.2023 03:00;02.01.2023 04:00;44,09
02.01.2023 04:00;02.01.2023 05:00;50,08
02.01.2023 05:00;02.01.2023 06:00;69,72
02.01.2023 06:00;02.01.2023 07:00;105,08
02.01.2023 07:00;02.01.2023 08:00;140,64
02.01.2023 08:00;02.01.2023 09:00;145,98
02.01.2023 09:00;02.01.2023 10:00;147,05
02.01.2023 10:00;02.01.2023 11:00;145,61
02.01.2023 11:00;02.01.2023 12:00;143,35
02.01.2023 12:00;02.01.2023 13:00;144,38
02.01.2023 13:00;02.01.2023 14:00;143,76
02.01.2023 14:00;02.01.2023 15:00;148,2
02.01.2023 15:00;02.01.2023 16:00;155,34
02.01.2023 16:00;02.01.2023 17:00;162,89
02.01.2023 17:00;02.01.2023 18:00;170,0
02.01.2023 18:00;02.01.2023 19:00;174,74
02.01.2023 19:00;02.01.2023 20:00;164,46
02.01.2023 20:00;02.01.2023 21:00;153,0
02.01.2023 21:00;02.01.2023 22:00;141,67
02.01.2023 22:00;02.01.2023 23:00;134,91
02.01.2023 23:00;03.01.2023 00:00;124,22
03.01.2023 00:00;03.01.2023 01:00;130,01
03.01.2023 01:00;03.01.2023 02:00;120,0
03.01.2023 02:00;03.01.2023 03:00;118,76
03.01.2023 03:00;03.01.2023 04:00;115,0
03.01.2023 04:00;03.01.2023 05:00;113,63
03.01.2023 05:00;03.01.2023 06:00;116,27
03.01.2023 06:00;03.01.2023 07:00;138,92
03.01.2023 07:00;03.01.2023 08:00;159,92
03.01.2023 08:00;03.01.2023 09:00;169,17
03.01.2023 09:00;03.01.2023 10:00;171,18
03.01.2023 10:00;03.01.2023 11:00;168,57
03.01.2023 11:00;03.01.2023 12:00;169,49
03.01.2023 12:00;03.01.2023 13:00;164,5
03.01.2023 13:00;03.01.2023 14:00;160,91
03.01.2023 14:00;03.01.2023 15:00;163,06
03.01.2023 15:00;03.01.2023 16:00;167,73
03.01.2023 16:00;03.01.2023 17:00;166,61
03.01.2023 17:00;03.01.2023 18:00;170,72
03.01.2023 18:00;03.01.2023 19:00;168,93
03.01.2023 19:00;03.01.2023 20:00;160,99
03.01.2023 20:00;03.01.2023 21:00;149,62
03.01.2023 21:00;03.01.2023 22:00;130,99
03.01.2023 22:00;03.01.2023 23:00;114,27
03.01.2023 23:00;04.01.2023 00:00;93,66
04.01.2023 00:00;04.01.2023 01:00;80,89
04.01.2023 01:00;04.01.2023 02:00;70,67
04.01.2023 02:00;04.01.2023 03:00;40,0
04.01.2023 03:00;04.01.2023 04:00;8,68
04.01.2023 04:00;04.01.2023 05:00;0,85
04.01.2023 05:00;04.01.2023 06:00;11,02
04.01.2023 06:00;04.01.2023 07:00;61,02
04.01.2023 07:00;04.01.2023 08:00;79,2
04.01.2023 08:00;04.01.2023 09:00;84,2
04.01.2023 09:00;04.01.2023 10:00;83,32
04.01.2023 10:00;04.01.2023 11:00;70,07
04.01.2023 11:00;04.01.2023 12:00;79,74
04.01.2023 12:00;04.01.2023 13:00;80,89
04.01.2023 13:00;04.01.2023 14:00;79,72
04.01.2023 14:00;04.01.2023 15:00;80,22
04.01.2023 15:00;04.01.2023 16:00;79,74
04.01.2023 16:00;04.01.2023 17:00;80,82
04.01.2023 17:00;04.01.2023 18:00;86,16
04.01.2023 18:00;04.01.2023 19:00;72,28
04.01.2023 19:00;04.01.2023 20:00;66,61
04.01.2023 20:00;04.01.2023 21:00;43,2
04.01.2023 21:00;04.01.2023 22:00;31,25
04.01.2023 22:00;04.01.2023 23:00;34,96
04.01.2023 23:00;05.01.2023 00:00;9,09
05.01.2023 00:00;05.01.2023 01:00;0,05
05.01.2023 01:00;05.01.2023 02:00;0,07
05.01.2023 02:00;05.01.2023 03:00;0,07
05.01.2023 03:00;05.01.2023 04:00;0,12
05.01.2023 04:00;05.01.2023 05:00;2,23
05.01.2023 05:00;05.01.2023 06:00;10,07
05.01.2023 06:00;05.01.2023 07:00;61,04
05.01.2023 07:00;05.01.2023 08:00;87,19
05.01.2023 08:00;05.01.2023 09:00;95,84
05.01.2023 09:00;05.01.2023 10:00;125,55
05.01.2023 10:00;05.01.2023 11:00;131,92
05.01.2023 11:00;05.01.2023 12:00;143,07
05.01.2023 12:00;05.01.2023 13:00;140,91
05.01.2023 13:00;05.01.2023 14:00;142,58
05.01.2023 14:00;05.01.2023 15:00;151,03
05.01.2023 15:00;05.01.2023 16:00;159,48
05.01.2023 16:00;05.01.2023 17:00;172,73
05.01.2023 17:00;05.01.2023 18:00;194,7
05.01.2023 18:00;05.01.2023 19:00;194,67
05.01.2023 19:00;05.01.2023 20:00;177,98
05.01.2023 20:00;05.01.2023 21:00;163,99
05.01.2023 21:00;05.01.2023 22:00;152,0
05.01.2023 22:00;05.01.2023 23:00;144,64
05.01.2023 23:00;06.01.2023 00:00;127,0
06.01.2023 00:00;06.01.2023 01:00;107,21
06.01.2023 01:00;06.01.2023 02:00;101,1
06.01.2023 02:00;06.01.2023 03:00;96,73
06.01.2023 03:00;06.01.2023 04:00;82,34
06.01.2023 04:00;06.01.2023 05:00;81,93
06.01.2023 05:00;06.01.2023 06:00;84,03
06.01.2023 06:00;06.01.2023 07:00;97,25
06.01.2023 07:00;06.01.2023 08:00;106,51
06.01.2023 08:00;06.01.2023 09:00;120,7
06.01.2023 09:00;06.01.2023 10:00;116,86
06.01.2023 10:00;06.01.2023 11:00;112,85
06.01.2023 11:00;06.01.2023 12:00;113,37
06.01.2023 12:00;06.01.2023 13:00;115,0
06.01.2023 13:00;06.01.2023 14:00;109,78
06.01.2023 14:00;06.01.2023 15:00;119,71
06.01.2023 15:00;06.01.2023 16:00;125,83
06.01.2023 16:00;06.01.2023 17:00;139,57
06.01.2023 17:00;06.01.2023 18:00;155,93
06.01.2023 18:00;06.01.2023 19:00;163,5
06.01.2023 19:00;06.01.2023 20:00;146,74
06.01.2023 20:00;06.01.2023 21:00;139,38
06.01.2023 21:00;06.01.2023 22:00;131,8
06.01.2023 22:00;06.01.2023 23:00;129,94
06.01.2023 23:00;07.01.2023 00:00;121,3
07.01.2023 00:00;07.01.2023 01:00;97,15
07.01.2023 01:00;07.01.2023 02:00;98,43
07.01.2023 02:00;07.01.2023 03:00;96,05
07.01.2023 03:00;07.01.2023 04:00;87,97
07.01.2023 04:00;07.01.2023 05:00;82,99
07.01.2023 05:00;07.01.2023 06:00;83,59
07.01.2023 06:00;07.01.2023 07:00;90,76
07.01.2023 07:00;07.01.2023 08:00;103,21
07.01.2023 08:00;07.01.2023 09:00;111,86
07.01.2023 09:00;07.01.2023 10:00;112,0
07.01.2023 10:00;07.01.2023 11:00;100,0
07.01.2023 11:00;07.01.2023 12:00;88,32
07.01.2023 12:00;07.01.2023 13:00;87,9
07.01.2023 13:00;07.01.2023 14:00;94,05
07.01.2023 14:00;07.01.2023 15:00;88,98
07.01.2023 15:00;07.01.2023 16:00;85,56
07.01.2023 16:00;07.01.2023 17:00;94,1
07.01.2023 17:00;07.01.2023 18:00;96,81
07.01.2023 18:00;07.01.2023 19:00;99,52
07.01.2023 19:00;07.01.2023 20:00;94,58
07.01.2023 20:00;07.01.2023 21:00;87,86
07.01.2023 21:00;07.01.2023 22:00;61,47
07.01.2023 22:00;07.01.2023 23:00;50,0
07.01.2023 23:00;08.01.2023 00:00;38,25
08.01.2023 00:00;08.01.2023 01:00;10,93
08.01.2023 01:00;08.01.2023 02:00;9,07
08.01.2023 02:00;08.01.2023 03:00;9,1
08.01.2023 03:00;08.01.2023 04:00;4,16
08.01.2023 04:00;08.01.2023 05:00;5,58
08.01.2023 05:00;08.01.2023 06:00;9,92
08.01.2023 06:00;08.01.2023 07:00;9,02
08.01.2023 07:00;08.01.2023 08:00;16,47
08.01.2023 08:00;08.01.2023 09:00;49,42
08.01.2023 09:00;08.01.2023 10:00;82,8
08.01.2023 10:00;08.01.2023 11:00;93,7
08.01.2023 11:00;08.01.2023 12:00;103,87
08.01.2023 12:00;08.01.2023 13:00;101,69
08.01.2023 13:00;08.01.2023 14:00;99,0
08.01.2023 14:00;08.01.2023 15:00;104,29
08.01.2023 15:00;08.01.2023 16:00;103,64
08.01.2023 16:00;08.01.2023 17:00;109,11
08.01.2023 17:00;08.01.2023 18:00;118,04
08.01.2023 18:00;08.01.2023 19:00;122,61
08.01.2023 19:00;08.01.2023 20:00;109,11
08.01.2023 20:00;08.01.2023 21:00;103,93
08.01.2023 21:00;08.01.2023 22:00;98,43
08.01.2023 22:00;08.01.2023 23:00;99,37
08.01.2023 23:00;09.01.2023 00:00;81,34
09.01.2023 00:00;09.01.2023 01:00;75,13
09.01.2023 01:00;09.01.2023 02:00;64,38
09.01.2023 02:00;09.01.2023 03:00;60,28
09.01.2023 03:00;09.01.2023 04:00;39,41
09.01.2023 04:00;09.01.2023 05:00;47,25
09.01.2023 05:00;09.01.2023 06:00;69,07
09.01.2023 06:00;09.01.2023 07:00;107,13
09.01.2023 07:00;09.01.2023 08:00;160,0
09.01.2023 08:00;09.01.2023 09:00;180,0
09.01.2023 09:00;09.01.2023 10:00;177,14
09.01.2023 10:00;09.01.2023 11:00;159,07
09.01.2023 11:00;09.01.2023 12:00;160,57
09.01.2023 12:00;09.01.2023 13:00;140,56
09.01.2023 13:00;09.01.2023 14:00;137,67
09.01.2023 14:00;09.01.2023 15:00;143,57
09.01.2023 15:00;09.01.2023 16:00;151,02
09.01.2023 16:00;09.01.2023 17:00;161,96
09.01.2023 17:00;09.01.2023 18:00;176,07
09.01.2023 18:00;09.01.2023 19:00;182,18
09.01.2023 19:00;09.01.2023 20:00;170,79
09.01.2023 20:00;09.01.2023 21:00;160,51
09.01.2023 21:00;09.01.2023 22:00;138,93
09.01.2023 22:00;09.01.2023 23:00;132,0
09.01.2023 23:00;10.01.2023 00:00;108,31
10.01.2023 00:00;10.01.2023 01:00;106,02
10.01.2023 01:00;10.01.2023 02:00;96,71
10.01.2023 02:00;10.01.2023 03:00;95,14
10.01.2023 03:00;10.01.2023 04:00;90,36
10.01.2023 04:00;10.01.2023 05:00;95,61
10.01.2023 05:00;10.01.2023 06:00;108,6
10.01.2023 06:00;10.01.2023 07:00;138,13
10.01.2023 07:00;10.01.2023 08:00;154,73
10.01.2023 08:00;10.01.2023 09:00;165,33
10.01.2023 09:00;10.01.2023 10:00;160,42
10.01.2023 10:00;10.01.2023 11:00;154,73
10.01.2023 11:00;10.01.2023 12:00;146,45
10.01.2023 12:00;10.01.2023 13:00;141,22
10.01.2023 13:00;10.01.2023 14:00;141,68
10.01.2023 14:00;10.01.2023 15:00;145,41
10.01.2023 15:00;10.01.2023 16:00;145,92
10.01.2023 16:00;10.01.2023 17:00;140,5
10.01.2023 17:00;10.01.2023 18:00;146,34
10.01.2023 18:00;10.01.2023 19:00;140,45
10.01.2023 19:00;10.01.2023 20:00;124,44
10.01.2023 20:00;10.01.2023 21:00;106,15
10.01.2023 21:00;10.01.2023 22:00;86,53
10.01.2023 22:00;10.01.2023 23:00;81,3
10.01.2023 23:00;11.01.2023 00:00;42,96
11.01.2023 00:00;11.01.2023 01:00;5,0
11.01.2023 01:00;11.01.2023 02:00;0,16
11.01.2023 02:00;11.01.2023 03:00;0,08
11.01.2023 03:00;11.01.2023 04:00;0,01
11.01.2023 04:00;11.01.2023 05:00;0,04
11.01.2023 05:00;11.01.2023 06:00;2,75
11.01.2023 06:00;11.01.2023 07:00;57,88
11.01.2023 07:00;11.01.2023 08:00;91,11
11.01.2023 08:00;11.01.2023 09:00;127,44
11.01.2023 09:00;11.01.2023 10:00;129,74
11.01.2023 10:00;11.01.2023 11:00;131,71
11.01.2023 11:00;11.01.2023 12:00;130,02
11.01.2023 12:00;11.01.2023 13:00;117,47
11.01.2023 13:00;11.01.2023 14:00;110,54
11.01.2023 14:00;11.01.2023 15:00;115,74
11.01.2023 15:00;11.01.2023 16:00;117,7
11.01.2023 16:00;11.01.2023 17:00;119,2
11.01.2023 17:00;11.01.2023 18:00;132,39
11.01.2023 18:00;11.01.2023 19:00;132,88
11.01.2023 19:00;11.01.2023 20:00;127,8
11.01.2023 20:00;11.01.2023 21:00;114,56
11.01.2023 21:00;11.01.2023 22:00;93,47
11.01.2023 22:00;11.01.2023 23:00;91,71
11.01.2023 23:00;12.01.2023 00:00;68,54
12.01.2023 00:00;12.01.2023 01:00;19,88
12.01.2023 01:00;12.01.2023 02:00;5,55
12.01.2023 02:00;12.01.2023 03:00;4,69
12.01.2023 03:00;12.01.2023 04:00;0,1
12.01.2023 04:00;12.01.2023 05:00;2,03
12.01.2023 05:00;12.01.2023 06:00;24,94
12.01.2023 06:00;12.01.2023 07:00;85,72
12.01.2023 07:00;12.01.2023 08:00;111,55
12.01.2023 08:00;12.01.2023 09:00;106,83
12.01.2023 09:00;12.01.2023 10:00;97,83
12.01.2023 10:00;12.01.2023 11:00;84,74
12.01.2023 11:00;12.01.2023 12:00;87,38
12.01.2023 12:00;12.01.2023 13:00;75,88
12.01.2023 13:00;12.01.2023 14:00;81,84
12.01.2023 14:00;12.01.2023 15:00;88,2
12.01.2023 15:00;12.01.2023 16:00;95,18
12.01.2023 16:00;12.01.2023 17:00;99,08
12.01.2023 17:00;12.01.2023 18:00;112,01
12.01.2023 18:00;12.01.2023 19:00;119,49
12.01.2023 19:00;12.01.2023 20:00;100,79
12.01.2023 20:00;12.01.2023 21:00;99,35
12.01.2023 21:00;12.01.2023 22:00;84,77
12.01.2023 22:00;12.01.2023 23:00;70,43
12.01.2023 23:00;13.01.2023 00:00;39,57
13.01.2023 00:00;13.01.2023 01:00;32,64
13.01.2023 01:00;13.01.2023 02:00;16,99
13.01.2023 02:00;13.01.2023 03:00;9,0
13.01.2023 03:00;13.01.2023 04:00;2,02
13.01.2023 04:00;13.01.2023 05:00;2,61
13.01.2023 05:00;13.01.2023 06:00;25,26
13.01.2023 06:00;13.01.2023 07:00;54,74
13.01.2023 07:00;13.01.2023 08:00;87,88
13.01.2023 08:00;13.01.2023 09:00;105,95
13.01.2023 09:00;13.01.2023 10:00;100,64
13.01.2023 10:00;13.01.2023 11:00;94,85
13.01.2023 11:00;13.01.2023 12:00;84,93
13.01.2023 12:00;13.01.2023 13:00;76,53
13.01.2023 13:00;13.01.2023 14:00;70,24
13.01.2023 14:00;13.01.2023 15:00;73,55
13.01.2023 15:00;13.01.2023 16:00;79,85
13.01.2023 16:00;13.01.2023 17:00;85,31
13.01.2023 17:00;13.01.2023 18:00;96,9
13.01.2023 18:00;13.01.2023 19:00;96,97
13.01.2023 19:00;13.01.2023 20:00;95,91
13.01.2023 20:00;13.01.2023 21:00;84,94
13.01.2023 21:00;13.01.2023 22:00;76,89
13.01.2023 22:00;13.01.2023 23:00;76,51
13.01.2023 23:00;14.01.2023 00:00;68,3
14.01.2023 00:00;14.01.2023 01:00;25,68
14.01.2023 01:00;14.01.2023 02:00;34,62
14.01.2023 02:00;14.01.2023 03:00;44,7
14.01.2023 03:00;14.01.2023 04:00;41,23
14.01.2023 04:00;14.01.2023 05:00;40,7
14.01.2023 05:00;14.01.2023 06:00;40,68
14.01.2023 06:00;14.01.2023 07:00;45,1
14.01.2023 07:00;14.01.2023 08:00;53,14
14.01.2023 08:00;14.01.2023 09:00;52,34
14.01.2023 09:00;14.01.2023 10:00;54,16
14.01.2023 10:00;14.01.2023 11:00;50,47
14.01.2023 11:00;14.01.2023 12:00;55,01
14.01.2023 12:00;14.01.2023 13:00;48,91
14.01.2023 13:00;14.01.2023 14:00;25,25
14.01.2023 14:00;14.01.2023 15:00;13,42
14.01.2023 15:00;14.01.2023 16:00;9,05
14.01.2023 16:00;14.01.2023 17:00;9,04
14.01.2023 17:00;14.01.2023 18:00;11,04
14.01.2023 18:00;14.01.2023 19:00;13,69
14.01.2023 19:00;14.01.2023 20:00;6,84
14.01.2023 20:00;14.01.2023 21:00;9,03
14.01.2023 21:00;14.01.2023 22:00;9,07
14.01.2023 22:00;14.01.2023 23:00;5,9
14.01.2023 23:00;15.01.2023 00:00;5,19
15.01.2023 00:00;15.01.2023 01:00;3,94
15.01.2023 01:00;15.01.2023 02:00;1,71
15.01.2023 02:00;15.01.2023 03:00;4,1
15.01.2023 03:00;15.01.2023 04:00;2,65
15.01.2023 04:00;15.01.2023 05:00;2,87
15.01.2023 05:00;15.01.2023 06:00;4,01
15.01.2023 06:00;15.01.2023 07:00;1,58
15.01.2023 07:00;15.01.2023 08:00;1,74
15.01.2023 08:00;15.01.2023 09:00;9,08
15.01.2023 09:00;15.01.2023 10:00;10,31
15.01.2023 10:00;15.01.2023 11:00;9,01
15.01.2023 11:00;15.01.2023 12:00;8,03
15.01.2023 12:00;15.01.2023 13:00;6,76
15.01.2023 13:00;15.01.2023 14:00;0,42
15.01.2023 14:00;15.01.2023 15:00;0,29
15.01.2023 15:00;15.01.2023 16:00;0,32
15.01.2023 16:00;15.01.2023 17:00;0,46
15.01.2023 17:00;15.01.2023 18:00;1,25
15.01.2023 18:00;15.01.2023 19:00;26,95
15.01.2023 19:00;15.01.2023 20:00;25,27
15.01.2023 20:00;15.01.2023 21:00;12,17
15.01.2023 21:00;15.01.2023 22:00;19,69
15.01.2023 22:00;15.01.2023 23:00;32,14
15.01.2023 23:00;16.01.2023 00:00;37,47
16.01.2023 00:00;16.01.2023 01:00;60,01
16.01.2023 01:00;16.01.2023 02:00;60,01
16.01.2023 02:00;16.01.2023 03:00;62,72
16.01.2023 03:00;16.01.2023 04:00;56,1
16.01.2023 04:00;16.01.2023 05:00;63,3
16.01.2023 05:00;16.01.2023 06:00;87,0
16.01.2023 06:00;16.01.2023 07:00;154,63
16.01.2023 07:00;16.01.2023 08:00;175,11
16.01.2023 08:00;16.01.2023 09:00;185,99
16.01.2023 09:00;16.01.2023 10:00;170,0
16.01.2023 10:00;16.01.2023 11:00;150,2
16.01.2023 11:00;16.01.2023 12:00;150,89
16.01.2023 12:00;16.01.2023 13:00;147,04
16.01.2023 13:00;16.01.2023 14:00;140,87
16.01.2023 14:00;16.01.2023 15:00;141,24
16.01.2023 15:00;16.01.2023 16:00;145,69
16.01.2023 16:00;16.01.2023 17:00;150,81
16.01.2023 17:00;16.01.2023 18:00;166,79
16.01.2023 18:00;16.01.2023 19:00;173,72
16.01.2023 19:00;16.01.2023 20:00;150,5
16.01.2023 20:00;16.01.2023 21:00;136,97
16.01.2023 21:00;16.01.2023 22:00;127,74
16.01.2023 22:00;16.01.2023 23:00;123,24
16.01.2023 23:00;17.01.2023 00:00;109,4
17.01.2023 00:00;17.01.2023 01:00;98,24
17.01.2023 01:00;17.01.2023 02:00;94,61
17.01.2023 02:00;17.01.2023 03:00;91,91
17.01.2023 03:00;17.01.2023 04:00;89,51
17.01.2023 04:00;17.01.2023 05:00;91,77
17.01.2023 05:00;17.01.2023 06:00;100,0
17.01.2023 06:00;17.01.2023 07:00;116,96
17.01.2023 07:00;17.01.2023 08:00;140,8
17.01.2023 08:00;17.01.2023 09:00;151,96
17.01.2023 09:00;17.01.2023 10:00;136,1
17.01.2023 10:00;17.01.2023 11:00;126,17
17.01.2023 11:00;17.01.2023 12:00;122,75
17.01.2023 12:00;17.01.2023 13:00;116,07
17.01.2023 13:00;17.01.2023 14:00;129,56
17.01.2023 14:00;17.01.2023 15:00;146,05
17.01.2023 15:00;17.01.2023 16:00;163,85
17.01.2023 16:00;17.01.2023 17:00;180,05
17.01.2023 17:00;17.01.2023 18:00;188,83
17.01.2023 18:00;17.01.2023 19:00;176,9
17.01.2023 19:00;17.01.2023 20:00;175,56
17.01.2023 20:00;17.01.2023 21:00;154,02
17.01.2023 21:00;17.01.2023 22:00;146,26
17.01.2023 22:00;17.01.2023 23:00;139,94
17.01.2023 23:00;18.01.2023 00:00;127,73
18.01.2023 00:00;18.01.2023 01:00;122,85
18.01.2023 01:00;18.01.2023 02:00;124,68
18.01.2023 02:00;18.01.2023 03:00;124,64
18.01.2023 03:00;18.01.2023 04:00;122,87
18.01.2023 04:00;18.01.2023 05:00;119,91
18.01.2023 05:00;18.01.2023 06:00;126,6
18.01.2023 06:00;18.01.2023 07:00;152,72
18.01.2023 07:00;18.01.2023 08:00;171,69
18.01.2023 08:00;18.01.2023 09:00;188,67
18.01.2023 09:00;18.01.2023 10:00;183,11
18.01.2023 10:00;18.01.2023 11:00;161,25
18.01.2023 11:00;18.01.2023 12:00;152,45
18.01.2023 12:00;18.01.2023 13:00;140,87
18.01.2023 13:00;18.01.2023 14:00;141,24
18.01.2023 14:00;18.01.2023 15:00;142,33
18.01.2023 15:00;18.01.2023 16:00;152,69
18.01.2023 16:00;18.01.2023 17:00;153,81
18.01.2023 17:00;18.01.2023 18:00;164,64
18.01.2023 18:00;18.01.2023 19:00;158,96
18.01.2023 19:00;18.01.2023 20:00;133,55
18.01.2023 20:00;18.01.2023 21:00;137,48
18.01.2023 21:00;18.01.2023 22:00;131,47
18.01.2023 22:00;18.01.2023 23:00;128,99
18.01.2023 23:00;19.01.2023 00:00;112,68
19.01.2023 00:00;19.01.2023 01:00;111,53
19.01.2023 01:00;19.01.2023 02:00;106,98
19.01.2023 02:00;19.01.2023 03:00;104,97
19.01.2023 03:00;19.01.2023 04:00;101,72
19.01.2023 04:00;19.01.2023 05:00;99,14
19.01.2023 05:00;19.01.2023 06:00;110,95
19.01.2023 06:00;19.01.2023 07:00;118,22
19.01.2023 07:00;19.01.2023 08:00;149,62
19.01.2023 08:00;19.01.2023 09:00;159,93
19.01.2023 09:00;19.01.2023 10:00;155,88
19.01.2023 10:00;19.01.2023 11:00;154,81
19.01.2023 11:00;19.01.2023 12:00;138,63
19.01.2023 12:00;19.01.2023 13:00;150,07
19.01.2023 13:00;19.01.2023 14:00;154,87
19.01.2023 14:00;19.01.2023 15:00;160,49
19.01.2023 15:00;19.01.2023 16:00;179,1
19.01.2023 16:00;19.01.2023 17:00;186,29
19.01.2023 17:00;19.01.2023 18:00;198,73
19.01.2023 18:00;19.01.2023 19:00;197,57
19.01.2023 19:00;19.01.2023 20:00;186,29
19.01.2023 20:00;19.01.2023 21:00;169,93
19.01.2023 21:00;19.01.2023 22:00;159,77
19.01.2023 22:00;19.01.2023 23:00;162,14
19.01.2023 23:00;20.01.2023 00:00;139,5
20.01.2023 00:00;20.01.2023 01:00;146,89
20.01.2023 01:00;20.01.2023 02:00;144,5
20.01.2023 02:00;20.01.2023 03:00;142,44
20.01.2023 03:00;20.01.2023 04:00;142,8
20.01.2023 04:00;20.01.2023 05:00;144,98
20.01.2023 05:00;20.01.2023 06:00;150,5
20.01.2023 06:00;20.01.2023 07:00;176,01
20.01.2023 07:00;20.01.2023 08:00;208,07
20.01.2023 08:00;20.01.2023 09:00;235,06
20.01.2023 09:00;20.01.2023 10:00;221,7
20.01.2023 10:00;20.01.2023 11:00;209,77
20.01.2023 11:00;20.01.2023 12:00;201,52
20.01.2023 12:00;20.01.2023 13:00;189,26
20.01.2023 13:00;20.01.2023 14:00;181,63
20.01.2023 14:00;20.01.2023 15:00;182,36
20.01.2023 15:00;20.01.2023 16:00;192,0
20.01.2023 16:00;20.01.2023 17:00;200,0
20.01.2023 17:00;20.01.2023 18:00;208,22
20.01.2023 18:00;20.01.2023 19:00;208,4
20.01.2023 19:00;20.01.2023 20:00;197,0
20.01.2023 20:00;20.01.2023 21:00;175,7
20.01.2023 21:00;20.01.2023 22:00;166,37
20.01.2023 22:00;20.01.2023 23:00;163,1
20.01.2023 23:00;21.01.2023 00:00;147,55
21.01.2023 00:00;21.01.2023 01:00;144,13
21.01.2023 01:00;21.01.2023 02:00;140,06
21.01.2023 02:00;21.01.2023 03:00;140,19
21.01.2023 03:00;21.01.2023 04:00;133,74
21.01.2023 04:00;21.01.2023 05:00;131,24
21.01.2023 05:00;21.01.2023 06:00;132,06
21.01.2023 06:00;21.01.2023 07:00;130,47
21.01.2023 07:00;21.01.2023 08:00;140,25
21.01.2023 08:00;21.01.2023 09:00;152,48
21.01.2023 09:00;21.01.2023 10:00;171,66
21.01.2023 10:00;21.01.2023 11:00;170,01
21.01.2023 11:00;21.01.2023 12:00;156,94
21.01.2023 12:00;21.01.2023 13:00;147,91
21.01.2023 13:00;21.01.2023 14:00;137,02
21.01.2023 14:00;21.01.2023 15:00;136,58
21.01.2023 15:00;21.01.2023 16:00;135,9
21.01.2023 16:00;21.01.2023 17:00;144,22
21.01.2023 17:00;21.01.2023 18:00;173,92
21.01.2023 18:00;21.01.2023 19:00;178,89
21.01.2023 19:00;21.01.2023 20:00;143,52
21.01.2023 20:00;21.01.2023 21:00;138,53
21.01.2023 21:00;21.01.2023 22:00;136,04
21.01.2023 22:00;21.01.2023 23:00;131,88
21.01.2023 23:00;22.01.2023 00:00;117,76
22.01.2023 00:00;22.01.2023 01:00;127,6
22.01.2023 01:00;22.01.2023 02:00;119,01
22.01.2023 02:00;22.01.2023 03:00;116,77
22.01.2023 03:00;22.01.2023 04:00;118,35
22.01.2023 04:00;22.01.2023 05:00;122,12
22.01.2023 05:00;22.01.2023 06:00;117,79
22.01.2023 06:00;22.01.2023 07:00;127,6
22.01.2023 07:00;22.01.2023 08:00;127,6
22.01.2023 08:00;22.01.2023 09:00;137,51
22.01.2023 09:00;22.01.2023 10:00;145,82
22.01.2023 10:00;22.01.2023 11:00;151,28
22.01.2023 11:00;22.01.2023 12:00;161,75
22.01.2023 12:00;22.01.2023 13:00;161,55
22.01.2023 13:00;22.01.2023 14:00;150,0
22.01.2023 14:00;22.01.2023 15:00;154,9
22.01.2023 15:00;22.01.2023 16:00;157,49
22.01.2023 16:00;22.01.2023 17:00;171,03
22.01.2023 17:00;22.01.2023 18:00;191,99
22.01.2023 18:00;22.01.2023 19:00;202,07
22.01.2023 19:00;22.01.2023 20:00;199,19
22.01.2023 20:00;22.01.2023 21:00;179,01
22.01.2023 21:00;22.01.2023 22:00;170,77
22.01.2023 22:00;22.01.2023 23:00;162,86
22.01.2023 23:00;23.01.2023 00:00;153,56
23.01.2023 00:00;23.01.2023 01:00;148,96
23.01.2023 01:00;23.01.2023 02:00;149,0
23.01.2023 02:00;23.01.2023 03:00;148,4
23.01.2023 03:00;23.01.2023 04:00;147,59
23.01.2023 04:00;23.01.2023 05:00;149,88
23.01.2023 05:00;23.01.2023 06:00;150,32
23.01.2023 06:00;23.01.2023 07:00;189,96
23.01.2023 07:00;23.01.2023 08:00;226,54
23.01.2023 08:00;23.01.2023 09:00;257,92
23.01.2023 09:00;23.01.2023 10:00;270,22
23.01.2023 10:00;23.01.2023 11:00;249,94
23.01.2023 11:00;23.01.2023 12:00;230,23
23.01.2023 12:00;23.01.2023 13:00;220,95
23.01.2023 13:00;23.01.2023 14:00;219,18
23.01.2023 14:00;23.01.2023 15:00;219,69
23.01.2023 15:00;23.01.2023 16:00;218,99
23.01.2023 16:00;23.01.2023 17:00;224,58
23.01.2023 17:00;23.01.2023 18:00;248,9
23.01.2023 18:00;23.01.2023 19:00;248,07
23.01.2023 19:00;23.01.2023 20:00;223,19
23.01.2023 20:00;23.01.2023 21:00;203,53
23.01.2023 21:00;23.01.2023 22:00;184,01
23.01.2023 22:00;23.01.2023 23:00;172,09
23.01.2023 23:00;24.01.2023 00:00;163,48
24.01.2023 00:00;24.01.2023 01:00;164,85
24.01.2023 01:00;24.01.2023 02:00;160,07
24.01.2023 02:00;24.01.2023 03:00;154,79
24.01.2023 03:00;24.01.2023 04:00;149,05
24.01.2023 04:00;24.01.2023 05:00;153,65
24.01.2023 05:00;24.01.2023 06:00;163,34
24.01.2023 06:00;24.01.2023 07:00;183,61
24.01.2023 07:00;24.01.2023 08:00;210,08
24.01.2023 08:00;24.01.2023 09:00;251,1
24.01.2023 09:00;24.01.2023 10:00;256,43
24.01.2023 10:00;24.01.2023 11:00;238,66
24.01.2023 11:00;24.01.2023 12:00;229,98
24.01.2023 12:00;24.01.2023 13:00;217,92
24.01.2023 13:00;24.01.2023 14:00;206,05
24.01.2023 14:00;24.01.2023 15:00;215,28
24.01.2023 15:00;24.01.2023 16:00;217,98
24.01.2023 16:00;24.01.2023 17:00;224,58
24.01.2023 17:00;24.01.2023 18:00;250,0
24.01.2023 18:00;24.01.2023 19:00;250,0
24.01.2023 19:00;24.01.2023 20:00;231,15
24.01.2023 20:00;24.01.2023 21:00;214,02
24.01.2023 21:00;24.01.2023 22:00;187,37
24.01.2023 22:00;24.01.2023 23:00;172,43
24.01.2023 23:00;25.01.2023 00:00;162,24
25.01.2023 00:00;25.01.2023 01:00;149,17
25.01.2023 01:00;25.01.2023 02:00;150,83
25.01.2023 02:00;25.01.2023 03:00;150,71
25.01.2023 03:00;25.01.2023 04:00;147,57
25.01.2023 04:00;25.01.2023 05:00;146,7
25.01.2023 05:00;25.01.2023 06:00;150,85
25.01.2023 06:00;25.01.2023 07:00;170,6
25.01.2023 07:00;25.01.2023 08:00;200,09
25.01.2023 08:00;25.01.2023 09:00;225,04
25.01.2023 09:00;25.01.2023 10:00;225,0
25.01.2023 10:00;25.01.2023 11:00;212,42
25.01.2023 11:00;25.01.2023 12:00;200,98
25.01.2023 12:00;25.01.2023 13:00;193,2
25.01.2023 13:00;25.01.2023 14:00;185,2
25.01.2023 14:00;25.01.2023 15:00;191,7
25.01.2023 15:00;25.01.2023 16:00;197,3
25.01.2023 16:00;25.01.2023 17:00;199,19
25.01.2023 17:00;25.01.2023 18:00;206,35
25.01.2023 18:00;25.01.2023 19:00;208,62
25.01.2023 19:00;25.01.2023 20:00;193,21
25.01.2023 20:00;25.01.2023 21:00;174,29
25.01.2023 21:00;25.01.2023 22:00;165,95
25.01.2023 22:00;25.01.2023 23:00;163,61
25.01.2023 23:00;26.01.2023 00:00;153,23
26.01.2023 00:00;26.01.2023 01:00;150,0
26.01.2023 01:00;26.01.2023 02:00;140,33
26.01.2023 02:00;26.01.2023 03:00;137,13
26.01.2023 03:00;26.01.2023 04:00;134,63
26.01.2023 04:00;26.01.2023 05:00;136,01
26.01.2023 05:00;26.01.2023 06:00;143,85
26.01.2023 06:00;26.01.2023 07:00;165,68
26.01.2023 07:00;26.01.2023 08:00;186,98
26.01.2023 08:00;26.01.2023 09:00;198,95
26.01.2023 09:00;26.01.2023 10:00;202,91
26.01.2023 10:00;26.01.2023 11:00;197,11
26.01.2023 11:00;26.01.2023 12:00;194,23
26.01.2023 12:00;26.01.2023 13:00;187,19
26.01.2023 13:00;26.01.2023 14:00;184,72
26.01.2023 14:00;26.01.2023 15:00;181,28
26.01.2023 15:00;26.01.2023 16:00;175,62
26.01.2023 16:00;26.01.2023 17:00;168,86
26.01.2023 17:00;26.01.2023 18:00;186,2
26.01.2023 18:00;26.01.2023 19:00;180,73
26.01.2023 19:00;26.01.2023 20:00;170,55
26.01.2023 20:00;26.01.2023 21:00;158,99
26.01.2023 21:00;26.01.2023 22:00;154,44
26.01.2023 22:00;26.01.2023 23:00;149,75
26.01.2023 23:00;27.01.2023 00:00;137,91
27.01.2023 00:00;27.01.2023 01:00;135,0
27.01.2023 01:00;27.01.2023 02:00;132,23
27.01.2023 02:00;27.01.2023 03:00;130,32
27.01.2023 03:00;27.01.2023 04:00;125,11
27.01.2023 04:00;27.01.2023 05:00;128,31
27.01.2023 05:00;27.01.2023 06:00;134,12
27.01.2023 06:00;27.01.2023 07:00;151,01
27.01.2023 07:00;27.01.2023 08:00;176,1
27.01.2023 08:00;27.01.2023 09:00;195,0
27.01.2023 09:00;27.01.2023 10:00;199,19
27.01.2023 10:00;27.01.2023 11:00;195,0
27.01.2023 11:00;27.01.2023 12:00;190,0
27.01.2023 12:00;27.01.2023 13:00;183,06
27.01.2023 13:00;27.01.2023 14:00;180,0
27.01.2023 14:00;27.01.2023 15:00;181,5
27.01.2023 15:00;27.01.2023 16:00;185,0
27.01.2023 16:00;27.01.2023 17:00;188,0
27.01.2023 17:00;27.01.2023 18:00;198,05
27.01.2023 18:00;27.01.2023 19:00;200,7
27.01.2023 19:00;27.01.2023 20:00;193,7
27.01.2023 20:00;27.01.2023 21:00;181,5
27.01.2023 21:00;27.01.2023 22:00;166,25
27.01.2023 22:00;27.01.2023 23:00;155,12
27.01.2023 23:00;28.01.2023 00:00;146,0
28.01.2023 00:00;28.01.2023 01:00;139,9
28.01.2023 01:00;28.01.2023 02:00;135,06
28.01.2023 02:00;28.01.2023 03:00;133,38
28.01.2023 03:00;28.01.2023 04:00;129,59
28.01.2023 04:00;28.01.2023 05:00;125,28
28.01.2023 05:00;28.01.2023 06:00;122,83
28.01.2023 06:00;28.01.2023 07:00;128,85
28.01.2023 07:00;28.01.2023 08:00;136,32
28.01.2023 08:00;28.01.2023 09:00;145,43
28.01.2023 09:00;28.01.2023 10:00;160,16
28.01.2023 10:00;28.01.2023 11:00;161,57
28.01.2023 11:00;28.01.2023 12:00;157,3
28.01.2023 12:00;28.01.2023 13:00;141,56
28.01.2023 13:00;28.01.2023 14:00;135,32
28.01.2023 14:00;28.01.2023 15:00;138,16
28.01.2023 15:00;28.01.2023 16:00;147,14
28.01.2023 16:00;28.01.2023 17:00;154,27
28.01.2023 17:00;28.01.2023 18:00;164,93
28.01.2023 18:00;28.01.2023 19:00;174,06
28.01.2023 19:00;28.01.2023 20:00;163,56
28.01.2023 20:00;28.01.2023 21:00;149,96
28.01.2023 21:00;28.01.2023 22:00;146,13
28.01.2023 22:00;28.01.2023 23:00;142,23
28.01.2023 23:00;29.01.2023 00:00;139,78
29.01.2023 00:00;29.01.2023 01:00;154,85
29.01.2023 01:00;29.01.2023 02:00;129,66
29.01.2023 02:00;29.01.2023 03:00;126,23
29.01.2023 03:00;29.01.2023 04:00;123,63
29.01.2023 04:00;29.01.2023 05:00;123,87
29.01.2023 05:00;29.01.2023 06:00;123,13
29.01.2023 06:00;29.01.2023 07:00;127,74
29.01.2023 07:00;29.01.2023 08:00;133,26
29.01.2023 08:00;29.01.2023 09:00;148,07
29.01.2023 09:00;29.01.2023 10:00;155,77
29.01.2023 10:00;29.01.2023 11:00;124,76
29.01.2023 11:00;29.01.2023 12:00;121,06
29.01.2023 12:00;29.01.2023 13:00;115,31
29.01.2023 13:00;29.01.2023 14:00;114,97
29.01.2023 14:00;29.01.2023 15:00;121,03
29.01.2023 15:00;29.01.2023 16:00;125,5
29.01.2023 16:00;29.01.2023 17:00;130,09
29.01.2023 17:00;29.01.2023 18:00;156,14
29.01.2023 18:00;29.01.2023 19:00;153,36
29.01.2023 19:00;29.01.2023 20:00;128,65
29.01.2023 20:00;29.01.2023 21:00;99,84
29.01.2023 21:00;29.01.2023 22:00;85,0
29.01.2023 22:00;29.01.2023 23:00;79,83
29.01.2023 23:00;30.01.2023 00:00;64,36
30.01.2023 00:00;30.01.2023 01:00;45,0
30.01.2023 01:00;30.01.2023 02:00;5,9
30.01.2023 02:00;30.01.2023 03:00;5,07
30.01.2023 03:00;30.01.2023 04:00;2,03
30.01.2023 04:00;30.01.2023 05:00;9,03
30.01.2023 05:00;30.01.2023 06:00;37,47
30.01.2023 06:00;30.01.2023 07:00;88,1
30.01.2023 07:00;30.01.2023 08:00;102,18
30.01.2023 08:00;30.01.2023 09:00;115,5
30.01.2023 09:00;30.01.2023 10:00;100,8
30.01.2023 10:00;30.01.2023 11:00;96,81
30.01.2023 11:00;30.01.2023 12:00;88,23
30.01.2023 12:00;30.01.2023 13:00;86,1
30.01.2023 13:00;30.01.2023 14:00;83,38
30.01.2023 14:00;30.01.2023 15:00;88,36
30.01.2023 15:00;30.01.2023 16:00;86,12
30.01.2023 16:00;30.01.2023 17:00;89,69
30.01.2023 17:00;30.01.2023 18:00;98,62
30.01.2023 18:00;30.01.2023 19:00;96,29
30.01.2023 19:00;30.01.2023 20:00;100,7
30.01.2023 20:00;30.01.2023 21:00;89,95
30.01.2023 21:00;30.01.2023 22:00;86,85
30.01.2023 22:00;30.01.2023 23:00;88,15
30.01.2023 23:00;31.01.2023 00:00;90,8
31.01.2023 00:00;31.01.2023 01:00;94,01
31.01.2023 01:00;31.01.2023 02:00;98,15
31.01.2023 02:00;31.01.2023 03:00;98,15
31.01.2023 03:00;31.01.2023 04:00;100,91
31.01.2023 04:00;31.01.2023 05:00;105,29
31.01.2023 05:00;31.01.2023 06:00;109,53
31.01.2023 06:00;31.01.2023 07:00;144,34
31.01.2023 07:00;31.01.2023 08:00;171,4
31.01.2023 08:00;31.01.2023 09:00;182,98
31.01.2023 09:00;31.01.2023 10:00;169,94
31.01.2023 10:00;31.01.2023 11:00;167,11
31.01.2023 11:00;31.01.2023 12:00;146,33
31.01.2023 12:00;31.01.2023 13:00;138,23
31.01.2023 13:00;31.01.2023 14:00;123,71
31.01.2023 14:00;31.01.2023 15:00;106,62
31.01.2023 15:00;31.01.2023 16:00;108,1
31.01.2023 16:00;31.01.2023 17:00;101,73
31.01.2023 17:00;31.01.2023 18:00;103,18
31.01.2023 18:00;31.01.2023 19:00;108,96
31.01.2023 19:00;31.01.2023 20:00;100,28
31.01.2023 20:00;31.01.2023 21:00;94,92
31.01.2023 21:00;31.01.2023 22:00;86,19
31.01.2023 22:00;31.01.2023 23:00;86,1
31.01.2023 23:00;01.02.2023 00:00;69,56
01.02.2023 00:00;01.02.2023 01:00;79,94
01.02.2023 01:00;01.02.2023 02:00;67,55
01.02.2023 02:00;01.02.2023 03:00;65,69
01.02.2023 03:00;01.02.2023 04:00;66,82
01.02.2023 04:00;01.02.2023 05:00;57,59
01.02.2023 05:00;01.02.2023 06:00;74,96
01.02.2023 06:00;01.02.2023 07:00;95,98
01.02.2023 07:00;01.02.2023 08:00;112,75
01.02.2023 08:00;01.02.2023 09:00;120,74
01.02.2023 09:00;01.02.2023 10:00;111,29
01.02.2023 10:00;01.02.2023 11:00;105,03
01.02.2023 11:00;01.02.2023 12:00;101,45
01.02.2023 12:00;01.02.2023 13:00;99,34
01.02.2023 13:00;01.02.2023 14:00;98,53
01.02.2023 14:00;01.02.2023 15:00;95,97
01.02.2023 15:00;01.02.2023 16:00;98,56
01.02.2023 16:00;01.02.2023 17:00;102,69
01.02.2023 17:00;01.02.2023 18:00;109,12
01.02.2023 18:00;01.02.2023 19:00;111,58
01.02.2023 19:00;01.02.2023 20:00;100,88
01.02.2023 20:00;01.02.2023 21:00;97,65
01.02.2023 21:00;01.02.2023 22:00;94,75
01.02.2023 22:00;01.02.2023 23:00;86,42
01.02.2023 23:00;02.02.2023 00:00;78,59
02.02.2023 00:00;02.02.2023 01:00;74,3
02.02.2023 01:00;02.02.2023 02:00;67,77
02.02.2023 02:00;02.02.2023 03:00;71,35
02.02.2023 03:00;02.02.2023 04:00;76,75
02.02.2023 04:00;02.02.2023 05:00;88,55
02.02.2023 05:00;02.02.2023 06:00;93,11
02.02.2023 06:00;02.02.2023 07:00;116,21
02.02.2023 07:00;02.02.2023 08:00;139,22
02.02.2023 08:00;02.02.2023 09:00;169,87
02.02.2023 09:00;02.02.2023 10:00;178,2
02.02.2023 10:00;02.02.2023 11:00;170,09
02.02.2023 11:00;02.02.2023 12:00;167,21
02.02.2023 12:00;02.02.2023 13:00;156,86
02.02.2023 13:00;02.02.2023 14:00;152,74
02.02.2023 14:00;02.02.2023 15:00;161,44
02.02.2023 15:00;02.02.2023 16:00;163,39
02.02.2023 16:00;02.02.2023 17:00;167,28
02.02.2023 17:00;02.02.2023 18:00;178,17
02.02.2023 18:00;02.02.2023 19:00;183,12
02.02.2023 19:00;02.02.2023 20:00;172,18
02.02.2023 20:00;02.02.2023 21:00;142,09
02.02.2023 21:00;02.02.2023 22:00;143,54
02.02.2023 22:00;02.02.2023 23:00;130,15
02.02.2023 23:00;03.02.2023 00:00;103,93
03.02.2023 00:00;03.02.2023 01:00;108,3
03.02.2023 01:00;03.02.2023 02:00;100,27
03.02.2023 02:00;03.02.2023 03:00;93,82
03.02.2023 03:00;03.02.2023 04:00;87,83
03.02.2023 04:00;03.02.2023 05:00;84,03
03.02.2023 05:00;03.02.2023 06:00;89,02
03.02.2023 06:00;03.02.2023 07:00;100,27
03.02.2023 07:00;03.02.2023 08:00;107,73
03.02.2023 08:00;03.02.2023 09:00;110,39
03.02.2023 09:00;03.02.2023 10:00;110,01
03.02.2023 10:00;03.02.2023 11:00;97,73
03.02.2023 11:00;03.02.2023 12:00;102,81
03.02.2023 12:00;03.02.2023 13:00;102,0
03.02.2023 13:00;03.02.2023 14:00;99,19
03.02.2023 14:00;03.02.2023 15:00;97,91
03.02.2023 15:00;03.02.2023 16:00;102,0
03.02.2023 16:00;03.02.2023 17:00;107,72
03.02.2023 17:00;03.02.2023 18:00;112,4
03.02.2023 18:00;03.02.2023 19:00;113,52
03.02.2023 19:00;03.02.2023 20:00;108,07
03.02.2023 20:00;03.02.2023 21:00;103,7
03.02.2023 21:00;03.02.2023 22:00;102,95
03.02.2023 22:00;03.02.2023 23:00;113,19
03.02.2023 23:00;04.02.2023 00:00;107,8
04.02.2023 00:00;04.02.2023 01:00;99,36
04.02.2023 01:00;04.02.2023 02:00;106,25
04.02.2023 02:00;04.02.2023 03:00;113,15
04.02.2023 03:00;04.02.2023 04:00;121,77
04.02.2023 04:00;04.02.2023 05:00;125,38
04.02.2023 05:00;04.02.2023 06:00;127,44
04.02.2023 06:00;04.02.2023 07:00;137,34
04.02.2023 07:00;04.02.2023 08:00;156,31
04.02.2023 08:00;04.02.2023 09:00;164,19
04.02.2023 09:00;04.02.2023 10:00;169,83
04.02.2023 10:00;04.02.2023 11:00;164,11
04.02.2023 11:00;04.02.2023 12:00;156,39
04.02.2023 12:00;04.02.2023 13:00;148,84
04.02.2023 13:00;04.02.2023 14:00;133,37
04.02.2023 14:00;04.02.2023 15:00;134,09
04.02.2023 15:00;04.02.2023 16:00;141,61
04.02.2023 16:00;04.02.2023 17:00;155,36
04.02.2023 17:00;04.02.2023 18:00;170,29
04.02.2023 18:00;04.02.2023 19:00;184,16
04.02.2023 19:00;04.02.2023 20:00;179,96
04.02.2023 20:00;04.02.2023 21:00;167,89
04.02.2023 21:00;04.02.2023 22:00;158,13
04.02.2023 22:00;04.02.2023 23:00;152,38
04.02.2023 23:00;05.02.2023 00:00;136,67
05.02.2023 00:00;05.02.2023 01:00;135,51
05.02.2023 01:00;05.02.2023 02:00;136,97
05.02.2023 02:00;05.02.2023 03:00;129,03
05.02.2023 03:00;05.02.2023 04:00;130,68
05.02.2023 04:00;05.02.2023 05:00;116,2
05.02.2023 05:00;05.02.2023 06:00;113,27
05.02.2023 06:00;05.02.2023 07:00;114,21
05.02.2023 07:00;05.02.2023 08:00;115,6
05.02.2023 08:00;05.02.2023 09:00;120,48
05.02.2023 09:00;05.02.2023 10:00;117,68
05.02.2023 10:00;05.02.2023 11:00;117,3
05.02.2023 11:00;05.02.2023 12:00;122,09
05.02.2023 12:00;05.02.2023 13:00;116,09
05.02.2023 13:00;05.02.2023 14:00;107,01
05.02.2023 14:00;05.02.2023 15:00;109,75
05.02.2023 15:00;05.02.2023 16:00;116,32
05.02.2023 16:00;05.02.2023 17:00;125,16
05.02.2023 17:00;05.02.2023 18:00;147,57
05.02.2023 18:00;05.02.2023 19:00;171,44
05.02.2023 19:00;05.02.2023 20:00;170,92
05.02.2023 20:00;05.02.2023 21:00;165,9
05.02.2023 21:00;05.02.2023 22:00;153,67
05.02.2023 22:00;05.02.2023 23:00;155,77
05.02.2023 23:00;06.02.2023 00:00;144,18
06.02.2023 00:00;06.02.2023 01:00;145,0
06.02.2023 01:00;06.02.2023 02:00;143,73
06.02.2023 02:00;06.02.2023 03:00;145,41
06.02.2023 03:00;06.02.2023 04:00;142,09
06.02.2023 04:00;06.02.2023 05:00;140,1
06.02.2023 05:00;06.02.2023 06:00;148,93
06.02.2023 06:00;06.02.2023 07:00;175,67
06.02.2023 07:00;06.02.2023 08:00;200,65
06.02.2023 08:00;06.02.2023 09:00;213,39
06.02.2023 09:00;06.02.2023 10:00;200,65
06.02.2023 10:00;06.02.2023 11:00;185,08
06.02.2023 11:00;06.02.2023 12:00;179,84
06.02.2023 12:00;06.02.2023 13:00;168,72
06.02.2023 13:00;06.02.2023 14:00;161,16
06.02.2023 14:00;06.02.2023 15:00;163,9
06.02.2023 15:00;06.02.2023 16:00;170,67
06.02.2023 16:00;06.02.2023 17:00;181,8
06.02.2023 17:00;06.02.2023 18:00;198,94
06.02.2023 18:00;06.02.2023 19:00;213,5
06.02.2023 19:00;06.02.2023 20:00;205,38
06.02.2023 20:00;06.02.2023 21:00;186,21
06.02.2023 21:00;06.02.2023 22:00;166,48
06.02.2023 22:00;06.02.2023 23:00;159,82
06.02.2023 23:00;07.02.2023 00:00;154,0
07.02.2023 00:00;07.02.2023 01:00;145,78
07.02.2023 01:00;07.02.2023 02:00;142,21
07.02.2023 02:00;07.02.2023 03:00;140,42
07.02.2023 03:00;07.02.2023 04:00;139,44
07.02.2023 04:00;07.02.2023 05:00;141,6
07.02.2023 05:00;07.02.2023 06:00;145,87
07.02.2023 06:00;07.02.2023 07:00;170,54
07.02.2023 07:00;07.02.2023 08:00;198,04
07.02.2023 08:00;07.02.2023 09:00;214,16
07.02.2023 09:00;07.02.2023 10:00;191,85
07.02.2023 10:00;07.02.2023 11:00;172,52
07.02.2023 11:00;07.02.2023 12:00;141,83
07.02.2023 12:00;07.02.2023 13:00;140,33
07.02.2023 13:00;07.02.2023 14:00;134,86
07.02.2023 14:00;07.02.2023 15:00;148,34
07.02.2023 15:00;07.02.2023 16:00;171,86
07.02.2023 16:00;07.02.2023 17:00;189,98
07.02.2023 17:00;07.02.2023 18:00;222,26
07.02.2023 18:00;07.02.2023 19:00;245,6
07.02.2023 19:00;07.02.2023 20:00;229,0
07.02.2023 20:00;07.02.2023 21:00;199,03
07.02.2023 21:00;07.02.2023 22:00;188,18
07.02.2023 22:00;07.02.2023 23:00;173,36
07.02.2023 23:00;08.02.2023 00:00;163,08
08.02.2023 00:00;08.02.2023 01:00;160,05
08.02.2023 01:00;08.02.2023 02:00;155,16
08.02.2023 02:00;08.02.2023 03:00;150,0
08.02.2023 03:00;08.02.2023 04:00;147,97
08.02.2023 04:00;08.02.2023 05:00;145,97
08.02.2023 05:00;08.02.2023 06:00;149,18
08.02.2023 06:00;08.02.2023 07:00;175,69
08.02.2023 07:00;08.02.2023 08:00;196,64
08.02.2023 08:00;08.02.2023 09:00;216,19
08.02.2023 09:00;08.02.2023 10:00;177,75
08.02.2023 10:00;08.02.2023 11:00;128,0
08.02.2023 11:00;08.02.2023 12:00;126,33
08.02.2023 12:00;08.02.2023 13:00;124,95
08.02.2023 13:00;08.02.2023 14:00;124,96
08.02.2023 14:00;08.02.2023 15:00;124,95
08.02.2023 15:00;08.02.2023 16:00;134,49
08.02.2023 16:00;08.02.2023 17:00;156,86
08.02.2023 17:00;08.02.2023 18:00;183,99
08.02.2023 18:00;08.02.2023 19:00;192,45
08.02.2023 19:00;08.02.2023 20:00;153,0
08.02.2023 20:00;08.02.2023 21:00;145,45
08.02.2023 21:00;08.02.2023 22:00;133,81
08.02.2023 22:00;08.02.2023 23:00;127,73
08.02.2023 23:00;09.02.2023 00:00;118,94
09.02.2023 00:00;09.02.2023 01:00;109,56
09.02.2023 01:00;09.02.2023 02:00;118,36
09.02.2023 02:00;09.02.2023 03:00;115,12
09.02.2023 03:00;09.02.2023 04:00;115,46
09.02.2023 04:00;09.02.2023 05:00;120,47
09.02.2023 05:00;09.02.2023 06:00;132,57
09.02.2023 06:00;09.02.2023 07:00;155,24
09.02.2023 07:00;09.02.2023 08:00;174,46
09.02.2023 08:00;09.02.2023 09:00;173,02
09.02.2023 09:00;09.02.2023 10:00;111,36
09.02.2023 10:00;09.02.2023 11:00;114,01
09.02.2023 11:00;09.02.2023 12:00;111,77
09.02.2023 12:00;09.02.2023 13:00;111,18
09.02.2023 13:00;09.02.2023 14:00;110,19
09.02.2023 14:00;09.02.2023 15:00;121,46
09.02.2023 15:00;09.02.2023 16:00;157,91
09.02.2023 16:00;09.02.2023 17:00;165,04
09.02.2023 17:00;09.02.2023 18:00;173,25
09.02.2023 18:00;09.02.2023 19:00;166,33
09.02.2023 19:00;09.02.2023 20:00;134,89
09.02.2023 20:00;09.02.2023 21:00;115,77
09.02.2023 21:00;09.02.2023 22:00;135,77
09.02.2023 22:00;09.02.2023 23:00;119,93
09.02.2023 23:00;10.02.2023 00:00;117,95
10.02.2023 00:00;10.02.2023 01:00;122,69
10.02.2023 01:00;10.02.2023 02:00;123,09
10.02.2023 02:00;10.02.2023 03:00;116,32
10.02.2023 03:00;10.02.2023 04:00;116,7
10.02.2023 04:00;10.02.2023 05:00;118,51
10.02.2023 05:00;10.02.2023 06:00;125,47
10.02.2023 06:00;10.02.2023 07:00;153,99
10.02.2023 07:00;10.02.2023 08:00;185,91
10.02.2023 08:00;10.02.2023 09:00;196,23
10.02.2023 09:00;10.02.2023 10:00;158,72
10.02.2023 10:00;10.02.2023 11:00;140,35
10.02.2023 11:00;10.02.2023 12:00;131,68
10.02.2023 12:00;10.02.2023 13:00;118,84
10.02.2023 13:00;10.02.2023 14:00;117,94
10.02.2023 14:00;10.02.2023 15:00;110,12
10.02.2023 15:00;10.02.2023 16:00;127,95
10.02.2023 16:00;10.02.2023 17:00;123,76
10.02.2023 17:00;10.02.2023 18:00;158,93
10.02.2023 18:00;10.02.2023 19:00;129,55
10.02.2023 19:00;10.02.2023 20:00;108,29
10.02.2023 20:00;10.02.2023 21:00;108,26
10.02.2023 21:00;10.02.2023 22:00;94,66
10.02.2023 22:00;10.02.2023 23:00;89,19
10.02.2023 23:00;11.02.2023 00:00;45,0
11.02.2023 00:00;11.02.2023 01:00;89,89
11.02.2023 01:00;11.02.2023 02:00;85,38
11.02.2023 02:00;11.02.2023 03:00;85,03
11.02.2023 03:00;11.02.2023 04:00;81,87
11.02.2023 04:00;11.02.2023 05:00;82,31
11.02.2023 05:00;11.02.2023 06:00;80,88
11.02.2023 06:00;11.02.2023 07:00;82,95
11.02.2023 07:00;11.02.2023 08:00;86,59
11.02.2023 08:00;11.02.2023 09:00;93,13
11.02.2023 09:00;11.02.2023 10:00;93,95
11.02.2023 10:00;11.02.2023 11:00;93,01
11.02.2023 11:00;11.02.2023 12:00;89,93
11.02.2023 12:00;11.02.2023 13:00;93,23
11.02.2023 13:00;11.02.2023 14:00;90,92
11.02.2023 14:00;11.02.2023 15:00;93,89
11.02.2023 15:00;11.02.2023 16:00;101,13
11.02.2023 16:00;11.02.2023 17:00;118,36
11.02.2023 17:00;11.02.2023 18:00;153,94
11.02.2023 18:00;11.02.2023 19:00;152,79
11.02.2023 19:00;11.02.2023 20:00;140,73
11.02.2023 20:00;11.02.2023 21:00;140,42
11.02.2023 21:00;11.02.2023 22:00;138,28
11.02.2023 22:00;11.02.2023 23:00;143,76
11.02.2023 23:00;12.02.2023 00:00;138,06
12.02.2023 00:00;12.02.2023 01:00;129,72
12.02.2023 01:00;12.02.2023 02:00;125,49
12.02.2023 02:00;12.02.2023 03:00;131,79
12.02.2023 03:00;12.02.2023 04:00;127,57
12.02.2023 04:00;12.02.2023 05:00;118,46
12.02.2023 05:00;12.02.2023 06:00;118,89
12.02.2023 06:00;12.02.2023 07:00;108,02
12.02.2023 07:00;12.02.2023 08:00;116,17
12.02.2023 08:00;12.02.2023 09:00;149,4
12.02.2023 09:00;12.02.2023 10:00;144,27
12.02.2023 10:00;12.02.2023 11:00;145,56
12.02.2023 11:00;12.02.2023 12:00;140,07
12.02.2023 12:00;12.02.2023 13:00;129,89
12.02.2023 13:00;12.02.2023 14:00;120,0
12.02.2023 14:00;12.02.2023 15:00;120,0
12.02.2023 15:00;12.02.2023 16:00;124,63
12.02.2023 16:00;12.02.2023 17:00;135,16
12.02.2023 17:00;12.02.2023 18:00;158,54
12.02.2023 18:00;12.02.2023 19:00;167,51
12.02.2023 19:00;12.02.2023 20:00;169,49
12.02.2023 20:00;12.02.2023 21:00;160,0
12.02.2023 21:00;12.02.2023 22:00;140,89
12.02.2023 22:00;12.02.2023 23:00;151,91
12.02.2023 23:00;13.02.2023 00:00;137,98
13.02.2023 00:00;13.02.2023 01:00;137,5
13.02.2023 01:00;13.02.2023 02:00;132,68
13.02.2023 02:00;13.02.2023 03:00;132,64
13.02.2023 03:00;13.02.2023 04:00;129,04
13.02.2023 04:00;13.02.2023 05:00;130,84
13.02.2023 05:00;13.02.2023 06:00;137,36
13.02.2023 06:00;13.02.2023 07:00;163,19
13.02.2023 07:00;13.02.2023 08:00;196,08
13.02.2023 08:00;13.02.2023 09:00;215,87
13.02.2023 09:00;13.02.2023 10:00;196,2
13.02.2023 10:00;13.02.2023 11:00;173,35
13.02.2023 11:00;13.02.2023 12:00;154,42
13.02.2023 12:00;13.02.2023 13:00;140,0
13.02.2023 13:00;13.02.2023 14:00;136,87
13.02.2023 14:00;13.02.2023 15:00;140,0
13.02.2023 15:00;13.02.2023 16:00;157,45
13.02.2023 16:00;13.02.2023 17:00;166,06
13.02.2023 17:00;13.02.2023 18:00;188,06
13.02.2023 18:00;13.02.2023 19:00;221,8
13.02.2023 19:00;13.02.2023 20:00;206,6
13.02.2023 20:00;13.02.2023 21:00;187,86
13.02.2023 21:00;13.02.2023 22:00;168,95
13.02.2023 22:00;13.02.2023 23:00;160,97
13.02.2023 23:00;14.02.2023 00:00;150,12
14.02.2023 00:00;14.02.2023 01:00;135,62
14.02.2023 01:00;14.02.2023 02:00;132,32
14.02.2023 02:00;14.02.2023 03:00;132,16
14.02.2023 03:00;14.02.2023 04:00;132,12
14.02.2023 04:00;14.02.2023 05:00;132,32
14.02.2023 05:00;14.02.2023 06:00;141,93
14.02.2023 06:00;14.02.2023 07:00;166,22
14.02.2023 07:00;14.02.2023 08:00;199,99
14.02.2023 08:00;14.02.2023 09:00;206,98
14.02.2023 09:00;14.02.2023 10:00;180,6
14.02.2023 10:00;14.02.2023 11:00;138,26
14.02.2023 11:00;14.02.2023 12:00;139,16
14.02.2023 12:00;14.02.2023 13:00;130,36
14.02.2023 13:00;14.02.2023 14:00;125,41
14.02.2023 14:00;14.02.2023 15:00;126,93
14.02.2023 15:00;14.02.2023 16:00;132,32
14.02.2023 16:00;14.02.2023 17:00;152,7
14.02.2023 17:00;14.02.2023 18:00;180,81
14.02.2023 18:00;14.02.2023 19:00;199,99
14.02.2023 19:00;14.02.2023 20:00;192,97
14.02.2023 20:00;14.02.2023 21:00;175,81
14.02.2023 21:00;14.02.2023 22:00;160,09
14.02.2023 22:00;14.02.2023 23:00;151,03
14.02.2023 23:00;15.02.2023 00:00;141,73
15.02.2023 00:00;15.02.2023 01:00;134,81
15.02.2023 01:00;15.02.2023 02:00;130,95
15.02.2023 02:00;15.02.2023 03:00;130,0
15.02.2023 03:00;15.02.2023 04:00;130,01
15.02.2023 04:00;15.02.2023 05:00;126,66
15.02.2023 05:00;15.02.2023 06:00;136,53
15.02.2023 06:00;15.02.2023 07:00;161,2
15.02.2023 07:00;15.02.2023 08:00;185,0
15.02.2023 08:00;15.02.2023 09:00;188,76
15.02.2023 09:00;15.02.2023 10:00;171,22
15.02.2023 10:00;15.02.2023 11:00;152,52
15.02.2023 11:00;15.02.2023 12:00;132,16
15.02.2023 12:00;15.02.2023 13:00;120,79
15.02.2023 13:00;15.02.2023 14:00;121,45
15.02.2023 14:00;15.02.2023 15:00;121,38
15.02.2023 15:00;15.02.2023 16:00;128,71
15.02.2023 16:00;15.02.2023 17:00;144,99
15.02.2023 17:00;15.02.2023 18:00;158,8
15.02.2023 18:00;15.02.2023 19:00;173,52
15.02.2023 19:00;15.02.2023 20:00;165,25
15.02.2023 20:00;15.02.2023 21:00;143,59
15.02.2023 21:00;15.02.2023 22:00;133,97
15.02.2023 22:00;15.02.2023 23:00;133,14
15.02.2023 23:00;16.02.2023 00:00;119,1
16.02.2023 00:00;16.02.2023 01:00;112,86
16.02.2023 01:00;16.02.2023 02:00;117,48
16.02.2023 02:00;16.02.2023 03:00;114,52
16.02.2023 03:00;16.02.2023 04:00;113,35
16.02.2023 04:00;16.02.2023 05:00;115,0
16.02.2023 05:00;16.02.2023 06:00;119,96
16.02.2023 06:00;16.02.2023 07:00;145,6
16.02.2023 07:00;16.02.2023 08:00;166,5
16.02.2023 08:00;16.02.2023 09:00;175,34
16.02.2023 09:00;16.02.2023 10:00;166,44
16.02.2023 10:00;16.02.2023 11:00;150,28
16.02.2023 11:00;16.02.2023 12:00;132,94
16.02.2023 12:00;16.02.2023 13:00;118,18
16.02.2023 13:00;16.02.2023 14:00;118,63
16.02.2023 14:00;16.02.2023 15:00;127,93
16.02.2023 15:00;16.02.2023 16:00;134,95
16.02.2023 16:00;16.02.2023 17:00;140,96
16.02.2023 17:00;16.02.2023 18:00;166,0
16.02.2023 18:00;16.02.2023 19:00;166,92
16.02.2023 19:00;16.02.2023 20:00;160,59
16.02.2023 20:00;16.02.2023 21:00;143,57
16.02.2023 21:00;16.02.2023 22:00;137,96
16.02.2023 22:00;16.02.2023 23:00;127,52
16.02.2023 23:00;17.02.2023 00:00;108,07
17.02.2023 00:00;17.02.2023 01:00;106,05
17.02.2023 01:00;17.02.2023 02:00;98,61
17.02.2023 02:00;17.02.2023 03:00;92,71
17.02.2023 03:00;17.02.2023 04:00;86,12
17.02.2023 04:00;17.02.2023 05:00;80,63
17.02.2023 05:00;17.02.2023 06:00;90,9
17.02.2023 06:00;17.02.2023 07:00;105,12
17.02.2023 07:00;17.02.2023 08:00;122,65
17.02.2023 08:00;17.02.2023 09:00;129,9
17.02.2023 09:00;17.02.2023 10:00;114,52
17.02.2023 10:00;17.02.2023 11:00;101,56
17.02.2023 11:00;17.02.2023 12:00;91,96
17.02.2023 12:00;17.02.2023 13:00;90,8
17.02.2023 13:00;17.02.2023 14:00;67,63
17.02.2023 14:00;17.02.2023 15:00;36,68
17.02.2023 15:00;17.02.2023 16:00;33,71
17.02.2023 16:00;17.02.2023 17:00;69,63
17.02.2023 17:00;17.02.2023 18:00;79,92
17.02.2023 18:00;17.02.2023 19:00;90,53
17.02.2023 19:00;17.02.2023 20:00;85,05
17.02.2023 20:00;17.02.2023 21:00;59,96
17.02.2023 21:00;17.02.2023 22:00;46,9
17.02.2023 22:00;17.02.2023 23:00;43,82
17.02.2023 23:00;18.02.2023 00:00;22,22
18.02.2023 00:00;18.02.2023 01:00;28,14
18.02.2023 01:00;18.02.2023 02:00;36,44
18.02.2023 02:00;18.02.2023 03:00;35,82
18.02.2023 03:00;18.02.2023 04:00;44,41
18.02.2023 04:00;18.02.2023 05:00;62,98
18.02.2023 05:00;18.02.2023 06:00;70,1
18.02.2023 06:00;18.02.2023 07:00;82,26
18.02.2023 07:00;18.02.2023 08:00;93,37
18.02.2023 08:00;18.02.2023 09:00;109,95
18.02.2023 09:00;18.02.2023 10:00;114,92
18.02.2023 10:00;18.02.2023 11:00;107,64
18.02.2023 11:00;18.02.2023 12:00;102,8
18.02.2023 12:00;18.02.2023 13:00;94,47
18.02.2023 13:00;18.02.2023 14:00;83,29
18.02.2023 14:00;18.02.2023 15:00;86,37
18.02.2023 15:00;18.02.2023 16:00;96,6
18.02.2023 16:00;18.02.2023 17:00;109,98
18.02.2023 17:00;18.02.2023 18:00;128,8
18.02.2023 18:00;18.02.2023 19:00;147,08
18.02.2023 19:00;18.02.2023 20:00;149,95
18.02.2023 20:00;18.02.2023 21:00;135,49
18.02.2023 21:00;18.02.2023 22:00;120,64
18.02.2023 22:00;18.02.2023 23:00;116,99
18.02.2023 23:00;19.02.2023 00:00;113,66
19.02.2023 00:00;19.02.2023 01:00;109,04
19.02.2023 01:00;19.02.2023 02:00;104,12
19.02.2023 02:00;19.02.2023 03:00;99,53
19.02.2023 03:00;19.02.2023 04:00;93,0
19.02.2023 04:00;19.02.2023 05:00;92,55
19.02.2023 05:00;19.02.2023 06:00;97,78
19.02.2023 06:00;19.02.2023 07:00;98,5
19.02.2023 07:00;19.02.2023 08:00;107,77
19.02.2023 08:00;19.02.2023 09:00;113,86
19.02.2023 09:00;19.02.2023 10:00;118,32
19.02.2023 10:00;19.02.2023 11:00;116,17
19.02.2023 11:00;19.02.2023 12:00;113,87
19.02.2023 12:00;19.02.2023 13:00;108,52
19.02.2023 13:00;19.02.2023 14:00;101,18
19.02.2023 14:00;19.02.2023 15:00;98,54
19.02.2023 15:00;19.02.2023 16:00;107,7
19.02.2023 16:00;19.02.2023 17:00;120,72
19.02.2023 17:00;19.02.2023 18:00;141,11
19.02.2023 18:00;19.02.2023 19:00;158,7
19.02.2023 19:00;19.02.2023 20:00;158,38
19.02.2023 20:00;19.02.2023 21:00;138,31
19.02.2023 21:00;19.02.2023 22:00;127,1
19.02.2023 22:00;19.02.2023 23:00;117,68
19.02.2023 23:00;20.02.2023 00:00;94,85
20.02.2023 00:00;20.02.2023 01:00;78,87
20.02.2023 01:00;20.02.2023 02:00;51,06
20.02.2023 02:00;20.02.2023 03:00;48,86
20.02.2023 03:00;20.02.2023 04:00;34,0
20.02.2023 04:00;20.02.2023 05:00;29,13
20.02.2023 05:00;20.02.2023 06:00;38,24
20.02.2023 06:00;20.02.2023 07:00;72,3
20.02.2023 07:00;20.02.2023 08:00;78,18
20.02.2023 08:00;20.02.2023 09:00;75,75
20.02.2023 09:00;20.02.2023 10:00;49,92
20.02.2023 10:00;20.02.2023 11:00;41,96
20.02.2023 11:00;20.02.2023 12:00;23,93
20.02.2023 12:00;20.02.2023 13:00;23,81
20.02.2023 13:00;20.02.2023 14:00;22,01
20.02.2023 14:00;20.02.2023 15:00;41,52
20.02.2023 15:00;20.02.2023 16:00;52,34
20.02.2023 16:00;20.02.2023 17:00;57,15
20.02.2023 17:00;20.02.2023 18:00;94,99
20.02.2023 18:00;20.02.2023 19:00;112,54
20.02.2023 19:00;20.02.2023 20:00;109,04
20.02.2023 20:00;20.02.2023 21:00;92,57
20.02.2023 21:00;20.02.2023 22:00;87,73
20.02.2023 22:00;20.02.2023 23:00;89,47
20.02.2023 23:00;21.02.2023 00:00;68,64
21.02.2023 00:00;21.02.2023 01:00;50,5
21.02.2023 01:00;21.02.2023 02:00;46,01
21.02.2023 02:00;21.02.2023 03:00;47,76
21.02.2023 03:00;21.02.2023 04:00;53,28
21.02.2023 04:00;21.02.2023 05:00;69,15
21.02.2023 05:00;21.02.2023 06:00;94,87
21.02.2023 06:00;21.02.2023 07:00;127,67
21.02.2023 07:00;21.02.2023 08:00;148,87
21.02.2023 08:00;21.02.2023 09:00;153,96
21.02.2023 09:00;21.02.2023 10:00;130,7
21.02.2023 10:00;21.02.2023 11:00;129,24
21.02.2023 11:00;21.02.2023 12:00;116,51
21.02.2023 12:00;21.02.2023 13:00;112,53
21.02.2023 13:00;21.02.2023 14:00;114,14
21.02.2023 14:00;21.02.2023 15:00;119,3
21.02.2023 15:00;21.02.2023 16:00;130,56
21.02.2023 16:00;21.02.2023 17:00;148,99
21.02.2023 17:00;21.02.2023 18:00;164,85
21.02.2023 18:00;21.02.2023 19:00;178,13
21.02.2023 19:00;21.02.2023 20:00;177,1
21.02.2023 20:00;21.02.2023 21:00;170,0
21.02.2023 21:00;21.02.2023 22:00;158,8
21.02.2023 22:00;21.02.2023 23:00;153,2
21.02.2023 23:00;22.02.2023 00:00;142,58
22.02.2023 00:00;22.02.2023 01:00;139,9
22.02.2023 01:00;22.02.2023 02:00;128,53
22.02.2023 02:00;22.02.2023 03:00;125,3
22.02.2023 03:00;22.02.2023 04:00;128,53
22.02.2023 04:00;22.02.2023 05:00;129,53
22.02.2023 05:00;22.02.2023 06:00;139,19
22.02.2023 06:00;22.02.2023 07:00;157,49
22.02.2023 07:00;22.02.2023 08:00;173,13
22.02.2023 08:00;22.02.2023 09:00;176,34
22.02.2023 09:00;22.02.2023 10:00;164,55
22.02.2023 10:00;22.02.2023 11:00;152,53
22.02.2023 11:00;22.02.2023 12:00;136,99
22.02.2023 12:00;22.02.2023 13:00;129,56
22.02.2023 13:00;22.02.2023 14:00;129,18
22.02.2023 14:00;22.02.2023 15:00;136,04
22.02.2023 15:00;22.02.2023 16:00;150,91
22.02.2023 16:00;22.02.2023 17:00;156,96
22.02.2023 17:00;22.02.2023 18:00;165,01
22.02.2023 18:00;22.02.2023 19:00;175,0
22.02.2023 19:00;22.02.2023 20:00;172,73
22.02.2023 20:00;22.02.2023 21:00;162,06
22.02.2023 21:00;22.02.2023 22:00;154,02
22.02.2023 22:00;22.02.2023 23:00;149,6
22.02.2023 23:00;23.02.2023 00:00;134,47
23.02.2023 00:00;23.02.2023 01:00;134,68
23.02.2023 01:00;23.02.2023 02:00;131,4
23.02.2023 02:00;23.02.2023 03:00;129,0
23.02.2023 03:00;23.02.2023 04:00;124,78
23.02.2023 04:00;23.02.2023 05:00;125,17
23.02.2023 05:00;23.02.2023 06:00;129,93
23.02.2023 06:00;23.02.2023 07:00;153,98
23.02.2023 07:00;23.02.2023 08:00;170,0
23.02.2023 08:00;23.02.2023 09:00;178,08
23.02.2023 09:00;23.02.2023 10:00;169,6
23.02.2023 10:00;23.02.2023 11:00;154,59
23.02.2023 11:00;23.02.2023 12:00;149,83
23.02.2023 12:00;23.02.2023 13:00;142,22
23.02.2023 13:00;23.02.2023 14:00;136,7
23.02.2023 14:00;23.02.2023 15:00;135,3
23.02.2023 15:00;23.02.2023 16:00;135,39
23.02.2023 16:00;23.02.2023 17:00;139,54
23.02.2023 17:00;23.02.2023 18:00;152,36
23.02.2023 18:00;23.02.2023 19:00;165,22
23.02.2023 19:00;23.02.2023 20:00;165,0
23.02.2023 20:00;23.02.2023 21:00;155,91
23.02.2023 21:00;23.02.2023 22:00;151,14
23.02.2023 22:00;23.02.2023 23:00;145,61
23.02.2023 23:00;24.02.2023 00:00;131,46
24.02.2023 00:00;24.02.2023 01:00;133,68
24.02.2023 01:00;24.02.2023 02:00;118,18
24.02.2023 02:00;24.02.2023 03:00;117,55
24.02.2023 03:00;24.02.2023 04:00;114,76
24.02.2023 04:00;24.02.2023 05:00;117,55
24.02.2023 05:00;24.02.2023 06:00;117,23
24.02.2023 06:00;24.02.2023 07:00;137,12
24.02.2023 07:00;24.02.2023 08:00;155,05
24.02.2023 08:00;24.02.2023 09:00;155,0
24.02.2023 09:00;24.02.2023 10:00;150,26
24.02.2023 10:00;24.02.2023 11:00;131,43
24.02.2023 11:00;24.02.2023 12:00;109,02
24.02.2023 12:00;24.02.2023 13:00;112,76
24.02.2023 13:00;24.02.2023 14:00;107,88
24.02.2023 14:00;24.02.2023 15:00;101,49
24.02.2023 15:00;24.02.2023 16:00;109,08
24.02.2023 16:00;24.02.2023 17:00;110,49
24.02.2023 17:00;24.02.2023 18:00;119,69
24.02.2023 18:00;24.02.2023 19:00;136,41
24.02.2023 19:00;24.02.2023 20:00;116,96
24.02.2023 20:00;24.02.2023 21:00;91,35
24.02.2023 21:00;24.02.2023 22:00;104,61
24.02.2023 22:00;24.02.2023 23:00;93,13
24.02.2023 23:00;25.02.2023 00:00;78,58
25.02.2023 00:00;25.02.2023 01:00;90,55
25.02.2023 01:00;25.02.2023 02:00;83,14
25.02.2023 02:00;25.02.2023 03:00;78,93
25.02.2023 03:00;25.02.2023 04:00;75,23
25.02.2023 04:00;25.02.2023 05:00;82,03
25.02.2023 05:00;25.02.2023 06:00;77,97
25.02.2023 06:00;25.02.2023 07:00;76,77
25.02.2023 07:00;25.02.2023 08:00;84,47
25.02.2023 08:00;25.02.2023 09:00;89,89
25.02.2023 09:00;25.02.2023 10:00;87,02
25.02.2023 10:00;25.02.2023 11:00;74,4
25.02.2023 11:00;25.02.2023 12:00;65,17
25.02.2023 12:00;25.02.2023 13:00;59,43
25.02.2023 13:00;25.02.2023 14:00;44,9
25.02.2023 14:00;25.02.2023 15:00;62,68
25.02.2023 15:00;25.02.2023 16:00;81,85
25.02.2023 16:00;25.02.2023 17:00;96,54
25.02.2023 17:00;25.02.2023 18:00;123,4
25.02.2023 18:00;25.02.2023 19:00;136,48
25.02.2023 19:00;25.02.2023 20:00;130,85
25.02.2023 20:00;25.02.2023 21:00;116,64
25.02.2023 21:00;25.02.2023 22:00;102,27
25.02.2023 22:00;25.02.2023 23:00;114,93
25.02.2023 23:00;26.02.2023 00:00;107,43
26.02.2023 00:00;26.02.2023 01:00;106,39
26.02.2023 01:00;26.02.2023 02:00;102,94
26.02.2023 02:00;26.02.2023 03:00;102,77
26.02.2023 03:00;26.02.2023 04:00;106,26
26.02.2023 04:00;26.02.2023 05:00;104,1
26.02.2023 05:00;26.02.2023 06:00;105,54
26.02.2023 06:00;26.02.2023 07:00;107,04
26.02.2023 07:00;26.02.2023 08:00;109,55
26.02.2023 08:00;26.02.2023 09:00;109,02
26.02.2023 09:00;26.02.2023 10:00;105,54
26.02.2023 10:00;26.02.2023 11:00;97,34
26.02.2023 11:00;26.02.2023 12:00;92,94
26.02.2023 12:00;26.02.2023 13:00;85,0
26.02.2023 13:00;26.02.2023 14:00;55,0
26.02.2023 14:00;26.02.2023 15:00;55,28
26.02.2023 15:00;26.02.2023 16:00;85,04
26.02.2023 16:00;26.02.2023 17:00;98,92
26.02.2023 17:00;26.02.2023 18:00;129,9
26.02.2023 18:00;26.02.2023 19:00;153,7
26.02.2023 19:00;26.02.2023 20:00;156,91
26.02.2023 20:00;26.02.2023 21:00;153,64
26.02.2023 21:00;26.02.2023 22:00;141,64
26.02.2023 22:00;26.02.2023 23:00;138,29
26.02.2023 23:00;27.02.2023 00:00;132,98
27.02.2023 00:00;27.02.2023 01:00;122,83
27.02.2023 01:00;27.02.2023 02:00;132,91
27.02.2023 02:00;27.02.2023 03:00;132,9
27.02.2023 03:00;27.02.2023 04:00;125,03
27.02.2023 04:00;27.02.2023 05:00;120,07
27.02.2023 05:00;27.02.2023 06:00;139,83
27.02.2023 06:00;27.02.2023 07:00;164,23
27.02.2023 07:00;27.02.2023 08:00;186,66
27.02.2023 08:00;27.02.2023 09:00;186,95
27.02.2023 09:00;27.02.2023 10:00;166,57
27.02.2023 10:00;27.02.2023 11:00;152,91
27.02.2023 11:00;27.02.2023 12:00;135,87
27.02.2023 12:00;27.02.2023 13:00;138,59
27.02.2023 13:00;27.02.2023 14:00;135,52
27.02.2023 14:00;27.02.2023 15:00;131,51
27.02.2023 15:00;27.02.2023 16:00;132,2
27.02.2023 16:00;27.02.2023 17:00;153,45
27.02.2023 17:00;27.02.2023 18:00;170,69
27.02.2023 18:00;27.02.2023 19:00;190,01
27.02.2023 19:00;27.02.2023 20:00;198,15
27.02.2023 20:00;27.02.2023 21:00;174,49
27.02.2023 21:00;27.02.2023 22:00;160,3
27.02.2023 22:00;27.02.2023 23:00;153,46
27.02.2023 23:00;28.02.2023 00:00;149,46
28.02.2023 00:00;28.02.2023 01:00;134,0
28.02.2023 01:00;28.02.2023 02:00;124,82
28.02.2023 02:00;28.02.2023 03:00;123,83
28.02.2023 03:00;28.02.2023 04:00;124,59
28.02.2023 04:00;28.02.2023 05:00;126,25
28.02.2023 05:00;28.02.2023 06:00;141,41
28.02.2023 06:00;28.02.2023 07:00;162,47
28.02.2023 07:00;28.02.2023 08:00;177,99
28.02.2023 08:00;28.02.2023 09:00;186,04
28.02.2023 09:00;28.02.2023 10:00;160,31
28.02.2023 10:00;28.02.2023 11:00;130,38
28.02.2023 11:00;28.02.2023 12:00;124,2
28.02.2023 12:00;28.02.2023 13:00;116,71
28.02.2023 13:00;28.02.2023 14:00;119,19
28.02.2023 14:00;28.02.2023 15:00;123,41
28.02.2023 15:00;28.02.2023 16:00;133,2
28.02.2023 16:00;28.02.2023 17:00;154,42
28.02.2023 17:00;28.02.2023 18:00;173,13
28.02.2023 18:00;28.02.2023 19:00;193,87
28.02.2023 19:00;28.02.2023 20:00;193,78
28.02.2023 20:00;28.02.2023 21:00;174,89
28.02.2023 21:00;28.02.2023 22:00;158,27
28.02.2023 22:00;28.02.2023 23:00;153,78
28.02.2023 23:00;01.03.2023 00:00;142,14
01.03.2023 00:00;01.03.2023 01:00;133,08
01.03.2023 01:00;01.03.2023 02:00;125,46
01.03.2023 02:00;01.03.2023 03:00;124,96
01.03.2023 03:00;01.03.2023 04:00;127,66
01.03.2023 04:00;01.03.2023 05:00;130,58
01.03.2023 05:00;01.03.2023 06:00;141,35
01.03.2023 06:00;01.03.2023 07:00;163,45
01.03.2023 07:00;01.03.2023 08:00;186,03
01.03.2023 08:00;01.03.2023 09:00;186,03
01.03.2023 09:00;01.03.2023 10:00;152,9
01.03.2023 10:00;01.03.2023 11:00;126,69
01.03.2023 11:00;01.03.2023 12:00;118,72
01.03.2023 12:00;01.03.2023 13:00;115,79
01.03.2023 13:00;01.03.2023 14:00;114,12
01.03.2023 14:00;01.03.2023 15:00;116,09
01.03.2023 15:00;01.03.2023 16:00;122,81
01.03.2023 16:00;01.03.2023 17:00;135,46
01.03.2023 17:00;01.03.2023 18:00;162,74
01.03.2023 18:00;01.03.2023 19:00;183,69
01.03.2023 19:00;01.03.2023 20:00;182,48
01.03.2023 20:00;01.03.2023 21:00;162,74
01.03.2023 21:00;01.03.2023 22:00;144,85
01.03.2023 22:00;01.03.2023 23:00;142,05
01.03.2023 23:00;02.03.2023 00:00;131,51
02.03.2023 00:00;02.03.2023 01:00;125,82
02.03.2023 01:00;02.03.2023 02:00;128,57
02.03.2023 02:00;02.03.2023 03:00;130,03
02.03.2023 03:00;02.03.2023 04:00;131,47
02.03.2023 04:00;02.03.2023 05:00;130,01
02.03.2023 05:00;02.03.2023 06:00;135,58
02.03.2023 06:00;02.03.2023 07:00;164,99
02.03.2023 07:00;02.03.2023 08:00;181,11
02.03.2023 08:00;02.03.2023 09:00;177,62
02.03.2023 09:00;02.03.2023 10:00;141,44
02.03.2023 10:00;02.03.2023 11:00;124,36
02.03.2023 11:00;02.03.2023 12:00;116,79
02.03.2023 12:00;02.03.2023 13:00;115,39
02.03.2023 13:00;02.03.2023 14:00;113,64
02.03.2023 14:00;02.03.2023 15:00;117,69
02.03.2023 15:00;02.03.2023 16:00;128,62
02.03.2023 16:00;02.03.2023 17:00;152,64
02.03.2023 17:00;02.03.2023 18:00;166,38
02.03.2023 18:00;02.03.2023 19:00;184,91
02.03.2023 19:00;02.03.2023 20:00;184,13
02.03.2023 20:00;02.03.2023 21:00;163,43
02.03.2023 21:00;02.03.2023 22:00;159,31
02.03.2023 22:00;02.03.2023 23:00;149,53
02.03.2023 23:00;03.03.2023 00:00;139,9
03.03.2023 00:00;03.03.2023 01:00;140,3
03.03.2023 01:00;03.03.2023 02:00;130,18
03.03.2023 02:00;03.03.2023 03:00;130,59
03.03.2023 03:00;03.03.2023 04:00;128,43
03.03.2023 04:00;03.03.2023 05:00;127,78
03.03.2023 05:00;03.03.2023 06:00;135,0
03.03.2023 06:00;03.03.2023 07:00;162,19
03.03.2023 07:00;03.03.2023 08:00;187,03
03.03.2023 08:00;03.03.2023 09:00;195,39
03.03.2023 09:00;03.03.2023 10:00;166,48
03.03.2023 10:00;03.03.2023 11:00;131,12
03.03.2023 11:00;03.03.2023 12:00;123,01
03.03.2023 12:00;03.03.2023 13:00;114,69
03.03.2023 13:00;03.03.2023 14:00;112,1
03.03.2023 14:00;03.03.2023 15:00;110,89
03.03.2023 15:00;03.03.2023 16:00;114,69
03.03.2023 16:00;03.03.2023 17:00;129,31
03.03.2023 17:00;03.03.2023 18:00;155,98
03.03.2023 18:00;03.03.2023 19:00;165,0
03.03.2023 19:00;03.03.2023 20:00;152,94
03.03.2023 20:00;03.03.2023 21:00;133,31
03.03.2023 21:00;03.03.2023 22:00;122,2
03.03.2023 22:00;03.03.2023 23:00;112,09
03.03.2023 23:00;04.03.2023 00:00;101,63
04.03.2023 00:00;04.03.2023 01:00;108,27
04.03.2023 01:00;04.03.2023 02:00;95,86
04.03.2023 02:00;04.03.2023 03:00;92,18
04.03.2023 03:00;04.03.2023 04:00;97,96
04.03.2023 04:00;04.03.2023 05:00;97,69
04.03.2023 05:00;04.03.2023 06:00;96,98
04.03.2023 06:00;04.03.2023 07:00;94,1
04.03.2023 07:00;04.03.2023 08:00;98,82
04.03.2023 08:00;04.03.2023 09:00;100,69
04.03.2023 09:00;04.03.2023 10:00;96,89
04.03.2023 10:00;04.03.2023 11:00;97,04
04.03.2023 11:00;04.03.2023 12:00;94,71
04.03.2023 12:00;04.03.2023 13:00;89,37
04.03.2023 13:00;04.03.2023 14:00;91,26
04.03.2023 14:00;04.03.2023 15:00;95,35
04.03.2023 15:00;04.03.2023 16:00;101,77
04.03.2023 16:00;04.03.2023 17:00;106,9
04.03.2023 17:00;04.03.2023 18:00;140,0
04.03.2023 18:00;04.03.2023 19:00;151,66
04.03.2023 19:00;04.03.2023 20:00;145,0
04.03.2023 20:00;04.03.2023 21:00;138,68
04.03.2023 21:00;04.03.2023 22:00;117,71
04.03.2023 22:00;04.03.2023 23:00;121,02
04.03.2023 23:00;05.03.2023 00:00;109,41
05.03.2023 00:00;05.03.2023 01:00;107,53
05.03.2023 01:00;05.03.2023 02:00;106,25
05.03.2023 02:00;05.03.2023 03:00;105,55
05.03.2023 03:00;05.03.2023 04:00;106,84
05.03.2023 04:00;05.03.2023 05:00;104,99
05.03.2023 05:00;05.03.2023 06:00;105,81
05.03.2023 06:00;05.03.2023 07:00;105,94
05.03.2023 07:00;05.03.2023 08:00;108,39
05.03.2023 08:00;05.03.2023 09:00;107,72
05.03.2023 09:00;05.03.2023 10:00;107,73
05.03.2023 10:00;05.03.2023 11:00;105,18
05.03.2023 11:00;05.03.2023 12:00;107,55
05.03.2023 12:00;05.03.2023 13:00;110,25
05.03.2023 13:00;05.03.2023 14:00;107,73
05.03.2023 14:00;05.03.2023 15:00;110,22
05.03.2023 15:00;05.03.2023 16:00;115,14
05.03.2023 16:00;05.03.2023 17:00;129,37
05.03.2023 17:00;05.03.2023 18:00;145,14
05.03.2023 18:00;05.03.2023 19:00;166,67
05.03.2023 19:00;05.03.2023 20:00;172,37
05.03.2023 20:00;05.03.2023 21:00;160,23
05.03.2023 21:00;05.03.2023 22:00;152,49
05.03.2023 22:00;05.03.2023 23:00;143,66
05.03.2023 23:00;06.03.2023 00:00;130,13
06.03.2023 00:00;06.03.2023 01:00;136,1
06.03.2023 01:00;06.03.2023 02:00;125,09
06.03.2023 02:00;06.03.2023 03:00;123,31
06.03.2023 03:00;06.03.2023 04:00;123,12
06.03.2023 04:00;06.03.2023 05:00;123,75
06.03.2023 05:00;06.03.2023 06:00;137,44
06.03.2023 06:00;06.03.2023 07:00;159,8
06.03.2023 07:00;06.03.2023 08:00;185,0
06.03.2023 08:00;06.03.2023 09:00;217,09
06.03.2023 09:00;06.03.2023 10:00;188,35
06.03.2023 10:00;06.03.2023 11:00;170,26
06.03.2023 11:00;06.03.2023 12:00;160,84
06.03.2023 12:00;06.03.2023 13:00;149,92
06.03.2023 13:00;06.03.2023 14:00;144,95
06.03.2023 14:00;06.03.2023 15:00;144,3
06.03.2023 15:00;06.03.2023 16:00;145,78
06.03.2023 16:00;06.03.2023 17:00;152,0
06.03.2023 17:00;06.03.2023 18:00;162,01
06.03.2023 18:00;06.03.2023 19:00;184,86
06.03.2023 19:00;06.03.2023 20:00;174,61
06.03.2023 20:00;06.03.2023 21:00;147,95
06.03.2023 21:00;06.03.2023 22:00;130,39
06.03.2023 22:00;06.03.2023 23:00;120,65
06.03.2023 23:00;07.03.2023 00:00;108,58
07.03.2023 00:00;07.03.2023 01:00;98,06
07.03.2023 01:00;07.03.2023 02:00;94,26
07.03.2023 02:00;07.03.2023 03:00;85,0
07.03.2023 03:00;07.03.2023 04:00;78,96
07.03.2023 04:00;07.03.2023 05:00;78,52
07.03.2023 05:00;07.03.2023 06:00;85,57
07.03.2023 06:00;07.03.2023 07:00;98,71
07.03.2023 07:00;07.03.2023 08:00;99,57
07.03.2023 08:00;07.03.2023 09:00;105,59
07.03.2023 09:00;07.03.2023 10:00;91,92
07.03.2023 10:00;07.03.2023 11:00;93,86
07.03.2023 11:00;07.03.2023 12:00;94,26
07.03.2023 12:00;07.03.2023 13:00;87,57
07.03.2023 13:00;07.03.2023 14:00;93,86
07.03.2023 14:00;07.03.2023 15:00;95,07
07.03.2023 15:00;07.03.2023 16:00;97,6
07.03.2023 16:00;07.03.2023 17:00;109,22
07.03.2023 17:00;07.03.2023 18:00;142,97
07.03.2023 18:00;07.03.2023 19:00;164,08
07.03.2023 19:00;07.03.2023 20:00;143,91
07.03.2023 20:00;07.03.2023 21:00;152,14
07.03.2023 21:00;07.03.2023 22:00;136,43
07.03.2023 22:00;07.03.2023 23:00;122,21
07.03.2023 23:00;08.03.2023 00:00;115,49
08.03.2023 00:00;08.03.2023 01:00;114,3
08.03.2023 01:00;08.03.2023 02:00;112,1
08.03.2023 02:00;08.03.2023 03:00;112,02
08.03.2023 03:00;08.03.2023 04:00;111,0
08.03.2023 04:00;08.03.2023 05:00;111,0
08.03.2023 05:00;08.03.2023 06:00;118,23
08.03.2023 06:00;08.03.2023 07:00;140,68
08.03.2023 07:00;08.03.2023 08:00;158,53
08.03.2023 08:00;08.03.2023 09:00;173,1
08.03.2023 09:00;08.03.2023 10:00;163,0
08.03.2023 10:00;08.03.2023 11:00;152,99
08.03.2023 11:00;08.03.2023 12:00;144,17
08.03.2023 12:00;08.03.2023 13:00;137,17
08.03.2023 13:00;08.03.2023 14:00;135,93
08.03.2023 14:00;08.03.2023 15:00;137,44
08.03.2023 15:00;08.03.2023 16:00;141,09
08.03.2023 16:00;08.03.2023 17:00;144,47
08.03.2023 17:00;08.03.2023 18:00;153,01
08.03.2023 18:00;08.03.2023 19:00;166,89
08.03.2023 19:00;08.03.2023 20:00;170,02
08.03.2023 20:00;08.03.2023 21:00;153,77
08.03.2023 21:00;08.03.2023 22:00;134,64
08.03.2023 22:00;08.03.2023 23:00;128,82
08.03.2023 23:00;09.03.2023 00:00;119,0
09.03.2023 00:00;09.03.2023 01:00;113,66
09.03.2023 01:00;09.03.2023 02:00;111,39
09.03.2023 02:00;09.03.2023 03:00;111,02
09.03.2023 03:00;09.03.2023 04:00;109,38
09.03.2023 04:00;09.03.2023 05:00;111,22
09.03.2023 05:00;09.03.2023 06:00;113,02
09.03.2023 06:00;09.03.2023 07:00;137,39
09.03.2023 07:00;09.03.2023 08:00;150,0
09.03.2023 08:00;09.03.2023 09:00;159,06
09.03.2023 09:00;09.03.2023 10:00;150,93
09.03.2023 10:00;09.03.2023 11:00;142,36
09.03.2023 11:00;09.03.2023 12:00;131,81
09.03.2023 12:00;09.03.2023 13:00;122,0
09.03.2023 13:00;09.03.2023 14:00;116,45
09.03.2023 14:00;09.03.2023 15:00;116,19
09.03.2023 15:00;09.03.2023 16:00;116,72
09.03.2023 16:00;09.03.2023 17:00;118,36
09.03.2023 17:00;09.03.2023 18:00;135,85
09.03.2023 18:00;09.03.2023 19:00;147,22
09.03.2023 19:00;09.03.2023 20:00;145,04
09.03.2023 20:00;09.03.2023 21:00;135,1
09.03.2023 21:00;09.03.2023 22:00;125,09
09.03.2023 22:00;09.03.2023 23:00;123,82
09.03.2023 23:00;10.03.2023 00:00;109,7
10.03.2023 00:00;10.03.2023 01:00;102,89
10.03.2023 01:00;10.03.2023 02:00;100,68
10.03.2023 02:00;10.03.2023 03:00;99,06
10.03.2023 03:00;10.03.2023 04:00;98,84
10.03.2023 04:00;10.03.2023 05:00;99,09
10.03.2023 05:00;10.03.2023 06:00;105,0
10.03.2023 06:00;10.03.2023 07:00;119,81
10.03.2023 07:00;10.03.2023 08:00;136,91
10.03.2023 08:00;10.03.2023 09:00;140,91
10.03.2023 09:00;10.03.2023 10:00;136,61
10.03.2023 10:00;10.03.2023 11:00;131,89
10.03.2023 11:00;10.03.2023 12:00;125,1
10.03.2023 12:00;10.03.2023 13:00;116,42
10.03.2023 13:00;10.03.2023 14:00;112,84
10.03.2023 14:00;10.03.2023 15:00;114,91
10.03.2023 15:00;10.03.2023 16:00;112,62
10.03.2023 16:00;10.03.2023 17:00;110,1
10.03.2023 17:00;10.03.2023 18:00;129,34
10.03.2023 18:00;10.03.2023 19:00;135,48
10.03.2023 19:00;10.03.2023 20:00;133,92
10.03.2023 20:00;10.03.2023 21:00;115,41
10.03.2023 21:00;10.03.2023 22:00;108,96
10.03.2023 22:00;10.03.2023 23:00;100,35
10.03.2023 23:00;11.03.2023 00:00;87,59
11.03.2023 00:00;11.03.2023 01:00;70,22
11.03.2023 01:00;11.03.2023 02:00;71,11
11.03.2023 02:00;11.03.2023 03:00;73,08
11.03.2023 03:00;11.03.2023 04:00;82,42
11.03.2023 04:00;11.03.2023 05:00;87,87
11.03.2023 05:00;11.03.2023 06:00;96,18
11.03.2023 06:00;11.03.2023 07:00;104,24
11.03.2023 07:00;11.03.2023 08:00;110,09
11.03.2023 08:00;11.03.2023 09:00;114,01
11.03.2023 09:00;11.03.2023 10:00;106,37
11.03.2023 10:00;11.03.2023 11:00;93,81
11.03.2023 11:00;11.03.2023 12:00;81,95
11.03.2023 12:00;11.03.2023 13:00;78,66
11.03.2023 13:00;11.03.2023 14:00;60,0
11.03.2023 14:00;11.03.2023 15:00;60,38
11.03.2023 15:00;11.03.2023 16:00;82,63
11.03.2023 16:00;11.03.2023 17:00;101,24
11.03.2023 17:00;11.03.2023 18:00;130,02
11.03.2023 18:00;11.03.2023 19:00;145,0
11.03.2023 19:00;11.03.2023 20:00;136,63
11.03.2023 20:00;11.03.2023 21:00;131,58
11.03.2023 21:00;11.03.2023 22:00;119,96
11.03.2023 22:00;11.03.2023 23:00;120,56
11.03.2023 23:00;12.03.2023 00:00;108,51
12.03.2023 00:00;12.03.2023 01:00;121,01
12.03.2023 01:00;12.03.2023 02:00;101,18
12.03.2023 02:00;12.03.2023 03:00;101,18
12.03.2023 03:00;12.03.2023 04:00;90,43
12.03.2023 04:00;12.03.2023 05:00;91,81
12.03.2023 05:00;12.03.2023 06:00;92,08
12.03.2023 06:00;12.03.2023 07:00;90,81
12.03.2023 07:00;12.03.2023 08:00;89,05
12.03.2023 08:00;12.03.2023 09:00;90,27
12.03.2023 09:00;12.03.2023 10:00;93,98
12.03.2023 10:00;12.03.2023 11:00;92,0
12.03.2023 11:00;12.03.2023 12:00;87,79
12.03.2023 12:00;12.03.2023 13:00;80,4
12.03.2023 13:00;12.03.2023 14:00;68,96
12.03.2023 14:00;12.03.2023 15:00;70,0
12.03.2023 15:00;12.03.2023 16:00;74,9
12.03.2023 16:00;12.03.2023 17:00;85,05
12.03.2023 17:00;12.03.2023 18:00;100,91
12.03.2023 18:00;12.03.2023 19:00;119,85
12.03.2023 19:00;12.03.2023 20:00;141,04
12.03.2023 20:00;12.03.2023 21:00;129,97
12.03.2023 21:00;12.03.2023 22:00;104,69
12.03.2023 22:00;12.03.2023 23:00;94,87
12.03.2023 23:00;13.03.2023 00:00;80,55
13.03.2023 00:00;13.03.2023 01:00;45,99
13.03.2023 01:00;13.03.2023 02:00;37,09
13.03.2023 02:00;13.03.2023 03:00;33,36
13.03.2023 03:00;13.03.2023 04:00;16,89
13.03.2023 04:00;13.03.2023 05:00;7,51
13.03.2023 05:00;13.03.2023 06:00;16,89
13.03.2023 06:00;13.03.2023 07:00;38,49
13.03.2023 07:00;13.03.2023 08:00;77,71
13.03.2023 08:00;13.03.2023 09:00;79,81
13.03.2023 09:00;13.03.2023 10:00;42,46
13.03.2023 10:00;13.03.2023 11:00;30,51
13.03.2023 11:00;13.03.2023 12:00;22,32
13.03.2023 12:00;13.03.2023 13:00;2,07
13.03.2023 13:00;13.03.2023 14:00;-0,02
13.03.2023 14:00;13.03.2023 15:00;-0,03
13.03.2023 15:00;13.03.2023 16:00;0,26
13.03.2023 16:00;13.03.2023 17:00;9,03
13.03.2023 17:00;13.03.2023 18:00;53,37
13.03.2023 18:00;13.03.2023 19:00;88,59
13.03.2023 19:00;13.03.2023 20:00;95,0
13.03.2023 20:00;13.03.2023 21:00;82,33
13.03.2023 21:00;13.03.2023 22:00;52,94
13.03.2023 22:00;13.03.2023 23:00;35,45
13.03.2023 23:00;14.03.2023 00:00;23,32
14.03.2023 00:00;14.03.2023 01:00;9,57
14.03.2023 01:00;14.03.2023 02:00;4,46
14.03.2023 02:00;14.03.2023 03:00;4,0
14.03.2023 03:00;14.03.2023 04:00;1,84
14.03.2023 04:00;14.03.2023 05:00;3,5
14.03.2023 05:00;14.03.2023 06:00;9,03
14.03.2023 06:00;14.03.2023 07:00;42,6
14.03.2023 07:00;14.03.2023 08:00;90,42
14.03.2023 08:00;14.03.2023 09:00;94,84
14.03.2023 09:00;14.03.2023 10:00;83,37
14.03.2023 10:00;14.03.2023 11:00;73,78
14.03.2023 11:00;14.03.2023 12:00;60,94
14.03.2023 12:00;14.03.2023 13:00;53,26
14.03.2023 13:00;14.03.2023 14:00;61,07
14.03.2023 14:00;14.03.2023 15:00;65,45
14.03.2023 15:00;14.03.2023 16:00;59,82
14.03.2023 16:00;14.03.2023 17:00;78,83
14.03.2023 17:00;14.03.2023 18:00;122,85
14.03.2023 18:00;14.03.2023 19:00;144,86
14.03.2023 19:00;14.03.2023 20:00;152,21
14.03.2023 20:00;14.03.2023 21:00;140,93
14.03.2023 21:00;14.03.2023 22:00;129,72
14.03.2023 22:00;14.03.2023 23:00;122,84
14.03.2023 23:00;15.03.2023 00:00;105,32
15.03.2023 00:00;15.03.2023 01:00;105,64
15.03.2023 01:00;15.03.2023 02:00;105,8
15.03.2023 02:00;15.03.2023 03:00;103,97
15.03.2023 03:00;15.03.2023 04:00;105,23
15.03.2023 04:00;15.03.2023 05:00;105,67
15.03.2023 05:00;15.03.2023 06:00;121,43
15.03.2023 06:00;15.03.2023 07:00;143,47
15.03.2023 07:00;15.03.2023 08:00;160,0
15.03.2023 08:00;15.03.2023 09:00;159,58
15.03.2023 09:00;15.03.2023 10:00;129,99
15.03.2023 10:00;15.03.2023 11:00;114,15
15.03.2023 11:00;15.03.2023 12:00;97,0
15.03.2023 12:00;15.03.2023 13:00;90,85
15.03.2023 13:00;15.03.2023 14:00;90,84
15.03.2023 14:00;15.03.2023 15:00;96,25
15.03.2023 15:00;15.03.2023 16:00;102,83
15.03.2023 16:00;15.03.2023 17:00;116,99
15.03.2023 17:00;15.03.2023 18:00;150,8
15.03.2023 18:00;15.03.2023 19:00;182,3
15.03.2023 19:00;15.03.2023 20:00;199,28
15.03.2023 20:00;15.03.2023 21:00;168,98
15.03.2023 21:00;15.03.2023 22:00;147,36
15.03.2023 22:00;15.03.2023 23:00;139,35
15.03.2023 23:00;16.03.2023 00:00;127,63
16.03.2023 00:00;16.03.2023 01:00;117,39
16.03.2023 01:00;16.03.2023 02:00;107,61
16.03.2023 02:00;16.03.2023 03:00;103,8
16.03.2023 03:00;16.03.2023 04:00;100,0
16.03.2023 04:00;16.03.2023 05:00;98,07
16.03.2023 05:00;16.03.2023 06:00;103,86
16.03.2023 06:00;16.03.2023 07:00;130,32
16.03.2023 07:00;16.03.2023 08:00;142,35
16.03.2023 08:00;16.03.2023 09:00;138,03
16.03.2023 09:00;16.03.2023 10:00;117,12
16.03.2023 10:00;16.03.2023 11:00;103,2
16.03.2023 11:00;16.03.2023 12:00;91,51
16.03.2023 12:00;16.03.2023 13:00;85,4
16.03.2023 13:00;16.03.2023 14:00;78,49
16.03.2023 14:00;16.03.2023 15:00;80,48
16.03.2023 15:00;16.03.2023 16:00;84,89
16.03.2023 16:00;16.03.2023 17:00;95,58
16.03.2023 17:00;16.03.2023 18:00;119,22
16.03.2023 18:00;16.03.2023 19:00;131,85
16.03.2023 19:00;16.03.2023 20:00;129,97
16.03.2023 20:00;16.03.2023 21:00;110,0
16.03.2023 21:00;16.03.2023 22:00;98,14
16.03.2023 22:00;16.03.2023 23:00;86,07
16.03.2023 23:00;17.03.2023 00:00;80,44
17.03.2023 00:00;17.03.2023 01:00;48,45
17.03.2023 01:00;17.03.2023 02:00;49,97
17.03.2023 02:00;17.03.2023 03:00;50,06
17.03.2023 03:00;17.03.2023 04:00;59,93
17.03.2023 04:00;17.03.2023 05:00;62,79
17.03.2023 05:00;17.03.2023 06:00;81,59
17.03.2023 06:00;17.03.2023 07:00;105,07
17.03.2023 07:00;17.03.2023 08:00;112,17
17.03.2023 08:00;17.03.2023 09:00;104,56
17.03.2023 09:00;17.03.2023 10:00;90,29
17.03.2023 10:00;17.03.2023 11:00;84,04
17.03.2023 11:00;17.03.2023 12:00;79,95
17.03.2023 12:00;17.03.2023 13:00;75,76
17.03.2023 13:00;17.03.2023 14:00;74,05
17.03.2023 14:00;17.03.2023 15:00;88,05
17.03.2023 15:00;17.03.2023 16:00;99,03
17.03.2023 16:00;17.03.2023 17:00;109,54
17.03.2023 17:00;17.03.2023 18:00;126,79
17.03.2023 18:00;17.03.2023 19:00;134,36
17.03.2023 19:00;17.03.2023 20:00;134,23
17.03.2023 20:00;17.03.2023 21:00;126,35
17.03.2023 21:00;17.03.2023 22:00;109,97
17.03.2023 22:00;17.03.2023 23:00;107,09
17.03.2023 23:00;18.03.2023 00:00;102,25
18.03.2023 00:00;18.03.2023 01:00;106,35
18.03.2023 01:00;18.03.2023 02:00;98,25
18.03.2023 02:00;18.03.2023 03:00;96,84
18.03.2023 03:00;18.03.2023 04:00;95,0
18.03.2023 04:00;18.03.2023 05:00;96,18
18.03.2023 05:00;18.03.2023 06:00;99,8
18.03.2023 06:00;18.03.2023 07:00;103,5
18.03.2023 07:00;18.03.2023 08:00;105,43
18.03.2023 08:00;18.03.2023 09:00;100,74
18.03.2023 09:00;18.03.2023 10:00;102,65
18.03.2023 10:00;18.03.2023 11:00;97,0
18.03.2023 11:00;18.03.2023 12:00;91,14
18.03.2023 12:00;18.03.2023 13:00;84,06
18.03.2023 13:00;18.03.2023 14:00;80,42
18.03.2023 14:00;18.03.2023 15:00;87,52
18.03.2023 15:00;18.03.2023 16:00;92,08
18.03.2023 16:00;18.03.2023 17:00;104,43
18.03.2023 17:00;18.03.2023 18:00;130,74
18.03.2023 18:00;18.03.2023 19:00;156,95
18.03.2023 19:00;18.03.2023 20:00;169,54
18.03.2023 20:00;18.03.2023 21:00;144,15
18.03.2023 21:00;18.03.2023 22:00;132,92
18.03.2023 22:00;18.03.2023 23:00;129,95
18.03.2023 23:00;19.03.2023 00:00;118,46
19.03.2023 00:00;19.03.2023 01:00;110,03
19.03.2023 01:00;19.03.2023 02:00;106,0
19.03.2023 02:00;19.03.2023 03:00;99,6
19.03.2023 03:00;19.03.2023 04:00;99,18
19.03.2023 04:00;19.03.2023 05:00;98,74
19.03.2023 05:00;19.03.2023 06:00;103,36
19.03.2023 06:00;19.03.2023 07:00;100,0
19.03.2023 07:00;19.03.2023 08:00;102,45
19.03.2023 08:00;19.03.2023 09:00;101,44
19.03.2023 09:00;19.03.2023 10:00;102,26
19.03.2023 10:00;19.03.2023 11:00;100,41
19.03.2023 11:00;19.03.2023 12:00;99,18
19.03.2023 12:00;19.03.2023 13:00;97,39
19.03.2023 13:00;19.03.2023 14:00;94,04
19.03.2023 14:00;19.03.2023 15:00;95,01
19.03.2023 15:00;19.03.2023 16:00;98,67
19.03.2023 16:00;19.03.2023 17:00;106,09
19.03.2023 17:00;19.03.2023 18:00;133,17
19.03.2023 18:00;19.03.2023 19:00;145,0
19.03.2023 19:00;19.03.2023 20:00;152,91
19.03.2023 20:00;19.03.2023 21:00;144,71
19.03.2023 21:00;19.03.2023 22:00;135,27
19.03.2023 22:00;19.03.2023 23:00;132,9
19.03.2023 23:00;20.03.2023 00:00;130,0
20.03.2023 00:00;20.03.2023 01:00;124,0
20.03.2023 01:00;20.03.2023 02:00;114,94
20.03.2023 02:00;20.03.2023 03:00;113,06
20.03.2023 03:00;20.03.2023 04:00;110,18
20.03.2023 04:00;20.03.2023 05:00;110,25
20.03.2023 05:00;20.03.2023 06:00;116,4
20.03.2023 06:00;20.03.2023 07:00;135,77
20.03.2023 07:00;20.03.2023 08:00;148,43
20.03.2023 08:00;20.03.2023 09:00;148,51
20.03.2023 09:00;20.03.2023 10:00;137,56
20.03.2023 10:00;20.03.2023 11:00;122,75
20.03.2023 11:00;20.03.2023 12:00;115,79
20.03.2023 12:00;20.03.2023 13:00;104,59
20.03.2023 13:00;20.03.2023 14:00;99,96
20.03.2023 14:00;20.03.2023 15:00;101,73
20.03.2023 15:00;20.03.2023 16:00;104,74
20.03.2023 16:00;20.03.2023 17:00;113,83
20.03.2023 17:00;20.03.2023 18:00;132,84
20.03.2023 18:00;20.03.2023 19:00;150,96
20.03.2023 19:00;20.03.2023 20:00;165,47
20.03.2023 20:00;20.03.2023 21:00;152,36
20.03.2023 21:00;20.03.2023 22:00;135,49
20.03.2023 22:00;20.03.2023 23:00;127,5
20.03.2023 23:00;21.03.2023 00:00;117,04
21.03.2023 00:00;21.03.2023 01:00;120,79
21.03.2023 01:00;21.03.2023 02:00;112,28
21.03.2023 02:00;21.03.2023 03:00;111,56
21.03.2023 03:00;21.03.2023 04:00;108,65
21.03.2023 04:00;21.03.2023 05:00;110,0
21.03.2023 05:00;21.03.2023 06:00;118,21
21.03.2023 06:00;21.03.2023 07:00;129,81
21.03.2023 07:00;21.03.2023 08:00;145,49
21.03.2023 08:00;21.03.2023 09:00;143,45
21.03.2023 09:00;21.03.2023 10:00;128,53
21.03.2023 10:00;21.03.2023 11:00;115,01
21.03.2023 11:00;21.03.2023 12:00;106,72
21.03.2023 12:00;21.03.2023 13:00;101,98
21.03.2023 13:00;21.03.2023 14:00;99,56
21.03.2023 14:00;21.03.2023 15:00;98,67
21.03.2023 15:00;21.03.2023 16:00;98,32
21.03.2023 16:00;21.03.2023 17:00;101,21
21.03.2023 17:00;21.03.2023 18:00;112,99
21.03.2023 18:00;21.03.2023 19:00;132,08
21.03.2023 19:00;21.03.2023 20:00;143,29
21.03.2023 20:00;21.03.2023 21:00;125,25
21.03.2023 21:00;21.03.2023 22:00;105,13
21.03.2023 22:00;21.03.2023 23:00;99,69
21.03.2023 23:00;22.03.2023 00:00;92,59
22.03.2023 00:00;22.03.2023 01:00;77,06
22.03.2023 01:00;22.03.2023 02:00;73,19
22.03.2023 02:00;22.03.2023 03:00;73,5
22.03.2023 03:00;22.03.2023 04:00;69,05
22.03.2023 04:00;22.03.2023 05:00;66,67
22.03.2023 05:00;22.03.2023 06:00;74,03
22.03.2023 06:00;22.03.2023 07:00;92,03
22.03.2023 07:00;22.03.2023 08:00;109,01
22.03.2023 08:00;22.03.2023 09:00;110,21
22.03.2023 09:00;22.03.2023 10:00;82,37
22.03.2023 10:00;22.03.2023 11:00;58,35
22.03.2023 11:00;22.03.2023 12:00;33,29
22.03.2023 12:00;22.03.2023 13:00;22,93
22.03.2023 13:00;22.03.2023 14:00;16,99
22.03.2023 14:00;22.03.2023 15:00;39,43
22.03.2023 15:00;22.03.2023 16:00;68,41
22.03.2023 16:00;22.03.2023 17:00;81,12
22.03.2023 17:00;22.03.2023 18:00;100,62
22.03.2023 18:00;22.03.2023 19:00;119,25
22.03.2023 19:00;22.03.2023 20:00;139,85
22.03.2023 20:00;22.03.2023 21:00;125,31
22.03.2023 21:00;22.03.2023 22:00;108,41
22.03.2023 22:00;22.03.2023 23:00;99,9
22.03.2023 23:00;23.03.2023 00:00;83,29
23.03.2023 00:00;23.03.2023 01:00;68,05
23.03.2023 01:00;23.03.2023 02:00;65,89
23.03.2023 02:00;23.03.2023 03:00;55,29
23.03.2023 03:00;23.03.2023 04:00;45,94
23.03.2023 04:00;23.03.2023 05:00;33,17
23.03.2023 05:00;23.03.2023 06:00;55,78
23.03.2023 06:00;23.03.2023 07:00;80,64
23.03.2023 07:00;23.03.2023 08:00;92,22
23.03.2023 08:00;23.03.2023 09:00;95,0
23.03.2023 09:00;23.03.2023 10:00;72,8
23.03.2023 10:00;23.03.2023 11:00;40,74
23.03.2023 11:00;23.03.2023 12:00;35,68
23.03.2023 12:00;23.03.2023 13:00;36,52
23.03.2023 13:00;23.03.2023 14:00;37,19
23.03.2023 14:00;23.03.2023 15:00;51,28
23.03.2023 15:00;23.03.2023 16:00;55,28
23.03.2023 16:00;23.03.2023 17:00;89,9
23.03.2023 17:00;23.03.2023 18:00;119,45
23.03.2023 18:00;23.03.2023 19:00;136,86
23.03.2023 19:00;23.03.2023 20:00;144,38
23.03.2023 20:00;23.03.2023 21:00;122,12
23.03.2023 21:00;23.03.2023 22:00;92,65
23.03.2023 22:00;23.03.2023 23:00;88,85
23.03.2023 23:00;24.03.2023 00:00;77,35
24.03.2023 00:00;24.03.2023 01:00;55,12
24.03.2023 01:00;24.03.2023 02:00;43,8
24.03.2023 02:00;24.03.2023 03:00;40,67
24.03.2023 03:00;24.03.2023 04:00;40,18
24.03.2023 04:00;24.03.2023 05:00;35,07
24.03.2023 05:00;24.03.2023 06:00;40,19
24.03.2023 06:00;24.03.2023 07:00;62,44
24.03.2023 07:00;24.03.2023 08:00;81,23
24.03.2023 08:00;24.03.2023 09:00;81,23
24.03.2023 09:00;24.03.2023 10:00;62,36
24.03.2023 10:00;24.03.2023 11:00;36,95
24.03.2023 11:00;24.03.2023 12:00;25,28
24.03.2023 12:00;24.03.2023 13:00;11,47
24.03.2023 13:00;24.03.2023 14:00;3,99
24.03.2023 14:00;24.03.2023 15:00;2,07
24.03.2023 15:00;24.03.2023 16:00;5,84
24.03.2023 16:00;24.03.2023 17:00;29,59
24.03.2023 17:00;24.03.2023 18:00;79,53
24.03.2023 18:00;24.03.2023 19:00;101,02
24.03.2023 19:00;24.03.2023 20:00;116,23
24.03.2023 20:00;24.03.2023 21:00;96,92
24.03.2023 21:00;24.03.2023 22:00;82,5
24.03.2023 22:00;24.03.2023 23:00;76,2
24.03.2023 23:00;25.03.2023 00:00;64,9
25.03.2023 00:00;25.03.2023 01:00;15,3
25.03.2023 01:00;25.03.2023 02:00;0,97
25.03.2023 02:00;25.03.2023 03:00;0,11
25.03.2023 03:00;25.03.2023 04:00;0,08
25.03.2023 04:00;25.03.2023 05:00;0,29
25.03.2023 05:00;25.03.2023 06:00;0,1
25.03.2023 06:00;25.03.2023 07:00;3,53
25.03.2023 07:00;25.03.2023 08:00;7,72
25.03.2023 08:00;25.03.2023 09:00;5,93
25.03.2023 09:00;25.03.2023 10:00;0,06
25.03.2023 10:00;25.03.2023 11:00;-0,06
25.03.2023 11:00;25.03.2023 12:00;-1,18
25.03.2023 12:00;25.03.2023 13:00;-3,62
25.03.2023 13:00;25.03.2023 14:00;-6,02
25.03.2023 14:00;25.03.2023 15:00;-5,38
25.03.2023 15:00;25.03.2023 16:00;-0,87
25.03.2023 16:00;25.03.2023 17:00;-0,02
25.03.2023 17:00;25.03.2023 18:00;23,9
25.03.2023 18:00;25.03.2023 19:00;60,0
25.03.2023 19:00;25.03.2023 20:00;77,04
25.03.2023 20:00;25.03.2023 21:00;60,0
25.03.2023 21:00;25.03.2023 22:00;41,84
25.03.2023 22:00;25.03.2023 23:00;38,91
25.03.2023 23:00;26.03.2023 00:00;33,36
26.03.2023 00:00;26.03.2023 01:00;39,66
26.03.2023 01:00;25.03.2023 02:00;39,23
26.03.2023 03:00;26.03.2023 04:00;40,12
26.03.2023 04:00;26.03.2023 05:00;40,88
26.03.2023 05:00;26.03.2023 06:00;41,42
26.03.2023 06:00;26.03.2023 07:00;63,49
26.03.2023 07:00;26.03.2023 08:00;73,09
26.03.2023 08:00;26.03.2023 09:00;77,24
26.03.2023 09:00;26.03.2023 10:00;79,6
26.03.2023 10:00;26.03.2023 11:00;78,58
26.03.2023 11:00;26.03.2023 12:00;76,0
26.03.2023 12:00;26.03.2023 13:00;61,89
26.03.2023 13:00;26.03.2023 14:00;55,44
26.03.2023 14:00;26.03.2023 15:00;50,46
26.03.2023 15:00;26.03.2023 16:00;46,02
26.03.2023 16:00;26.03.2023 17:00;48,35
26.03.2023 17:00;26.03.2023 18:00;77,09
26.03.2023 18:00;26.03.2023 19:00;106,65
26.03.2023 19:00;26.03.2023 20:00;117,86
26.03.2023 20:00;26.03.2023 21:00;112,59
26.03.2023 21:00;26.03.2023 22:00;104,63
26.03.2023 22:00;26.03.2023 23:00;99,42
26.03.2023 23:00;27.03.2023 00:00;94,64
27.03.2023 00:00;27.03.2023 01:00;96,0
27.03.2023 01:00;27.03.2023 02:00;93,15
27.03.2023 02:00;27.03.2023 03:00;87,48
27.03.2023 03:00;27.03.2023 04:00;83,99
27.03.2023 04:00;27.03.2023 05:00;84,9
27.03.2023 05:00;27.03.2023 06:00;92,85
27.03.2023 06:00;27.03.2023 07:00;115,0
27.03.2023 07:00;27.03.2023 08:00;142,99
27.03.2023 08:00;27.03.2023 09:00;151,31
27.03.2023 09:00;27.03.2023 10:00;118,76
27.03.2023 10:00;27.03.2023 11:00;94,85
27.03.2023 11:00;27.03.2023 12:00;80,93
27.03.2023 12:00;27.03.2023 13:00;68,26
27.03.2023 13:00;27.03.2023 14:00;54,91
27.03.2023 14:00;27.03.2023 15:00;42,74
27.03.2023 15:00;27.03.2023 16:00;46,16
27.03.2023 16:00;27.03.2023 17:00;49,62
27.03.2023 17:00;27.03.2023 18:00;74,37
27.03.2023 18:00;27.03.2023 19:00;95,95
27.03.2023 19:00;27.03.2023 20:00;124,38
27.03.2023 20:00;27.03.2023 21:00;116,07
27.03.2023 21:00;27.03.2023 22:00;105,99
27.03.2023 22:00;27.03.2023 23:00;103,52
27.03.2023 23:00;28.03.2023 00:00;91,46
28.03.2023 00:00;28.03.2023 01:00;78,68
28.03.2023 01:00;28.03.2023 02:00;82,3
28.03.2023 02:00;28.03.2023 03:00;84,67
28.03.2023 03:00;28.03.2023 04:00;92,83
28.03.2023 04:00;28.03.2023 05:00;92,5
28.03.2023 05:00;28.03.2023 06:00;99,44
28.03.2023 06:00;28.03.2023 07:00;130,05
28.03.2023 07:00;28.03.2023 08:00;159,92
28.03.2023 08:00;28.03.2023 09:00;159,92
28.03.2023 09:00;28.03.2023 10:00;127,14
28.03.2023 10:00;28.03.2023 11:00;104,28
28.03.2023 11:00;28.03.2023 12:00;94,89
28.03.2023 12:00;28.03.2023 13:00;94,84
28.03.2023 13:00;28.03.2023 14:00;92,99
28.03.2023 14:00;28.03.2023 15:00;91,76
28.03.2023 15:00;28.03.2023 16:00;94,67
28.03.2023 16:00;28.03.2023 17:00;96,22
28.03.2023 17:00;28.03.2023 18:00;108,59
28.03.2023 18:00;28.03.2023 19:00;136,87
28.03.2023 19:00;28.03.2023 20:00;160,98
28.03.2023 20:00;28.03.2023 21:00;161,0
28.03.2023 21:00;28.03.2023 22:00;133,02
28.03.2023 22:00;28.03.2023 23:00;127,09
28.03.2023 23:00;29.03.2023 00:00;110,98
29.03.2023 00:00;29.03.2023 01:00;97,53
29.03.2023 01:00;29.03.2023 02:00;95,1
29.03.2023 02:00;29.03.2023 03:00;97,13
29.03.2023 03:00;29.03.2023 04:00;98,78
29.03.2023 04:00;29.03.2023 05:00;98,18
29.03.2023 05:00;29.03.2023 06:00;99,2
29.03.2023 06:00;29.03.2023 07:00;117,04
29.03.2023 07:00;29.03.2023 08:00;144,13
29.03.2023 08:00;29.03.2023 09:00;152,0
29.03.2023 09:00;29.03.2023 10:00;144,17
29.03.2023 10:00;29.03.2023 11:00;130,03
29.03.2023 11:00;29.03.2023 12:00;119,05
29.03.2023 12:00;29.03.2023 13:00;110,98
29.03.2023 13:00;29.03.2023 14:00;105,6
29.03.2023 14:00;29.03.2023 15:00;101,55
29.03.2023 15:00;29.03.2023 16:00;104,94
29.03.2023 16:00;29.03.2023 17:00;106,2
29.03.2023 17:00;29.03.2023 18:00;128,15
29.03.2023 18:00;29.03.2023 19:00;145,41
29.03.2023 19:00;29.03.2023 20:00;149,87
29.03.2023 20:00;29.03.2023 21:00;132,28
29.03.2023 21:00;29.03.2023 22:00;114,92
29.03.2023 22:00;29.03.2023 23:00;109,9
29.03.2023 23:00;30.03.2023 00:00;94,8
30.03.2023 00:00;30.03.2023 01:00;89,71
30.03.2023 01:00;30.03.2023 02:00;82,25
30.03.2023 02:00;30.03.2023 03:00;80,75
30.03.2023 03:00;30.03.2023 04:00;78,77
30.03.2023 04:00;30.03.2023 05:00;77,91
30.03.2023 05:00;30.03.2023 06:00;76,8
30.03.2023 06:00;30.03.2023 07:00;89,77
30.03.2023 07:00;30.03.2023 08:00;119,37
30.03.2023 08:00;30.03.2023 09:00;129,3
30.03.2023 09:00;30.03.2023 10:00;110,0
30.03.2023 10:00;30.03.2023 11:00;90,66
30.03.2023 11:00;30.03.2023 12:00;80,0
30.03.2023 12:00;30.03.2023 13:00;64,83
30.03.2023 13:00;30.03.2023 14:00;25,59
30.03.2023 14:00;30.03.2023 15:00;5,75
30.03.2023 15:00;30.03.2023 16:00;10,05
30.03.2023 16:00;30.03.2023 17:00;39,62
30.03.2023 17:00;30.03.2023 18:00;72,44
30.03.2023 18:00;30.03.2023 19:00;97,55
30.03.2023 19:00;30.03.2023 20:00;120,0
30.03.2023 20:00;30.03.2023 21:00;119,37
30.03.2023 21:00;30.03.2023 22:00;103,28
30.03.2023 22:00;30.03.2023 23:00;100,05
30.03.2023 23:00;31.03.2023 00:00;90,76
31.03.2023 00:00;31.03.2023 01:00;65,13
31.03.2023 01:00;31.03.2023 02:00;64,9
31.03.2023 02:00;31.03.2023 03:00;57,1
31.03.2023 03:00;31.03.2023 04:00;48,62
31.03.2023 04:00;31.03.2023 05:00;68,84
31.03.2023 05:00;31.03.2023 06:00;79,97
31.03.2023 06:00;31.03.2023 07:00;111,72
31.03.2023 07:00;31.03.2023 08:00;132,12
31.03.2023 08:00;31.03.2023 09:00;137,64
31.03.2023 09:00;31.03.2023 10:00;132,19
31.03.2023 10:00;31.03.2023 11:00;124,2
31.03.2023 11:00;31.03.2023 12:00;119,67
31.03.2023 12:00;31.03.2023 13:00;103,77
31.03.2023 13:00;31.03.2023 14:00;97,14
31.03.2023 14:00;31.03.2023 15:00;93,05
31.03.2023 15:00;31.03.2023 16:00;94,72
31.03.2023 16:00;31.03.2023 17:00;101,89
31.03.2023 17:00;31.03.2023 18:00;103,51
31.03.2023 18:00;31.03.2023 19:00;114,97
31.03.2023 19:00;31.03.2023 20:00;115,56
31.03.2023 20:00;31.03.2023 21:00;109,98
31.03.2023 21:00;31.03.2023 22:00;98,83
31.03.2023 22:00;31.03.2023 23:00;86,73
31.03.2023 23:00;01.04.2023 00:00;80,0
01.04.2023 00:00;01.04.2023 01:00;82,19
01.04.2023 01:00;01.04.2023 02:00;63,9
01.04.2023 02:00;01.04.2023 03:00;53,84
01.04.2023 03:00;01.04.2023 04:00;38,83
01.04.2023 04:00;01.04.2023 05:00;36,05
01.04.2023 05:00;01.04.2023 06:00;35,33
01.04.2023 06:00;01.04.2023 07:00;34,36
01.04.2023 07:00;01.04.2023 08:00;51,71
01.04.2023 08:00;01.04.2023 09:00;61,16
01.04.2023 09:00;01.04.2023 10:00;60,41
01.04.2023 10:00;01.04.2023 11:00;49,57
01.04.2023 11:00;01.04.2023 12:00;46,09
01.04.2023 12:00;01.04.2023 13:00;40,96
01.04.2023 13:00;01.04.2023 14:00;38,62
01.04.2023 14:00;01.04.2023 15:00;33,5
01.04.2023 15:00;01.04.2023 16:00;36,37
01.04.2023 16:00;01.04.2023 17:00;40,57
01.04.2023 17:00;01.04.2023 18:00;52,06
01.04.2023 18:00;01.04.2023 19:00;84,89
01.04.2023 19:00;01.04.2023 20:00;90,89
01.04.2023 20:00;01.04.2023 21:00;84,89
01.04.2023 21:00;01.04.2023 22:00;75,6
01.04.2023 22:00;01.04.2023 23:00;79,95
01.04.2023 23:00;02.04.2023 00:00;66,64
02.04.2023 00:00;02.04.2023 01:00;69,59
02.04.2023 01:00;02.04.2023 02:00;60,46
02.04.2023 02:00;02.04.2023 03:00;58,51
02.04.2023 03:00;02.04.2023 04:00;60,46
02.04.2023 04:00;02.04.2023 05:00;58,51
02.04.2023 05:00;02.04.2023 06:00;60,46
02.04.2023 06:00;02.04.2023 07:00;58,72
02.04.2023 07:00;02.04.2023 08:00;70,08
02.04.2023 08:00;02.04.2023 09:00;75,55
02.04.2023 09:00;02.04.2023 10:00;66,09
02.04.2023 10:00;02.04.2023 11:00;51,66
02.04.2023 11:00;02.04.2023 12:00;50,24
02.04.2023 12:00;02.04.2023 13:00;42,64
02.04.2023 13:00;02.04.2023 14:00;26,07
02.04.2023 14:00;02.04.2023 15:00;14,21
02.04.2023 15:00;02.04.2023 16:00;14,79
02.04.2023 16:00;02.04.2023 17:00;31,85
02.04.2023 17:00;02.04.2023 18:00;41,74
02.04.2023 18:00;02.04.2023 19:00;100,41
02.04.2023 19:00;02.04.2023 20:00;130,0
02.04.2023 20:00;02.04.2023 21:00;131,5
02.04.2023 21:00;02.04.2023 22:00;120,6
02.04.2023 22:00;02.04.2023 23:00;112,68
02.04.2023 23:00;03.04.2023 00:00;109,12
03.04.2023 00:00;03.04.2023 01:00;108,53
03.04.2023 01:00;03.04.2023 02:00;107,68
03.04.2023 02:00;03.04.2023 03:00;108,04
03.04.2023 03:00;03.04.2023 04:00;103,9
03.04.2023 04:00;03.04.2023 05:00;100,43
03.04.2023 05:00;03.04.2023 06:00;110,07
03.04.2023 06:00;03.04.2023 07:00;139,22
03.04.2023 07:00;03.04.2023 08:00;167,54
03.04.2023 08:00;03.04.2023 09:00;163,79
03.04.2023 09:00;03.04.2023 10:00;128,38
03.04.2023 10:00;03.04.2023 11:00;103,8
03.04.2023 11:00;03.04.2023 12:00;88,76
03.04.2023 12:00;03.04.2023 13:00;80,98
03.04.2023 13:00;03.04.2023 14:00;74,9
03.04.2023 14:00;03.04.2023 15:00;71,66
03.04.2023 15:00;03.04.2023 16:00;78,91
03.04.2023 16:00;03.04.2023 17:00;82,0
03.04.2023 17:00;03.04.2023 18:00;100,35
03.04.2023 18:00;03.04.2023 19:00;133,77
03.04.2023 19:00;03.04.2023 20:00;158,11
03.04.2023 20:00;03.04.2023 21:00;156,25
03.04.2023 21:00;03.04.2023 22:00;142,94
03.04.2023 22:00;03.04.2023 23:00;132,02
03.04.2023 23:00;04.04.2023 00:00;113,12
04.04.2023 00:00;04.04.2023 01:00;110,85
04.04.2023 01:00;04.04.2023 02:00;110,0
04.04.2023 02:00;04.04.2023 03:00;113,68
04.04.2023 03:00;04.04.2023 04:00;115,42
04.04.2023 04:00;04.04.2023 05:00;116,64
04.04.2023 05:00;04.04.2023 06:00;121,91
04.04.2023 06:00;04.04.2023 07:00;145,35
04.04.2023 07:00;04.04.2023 08:00;180,38
04.04.2023 08:00;04.04.2023 09:00;178,53
04.04.2023 09:00;04.04.2023 10:00;147,63
04.04.2023 10:00;04.04.2023 11:00;118,43
04.04.2023 11:00;04.04.2023 12:00;112,02
04.04.2023 12:00;04.04.2023 13:00;108,86
04.04.2023 13:00;04.04.2023 14:00;108,12
04.04.2023 14:00;04.04.2023 15:00;107,31
04.04.2023 15:00;04.04.2023 16:00;108,71
04.04.2023 16:00;04.04.2023 17:00;112,73
04.04.2023 17:00;04.04.2023 18:00;122,0
04.04.2023 18:00;04.04.2023 19:00;147,1
04.04.2023 19:00;04.04.2023 20:00;180,0
04.04.2023 20:00;04.04.2023 21:00;177,32
04.04.2023 21:00;04.04.2023 22:00;155,56
04.04.2023 22:00;04.04.2023 23:00;141,19
04.04.2023 23:00;05.04.2023 00:00;129,93
05.04.2023 00:00;05.04.2023 01:00;127,51
05.04.2023 01:00;05.04.2023 02:00;118,26
05.04.2023 02:00;05.04.2023 03:00;119,61
05.04.2023 03:00;05.04.2023 04:00;118,25
05.04.2023 04:00;05.04.2023 05:00;124,99
05.04.2023 05:00;05.04.2023 06:00;134,46
05.04.2023 06:00;05.04.2023 07:00;165,82
05.04.2023 07:00;05.04.2023 08:00;207,92
05.04.2023 08:00;05.04.2023 09:00;179,74
05.04.2023 09:00;05.04.2023 10:00;142,16
05.04.2023 10:00;05.04.2023 11:00;119,6
05.04.2023 11:00;05.04.2023 12:00;115,0
05.04.2023 12:00;05.04.2023 13:00;113,59
05.04.2023 13:00;05.04.2023 14:00;113,84
05.04.2023 14:00;05.04.2023 15:00;113,81
05.04.2023 15:00;05.04.2023 16:00;113,59
05.04.2023 16:00;05.04.2023 17:00;116,3
05.04.2023 17:00;05.04.2023 18:00;135,61
05.04.2023 18:00;05.04.2023 19:00;156,52
05.04.2023 19:00;05.04.2023 20:00;199,56
05.04.2023 20:00;05.04.2023 21:00;191,68
05.04.2023 21:00;05.04.2023 22:00;164,98
05.04.2023 22:00;05.04.2023 23:00;151,39
05.04.2023 23:00;06.04.2023 00:00;139,13
06.04.2023 00:00;06.04.2023 01:00;135,54
06.04.2023 01:00;06.04.2023 02:00;124,12
06.04.2023 02:00;06.04.2023 03:00;120,0
06.04.2023 03:00;06.04.2023 04:00;115,33
06.04.2023 04:00;06.04.2023 05:00;114,85
06.04.2023 05:00;06.04.2023 06:00;124,91
06.04.2023 06:00;06.04.2023 07:00;142,51
06.04.2023 07:00;06.04.2023 08:00;161,63
06.04.2023 08:00;06.04.2023 09:00;155,96
06.04.2023 09:00;06.04.2023 10:00;129,45
06.04.2023 10:00;06.04.2023 11:00;114,63
06.04.2023 11:00;06.04.2023 12:00;105,1
06.04.2023 12:00;06.04.2023 13:00;104,02
06.04.2023 13:00;06.04.2023 14:00;103,1
06.04.2023 14:00;06.04.2023 15:00;106,01
06.04.2023 15:00;06.04.2023 16:00;108,13
06.04.2023 16:00;06.04.2023 17:00;109,87
06.04.2023 17:00;06.04.2023 18:00;121,16
06.04.2023 18:00;06.04.2023 19:00;140,0
06.04.2023 19:00;06.04.2023 20:00;150,0
06.04.2023 20:00;06.04.2023 21:00;144,08
06.04.2023 21:00;06.04.2023 22:00;129,43
06.04.2023 22:00;06.04.2023 23:00;115,38
06.04.2023 23:00;07.04.2023 00:00;107,62
07.04.2023 00:00;07.04.2023 01:00;100,31
07.04.2023 01:00;07.04.2023 02:00;98,73
07.04.2023 02:00;07.04.2023 03:00;100,07
07.04.2023 03:00;07.04.2023 04:00;101,79
07.04.2023 04:00;07.04.2023 05:00;103,15
07.04.2023 05:00;07.04.2023 06:00;106,95
07.04.2023 06:00;07.04.2023 07:00;102,94
07.04.2023 07:00;07.04.2023 08:00;106,66
07.04.2023 08:00;07.04.2023 09:00;110,74
07.04.2023 09:00;07.04.2023 10:00;103,95
07.04.2023 10:00;07.04.2023 11:00;101,76
07.04.2023 11:00;07.04.2023 12:00;100,9
07.04.2023 12:00;07.04.2023 13:00;91,96
07.04.2023 13:00;07.04.2023 14:00;86,77
07.04.2023 14:00;07.04.2023 15:00;85,0
07.04.2023 15:00;07.04.2023 16:00;92,12
07.04.2023 16:00;07.04.2023 17:00;100,81
07.04.2023 17:00;07.04.2023 18:00;107,74
07.04.2023 18:00;07.04.2023 19:00;127,78
07.04.2023 19:00;07.04.2023 20:00;138,55
07.04.2023 20:00;07.04.2023 21:00;135,07
07.04.2023 21:00;07.04.2023 22:00;135,0
07.04.2023 22:00;07.04.2023 23:00;136,6
07.04.2023 23:00;08.04.2023 00:00;131,78
08.04.2023 00:00;08.04.2023 01:00;123,85
08.04.2023 01:00;08.04.2023 02:00;113,74
08.04.2023 02:00;08.04.2023 03:00;114,26
08.04.2023 03:00;08.04.2023 04:00;110,75
08.04.2023 04:00;08.04.2023 05:00;110,78
08.04.2023 05:00;08.04.2023 06:00;112,16
08.04.2023 06:00;08.04.2023 07:00;114,74
08.04.2023 07:00;08.04.2023 08:00;129,35
08.04.2023 08:00;08.04.2023 09:00;133,2
08.04.2023 09:00;08.04.2023 10:00;129,35
08.04.2023 10:00;08.04.2023 11:00;114,74
08.04.2023 11:00;08.04.2023 12:00;106,95
08.04.2023 12:00;08.04.2023 13:00;101,84
08.04.2023 13:00;08.04.2023 14:00;99,0
08.04.2023 14:00;08.04.2023 15:00;95,36
08.04.2023 15:00;08.04.2023 16:00;94,4
08.04.2023 16:00;08.04.2023 17:00;98,12
08.04.2023 17:00;08.04.2023 18:00;107,0
08.04.2023 18:00;08.04.2023 19:00;121,9
08.04.2023 19:00;08.04.2023 20:00;135,01
08.04.2023 20:00;08.04.2023 21:00;139,77
08.04.2023 21:00;08.04.2023 22:00;137,31
08.04.2023 22:00;08.04.2023 23:00;134,9
08.04.2023 23:00;09.04.2023 00:00;126,98
09.04.2023 00:00;09.04.2023 01:00;127,99
09.04.2023 01:00;09.04.2023 02:00;117,86
09.04.2023 02:00;09.04.2023 03:00;119,83
09.04.2023 03:00;09.04.2023 04:00;117,99
09.04.2023 04:00;09.04.2023 05:00;118,24
09.04.2023 05:00;09.04.2023 06:00;117,86
09.04.2023 06:00;09.04.2023 07:00;120,0
09.04.2023 07:00;09.04.2023 08:00;118,9
09.04.2023 08:00;09.04.2023 09:00;122,98
09.04.2023 09:00;09.04.2023 10:00;112,21
09.04.2023 10:00;09.04.2023 11:00;100,0
09.04.2023 11:00;09.04.2023 12:00;87,0
09.04.2023 12:00;09.04.2023 13:00;81,96
09.04.2023 13:00;09.04.2023 14:00;60,01
09.04.2023 14:00;09.04.2023 15:00;55,0
09.04.2023 15:00;09.04.2023 16:00;56,0
09.04.2023 16:00;09.04.2023 17:00;74,0
09.04.2023 17:00;09.04.2023 18:00;86,35
09.04.2023 18:00;09.04.2023 19:00;115,2
09.04.2023 19:00;09.04.2023 20:00;129,97
09.04.2023 20:00;09.04.2023 21:00;133,46
09.04.2023 21:00;09.04.2023 22:00;126,39
09.04.2023 22:00;09.04.2023 23:00;115,0
09.04.2023 23:00;10.04.2023 00:00;106,94
10.04.2023 00:00;10.04.2023 01:00;98,21
10.04.2023 01:00;10.04.2023 02:00;81,85
10.04.2023 02:00;10.04.2023 03:00;78,14
10.04.2023 03:00;10.04.2023 04:00;71,9
10.04.2023 04:00;10.04.2023 05:00;70,0
10.04.2023 05:00;10.04.2023 06:00;72,96
10.04.2023 06:00;10.04.2023 07:00;80,0
10.04.2023 07:00;10.04.2023 08:00;77,61
10.04.2023 08:00;10.04.2023 09:00;69,43
10.04.2023 09:00;10.04.2023 10:00;54,88
10.04.2023 10:00;10.04.2023 11:00;22,07
10.04.2023 11:00;10.04.2023 12:00;0,2
10.04.2023 12:00;10.04.2023 13:00;-1,01
10.04.2023 13:00;10.04.2023 14:00;-8,82
10.04.2023 14:00;10.04.2023 15:00;-7,77
10.04.2023 15:00;10.04.2023 16:00;-4,07
10.04.2023 16:00;10.04.2023 17:00;-0,07
10.04.2023 17:00;10.04.2023 18:00;19,49
10.04.2023 18:00;10.04.2023 19:00;44,58
10.04.2023 19:00;10.04.2023 20:00;65,54
10.04.2023 20:00;10.04.2023 21:00;40,84
10.04.2023 21:00;10.04.2023 22:00;21,81
10.04.2023 22:00;10.04.2023 23:00;11,52
10.04.2023 23:00;11.04.2023 00:00;0,1
11.04.2023 00:00;11.04.2023 01:00;1,45
11.04.2023 01:00;11.04.2023 02:00;0,99
11.04.2023 02:00;11.04.2023 03:00;0,72
11.04.2023 03:00;11.04.2023 04:00;1,09
11.04.2023 04:00;11.04.2023 05:00;6,1
11.04.2023 05:00;11.04.2023 06:00;34,02
11.04.2023 06:00;11.04.2023 07:00;93,8
11.04.2023 07:00;11.04.2023 08:00;105,63
11.04.2023 08:00;11.04.2023 09:00;108,26
11.04.2023 09:00;11.04.2023 10:00;93,8
11.04.2023 10:00;11.04.2023 11:00;54,25
11.04.2023 11:00;11.04.2023 12:00;9,03
11.04.2023 12:00;11.04.2023 13:00;0,07
11.04.2023 13:00;11.04.2023 14:00;-0,1
11.04.2023 14:00;11.04.2023 15:00;-0,09
11.04.2023 15:00;11.04.2023 16:00;-0,01
11.04.2023 16:00;11.04.2023 17:00;6,61
11.04.2023 17:00;11.04.2023 18:00;82,2
11.04.2023 18:00;11.04.2023 19:00;130,8
11.04.2023 19:00;11.04.2023 20:00;162,46
11.04.2023 20:00;11.04.2023 21:00;165,38
11.04.2023 21:00;11.04.2023 22:00;141,39
11.04.2023 22:00;11.04.2023 23:00;130,8
11.04.2023 23:00;12.04.2023 00:00;111,0
12.04.2023 00:00;12.04.2023 01:00;97,6
12.04.2023 01:00;12.04.2023 02:00;86,23
12.04.2023 02:00;12.04.2023 03:00;80,63
12.04.2023 03:00;12.04.2023 04:00;78,71
12.04.2023 04:00;12.04.2023 05:00;80,2
12.04.2023 05:00;12.04.2023 06:00;85,8
12.04.2023 06:00;12.04.2023 07:00;108,22
12.04.2023 07:00;12.04.2023 08:00;124,87
12.04.2023 08:00;12.04.2023 09:00;136,41
12.04.2023 09:00;12.04.2023 10:00;131,99
12.04.2023 10:00;12.04.2023 11:00;120,0
12.04.2023 11:00;12.04.2023 12:00;111,56
12.04.2023 12:00;12.04.2023 13:00;100,72
12.04.2023 13:00;12.04.2023 14:00;97,36
12.04.2023 14:00;12.04.2023 15:00;97,62
12.04.2023 15:00;12.04.2023 16:00;97,07
12.04.2023 16:00;12.04.2023 17:00;100,34
12.04.2023 17:00;12.04.2023 18:00;109,92
12.04.2023 18:00;12.04.2023 19:00;134,66
12.04.2023 19:00;12.04.2023 20:00;145,0
12.04.2023 20:00;12.04.2023 21:00;129,7
12.04.2023 21:00;12.04.2023 22:00;122,76
12.04.2023 22:00;12.04.2023 23:00;109,3
12.04.2023 23:00;13.04.2023 00:00;97,95
13.04.2023 00:00;13.04.2023 01:00;97,23
13.04.2023 01:00;13.04.2023 02:00;85,09
13.04.2023 02:00;13.04.2023 03:00;79,33
13.04.2023 03:00;13.04.2023 04:00;72,86
13.04.2023 04:00;13.04.2023 05:00;71,27
13.04.2023 05:00;13.04.2023 06:00;82,5
13.04.2023 06:00;13.04.2023 07:00;102,06
13.04.2023 07:00;13.04.2023 08:00;115,04
13.04.2023 08:00;13.04.2023 09:00;118,96
13.04.2023 09:00;13.04.2023 10:00;102,81
13.04.2023 10:00;13.04.2023 11:00;85,98
13.04.2023 11:00;13.04.2023 12:00;89,22
13.04.2023 12:00;13.04.2023 13:00;90,12
13.04.2023 13:00;13.04.2023 14:00;93,77
13.04.2023 14:00;13.04.2023 15:00;92,48
13.04.2023 15:00;13.04.2023 16:00;105,02
13.04.2023 16:00;13.04.2023 17:00;93,23
13.04.2023 17:00;13.04.2023 18:00;110,14
13.04.2023 18:00;13.04.2023 19:00;129,86
13.04.2023 19:00;13.04.2023 20:00;171,44
13.04.2023 20:00;13.04.2023 21:00;180,93
13.04.2023 21:00;13.04.2023 22:00;160,59
13.04.2023 22:00;13.04.2023 23:00;139,28
13.04.2023 23:00;14.04.2023 00:00;132,72
14.04.2023 00:00;14.04.2023 01:00;118,09
14.04.2023 01:00;14.04.2023 02:00;112,8
14.04.2023 02:00;14.04.2023 03:00;116,54
14.04.2023 03:00;14.04.2023 04:00;112,8
14.04.2023 04:00;14.04.2023 05:00;113,14
14.04.2023 05:00;14.04.2023 06:00;127,4
14.04.2023 06:00;14.04.2023 07:00;144,74
14.04.2023 07:00;14.04.2023 08:00;171,76
14.04.2023 08:00;14.04.2023 09:00;176,11
14.04.2023 09:00;14.04.2023 10:00;150,88
14.04.2023 10:00;14.04.2023 11:00;129,86
14.04.2023 11:00;14.04.2023 12:00;118,66
14.04.2023 12:00;14.04.2023 13:00;107,54
14.04.2023 13:00;14.04.2023 14:00;105,8
14.04.2023 14:00;14.04.2023 15:00;106,22
14.04.2023 15:00;14.04.2023 16:00;109,3
14.04.2023 16:00;14.04.2023 17:00;105,24
14.04.2023 17:00;14.04.2023 18:00;116,54
14.04.2023 18:00;14.04.2023 19:00;138,16
14.04.2023 19:00;14.04.2023 20:00;151,69
14.04.2023 20:00;14.04.2023 21:00;152,21
14.04.2023 21:00;14.04.2023 22:00;151,0
14.04.2023 22:00;14.04.2023 23:00;134,33
14.04.2023 23:00;15.04.2023 00:00;120,29
15.04.2023 00:00;15.04.2023 01:00;123,9
15.04.2023 01:00;15.04.2023 02:00;112,0
15.04.2023 02:00;15.04.2023 03:00;114,38
15.04.2023 03:00;15.04.2023 04:00;108,0
15.04.2023 04:00;15.04.2023 05:00;105,14
15.04.2023 05:00;15.04.2023 06:00;103,55
15.04.2023 06:00;15.04.2023 07:00;105,56
15.04.2023 07:00;15.04.2023 08:00;104,85
15.04.2023 08:00;15.04.2023 09:00;106,21
15.04.2023 09:00;15.04.2023 10:00;101,83
15.04.2023 10:00;15.04.2023 11:00;97,96
15.04.2023 11:00;15.04.2023 12:00;93,95
15.04.2023 12:00;15.04.2023 13:00;88,55
15.04.2023 13:00;15.04.2023 14:00;83,63
15.04.2023 14:00;15.04.2023 15:00;82,17
15.04.2023 15:00;15.04.2023 16:00;84,9
15.04.2023 16:00;15.04.2023 17:00;92,97
15.04.2023 17:00;15.04.2023 18:00;98,81
15.04.2023 18:00;15.04.2023 19:00;112,66
15.04.2023 19:00;15.04.2023 20:00;132,79
15.04.2023 20:00;15.04.2023 21:00;134,51
15.04.2023 21:00;15.04.2023 22:00;127,8
15.04.2023 22:00;15.04.2023 23:00;127,71
15.04.2023 23:00;16.04.2023 00:00;119,3
16.04.2023 00:00;16.04.2023 01:00;111,55
16.04.2023 01:00;16.04.2023 02:00;103,49
16.04.2023 02:00;16.04.2023 03:00;102,68
16.04.2023 03:00;16.04.2023 04:00;101,09
16.04.2023 04:00;16.04.2023 05:00;102,63
16.04.2023 05:00;16.04.2023 06:00;103,5
16.04.2023 06:00;16.04.2023 07:00;103,5
16.04.2023 07:00;16.04.2023 08:00;103,37
16.04.2023 08:00;16.04.2023 09:00;110,43
16.04.2023 09:00;16.04.2023 10:00;114,68
16.04.2023 10:00;16.04.2023 11:00;111,04
16.04.2023 11:00;16.04.2023 12:00;107,83
16.04.2023 12:00;16.04.2023 13:00;104,05
16.04.2023 13:00;16.04.2023 14:00;98,16
16.04.2023 14:00;16.04.2023 15:00;94,71
16.04.2023 15:00;16.04.2023 16:00;94,26
16.04.2023 16:00;16.04.2023 17:00;96,04
16.04.2023 17:00;16.04.2023 18:00;100,97
16.04.2023 18:00;16.04.2023 19:00;115,21
16.04.2023 19:00;16.04.2023 20:00;132,88
16.04.2023 20:00;16.04.2023 21:00;140,0
16.04.2023 21:00;16.04.2023 22:00;135,0
16.04.2023 22:00;16.04.2023 23:00;129,97
16.04.2023 23:00;17.04.2023 00:00;125,35
17.04.2023 00:00;17.04.2023 01:00;114,75
17.04.2023 01:00;17.04.2023 02:00;111,14
17.04.2023 02:00;17.04.2023 03:00;108,96
17.04.2023 03:00;17.04.2023 04:00;110,44
17.04.2023 04:00;17.04.2023 05:00;110,0
17.04.2023 05:00;17.04.2023 06:00;115,03
17.04.2023 06:00;17.04.2023 07:00;140,82
17.04.2023 07:00;17.04.2023 08:00;178,68
17.04.2023 08:00;17.04.2023 09:00;200,51
17.04.2023 09:00;17.04.2023 10:00;163,14
17.04.2023 10:00;17.04.2023 11:00;135,61
17.04.2023 11:00;17.04.2023 12:00;118,18
17.04.2023 12:00;17.04.2023 13:00;105,35
17.04.2023 13:00;17.04.2023 14:00;102,25
17.04.2023 14:00;17.04.2023 15:00;97,16
17.04.2023 15:00;17.04.2023 16:00;96,94
17.04.2023 16:00;17.04.2023 17:00;96,76
17.04.2023 17:00;17.04.2023 18:00;100,99
17.04.2023 18:00;17.04.2023 19:00;122,33
17.04.2023 19:00;17.04.2023 20:00;143,61
17.04.2023 20:00;17.04.2023 21:00;142,78
17.04.2023 21:00;17.04.2023 22:00;134,25
17.04.2023 22:00;17.04.2023 23:00;122,82
17.04.2023 23:00;18.04.2023 00:00;109,16
18.04.2023 00:00;18.04.2023 01:00;105,31
18.04.2023 01:00;18.04.2023 02:00;102,07
18.04.2023 02:00;18.04.2023 03:00;101,1
18.04.2023 03:00;18.04.2023 04:00;101,29
18.04.2023 04:00;18.04.2023 05:00;100,55
18.04.2023 05:00;18.04.2023 06:00;101,27
18.04.2023 06:00;18.04.2023 07:00;127,0
18.04.2023 07:00;18.04.2023 08:00;140,27
18.04.2023 08:00;18.04.2023 09:00;154,88
18.04.2023 09:00;18.04.2023 10:00;133,99
18.04.2023 10:00;18.04.2023 11:00;106,21
18.04.2023 11:00;18.04.2023 12:00;103,58
18.04.2023 12:00;18.04.2023 13:00;94,94
18.04.2023 13:00;18.04.2023 14:00;84,96
18.04.2023 14:00;18.04.2023 15:00;84,7
18.04.2023 15:00;18.04.2023 16:00;77,63
18.04.2023 16:00;18.04.2023 17:00;79,39
18.04.2023 17:00;18.04.2023 18:00;94,39
18.04.2023 18:00;18.04.2023 19:00;108,21
18.04.2023 19:00;18.04.2023 20:00;130,46
18.04.2023 20:00;18.04.2023 21:00;135,01
18.04.2023 21:00;18.04.2023 22:00;121,48
18.04.2023 22:00;18.04.2023 23:00;108,76
18.04.2023 23:00;19.04.2023 00:00;99,96
19.04.2023 00:00;19.04.2023 01:00;102,3
19.04.2023 01:00;19.04.2023 02:00;97,54
19.04.2023 02:00;19.04.2023 03:00;99,92
19.04.2023 03:00;19.04.2023 04:00;98,95
19.04.2023 04:00;19.04.2023 05:00;101,33
19.04.2023 05:00;19.04.2023 06:00;105,87
19.04.2023 06:00;19.04.2023 07:00;130,0
19.04.2023 07:00;19.04.2023 08:00;138,96
19.04.2023 08:00;19.04.2023 09:00;139,28
19.04.2023 09:00;19.04.2023 10:00;118,83
19.04.2023 10:00;19.04.2023 11:00;90,39
19.04.2023 11:00;19.04.2023 12:00;64,68
19.04.2023 12:00;19.04.2023 13:00;29,6
19.04.2023 13:00;19.04.2023 14:00;5,29
19.04.2023 14:00;19.04.2023 15:00;0,09
19.04.2023 15:00;19.04.2023 16:00;2,71
19.04.2023 16:00;19.04.2023 17:00;22,74
19.04.2023 17:00;19.04.2023 18:00;72,31
19.04.2023 18:00;19.04.2023 19:00;94,79
19.04.2023 19:00;19.04.2023 20:00;119,69
19.04.2023 20:00;19.04.2023 21:00;130,73
19.04.2023 21:00;19.04.2023 22:00;122,82
19.04.2023 22:00;19.04.2023 23:00;109,9
19.04.2023 23:00;20.04.2023 00:00;101,66
20.04.2023 00:00;20.04.2023 01:00;100,19
20.04.2023 01:00;20.04.2023 02:00;94,35
20.04.2023 02:00;20.04.2023 03:00;96,76
20.04.2023 03:00;20.04.2023 04:00;94,98
20.04.2023 04:00;20.04.2023 05:00;97,18
20.04.2023 05:00;20.04.2023 06:00;102,78
20.04.2023 06:00;20.04.2023 07:00;127,97
20.04.2023 07:00;20.04.2023 08:00;144,48
20.04.2023 08:00;20.04.2023 09:00;144,7
20.04.2023 09:00;20.04.2023 10:00;130,07
20.04.2023 10:00;20.04.2023 11:00;107,97
20.04.2023 11:00;20.04.2023 12:00;96,94
20.04.2023 12:00;20.04.2023 13:00;94,23
20.04.2023 13:00;20.04.2023 14:00;89,61
20.04.2023 14:00;20.04.2023 15:00;88,71
20.04.2023 15:00;20.04.2023 16:00;86,68
20.04.2023 16:00;20.04.2023 17:00;92,09
20.04.2023 17:00;20.04.2023 18:00;103,76
20.04.2023 18:00;20.04.2023 19:00;128,99
20.04.2023 19:00;20.04.2023 20:00;142,1
20.04.2023 20:00;20.04.2023 21:00;146,45
20.04.2023 21:00;20.04.2023 22:00;134,57
20.04.2023 22:00;20.04.2023 23:00;129,18
20.04.2023 23:00;21.04.2023 00:00;106,21
21.04.2023 00:00;21.04.2023 01:00;98,42
21.04.2023 01:00;21.04.2023 02:00;91,88
21.04.2023 02:00;21.04.2023 03:00;91,01
21.04.2023 03:00;21.04.2023 04:00;92,98
21.04.2023 04:00;21.04.2023 05:00;92,6
21.04.2023 05:00;21.04.2023 06:00;95,23
21.04.2023 06:00;21.04.2023 07:00;120,92
21.04.2023 07:00;21.04.2023 08:00;135,0
21.04.2023 08:00;21.04.2023 09:00;134,5
21.04.2023 09:00;21.04.2023 10:00;106,25
21.04.2023 10:00;21.04.2023 11:00;90,0
21.04.2023 11:00;21.04.2023 12:00;77,43
21.04.2023 12:00;21.04.2023 13:00;28,35
21.04.2023 13:00;21.04.2023 14:00;0,09
21.04.2023 14:00;21.04.2023 15:00;0,05
21.04.2023 15:00;21.04.2023 16:00;5,29
21.04.2023 16:00;21.04.2023 17:00;58,57
21.04.2023 17:00;21.04.2023 18:00;90,07
21.04.2023 18:00;21.04.2023 19:00;123,0
21.04.2023 19:00;21.04.2023 20:00;140,57
21.04.2023 20:00;21.04.2023 21:00;143,88
21.04.2023 21:00;21.04.2023 22:00;126,22
21.04.2023 22:00;21.04.2023 23:00;106,03
21.04.2023 23:00;22.04.2023 00:00;99,06
22.04.2023 00:00;22.04.2023 01:00;99,04
22.04.2023 01:00;22.04.2023 02:00;95,19
22.04.2023 02:00;22.04.2023 03:00;92,1
22.04.2023 03:00;22.04.2023 04:00;92,95
22.04.2023 04:00;22.04.2023 05:00;91,29
22.04.2023 05:00;22.04.2023 06:00;95,99
22.04.2023 06:00;22.04.2023 07:00;99,82
22.04.2023 07:00;22.04.2023 08:00;102,58
22.04.2023 08:00;22.04.2023 09:00;99,1
22.04.2023 09:00;22.04.2023 10:00;86,0
22.04.2023 10:00;22.04.2023 11:00;76,41
22.04.2023 11:00;22.04.2023 12:00;45,06
22.04.2023 12:00;22.04.2023 13:00;26,2
22.04.2023 13:00;22.04.2023 14:00;10,02
22.04.2023 14:00;22.04.2023 15:00;5,62
22.04.2023 15:00;22.04.2023 16:00;29,95
22.04.2023 16:00;22.04.2023 17:00;76,68
22.04.2023 17:00;22.04.2023 18:00;95,0
22.04.2023 18:00;22.04.2023 19:00;112,97
22.04.2023 19:00;22.04.2023 20:00;131,84
22.04.2023 20:00;22.04.2023 21:00;130,22
22.04.2023 21:00;22.04.2023 22:00;127,0
22.04.2023 22:00;22.04.2023 23:00;105,0
22.04.2023 23:00;23.04.2023 00:00;101,18
23.04.2023 00:00;23.04.2023 01:00;105,1
23.04.2023 01:00;23.04.2023 02:00;97,31
23.04.2023 02:00;23.04.2023 03:00;94,97
23.04.2023 03:00;23.04.2023 04:00;89,39
23.04.2023 04:00;23.04.2023 05:00;86,63
23.04.2023 05:00;23.04.2023 06:00;88,74
23.04.2023 06:00;23.04.2023 07:00;89,88
23.04.2023 07:00;23.04.2023 08:00;93,78
23.04.2023 08:00;23.04.2023 09:00;93,43
23.04.2023 09:00;23.04.2023 10:00;90,41
23.04.2023 10:00;23.04.2023 11:00;79,33
23.04.2023 11:00;23.04.2023 12:00;48,16
23.04.2023 12:00;23.04.2023 13:00;35,5
23.04.2023 13:00;23.04.2023 14:00;10,02
23.04.2023 14:00;23.04.2023 15:00;4,88
23.04.2023 15:00;23.04.2023 16:00;34,71
23.04.2023 16:00;23.04.2023 17:00;64,15
23.04.2023 17:00;23.04.2023 18:00;100,25
23.04.2023 18:00;23.04.2023 19:00;125,74
23.04.2023 19:00;23.04.2023 20:00;138,14
23.04.2023 20:00;23.04.2023 21:00;137,13
23.04.2023 21:00;23.04.2023 22:00;125,02
23.04.2023 22:00;23.04.2023 23:00;116,95
23.04.2023 23:00;24.04.2023 00:00;109,6
24.04.2023 00:00;24.04.2023 01:00;87,7
24.04.2023 01:00;24.04.2023 02:00;83,58
24.04.2023 02:00;24.04.2023 03:00;82,09
24.04.2023 03:00;24.04.2023 04:00;76,4
24.04.2023 04:00;24.04.2023 05:00;75,08
24.04.2023 05:00;24.04.2023 06:00;86,55
24.04.2023 06:00;24.04.2023 07:00;114,6
24.04.2023 07:00;24.04.2023 08:00;133,8
24.04.2023 08:00;24.04.2023 09:00;135,0
24.04.2023 09:00;24.04.2023 10:00;126,92
24.04.2023 10:00;24.04.2023 11:00;110,81
24.04.2023 11:00;24.04.2023 12:00;108,01
24.04.2023 12:00;24.04.2023 13:00;98,07
24.04.2023 13:00;24.04.2023 14:00;94,9
24.04.2023 14:00;24.04.2023 15:00;87,0
24.04.2023 15:00;24.04.2023 16:00;84,91
24.04.2023 16:00;24.04.2023 17:00;85,89
24.04.2023 17:00;24.04.2023 18:00;97,61
24.04.2023 18:00;24.04.2023 19:00;117,41
24.04.2023 19:00;24.04.2023 20:00;134,57
24.04.2023 20:00;24.04.2023 21:00;135,97
24.04.2023 21:00;24.04.2023 22:00;132,13
24.04.2023 22:00;24.04.2023 23:00;120,23
24.04.2023 23:00;25.04.2023 00:00;101,25
25.04.2023 00:00;25.04.2023 01:00;96,41
25.04.2023 01:00;25.04.2023 02:00;95,27
25.04.2023 02:00;25.04.2023 03:00;93,63
25.04.2023 03:00;25.04.2023 04:00;92,02
25.04.2023 04:00;25.04.2023 05:00;91,82
25.04.2023 05:00;25.04.2023 06:00;97,41
25.04.2023 06:00;25.04.2023 07:00;121,6
25.04.2023 07:00;25.04.2023 08:00;134,1
25.04.2023 08:00;25.04.2023 09:00;134,93
25.04.2023 09:00;25.04.2023 10:00;109,76
25.04.2023 10:00;25.04.2023 11:00;96,24
25.04.2023 11:00;25.04.2023 12:00;85,07
25.04.2023 12:00;25.04.2023 13:00;78,56
25.04.2023 13:00;25.04.2023 14:00;73,11
25.04.2023 14:00;25.04.2023 15:00;64,48
25.04.2023 15:00;25.04.2023 16:00;64,69
25.04.2023 16:00;25.04.2023 17:00;74,18
25.04.2023 17:00;25.04.2023 18:00;83,73
25.04.2023 18:00;25.04.2023 19:00;101,23
25.04.2023 19:00;25.04.2023 20:00;132,12
25.04.2023 20:00;25.04.2023 21:00;144,16
25.04.2023 21:00;25.04.2023 22:00;133,53
25.04.2023 22:00;25.04.2023 23:00;124,6
25.04.2023 23:00;26.04.2023 00:00;101,26
26.04.2023 00:00;26.04.2023 01:00;95,48
26.04.2023 01:00;26.04.2023 02:00;93,25
26.04.2023 02:00;26.04.2023 03:00;94,2
26.04.2023 03:00;26.04.2023 04:00;92,3
26.04.2023 04:00;26.04.2023 05:00;93,33
26.04.2023 05:00;26.04.2023 06:00;100,59
26.04.2023 06:00;26.04.2023 07:00;125,16
26.04.2023 07:00;26.04.2023 08:00;139,91
26.04.2023 08:00;26.04.2023 09:00;129,97
26.04.2023 09:00;26.04.2023 10:00;95,21
26.04.2023 10:00;26.04.2023 11:00;88,23
26.04.2023 11:00;26.04.2023 12:00;95,4
26.04.2023 12:00;26.04.2023 13:00;94,27
26.04.2023 13:00;26.04.2023 14:00;94,54
26.04.2023 14:00;26.04.2023 15:00;94,37
26.04.2023 15:00;26.04.2023 16:00;92,85
26.04.2023 16:00;26.04.2023 17:00;98,2
26.04.2023 17:00;26.04.2023 18:00;112,19
26.04.2023 18:00;26.04.2023 19:00;127,88
26.04.2023 19:00;26.04.2023 20:00;148,11
26.04.2023 20:00;26.04.2023 21:00;154,97
26.04.2023 21:00;26.04.2023 22:00;146,12
26.04.2023 22:00;26.04.2023 23:00;130,0
26.04.2023 23:00;27.04.2023 00:00;120,77
27.04.2023 00:00;27.04.2023 01:00;107,12
27.04.2023 01:00;27.04.2023 02:00;100,58
27.04.2023 02:00;27.04.2023 03:00;98,0
27.04.2023 03:00;27.04.2023 04:00;96,46
27.04.2023 04:00;27.04.2023 05:00;97,42
27.04.2023 05:00;27.04.2023 06:00;107,19
27.04.2023 06:00;27.04.2023 07:00;126,1
27.04.2023 07:00;27.04.2023 08:00;142,79
27.04.2023 08:00;27.04.2023 09:00;135,61
27.04.2023 09:00;27.04.2023 10:00;108,53
27.04.2023 10:00;27.04.2023 11:00;94,64
27.04.2023 11:00;27.04.2023 12:00;94,19
27.04.2023 12:00;27.04.2023 13:00;92,78
27.04.2023 13:00;27.04.2023 14:00;90,97
27.04.2023 14:00;27.04.2023 15:00;92,55
27.04.2023 15:00;27.04.2023 16:00;94,64
27.04.2023 16:00;27.04.2023 17:00;96,28
27.04.2023 17:00;27.04.2023 18:00;102,35
27.04.2023 18:00;27.04.2023 19:00;125,98
27.04.2023 19:00;27.04.2023 20:00;153,85
27.04.2023 20:00;27.04.2023 21:00;163,57
27.04.2023 21:00;27.04.2023 22:00;141,5
27.04.2023 22:00;27.04.2023 23:00;125,42
27.04.2023 23:00;28.04.2023 00:00;101,54
28.04.2023 00:00;28.04.2023 01:00;102,03
28.04.2023 01:00;28.04.2023 02:00;92,97
28.04.2023 02:00;28.04.2023 03:00;90,35
28.04.2023 03:00;28.04.2023 04:00;92,68
28.04.2023 04:00;28.04.2023 05:00;92,91
28.04.2023 05:00;28.04.2023 06:00;95,85
28.04.2023 06:00;28.04.2023 07:00;113,77
28.04.2023 07:00;28.04.2023 08:00;123,82
28.04.2023 08:00;28.04.2023 09:00;126,81
28.04.2023 09:00;28.04.2023 10:00;120,69
28.04.2023 10:00;28.04.2023 11:00;113,18
28.04.2023 11:00;28.04.2023 12:00;106,17
28.04.2023 12:00;28.04.2023 13:00;102,05
28.04.2023 13:00;28.04.2023 14:00;93,09
28.04.2023 14:00;28.04.2023 15:00;90,19
28.04.2023 15:00;28.04.2023 16:00;89,0
28.04.2023 16:00;28.04.2023 17:00;90,61
28.04.2023 17:00;28.04.2023 18:00;100,24
28.04.2023 18:00;28.04.2023 19:00;115,7
28.04.2023 19:00;28.04.2023 20:00;120,04
28.04.2023 20:00;28.04.2023 21:00;125,4
28.04.2023 21:00;28.04.2023 22:00;124,34
28.04.2023 22:00;28.04.2023 23:00;116,71
28.04.2023 23:00;29.04.2023 00:00;105,48
29.04.2023 00:00;29.04.2023 01:00;115,59
29.04.2023 01:00;29.04.2023 02:00;108,56
29.04.2023 02:00;29.04.2023 03:00;106,1
29.04.2023 03:00;29.04.2023 04:00;105,0
29.04.2023 04:00;29.04.2023 05:00;101,24
29.04.2023 05:00;29.04.2023 06:00;102,75
29.04.2023 06:00;29.04.2023 07:00;103,24
29.04.2023 07:00;29.04.2023 08:00;109,4
29.04.2023 08:00;29.04.2023 09:00;115,64
29.04.2023 09:00;29.04.2023 10:00;106,61
29.04.2023 10:00;29.04.2023 11:00;103,59
29.04.2023 11:00;29.04.2023 12:00;92,87
29.04.2023 12:00;29.04.2023 13:00;82,23
29.04.2023 13:00;29.04.2023 14:00;78,96
29.04.2023 14:00;29.04.2023 15:00;66,2
29.04.2023 15:00;29.04.2023 16:00;69,05
29.04.2023 16:00;29.04.2023 17:00;80,0
29.04.2023 17:00;29.04.2023 18:00;85,0
29.04.2023 18:00;29.04.2023 19:00;100,1
29.04.2023 19:00;29.04.2023 20:00;118,36
29.04.2023 20:00;29.04.2023 21:00;119,45
29.04.2023 21:00;29.04.2023 22:00;120,0
29.04.2023 22:00;29.04.2023 23:00;115,57
29.04.2023 23:00;30.04.2023 00:00;110,0
30.04.2023 00:00;30.04.2023 01:00;99,28
30.04.2023 01:00;30.04.2023 02:00;91,09
30.04.2023 02:00;30.04.2023 03:00;88,38
30.04.2023 03:00;30.04.2023 04:00;85,61
30.04.2023 04:00;30.04.2023 05:00;85,52
30.04.2023 05:00;30.04.2023 06:00;88,27
30.04.2023 06:00;30.04.2023 07:00;85,84
30.04.2023 07:00;30.04.2023 08:00;82,0
30.04.2023 08:00;30.04.2023 09:00;75,0
30.04.2023 09:00;30.04.2023 10:00;50,0
30.04.2023 10:00;30.04.2023 11:00;27,7
30.04.2023 11:00;30.04.2023 12:00;5,64
30.04.2023 12:00;30.04.2023 13:00;-2,55
30.04.2023 13:00;30.04.2023 14:00;-5,33
30.04.2023 14:00;30.04.2023 15:00;-3,08
30.04.2023 15:00;30.04.2023 16:00;1,19
30.04.2023 16:00;30.04.2023 17:00;14,0
30.04.2023 17:00;30.04.2023 18:00;70,57
30.04.2023 18:00;30.04.2023 19:00;106,96
30.04.2023 19:00;30.04.2023 20:00;121,16
30.04.2023 20:00;30.04.2023 21:00;123,6
30.04.2023 21:00;30.04.2023 22:00;122,2
30.04.2023 22:00;30.04.2023 23:00;117,12
30.04.2023 23:00;01.05.2023 00:00;108,71
01.05.2023 00:00;01.05.2023 01:00;109,9
01.05.2023 01:00;01.05.2023 02:00;99,9
01.05.2023 02:00;01.05.2023 03:00;95,49
01.05.2023 03:00;01.05.2023 04:00;89,98
01.05.2023 04:00;01.05.2023 05:00;87,29
01.05.2023 05:00;01.05.2023 06:00;88,0
01.05.2023 06:00;01.05.2023 07:00;87,16
01.05.2023 07:00;01.05.2023 08:00;84,2
01.05.2023 08:00;01.05.2023 09:00;83,14
01.05.2023 09:00;01.05.2023 10:00;84,04
01.05.2023 10:00;01.05.2023 11:00;74,29
01.05.2023 11:00;01.05.2023 12:00;67,99
01.05.2023 12:00;01.05.2023 13:00;54,63
01.05.2023 13:00;01.05.2023 14:00;34,69
01.05.2023 14:00;01.05.2023 15:00;29,99
01.05.2023 15:00;01.05.2023 16:00;41,19
01.05.2023 16:00;01.05.2023 17:00;76,25
01.05.2023 17:00;01.05.2023 18:00;95,58
01.05.2023 18:00;01.05.2023 19:00;116,37
01.05.2023 19:00;01.05.2023 20:00;124,64
01.05.2023 20:00;01.05.2023 21:00;125,8
01.05.2023 21:00;01.05.2023 22:00;121,72
01.05.2023 22:00;01.05.2023 23:00;117,9
01.05.2023 23:00;02.05.2023 00:00;111,04
02.05.2023 00:00;02.05.2023 01:00;98,48
02.05.2023 01:00;02.05.2023 02:00;85,6
02.05.2023 02:00;02.05.2023 03:00;83,3
02.05.2023 03:00;02.05.2023 04:00;80,9
02.05.2023 04:00;02.05.2023 05:00;81,22
02.05.2023 05:00;02.05.2023 06:00;90,39
02.05.2023 06:00;02.05.2023 07:00;111,06
02.05.2023 07:00;02.05.2023 08:00;127,45
02.05.2023 08:00;02.05.2023 09:00;135,17
02.05.2023 09:00;02.05.2023 10:00;122,99
02.05.2023 10:00;02.05.2023 11:00;115,69
02.05.2023 11:00;02.05.2023 12:00;108,96
02.05.2023 12:00;02.05.2023 13:00;98,46
02.05.2023 13:00;02.05.2023 14:00;92,76
02.05.2023 14:00;02.05.2023 15:00;86,32
02.05.2023 15:00;02.05.2023 16:00;81,97
02.05.2023 16:00;02.05.2023 17:00;87,2
02.05.2023 17:00;02.05.2023 18:00;94,43
02.05.2023 18:00;02.05.2023 19:00;117,38
02.05.2023 19:00;02.05.2023 20:00;130,0
02.05.2023 20:00;02.05.2023 21:00;142,86
02.05.2023 21:00;02.05.2023 22:00;133,69
02.05.2023 22:00;02.05.2023 23:00;124,02
02.05.2023 23:00;03.05.2023 00:00;116,13
03.05.2023 00:00;03.05.2023 01:00;107,65
03.05.2023 01:00;03.05.2023 02:00;102,63
03.05.2023 02:00;03.05.2023 03:00;100,97
03.05.2023 03:00;03.05.2023 04:00;97,8
03.05.2023 04:00;03.05.2023 05:00;105,25
03.05.2023 05:00;03.05.2023 06:00;111,92
03.05.2023 06:00;03.05.2023 07:00;125,52
03.05.2023 07:00;03.05.2023 08:00;133,3
03.05.2023 08:00;03.05.2023 09:00;125,1
03.05.2023 09:00;03.05.2023 10:00;110,1
03.05.2023 10:00;03.05.2023 11:00;91,16
03.05.2023 11:00;03.05.2023 12:00;84,16
03.05.2023 12:00;03.05.2023 13:00;77,83
03.05.2023 13:00;03.05.2023 14:00;80,02
03.05.2023 14:00;03.05.2023 15:00;75,13
03.05.2023 15:00;03.05.2023 16:00;73,5
03.05.2023 16:00;03.05.2023 17:00;83,86
03.05.2023 17:00;03.05.2023 18:00;97,59
03.05.2023 18:00;03.05.2023 19:00;124,09
03.05.2023 19:00;03.05.2023 20:00;140,08
03.05.2023 20:00;03.05.2023 21:00;171,58
03.05.2023 21:00;03.05.2023 22:00;132,25
03.05.2023 22:00;03.05.2023 23:00;120,95
03.05.2023 23:00;04.05.2023 00:00;114,73
04.05.2023 00:00;04.05.2023 01:00;100,13
04.05.2023 01:00;04.05.2023 02:00;95,24
04.05.2023 02:00;04.05.2023 03:00;94,16
04.05.2023 03:00;04.05.2023 04:00;95,26
04.05.2023 04:00;04.05.2023 05:00;95,91
04.05.2023 05:00;04.05.2023 06:00;106,94
04.05.2023 06:00;04.05.2023 07:00;125,0
04.05.2023 07:00;04.05.2023 08:00;130,0
04.05.2023 08:00;04.05.2023 09:00;119,9
04.05.2023 09:00;04.05.2023 10:00;104,42
04.05.2023 10:00;04.05.2023 11:00;90,0
04.05.2023 11:00;04.05.2023 12:00;79,6
04.05.2023 12:00;04.05.2023 13:00;70,06
04.05.2023 13:00;04.05.2023 14:00;60,21
04.05.2023 14:00;04.05.2023 15:00;56,69
04.05.2023 15:00;04.05.2023 16:00;65,28
04.05.2023 16:00;04.05.2023 17:00;78,88
04.05.2023 17:00;04.05.2023 18:00;99,6
04.05.2023 18:00;04.05.2023 19:00;115,57
04.05.2023 19:00;04.05.2023 20:00;122,01
04.05.2023 20:00;04.05.2023 21:00;120,74
04.05.2023 21:00;04.05.2023 22:00;114,77
04.05.2023 22:00;04.05.2023 23:00;105,5
04.05.2023 23:00;05.05.2023 00:00;94,12
05.05.2023 00:00;05.05.2023 01:00;91,5
05.05.2023 01:00;05.05.2023 02:00;81,8
05.05.2023 02:00;05.05.2023 03:00;78,49
05.05.2023 03:00;05.05.2023 04:00;79,51
05.05.2023 04:00;05.05.2023 05:00;78,49
05.05.2023 05:00;05.05.2023 06:00;87,52
05.05.2023 06:00;05.05.2023 07:00;101,22
05.05.2023 07:00;05.05.2023 08:00;113,75
05.05.2023 08:00;05.05.2023 09:00;110,7
05.05.2023 09:00;05.05.2023 10:00;97,28
05.05.2023 10:00;05.05.2023 11:00;90,12
05.05.2023 11:00;05.05.2023 12:00;80,94
05.05.2023 12:00;05.05.2023 13:00;78,44
05.05.2023 13:00;05.05.2023 14:00;77,01
05.05.2023 14:00;05.05.2023 15:00;78,9
05.05.2023 15:00;05.05.2023 16:00;81,08
05.05.2023 16:00;05.05.2023 17:00;91,16
05.05.2023 17:00;05.05.2023 18:00;100,17
05.05.2023 18:00;05.05.2023 19:00;112,8
05.05.2023 19:00;05.05.2023 20:00;120,54
05.05.2023 20:00;05.05.2023 21:00;128,57
05.05.2023 21:00;05.05.2023 22:00;126,31
05.05.2023 22:00;05.05.2023 23:00;115,56
05.05.2023 23:00;06.05.2023 00:00;103,34
06.05.2023 00:00;06.05.2023 01:00;106,71
06.05.2023 01:00;06.05.2023 02:00;99,62
06.05.2023 02:00;06.05.2023 03:00;95,71
06.05.2023 03:00;06.05.2023 04:00;91,7
06.05.2023 04:00;06.05.2023 05:00;89,93
06.05.2023 05:00;06.05.2023 06:00;91,7
06.05.2023 06:00;06.05.2023 07:00;97,2
06.05.2023 07:00;06.05.2023 08:00;99,02
06.05.2023 08:00;06.05.2023 09:00;95,13
06.05.2023 09:00;06.05.2023 10:00;93,28
06.05.2023 10:00;06.05.2023 11:00;82,53
06.05.2023 11:00;06.05.2023 12:00;74,42
06.05.2023 12:00;06.05.2023 13:00;71,02
06.05.2023 13:00;06.05.2023 14:00;55,75
06.05.2023 14:00;06.05.2023 15:00;50,0
06.05.2023 15:00;06.05.2023 16:00;63,16
06.05.2023 16:00;06.05.2023 17:00;74,64
06.05.2023 17:00;06.05.2023 18:00;90,3
06.05.2023 18:00;06.05.2023 19:00;102,7
06.05.2023 19:00;06.05.2023 20:00;108,05
06.05.2023 20:00;06.05.2023 21:00;111,81
06.05.2023 21:00;06.05.2023 22:00;108,71
06.05.2023 22:00;06.05.2023 23:00;103,12
06.05.2023 23:00;07.05.2023 00:00;92,38
07.05.2023 00:00;07.05.2023 01:00;92,65
07.05.2023 01:00;07.05.2023 02:00;86,17
07.05.2023 02:00;07.05.2023 03:00;82,66
07.05.2023 03:00;07.05.2023 04:00;83,51
07.05.2023 04:00;07.05.2023 05:00;82,94
07.05.2023 05:00;07.05.2023 06:00;84,07
07.05.2023 06:00;07.05.2023 07:00;83,14
07.05.2023 07:00;07.05.2023 08:00;81,87
07.05.2023 08:00;07.05.2023 09:00;75,87
07.05.2023 09:00;07.05.2023 10:00;67,6
07.05.2023 10:00;07.05.2023 11:00;33,9
07.05.2023 11:00;07.05.2023 12:00;5,09
07.05.2023 12:00;07.05.2023 13:00;-0,04
07.05.2023 13:00;07.05.2023 14:00;-0,99
07.05.2023 14:00;07.05.2023 15:00;-0,03
07.05.2023 15:00;07.05.2023 16:00;15,44
07.05.2023 16:00;07.05.2023 17:00;56,62
07.05.2023 17:00;07.05.2023 18:00;75,97
07.05.2023 18:00;07.05.2023 19:00;94,94
07.05.2023 19:00;07.05.2023 20:00;99,36
07.05.2023 20:00;07.05.2023 21:00;106,45
07.05.2023 21:00;07.05.2023 22:00;105,02
07.05.2023 22:00;07.05.2023 23:00;99,3
07.05.2023 23:00;08.05.2023 00:00;96,07
08.05.2023 00:00;08.05.2023 01:00;85,92
08.05.2023 01:00;08.05.2023 02:00;83,93
08.05.2023 02:00;08.05.2023 03:00;83,78
08.05.2023 03:00;08.05.2023 04:00;83,13
08.05.2023 04:00;08.05.2023 05:00;84,09
08.05.2023 05:00;08.05.2023 06:00;90,91
08.05.2023 06:00;08.05.2023 07:00;104,12
08.05.2023 07:00;08.05.2023 08:00;119,45
08.05.2023 08:00;08.05.2023 09:00;110,97
08.05.2023 09:00;08.05.2023 10:00;100,01
08.05.2023 10:00;08.05.2023 11:00;91,83
08.05.2023 11:00;08.05.2023 12:00;81,64
08.05.2023 12:00;08.05.2023 13:00;80,41
08.05.2023 13:00;08.05.2023 14:00;74,32
08.05.2023 14:00;08.05.2023 15:00;74,09
08.05.2023 15:00;08.05.2023 16:00;78,0
08.05.2023 16:00;08.05.2023 17:00;84,01
08.05.2023 17:00;08.05.2023 18:00;97,05
08.05.2023 18:00;08.05.2023 19:00;110,04
08.05.2023 19:00;08.05.2023 20:00;132,9
08.05.2023 20:00;08.05.2023 21:00;128,41
08.05.2023 21:00;08.05.2023 22:00;121,99
08.05.2023 22:00;08.05.2023 23:00;112,56
08.05.2023 23:00;09.05.2023 00:00;99,38
09.05.2023 00:00;09.05.2023 01:00;95,96
09.05.2023 01:00;09.05.2023 02:00;87,52
09.05.2023 02:00;09.05.2023 03:00;84,6
09.05.2023 03:00;09.05.2023 04:00;84,17
09.05.2023 04:00;09.05.2023 05:00;85,25
09.05.2023 05:00;09.05.2023 06:00;92,45
09.05.2023 06:00;09.05.2023 07:00;111,58
09.05.2023 07:00;09.05.2023 08:00;121,0
09.05.2023 08:00;09.05.2023 09:00;117,88
09.05.2023 09:00;09.05.2023 10:00;104,96
09.05.2023 10:00;09.05.2023 11:00;88,84
09.05.2023 11:00;09.05.2023 12:00;70,95
09.05.2023 12:00;09.05.2023 13:00;65,76
09.05.2023 13:00;09.05.2023 14:00;61,91
09.05.2023 14:00;09.05.2023 15:00;68,29
09.05.2023 15:00;09.05.2023 16:00;80,8
09.05.2023 16:00;09.05.2023 17:00;84,44
09.05.2023 17:00;09.05.2023 18:00;100,06
09.05.2023 18:00;09.05.2023 19:00;116,34
09.05.2023 19:00;09.05.2023 20:00;121,93
09.05.2023 20:00;09.05.2023 21:00;121,05
09.05.2023 21:00;09.05.2023 22:00;110,97
09.05.2023 22:00;09.05.2023 23:00;104,67
09.05.2023 23:00;10.05.2023 00:00;89,93
10.05.2023 00:00;10.05.2023 01:00;94,79
10.05.2023 01:00;10.05.2023 02:00;90,05
10.05.2023 02:00;10.05.2023 03:00;88,38
10.05.2023 03:00;10.05.2023 04:00;86,19
10.05.2023 04:00;10.05.2023 05:00;88,39
10.05.2023 05:00;10.05.2023 06:00;90,18
10.05.2023 06:00;10.05.2023 07:00;107,57
10.05.2023 07:00;10.05.2023 08:00;120,6
10.05.2023 08:00;10.05.2023 09:00;133,0
10.05.2023 09:00;10.05.2023 10:00;110,22
10.05.2023 10:00;10.05.2023 11:00;105,89
10.05.2023 11:00;10.05.2023 12:00;100,94
10.05.2023 12:00;10.05.2023 13:00;96,83
10.05.2023 13:00;10.05.2023 14:00;92,91
10.05.2023 14:00;10.05.2023 15:00;91,72
10.05.2023 15:00;10.05.2023 16:00;96,3
10.05.2023 16:00;10.05.2023 17:00;107,92
10.05.2023 17:00;10.05.2023 18:00;117,48
10.05.2023 18:00;10.05.2023 19:00;120,39
10.05.2023 19:00;10.05.2023 20:00;140,38
10.05.2023 20:00;10.05.2023 21:00;147,49
10.05.2023 21:00;10.05.2023 22:00;134,4
10.05.2023 22:00;10.05.2023 23:00;117,59
10.05.2023 23:00;11.05.2023 00:00;109,84
11.05.2023 00:00;11.05.2023 01:00;100,0
11.05.2023 01:00;11.05.2023 02:00;96,94
11.05.2023 02:00;11.05.2023 03:00;96,0
11.05.2023 03:00;11.05.2023 04:00;97,28
11.05.2023 04:00;11.05.2023 05:00;97,9
11.05.2023 05:00;11.05.2023 06:00;104,23
11.05.2023 06:00;11.05.2023 07:00;121,11
11.05.2023 07:00;11.05.2023 08:00;148,33
11.05.2023 08:00;11.05.2023 09:00;167,78
11.05.2023 09:00;11.05.2023 10:00;135,47
11.05.2023 10:00;11.05.2023 11:00;126,71
11.05.2023 11:00;11.05.2023 12:00;115,79
11.05.2023 12:00;11.05.2023 13:00;104,53
11.05.2023 13:00;11.05.2023 14:00;100,01
11.05.2023 14:00;11.05.2023 15:00;99,37
11.05.2023 15:00;11.05.2023 16:00;109,51
11.05.2023 16:00;11.05.2023 17:00;113,54
11.05.2023 17:00;11.05.2023 18:00;115,27
11.05.2023 18:00;11.05.2023 19:00;123,63
11.05.2023 19:00;11.05.2023 20:00;147,0
11.05.2023 20:00;11.05.2023 21:00;132,8
11.05.2023 21:00;11.05.2023 22:00;118,4
11.05.2023 22:00;11.05.2023 23:00;113,99
11.05.2023 23:00;12.05.2023 00:00;101,66
12.05.2023 00:00;12.05.2023 01:00;98,53
12.05.2023 01:00;12.05.2023 02:00;90,55
12.05.2023 02:00;12.05.2023 03:00;89,84
12.05.2023 03:00;12.05.2023 04:00;90,0
12.05.2023 04:00;12.05.2023 05:00;90,84
12.05.2023 05:00;12.05.2023 06:00;98,99
12.05.2023 06:00;12.05.2023 07:00;116,99
12.05.2023 07:00;12.05.2023 08:00;130,0
12.05.2023 08:00;12.05.2023 09:00;137,98
12.05.2023 09:00;12.05.2023 10:00;113,3
12.05.2023 10:00;12.05.2023 11:00;101,6
12.05.2023 11:00;12.05.2023 12:00;97,48
12.05.2023 12:00;12.05.2023 13:00;83,42
12.05.2023 13:00;12.05.2023 14:00;76,67
12.05.2023 14:00;12.05.2023 15:00;72,95
12.05.2023 15:00;12.05.2023 16:00;75,89
12.05.2023 16:00;12.05.2023 17:00;80,94
12.05.2023 17:00;12.05.2023 18:00;94,01
12.05.2023 18:00;12.05.2023 19:00;107,98
12.05.2023 19:00;12.05.2023 20:00;122,22
12.05.2023 20:00;12.05.2023 21:00;124,98
12.05.2023 21:00;12.05.2023 22:00;117,99
12.05.2023 22:00;12.05.2023 23:00;101,18
12.05.2023 23:00;13.05.2023 00:00;97,82
13.05.2023 00:00;13.05.2023 01:00;104,91
13.05.2023 01:00;13.05.2023 02:00;99,98
13.05.2023 02:00;13.05.2023 03:00;95,85
13.05.2023 03:00;13.05.2023 04:00;98,55
13.05.2023 04:00;13.05.2023 05:00;99,49
13.05.2023 05:00;13.05.2023 06:00;100,18
13.05.2023 06:00;13.05.2023 07:00;96,96
13.05.2023 07:00;13.05.2023 08:00;94,72
13.05.2023 08:00;13.05.2023 09:00;94,47
13.05.2023 09:00;13.05.2023 10:00;89,08
13.05.2023 10:00;13.05.2023 11:00;73,1
13.05.2023 11:00;13.05.2023 12:00;30,12
13.05.2023 12:00;13.05.2023 13:00;15,53
13.05.2023 13:00;13.05.2023 14:00;5,55
13.05.2023 14:00;13.05.2023 15:00;5,06
13.05.2023 15:00;13.05.2023 16:00;6,17
13.05.2023 16:00;13.05.2023 17:00;27,72
13.05.2023 17:00;13.05.2023 18:00;77,26
13.05.2023 18:00;13.05.2023 19:00;105,98
13.05.2023 19:00;13.05.2023 20:00;111,12
13.05.2023 20:00;13.05.2023 21:00;119,32
13.05.2023 21:00;13.05.2023 22:00;114,43
13.05.2023 22:00;13.05.2023 23:00;109,96
13.05.2023 23:00;14.05.2023 00:00;104,97
14.05.2023 00:00;14.05.2023 01:00;102,37
14.05.2023 01:00;14.05.2023 02:00;98,18
14.05.2023 02:00;14.05.2023 03:00;94,3
14.05.2023 03:00;14.05.2023 04:00;85,95
14.05.2023 04:00;14.05.2023 05:00;87,29
14.05.2023 05:00;14.05.2023 06:00;95,08
14.05.2023 06:00;14.05.2023 07:00;81,33
14.05.2023 07:00;14.05.2023 08:00;73,87
14.05.2023 08:00;14.05.2023 09:00;75,69
14.05.2023 09:00;14.05.2023 10:00;54,9
14.05.2023 10:00;14.05.2023 11:00;25,09
14.05.2023 11:00;14.05.2023 12:00;13,89
14.05.2023 12:00;14.05.2023 13:00;9,73
14.05.2023 13:00;14.05.2023 14:00;1,85
14.05.2023 14:00;14.05.2023 15:00;0,16
14.05.2023 15:00;14.05.2023 16:00;1,78
14.05.2023 16:00;14.05.2023 17:00;32,29
14.05.2023 17:00;14.05.2023 18:00;90,5
14.05.2023 18:00;14.05.2023 19:00;105,63
14.05.2023 19:00;14.05.2023 20:00;116,0
14.05.2023 20:00;14.05.2023 21:00;127,13
14.05.2023 21:00;14.05.2023 22:00;127,99
14.05.2023 22:00;14.05.2023 23:00;119,14
14.05.2023 23:00;15.05.2023 00:00;107,92
15.05.2023 00:00;15.05.2023 01:00;119,04
15.05.2023 01:00;15.05.2023 02:00;107,61
15.05.2023 02:00;15.05.2023 03:00;103,54
15.05.2023 03:00;15.05.2023 04:00;108,87
15.05.2023 04:00;15.05.2023 05:00;108,03
15.05.2023 05:00;15.05.2023 06:00;126,15
15.05.2023 06:00;15.05.2023 07:00;151,03
15.05.2023 07:00;15.05.2023 08:00;168,79
15.05.2023 08:00;15.05.2023 09:00;149,12
15.05.2023 09:00;15.05.2023 10:00;124,81
15.05.2023 10:00;15.05.2023 11:00;105,58
15.05.2023 11:00;15.05.2023 12:00;99,62
15.05.2023 12:00;15.05.2023 13:00;94,75
15.05.2023 13:00;15.05.2023 14:00;90,77
15.05.2023 14:00;15.05.2023 15:00;89,42
15.05.2023 15:00;15.05.2023 16:00;90,54
15.05.2023 16:00;15.05.2023 17:00;91,39
15.05.2023 17:00;15.05.2023 18:00;100,05
15.05.2023 18:00;15.05.2023 19:00;117,84
15.05.2023 19:00;15.05.2023 20:00;124,98
15.05.2023 20:00;15.05.2023 21:00;131,79
15.05.2023 21:00;15.05.2023 22:00;124,07
15.05.2023 22:00;15.05.2023 23:00;110,59
15.05.2023 23:00;16.05.2023 00:00;93,79
16.05.2023 00:00;16.05.2023 01:00;78,96
16.05.2023 01:00;16.05.2023 02:00;73,1
16.05.2023 02:00;16.05.2023 03:00;70,01
16.05.2023 03:00;16.05.2023 04:00;63,56
16.05.2023 04:00;16.05.2023 05:00;65,9
16.05.2023 05:00;16.05.2023 06:00;74,39
16.05.2023 06:00;16.05.2023 07:00;99,77
16.05.2023 07:00;16.05.2023 08:00;114,99
16.05.2023 08:00;16.05.2023 09:00;119,54
16.05.2023 09:00;16.05.2023 10:00;102,83
16.05.2023 10:00;16.05.2023 11:00;82,77
16.05.2023 11:00;16.05.2023 12:00;76,0
16.05.2023 12:00;16.05.2023 13:00;66,84
16.05.2023 13:00;16.05.2023 14:00;52,09
16.05.2023 14:00;16.05.2023 15:00;21,25
16.05.2023 15:00;16.05.2023 16:00;12,59
16.05.2023 16:00;16.05.2023 17:00;43,23
16.05.2023 17:00;16.05.2023 18:00;74,0
16.05.2023 18:00;16.05.2023 19:00;87,44
16.05.2023 19:00;16.05.2023 20:00;105,0
16.05.2023 20:00;16.05.2023 21:00;110,09
16.05.2023 21:00;16.05.2023 22:00;106,52
16.05.2023 22:00;16.05.2023 23:00;104,99
16.05.2023 23:00;17.05.2023 00:00;97,23
17.05.2023 00:00;17.05.2023 01:00;77,65
17.05.2023 01:00;17.05.2023 02:00;70,39
17.05.2023 02:00;17.05.2023 03:00;70,65
17.05.2023 03:00;17.05.2023 04:00;70,0
17.05.2023 04:00;17.05.2023 05:00;72,52
17.05.2023 05:00;17.05.2023 06:00;79,83
17.05.2023 06:00;17.05.2023 07:00;105,16
17.05.2023 07:00;17.05.2023 08:00;113,18
17.05.2023 08:00;17.05.2023 09:00;109,99
17.05.2023 09:00;17.05.2023 10:00;94,7
17.05.2023 10:00;17.05.2023 11:00;76,08
17.05.2023 11:00;17.05.2023 12:00;58,41
17.05.2023 12:00;17.05.2023 13:00;27,57
17.05.2023 13:00;17.05.2023 14:00;15,62
17.05.2023 14:00;17.05.2023 15:00;8,57
17.05.2023 15:00;17.05.2023 16:00;10,07
17.05.2023 16:00;17.05.2023 17:00;47,19
17.05.2023 17:00;17.05.2023 18:00;79,09
17.05.2023 18:00;17.05.2023 19:00;102,15
17.05.2023 19:00;17.05.2023 20:00;119,59
17.05.2023 20:00;17.05.2023 21:00;133,5
17.05.2023 21:00;17.05.2023 22:00;130,16
17.05.2023 22:00;17.05.2023 23:00;111,0
17.05.2023 23:00;18.05.2023 00:00;102,94
18.05.2023 00:00;18.05.2023 01:00;100,59
18.05.2023 01:00;18.05.2023 02:00;96,35
18.05.2023 02:00;18.05.2023 03:00;89,24
18.05.2023 03:00;18.05.2023 04:00;90,01
18.05.2023 04:00;18.05.2023 05:00;96,93
18.05.2023 05:00;18.05.2023 06:00;100,47
18.05.2023 06:00;18.05.2023 07:00;100,42
18.05.2023 07:00;18.05.2023 08:00;94,83
18.05.2023 08:00;18.05.2023 09:00;90,29
18.05.2023 09:00;18.05.2023 10:00;80,34
18.05.2023 10:00;18.05.2023 11:00;72,06
18.05.2023 11:00;18.05.2023 12:00;65,03
18.05.2023 12:00;18.05.2023 13:00;62,87
18.05.2023 13:00;18.05.2023 14:00;43,52
18.05.2023 14:00;18.05.2023 15:00;29,41
18.05.2023 15:00;18.05.2023 16:00;43,08
18.05.2023 16:00;18.05.2023 17:00;71,56
18.05.2023 17:00;18.05.2023 18:00;84,59
18.05.2023 18:00;18.05.2023 19:00;103,08
18.05.2023 19:00;18.05.2023 20:00;115,53
18.05.2023 20:00;18.05.2023 21:00;125,87
18.05.2023 21:00;18.05.2023 22:00;117,18
18.05.2023 22:00;18.05.2023 23:00;109,61
18.05.2023 23:00;19.05.2023 00:00;98,76
19.05.2023 00:00;19.05.2023 01:00;93,02
19.05.2023 01:00;19.05.2023 02:00;83,2
19.05.2023 02:00;19.05.2023 03:00;80,23
19.05.2023 03:00;19.05.2023 04:00;77,03
19.05.2023 04:00;19.05.2023 05:00;84,16
19.05.2023 05:00;19.05.2023 06:00;99,33
19.05.2023 06:00;19.05.2023 07:00;111,0
19.05.2023 07:00;19.05.2023 08:00;109,97
19.05.2023 08:00;19.05.2023 09:00;106,0
19.05.2023 09:00;19.05.2023 10:00;93,89
19.05.2023 10:00;19.05.2023 11:00;70,37
19.05.2023 11:00;19.05.2023 12:00;60,56
19.05.2023 12:00;19.05.2023 13:00;60,91
19.05.2023 13:00;19.05.2023 14:00;57,79
19.05.2023 14:00;19.05.2023 15:00;57,93
19.05.2023 15:00;19.05.2023 16:00;63,62
19.05.2023 16:00;19.05.2023 17:00;72,15
19.05.2023 17:00;19.05.2023 18:00;87,19
19.05.2023 18:00;19.05.2023 19:00;103,67
19.05.2023 19:00;19.05.2023 20:00;116,29
19.05.2023 20:00;19.05.2023 21:00;115,93
19.05.2023 21:00;19.05.2023 22:00;105,02
19.05.2023 22:00;19.05.2023 23:00;99,79
19.05.2023 23:00;20.05.2023 00:00;85,78
20.05.2023 00:00;20.05.2023 01:00;78,74
20.05.2023 01:00;20.05.2023 02:00;74,0
20.05.2023 02:00;20.05.2023 03:00;68,08
20.05.2023 03:00;20.05.2023 04:00;65,83
20.05.2023 04:00;20.05.2023 05:00;65,05
20.05.2023 05:00;20.05.2023 06:00;65,7
20.05.2023 06:00;20.05.2023 07:00;62,08
20.05.2023 07:00;20.05.2023 08:00;62,46
20.05.2023 08:00;20.05.2023 09:00;59,76
20.05.2023 09:00;20.05.2023 10:00;40,04
20.05.2023 10:00;20.05.2023 11:00;4,44
20.05.2023 11:00;20.05.2023 12:00;0,28
20.05.2023 12:00;20.05.2023 13:00;-1,43
20.05.2023 13:00;20.05.2023 14:00;-1,27
20.05.2023 14:00;20.05.2023 15:00;-0,09
20.05.2023 15:00;20.05.2023 16:00;0,0
20.05.2023 16:00;20.05.2023 17:00;1,32
20.05.2023 17:00;20.05.2023 18:00;25,94
20.05.2023 18:00;20.05.2023 19:00;53,68
20.05.2023 19:00;20.05.2023 20:00;78,44
20.05.2023 20:00;20.05.2023 21:00;87,69
20.05.2023 21:00;20.05.2023 22:00;81,06
20.05.2023 22:00;20.05.2023 23:00;78,6
20.05.2023 23:00;21.05.2023 00:00;73,02
21.05.2023 00:00;21.05.2023 01:00;52,2
21.05.2023 01:00;21.05.2023 02:00;40,04
21.05.2023 02:00;21.05.2023 03:00;33,88
21.05.2023 03:00;21.05.2023 04:00;28,76
21.05.2023 04:00;21.05.2023 05:00;29,95
21.05.2023 05:00;21.05.2023 06:00;28,26
21.05.2023 06:00;21.05.2023 07:00;30,79
21.05.2023 07:00;21.05.2023 08:00;27,55
21.05.2023 08:00;21.05.2023 09:00;20,0
21.05.2023 09:00;21.05.2023 10:00;2,14
21.05.2023 10:00;21.05.2023 11:00;0,0
21.05.2023 11:00;21.05.2023 12:00;-0,48
21.05.2023 12:00;21.05.2023 13:00;-7,92
21.05.2023 13:00;21.05.2023 14:00;-25,03
21.05.2023 14:00;21.05.2023 15:00;-41,37
21.05.2023 15:00;21.05.2023 16:00;-19,58
21.05.2023 16:00;21.05.2023 17:00;-0,41
21.05.2023 17:00;21.05.2023 18:00;2,22
21.05.2023 18:00;21.05.2023 19:00;41,34
21.05.2023 19:00;21.05.2023 20:00;85,49
21.05.2023 20:00;21.05.2023 21:00;90,87
21.05.2023 21:00;21.05.2023 22:00;91,0
21.05.2023 22:00;21.05.2023 23:00;89,94
21.05.2023 23:00;22.05.2023 00:00;83,5
22.05.2023 00:00;22.05.2023 01:00;88,29
22.05.2023 01:00;22.05.2023 02:00;80,06
22.05.2023 02:00;22.05.2023 03:00;78,31
22.05.2023 03:00;22.05.2023 04:00;77,8
22.05.2023 04:00;22.05.2023 05:00;81,0
22.05.2023 05:00;22.05.2023 06:00;99,03
22.05.2023 06:00;22.05.2023 07:00;115,78
22.05.2023 07:00;22.05.2023 08:00;120,0
22.05.2023 08:00;22.05.2023 09:00;113,42
22.05.2023 09:00;22.05.2023 10:00;104,31
22.05.2023 10:00;22.05.2023 11:00;89,97
22.05.2023 11:00;22.05.2023 12:00;78,39
22.05.2023 12:00;22.05.2023 13:00;68,38
22.05.2023 13:00;22.05.2023 14:00;65,06
22.05.2023 14:00;22.05.2023 15:00;68,01
22.05.2023 15:00;22.05.2023 16:00;72,21
22.05.2023 16:00;22.05.2023 17:00;84,26
22.05.2023 17:00;22.05.2023 18:00;101,47
22.05.2023 18:00;22.05.2023 19:00;110,55
22.05.2023 19:00;22.05.2023 20:00;144,26
22.05.2023 20:00;22.05.2023 21:00;158,57
22.05.2023 21:00;22.05.2023 22:00;125,04
22.05.2023 22:00;22.05.2023 23:00;110,33
22.05.2023 23:00;23.05.2023 00:00;101,45
23.05.2023 00:00;23.05.2023 01:00;91,39
23.05.2023 01:00;23.05.2023 02:00;78,61
23.05.2023 02:00;23.05.2023 03:00;77,09
23.05.2023 03:00;23.05.2023 04:00;69,58
23.05.2023 04:00;23.05.2023 05:00;70,0
23.05.2023 05:00;23.05.2023 06:00;78,64
23.05.2023 06:00;23.05.2023 07:00;101,09
23.05.2023 07:00;23.05.2023 08:00;105,39
23.05.2023 08:00;23.05.2023 09:00;101,0
23.05.2023 09:00;23.05.2023 10:00;91,87
23.05.2023 10:00;23.05.2023 11:00;84,6
23.05.2023 11:00;23.05.2023 12:00;74,53
23.05.2023 12:00;23.05.2023 13:00;43,88
23.05.2023 13:00;23.05.2023 14:00;24,04
23.05.2023 14:00;23.05.2023 15:00;5,55
23.05.2023 15:00;23.05.2023 16:00;3,54
23.05.2023 16:00;23.05.2023 17:00;12,81
23.05.2023 17:00;23.05.2023 18:00;61,72
23.05.2023 18:00;23.05.2023 19:00;78,09
23.05.2023 19:00;23.05.2023 20:00;95,27
23.05.2023 20:00;23.05.2023 21:00;100,95
23.05.2023 21:00;23.05.2023 22:00;103,34
23.05.2023 22:00;23.05.2023 23:00;100,09
23.05.2023 23:00;24.05.2023 00:00;93,78
24.05.2023 00:00;24.05.2023 01:00;83,0
24.05.2023 01:00;24.05.2023 02:00;76,09
24.05.2023 02:00;24.05.2023 03:00;75,13
24.05.2023 03:00;24.05.2023 04:00;76,31
24.05.2023 04:00;24.05.2023 05:00;76,58
24.05.2023 05:00;24.05.2023 06:00;86,4
24.05.2023 06:00;24.05.2023 07:00;108,45
24.05.2023 07:00;24.05.2023 08:00;124,15
24.05.2023 08:00;24.05.2023 09:00;109,66
24.05.2023 09:00;24.05.2023 10:00;99,01
24.05.2023 10:00;24.05.2023 11:00;85,92
24.05.2023 11:00;24.05.2023 12:00;81,0
24.05.2023 12:00;24.05.2023 13:00;80,58
24.05.2023 13:00;24.05.2023 14:00;83,0
24.05.2023 14:00;24.05.2023 15:00;75,21
24.05.2023 15:00;24.05.2023 16:00;88,06
24.05.2023 16:00;24.05.2023 17:00;95,6
24.05.2023 17:00;24.05.2023 18:00;107,78
24.05.2023 18:00;24.05.2023 19:00;116,24
24.05.2023 19:00;24.05.2023 20:00;170,56
24.05.2023 20:00;24.05.2023 21:00;182,68
24.05.2023 21:00;24.05.2023 22:00;153,51
24.05.2023 22:00;24.05.2023 23:00;116,24
24.05.2023 23:00;25.05.2023 00:00;103,4
25.05.2023 00:00;25.05.2023 01:00;102,22
25.05.2023 01:00;25.05.2023 02:00;93,84
25.05.2023 02:00;25.05.2023 03:00;90,95
25.05.2023 03:00;25.05.2023 04:00;88,88
25.05.2023 04:00;25.05.2023 05:00;90,71
25.05.2023 05:00;25.05.2023 06:00;99,64
25.05.2023 06:00;25.05.2023 07:00;122,58
25.05.2023 07:00;25.05.2023 08:00;124,48
25.05.2023 08:00;25.05.2023 09:00;104,0
25.05.2023 09:00;25.05.2023 10:00;83,35
25.05.2023 10:00;25.05.2023 11:00;70,85
25.05.2023 11:00;25.05.2023 12:00;55,56
25.05.2023 12:00;25.05.2023 13:00;41,28
25.05.2023 13:00;25.05.2023 14:00;16,7
25.05.2023 14:00;25.05.2023 15:00;20,26
25.05.2023 15:00;25.05.2023 16:00;10,27
25.05.2023 16:00;25.05.2023 17:00;40,99
25.05.2023 17:00;25.05.2023 18:00;73,33
25.05.2023 18:00;25.05.2023 19:00;94,16
25.05.2023 19:00;25.05.2023 20:00;110,64
25.05.2023 20:00;25.05.2023 21:00;124,8
25.05.2023 21:00;25.05.2023 22:00;108,69
25.05.2023 22:00;25.05.2023 23:00;100,48
25.05.2023 23:00;26.05.2023 00:00;90,94
26.05.2023 00:00;26.05.2023 01:00;88,11
26.05.2023 01:00;26.05.2023 02:00;76,4
26.05.2023 02:00;26.05.2023 03:00;74,57
26.05.2023 03:00;26.05.2023 04:00;74,63
26.05.2023 04:00;26.05.2023 05:00;78,99
26.05.2023 05:00;26.05.2023 06:00;89,59
26.05.2023 06:00;26.05.2023 07:00;104,94
26.05.2023 07:00;26.05.2023 08:00;105,6
26.05.2023 08:00;26.05.2023 09:00;100,65
26.05.2023 09:00;26.05.2023 10:00;81,44
26.05.2023 10:00;26.05.2023 11:00;56,25
26.05.2023 11:00;26.05.2023 12:00;33,16
26.05.2023 12:00;26.05.2023 13:00;21,02
26.05.2023 13:00;26.05.2023 14:00;0,97
26.05.2023 14:00;26.05.2023 15:00;0,0
26.05.2023 15:00;26.05.2023 16:00;0,07
26.05.2023 16:00;26.05.2023 17:00;22,92
26.05.2023 17:00;26.05.2023 18:00;53,59
26.05.2023 18:00;26.05.2023 19:00;88,28
26.05.2023 19:00;26.05.2023 20:00;110,82
26.05.2023 20:00;26.05.2023 21:00;115,62
26.05.2023 21:00;26.05.2023 22:00;110,0
26.05.2023 22:00;26.05.2023 23:00;99,5
26.05.2023 23:00;27.05.2023 00:00;92,5
27.05.2023 00:00;27.05.2023 01:00;89,69
27.05.2023 01:00;27.05.2023 02:00;83,53
27.05.2023 02:00;27.05.2023 03:00;84,73
27.05.2023 03:00;27.05.2023 04:00;86,33
27.05.2023 04:00;27.05.2023 05:00;91,25
27.05.2023 05:00;27.05.2023 06:00;90,0
27.05.2023 06:00;27.05.2023 07:00;82,7
27.05.2023 07:00;27.05.2023 08:00;82,99
27.05.2023 08:00;27.05.2023 09:00;72,61
27.05.2023 09:00;27.05.2023 10:00;55,06
27.05.2023 10:00;27.05.2023 11:00;16,37
27.05.2023 11:00;27.05.2023 12:00;1,45
27.05.2023 12:00;27.05.2023 13:00;0,0
27.05.2023 13:00;27.05.2023 14:00;-6,03
27.05.2023 14:00;27.05.2023 15:00;-2,39
27.05.2023 15:00;27.05.2023 16:00;0,51
27.05.2023 16:00;27.05.2023 17:00;2,26
27.05.2023 17:00;27.05.2023 18:00;55,08
27.05.2023 18:00;27.05.2023 19:00;84,85
27.05.2023 19:00;27.05.2023 20:00;100,38
27.05.2023 20:00;27.05.2023 21:00;124,93
27.05.2023 21:00;27.05.2023 22:00;113,08
27.05.2023 22:00;27.05.2023 23:00;100,03
27.05.2023 23:00;28.05.2023 00:00;94,71
28.05.2023 00:00;28.05.2023 01:00;87,09
28.05.2023 01:00;28.05.2023 02:00;84,0
28.05.2023 02:00;28.05.2023 03:00;81,92
28.05.2023 03:00;28.05.2023 04:00;77,87
28.05.2023 04:00;28.05.2023 05:00;77,86
28.05.2023 05:00;28.05.2023 06:00;76,47
28.05.2023 06:00;28.05.2023 07:00;72,02
28.05.2023 07:00;28.05.2023 08:00;64,84
28.05.2023 08:00;28.05.2023 09:00;37,7
28.05.2023 09:00;28.05.2023 10:00;0,0
28.05.2023 10:00;28.05.2023 11:00;-3,08
28.05.2023 11:00;28.05.2023 12:00;-18,05
28.05.2023 12:00;28.05.2023 13:00;-48,72
28.05.2023 13:00;28.05.2023 14:00;-129,91
28.05.2023 14:00;28.05.2023 15:00;-129,96
28.05.2023 15:00;28.05.2023 16:00;-98,08
28.05.2023 16:00;28.05.2023 17:00;-18,68
28.05.2023 17:00;28.05.2023 18:00;-0,06
28.05.2023 18:00;28.05.2023 19:00;50,0
28.05.2023 19:00;28.05.2023 20:00;72,9
28.05.2023 20:00;28.05.2023 21:00;80,01
28.05.2023 21:00;28.05.2023 22:00;77,84
28.05.2023 22:00;28.05.2023 23:00;73,8
28.05.2023 23:00;29.05.2023 00:00;69,5
29.05.2023 00:00;29.05.2023 01:00;59,23
29.05.2023 01:00;29.05.2023 02:00;53,9
29.05.2023 02:00;29.05.2023 03:00;51,82
29.05.2023 03:00;29.05.2023 04:00;48,51
29.05.2023 04:00;29.05.2023 05:00;54,52
29.05.2023 05:00;29.05.2023 06:00;63,36
29.05.2023 06:00;29.05.2023 07:00;67,65
29.05.2023 07:00;29.05.2023 08:00;58,71
29.05.2023 08:00;29.05.2023 09:00;29,92
29.05.2023 09:00;29.05.2023 10:00;0,0
29.05.2023 10:00;29.05.2023 11:00;-2,11
29.05.2023 11:00;29.05.2023 12:00;-21,08
29.05.2023 12:00;29.05.2023 13:00;-55,02
29.05.2023 13:00;29.05.2023 14:00;-95,11
29.05.2023 14:00;29.05.2023 15:00;-109,45
29.05.2023 15:00;29.05.2023 16:00;-80,69
29.05.2023 16:00;29.05.2023 17:00;-19,97
29.05.2023 17:00;29.05.2023 18:00;-4,98
29.05.2023 18:00;29.05.2023 19:00;19,2
29.05.2023 19:00;29.05.2023 20:00;72,08
29.05.2023 20:00;29.05.2023 21:00;83,75
29.05.2023 21:00;29.05.2023 22:00;85,88
29.05.2023 22:00;29.05.2023 23:00;80,48
29.05.2023 23:00;30.05.2023 00:00;74,26
30.05.2023 00:00;30.05.2023 01:00;75,02
30.05.2023 01:00;30.05.2023 02:00;71,05
30.05.2023 02:00;30.05.2023 03:00;68,9
30.05.2023 03:00;30.05.2023 04:00;70,03
30.05.2023 04:00;30.05.2023 05:00;76,68
30.05.2023 05:00;30.05.2023 06:00;85,07
30.05.2023 06:00;30.05.2023 07:00;97,91
30.05.2023 07:00;30.05.2023 08:00;117,96
30.05.2023 08:00;30.05.2023 09:00;108,64
30.05.2023 09:00;30.05.2023 10:00;90,06
30.05.2023 10:00;30.05.2023 11:00;82,37
30.05.2023 11:00;30.05.2023 12:00;70,27
30.05.2023 12:00;30.05.2023 13:00;64,49
30.05.2023 13:00;30.05.2023 14:00;57,36
30.05.2023 14:00;30.05.2023 15:00;56,48
30.05.2023 15:00;30.05.2023 16:00;62,66
30.05.2023 16:00;30.05.2023 17:00;72,07
30.05.2023 17:00;30.05.2023 18:00;88,55
30.05.2023 18:00;30.05.2023 19:00;97,97
30.05.2023 19:00;30.05.2023 20:00;124,9
30.05.2023 20:00;30.05.2023 21:00;154,56
30.05.2023 21:00;30.05.2023 22:00;125,77
30.05.2023 22:00;30.05.2023 23:00;97,31
30.05.2023 23:00;31.05.2023 00:00;89,65
31.05.2023 00:00;31.05.2023 01:00;85,92
31.05.2023 01:00;31.05.2023 02:00;82,17
31.05.2023 02:00;31.05.2023 03:00;74,2
31.05.2023 03:00;31.05.2023 04:00;80,02
31.05.2023 04:00;31.05.2023 05:00;85,26
31.05.2023 05:00;31.05.2023 06:00;91,98
31.05.2023 06:00;31.05.2023 07:00;119,01
31.05.2023 07:00;31.05.2023 08:00;118,42
31.05.2023 08:00;31.05.2023 09:00;105,83
31.05.2023 09:00;31.05.2023 10:00;86,41
31.05.2023 10:00;31.05.2023 11:00;66,92
31.05.2023 11:00;31.05.2023 12:00;46,42
31.05.2023 12:00;31.05.2023 13:00;9,06
31.05.2023 13:00;31.05.2023 14:00;-0,02
31.05.2023 14:00;31.05.2023 15:00;-0,81
31.05.2023 15:00;31.05.2023 16:00;-0,17
31.05.2023 16:00;31.05.2023 17:00;20,16
31.05.2023 17:00;31.05.2023 18:00;69,45
31.05.2023 18:00;31.05.2023 19:00;86,43
31.05.2023 19:00;31.05.2023 20:00;108,26
31.05.2023 20:00;31.05.2023 21:00;119,6
31.05.2023 21:00;31.05.2023 22:00;103,69
31.05.2023 22:00;31.05.2023 23:00;94,28
31.05.2023 23:00;01.06.2023 00:00;83,13
01.06.2023 00:00;01.06.2023 01:00;84,15
01.06.2023 01:00;01.06.2023 02:00;74,3
01.06.2023 02:00;01.06.2023 03:00;70,1
01.06.2023 03:00;01.06.2023 04:00;66,72
01.06.2023 04:00;01.06.2023 05:00;67,7
01.06.2023 05:00;01.06.2023 06:00;80,45
01.06.2023 06:00;01.06.2023 07:00;97,04
01.06.2023 07:00;01.06.2023 08:00;108,23
01.06.2023 08:00;01.06.2023 09:00;99,07
01.06.2023 09:00;01.06.2023 10:00;87,3
01.06.2023 10:00;01.06.2023 11:00;68,19
01.06.2023 11:00;01.06.2023 12:00;59,92
01.06.2023 12:00;01.06.2023 13:00;38,86
01.06.2023 13:00;01.06.2023 14:00;9,35
01.06.2023 14:00;01.06.2023 15:00;3,01
01.06.2023 15:00;01.06.2023 16:00;13,35
01.06.2023 16:00;01.06.2023 17:00;56,14
01.06.2023 17:00;01.06.2023 18:00;72,0
01.06.2023 18:00;01.06.2023 19:00;87,86
01.06.2023 19:00;01.06.2023 20:00;100,46
01.06.2023 20:00;01.06.2023 21:00;120,04
01.06.2023 21:00;01.06.2023 22:00;103,43
01.06.2023 22:00;01.06.2023 23:00;95,41
01.06.2023 23:00;02.06.2023 00:00;86,53
02.06.2023 00:00;02.06.2023 01:00;83,59
02.06.2023 01:00;02.06.2023 02:00;79,4
02.06.2023 02:00;02.06.2023 03:00;79,85
02.06.2023 03:00;02.06.2023 04:00;77,42
02.06.2023 04:00;02.06.2023 05:00;81,12
02.06.2023 05:00;02.06.2023 06:00;90,88
02.06.2023 06:00;02.06.2023 07:00;118,97
02.06.2023 07:00;02.06.2023 08:00;125,58
02.06.2023 08:00;02.06.2023 09:00;96,19
02.06.2023 09:00;02.06.2023 10:00;84,37
02.06.2023 10:00;02.06.2023 11:00;72,09
02.06.2023 11:00;02.06.2023 12:00;63,15
02.06.2023 12:00;02.06.2023 13:00;56,06
02.06.2023 13:00;02.06.2023 14:00;42,61
02.06.2023 14:00;02.06.2023 15:00;36,82
02.06.2023 15:00;02.06.2023 16:00;44,9
02.06.2023 16:00;02.06.2023 17:00;58,27
02.06.2023 17:00;02.06.2023 18:00;76,62
02.06.2023 18:00;02.06.2023 19:00;85,96
02.06.2023 19:00;02.06.2023 20:00;101,12
02.06.2023 20:00;02.06.2023 21:00;110,5
02.06.2023 21:00;02.06.2023 22:00;101,31
02.06.2023 22:00;02.06.2023 23:00;92,56
02.06.2023 23:00;03.06.2023 00:00;85,06
03.06.2023 00:00;03.06.2023 01:00;84,95
03.06.2023 01:00;03.06.2023 02:00;80,3
03.06.2023 02:00;03.06.2023 03:00;77,79
03.06.2023 03:00;03.06.2023 04:00;75,2
03.06.2023 04:00;03.06.2023 05:00;80,71
03.06.2023 05:00;03.06.2023 06:00;78,64
03.06.2023 06:00;03.06.2023 07:00;77,76
03.06.2023 07:00;03.06.2023 08:00;73,63
03.06.2023 08:00;03.06.2023 09:00;70,0
03.06.2023 09:00;03.06.2023 10:00;59,97
03.06.2023 10:00;03.06.2023 11:00;27,36
03.06.2023 11:00;03.06.2023 12:00;5,0
03.06.2023 12:00;03.06.2023 13:00;-0,01
03.06.2023 13:00;03.06.2023 14:00;-4,91
03.06.2023 14:00;03.06.2023 15:00;-3,39
03.06.2023 15:00;03.06.2023 16:00;-0,05
03.06.2023 16:00;03.06.2023 17:00;5,38
03.06.2023 17:00;03.06.2023 18:00;45,66
03.06.2023 18:00;03.06.2023 19:00;75,0
03.06.2023 19:00;03.06.2023 20:00;84,96
03.06.2023 20:00;03.06.2023 21:00;94,9
03.06.2023 21:00;03.06.2023 22:00;94,9
03.06.2023 22:00;03.06.2023 23:00;87,89
03.06.2023 23:00;04.06.2023 00:00;81,17
04.06.2023 00:00;04.06.2023 01:00;81,12
04.06.2023 01:00;04.06.2023 02:00;74,9
04.06.2023 02:00;04.06.2023 03:00;72,51
04.06.2023 03:00;04.06.2023 04:00;71,65
04.06.2023 04:00;04.06.2023 05:00;73,14
04.06.2023 05:00;04.06.2023 06:00;72,23
04.06.2023 06:00;04.06.2023 07:00;69,07
04.06.2023 07:00;04.06.2023 08:00;64,77
04.06.2023 08:00;04.06.2023 09:00;50,81
04.06.2023 09:00;04.06.2023 10:00;21,93
04.06.2023 10:00;04.06.2023 11:00;5,11
04.06.2023 11:00;04.06.2023 12:00;0,0
04.06.2023 12:00;04.06.2023 13:00;-4,98
04.06.2023 13:00;04.06.2023 14:00;-29,45
04.06.2023 14:00;04.06.2023 15:00;-36,35
04.06.2023 15:00;04.06.2023 16:00;-4,33
04.06.2023 16:00;04.06.2023 17:00;0,0
04.06.2023 17:00;04.06.2023 18:00;34,5
04.06.2023 18:00;04.06.2023 19:00;78,21
04.06.2023 19:00;04.06.2023 20:00;98,94
04.06.2023 20:00;04.06.2023 21:00;109,79
04.06.2023 21:00;04.06.2023 22:00;102,6
04.06.2023 22:00;04.06.2023 23:00;99,0
04.06.2023 23:00;05.06.2023 00:00;86,98
05.06.2023 00:00;05.06.2023 01:00;78,71
05.06.2023 01:00;05.06.2023 02:00;71,1
05.06.2023 02:00;05.06.2023 03:00;70,07
05.06.2023 03:00;05.06.2023 04:00;71,14
05.06.2023 04:00;05.06.2023 05:00;74,26
05.06.2023 05:00;05.06.2023 06:00;88,36
05.06.2023 06:00;05.06.2023 07:00;122,09
05.06.2023 07:00;05.06.2023 08:00;113,79
05.06.2023 08:00;05.06.2023 09:00;99,95
05.06.2023 09:00;05.06.2023 10:00;86,41
05.06.2023 10:00;05.06.2023 11:00;75,0
05.06.2023 11:00;05.06.2023 12:00;70,08
05.06.2023 12:00;05.06.2023 13:00;69,37
05.06.2023 13:00;05.06.2023 14:00;69,33
05.06.2023 14:00;05.06.2023 15:00;68,07
05.06.2023 15:00;05.06.2023 16:00;69,85
05.06.2023 16:00;05.06.2023 17:00;78,89
05.06.2023 17:00;05.06.2023 18:00;89,8
05.06.2023 18:00;05.06.2023 19:00;100,76
05.06.2023 19:00;05.06.2023 20:00;135,35
05.06.2023 20:00;05.06.2023 21:00;157,37
05.06.2023 21:00;05.06.2023 22:00;128,4
05.06.2023 22:00;05.06.2023 23:00;101,04
05.06.2023 23:00;06.06.2023 00:00;88,98
06.06.2023 00:00;06.06.2023 01:00;80,23
06.06.2023 01:00;06.06.2023 02:00;79,37
06.06.2023 02:00;06.06.2023 03:00;79,27
06.06.2023 03:00;06.06.2023 04:00;82,23
06.06.2023 04:00;06.06.2023 05:00;86,2
06.06.2023 05:00;06.06.2023 06:00;90,55
06.06.2023 06:00;06.06.2023 07:00;146,4
06.06.2023 07:00;06.06.2023 08:00;153,28
06.06.2023 08:00;06.06.2023 09:00;122,54
06.06.2023 09:00;06.06.2023 10:00;94,9
06.06.2023 10:00;06.06.2023 11:00;86,73
06.06.2023 11:00;06.06.2023 12:00;82,06
06.06.2023 12:00;06.06.2023 13:00;77,69
06.06.2023 13:00;06.06.2023 14:00;74,59
06.06.2023 14:00;06.06.2023 15:00;70,61
06.06.2023 15:00;06.06.2023 16:00;75,64
06.06.2023 16:00;06.06.2023 17:00;81,17
06.06.2023 17:00;06.06.2023 18:00;87,91
06.06.2023 18:00;06.06.2023 19:00;98,84
06.06.2023 19:00;06.06.2023 20:00;134,17
06.06.2023 20:00;06.06.2023 21:00;152,4
06.06.2023 21:00;06.06.2023 22:00;126,53
06.06.2023 22:00;06.06.2023 23:00;102,04
06.06.2023 23:00;07.06.2023 00:00;89,99
07.06.2023 00:00;07.06.2023 01:00;93,56
07.06.2023 01:00;07.06.2023 02:00;89,83
07.06.2023 02:00;07.06.2023 03:00;90,26
07.06.2023 03:00;07.06.2023 04:00;90,2
07.06.2023 04:00;07.06.2023 05:00;90,68
07.06.2023 05:00;07.06.2023 06:00;97,9
07.06.2023 06:00;07.06.2023 07:00;127,66
07.06.2023 07:00;07.06.2023 08:00;146,49
07.06.2023 08:00;07.06.2023 09:00;114,66
07.06.2023 09:00;07.06.2023 10:00;98,53
07.06.2023 10:00;07.06.2023 11:00;93,13
07.06.2023 11:00;07.06.2023 12:00;86,6
07.06.2023 12:00;07.06.2023 13:00;79,95
07.06.2023 13:00;07.06.2023 14:00;77,9
07.06.2023 14:00;07.06.2023 15:00;76,45
07.06.2023 15:00;07.06.2023 16:00;79,05
07.06.2023 16:00;07.06.2023 17:00;79,71
07.06.2023 17:00;07.06.2023 18:00;94,22
07.06.2023 18:00;07.06.2023 19:00;101,07
07.06.2023 19:00;07.06.2023 20:00;138,52
07.06.2023 20:00;07.06.2023 21:00;147,7
07.06.2023 21:00;07.06.2023 22:00;127,55
07.06.2023 22:00;07.06.2023 23:00;105,82
07.06.2023 23:00;08.06.2023 00:00;94,9
08.06.2023 00:00;08.06.2023 01:00;93,93
08.06.2023 01:00;08.06.2023 02:00;89,26
08.06.2023 02:00;08.06.2023 03:00;83,04
08.06.2023 03:00;08.06.2023 04:00;79,9
08.06.2023 04:00;08.06.2023 05:00;82,04
08.06.2023 05:00;08.06.2023 06:00;88,44
08.06.2023 06:00;08.06.2023 07:00;94,01
08.06.2023 07:00;08.06.2023 08:00;93,26
08.06.2023 08:00;08.06.2023 09:00;91,4
08.06.2023 09:00;08.06.2023 10:00;83,78
08.06.2023 10:00;08.06.2023 11:00;74,64
08.06.2023 11:00;08.06.2023 12:00;68,5
08.06.2023 12:00;08.06.2023 13:00;64,22
08.06.2023 13:00;08.06.2023 14:00;63,84
08.06.2023 14:00;08.06.2023 15:00;64,06
08.06.2023 15:00;08.06.2023 16:00;67,93
08.06.2023 16:00;08.06.2023 17:00;71,17
08.06.2023 17:00;08.06.2023 18:00;76,1
08.06.2023 18:00;08.06.2023 19:00;90,46
08.06.2023 19:00;08.06.2023 20:00;102,03
08.06.2023 20:00;08.06.2023 21:00;113,84
08.06.2023 21:00;08.06.2023 22:00;105,0
08.06.2023 22:00;08.06.2023 23:00;96,58
08.06.2023 23:00;09.06.2023 00:00;91,0
09.06.2023 00:00;09.06.2023 01:00;95,0
09.06.2023 01:00;09.06.2023 02:00;89,7
09.06.2023 02:00;09.06.2023 03:00;79,73
09.06.2023 03:00;09.06.2023 04:00;76,0
09.06.2023 04:00;09.06.2023 05:00;76,27
09.06.2023 05:00;09.06.2023 06:00;89,06
09.06.2023 06:00;09.06.2023 07:00;103,74
09.06.2023 07:00;09.06.2023 08:00;103,97
09.06.2023 08:00;09.06.2023 09:00;103,94
09.06.2023 09:00;09.06.2023 10:00;91,39
09.06.2023 10:00;09.06.2023 11:00;82,26
09.06.2023 11:00;09.06.2023 12:00;75,43
09.06.2023 12:00;09.06.2023 13:00;70,03
09.06.2023 13:00;09.06.2023 14:00;65,0
09.06.2023 14:00;09.06.2023 15:00;64,06
09.06.2023 15:00;09.06.2023 16:00;68,39
09.06.2023 16:00;09.06.2023 17:00;72,64
09.06.2023 17:00;09.06.2023 18:00;80,63
09.06.2023 18:00;09.06.2023 19:00;95,0
09.06.2023 19:00;09.06.2023 20:00;104,12
09.06.2023 20:00;09.06.2023 21:00;106,45
09.06.2023 21:00;09.06.2023 22:00;104,12
09.06.2023 22:00;09.06.2023 23:00;97,48
09.06.2023 23:00;10.06.2023 00:00;86,0
10.06.2023 00:00;10.06.2023 01:00;89,03
10.06.2023 01:00;10.06.2023 02:00;84,1
10.06.2023 02:00;10.06.2023 03:00;84,13
10.06.2023 03:00;10.06.2023 04:00;80,32
10.06.2023 04:00;10.06.2023 05:00;77,44
10.06.2023 05:00;10.06.2023 06:00;79,87
10.06.2023 06:00;10.06.2023 07:00;79,43
10.06.2023 07:00;10.06.2023 08:00;85,0
10.06.2023 08:00;10.06.2023 09:00;81,8
10.06.2023 09:00;10.06.2023 10:00;63,99
10.06.2023 10:00;10.06.2023 11:00;26,91
10.06.2023 11:00;10.06.2023 12:00;12,51
10.06.2023 12:00;10.06.2023 13:00;0,08
10.06.2023 13:00;10.06.2023 14:00;-19,96
10.06.2023 14:00;10.06.2023 15:00;-20,03
10.06.2023 15:00;10.06.2023 16:00;-4,97
10.06.2023 16:00;10.06.2023 17:00;2,54
10.06.2023 17:00;10.06.2023 18:00;44,5
10.06.2023 18:00;10.06.2023 19:00;74,97
10.06.2023 19:00;10.06.2023 20:00;86,16
10.06.2023 20:00;10.06.2023 21:00;86,07
10.06.2023 21:00;10.06.2023 22:00;78,63
10.06.2023 22:00;10.06.2023 23:00;80,99
10.06.2023 23:00;11.06.2023 00:00;69,55
11.06.2023 00:00;11.06.2023 01:00;64,77
11.06.2023 01:00;11.06.2023 02:00;58,07
11.06.2023 02:00;11.06.2023 03:00;52,88
11.06.2023 03:00;11.06.2023 04:00;49,93
11.06.2023 04:00;11.06.2023 05:00;51,92
11.06.2023 05:00;11.06.2023 06:00;49,13
11.06.2023 06:00;11.06.2023 07:00;49,97
11.06.2023 07:00;11.06.2023 08:00;46,72
11.06.2023 08:00;11.06.2023 09:00;28,44
11.06.2023 09:00;11.06.2023 10:00;15,9
11.06.2023 10:00;11.06.2023 11:00;0,01
11.06.2023 11:00;11.06.2023 12:00;-1,68
11.06.2023 12:00;11.06.2023 13:00;-19,62
11.06.2023 13:00;11.06.2023 14:00;-34,99
11.06.2023 14:00;11.06.2023 15:00;-34,95
11.06.2023 15:00;11.06.2023 16:00;-10,93
11.06.2023 16:00;11.06.2023 17:00;-0,09
11.06.2023 17:00;11.06.2023 18:00;27,92
11.06.2023 18:00;11.06.2023 19:00;83,82
11.06.2023 19:00;11.06.2023 20:00;99,91
11.06.2023 20:00;11.06.2023 21:00;106,95
11.06.2023 21:00;11.06.2023 22:00;106,6
11.06.2023 22:00;11.06.2023 23:00;98,35
11.06.2023 23:00;12.06.2023 00:00;88,89
12.06.2023 00:00;12.06.2023 01:00;94,33
12.06.2023 01:00;12.06.2023 02:00;85,08
12.06.2023 02:00;12.06.2023 03:00;85,02
12.06.2023 03:00;12.06.2023 04:00;81,63
12.06.2023 04:00;12.06.2023 05:00;83,95
12.06.2023 05:00;12.06.2023 06:00;95,08
12.06.2023 06:00;12.06.2023 07:00;107,43
12.06.2023 07:00;12.06.2023 08:00;126,84
12.06.2023 08:00;12.06.2023 09:00;124,39
12.06.2023 09:00;12.06.2023 10:00;106,01
12.06.2023 10:00;12.06.2023 11:00;89,97
12.06.2023 11:00;12.06.2023 12:00;75,96
12.06.2023 12:00;12.06.2023 13:00;66,63
12.06.2023 13:00;12.06.2023 14:00;61,01
12.06.2023 14:00;12.06.2023 15:00;64,22
12.06.2023 15:00;12.06.2023 16:00;75,96
12.06.2023 16:00;12.06.2023 17:00;84,82
12.06.2023 17:00;12.06.2023 18:00;97,6
12.06.2023 18:00;12.06.2023 19:00;109,68
12.06.2023 19:00;12.06.2023 20:00;133,04
12.06.2023 20:00;12.06.2023 21:00;142,89
12.06.2023 21:00;12.06.2023 22:00;116,93
12.06.2023 22:00;12.06.2023 23:00;107,0
12.06.2023 23:00;13.06.2023 00:00;98,1
13.06.2023 00:00;13.06.2023 01:00;89,11
13.06.2023 01:00;13.06.2023 02:00;82,78
13.06.2023 02:00;13.06.2023 03:00;83,29
13.06.2023 03:00;13.06.2023 04:00;82,75
13.06.2023 04:00;13.06.2023 05:00;84,77
13.06.2023 05:00;13.06.2023 06:00;90,04
13.06.2023 06:00;13.06.2023 07:00;115,14
13.06.2023 07:00;13.06.2023 08:00;119,53
13.06.2023 08:00;13.06.2023 09:00;120,04
13.06.2023 09:00;13.06.2023 10:00;103,12
13.06.2023 10:00;13.06.2023 11:00;85,08
13.06.2023 11:00;13.06.2023 12:00;77,27
13.06.2023 12:00;13.06.2023 13:00;56,12
13.06.2023 13:00;13.06.2023 14:00;50,2
13.06.2023 14:00;13.06.2023 15:00;48,5
13.06.2023 15:00;13.06.2023 16:00;63,07
13.06.2023 16:00;13.06.2023 17:00;73,38
13.06.2023 17:00;13.06.2023 18:00;84,63
13.06.2023 18:00;13.06.2023 19:00;101,38
13.06.2023 19:00;13.06.2023 20:00;111,99
13.06.2023 20:00;13.06.2023 21:00;120,08
13.06.2023 21:00;13.06.2023 22:00;115,0
13.06.2023 22:00;13.06.2023 23:00;105,0
13.06.2023 23:00;14.06.2023 00:00;98,38
14.06.2023 00:00;14.06.2023 01:00;96,28
14.06.2023 01:00;14.06.2023 02:00;88,68
14.06.2023 02:00;14.06.2023 03:00;86,98
14.06.2023 03:00;14.06.2023 04:00;86,25
14.06.2023 04:00;14.06.2023 05:00;88,27
14.06.2023 05:00;14.06.2023 06:00;98,14
14.06.2023 06:00;14.06.2023 07:00;126,93
14.06.2023 07:00;14.06.2023 08:00;136,21
14.06.2023 08:00;14.06.2023 09:00;128,0
14.06.2023 09:00;14.06.2023 10:00;103,32
14.06.2023 10:00;14.06.2023 11:00;87,66
14.06.2023 11:00;14.06.2023 12:00;78,41
14.06.2023 12:00;14.06.2023 13:00;74,13
14.06.2023 13:00;14.06.2023 14:00;75,25
14.06.2023 14:00;14.06.2023 15:00;77,93
14.06.2023 15:00;14.06.2023 16:00;78,46
14.06.2023 16:00;14.06.2023 17:00;83,52
14.06.2023 17:00;14.06.2023 18:00;98,56
14.06.2023 18:00;14.06.2023 19:00;114,77
14.06.2023 19:00;14.06.2023 20:00;142,07
14.06.2023 20:00;14.06.2023 21:00;152,18
14.06.2023 21:00;14.06.2023 22:00;139,91
14.06.2023 22:00;14.06.2023 23:00;119,77
14.06.2023 23:00;15.06.2023 00:00;108,87
15.06.2023 00:00;15.06.2023 01:00;107,12
15.06.2023 01:00;15.06.2023 02:00;102,77
15.06.2023 02:00;15.06.2023 03:00;100,62
15.06.2023 03:00;15.06.2023 04:00;100,38
15.06.2023 04:00;15.06.2023 05:00;100,37
15.06.2023 05:00;15.06.2023 06:00;113,96
15.06.2023 06:00;15.06.2023 07:00;163,92
15.06.2023 07:00;15.06.2023 08:00;166,1
15.06.2023 08:00;15.06.2023 09:00;140,07
15.06.2023 09:00;15.06.2023 10:00;116,0
15.06.2023 10:00;15.06.2023 11:00;103,66
15.06.2023 11:00;15.06.2023 12:00;98,02
15.06.2023 12:00;15.06.2023 13:00;92,24
15.06.2023 13:00;15.06.2023 14:00;90,0
15.06.2023 14:00;15.06.2023 15:00;90,0
15.06.2023 15:00;15.06.2023 16:00;92,01
15.06.2023 16:00;15.06.2023 17:00;96,75
15.06.2023 17:00;15.06.2023 18:00;104,9
15.06.2023 18:00;15.06.2023 19:00;125,39
15.06.2023 19:00;15.06.2023 20:00;156,32
15.06.2023 20:00;15.06.2023 21:00;179,28
15.06.2023 21:00;15.06.2023 22:00;172,54
15.06.2023 22:00;15.06.2023 23:00;149,96
15.06.2023 23:00;16.06.2023 00:00;125,02
16.06.2023 00:00;16.06.2023 01:00;126,16
16.06.2023 01:00;16.06.2023 02:00;121,62
16.06.2023 02:00;16.06.2023 03:00;115,59
16.06.2023 03:00;16.06.2023 04:00;112,7
16.06.2023 04:00;16.06.2023 05:00;113,08
16.06.2023 05:00;16.06.2023 06:00;117,77
16.06.2023 06:00;16.06.2023 07:00;142,9
16.06.2023 07:00;16.06.2023 08:00;153,74
16.06.2023 08:00;16.06.2023 09:00;145,59
16.06.2023 09:00;16.06.2023 10:00;124,16
16.06.2023 10:00;16.06.2023 11:00;112,2
16.06.2023 11:00;16.06.2023 12:00;108,99
16.06.2023 12:00;16.06.2023 13:00;107,35
16.06.2023 13:00;16.06.2023 14:00;101,4
16.06.2023 14:00;16.06.2023 15:00;99,31
16.06.2023 15:00;16.06.2023 16:00;101,65
16.06.2023 16:00;16.06.2023 17:00;108,47
16.06.2023 17:00;16.06.2023 18:00;115,04
16.06.2023 18:00;16.06.2023 19:00;135,35
16.06.2023 19:00;16.06.2023 20:00;161,19
16.06.2023 20:00;16.06.2023 21:00;175,1
16.06.2023 21:00;16.06.2023 22:00;170,39
16.06.2023 22:00;16.06.2023 23:00;152,04
16.06.2023 23:00;17.06.2023 00:00;138,69
17.06.2023 00:00;17.06.2023 01:00;130,81
17.06.2023 01:00;17.06.2023 02:00;122,8
17.06.2023 02:00;17.06.2023 03:00;120,01
17.06.2023 03:00;17.06.2023 04:00;116,45
17.06.2023 04:00;17.06.2023 05:00;111,07
17.06.2023 05:00;17.06.2023 06:00;110,0
17.06.2023 06:00;17.06.2023 07:00;110,31
17.06.2023 07:00;17.06.2023 08:00;108,05
17.06.2023 08:00;17.06.2023 09:00;101,0
17.06.2023 09:00;17.06.2023 10:00;95,6
17.06.2023 10:00;17.06.2023 11:00;85,0
17.06.2023 11:00;17.06.2023 12:00;69,99
17.06.2023 12:00;17.06.2023 13:00;59,36
17.06.2023 13:00;17.06.2023 14:00;48,4
17.06.2023 14:00;17.06.2023 15:00;39,38
17.06.2023 15:00;17.06.2023 16:00;56,08
17.06.2023 16:00;17.06.2023 17:00;85,0
17.06.2023 17:00;17.06.2023 18:00;101,52
17.06.2023 18:00;17.06.2023 19:00;115,31
17.06.2023 19:00;17.06.2023 20:00;137,79
17.06.2023 20:00;17.06.2023 21:00;146,97
17.06.2023 21:00;17.06.2023 22:00;155,0
17.06.2023 22:00;17.06.2023 23:00;146,37
17.06.2023 23:00;18.06.2023 00:00;136,65
18.06.2023 00:00;18.06.2023 01:00;128,6
18.06.2023 01:00;18.06.2023 02:00;118,39
18.06.2023 02:00;18.06.2023 03:00;111,01
18.06.2023 03:00;18.06.2023 04:00;108,86
18.06.2023 04:00;18.06.2023 05:00;104,0
18.06.2023 05:00;18.06.2023 06:00;102,59
18.06.2023 06:00;18.06.2023 07:00;98,03
18.06.2023 07:00;18.06.2023 08:00;92,06
18.06.2023 08:00;18.06.2023 09:00;85,0
18.06.2023 09:00;18.06.2023 10:00;78,13
18.06.2023 10:00;18.06.2023 11:00;63,36
18.06.2023 11:00;18.06.2023 12:00;53,65
18.06.2023 12:00;18.06.2023 13:00;45,79
18.06.2023 13:00;18.06.2023 14:00;29,38
18.06.2023 14:00;18.06.2023 15:00;24,99
18.06.2023 15:00;18.06.2023 16:00;48,98
18.06.2023 16:00;18.06.2023 17:00;75,0
18.06.2023 17:00;18.06.2023 18:00;93,63
18.06.2023 18:00;18.06.2023 19:00;107,23
18.06.2023 19:00;18.06.2023 20:00;131,1
18.06.2023 20:00;18.06.2023 21:00;140,25
18.06.2023 21:00;18.06.2023 22:00;137,47
18.06.2023 22:00;18.06.2023 23:00;137,47
18.06.2023 23:00;19.06.2023 00:00;117,62
19.06.2023 00:00;19.06.2023 01:00;100,02
19.06.2023 01:00;19.06.2023 02:00;93,72
19.06.2023 02:00;19.06.2023 03:00;88,63
19.06.2023 03:00;19.06.2023 04:00;89,72
19.06.2023 04:00;19.06.2023 05:00;94,25
19.06.2023 05:00;19.06.2023 06:00;95,95
19.06.2023 06:00;19.06.2023 07:00;117,97
19.06.2023 07:00;19.06.2023 08:00;134,13
19.06.2023 08:00;19.06.2023 09:00;132,63
19.06.2023 09:00;19.06.2023 10:00;115,65
19.06.2023 10:00;19.06.2023 11:00;104,12
19.06.2023 11:00;19.06.2023 12:00;97,27
19.06.2023 12:00;19.06.2023 13:00;93,32
19.06.2023 13:00;19.06.2023 14:00;90,06
19.06.2023 14:00;19.06.2023 15:00;88,43
19.06.2023 15:00;19.06.2023 16:00;94,23
19.06.2023 16:00;19.06.2023 17:00;98,17
19.06.2023 17:00;19.06.2023 18:00;110,08
19.06.2023 18:00;19.06.2023 19:00;137,0
19.06.2023 19:00;19.06.2023 20:00;170,31
19.06.2023 20:00;19.06.2023 21:00;197,77
19.06.2023 21:00;19.06.2023 22:00;178,48
19.06.2023 22:00;19.06.2023 23:00;150,31
19.06.2023 23:00;20.06.2023 00:00;135,13
20.06.2023 00:00;20.06.2023 01:00;121,19
20.06.2023 01:00;20.06.2023 02:00;110,72
20.06.2023 02:00;20.06.2023 03:00;104,19
20.06.2023 03:00;20.06.2023 04:00;101,37
20.06.2023 04:00;20.06.2023 05:00;101,1
20.06.2023 05:00;20.06.2023 06:00;106,69
20.06.2023 06:00;20.06.2023 07:00;129,95
20.06.2023 07:00;20.06.2023 08:00;145,38
20.06.2023 08:00;20.06.2023 09:00;146,79
20.06.2023 09:00;20.06.2023 10:00;130,94
20.06.2023 10:00;20.06.2023 11:00;114,09
20.06.2023 11:00;20.06.2023 12:00;105,61
20.06.2023 12:00;20.06.2023 13:00;100,12
20.06.2023 13:00;20.06.2023 14:00;95,65
20.06.2023 14:00;20.06.2023 15:00;94,62
20.06.2023 15:00;20.06.2023 16:00;101,18
20.06.2023 16:00;20.06.2023 17:00;105,37
20.06.2023 17:00;20.06.2023 18:00;118,64
20.06.2023 18:00;20.06.2023 19:00;140,0
20.06.2023 19:00;20.06.2023 20:00;160,59
20.06.2023 20:00;20.06.2023 21:00;165,08
20.06.2023 21:00;20.06.2023 22:00;150,0
20.06.2023 22:00;20.06.2023 23:00;138,0
20.06.2023 23:00;21.06.2023 00:00;120,27
21.06.2023 00:00;21.06.2023 01:00;119,7
21.06.2023 01:00;21.06.2023 02:00;110,79
21.06.2023 02:00;21.06.2023 03:00;104,84
21.06.2023 03:00;21.06.2023 04:00;103,93
21.06.2023 04:00;21.06.2023 05:00;103,77
21.06.2023 05:00;21.06.2023 06:00;107,03
21.06.2023 06:00;21.06.2023 07:00;127,17
21.06.2023 07:00;21.06.2023 08:00;137,67
21.06.2023 08:00;21.06.2023 09:00;144,57
21.06.2023 09:00;21.06.2023 10:00;126,2
21.06.2023 10:00;21.06.2023 11:00;109,94
21.06.2023 11:00;21.06.2023 12:00;103,01
21.06.2023 12:00;21.06.2023 13:00;98,21
21.06.2023 13:00;21.06.2023 14:00;94,79
21.06.2023 14:00;21.06.2023 15:00;92,36
21.06.2023 15:00;21.06.2023 16:00;97,88
21.06.2023 16:00;21.06.2023 17:00;100,21
21.06.2023 17:00;21.06.2023 18:00;113,66
21.06.2023 18:00;21.06.2023 19:00;138,21
21.06.2023 19:00;21.06.2023 20:00;167,51
21.06.2023 20:00;21.06.2023 21:00;190,71
21.06.2023 21:00;21.06.2023 22:00;181,22
21.06.2023 22:00;21.06.2023 23:00;155,0
21.06.2023 23:00;22.06.2023 00:00;134,88
22.06.2023 00:00;22.06.2023 01:00;132,95
22.06.2023 01:00;22.06.2023 02:00;123,52
22.06.2023 02:00;22.06.2023 03:00;115,49
22.06.2023 03:00;22.06.2023 04:00;111,34
22.06.2023 04:00;22.06.2023 05:00;107,02
22.06.2023 05:00;22.06.2023 06:00;115,75
22.06.2023 06:00;22.06.2023 07:00;137,62
22.06.2023 07:00;22.06.2023 08:00;152,72
22.06.2023 08:00;22.06.2023 09:00;153,94
22.06.2023 09:00;22.06.2023 10:00;130,12
22.06.2023 10:00;22.06.2023 11:00;116,0
22.06.2023 11:00;22.06.2023 12:00;107,74
22.06.2023 12:00;22.06.2023 13:00;106,72
22.06.2023 13:00;22.06.2023 14:00;106,79
22.06.2023 14:00;22.06.2023 15:00;106,46
22.06.2023 15:00;22.06.2023 16:00;106,81
22.06.2023 16:00;22.06.2023 17:00;108,19
22.06.2023 17:00;22.06.2023 18:00;125,77
22.06.2023 18:00;22.06.2023 19:00;137,3
22.06.2023 19:00;22.06.2023 20:00;157,43
22.06.2023 20:00;22.06.2023 21:00;155,0
22.06.2023 21:00;22.06.2023 22:00;147,18
22.06.2023 22:00;22.06.2023 23:00;134,34
22.06.2023 23:00;23.06.2023 00:00;120,87
23.06.2023 00:00;23.06.2023 01:00;103,8
23.06.2023 01:00;23.06.2023 02:00;95,2
23.06.2023 02:00;23.06.2023 03:00;91,79
23.06.2023 03:00;23.06.2023 04:00;91,28
23.06.2023 04:00;23.06.2023 05:00;90,94
23.06.2023 05:00;23.06.2023 06:00;94,56
23.06.2023 06:00;23.06.2023 07:00;115,09
23.06.2023 07:00;23.06.2023 08:00;128,94
23.06.2023 08:00;23.06.2023 09:00;130,87
23.06.2023 09:00;23.06.2023 10:00;121,65
23.06.2023 10:00;23.06.2023 11:00;106,27
23.06.2023 11:00;23.06.2023 12:00;98,1
23.06.2023 12:00;23.06.2023 13:00;93,0
23.06.2023 13:00;23.06.2023 14:00;86,87
23.06.2023 14:00;23.06.2023 15:00;79,98
23.06.2023 15:00;23.06.2023 16:00;79,3
23.06.2023 16:00;23.06.2023 17:00;86,87
23.06.2023 17:00;23.06.2023 18:00;97,0
23.06.2023 18:00;23.06.2023 19:00;107,49
23.06.2023 19:00;23.06.2023 20:00;129,66
23.06.2023 20:00;23.06.2023 21:00;137,1
23.06.2023 21:00;23.06.2023 22:00;134,99
23.06.2023 22:00;23.06.2023 23:00;130,68
23.06.2023 23:00;24.06.2023 00:00;122,32
24.06.2023 00:00;24.06.2023 01:00;117,34
24.06.2023 01:00;24.06.2023 02:00;109,72
24.06.2023 02:00;24.06.2023 03:00;102,88
24.06.2023 03:00;24.06.2023 04:00;100,31
24.06.2023 04:00;24.06.2023 05:00;94,33
24.06.2023 05:00;24.06.2023 06:00;92,51
24.06.2023 06:00;24.06.2023 07:00;92,29
24.06.2023 07:00;24.06.2023 08:00;92,3
24.06.2023 08:00;24.06.2023 09:00;90,57
24.06.2023 09:00;24.06.2023 10:00;81,69
24.06.2023 10:00;24.06.2023 11:00;57,64
24.06.2023 11:00;24.06.2023 12:00;25,0
24.06.2023 12:00;24.06.2023 13:00;14,99
24.06.2023 13:00;24.06.2023 14:00;1,9
24.06.2023 14:00;24.06.2023 15:00;0,31
24.06.2023 15:00;24.06.2023 16:00;10,0
24.06.2023 16:00;24.06.2023 17:00;28,2
24.06.2023 17:00;24.06.2023 18:00;80,98
24.06.2023 18:00;24.06.2023 19:00;99,77
24.06.2023 19:00;24.06.2023 20:00;129,95
24.06.2023 20:00;24.06.2023 21:00;141,44
24.06.2023 21:00;24.06.2023 22:00;150,72
24.06.2023 22:00;24.06.2023 23:00;130,46
24.06.2023 23:00;25.06.2023 00:00;118,31
25.06.2023 00:00;25.06.2023 01:00;121,06
25.06.2023 01:00;25.06.2023 02:00;113,0
25.06.2023 02:00;25.06.2023 03:00;107,95
25.06.2023 03:00;25.06.2023 04:00;106,49
25.06.2023 04:00;25.06.2023 05:00;101,89
25.06.2023 05:00;25.06.2023 06:00;101,93
25.06.2023 06:00;25.06.2023 07:00;88,66
25.06.2023 07:00;25.06.2023 08:00;79,37
25.06.2023 08:00;25.06.2023 09:00;54,0
25.06.2023 09:00;25.06.2023 10:00;32,55
25.06.2023 10:00;25.06.2023 11:00;9,69
25.06.2023 11:00;25.06.2023 12:00;0,1
25.06.2023 12:00;25.06.2023 13:00;0,0
25.06.2023 13:00;25.06.2023 14:00;-0,1
25.06.2023 14:00;25.06.2023 15:00;-0,1
25.06.2023 15:00;25.06.2023 16:00;-0,01
25.06.2023 16:00;25.06.2023 17:00;9,69
25.06.2023 17:00;25.06.2023 18:00;71,24
25.06.2023 18:00;25.06.2023 19:00;106,54
25.06.2023 19:00;25.06.2023 20:00;126,09
25.06.2023 20:00;25.06.2023 21:00;153,81
25.06.2023 21:00;25.06.2023 22:00;163,44
25.06.2023 22:00;25.06.2023 23:00;145,3
25.06.2023 23:00;26.06.2023 00:00;119,01
26.06.2023 00:00;26.06.2023 01:00;119,09
26.06.2023 01:00;26.06.2023 02:00;108,63
26.06.2023 02:00;26.06.2023 03:00;95,6
26.06.2023 03:00;26.06.2023 04:00;89,48
26.06.2023 04:00;26.06.2023 05:00;87,63
26.06.2023 05:00;26.06.2023 06:00;101,97
26.06.2023 06:00;26.06.2023 07:00;128,0
26.06.2023 07:00;26.06.2023 08:00;132,05
26.06.2023 08:00;26.06.2023 09:00;120,58
26.06.2023 09:00;26.06.2023 10:00;101,52
26.06.2023 10:00;26.06.2023 11:00;87,9
26.06.2023 11:00;26.06.2023 12:00;82,84
26.06.2023 12:00;26.06.2023 13:00;74,92
26.06.2023 13:00;26.06.2023 14:00;58,76
26.06.2023 14:00;26.06.2023 15:00;50,93
26.06.2023 15:00;26.06.2023 16:00;54,03
26.06.2023 16:00;26.06.2023 17:00;64,32
26.06.2023 17:00;26.06.2023 18:00;83,48
26.06.2023 18:00;26.06.2023 19:00;97,0
26.06.2023 19:00;26.06.2023 20:00;109,43
26.06.2023 20:00;26.06.2023 21:00;118,0
26.06.2023 21:00;26.06.2023 22:00;126,16
26.06.2023 22:00;26.06.2023 23:00;129,37
26.06.2023 23:00;27.06.2023 00:00;118,06
27.06.2023 00:00;27.06.2023 01:00;114,23
27.06.2023 01:00;27.06.2023 02:00;100,78
27.06.2023 02:00;27.06.2023 03:00;93,22
27.06.2023 03:00;27.06.2023 04:00;94,12
27.06.2023 04:00;27.06.2023 05:00;89,27
27.06.2023 05:00;27.06.2023 06:00;92,17
27.06.2023 06:00;27.06.2023 07:00;115,29
27.06.2023 07:00;27.06.2023 08:00;130,0
27.06.2023 08:00;27.06.2023 09:00;127,05
27.06.2023 09:00;27.06.2023 10:00;102,24
27.06.2023 10:00;27.06.2023 11:00;90,0
27.06.2023 11:00;27.06.2023 12:00;80,27
27.06.2023 12:00;27.06.2023 13:00;72,27
27.06.2023 13:00;27.06.2023 14:00;63,46
27.06.2023 14:00;27.06.2023 15:00;68,12
27.06.2023 15:00;27.06.2023 16:00;77,95
27.06.2023 16:00;27.06.2023 17:00;89,05
27.06.2023 17:00;27.06.2023 18:00;96,4
27.06.2023 18:00;27.06.2023 19:00;113,57
27.06.2023 19:00;27.06.2023 20:00;130,41
27.06.2023 20:00;27.06.2023 21:00;134,79
27.06.2023 21:00;27.06.2023 22:00;130,83
27.06.2023 22:00;27.06.2023 23:00;125,06
27.06.2023 23:00;28.06.2023 00:00;116,16
28.06.2023 00:00;28.06.2023 01:00;98,08
28.06.2023 01:00;28.06.2023 02:00;90,59
28.06.2023 02:00;28.06.2023 03:00;87,09
28.06.2023 03:00;28.06.2023 04:00;86,29
28.06.2023 04:00;28.06.2023 05:00;87,24
28.06.2023 05:00;28.06.2023 06:00;94,39
28.06.2023 06:00;28.06.2023 07:00;116,03
28.06.2023 07:00;28.06.2023 08:00;131,5
28.06.2023 08:00;28.06.2023 09:00;128,15
28.06.2023 09:00;28.06.2023 10:00;113,65
28.06.2023 10:00;28.06.2023 11:00;101,89
28.06.2023 11:00;28.06.2023 12:00;99,3
28.06.2023 12:00;28.06.2023 13:00;101,18
28.06.2023 13:00;28.06.2023 14:00;97,42
28.06.2023 14:00;28.06.2023 15:00;95,59
28.06.2023 15:00;28.06.2023 16:00;95,39
28.06.2023 16:00;28.06.2023 17:00;97,6
28.06.2023 17:00;28.06.2023 18:00;107,08
28.06.2023 18:00;28.06.2023 19:00;128,92
28.06.2023 19:00;28.06.2023 20:00;155,18
28.06.2023 20:00;28.06.2023 21:00;167,62
28.06.2023 21:00;28.06.2023 22:00;159,1
28.06.2023 22:00;28.06.2023 23:00;140,0
28.06.2023 23:00;29.06.2023 00:00;121,1
29.06.2023 00:00;29.06.2023 01:00;119,46
29.06.2023 01:00;29.06.2023 02:00;110,06
29.06.2023 02:00;29.06.2023 03:00;101,72
29.06.2023 03:00;29.06.2023 04:00;98,08
29.06.2023 04:00;29.06.2023 05:00;99,92
29.06.2023 05:00;29.06.2023 06:00;104,52
29.06.2023 06:00;29.06.2023 07:00;121,81
29.06.2023 07:00;29.06.2023 08:00;130,55
29.06.2023 08:00;29.06.2023 09:00;130,31
29.06.2023 09:00;29.06.2023 10:00;116,39
29.06.2023 10:00;29.06.2023 11:00;105,95
29.06.2023 11:00;29.06.2023 12:00;98,6
29.06.2023 12:00;29.06.2023 13:00;99,84
29.06.2023 13:00;29.06.2023 14:00;98,24
29.06.2023 14:00;29.06.2023 15:00;98,6
29.06.2023 15:00;29.06.2023 16:00;100,0
29.06.2023 16:00;29.06.2023 17:00;101,12
29.06.2023 17:00;29.06.2023 18:00;112,03
29.06.2023 18:00;29.06.2023 19:00;131,26
29.06.2023 19:00;29.06.2023 20:00;166,25
29.06.2023 20:00;29.06.2023 21:00;171,58
29.06.2023 21:00;29.06.2023 22:00;154,73
29.06.2023 22:00;29.06.2023 23:00;141,81
29.06.2023 23:00;30.06.2023 00:00;121,11
30.06.2023 00:00;30.06.2023 01:00;115,6
30.06.2023 01:00;30.06.2023 02:00;103,4
30.06.2023 02:00;30.06.2023 03:00;96,56
30.06.2023 03:00;30.06.2023 04:00;97,64
30.06.2023 04:00;30.06.2023 05:00;96,11
30.06.2023 05:00;30.06.2023 06:00;107,69
30.06.2023 06:00;30.06.2023 07:00;126,75
30.06.2023 07:00;30.06.2023 08:00;138,97
30.06.2023 08:00;30.06.2023 09:00;133,41
30.06.2023 09:00;30.06.2023 10:00;126,31
30.06.2023 10:00;30.06.2023 11:00;109,86
30.06.2023 11:00;30.06.2023 12:00;103,24
30.06.2023 12:00;30.06.2023 13:00;100,86
30.06.2023 13:00;30.06.2023 14:00;91,69
30.06.2023 14:00;30.06.2023 15:00;88,46
30.06.2023 15:00;30.06.2023 16:00;90,0
30.06.2023 16:00;30.06.2023 17:00;92,01
30.06.2023 17:00;30.06.2023 18:00;98,36
30.06.2023 18:00;30.06.2023 19:00;109,73
30.06.2023 19:00;30.06.2023 20:00;117,96
30.06.2023 20:00;30.06.2023 21:00;133,43
30.06.2023 21:00;30.06.2023 22:00;130,74
30.06.2023 22:00;30.06.2023 23:00;122,39
30.06.2023 23:00;01.07.2023 00:00;109,47
01.07.2023 00:00;01.07.2023 01:00;109,74
01.07.2023 01:00;01.07.2023 02:00;108,91
01.07.2023 02:00;01.07.2023 03:00;104,31
01.07.2023 03:00;01.07.2023 04:00;99,14
01.07.2023 04:00;01.07.2023 05:00;98,11
01.07.2023 05:00;01.07.2023 06:00;84,11
01.07.2023 06:00;01.07.2023 07:00;78,63
01.07.2023 07:00;01.07.2023 08:00;85,75
01.07.2023 08:00;01.07.2023 09:00;78,03
01.07.2023 09:00;01.07.2023 10:00;64,9
01.07.2023 10:00;01.07.2023 11:00;43,79
01.07.2023 11:00;01.07.2023 12:00;24,61
01.07.2023 12:00;01.07.2023 13:00;16,83
01.07.2023 13:00;01.07.2023 14:00;4,43
01.07.2023 14:00;01.07.2023 15:00;0,07
01.07.2023 15:00;01.07.2023 16:00;0,97
01.07.2023 16:00;01.07.2023 17:00;12,31
01.07.2023 17:00;01.07.2023 18:00;54,59
01.07.2023 18:00;01.07.2023 19:00;77,14
01.07.2023 19:00;01.07.2023 20:00;82,36
01.07.2023 20:00;01.07.2023 21:00;89,6
01.07.2023 21:00;01.07.2023 22:00;92,79
01.07.2023 22:00;01.07.2023 23:00;92,97
01.07.2023 23:00;02.07.2023 00:00;89,86
02.07.2023 00:00;02.07.2023 01:00;16,45
02.07.2023 01:00;02.07.2023 02:00;3,17
02.07.2023 02:00;02.07.2023 03:00;0,01
02.07.2023 03:00;02.07.2023 04:00;0,0
02.07.2023 04:00;02.07.2023 05:00;-0,03
02.07.2023 05:00;02.07.2023 06:00;-0,05
02.07.2023 06:00;02.07.2023 07:00;-0,05
02.07.2023 07:00;02.07.2023 08:00;-0,5
02.07.2023 08:00;02.07.2023 09:00;-2,95
02.07.2023 09:00;02.07.2023 10:00;-15,07
02.07.2023 10:00;02.07.2023 11:00;-37,0
02.07.2023 11:00;02.07.2023 12:00;-98,11
02.07.2023 12:00;02.07.2023 13:00;-167,96
02.07.2023 13:00;02.07.2023 14:00;-266,92
02.07.2023 14:00;02.07.2023 15:00;-500,0
02.07.2023 15:00;02.07.2023 16:00;-399,0
02.07.2023 16:00;02.07.2023 17:00;-124,21
02.07.2023 17:00;02.07.2023 18:00;-35,18
02.07.2023 18:00;02.07.2023 19:00;-6,01
02.07.2023 19:00;02.07.2023 20:00;4,83
02.07.2023 20:00;02.07.2023 21:00;69,09
02.07.2023 21:00;02.07.2023 22:00;85,61
02.07.2023 22:00;02.07.2023 23:00;94,9
02.07.2023 23:00;03.07.2023 00:00;86,08
03.07.2023 00:00;03.07.2023 01:00;66,0
03.07.2023 01:00;03.07.2023 02:00;43,5
03.07.2023 02:00;03.07.2023 03:00;24,09
03.07.2023 03:00;03.07.2023 04:00;10,26
03.07.2023 04:00;03.07.2023 05:00;15,8
03.07.2023 05:00;03.07.2023 06:00;54,0
03.07.2023 06:00;03.07.2023 07:00;86,0
03.07.2023 07:00;03.07.2023 08:00;110,89
03.07.2023 08:00;03.07.2023 09:00;104,91
03.07.2023 09:00;03.07.2023 10:00;61,71
03.07.2023 10:00;03.07.2023 11:00;1,0
03.07.2023 11:00;03.07.2023 12:00;-0,06
03.07.2023 12:00;03.07.2023 13:00;-2,9
03.07.2023 13:00;03.07.2023 14:00;-5,68
03.07.2023 14:00;03.07.2023 15:00;-4,99
03.07.2023 15:00;03.07.2023 16:00;-2,75
03.07.2023 16:00;03.07.2023 17:00;-0,07
03.07.2023 17:00;03.07.2023 18:00;22,5
03.07.2023 18:00;03.07.2023 19:00;88,35
03.07.2023 19:00;03.07.2023 20:00;116,38
03.07.2023 20:00;03.07.2023 21:00;124,54
03.07.2023 21:00;03.07.2023 22:00;128,09
03.07.2023 22:00;03.07.2023 23:00;121,23
03.07.2023 23:00;04.07.2023 00:00;114,5
04.07.2023 00:00;04.07.2023 01:00;96,47
04.07.2023 01:00;04.07.2023 02:00;80,8
04.07.2023 02:00;04.07.2023 03:00;71,0
04.07.2023 03:00;04.07.2023 04:00;64,38
04.07.2023 04:00;04.07.2023 05:00;71,51
04.07.2023 05:00;04.07.2023 06:00;85,09
04.07.2023 06:00;04.07.2023 07:00;113,73
04.07.2023 07:00;04.07.2023 08:00;119,97
04.07.2023 08:00;04.07.2023 09:00;113,29
04.07.2023 09:00;04.07.2023 10:00;76,08
04.07.2023 10:00;04.07.2023 11:00;33,64
04.07.2023 11:00;04.07.2023 12:00;10,08
04.07.2023 12:00;04.07.2023 13:00;0,07
04.07.2023 13:00;04.07.2023 14:00;0,06
04.07.2023 14:00;04.07.2023 15:00;9,91
04.07.2023 15:00;04.07.2023 16:00;39,22
04.07.2023 16:00;04.07.2023 17:00;83,84
04.07.2023 17:00;04.07.2023 18:00;93,68
04.07.2023 18:00;04.07.2023 19:00;116,9
04.07.2023 19:00;04.07.2023 20:00;148,2
04.07.2023 20:00;04.07.2023 21:00;173,99
04.07.2023 21:00;04.07.2023 22:00;171,93
04.07.2023 22:00;04.07.2023 23:00;145,03
04.07.2023 23:00;05.07.2023 00:00;124,09
05.07.2023 00:00;05.07.2023 01:00;124,32
05.07.2023 01:00;05.07.2023 02:00;110,41
05.07.2023 02:00;05.07.2023 03:00;94,76
05.07.2023 03:00;05.07.2023 04:00;86,81
05.07.2023 04:00;05.07.2023 05:00;67,3
05.07.2023 05:00;05.07.2023 06:00;67,87
05.07.2023 06:00;05.07.2023 07:00;76,64
05.07.2023 07:00;05.07.2023 08:00;92,59
05.07.2023 08:00;05.07.2023 09:00;98,35
05.07.2023 09:00;05.07.2023 10:00;82,4
05.07.2023 10:00;05.07.2023 11:00;73,44
05.07.2023 11:00;05.07.2023 12:00;38,2
05.07.2023 12:00;05.07.2023 13:00;0,05
05.07.2023 13:00;05.07.2023 14:00;-3,09
05.07.2023 14:00;05.07.2023 15:00;-9,93
05.07.2023 15:00;05.07.2023 16:00;-9,9
05.07.2023 16:00;05.07.2023 17:00;-3,52
05.07.2023 17:00;05.07.2023 18:00;23,33
05.07.2023 18:00;05.07.2023 19:00;83,2
05.07.2023 19:00;05.07.2023 20:00;104,61
05.07.2023 20:00;05.07.2023 21:00;118,44
05.07.2023 21:00;05.07.2023 22:00;122,75
05.07.2023 22:00;05.07.2023 23:00;121,34
05.07.2023 23:00;06.07.2023 00:00;114,81
06.07.2023 00:00;06.07.2023 01:00;91,62
06.07.2023 01:00;06.07.2023 02:00;84,0
06.07.2023 02:00;06.07.2023 03:00;82,4
06.07.2023 03:00;06.07.2023 04:00;83,05
06.07.2023 04:00;06.07.2023 05:00;85,01
06.07.2023 05:00;06.07.2023 06:00;94,37
06.07.2023 06:00;06.07.2023 07:00;113,75
06.07.2023 07:00;06.07.2023 08:00;126,29
06.07.2023 08:00;06.07.2023 09:00;124,85
06.07.2023 09:00;06.07.2023 10:00;110,97
06.07.2023 10:00;06.07.2023 11:00;95,03
06.07.2023 11:00;06.07.2023 12:00;86,29
06.07.2023 12:00;06.07.2023 13:00;78,17
06.07.2023 13:00;06.07.2023 14:00;76,42
06.07.2023 14:00;06.07.2023 15:00;78,15
06.07.2023 15:00;06.07.2023 16:00;84,05
06.07.2023 16:00;06.07.2023 17:00;88,1
06.07.2023 17:00;06.07.2023 18:00;98,83
06.07.2023 18:00;06.07.2023 19:00;116,42
06.07.2023 19:00;06.07.2023 20:00;150,6
06.07.2023 20:00;06.07.2023 21:00;184,13
06.07.2023 21:00;06.07.2023 22:00;183,86
06.07.2023 22:00;06.07.2023 23:00;137,57
06.07.2023 23:00;07.07.2023 00:00;118,98
07.07.2023 00:00;07.07.2023 01:00;114,0
07.07.2023 01:00;07.07.2023 02:00;103,88
07.07.2023 02:00;07.07.2023 03:00;97,6
07.07.2023 03:00;07.07.2023 04:00;95,93
07.07.2023 04:00;07.07.2023 05:00;98,01
07.07.2023 05:00;07.07.2023 06:00;101,94
07.07.2023 06:00;07.07.2023 07:00;135,47
07.07.2023 07:00;07.07.2023 08:00;121,7
07.07.2023 08:00;07.07.2023 09:00;108,83
07.07.2023 09:00;07.07.2023 10:00;91,79
07.07.2023 10:00;07.07.2023 11:00;84,0
07.07.2023 11:00;07.07.2023 12:00;79,12
07.07.2023 12:00;07.07.2023 13:00;74,9
07.07.2023 13:00;07.07.2023 14:00;66,57
07.07.2023 14:00;07.07.2023 15:00;64,98
07.07.2023 15:00;07.07.2023 16:00;66,18
07.07.2023 16:00;07.07.2023 17:00;80,29
07.07.2023 17:00;07.07.2023 18:00;90,0
07.07.2023 18:00;07.07.2023 19:00;117,65
07.07.2023 19:00;07.07.2023 20:00;146,78
07.07.2023 20:00;07.07.2023 21:00;173,24
07.07.2023 21:00;07.07.2023 22:00;139,54
07.07.2023 22:00;07.07.2023 23:00;117,27
07.07.2023 23:00;08.07.2023 00:00;101,56
08.07.2023 00:00;08.07.2023 01:00;100,27
08.07.2023 01:00;08.07.2023 02:00;92,14
08.07.2023 02:00;08.07.2023 03:00;89,97
08.07.2023 03:00;08.07.2023 04:00;87,06
08.07.2023 04:00;08.07.2023 05:00;88,84
08.07.2023 05:00;08.07.2023 06:00;88,57
08.07.2023 06:00;08.07.2023 07:00;84,94
08.07.2023 07:00;08.07.2023 08:00;85,26
08.07.2023 08:00;08.07.2023 09:00;83,77
08.07.2023 09:00;08.07.2023 10:00;76,04
08.07.2023 10:00;08.07.2023 11:00;60,9
08.07.2023 11:00;08.07.2023 12:00;46,32
08.07.2023 12:00;08.07.2023 13:00;35,22
08.07.2023 13:00;08.07.2023 14:00;16,71
08.07.2023 14:00;08.07.2023 15:00;16,73
08.07.2023 15:00;08.07.2023 16:00;40,0
08.07.2023 16:00;08.07.2023 17:00;60,9
08.07.2023 17:00;08.07.2023 18:00;83,4
08.07.2023 18:00;08.07.2023 19:00;107,3
08.07.2023 19:00;08.07.2023 20:00;121,0
08.07.2023 20:00;08.07.2023 21:00;128,76
08.07.2023 21:00;08.07.2023 22:00;132,86
08.07.2023 22:00;08.07.2023 23:00;129,72
08.07.2023 23:00;09.07.2023 00:00;115,92
09.07.2023 00:00;09.07.2023 01:00;109,44
09.07.2023 01:00;09.07.2023 02:00;101,74
09.07.2023 02:00;09.07.2023 03:00;101,82
09.07.2023 03:00;09.07.2023 04:00;95,44
09.07.2023 04:00;09.07.2023 05:00;95,79
09.07.2023 05:00;09.07.2023 06:00;96,92
09.07.2023 06:00;09.07.2023 07:00;94,68
09.07.2023 07:00;09.07.2023 08:00;91,2
09.07.2023 08:00;09.07.2023 09:00;86,24
09.07.2023 09:00;09.07.2023 10:00;77,11
09.07.2023 10:00;09.07.2023 11:00;60,15
09.07.2023 11:00;09.07.2023 12:00;50,12
09.07.2023 12:00;09.07.2023 13:00;45,69
09.07.2023 13:00;09.07.2023 14:00;36,99
09.07.2023 14:00;09.07.2023 15:00;44,85
09.07.2023 15:00;09.07.2023 16:00;55,15
09.07.2023 16:00;09.07.2023 17:00;72,99
09.07.2023 17:00;09.07.2023 18:00;82,4
09.07.2023 18:00;09.07.2023 19:00;105,1
09.07.2023 19:00;09.07.2023 20:00;122,21
09.07.2023 20:00;09.07.2023 21:00;132,12
09.07.2023 21:00;09.07.2023 22:00;134,1
09.07.2023 22:00;09.07.2023 23:00;132,12
09.07.2023 23:00;10.07.2023 00:00;119,6
10.07.2023 00:00;10.07.2023 01:00;112,49
10.07.2023 01:00;10.07.2023 02:00;102,0
10.07.2023 02:00;10.07.2023 03:00;94,3
10.07.2023 03:00;10.07.2023 04:00;91,94
10.07.2023 04:00;10.07.2023 05:00;93,31
10.07.2023 05:00;10.07.2023 06:00;105,14
10.07.2023 06:00;10.07.2023 07:00;121,67
10.07.2023 07:00;10.07.2023 08:00;132,78
10.07.2023 08:00;10.07.2023 09:00;134,27
10.07.2023 09:00;10.07.2023 10:00;117,95
10.07.2023 10:00;10.07.2023 11:00;105,28
10.07.2023 11:00;10.07.2023 12:00;94,99
10.07.2023 12:00;10.07.2023 13:00;89,23
10.07.2023 13:00;10.07.2023 14:00;80,16
10.07.2023 14:00;10.07.2023 15:00;74,48
10.07.2023 15:00;10.07.2023 16:00;72,22
10.07.2023 16:00;10.07.2023 17:00;81,46
10.07.2023 17:00;10.07.2023 18:00;91,14
10.07.2023 18:00;10.07.2023 19:00;122,67
10.07.2023 19:00;10.07.2023 20:00;165,49
10.07.2023 20:00;10.07.2023 21:00;176,01
10.07.2023 21:00;10.07.2023 22:00;180,07
10.07.2023 22:00;10.07.2023 23:00;162,92
10.07.2023 23:00;11.07.2023 00:00;133,7
11.07.2023 00:00;11.07.2023 01:00;124,41
11.07.2023 01:00;11.07.2023 02:00;115,74
11.07.2023 02:00;11.07.2023 03:00;105,29
11.07.2023 03:00;11.07.2023 04:00;100,68
11.07.2023 04:00;11.07.2023 05:00;99,7
11.07.2023 05:00;11.07.2023 06:00;112,74
11.07.2023 06:00;11.07.2023 07:00;123,55
11.07.2023 07:00;11.07.2023 08:00;125,39
11.07.2023 08:00;11.07.2023 09:00;120,95
11.07.2023 09:00;11.07.2023 10:00;105,1
11.07.2023 10:00;11.07.2023 11:00;93,82
11.07.2023 11:00;11.07.2023 12:00;81,09
11.07.2023 12:00;11.07.2023 13:00;57,76
11.07.2023 13:00;11.07.2023 14:00;46,39
11.07.2023 14:00;11.07.2023 15:00;47,39
11.07.2023 15:00;11.07.2023 16:00;66,65
11.07.2023 16:00;11.07.2023 17:00;88,22
11.07.2023 17:00;11.07.2023 18:00;95,41
11.07.2023 18:00;11.07.2023 19:00;121,58
11.07.2023 19:00;11.07.2023 20:00;172,01
11.07.2023 20:00;11.07.2023 21:00;180,99
11.07.2023 21:00;11.07.2023 22:00;135,0
11.07.2023 22:00;11.07.2023 23:00;119,95
11.07.2023 23:00;12.07.2023 00:00;103,18
12.07.2023 00:00;12.07.2023 01:00;98,47
12.07.2023 01:00;12.07.2023 02:00;91,0
12.07.2023 02:00;12.07.2023 03:00;90,0
12.07.2023 03:00;12.07.2023 04:00;82,09
12.07.2023 04:00;12.07.2023 05:00;83,58
12.07.2023 05:00;12.07.2023 06:00;85,13
12.07.2023 06:00;12.07.2023 07:00;102,05
12.07.2023 07:00;12.07.2023 08:00;118,04
12.07.2023 08:00;12.07.2023 09:00;120,0
12.07.2023 09:00;12.07.2023 10:00;104,84
12.07.2023 10:00;12.07.2023 11:00;86,36
12.07.2023 11:00;12.07.2023 12:00;69,77
12.07.2023 12:00;12.07.2023 13:00;15,87
12.07.2023 13:00;12.07.2023 14:00;12,92
12.07.2023 14:00;12.07.2023 15:00;19,33
12.07.2023 15:00;12.07.2023 16:00;27,03
12.07.2023 16:00;12.07.2023 17:00;53,97
12.07.2023 17:00;12.07.2023 18:00;82,52
12.07.2023 18:00;12.07.2023 19:00;99,36
12.07.2023 19:00;12.07.2023 20:00;119,38
12.07.2023 20:00;12.07.2023 21:00;146,26
12.07.2023 21:00;12.07.2023 22:00;151,89
12.07.2023 22:00;12.07.2023 23:00;126,41
12.07.2023 23:00;13.07.2023 00:00;113,91
13.07.2023 00:00;13.07.2023 01:00;105,09
13.07.2023 01:00;13.07.2023 02:00;97,03
13.07.2023 02:00;13.07.2023 03:00;95,04
13.07.2023 03:00;13.07.2023 04:00;92,25
13.07.2023 04:00;13.07.2023 05:00;92,1
13.07.2023 05:00;13.07.2023 06:00;93,63
13.07.2023 06:00;13.07.2023 07:00;107,39
13.07.2023 07:00;13.07.2023 08:00;122,29
13.07.2023 08:00;13.07.2023 09:00;119,1
13.07.2023 09:00;13.07.2023 10:00;104,51
13.07.2023 10:00;13.07.2023 11:00;91,17
13.07.2023 11:00;13.07.2023 12:00;84,14
13.07.2023 12:00;13.07.2023 13:00;77,3
13.07.2023 13:00;13.07.2023 14:00;60,78
13.07.2023 14:00;13.07.2023 15:00;50,02
13.07.2023 15:00;13.07.2023 16:00;62,13
13.07.2023 16:00;13.07.2023 17:00;76,3
13.07.2023 17:00;13.07.2023 18:00;87,57
13.07.2023 18:00;13.07.2023 19:00;93,7
13.07.2023 19:00;13.07.2023 20:00;117,36
13.07.2023 20:00;13.07.2023 21:00;130,86
13.07.2023 21:00;13.07.2023 22:00;137,89
13.07.2023 22:00;13.07.2023 23:00;129,67
13.07.2023 23:00;14.07.2023 00:00;117,72
14.07.2023 00:00;14.07.2023 01:00;101,0
14.07.2023 01:00;14.07.2023 02:00;96,36
14.07.2023 02:00;14.07.2023 03:00;92,91
14.07.2023 03:00;14.07.2023 04:00;94,01
14.07.2023 04:00;14.07.2023 05:00;93,35
14.07.2023 05:00;14.07.2023 06:00;99,35
14.07.2023 06:00;14.07.2023 07:00;114,0
14.07.2023 07:00;14.07.2023 08:00;114,0
14.07.2023 08:00;14.07.2023 09:00;103,76
14.07.2023 09:00;14.07.2023 10:00;85,07
14.07.2023 10:00;14.07.2023 11:00;79,71
14.07.2023 11:00;14.07.2023 12:00;76,54
14.07.2023 12:00;14.07.2023 13:00;73,95
14.07.2023 13:00;14.07.2023 14:00;69,99
14.07.2023 14:00;14.07.2023 15:00;75,13
14.07.2023 15:00;14.07.2023 16:00;80,05
14.07.2023 16:00;14.07.2023 17:00;85,1
14.07.2023 17:00;14.07.2023 18:00;97,46
14.07.2023 18:00;14.07.2023 19:00;115,25
14.07.2023 19:00;14.07.2023 20:00;140,19
14.07.2023 20:00;14.07.2023 21:00;139,92
14.07.2023 21:00;14.07.2023 22:00;123,92
14.07.2023 22:00;14.07.2023 23:00;95,25
14.07.2023 23:00;15.07.2023 00:00;80,94
15.07.2023 00:00;15.07.2023 01:00;72,28
15.07.2023 01:00;15.07.2023 02:00;53,46
15.07.2023 02:00;15.07.2023 03:00;29,15
15.07.2023 03:00;15.07.2023 04:00;19,95
15.07.2023 04:00;15.07.2023 05:00;16,98
15.07.2023 05:00;15.07.2023 06:00;13,69
15.07.2023 06:00;15.07.2023 07:00;19,9
15.07.2023 07:00;15.07.2023 08:00;22,6
15.07.2023 08:00;15.07.2023 09:00;29,95
15.07.2023 09:00;15.07.2023 10:00;17,41
15.07.2023 10:00;15.07.2023 11:00;4,6
15.07.2023 11:00;15.07.2023 12:00;0,0
15.07.2023 12:00;15.07.2023 13:00;-0,02
15.07.2023 13:00;15.07.2023 14:00;-0,13
15.07.2023 14:00;15.07.2023 15:00;-1,03
15.07.2023 15:00;15.07.2023 16:00;-0,1
15.07.2023 16:00;15.07.2023 17:00;0,02
15.07.2023 17:00;15.07.2023 18:00;15,54
15.07.2023 18:00;15.07.2023 19:00;74,51
15.07.2023 19:00;15.07.2023 20:00;84,18
15.07.2023 20:00;15.07.2023 21:00;88,36
15.07.2023 21:00;15.07.2023 22:00;83,63
15.07.2023 22:00;15.07.2023 23:00;83,02
15.07.2023 23:00;16.07.2023 00:00;71,82
16.07.2023 00:00;16.07.2023 01:00;56,94
16.07.2023 01:00;16.07.2023 02:00;19,7
16.07.2023 02:00;16.07.2023 03:00;2,68
16.07.2023 03:00;16.07.2023 04:00;0,07
16.07.2023 04:00;16.07.2023 05:00;0,0
16.07.2023 05:00;16.07.2023 06:00;-0,42
16.07.2023 06:00;16.07.2023 07:00;-2,07
16.07.2023 07:00;16.07.2023 08:00;-1,1
16.07.2023 08:00;16.07.2023 09:00;-2,09
16.07.2023 09:00;16.07.2023 10:00;-9,92
16.07.2023 10:00;16.07.2023 11:00;-19,34
16.07.2023 11:00;16.07.2023 12:00;-24,8
16.07.2023 12:00;16.07.2023 13:00;-38,39
16.07.2023 13:00;16.07.2023 14:00;-50,09
16.07.2023 14:00;16.07.2023 15:00;-60,04
16.07.2023 15:00;16.07.2023 16:00;-48,31
16.07.2023 16:00;16.07.2023 17:00;-26,57
16.07.2023 17:00;16.07.2023 18:00;-5,01
16.07.2023 18:00;16.07.2023 19:00;30,61
16.07.2023 19:00;16.07.2023 20:00;92,51
16.07.2023 20:00;16.07.2023 21:00;100,76
16.07.2023 21:00;16.07.2023 22:00;109,21
16.07.2023 22:00;16.07.2023 23:00;114,38
16.07.2023 23:00;17.07.2023 00:00;110,0
17.07.2023 00:00;17.07.2023 01:00;109,26
17.07.2023 01:00;17.07.2023 02:00;102,17
17.07.2023 02:00;17.07.2023 03:00;95,19
17.07.2023 03:00;17.07.2023 04:00;88,1
17.07.2023 04:00;17.07.2023 05:00;90,59
17.07.2023 05:00;17.07.2023 06:00;97,23
17.07.2023 06:00;17.07.2023 07:00;120,02
17.07.2023 07:00;17.07.2023 08:00;129,66
17.07.2023 08:00;17.07.2023 09:00;112,47
17.07.2023 09:00;17.07.2023 10:00;94,14
17.07.2023 10:00;17.07.2023 11:00;77,9
17.07.2023 11:00;17.07.2023 12:00;45,07
17.07.2023 12:00;17.07.2023 13:00;0,88
17.07.2023 13:00;17.07.2023 14:00;0,63
17.07.2023 14:00;17.07.2023 15:00;0,0
17.07.2023 15:00;17.07.2023 16:00;7,18
17.07.2023 16:00;17.07.2023 17:00;48,72
17.07.2023 17:00;17.07.2023 18:00;75,51
17.07.2023 18:00;17.07.2023 19:00;85,28
17.07.2023 19:00;17.07.2023 20:00;106,52
17.07.2023 20:00;17.07.2023 21:00;119,78
17.07.2023 21:00;17.07.2023 22:00;124,31
17.07.2023 22:00;17.07.2023 23:00;125,0
17.07.2023 23:00;18.07.2023 00:00;110,44
18.07.2023 00:00;18.07.2023 01:00;100,05
18.07.2023 01:00;18.07.2023 02:00;96,3
18.07.2023 02:00;18.07.2023 03:00;87,79
18.07.2023 03:00;18.07.2023 04:00;86,92
18.07.2023 04:00;18.07.2023 05:00;88,04
18.07.2023 05:00;18.07.2023 06:00;96,35
18.07.2023 06:00;18.07.2023 07:00;103,39
18.07.2023 07:00;18.07.2023 08:00;114,25
18.07.2023 08:00;18.07.2023 09:00;110,0
18.07.2023 09:00;18.07.2023 10:00;93,22
18.07.2023 10:00;18.07.2023 11:00;82,74
18.07.2023 11:00;18.07.2023 12:00;78,81
18.07.2023 12:00;18.07.2023 13:00;79,16
18.07.2023 13:00;18.07.2023 14:00;81,18
18.07.2023 14:00;18.07.2023 15:00;90,03
18.07.2023 15:00;18.07.2023 16:00;89,94
18.07.2023 16:00;18.07.2023 17:00;87,5
18.07.2023 17:00;18.07.2023 18:00;96,78
18.07.2023 18:00;18.07.2023 19:00;121,62
18.07.2023 19:00;18.07.2023 20:00;168,26
18.07.2023 20:00;18.07.2023 21:00;188,0
18.07.2023 21:00;18.07.2023 22:00;163,8
18.07.2023 22:00;18.07.2023 23:00;139,26
18.07.2023 23:00;19.07.2023 00:00;111,76
19.07.2023 00:00;19.07.2023 01:00;108,11
19.07.2023 01:00;19.07.2023 02:00;101,0
19.07.2023 02:00;19.07.2023 03:00;97,25
19.07.2023 03:00;19.07.2023 04:00;96,85
19.07.2023 04:00;19.07.2023 05:00;98,08
19.07.2023 05:00;19.07.2023 06:00;104,43
19.07.2023 06:00;19.07.2023 07:00;126,44
19.07.2023 07:00;19.07.2023 08:00;124,99
19.07.2023 08:00;19.07.2023 09:00;117,81
19.07.2023 09:00;19.07.2023 10:00;99,9
19.07.2023 10:00;19.07.2023 11:00;88,48
19.07.2023 11:00;19.07.2023 12:00;80,74
19.07.2023 12:00;19.07.2023 13:00;76,83
19.07.2023 13:00;19.07.2023 14:00;68,66
19.07.2023 14:00;19.07.2023 15:00;62,47
19.07.2023 15:00;19.07.2023 16:00;62,24
19.07.2023 16:00;19.07.2023 17:00;71,55
19.07.2023 17:00;19.07.2023 18:00;75,82
19.07.2023 18:00;19.07.2023 19:00;94,32
19.07.2023 19:00;19.07.2023 20:00;112,81
19.07.2023 20:00;19.07.2023 21:00;128,58
19.07.2023 21:00;19.07.2023 22:00;123,87
19.07.2023 22:00;19.07.2023 23:00;113,79
19.07.2023 23:00;20.07.2023 00:00;100,59
20.07.2023 00:00;20.07.2023 01:00;98,13
20.07.2023 01:00;20.07.2023 02:00;94,35
20.07.2023 02:00;20.07.2023 03:00;83,29
20.07.2023 03:00;20.07.2023 04:00;82,86
20.07.2023 04:00;20.07.2023 05:00;86,09
20.07.2023 05:00;20.07.2023 06:00;86,36
20.07.2023 06:00;20.07.2023 07:00;99,51
20.07.2023 07:00;20.07.2023 08:00;113,95
20.07.2023 08:00;20.07.2023 09:00;111,45
20.07.2023 09:00;20.07.2023 10:00;98,87
20.07.2023 10:00;20.07.2023 11:00;86,72
20.07.2023 11:00;20.07.2023 12:00;79,16
20.07.2023 12:00;20.07.2023 13:00;77,62
20.07.2023 13:00;20.07.2023 14:00;69,41
20.07.2023 14:00;20.07.2023 15:00;69,97
20.07.2023 15:00;20.07.2023 16:00;74,11
20.07.2023 16:00;20.07.2023 17:00;76,51
20.07.2023 17:00;20.07.2023 18:00;85,45
20.07.2023 18:00;20.07.2023 19:00;102,54
20.07.2023 19:00;20.07.2023 20:00;126,15
20.07.2023 20:00;20.07.2023 21:00;143,55
20.07.2023 21:00;20.07.2023 22:00;139,3
20.07.2023 22:00;20.07.2023 23:00;121,46
20.07.2023 23:00;21.07.2023 00:00;109,4
21.07.2023 00:00;21.07.2023 01:00;102,07
21.07.2023 01:00;21.07.2023 02:00;99,67
21.07.2023 02:00;21.07.2023 03:00;96,31
21.07.2023 03:00;21.07.2023 04:00;94,46
21.07.2023 04:00;21.07.2023 05:00;96,76
21.07.2023 05:00;21.07.2023 06:00;100,67
21.07.2023 06:00;21.07.2023 07:00;122,13
21.07.2023 07:00;21.07.2023 08:00;153,77
21.07.2023 08:00;21.07.2023 09:00;123,26
21.07.2023 09:00;21.07.2023 10:00;103,09
21.07.2023 10:00;21.07.2023 11:00;97,9
21.07.2023 11:00;21.07.2023 12:00;92,93
21.07.2023 12:00;21.07.2023 13:00;92,42
21.07.2023 13:00;21.07.2023 14:00;84,49
21.07.2023 14:00;21.07.2023 15:00;83,95
21.07.2023 15:00;21.07.2023 16:00;83,92
21.07.2023 16:00;21.07.2023 17:00;89,27
21.07.2023 17:00;21.07.2023 18:00;96,46
21.07.2023 18:00;21.07.2023 19:00;103,06
21.07.2023 19:00;21.07.2023 20:00;124,9
21.07.2023 20:00;21.07.2023 21:00;132,38
21.07.2023 21:00;21.07.2023 22:00;124,99
21.07.2023 22:00;21.07.2023 23:00;109,97
21.07.2023 23:00;22.07.2023 00:00;96,77
22.07.2023 00:00;22.07.2023 01:00;97,27
22.07.2023 01:00;22.07.2023 02:00;98,42
22.07.2023 02:00;22.07.2023 03:00;93,0
22.07.2023 03:00;22.07.2023 04:00;94,36
22.07.2023 04:00;22.07.2023 05:00;89,93
22.07.2023 05:00;22.07.2023 06:00;88,0
22.07.2023 06:00;22.07.2023 07:00;88,8
22.07.2023 07:00;22.07.2023 08:00;86,18
22.07.2023 08:00;22.07.2023 09:00;82,93
22.07.2023 09:00;22.07.2023 10:00;72,01
22.07.2023 10:00;22.07.2023 11:00;59,08
22.07.2023 11:00;22.07.2023 12:00;46,56
22.07.2023 12:00;22.07.2023 13:00;40,15
22.07.2023 13:00;22.07.2023 14:00;22,34
22.07.2023 14:00;22.07.2023 15:00;19,52
22.07.2023 15:00;22.07.2023 16:00;29,05
22.07.2023 16:00;22.07.2023 17:00;46,92
22.07.2023 17:00;22.07.2023 18:00;70,67
22.07.2023 18:00;22.07.2023 19:00;86,01
22.07.2023 19:00;22.07.2023 20:00;99,92
22.07.2023 20:00;22.07.2023 21:00;106,83
22.07.2023 21:00;22.07.2023 22:00;118,75
22.07.2023 22:00;22.07.2023 23:00;106,43
22.07.2023 23:00;23.07.2023 00:00;98,49
23.07.2023 00:00;23.07.2023 01:00;87,3
23.07.2023 01:00;23.07.2023 02:00;79,27
23.07.2023 02:00;23.07.2023 03:00;67,89
23.07.2023 03:00;23.07.2023 04:00;33,22
23.07.2023 04:00;23.07.2023 05:00;15,78
23.07.2023 05:00;23.07.2023 06:00;11,09
23.07.2023 06:00;23.07.2023 07:00;5,08
23.07.2023 07:00;23.07.2023 08:00;2,88
23.07.2023 08:00;23.07.2023 09:00;3,42
23.07.2023 09:00;23.07.2023 10:00;0,09
23.07.2023 10:00;23.07.2023 11:00;0,0
23.07.2023 11:00;23.07.2023 12:00;-0,03
23.07.2023 12:00;23.07.2023 13:00;-0,05
23.07.2023 13:00;23.07.2023 14:00;-7,78
23.07.2023 14:00;23.07.2023 15:00;-12,17
23.07.2023 15:00;23.07.2023 16:00;-7,03
23.07.2023 16:00;23.07.2023 17:00;-3,81
23.07.2023 17:00;23.07.2023 18:00;0,0
23.07.2023 18:00;23.07.2023 19:00;28,93
23.07.2023 19:00;23.07.2023 20:00;66,78
23.07.2023 20:00;23.07.2023 21:00;87,24
23.07.2023 21:00;23.07.2023 22:00;91,76
23.07.2023 22:00;23.07.2023 23:00;99,66
23.07.2023 23:00;24.07.2023 00:00;92,64
24.07.2023 00:00;24.07.2023 01:00;77,14
24.07.2023 01:00;24.07.2023 02:00;70,02
24.07.2023 02:00;24.07.2023 03:00;68,99
24.07.2023 03:00;24.07.2023 04:00;72,01
24.07.2023 04:00;24.07.2023 05:00;72,09
24.07.2023 05:00;24.07.2023 06:00;87,11
24.07.2023 06:00;24.07.2023 07:00;102,59
24.07.2023 07:00;24.07.2023 08:00;113,97
24.07.2023 08:00;24.07.2023 09:00;115,08
24.07.2023 09:00;24.07.2023 10:00;105,0
24.07.2023 10:00;24.07.2023 11:00;99,94
24.07.2023 11:00;24.07.2023 12:00;94,62
24.07.2023 12:00;24.07.2023 13:00;87,45
24.07.2023 13:00;24.07.2023 14:00;81,59
24.07.2023 14:00;24.07.2023 15:00;74,97
24.07.2023 15:00;24.07.2023 16:00;67,27
24.07.2023 16:00;24.07.2023 17:00;63,73
24.07.2023 17:00;24.07.2023 18:00;77,06
24.07.2023 18:00;24.07.2023 19:00;97,68
24.07.2023 19:00;24.07.2023 20:00;106,96
24.07.2023 20:00;24.07.2023 21:00;118,46
24.07.2023 21:00;24.07.2023 22:00;113,99
24.07.2023 22:00;24.07.2023 23:00;102,97
24.07.2023 23:00;25.07.2023 00:00;102,03
25.07.2023 00:00;25.07.2023 01:00;96,0
25.07.2023 01:00;25.07.2023 02:00;86,55
25.07.2023 02:00;25.07.2023 03:00;84,95
25.07.2023 03:00;25.07.2023 04:00;86,83
25.07.2023 04:00;25.07.2023 05:00;88,07
25.07.2023 05:00;25.07.2023 06:00;97,49
25.07.2023 06:00;25.07.2023 07:00;114,05
25.07.2023 07:00;25.07.2023 08:00;150,45
25.07.2023 08:00;25.07.2023 09:00;151,9
25.07.2023 09:00;25.07.2023 10:00;113,74
25.07.2023 10:00;25.07.2023 11:00;102,65
25.07.2023 11:00;25.07.2023 12:00;100,92
25.07.2023 12:00;25.07.2023 13:00;98,27
25.07.2023 13:00;25.07.2023 14:00;90,12
25.07.2023 14:00;25.07.2023 15:00;87,58
25.07.2023 15:00;25.07.2023 16:00;88,88
25.07.2023 16:00;25.07.2023 17:00;90,12
25.07.2023 17:00;25.07.2023 18:00;92,71
25.07.2023 18:00;25.07.2023 19:00;112,01
25.07.2023 19:00;25.07.2023 20:00;122,98
25.07.2023 20:00;25.07.2023 21:00;119,04
25.07.2023 21:00;25.07.2023 22:00;116,55
25.07.2023 22:00;25.07.2023 23:00;109,35
25.07.2023 23:00;26.07.2023 00:00;98,5
26.07.2023 00:00;26.07.2023 01:00;97,96
26.07.2023 01:00;26.07.2023 02:00;89,31
26.07.2023 02:00;26.07.2023 03:00;86,26
26.07.2023 03:00;26.07.2023 04:00;79,65
26.07.2023 04:00;26.07.2023 05:00;79,64
26.07.2023 05:00;26.07.2023 06:00;86,83
26.07.2023 06:00;26.07.2023 07:00;101,77
26.07.2023 07:00;26.07.2023 08:00;114,9
26.07.2023 08:00;26.07.2023 09:00;120,75
26.07.2023 09:00;26.07.2023 10:00;103,85
26.07.2023 10:00;26.07.2023 11:00;95,68
26.07.2023 11:00;26.07.2023 12:00;89,52
26.07.2023 12:00;26.07.2023 13:00;86,04
26.07.2023 13:00;26.07.2023 14:00;78,63
26.07.2023 14:00;26.07.2023 15:00;74,67
26.07.2023 15:00;26.07.2023 16:00;69,43
26.07.2023 16:00;26.07.2023 17:00;80,82
26.07.2023 17:00;26.07.2023 18:00;88,97
26.07.2023 18:00;26.07.2023 19:00;100,06
26.07.2023 19:00;26.07.2023 20:00;115,22
26.07.2023 20:00;26.07.2023 21:00;120,58
26.07.2023 21:00;26.07.2023 22:00;118,04
26.07.2023 22:00;26.07.2023 23:00;110,23
26.07.2023 23:00;27.07.2023 00:00;97,06
27.07.2023 00:00;27.07.2023 01:00;98,36
27.07.2023 01:00;27.07.2023 02:00;82,69
27.07.2023 02:00;27.07.2023 03:00;76,0
27.07.2023 03:00;27.07.2023 04:00;71,06
27.07.2023 04:00;27.07.2023 05:00;72,0
27.07.2023 05:00;27.07.2023 06:00;80,48
27.07.2023 06:00;27.07.2023 07:00;96,9
27.07.2023 07:00;27.07.2023 08:00;103,58
27.07.2023 08:00;27.07.2023 09:00;104,3
27.07.2023 09:00;27.07.2023 10:00;99,12
27.07.2023 10:00;27.07.2023 11:00;96,8
27.07.2023 11:00;27.07.2023 12:00;90,9
27.07.2023 12:00;27.07.2023 13:00;86,45
27.07.2023 13:00;27.07.2023 14:00;80,01
27.07.2023 14:00;27.07.2023 15:00;78,33
27.07.2023 15:00;27.07.2023 16:00;81,35
27.07.2023 16:00;27.07.2023 17:00;93,89
27.07.2023 17:00;27.07.2023 18:00;107,26
27.07.2023 18:00;27.07.2023 19:00;114,91
27.07.2023 19:00;27.07.2023 20:00;116,95
27.07.2023 20:00;27.07.2023 21:00;109,97
27.07.2023 21:00;27.07.2023 22:00;108,12
27.07.2023 22:00;27.07.2023 23:00;105,56
27.07.2023 23:00;28.07.2023 00:00;98,88
28.07.2023 00:00;28.07.2023 01:00;88,63
28.07.2023 01:00;28.07.2023 02:00;79,59
28.07.2023 02:00;28.07.2023 03:00;78,13
28.07.2023 03:00;28.07.2023 04:00;79,2
28.07.2023 04:00;28.07.2023 05:00;80,02
28.07.2023 05:00;28.07.2023 06:00;89,53
28.07.2023 06:00;28.07.2023 07:00;100,09
28.07.2023 07:00;28.07.2023 08:00;111,12
28.07.2023 08:00;28.07.2023 09:00;112,99
28.07.2023 09:00;28.07.2023 10:00;107,87
28.07.2023 10:00;28.07.2023 11:00;99,54
28.07.2023 11:00;28.07.2023 12:00;93,0
28.07.2023 12:00;28.07.2023 13:00;85,9
28.07.2023 13:00;28.07.2023 14:00;80,0
28.07.2023 14:00;28.07.2023 15:00;75,65
28.07.2023 15:00;28.07.2023 16:00;76,1
28.07.2023 16:00;28.07.2023 17:00;80,0
28.07.2023 17:00;28.07.2023 18:00;94,27
28.07.2023 18:00;28.07.2023 19:00;103,59
28.07.2023 19:00;28.07.2023 20:00;122,44
28.07.2023 20:00;28.07.2023 21:00;130,0
28.07.2023 21:00;28.07.2023 22:00;121,78
28.07.2023 22:00;28.07.2023 23:00;111,09
28.07.2023 23:00;29.07.2023 00:00;101,53
29.07.2023 00:00;29.07.2023 01:00;103,09
29.07.2023 01:00;29.07.2023 02:00;94,48
29.07.2023 02:00;29.07.2023 03:00;91,17
29.07.2023 03:00;29.07.2023 04:00;85,66
29.07.2023 04:00;29.07.2023 05:00;88,97
29.07.2023 05:00;29.07.2023 06:00;87,03
29.07.2023 06:00;29.07.2023 07:00;85,7
29.07.2023 07:00;29.07.2023 08:00;87,91
29.07.2023 08:00;29.07.2023 09:00;85,79
29.07.2023 09:00;29.07.2023 10:00;81,71
29.07.2023 10:00;29.07.2023 11:00;75,5
29.07.2023 11:00;29.07.2023 12:00;63,75
29.07.2023 12:00;29.07.2023 13:00;58,66
29.07.2023 13:00;29.07.2023 14:00;40,48
29.07.2023 14:00;29.07.2023 15:00;18,2
29.07.2023 15:00;29.07.2023 16:00;19,67
29.07.2023 16:00;29.07.2023 17:00;49,18
29.07.2023 17:00;29.07.2023 18:00;58,66
29.07.2023 18:00;29.07.2023 19:00;79,54
29.07.2023 19:00;29.07.2023 20:00;92,28
29.07.2023 20:00;29.07.2023 21:00;99,93
29.07.2023 21:00;29.07.2023 22:00;100,74
29.07.2023 22:00;29.07.2023 23:00;99,93
29.07.2023 23:00;30.07.2023 00:00;92,18
30.07.2023 00:00;30.07.2023 01:00;84,5
30.07.2023 01:00;30.07.2023 02:00;74,9
30.07.2023 02:00;30.07.2023 03:00;67,81
30.07.2023 03:00;30.07.2023 04:00;57,79
30.07.2023 04:00;30.07.2023 05:00;51,6
30.07.2023 05:00;30.07.2023 06:00;51,7
30.07.2023 06:00;30.07.2023 07:00;47,34
30.07.2023 07:00;30.07.2023 08:00;37,0
30.07.2023 08:00;30.07.2023 09:00;29,82
30.07.2023 09:00;30.07.2023 10:00;8,48
30.07.2023 10:00;30.07.2023 11:00;-0,01
30.07.2023 11:00;30.07.2023 12:00;-0,26
30.07.2023 12:00;30.07.2023 13:00;-16,69
30.07.2023 13:00;30.07.2023 14:00;-44,93
30.07.2023 14:00;30.07.2023 15:00;-46,61
30.07.2023 15:00;30.07.2023 16:00;-40,02
30.07.2023 16:00;30.07.2023 17:00;-19,94
30.07.2023 17:00;30.07.2023 18:00;-1,0
30.07.2023 18:00;30.07.2023 19:00;16,22
30.07.2023 19:00;30.07.2023 20:00;74,37
30.07.2023 20:00;30.07.2023 21:00;84,47
30.07.2023 21:00;30.07.2023 22:00;88,46
30.07.2023 22:00;30.07.2023 23:00;87,06
30.07.2023 23:00;31.07.2023 00:00;70,05
31.07.2023 00:00;31.07.2023 01:00;61,03
31.07.2023 01:00;31.07.2023 02:00;50,51
31.07.2023 02:00;31.07.2023 03:00;44,09
31.07.2023 03:00;31.07.2023 04:00;30,3
31.07.2023 04:00;31.07.2023 05:00;28,91
31.07.2023 05:00;31.07.2023 06:00;50,31
31.07.2023 06:00;31.07.2023 07:00;78,18
31.07.2023 07:00;31.07.2023 08:00;86,58
31.07.2023 08:00;31.07.2023 09:00;88,16
31.07.2023 09:00;31.07.2023 10:00;86,0
31.07.2023 10:00;31.07.2023 11:00;74,16
31.07.2023 11:00;31.07.2023 12:00;67,49
31.07.2023 12:00;31.07.2023 13:00;65,18
31.07.2023 13:00;31.07.2023 14:00;59,65
31.07.2023 14:00;31.07.2023 15:00;59,14
31.07.2023 15:00;31.07.2023 16:00;59,94
31.07.2023 16:00;31.07.2023 17:00;67,66
31.07.2023 17:00;31.07.2023 18:00;75,97
31.07.2023 18:00;31.07.2023 19:00;89,68
31.07.2023 19:00;31.07.2023 20:00;98,21
31.07.2023 20:00;31.07.2023 21:00;99,97
31.07.2023 21:00;31.07.2023 22:00;99,25
31.07.2023 22:00;31.07.2023 23:00;95,26
31.07.2023 23:00;01.08.2023 00:00;87,63
01.08.2023 00:00;01.08.2023 01:00;68,01
01.08.2023 01:00;01.08.2023 02:00;58,86
01.08.2023 02:00;01.08.2023 03:00;57,86
01.08.2023 03:00;01.08.2023 04:00;56,94
01.08.2023 04:00;01.08.2023 05:00;57,9
01.08.2023 05:00;01.08.2023 06:00;63,4
01.08.2023 06:00;01.08.2023 07:00;91,8
01.08.2023 07:00;01.08.2023 08:00;94,44
01.08.2023 08:00;01.08.2023 09:00;99,0
01.08.2023 09:00;01.08.2023 10:00;92,19
01.08.2023 10:00;01.08.2023 11:00;92,72
01.08.2023 11:00;01.08.2023 12:00;87,27
01.08.2023 12:00;01.08.2023 13:00;79,22
01.08.2023 13:00;01.08.2023 14:00;69,92
01.08.2023 14:00;01.08.2023 15:00;60,12
01.08.2023 15:00;01.08.2023 16:00;57,27
01.08.2023 16:00;01.08.2023 17:00;56,96
01.08.2023 17:00;01.08.2023 18:00;68,5
01.08.2023 18:00;01.08.2023 19:00;81,74
01.08.2023 19:00;01.08.2023 20:00;96,05
01.08.2023 20:00;01.08.2023 21:00;108,83
01.08.2023 21:00;01.08.2023 22:00;111,94
01.08.2023 22:00;01.08.2023 23:00;102,55
01.08.2023 23:00;02.08.2023 00:00;92,78
02.08.2023 00:00;02.08.2023 01:00;89,38
02.08.2023 01:00;02.08.2023 02:00;77,54
02.08.2023 02:00;02.08.2023 03:00;69,62
02.08.2023 03:00;02.08.2023 04:00;67,07
02.08.2023 04:00;02.08.2023 05:00;70,23
02.08.2023 05:00;02.08.2023 06:00;87,16
02.08.2023 06:00;02.08.2023 07:00;103,61
02.08.2023 07:00;02.08.2023 08:00;111,96
02.08.2023 08:00;02.08.2023 09:00;98,37
02.08.2023 09:00;02.08.2023 10:00;89,38
02.08.2023 10:00;02.08.2023 11:00;79,07
02.08.2023 11:00;02.08.2023 12:00;64,5
02.08.2023 12:00;02.08.2023 13:00;52,02
02.08.2023 13:00;02.08.2023 14:00;33,08
02.08.2023 14:00;02.08.2023 15:00;24,88
02.08.2023 15:00;02.08.2023 16:00;21,24
02.08.2023 16:00;02.08.2023 17:00;29,15
02.08.2023 17:00;02.08.2023 18:00;52,56
02.08.2023 18:00;02.08.2023 19:00;69,26
02.08.2023 19:00;02.08.2023 20:00;83,92
02.08.2023 20:00;02.08.2023 21:00;81,87
02.08.2023 21:00;02.08.2023 22:00;78,77
02.08.2023 22:00;02.08.2023 23:00;65,7
02.08.2023 23:00;03.08.2023 00:00;38,57
03.08.2023 00:00;03.08.2023 01:00;19,97
03.08.2023 01:00;03.08.2023 02:00;9,51
03.08.2023 02:00;03.08.2023 03:00;3,44
03.08.2023 03:00;03.08.2023 04:00;5,61
03.08.2023 04:00;03.08.2023 05:00;7,2
03.08.2023 05:00;03.08.2023 06:00;24,8
03.08.2023 06:00;03.08.2023 07:00;47,38
03.08.2023 07:00;03.08.2023 08:00;63,0
03.08.2023 08:00;03.08.2023 09:00;70,0
03.08.2023 09:00;03.08.2023 10:00;58,9
03.08.2023 10:00;03.08.2023 11:00;45,45
03.08.2023 11:00;03.08.2023 12:00;34,52
03.08.2023 12:00;03.08.2023 13:00;27,01
03.08.2023 13:00;03.08.2023 14:00;21,25
03.08.2023 14:00;03.08.2023 15:00;17,43
03.08.2023 15:00;03.08.2023 16:00;17,7
03.08.2023 16:00;03.08.2023 17:00;21,94
03.08.2023 17:00;03.08.2023 18:00;45,01
03.08.2023 18:00;03.08.2023 19:00;79,78
03.08.2023 19:00;03.08.2023 20:00;95,26
03.08.2023 20:00;03.08.2023 21:00;96,6
03.08.2023 21:00;03.08.2023 22:00;96,81
03.08.2023 22:00;03.08.2023 23:00;94,38
03.08.2023 23:00;04.08.2023 00:00;87,0
04.08.2023 00:00;04.08.2023 01:00;90,14
04.08.2023 01:00;04.08.2023 02:00;83,85
04.08.2023 02:00;04.08.2023 03:00;80,92
04.08.2023 03:00;04.08.2023 04:00;79,25
04.08.2023 04:00;04.08.2023 05:00;82,77
04.08.2023 05:00;04.08.2023 06:00;88,18
04.08.2023 06:00;04.08.2023 07:00;108,68
04.08.2023 07:00;04.08.2023 08:00;123,76
04.08.2023 08:00;04.08.2023 09:00;120,67
04.08.2023 09:00;04.08.2023 10:00;105,07
04.08.2023 10:00;04.08.2023 11:00;95,16
04.08.2023 11:00;04.08.2023 12:00;90,68
04.08.2023 12:00;04.08.2023 13:00;86,92
04.08.2023 13:00;04.08.2023 14:00;80,81
04.08.2023 14:00;04.08.2023 15:00;77,84
04.08.2023 15:00;04.08.2023 16:00;77,08
04.08.2023 16:00;04.08.2023 17:00;82,89
04.08.2023 17:00;04.08.2023 18:00;95,04
04.08.2023 18:00;04.08.2023 19:00;103,46
04.08.2023 19:00;04.08.2023 20:00;134,86
04.08.2023 20:00;04.08.2023 21:00;139,8
04.08.2023 21:00;04.08.2023 22:00;128,95
04.08.2023 22:00;04.08.2023 23:00;111,0
04.08.2023 23:00;05.08.2023 00:00;98,49
05.08.2023 00:00;05.08.2023 01:00;101,55
05.08.2023 01:00;05.08.2023 02:00;94,9
05.08.2023 02:00;05.08.2023 03:00;92,58
05.08.2023 03:00;05.08.2023 04:00;90,3
05.08.2023 04:00;05.08.2023 05:00;90,24
05.08.2023 05:00;05.08.2023 06:00;90,54
05.08.2023 06:00;05.08.2023 07:00;94,7
05.08.2023 07:00;05.08.2023 08:00;93,03
05.08.2023 08:00;05.08.2023 09:00;93,19
05.08.2023 09:00;05.08.2023 10:00;89,0
05.08.2023 10:00;05.08.2023 11:00;80,1
05.08.2023 11:00;05.08.2023 12:00;75,18
05.08.2023 12:00;05.08.2023 13:00;65,01
05.08.2023 13:00;05.08.2023 14:00;58,91
05.08.2023 14:00;05.08.2023 15:00;58,04
05.08.2023 15:00;05.08.2023 16:00;65,85
05.08.2023 16:00;05.08.2023 17:00;79,73
05.08.2023 17:00;05.08.2023 18:00;99,16
05.08.2023 18:00;05.08.2023 19:00;107,62
05.08.2023 19:00;05.08.2023 20:00;123,1
05.08.2023 20:00;05.08.2023 21:00;128,99
05.08.2023 21:00;05.08.2023 22:00;109,23
05.08.2023 22:00;05.08.2023 23:00;99,08
05.08.2023 23:00;06.08.2023 00:00;87,34
06.08.2023 00:00;06.08.2023 01:00;89,1
06.08.2023 01:00;06.08.2023 02:00;88,09
06.08.2023 02:00;06.08.2023 03:00;79,07
06.08.2023 03:00;06.08.2023 04:00;79,08
06.08.2023 04:00;06.08.2023 05:00;75,06
06.08.2023 05:00;06.08.2023 06:00;84,0
06.08.2023 06:00;06.08.2023 07:00;75,1
06.08.2023 07:00;06.08.2023 08:00;68,61
06.08.2023 08:00;06.08.2023 09:00;67,46
06.08.2023 09:00;06.08.2023 10:00;61,11
06.08.2023 10:00;06.08.2023 11:00;49,09
06.08.2023 11:00;06.08.2023 12:00;43,85
06.08.2023 12:00;06.08.2023 13:00;33,92
06.08.2023 13:00;06.08.2023 14:00;12,07
06.08.2023 14:00;06.08.2023 15:00;11,96
06.08.2023 15:00;06.08.2023 16:00;9,09
06.08.2023 16:00;06.08.2023 17:00;12,1
06.08.2023 17:00;06.08.2023 18:00;35,17
06.08.2023 18:00;06.08.2023 19:00;62,03
06.08.2023 19:00;06.08.2023 20:00;72,61
06.08.2023 20:00;06.08.2023 21:00;76,85
06.08.2023 21:00;06.08.2023 22:00;77,15
06.08.2023 22:00;06.08.2023 23:00;71,86
06.08.2023 23:00;07.08.2023 00:00;55,4
07.08.2023 00:00;07.08.2023 01:00;54,4
07.08.2023 01:00;07.08.2023 02:00;47,57
07.08.2023 02:00;07.08.2023 03:00;30,83
07.08.2023 03:00;07.08.2023 04:00;7,01
07.08.2023 04:00;07.08.2023 05:00;3,55
07.08.2023 05:00;07.08.2023 06:00;0,03
07.08.2023 06:00;07.08.2023 07:00;66,32
07.08.2023 07:00;07.08.2023 08:00;73,38
07.08.2023 08:00;07.08.2023 09:00;65,14
07.08.2023 09:00;07.08.2023 10:00;44,94
07.08.2023 10:00;07.08.2023 11:00;4,37
07.08.2023 11:00;07.08.2023 12:00;1,0
07.08.2023 12:00;07.08.2023 13:00;-0,01
07.08.2023 13:00;07.08.2023 14:00;-0,81
07.08.2023 14:00;07.08.2023 15:00;-4,31
07.08.2023 15:00;07.08.2023 16:00;-9,99
07.08.2023 16:00;07.08.2023 17:00;-4,32
07.08.2023 17:00;07.08.2023 18:00;-0,04
07.08.2023 18:00;07.08.2023 19:00;0,16
07.08.2023 19:00;07.08.2023 20:00;13,69
07.08.2023 20:00;07.08.2023 21:00;30,71
07.08.2023 21:00;07.08.2023 22:00;41,83
07.08.2023 22:00;07.08.2023 23:00;1,07
07.08.2023 23:00;08.08.2023 00:00;-0,07
08.08.2023 00:00;08.08.2023 01:00;-4,28
08.08.2023 01:00;08.08.2023 02:00;-6,03
08.08.2023 02:00;08.08.2023 03:00;-6,2
08.08.2023 03:00;08.08.2023 04:00;-5,92
08.08.2023 04:00;08.08.2023 05:00;-3,74
08.08.2023 05:00;08.08.2023 06:00;-2,09
08.08.2023 06:00;08.08.2023 07:00;0,09
08.08.2023 07:00;08.08.2023 08:00;14,32
08.08.2023 08:00;08.08.2023 09:00;-0,09
08.08.2023 09:00;08.08.2023 10:00;-2,7
08.08.2023 10:00;08.08.2023 11:00;-6,77
08.08.2023 11:00;08.08.2023 12:00;-13,18
08.08.2023 12:00;08.08.2023 13:00;-15,73
08.08.2023 13:00;08.08.2023 14:00;-20,09
08.08.2023 14:00;08.08.2023 15:00;-21,77
08.08.2023 15:00;08.08.2023 16:00;-16,1
08.08.2023 16:00;08.08.2023 17:00;-8,9
08.08.2023 17:00;08.08.2023 18:00;-0,82
08.08.2023 18:00;08.08.2023 19:00;1,07
08.08.2023 19:00;08.08.2023 20:00;87,59
08.08.2023 20:00;08.08.2023 21:00;83,96
08.08.2023 21:00;08.08.2023 22:00;89,18
08.08.2023 22:00;08.08.2023 23:00;87,59
08.08.2023 23:00;09.08.2023 00:00;59,98
09.08.2023 00:00;09.08.2023 01:00;79,9
09.08.2023 01:00;09.08.2023 02:00;72,16
09.08.2023 02:00;09.08.2023 03:00;70,03
09.08.2023 03:00;09.08.2023 04:00;67,81
09.08.2023 04:00;09.08.2023 05:00;74,12
09.08.2023 05:00;09.08.2023 06:00;83,95
09.08.2023 06:00;09.08.2023 07:00;98,16
09.08.2023 07:00;09.08.2023 08:00;105,7
09.08.2023 08:00;09.08.2023 09:00;106,44
09.08.2023 09:00;09.08.2023 10:00;99,65
09.08.2023 10:00;09.08.2023 11:00;88,97
09.08.2023 11:00;09.08.2023 12:00;81,65
09.08.2023 12:00;09.08.2023 13:00;62,62
09.08.2023 13:00;09.08.2023 14:00;61,51
09.08.2023 14:00;09.08.2023 15:00;42,02
09.08.2023 15:00;09.08.2023 16:00;57,49
09.08.2023 16:00;09.08.2023 17:00;67,7
09.08.2023 17:00;09.08.2023 18:00;88,0
09.08.2023 18:00;09.08.2023 19:00;99,45
09.08.2023 19:00;09.08.2023 20:00;118,91
09.08.2023 20:00;09.08.2023 21:00;139,08
09.08.2023 21:00;09.08.2023 22:00;131,62
09.08.2023 22:00;09.08.2023 23:00;122,47
09.08.2023 23:00;10.08.2023 00:00;100,96
10.08.2023 00:00;10.08.2023 01:00;96,27
10.08.2023 01:00;10.08.2023 02:00;91,99
10.08.2023 02:00;10.08.2023 03:00;89,15
10.08.2023 03:00;10.08.2023 04:00;79,98
10.08.2023 04:00;10.08.2023 05:00;88,82
10.08.2023 05:00;10.08.2023 06:00;93,0
10.08.2023 06:00;10.08.2023 07:00;134,27
10.08.2023 07:00;10.08.2023 08:00;192,61
10.08.2023 08:00;10.08.2023 09:00;110,21
10.08.2023 09:00;10.08.2023 10:00;96,9
10.08.2023 10:00;10.08.2023 11:00;82,19
10.08.2023 11:00;10.08.2023 12:00;67,04
10.08.2023 12:00;10.08.2023 13:00;67,05
10.08.2023 13:00;10.08.2023 14:00;39,07
10.08.2023 14:00;10.08.2023 15:00;44,92
10.08.2023 15:00;10.08.2023 16:00;65,57
10.08.2023 16:00;10.08.2023 17:00;80,01
10.08.2023 17:00;10.08.2023 18:00;93,38
10.08.2023 18:00;10.08.2023 19:00;102,88
10.08.2023 19:00;10.08.2023 20:00;171,76
10.08.2023 20:00;10.08.2023 21:00;203,8
10.08.2023 21:00;10.08.2023 22:00;144,49
10.08.2023 22:00;10.08.2023 23:00;115,49
10.08.2023 23:00;11.08.2023 00:00;101,29
11.08.2023 00:00;11.08.2023 01:00;111,31
11.08.2023 01:00;11.08.2023 02:00;106,39
11.08.2023 02:00;11.08.2023 03:00;104,77
11.08.2023 03:00;11.08.2023 04:00;99,75
11.08.2023 04:00;11.08.2023 05:00;102,29
11.08.2023 05:00;11.08.2023 06:00;106,8
11.08.2023 06:00;11.08.2023 07:00;143,29
11.08.2023 07:00;11.08.2023 08:00;143,29
11.08.2023 08:00;11.08.2023 09:00;115,07
11.08.2023 09:00;11.08.2023 10:00;100,2
11.08.2023 10:00;11.08.2023 11:00;84,51
11.08.2023 11:00;11.08.2023 12:00;73,69
11.08.2023 12:00;11.08.2023 13:00;41,42
11.08.2023 13:00;11.08.2023 14:00;30,19
11.08.2023 14:00;11.08.2023 15:00;32,21
11.08.2023 15:00;11.08.2023 16:00;58,01
11.08.2023 16:00;11.08.2023 17:00;84,58
11.08.2023 17:00;11.08.2023 18:00;97,98
11.08.2023 18:00;11.08.2023 19:00;112,78
11.08.2023 19:00;11.08.2023 20:00;140,81
11.08.2023 20:00;11.08.2023 21:00;166,66
11.08.2023 21:00;11.08.2023 22:00;133,0
11.08.2023 22:00;11.08.2023 23:00;117,88
11.08.2023 23:00;12.08.2023 00:00;103,78
12.08.2023 00:00;12.08.2023 01:00;103,54
12.08.2023 01:00;12.08.2023 02:00;98,2
12.08.2023 02:00;12.08.2023 03:00;97,7
12.08.2023 03:00;12.08.2023 04:00;95,92
12.08.2023 04:00;12.08.2023 05:00;93,91
12.08.2023 05:00;12.08.2023 06:00;98,92
12.08.2023 06:00;12.08.2023 07:00;95,49
12.08.2023 07:00;12.08.2023 08:00;100,0
12.08.2023 08:00;12.08.2023 09:00;99,54
12.08.2023 09:00;12.08.2023 10:00;87,5
12.08.2023 10:00;12.08.2023 11:00;76,25
12.08.2023 11:00;12.08.2023 12:00;67,06
12.08.2023 12:00;12.08.2023 13:00;51,64
12.08.2023 13:00;12.08.2023 14:00;24,51
12.08.2023 14:00;12.08.2023 15:00;6,0
12.08.2023 15:00;12.08.2023 16:00;6,92
12.08.2023 16:00;12.08.2023 17:00;20,4
12.08.2023 17:00;12.08.2023 18:00;67,58
12.08.2023 18:00;12.08.2023 19:00;92,54
12.08.2023 19:00;12.08.2023 20:00;106,47
12.08.2023 20:00;12.08.2023 21:00;111,16
12.08.2023 21:00;12.08.2023 22:00;112,28
12.08.2023 22:00;12.08.2023 23:00;108,05
12.08.2023 23:00;13.08.2023 00:00;101,66
13.08.2023 00:00;13.08.2023 01:00;90,1
13.08.2023 01:00;13.08.2023 02:00;84,6
13.08.2023 02:00;13.08.2023 03:00;78,8
13.08.2023 03:00;13.08.2023 04:00;69,66
13.08.2023 04:00;13.08.2023 05:00;69,0
13.08.2023 05:00;13.08.2023 06:00;72,02
13.08.2023 06:00;13.08.2023 07:00;77,69
13.08.2023 07:00;13.08.2023 08:00;76,74
13.08.2023 08:00;13.08.2023 09:00;70,81
13.08.2023 09:00;13.08.2023 10:00;50,39
13.08.2023 10:00;13.08.2023 11:00;28,21
13.08.2023 11:00;13.08.2023 12:00;14,13
13.08.2023 12:00;13.08.2023 13:00;5,87
13.08.2023 13:00;13.08.2023 14:00;1,06
13.08.2023 14:00;13.08.2023 15:00;1,46
13.08.2023 15:00;13.08.2023 16:00;6,76
13.08.2023 16:00;13.08.2023 17:00;17,45
13.08.2023 17:00;13.08.2023 18:00;72,66
13.08.2023 18:00;13.08.2023 19:00;99,17
13.08.2023 19:00;13.08.2023 20:00;108,17
13.08.2023 20:00;13.08.2023 21:00;116,02
13.08.2023 21:00;13.08.2023 22:00;120,0
13.08.2023 22:00;13.08.2023 23:00;120,15
13.08.2023 23:00;14.08.2023 00:00;114,09
14.08.2023 00:00;14.08.2023 01:00;98,01
14.08.2023 01:00;14.08.2023 02:00;89,63
14.08.2023 02:00;14.08.2023 03:00;84,5
14.08.2023 03:00;14.08.2023 04:00;88,37
14.08.2023 04:00;14.08.2023 05:00;94,61
14.08.2023 05:00;14.08.2023 06:00;110,38
14.08.2023 06:00;14.08.2023 07:00;130,99
14.08.2023 07:00;14.08.2023 08:00;142,87
14.08.2023 08:00;14.08.2023 09:00;116,86
14.08.2023 09:00;14.08.2023 10:00;99,07
14.08.2023 10:00;14.08.2023 11:00;83,67
14.08.2023 11:00;14.08.2023 12:00;77,31
14.08.2023 12:00;14.08.2023 13:00;69,93
14.08.2023 13:00;14.08.2023 14:00;63,68
14.08.2023 14:00;14.08.2023 15:00;67,11
14.08.2023 15:00;14.08.2023 16:00;74,1
14.08.2023 16:00;14.08.2023 17:00;82,5
14.08.2023 17:00;14.08.2023 18:00;101,69
14.08.2023 18:00;14.08.2023 19:00;123,87
14.08.2023 19:00;14.08.2023 20:00;177,79
14.08.2023 20:00;14.08.2023 21:00;161,07
14.08.2023 21:00;14.08.2023 22:00;130,86
14.08.2023 22:00;14.08.2023 23:00;110,99
14.08.2023 23:00;15.08.2023 00:00;101,06
15.08.2023 00:00;15.08.2023 01:00;99,6
15.08.2023 01:00;15.08.2023 02:00;92,65
15.08.2023 02:00;15.08.2023 03:00;92,16
15.08.2023 03:00;15.08.2023 04:00;89,96
15.08.2023 04:00;15.08.2023 05:00;87,67
15.08.2023 05:00;15.08.2023 06:00;92,71
15.08.2023 06:00;15.08.2023 07:00;113,68
15.08.2023 07:00;15.08.2023 08:00;135,0
15.08.2023 08:00;15.08.2023 09:00;120,58
15.08.2023 09:00;15.08.2023 10:00;94,7
15.08.2023 10:00;15.08.2023 11:00;79,97
15.08.2023 11:00;15.08.2023 12:00;73,98
15.08.2023 12:00;15.08.2023 13:00;62,34
15.08.2023 13:00;15.08.2023 14:00;30,98
15.08.2023 14:00;15.08.2023 15:00;23,54
15.08.2023 15:00;15.08.2023 16:00;45,85
15.08.2023 16:00;15.08.2023 17:00;70,26
15.08.2023 17:00;15.08.2023 18:00;96,02
15.08.2023 18:00;15.08.2023 19:00;108,67
15.08.2023 19:00;15.08.2023 20:00;126,06
15.08.2023 20:00;15.08.2023 21:00;142,61
15.08.2023 21:00;15.08.2023 22:00;133,04
15.08.2023 22:00;15.08.2023 23:00;125,44
15.08.2023 23:00;16.08.2023 00:00;107,89
16.08.2023 00:00;16.08.2023 01:00;106,8
16.08.2023 01:00;16.08.2023 02:00;97,45
16.08.2023 02:00;16.08.2023 03:00;93,38
16.08.2023 03:00;16.08.2023 04:00;94,47
16.08.2023 04:00;16.08.2023 05:00;97,0
16.08.2023 05:00;16.08.2023 06:00;99,5
16.08.2023 06:00;16.08.2023 07:00;119,09
16.08.2023 07:00;16.08.2023 08:00;146,01
16.08.2023 08:00;16.08.2023 09:00;129,58
16.08.2023 09:00;16.08.2023 10:00;109,51
16.08.2023 10:00;16.08.2023 11:00;99,31
16.08.2023 11:00;16.08.2023 12:00;94,44
16.08.2023 12:00;16.08.2023 13:00;91,64
16.08.2023 13:00;16.08.2023 14:00;86,91
16.08.2023 14:00;16.08.2023 15:00;89,83
16.08.2023 15:00;16.08.2023 16:00;93,11
16.08.2023 16:00;16.08.2023 17:00;97,21
16.08.2023 17:00;16.08.2023 18:00;110,79
16.08.2023 18:00;16.08.2023 19:00;131,22
16.08.2023 19:00;16.08.2023 20:00;156,1
16.08.2023 20:00;16.08.2023 21:00;160,03
16.08.2023 21:00;16.08.2023 22:00;136,1
16.08.2023 22:00;16.08.2023 23:00;119,9
16.08.2023 23:00;17.08.2023 00:00;99,99
17.08.2023 00:00;17.08.2023 01:00;104,88
17.08.2023 01:00;17.08.2023 02:00;98,38
17.08.2023 02:00;17.08.2023 03:00;97,95
17.08.2023 03:00;17.08.2023 04:00;95,14
17.08.2023 04:00;17.08.2023 05:00;95,14
17.08.2023 05:00;17.08.2023 06:00;102,4
17.08.2023 06:00;17.08.2023 07:00;134,72
17.08.2023 07:00;17.08.2023 08:00;136,4
17.08.2023 08:00;17.08.2023 09:00;134,11
17.08.2023 09:00;17.08.2023 10:00;115,2
17.08.2023 10:00;17.08.2023 11:00;103,07
17.08.2023 11:00;17.08.2023 12:00;95,21
17.08.2023 12:00;17.08.2023 13:00;91,62
17.08.2023 13:00;17.08.2023 14:00;89,98
17.08.2023 14:00;17.08.2023 15:00;89,98
17.08.2023 15:00;17.08.2023 16:00;94,09
17.08.2023 16:00;17.08.2023 17:00;100,0
17.08.2023 17:00;17.08.2023 18:00;113,45
17.08.2023 18:00;17.08.2023 19:00;131,92
17.08.2023 19:00;17.08.2023 20:00;150,63
17.08.2023 20:00;17.08.2023 21:00;145,62
17.08.2023 21:00;17.08.2023 22:00;128,88
17.08.2023 22:00;17.08.2023 23:00;116,63
17.08.2023 23:00;18.08.2023 00:00;107,3
18.08.2023 00:00;18.08.2023 01:00;105,09
18.08.2023 01:00;18.08.2023 02:00;101,76
18.08.2023 02:00;18.08.2023 03:00;101,03
18.08.2023 03:00;18.08.2023 04:00;103,17
18.08.2023 04:00;18.08.2023 05:00;101,99
18.08.2023 05:00;18.08.2023 06:00;104,41
18.08.2023 06:00;18.08.2023 07:00;120,8
18.08.2023 07:00;18.08.2023 08:00;140,63
18.08.2023 08:00;18.08.2023 09:00;122,45
18.08.2023 09:00;18.08.2023 10:00;106,85
18.08.2023 10:00;18.08.2023 11:00;95,85
18.08.2023 11:00;18.08.2023 12:00;89,05
18.08.2023 12:00;18.08.2023 13:00;86,28
18.08.2023 13:00;18.08.2023 14:00;82,85
18.08.2023 14:00;18.08.2023 15:00;84,16
18.08.2023 15:00;18.08.2023 16:00;89,17
18.08.2023 16:00;18.08.2023 17:00;95,35
18.08.2023 17:00;18.08.2023 18:00;108,26
18.08.2023 18:00;18.08.2023 19:00;128,0
18.08.2023 19:00;18.08.2023 20:00;161,38
18.08.2023 20:00;18.08.2023 21:00;150,24
18.08.2023 21:00;18.08.2023 22:00;127,47
18.08.2023 22:00;18.08.2023 23:00;109,29
18.08.2023 23:00;19.08.2023 00:00;100,23
19.08.2023 00:00;19.08.2023 01:00;99,2
19.08.2023 01:00;19.08.2023 02:00;95,88
19.08.2023 02:00;19.08.2023 03:00;94,4
19.08.2023 03:00;19.08.2023 04:00;93,64
19.08.2023 04:00;19.08.2023 05:00;95,9
19.08.2023 05:00;19.08.2023 06:00;95,9
19.08.2023 06:00;19.08.2023 07:00;99,9
19.08.2023 07:00;19.08.2023 08:00;90,21
19.08.2023 08:00;19.08.2023 09:00;83,02
19.08.2023 09:00;19.08.2023 10:00;79,37
19.08.2023 10:00;19.08.2023 11:00;69,4
19.08.2023 11:00;19.08.2023 12:00;41,83
19.08.2023 12:00;19.08.2023 13:00;25,45
19.08.2023 13:00;19.08.2023 14:00;14,86
19.08.2023 14:00;19.08.2023 15:00;12,59
19.08.2023 15:00;19.08.2023 16:00;25,01
19.08.2023 16:00;19.08.2023 17:00;74,42
19.08.2023 17:00;19.08.2023 18:00;100,45
19.08.2023 18:00;19.08.2023 19:00;115,46
19.08.2023 19:00;19.08.2023 20:00;130,15
19.08.2023 20:00;19.08.2023 21:00;129,19
19.08.2023 21:00;19.08.2023 22:00;132,53
19.08.2023 22:00;19.08.2023 23:00;123,71
19.08.2023 23:00;20.08.2023 00:00;112,54
20.08.2023 00:00;20.08.2023 01:00;113,99
20.08.2023 01:00;20.08.2023 02:00;110,59
20.08.2023 02:00;20.08.2023 03:00;105,17
20.08.2023 03:00;20.08.2023 04:00;105,02
20.08.2023 04:00;20.08.2023 05:00;103,01
20.08.2023 05:00;20.08.2023 06:00;104,61
20.08.2023 06:00;20.08.2023 07:00;104,72
20.08.2023 07:00;20.08.2023 08:00;99,69
20.08.2023 08:00;20.08.2023 09:00;98,99
20.08.2023 09:00;20.08.2023 10:00;86,62
20.08.2023 10:00;20.08.2023 11:00;73,31
20.08.2023 11:00;20.08.2023 12:00;44,0
20.08.2023 12:00;20.08.2023 13:00;19,23
20.08.2023 13:00;20.08.2023 14:00;13,25
20.08.2023 14:00;20.08.2023 15:00;13,84
20.08.2023 15:00;20.08.2023 16:00;33,81
20.08.2023 16:00;20.08.2023 17:00;78,98
20.08.2023 17:00;20.08.2023 18:00;95,1
20.08.2023 18:00;20.08.2023 19:00;112,0
20.08.2023 19:00;20.08.2023 20:00;128,8
20.08.2023 20:00;20.08.2023 21:00;140,0
20.08.2023 21:00;20.08.2023 22:00;139,54
20.08.2023 22:00;20.08.2023 23:00;126,71
20.08.2023 23:00;21.08.2023 00:00;111,95
21.08.2023 00:00;21.08.2023 01:00;111,95
21.08.2023 01:00;21.08.2023 02:00;101,67
21.08.2023 02:00;21.08.2023 03:00;98,71
21.08.2023 03:00;21.08.2023 04:00;95,07
21.08.2023 04:00;21.08.2023 05:00;97,71
21.08.2023 05:00;21.08.2023 06:00;106,22
21.08.2023 06:00;21.08.2023 07:00;138,84
21.08.2023 07:00;21.08.2023 08:00;160,93
21.08.2023 08:00;21.08.2023 09:00;137,27
21.08.2023 09:00;21.08.2023 10:00;115,13
21.08.2023 10:00;21.08.2023 11:00;104,04
21.08.2023 11:00;21.08.2023 12:00;96,77
21.08.2023 12:00;21.08.2023 13:00;92,64
21.08.2023 13:00;21.08.2023 14:00;89,96
21.08.2023 14:00;21.08.2023 15:00;95,1
21.08.2023 15:00;21.08.2023 16:00;95,57
21.08.2023 16:00;21.08.2023 17:00;100,0
21.08.2023 17:00;21.08.2023 18:00;118,67
21.08.2023 18:00;21.08.2023 19:00;142,78
21.08.2023 19:00;21.08.2023 20:00;186,73
21.08.2023 20:00;21.08.2023 21:00;203,45
21.08.2023 21:00;21.08.2023 22:00;166,35
21.08.2023 22:00;21.08.2023 23:00;136,01
21.08.2023 23:00;22.08.2023 00:00;115,0
22.08.2023 00:00;22.08.2023 01:00;113,69
22.08.2023 01:00;22.08.2023 02:00;104,94
22.08.2023 02:00;22.08.2023 03:00;103,47
22.08.2023 03:00;22.08.2023 04:00;103,61
22.08.2023 04:00;22.08.2023 05:00;106,29
22.08.2023 05:00;22.08.2023 06:00;112,51
22.08.2023 06:00;22.08.2023 07:00;136,51
22.08.2023 07:00;22.08.2023 08:00;150,87
22.08.2023 08:00;22.08.2023 09:00;136,95
22.08.2023 09:00;22.08.2023 10:00;115,91
22.08.2023 10:00;22.08.2023 11:00;102,4
22.08.2023 11:00;22.08.2023 12:00;99,67
22.08.2023 12:00;22.08.2023 13:00;93,57
22.08.2023 13:00;22.08.2023 14:00;92,58
22.08.2023 14:00;22.08.2023 15:00;92,44
22.08.2023 15:00;22.08.2023 16:00;97,16
22.08.2023 16:00;22.08.2023 17:00;99,95
22.08.2023 17:00;22.08.2023 18:00;108,94
22.08.2023 18:00;22.08.2023 19:00;145,18
22.08.2023 19:00;22.08.2023 20:00;192,83
22.08.2023 20:00;22.08.2023 21:00;206,48
22.08.2023 21:00;22.08.2023 22:00;166,3
22.08.2023 22:00;22.08.2023 23:00;145,8
22.08.2023 23:00;23.08.2023 00:00;127,6
23.08.2023 00:00;23.08.2023 01:00;123,89
23.08.2023 01:00;23.08.2023 02:00;112,67
23.08.2023 02:00;23.08.2023 03:00;109,9
23.08.2023 03:00;23.08.2023 04:00;106,38
23.08.2023 04:00;23.08.2023 05:00;110,2
23.08.2023 05:00;23.08.2023 06:00;115,11
23.08.2023 06:00;23.08.2023 07:00;141,11
23.08.2023 07:00;23.08.2023 08:00;162,0
23.08.2023 08:00;23.08.2023 09:00;157,41
23.08.2023 09:00;23.08.2023 10:00;136,5
23.08.2023 10:00;23.08.2023 11:00;119,85
23.08.2023 11:00;23.08.2023 12:00;111,75
23.08.2023 12:00;23.08.2023 13:00;102,34
23.08.2023 13:00;23.08.2023 14:00;98,86
23.08.2023 14:00;23.08.2023 15:00;97,55
23.08.2023 15:00;23.08.2023 16:00;104,63
23.08.2023 16:00;23.08.2023 17:00;117,08
23.08.2023 17:00;23.08.2023 18:00;144,2
23.08.2023 18:00;23.08.2023 19:00;225,5
23.08.2023 19:00;23.08.2023 20:00;276,12
23.08.2023 20:00;23.08.2023 21:00;291,93
23.08.2023 21:00;23.08.2023 22:00;240,79
23.08.2023 22:00;23.08.2023 23:00;172,82
23.08.2023 23:00;24.08.2023 00:00;138,67
24.08.2023 00:00;24.08.2023 01:00;133,82
24.08.2023 01:00;24.08.2023 02:00;124,95
24.08.2023 02:00;24.08.2023 03:00;118,05
24.08.2023 03:00;24.08.2023 04:00;114,58
24.08.2023 04:00;24.08.2023 05:00;121,73
24.08.2023 05:00;24.08.2023 06:00;136,28
24.08.2023 06:00;24.08.2023 07:00;164,9
24.08.2023 07:00;24.08.2023 08:00;165,62
24.08.2023 08:00;24.08.2023 09:00;163,63
24.08.2023 09:00;24.08.2023 10:00;131,97
24.08.2023 10:00;24.08.2023 11:00;113,51
24.08.2023 11:00;24.08.2023 12:00;108,94
24.08.2023 12:00;24.08.2023 13:00;108,99
24.08.2023 13:00;24.08.2023 14:00;107,48
24.08.2023 14:00;24.08.2023 15:00;111,39
24.08.2023 15:00;24.08.2023 16:00;116,03
24.08.2023 16:00;24.08.2023 17:00;122,88
24.08.2023 17:00;24.08.2023 18:00;158,97
24.08.2023 18:00;24.08.2023 19:00;211,78
24.08.2023 19:00;24.08.2023 20:00;264,91
24.08.2023 20:00;24.08.2023 21:00;249,29
24.08.2023 21:00;24.08.2023 22:00;187,64
24.08.2023 22:00;24.08.2023 23:00;159,27
24.08.2023 23:00;25.08.2023 00:00;130,09
25.08.2023 00:00;25.08.2023 01:00;105,24
25.08.2023 01:00;25.08.2023 02:00;96,34
25.08.2023 02:00;25.08.2023 03:00;95,71
25.08.2023 03:00;25.08.2023 04:00;95,9
25.08.2023 04:00;25.08.2023 05:00;96,76
25.08.2023 05:00;25.08.2023 06:00;103,0
25.08.2023 06:00;25.08.2023 07:00;124,22
25.08.2023 07:00;25.08.2023 08:00;135,12
25.08.2023 08:00;25.08.2023 09:00;139,42
25.08.2023 09:00;25.08.2023 10:00;129,03
25.08.2023 10:00;25.08.2023 11:00;116,67
25.08.2023 11:00;25.08.2023 12:00;110,61
25.08.2023 12:00;25.08.2023 13:00;101,95
25.08.2023 13:00;25.08.2023 14:00;100,0
25.08.2023 14:00;25.08.2023 15:00;95,58
25.08.2023 15:00;25.08.2023 16:00;93,27
25.08.2023 16:00;25.08.2023 17:00;100,82
25.08.2023 17:00;25.08.2023 18:00;122,02
25.08.2023 18:00;25.08.2023 19:00;142,0
25.08.2023 19:00;25.08.2023 20:00;161,26
25.08.2023 20:00;25.08.2023 21:00;151,43
25.08.2023 21:00;25.08.2023 22:00;138,13
25.08.2023 22:00;25.08.2023 23:00;127,89
25.08.2023 23:00;26.08.2023 00:00;107,89
26.08.2023 00:00;26.08.2023 01:00;109,9
26.08.2023 01:00;26.08.2023 02:00;104,1
26.08.2023 02:00;26.08.2023 03:00;101,91
26.08.2023 03:00;26.08.2023 04:00;99,52
26.08.2023 04:00;26.08.2023 05:00;96,12
26.08.2023 05:00;26.08.2023 06:00;93,63
26.08.2023 06:00;26.08.2023 07:00;95,48
26.08.2023 07:00;26.08.2023 08:00;95,9
26.08.2023 08:00;26.08.2023 09:00;98,3
26.08.2023 09:00;26.08.2023 10:00;92,64
26.08.2023 10:00;26.08.2023 11:00;85,11
26.08.2023 11:00;26.08.2023 12:00;80,38
26.08.2023 12:00;26.08.2023 13:00;69,91
26.08.2023 13:00;26.08.2023 14:00;46,27
26.08.2023 14:00;26.08.2023 15:00;56,38
26.08.2023 15:00;26.08.2023 16:00;80,53
26.08.2023 16:00;26.08.2023 17:00;86,87
26.08.2023 17:00;26.08.2023 18:00;95,0
26.08.2023 18:00;26.08.2023 19:00;103,76
26.08.2023 19:00;26.08.2023 20:00;123,82
26.08.2023 20:00;26.08.2023 21:00;132,21
26.08.2023 21:00;26.08.2023 22:00;135,02
26.08.2023 22:00;26.08.2023 23:00;122,98
26.08.2023 23:00;27.08.2023 00:00;110,63
27.08.2023 00:00;27.08.2023 01:00;102,39
27.08.2023 01:00;27.08.2023 02:00;98,31
27.08.2023 02:00;27.08.2023 03:00;96,91
27.08.2023 03:00;27.08.2023 04:00;96,0
27.08.2023 04:00;27.08.2023 05:00;99,16
27.08.2023 05:00;27.08.2023 06:00;98,07
27.08.2023 06:00;27.08.2023 07:00;99,16
27.08.2023 07:00;27.08.2023 08:00;96,32
27.08.2023 08:00;27.08.2023 09:00;94,1
27.08.2023 09:00;27.08.2023 10:00;94,92
27.08.2023 10:00;27.08.2023 11:00;93,24
27.08.2023 11:00;27.08.2023 12:00;93,98
27.08.2023 12:00;27.08.2023 13:00;93,26
27.08.2023 13:00;27.08.2023 14:00;87,6
27.08.2023 14:00;27.08.2023 15:00;87,87
27.08.2023 15:00;27.08.2023 16:00;89,06
27.08.2023 16:00;27.08.2023 17:00;96,33
27.08.2023 17:00;27.08.2023 18:00;105,62
27.08.2023 18:00;27.08.2023 19:00;119,94
27.08.2023 19:00;27.08.2023 20:00;129,13
27.08.2023 20:00;27.08.2023 21:00;125,08
27.08.2023 21:00;27.08.2023 22:00;127,14
27.08.2023 22:00;27.08.2023 23:00;119,0
27.08.2023 23:00;28.08.2023 00:00;102,99
28.08.2023 00:00;28.08.2023 01:00;93,31
28.08.2023 01:00;28.08.2023 02:00;88,52
28.08.2023 02:00;28.08.2023 03:00;85,0
28.08.2023 03:00;28.08.2023 04:00;80,66
28.08.2023 04:00;28.08.2023 05:00;85,24
28.08.2023 05:00;28.08.2023 06:00;93,35
28.08.2023 06:00;28.08.2023 07:00;111,18
28.08.2023 07:00;28.08.2023 08:00;140,51
28.08.2023 08:00;28.08.2023 09:00;145,66
28.08.2023 09:00;28.08.2023 10:00;124,55
28.08.2023 10:00;28.08.2023 11:00;116,58
28.08.2023 11:00;28.08.2023 12:00;114,86
28.08.2023 12:00;28.08.2023 13:00;105,07
28.08.2023 13:00;28.08.2023 14:00;100,25
28.08.2023 14:00;28.08.2023 15:00;100,59
28.08.2023 15:00;28.08.2023 16:00;117,58
28.08.2023 16:00;28.08.2023 17:00;116,47
28.08.2023 17:00;28.08.2023 18:00;150,15
28.08.2023 18:00;28.08.2023 19:00;162,85
28.08.2023 19:00;28.08.2023 20:00;174,96
28.08.2023 20:00;28.08.2023 21:00;166,73
28.08.2023 21:00;28.08.2023 22:00;142,4
28.08.2023 22:00;28.08.2023 23:00;123,72
28.08.2023 23:00;29.08.2023 00:00;107,94
29.08.2023 00:00;29.08.2023 01:00;103,09
29.08.2023 01:00;29.08.2023 02:00;96,97
29.08.2023 02:00;29.08.2023 03:00;95,04
29.08.2023 03:00;29.08.2023 04:00;95,04
29.08.2023 04:00;29.08.2023 05:00;95,05
29.08.2023 05:00;29.08.2023 06:00;98,81
29.08.2023 06:00;29.08.2023 07:00;121,88
29.08.2023 07:00;29.08.2023 08:00;147,16
29.08.2023 08:00;29.08.2023 09:00;168,78
29.08.2023 09:00;29.08.2023 10:00;150,84
29.08.2023 10:00;29.08.2023 11:00;131,77
29.08.2023 11:00;29.08.2023 12:00;116,98
29.08.2023 12:00;29.08.2023 13:00;111,19
29.08.2023 13:00;29.08.2023 14:00;102,85
29.08.2023 14:00;29.08.2023 15:00;100,15
29.08.2023 15:00;29.08.2023 16:00;107,64
29.08.2023 16:00;29.08.2023 17:00;114,09
29.08.2023 17:00;29.08.2023 18:00;140,63
29.08.2023 18:00;29.08.2023 19:00;155,85
29.08.2023 19:00;29.08.2023 20:00;171,81
29.08.2023 20:00;29.08.2023 21:00;162,5
29.08.2023 21:00;29.08.2023 22:00;136,68
29.08.2023 22:00;29.08.2023 23:00;122,08
29.08.2023 23:00;30.08.2023 00:00;102,81
30.08.2023 00:00;30.08.2023 01:00;100,12
30.08.2023 01:00;30.08.2023 02:00;98,6
30.08.2023 02:00;30.08.2023 03:00;96,36
30.08.2023 03:00;30.08.2023 04:00;94,57
30.08.2023 04:00;30.08.2023 05:00;96,81
30.08.2023 05:00;30.08.2023 06:00;97,68
30.08.2023 06:00;30.08.2023 07:00;128,15
30.08.2023 07:00;30.08.2023 08:00;144,13
30.08.2023 08:00;30.08.2023 09:00;139,91
30.08.2023 09:00;30.08.2023 10:00;124,7
30.08.2023 10:00;30.08.2023 11:00;110,29
30.08.2023 11:00;30.08.2023 12:00;99,3
30.08.2023 12:00;30.08.2023 13:00;97,74
30.08.2023 13:00;30.08.2023 14:00;95,58
30.08.2023 14:00;30.08.2023 15:00;94,1
30.08.2023 15:00;30.08.2023 16:00;96,65
30.08.2023 16:00;30.08.2023 17:00;95,74
30.08.2023 17:00;30.08.2023 18:00;115,33
30.08.2023 18:00;30.08.2023 19:00;139,92
30.08.2023 19:00;30.08.2023 20:00;169,01
30.08.2023 20:00;30.08.2023 21:00;168,09
30.08.2023 21:00;30.08.2023 22:00;134,4
30.08.2023 22:00;30.08.2023 23:00;119,49
30.08.2023 23:00;31.08.2023 00:00;101,59
31.08.2023 00:00;31.08.2023 01:00;96,31
31.08.2023 01:00;31.08.2023 02:00;91,76
31.08.2023 02:00;31.08.2023 03:00;91,43
31.08.2023 03:00;31.08.2023 04:00;90,81
31.08.2023 04:00;31.08.2023 05:00;88,47
31.08.2023 05:00;31.08.2023 06:00;91,43
31.08.2023 06:00;31.08.2023 07:00;105,41
31.08.2023 07:00;31.08.2023 08:00;141,51
31.08.2023 08:00;31.08.2023 09:00;127,72
31.08.2023 09:00;31.08.2023 10:00;114,13
31.08.2023 10:00;31.08.2023 11:00;96,87
31.08.2023 11:00;31.08.2023 12:00;92,0
31.08.2023 12:00;31.08.2023 13:00;90,06
31.08.2023 13:00;31.08.2023 14:00;88,04
31.08.2023 14:00;31.08.2023 15:00;86,26
31.08.2023 15:00;31.08.2023 16:00;87,01
31.08.2023 16:00;31.08.2023 17:00;89,01
31.08.2023 17:00;31.08.2023 18:00;99,72
31.08.2023 18:00;31.08.2023 19:00;119,05
31.08.2023 19:00;31.08.2023 20:00;148,55
31.08.2023 20:00;31.08.2023 21:00;139,15
31.08.2023 21:00;31.08.2023 22:00;125,5
31.08.2023 22:00;31.08.2023 23:00;106,03
31.08.2023 23:00;01.09.2023 00:00;96,89
01.09.2023 00:00;01.09.2023 01:00;98,9
01.09.2023 01:00;01.09.2023 02:00;95,97
01.09.2023 02:00;01.09.2023 03:00;93,29
01.09.2023 03:00;01.09.2023 04:00;93,07
01.09.2023 04:00;01.09.2023 05:00;94,08
01.09.2023 05:00;01.09.2023 06:00;97,2
01.09.2023 06:00;01.09.2023 07:00;112,04
01.09.2023 07:00;01.09.2023 08:00;128,43
01.09.2023 08:00;01.09.2023 09:00;129,43
01.09.2023 09:00;01.09.2023 10:00;111,3
01.09.2023 10:00;01.09.2023 11:00;102,22
01.09.2023 11:00;01.09.2023 12:00;96,52
01.09.2023 12:00;01.09.2023 13:00;92,02
01.09.2023 13:00;01.09.2023 14:00;88,9
01.09.2023 14:00;01.09.2023 15:00;89,23
01.09.2023 15:00;01.09.2023 16:00;92,02
01.09.2023 16:00;01.09.2023 17:00;96,57
01.09.2023 17:00;01.09.2023 18:00;107,61
01.09.2023 18:00;01.09.2023 19:00;127,15
01.09.2023 19:00;01.09.2023 20:00;151,52
01.09.2023 20:00;01.09.2023 21:00;147,34
01.09.2023 21:00;01.09.2023 22:00;127,7
01.09.2023 22:00;01.09.2023 23:00;118,56
01.09.2023 23:00;02.09.2023 00:00;114,65
02.09.2023 00:00;02.09.2023 01:00;107,46
02.09.2023 01:00;02.09.2023 02:00;102,7
02.09.2023 02:00;02.09.2023 03:00;100,0
02.09.2023 03:00;02.09.2023 04:00;95,9
02.09.2023 04:00;02.09.2023 05:00;96,4
02.09.2023 05:00;02.09.2023 06:00;100,2
02.09.2023 06:00;02.09.2023 07:00;101,02
02.09.2023 07:00;02.09.2023 08:00;101,09
02.09.2023 08:00;02.09.2023 09:00;100,22
02.09.2023 09:00;02.09.2023 10:00;94,58
02.09.2023 10:00;02.09.2023 11:00;89,77
02.09.2023 11:00;02.09.2023 12:00;79,9
02.09.2023 12:00;02.09.2023 13:00;76,0
02.09.2023 13:00;02.09.2023 14:00;62,99
02.09.2023 14:00;02.09.2023 15:00;55,35
02.09.2023 15:00;02.09.2023 16:00;69,4
02.09.2023 16:00;02.09.2023 17:00;80,01
02.09.2023 17:00;02.09.2023 18:00;93,45
02.09.2023 18:00;02.09.2023 19:00;110,0
02.09.2023 19:00;02.09.2023 20:00;121,79
02.09.2023 20:00;02.09.2023 21:00;126,8
02.09.2023 21:00;02.09.2023 22:00;115,19
02.09.2023 22:00;02.09.2023 23:00;105,64
02.09.2023 23:00;03.09.2023 00:00;97,34
03.09.2023 00:00;03.09.2023 01:00;105,28
03.09.2023 01:00;03.09.2023 02:00;101,03
03.09.2023 02:00;03.09.2023 03:00;101,94
03.09.2023 03:00;03.09.2023 04:00;101,64
03.09.2023 04:00;03.09.2023 05:00;100,37
03.09.2023 05:00;03.09.2023 06:00;99,03
03.09.2023 06:00;03.09.2023 07:00;98,18
03.09.2023 07:00;03.09.2023 08:00;94,43
03.09.2023 08:00;03.09.2023 09:00;89,54
03.09.2023 09:00;03.09.2023 10:00;82,8
03.09.2023 10:00;03.09.2023 11:00;60,3
03.09.2023 11:00;03.09.2023 12:00;43,43
03.09.2023 12:00;03.09.2023 13:00;21,37
03.09.2023 13:00;03.09.2023 14:00;11,33
03.09.2023 14:00;03.09.2023 15:00;4,94
03.09.2023 15:00;03.09.2023 16:00;15,71
03.09.2023 16:00;03.09.2023 17:00;53,66
03.09.2023 17:00;03.09.2023 18:00;94,43
03.09.2023 18:00;03.09.2023 19:00;110,03
03.09.2023 19:00;03.09.2023 20:00;125,19
03.09.2023 20:00;03.09.2023 21:00;138,59
03.09.2023 21:00;03.09.2023 22:00;119,32
03.09.2023 22:00;03.09.2023 23:00;109,83
03.09.2023 23:00;04.09.2023 00:00;101,17
04.09.2023 00:00;04.09.2023 01:00;100,85
04.09.2023 01:00;04.09.2023 02:00;94,49
04.09.2023 02:00;04.09.2023 03:00;93,14
04.09.2023 03:00;04.09.2023 04:00;93,59
04.09.2023 04:00;04.09.2023 05:00;93,19
04.09.2023 05:00;04.09.2023 06:00;103,38
04.09.2023 06:00;04.09.2023 07:00;127,33
04.09.2023 07:00;04.09.2023 08:00;144,33
04.09.2023 08:00;04.09.2023 09:00;129,92
04.09.2023 09:00;04.09.2023 10:00;109,36
04.09.2023 10:00;04.09.2023 11:00;92,88
04.09.2023 11:00;04.09.2023 12:00;82,07
04.09.2023 12:00;04.09.2023 13:00;77,65
04.09.2023 13:00;04.09.2023 14:00;72,51
04.09.2023 14:00;04.09.2023 15:00;72,04
04.09.2023 15:00;04.09.2023 16:00;80,4
04.09.2023 16:00;04.09.2023 17:00;90,97
04.09.2023 17:00;04.09.2023 18:00;109,58
04.09.2023 18:00;04.09.2023 19:00;138,44
04.09.2023 19:00;04.09.2023 20:00;198,28
04.09.2023 20:00;04.09.2023 21:00;172,77
04.09.2023 21:00;04.09.2023 22:00;124,95
04.09.2023 22:00;04.09.2023 23:00;105,01
04.09.2023 23:00;05.09.2023 00:00;95,56
05.09.2023 00:00;05.09.2023 01:00;94,48
05.09.2023 01:00;05.09.2023 02:00;92,13
05.09.2023 02:00;05.09.2023 03:00;91,34
05.09.2023 03:00;05.09.2023 04:00;91,08
05.09.2023 04:00;05.09.2023 05:00;91,65
05.09.2023 05:00;05.09.2023 06:00;95,6
05.09.2023 06:00;05.09.2023 07:00;120,0
05.09.2023 07:00;05.09.2023 08:00;126,0
05.09.2023 08:00;05.09.2023 09:00;118,16
05.09.2023 09:00;05.09.2023 10:00;97,78
05.09.2023 10:00;05.09.2023 11:00;88,0
05.09.2023 11:00;05.09.2023 12:00;81,85
05.09.2023 12:00;05.09.2023 13:00;75,9
05.09.2023 13:00;05.09.2023 14:00;75,05
05.09.2023 14:00;05.09.2023 15:00;77,13
05.09.2023 15:00;05.09.2023 16:00;83,0
05.09.2023 16:00;05.09.2023 17:00;88,51
05.09.2023 17:00;05.09.2023 18:00;103,26
05.09.2023 18:00;05.09.2023 19:00;129,1
05.09.2023 19:00;05.09.2023 20:00;184,87
05.09.2023 20:00;05.09.2023 21:00;154,53
05.09.2023 21:00;05.09.2023 22:00;121,95
05.09.2023 22:00;05.09.2023 23:00;107,61
05.09.2023 23:00;06.09.2023 00:00;96,03
06.09.2023 00:00;06.09.2023 01:00;88,89
06.09.2023 01:00;06.09.2023 02:00;85,52
06.09.2023 02:00;06.09.2023 03:00;90,53
06.09.2023 03:00;06.09.2023 04:00;92,12
06.09.2023 04:00;06.09.2023 05:00;92,48
06.09.2023 05:00;06.09.2023 06:00;102,98
06.09.2023 06:00;06.09.2023 07:00;122,71
06.09.2023 07:00;06.09.2023 08:00;141,99
06.09.2023 08:00;06.09.2023 09:00;119,19
06.09.2023 09:00;06.09.2023 10:00;97,73
06.09.2023 10:00;06.09.2023 11:00;88,65
06.09.2023 11:00;06.09.2023 12:00;82,1
06.09.2023 12:00;06.09.2023 13:00;75,17
06.09.2023 13:00;06.09.2023 14:00;73,43
06.09.2023 14:00;06.09.2023 15:00;75,48
06.09.2023 15:00;06.09.2023 16:00;82,5
06.09.2023 16:00;06.09.2023 17:00;91,44
06.09.2023 17:00;06.09.2023 18:00;105,87
06.09.2023 18:00;06.09.2023 19:00;145,83
06.09.2023 19:00;06.09.2023 20:00;189,83
06.09.2023 20:00;06.09.2023 21:00;166,04
06.09.2023 21:00;06.09.2023 22:00;123,13
06.09.2023 22:00;06.09.2023 23:00;105,5
06.09.2023 23:00;07.09.2023 00:00;95,72
07.09.2023 00:00;07.09.2023 01:00;95,42
07.09.2023 01:00;07.09.2023 02:00;91,37
07.09.2023 02:00;07.09.2023 03:00;89,08
07.09.2023 03:00;07.09.2023 04:00;84,01
07.09.2023 04:00;07.09.2023 05:00;87,84
07.09.2023 05:00;07.09.2023 06:00;92,09
07.09.2023 06:00;07.09.2023 07:00;116,02
07.09.2023 07:00;07.09.2023 08:00;130,0
07.09.2023 08:00;07.09.2023 09:00;126,0
07.09.2023 09:00;07.09.2023 10:00;102,68
07.09.2023 10:00;07.09.2023 11:00;88,22
07.09.2023 11:00;07.09.2023 12:00;82,7
07.09.2023 12:00;07.09.2023 13:00;73,53
07.09.2023 13:00;07.09.2023 14:00;65,2
07.09.2023 14:00;07.09.2023 15:00;70,18
07.09.2023 15:00;07.09.2023 16:00;82,0
07.09.2023 16:00;07.09.2023 17:00;88,3
07.09.2023 17:00;07.09.2023 18:00;103,14
07.09.2023 18:00;07.09.2023 19:00;133,53
07.09.2023 19:00;07.09.2023 20:00;167,27
07.09.2023 20:00;07.09.2023 21:00;146,73
07.09.2023 21:00;07.09.2023 22:00;118,0
07.09.2023 22:00;07.09.2023 23:00;101,4
07.09.2023 23:00;08.09.2023 00:00;88,95
08.09.2023 00:00;08.09.2023 01:00;84,62
08.09.2023 01:00;08.09.2023 02:00;81,52
08.09.2023 02:00;08.09.2023 03:00;82,06
08.09.2023 03:00;08.09.2023 04:00;82,1
08.09.2023 04:00;08.09.2023 05:00;87,42
08.09.2023 05:00;08.09.2023 06:00;93,55
08.09.2023 06:00;08.09.2023 07:00;112,89
08.09.2023 07:00;08.09.2023 08:00;133,76
08.09.2023 08:00;08.09.2023 09:00;122,52
08.09.2023 09:00;08.09.2023 10:00;100,18
08.09.2023 10:00;08.09.2023 11:00;89,87
08.09.2023 11:00;08.09.2023 12:00;82,48
08.09.2023 12:00;08.09.2023 13:00;75,1
08.09.2023 13:00;08.09.2023 14:00;70,91
08.09.2023 14:00;08.09.2023 15:00;72,57
08.09.2023 15:00;08.09.2023 16:00;80,23
08.09.2023 16:00;08.09.2023 17:00;88,41
08.09.2023 17:00;08.09.2023 18:00;107,9
08.09.2023 18:00;08.09.2023 19:00;171,82
08.09.2023 19:00;08.09.2023 20:00;230,0
08.09.2023 20:00;08.09.2023 21:00;195,55
08.09.2023 21:00;08.09.2023 22:00;132,08
08.09.2023 22:00;08.09.2023 23:00;113,93
08.09.2023 23:00;09.09.2023 00:00;105,98
09.09.2023 00:00;09.09.2023 01:00;105,2
09.09.2023 01:00;09.09.2023 02:00;102,47
09.09.2023 02:00;09.09.2023 03:00;100,01
09.09.2023 03:00;09.09.2023 04:00;100,0
09.09.2023 04:00;09.09.2023 05:00;100,85
09.09.2023 05:00;09.09.2023 06:00;101,33
09.09.2023 06:00;09.09.2023 07:00;103,83
09.09.2023 07:00;09.09.2023 08:00;104,04
09.09.2023 08:00;09.09.2023 09:00;96,09
09.09.2023 09:00;09.09.2023 10:00;89,77
09.09.2023 10:00;09.09.2023 11:00;78,79
09.09.2023 11:00;09.09.2023 12:00;65,53
09.09.2023 12:00;09.09.2023 13:00;20,52
09.09.2023 13:00;09.09.2023 14:00;5,19
09.09.2023 14:00;09.09.2023 15:00;10,39
09.09.2023 15:00;09.09.2023 16:00;57,89
09.09.2023 16:00;09.09.2023 17:00;78,8
09.09.2023 17:00;09.09.2023 18:00;97,75
09.09.2023 18:00;09.09.2023 19:00;121,3
09.09.2023 19:00;09.09.2023 20:00;154,21
09.09.2023 20:00;09.09.2023 21:00;156,51
09.09.2023 21:00;09.09.2023 22:00;131,78
09.09.2023 22:00;09.09.2023 23:00;110,9
09.09.2023 23:00;10.09.2023 00:00;103,16
10.09.2023 00:00;10.09.2023 01:00;105,85
10.09.2023 01:00;10.09.2023 02:00;104,33
10.09.2023 02:00;10.09.2023 03:00;103,63
10.09.2023 03:00;10.09.2023 04:00;100,79
10.09.2023 04:00;10.09.2023 05:00;96,81
10.09.2023 05:00;10.09.2023 06:00;98,72
10.09.2023 06:00;10.09.2023 07:00;99,35
10.09.2023 07:00;10.09.2023 08:00;97,25
10.09.2023 08:00;10.09.2023 09:00;93,35
10.09.2023 09:00;10.09.2023 10:00;89,06
10.09.2023 10:00;10.09.2023 11:00;56,08
10.09.2023 11:00;10.09.2023 12:00;18,0
10.09.2023 12:00;10.09.2023 13:00;8,28
10.09.2023 13:00;10.09.2023 14:00;0,03
10.09.2023 14:00;10.09.2023 15:00;0,0
10.09.2023 15:00;10.09.2023 16:00;26,33
10.09.2023 16:00;10.09.2023 17:00;79,0
10.09.2023 17:00;10.09.2023 18:00;100,24
10.09.2023 18:00;10.09.2023 19:00;121,19
10.09.2023 19:00;10.09.2023 20:00;150,6
10.09.2023 20:00;10.09.2023 21:00;151,9
10.09.2023 21:00;10.09.2023 22:00;131,57
10.09.2023 22:00;10.09.2023 23:00;113,93
10.09.2023 23:00;11.09.2023 00:00;100,86
11.09.2023 00:00;11.09.2023 01:00;105,0
11.09.2023 01:00;11.09.2023 02:00;97,38
11.09.2023 02:00;11.09.2023 03:00;96,03
11.09.2023 03:00;11.09.2023 04:00;93,05
11.09.2023 04:00;11.09.2023 05:00;94,75
11.09.2023 05:00;11.09.2023 06:00;104,21
11.09.2023 06:00;11.09.2023 07:00;146,61
11.09.2023 07:00;11.09.2023 08:00;179,21
11.09.2023 08:00;11.09.2023 09:00;136,44
11.09.2023 09:00;11.09.2023 10:00;113,0
11.09.2023 10:00;11.09.2023 11:00;95,16
11.09.2023 11:00;11.09.2023 12:00;89,17
11.09.2023 12:00;11.09.2023 13:00;87,67
11.09.2023 13:00;11.09.2023 14:00;86,45
11.09.2023 14:00;11.09.2023 15:00;89,0
11.09.2023 15:00;11.09.2023 16:00;92,53
11.09.2023 16:00;11.09.2023 17:00;100,18
11.09.2023 17:00;11.09.2023 18:00;132,93
11.09.2023 18:00;11.09.2023 19:00;266,71
11.09.2023 19:00;11.09.2023 20:00;524,27
11.09.2023 20:00;11.09.2023 21:00;448,13
11.09.2023 21:00;11.09.2023 22:00;223,11
11.09.2023 22:00;11.09.2023 23:00;147,83
11.09.2023 23:00;12.09.2023 00:00;119,94
12.09.2023 00:00;12.09.2023 01:00;106,36
12.09.2023 01:00;12.09.2023 02:00;105,14
12.09.2023 02:00;12.09.2023 03:00;105,87
12.09.2023 03:00;12.09.2023 04:00;105,63
12.09.2023 04:00;12.09.2023 05:00;106,36
12.09.2023 05:00;12.09.2023 06:00;116,14
12.09.2023 06:00;12.09.2023 07:00;153,57
12.09.2023 07:00;12.09.2023 08:00;228,99
12.09.2023 08:00;12.09.2023 09:00;146,98
12.09.2023 09:00;12.09.2023 10:00;123,22
12.09.2023 10:00;12.09.2023 11:00;112,33
12.09.2023 11:00;12.09.2023 12:00;101,59
12.09.2023 12:00;12.09.2023 13:00;96,46
12.09.2023 13:00;12.09.2023 14:00;93,59
12.09.2023 14:00;12.09.2023 15:00;97,08
12.09.2023 15:00;12.09.2023 16:00;99,9
12.09.2023 16:00;12.09.2023 17:00;109,17
12.09.2023 17:00;12.09.2023 18:00;140,41
12.09.2023 18:00;12.09.2023 19:00;190,53
12.09.2023 19:00;12.09.2023 20:00;284,02
12.09.2023 20:00;12.09.2023 21:00;185,62
12.09.2023 21:00;12.09.2023 22:00;136,62
12.09.2023 22:00;12.09.2023 23:00;115,55
12.09.2023 23:00;13.09.2023 00:00;93,77
13.09.2023 00:00;13.09.2023 01:00;106,45
13.09.2023 01:00;13.09.2023 02:00;99,9
13.09.2023 02:00;13.09.2023 03:00;97,86
13.09.2023 03:00;13.09.2023 04:00;93,76
13.09.2023 04:00;13.09.2023 05:00;93,49
13.09.2023 05:00;13.09.2023 06:00;97,92
13.09.2023 06:00;13.09.2023 07:00;124,74
13.09.2023 07:00;13.09.2023 08:00;139,71
13.09.2023 08:00;13.09.2023 09:00;137,72
13.09.2023 09:00;13.09.2023 10:00;124,91
13.09.2023 10:00;13.09.2023 11:00;103,21
13.09.2023 11:00;13.09.2023 12:00;96,86
13.09.2023 12:00;13.09.2023 13:00;93,97
13.09.2023 13:00;13.09.2023 14:00;92,83
13.09.2023 14:00;13.09.2023 15:00;92,02
13.09.2023 15:00;13.09.2023 16:00;95,3
13.09.2023 16:00;13.09.2023 17:00;96,02
13.09.2023 17:00;13.09.2023 18:00;104,39
13.09.2023 18:00;13.09.2023 19:00;124,98
13.09.2023 19:00;13.09.2023 20:00;153,5
13.09.2023 20:00;13.09.2023 21:00;141,67
13.09.2023 21:00;13.09.2023 22:00;122,79
13.09.2023 22:00;13.09.2023 23:00;106,41
13.09.2023 23:00;14.09.2023 00:00;98,07
14.09.2023 00:00;14.09.2023 01:00;96,3
14.09.2023 01:00;14.09.2023 02:00;94,88
14.09.2023 02:00;14.09.2023 03:00;98,74
14.09.2023 03:00;14.09.2023 04:00;100,5
14.09.2023 04:00;14.09.2023 05:00;99,29
14.09.2023 05:00;14.09.2023 06:00;104,74
14.09.2023 06:00;14.09.2023 07:00;142,15
14.09.2023 07:00;14.09.2023 08:00;181,22
14.09.2023 08:00;14.09.2023 09:00;155,77
14.09.2023 09:00;14.09.2023 10:00;118,02
14.09.2023 10:00;14.09.2023 11:00;96,82
14.09.2023 11:00;14.09.2023 12:00;91,59
14.09.2023 12:00;14.09.2023 13:00;91,25
14.09.2023 13:00;14.09.2023 14:00;89,66
14.09.2023 14:00;14.09.2023 15:00;88,14
14.09.2023 15:00;14.09.2023 16:00;89,7
14.09.2023 16:00;14.09.2023 17:00;94,16
14.09.2023 17:00;14.09.2023 18:00;116,84
14.09.2023 18:00;14.09.2023 19:00;173,01
14.09.2023 19:00;14.09.2023 20:00;235,74
14.09.2023 20:00;14.09.2023 21:00;185,8
14.09.2023 21:00;14.09.2023 22:00;133,34
14.09.2023 22:00;14.09.2023 23:00;114,14
14.09.2023 23:00;15.09.2023 00:00;99,37
15.09.2023 00:00;15.09.2023 01:00;100,89
15.09.2023 01:00;15.09.2023 02:00;97,01
15.09.2023 02:00;15.09.2023 03:00;96,4
15.09.2023 03:00;15.09.2023 04:00;97,64
15.09.2023 04:00;15.09.2023 05:00;99,2
15.09.2023 05:00;15.09.2023 06:00;99,43
15.09.2023 06:00;15.09.2023 07:00;138,64
15.09.2023 07:00;15.09.2023 08:00;150,87
15.09.2023 08:00;15.09.2023 09:00;125,07
15.09.2023 09:00;15.09.2023 10:00;104,38
15.09.2023 10:00;15.09.2023 11:00;93,58
15.09.2023 11:00;15.09.2023 12:00;89,46
15.09.2023 12:00;15.09.2023 13:00;78,57
15.09.2023 13:00;15.09.2023 14:00;62,89
15.09.2023 14:00;15.09.2023 15:00;71,19
15.09.2023 15:00;15.09.2023 16:00;84,88
15.09.2023 16:00;15.09.2023 17:00;93,4
15.09.2023 17:00;15.09.2023 18:00;114,67
15.09.2023 18:00;15.09.2023 19:00;155,21
15.09.2023 19:00;15.09.2023 20:00;189,87
15.09.2023 20:00;15.09.2023 21:00;142,75
15.09.2023 21:00;15.09.2023 22:00;112,65
15.09.2023 22:00;15.09.2023 23:00;102,04
15.09.2023 23:00;16.09.2023 00:00;95,77
16.09.2023 00:00;16.09.2023 01:00;96,24
16.09.2023 01:00;16.09.2023 02:00;94,02
16.09.2023 02:00;16.09.2023 03:00;92,52
16.09.2023 03:00;16.09.2023 04:00;91,56
16.09.2023 04:00;16.09.2023 05:00;94,72
16.09.2023 05:00;16.09.2023 06:00;92,75
16.09.2023 06:00;16.09.2023 07:00;103,47
16.09.2023 07:00;16.09.2023 08:00;110,88
16.09.2023 08:00;16.09.2023 09:00;101,67
16.09.2023 09:00;16.09.2023 10:00;90,79
16.09.2023 10:00;16.09.2023 11:00;79,0
16.09.2023 11:00;16.09.2023 12:00;64,97
16.09.2023 12:00;16.09.2023 13:00;54,48
16.09.2023 13:00;16.09.2023 14:00;32,44
16.09.2023 14:00;16.09.2023 15:00;34,4
16.09.2023 15:00;16.09.2023 16:00;74,46
16.09.2023 16:00;16.09.2023 17:00;87,44
16.09.2023 17:00;16.09.2023 18:00;108,16
16.09.2023 18:00;16.09.2023 19:00;133,56
16.09.2023 19:00;16.09.2023 20:00;181,24
16.09.2023 20:00;16.09.2023 21:00;143,62
16.09.2023 21:00;16.09.2023 22:00;117,49
16.09.2023 22:00;16.09.2023 23:00;105,03
16.09.2023 23:00;17.09.2023 00:00;99,9
17.09.2023 00:00;17.09.2023 01:00;108,99
17.09.2023 01:00;17.09.2023 02:00;105,35
17.09.2023 02:00;17.09.2023 03:00;104,67
17.09.2023 03:00;17.09.2023 04:00;100,58
17.09.2023 04:00;17.09.2023 05:00;101,7
17.09.2023 05:00;17.09.2023 06:00;99,16
17.09.2023 06:00;17.09.2023 07:00;98,97
17.09.2023 07:00;17.09.2023 08:00;103,33
17.09.2023 08:00;17.09.2023 09:00;93,82
17.09.2023 09:00;17.09.2023 10:00;83,16
17.09.2023 10:00;17.09.2023 11:00;70,79
17.09.2023 11:00;17.09.2023 12:00;39,81
17.09.2023 12:00;17.09.2023 13:00;21,21
17.09.2023 13:00;17.09.2023 14:00;4,08
17.09.2023 14:00;17.09.2023 15:00;4,3
17.09.2023 15:00;17.09.2023 16:00;38,7
17.09.2023 16:00;17.09.2023 17:00;78,34
17.09.2023 17:00;17.09.2023 18:00;108,76
17.09.2023 18:00;17.09.2023 19:00;132,0
17.09.2023 19:00;17.09.2023 20:00;151,9
17.09.2023 20:00;17.09.2023 21:00;126,81
17.09.2023 21:00;17.09.2023 22:00;118,25
17.09.2023 22:00;17.09.2023 23:00;108,91
17.09.2023 23:00;18.09.2023 00:00;99,18
18.09.2023 00:00;18.09.2023 01:00;93,97
18.09.2023 01:00;18.09.2023 02:00;88,47
18.09.2023 02:00;18.09.2023 03:00;81,73
18.09.2023 03:00;18.09.2023 04:00;85,02
18.09.2023 04:00;18.09.2023 05:00;87,82
18.09.2023 05:00;18.09.2023 06:00;93,67
18.09.2023 06:00;18.09.2023 07:00;117,21
18.09.2023 07:00;18.09.2023 08:00;133,49
18.09.2023 08:00;18.09.2023 09:00;128,81
18.09.2023 09:00;18.09.2023 10:00;105,85
18.09.2023 10:00;18.09.2023 11:00;90,65
18.09.2023 11:00;18.09.2023 12:00;74,3
18.09.2023 12:00;18.09.2023 13:00;56,2
18.09.2023 13:00;18.09.2023 14:00;30,44
18.09.2023 14:00;18.09.2023 15:00;38,46
18.09.2023 15:00;18.09.2023 16:00;73,88
18.09.2023 16:00;18.09.2023 17:00;90,67
18.09.2023 17:00;18.09.2023 18:00;116,01
18.09.2023 18:00;18.09.2023 19:00;139,43
18.09.2023 19:00;18.09.2023 20:00;161,78
18.09.2023 20:00;18.09.2023 21:00;125,63
18.09.2023 21:00;18.09.2023 22:00;106,57
18.09.2023 22:00;18.09.2023 23:00;93,39
18.09.2023 23:00;19.09.2023 00:00;73,81
19.09.2023 00:00;19.09.2023 01:00;1,01
19.09.2023 01:00;19.09.2023 02:00;-0,01
19.09.2023 02:00;19.09.2023 03:00;-0,04
19.09.2023 03:00;19.09.2023 04:00;-0,05
19.09.2023 04:00;19.09.2023 05:00;-0,02
19.09.2023 05:00;19.09.2023 06:00;0,83
19.09.2023 06:00;19.09.2023 07:00;70,27
19.09.2023 07:00;19.09.2023 08:00;104,27
19.09.2023 08:00;19.09.2023 09:00;109,52
19.09.2023 09:00;19.09.2023 10:00;85,89
19.09.2023 10:00;19.09.2023 11:00;8,5
19.09.2023 11:00;19.09.2023 12:00;-0,08
19.09.2023 12:00;19.09.2023 13:00;-3,49
19.09.2023 13:00;19.09.2023 14:00;-5,34
19.09.2023 14:00;19.09.2023 15:00;-5,74
19.09.2023 15:00;19.09.2023 16:00;-2,95
19.09.2023 16:00;19.09.2023 17:00;-0,08
19.09.2023 17:00;19.09.2023 18:00;46,88
19.09.2023 18:00;19.09.2023 19:00;97,16
19.09.2023 19:00;19.09.2023 20:00;114,42
19.09.2023 20:00;19.09.2023 21:00;109,64
19.09.2023 21:00;19.09.2023 22:00;86,79
19.09.2023 22:00;19.09.2023 23:00;66,81
19.09.2023 23:00;20.09.2023 00:00;16,35
20.09.2023 00:00;20.09.2023 01:00;-0,01
20.09.2023 01:00;20.09.2023 02:00;-0,1
20.09.2023 02:00;20.09.2023 03:00;-0,1
20.09.2023 03:00;20.09.2023 04:00;0,03
20.09.2023 04:00;20.09.2023 05:00;1,01
20.09.2023 05:00;20.09.2023 06:00;10,0
20.09.2023 06:00;20.09.2023 07:00;88,29
20.09.2023 07:00;20.09.2023 08:00;102,06
20.09.2023 08:00;20.09.2023 09:00;105,64
20.09.2023 09:00;20.09.2023 10:00;81,15
20.09.2023 10:00;20.09.2023 11:00;7,61
20.09.2023 11:00;20.09.2023 12:00;-0,05
20.09.2023 12:00;20.09.2023 13:00;-3,33
20.09.2023 13:00;20.09.2023 14:00;-5,34
20.09.2023 14:00;20.09.2023 15:00;-4,74
20.09.2023 15:00;20.09.2023 16:00;-2,03
20.09.2023 16:00;20.09.2023 17:00;3,93
20.09.2023 17:00;20.09.2023 18:00;88,42
20.09.2023 18:00;20.09.2023 19:00;138,65
20.09.2023 19:00;20.09.2023 20:00;195,86
20.09.2023 20:00;20.09.2023 21:00;122,4
20.09.2023 21:00;20.09.2023 22:00;95,3
20.09.2023 22:00;20.09.2023 23:00;86,16
20.09.2023 23:00;21.09.2023 00:00;76,18
21.09.2023 00:00;21.09.2023 01:00;76,13
21.09.2023 01:00;21.09.2023 02:00;72,87
21.09.2023 02:00;21.09.2023 03:00;56,83
21.09.2023 03:00;21.09.2023 04:00;39,43
21.09.2023 04:00;21.09.2023 05:00;56,83
21.09.2023 05:00;21.09.2023 06:00;73,6
21.09.2023 06:00;21.09.2023 07:00;99,57
21.09.2023 07:00;21.09.2023 08:00;117,68
21.09.2023 08:00;21.09.2023 09:00;115,82
21.09.2023 09:00;21.09.2023 10:00;102,9
21.09.2023 10:00;21.09.2023 11:00;92,06
21.09.2023 11:00;21.09.2023 12:00;77,0
21.09.2023 12:00;21.09.2023 13:00;73,3
21.09.2023 13:00;21.09.2023 14:00;76,02
21.09.2023 14:00;21.09.2023 15:00;84,92
21.09.2023 15:00;21.09.2023 16:00;93,8
21.09.2023 16:00;21.09.2023 17:00;105,82
21.09.2023 17:00;21.09.2023 18:00;124,04
21.09.2023 18:00;21.09.2023 19:00;195,89
21.09.2023 19:00;21.09.2023 20:00;274,42
21.09.2023 20:00;21.09.2023 21:00;154,8
21.09.2023 21:00;21.09.2023 22:00;114,8
21.09.2023 22:00;21.09.2023 23:00;100,1
21.09.2023 23:00;22.09.2023 00:00;94,75
22.09.2023 00:00;22.09.2023 01:00;88,31
22.09.2023 01:00;22.09.2023 02:00;87,16
22.09.2023 02:00;22.09.2023 03:00;88,05
22.09.2023 03:00;22.09.2023 04:00;88,76
22.09.2023 04:00;22.09.2023 05:00;90,99
22.09.2023 05:00;22.09.2023 06:00;91,66
22.09.2023 06:00;22.09.2023 07:00;112,62
22.09.2023 07:00;22.09.2023 08:00;138,03
22.09.2023 08:00;22.09.2023 09:00;135,76
22.09.2023 09:00;22.09.2023 10:00;118,31
22.09.2023 10:00;22.09.2023 11:00;99,64
22.09.2023 11:00;22.09.2023 12:00;90,93
22.09.2023 12:00;22.09.2023 13:00;85,65
22.09.2023 13:00;22.09.2023 14:00;77,78
22.09.2023 14:00;22.09.2023 15:00;74,2
22.09.2023 15:00;22.09.2023 16:00;79,01
22.09.2023 16:00;22.09.2023 17:00;88,24
22.09.2023 17:00;22.09.2023 18:00;107,0
22.09.2023 18:00;22.09.2023 19:00;136,45
22.09.2023 19:00;22.09.2023 20:00;159,9
22.09.2023 20:00;22.09.2023 21:00;133,45
22.09.2023 21:00;22.09.2023 22:00;114,59
22.09.2023 22:00;22.09.2023 23:00;105,93
22.09.2023 23:00;23.09.2023 00:00;103,06
23.09.2023 00:00;23.09.2023 01:00;109,04
23.09.2023 01:00;23.09.2023 02:00;101,43
23.09.2023 02:00;23.09.2023 03:00;97,05
23.09.2023 03:00;23.09.2023 04:00;91,72
23.09.2023 04:00;23.09.2023 05:00;89,43
23.09.2023 05:00;23.09.2023 06:00;91,78
23.09.2023 06:00;23.09.2023 07:00;98,88
23.09.2023 07:00;23.09.2023 08:00;107,2
23.09.2023 08:00;23.09.2023 09:00;109,99
23.09.2023 09:00;23.09.2023 10:00;104,68
23.09.2023 10:00;23.09.2023 11:00;90,75
23.09.2023 11:00;23.09.2023 12:00;84,9
23.09.2023 12:00;23.09.2023 13:00;79,89
23.09.2023 13:00;23.09.2023 14:00;70,55
23.09.2023 14:00;23.09.2023 15:00;53,09
23.09.2023 15:00;23.09.2023 16:00;71,0
23.09.2023 16:00;23.09.2023 17:00;78,98
23.09.2023 17:00;23.09.2023 18:00;102,02
23.09.2023 18:00;23.09.2023 19:00;129,67
23.09.2023 19:00;23.09.2023 20:00;156,19
23.09.2023 20:00;23.09.2023 21:00;145,0
23.09.2023 21:00;23.09.2023 22:00;117,91
23.09.2023 22:00;23.09.2023 23:00;106,92
23.09.2023 23:00;24.09.2023 00:00;100,4
24.09.2023 00:00;24.09.2023 01:00;98,71
24.09.2023 01:00;24.09.2023 02:00;87,24
24.09.2023 02:00;24.09.2023 03:00;77,73
24.09.2023 03:00;24.09.2023 04:00;77,87
24.09.2023 04:00;24.09.2023 05:00;82,91
24.09.2023 05:00;24.09.2023 06:00;90,73
24.09.2023 06:00;24.09.2023 07:00;94,61
24.09.2023 07:00;24.09.2023 08:00;94,06
24.09.2023 08:00;24.09.2023 09:00;91,22
24.09.2023 09:00;24.09.2023 10:00;59,36
24.09.2023 10:00;24.09.2023 11:00;1,06
24.09.2023 11:00;24.09.2023 12:00;0,85
24.09.2023 12:00;24.09.2023 13:00;-0,03
24.09.2023 13:00;24.09.2023 14:00;-2,62
24.09.2023 14:00;24.09.2023 15:00;-2,66
24.09.2023 15:00;24.09.2023 16:00;-0,08
24.09.2023 16:00;24.09.2023 17:00;5,22
24.09.2023 17:00;24.09.2023 18:00;98,03
24.09.2023 18:00;24.09.2023 19:00;133,9
24.09.2023 19:00;24.09.2023 20:00;157,09
24.09.2023 20:00;24.09.2023 21:00;134,98
24.09.2023 21:00;24.09.2023 22:00;105,0
24.09.2023 22:00;24.09.2023 23:00;93,53
24.09.2023 23:00;25.09.2023 00:00;72,85
25.09.2023 00:00;25.09.2023 01:00;34,63
25.09.2023 01:00;25.09.2023 02:00;10,0
25.09.2023 02:00;25.09.2023 03:00;1,09
25.09.2023 03:00;25.09.2023 04:00;0,08
25.09.2023 04:00;25.09.2023 05:00;0,49
25.09.2023 05:00;25.09.2023 06:00;50,15
25.09.2023 06:00;25.09.2023 07:00;109,36
25.09.2023 07:00;25.09.2023 08:00;139,15
25.09.2023 08:00;25.09.2023 09:00;143,0
25.09.2023 09:00;25.09.2023 10:00;118,32
25.09.2023 10:00;25.09.2023 11:00;93,81
25.09.2023 11:00;25.09.2023 12:00;89,01
25.09.2023 12:00;25.09.2023 13:00;76,07
25.09.2023 13:00;25.09.2023 14:00;76,11
25.09.2023 14:00;25.09.2023 15:00;84,09
25.09.2023 15:00;25.09.2023 16:00;92,06
25.09.2023 16:00;25.09.2023 17:00;97,46
25.09.2023 17:00;25.09.2023 18:00;125,92
25.09.2023 18:00;25.09.2023 19:00;200,09
25.09.2023 19:00;25.09.2023 20:00;379,59
25.09.2023 20:00;25.09.2023 21:00;249,39
25.09.2023 21:00;25.09.2023 22:00;136,34
25.09.2023 22:00;25.09.2023 23:00;122,91
25.09.2023 23:00;26.09.2023 00:00;110,17
26.09.2023 00:00;26.09.2023 01:00;114,16
26.09.2023 01:00;26.09.2023 02:00;107,99
26.09.2023 02:00;26.09.2023 03:00;104,93
26.09.2023 03:00;26.09.2023 04:00;104,58
26.09.2023 04:00;26.09.2023 05:00;104,57
26.09.2023 05:00;26.09.2023 06:00;107,99
26.09.2023 06:00;26.09.2023 07:00;152,26
26.09.2023 07:00;26.09.2023 08:00;288,55
26.09.2023 08:00;26.09.2023 09:00;166,98
26.09.2023 09:00;26.09.2023 10:00;117,75
26.09.2023 10:00;26.09.2023 11:00;100,41
26.09.2023 11:00;26.09.2023 12:00;95,27
26.09.2023 12:00;26.09.2023 13:00;91,08
26.09.2023 13:00;26.09.2023 14:00;82,95
26.09.2023 14:00;26.09.2023 15:00;89,87
26.09.2023 15:00;26.09.2023 16:00;98,02
26.09.2023 16:00;26.09.2023 17:00;104,51
26.09.2023 17:00;26.09.2023 18:00;135,48
26.09.2023 18:00;26.09.2023 19:00;180,24
26.09.2023 19:00;26.09.2023 20:00;246,82
26.09.2023 20:00;26.09.2023 21:00;160,34
26.09.2023 21:00;26.09.2023 22:00;126,27
26.09.2023 22:00;26.09.2023 23:00;108,06
26.09.2023 23:00;27.09.2023 00:00;101,28
27.09.2023 00:00;27.09.2023 01:00;105,51
27.09.2023 01:00;27.09.2023 02:00;102,0
27.09.2023 02:00;27.09.2023 03:00;102,55
27.09.2023 03:00;27.09.2023 04:00;102,05
27.09.2023 04:00;27.09.2023 05:00;100,45
27.09.2023 05:00;27.09.2023 06:00;108,62
27.09.2023 06:00;27.09.2023 07:00;141,76
27.09.2023 07:00;27.09.2023 08:00;259,77
27.09.2023 08:00;27.09.2023 09:00;175,5
27.09.2023 09:00;27.09.2023 10:00;128,79
27.09.2023 10:00;27.09.2023 11:00;102,33
27.09.2023 11:00;27.09.2023 12:00;93,26
27.09.2023 12:00;27.09.2023 13:00;90,2
27.09.2023 13:00;27.09.2023 14:00;87,34
27.09.2023 14:00;27.09.2023 15:00;89,22
27.09.2023 15:00;27.09.2023 16:00;94,04
27.09.2023 16:00;27.09.2023 17:00;109,25
27.09.2023 17:00;27.09.2023 18:00;149,91
27.09.2023 18:00;27.09.2023 19:00;194,93
27.09.2023 19:00;27.09.2023 20:00;214,7
27.09.2023 20:00;27.09.2023 21:00;142,08
27.09.2023 21:00;27.09.2023 22:00;107,82
27.09.2023 22:00;27.09.2023 23:00;96,38
27.09.2023 23:00;28.09.2023 00:00;89,09
28.09.2023 00:00;28.09.2023 01:00;88,36
28.09.2023 01:00;28.09.2023 02:00;84,05
28.09.2023 02:00;28.09.2023 03:00;72,95
28.09.2023 03:00;28.09.2023 04:00;74,84
28.09.2023 04:00;28.09.2023 05:00;80,87
28.09.2023 05:00;28.09.2023 06:00;92,88
28.09.2023 06:00;28.09.2023 07:00;115,35
28.09.2023 07:00;28.09.2023 08:00;126,25
28.09.2023 08:00;28.09.2023 09:00;129,56
28.09.2023 09:00;28.09.2023 10:00;110,85
28.09.2023 10:00;28.09.2023 11:00;93,36
28.09.2023 11:00;28.09.2023 12:00;88,56
28.09.2023 12:00;28.09.2023 13:00;83,48
28.09.2023 13:00;28.09.2023 14:00;82,0
28.09.2023 14:00;28.09.2023 15:00;87,7
28.09.2023 15:00;28.09.2023 16:00;92,02
28.09.2023 16:00;28.09.2023 17:00;99,89
28.09.2023 17:00;28.09.2023 18:00;132,63
28.09.2023 18:00;28.09.2023 19:00;184,85
28.09.2023 19:00;28.09.2023 20:00;265,8
28.09.2023 20:00;28.09.2023 21:00;156,51
28.09.2023 21:00;28.09.2023 22:00;128,26
28.09.2023 22:00;28.09.2023 23:00;118,42
28.09.2023 23:00;29.09.2023 00:00;111,03
29.09.2023 00:00;29.09.2023 01:00;108,5
29.09.2023 01:00;29.09.2023 02:00;97,93
29.09.2023 02:00;29.09.2023 03:00;95,55
29.09.2023 03:00;29.09.2023 04:00;92,0
29.09.2023 04:00;29.09.2023 05:00;94,03
29.09.2023 05:00;29.09.2023 06:00;100,68
29.09.2023 06:00;29.09.2023 07:00;128,45
29.09.2023 07:00;29.09.2023 08:00;137,92
29.09.2023 08:00;29.09.2023 09:00;130,05
29.09.2023 09:00;29.09.2023 10:00;106,82
29.09.2023 10:00;29.09.2023 11:00;92,07
29.09.2023 11:00;29.09.2023 12:00;87,37
29.09.2023 12:00;29.09.2023 13:00;82,05
29.09.2023 13:00;29.09.2023 14:00;72,44
29.09.2023 14:00;29.09.2023 15:00;77,04
29.09.2023 15:00;29.09.2023 16:00;90,7
29.09.2023 16:00;29.09.2023 17:00;96,47
29.09.2023 17:00;29.09.2023 18:00;112,01
29.09.2023 18:00;29.09.2023 19:00;130,05
29.09.2023 19:00;29.09.2023 20:00;140,47
29.09.2023 20:00;29.09.2023 21:00;132,94
29.09.2023 21:00;29.09.2023 22:00;113,4
29.09.2023 22:00;29.09.2023 23:00;106,57
29.09.2023 23:00;30.09.2023 00:00;101,07
30.09.2023 00:00;30.09.2023 01:00;90,95
30.09.2023 01:00;30.09.2023 02:00;88,89
30.09.2023 02:00;30.09.2023 03:00;88,78
30.09.2023 03:00;30.09.2023 04:00;88,72
30.09.2023 04:00;30.09.2023 05:00;88,28
30.09.2023 05:00;30.09.2023 06:00;92,1
30.09.2023 06:00;30.09.2023 07:00;105,3
30.09.2023 07:00;30.09.2023 08:00;109,46
30.09.2023 08:00;30.09.2023 09:00;110,05
30.09.2023 09:00;30.09.2023 10:00;104,97
30.09.2023 10:00;30.09.2023 11:00;87,52
30.09.2023 11:00;30.09.2023 12:00;70,53
30.09.2023 12:00;30.09.2023 13:00;42,76
30.09.2023 13:00;30.09.2023 14:00;8,76
30.09.2023 14:00;30.09.2023 15:00;15,04
30.09.2023 15:00;30.09.2023 16:00;56,0
30.09.2023 16:00;30.09.2023 17:00;85,01
30.09.2023 17:00;30.09.2023 18:00;107,7
30.09.2023 18:00;30.09.2023 19:00;136,41
30.09.2023 19:00;30.09.2023 20:00;163,9
30.09.2023 20:00;30.09.2023 21:00;134,1
30.09.2023 21:00;30.09.2023 22:00;112,4
30.09.2023 22:00;30.09.2023 23:00;107,4
30.09.2023 23:00;01.10.2023 00:00;101,04
01.10.2023 00:00;01.10.2023 01:00;102,73
01.10.2023 01:00;01.10.2023 02:00;94,14
01.10.2023 02:00;01.10.2023 03:00;88,6
01.10.2023 03:00;01.10.2023 04:00;89,37
01.10.2023 04:00;01.10.2023 05:00;86,89
01.10.2023 05:00;01.10.2023 06:00;85,45
01.10.2023 06:00;01.10.2023 07:00;85,07
01.10.2023 07:00;01.10.2023 08:00;88,08
01.10.2023 08:00;01.10.2023 09:00;82,1
01.10.2023 09:00;01.10.2023 10:00;62,73
01.10.2023 10:00;01.10.2023 11:00;40,0
01.10.2023 11:00;01.10.2023 12:00;8,99
01.10.2023 12:00;01.10.2023 13:00;-0,01
01.10.2023 13:00;01.10.2023 14:00;-1,93
01.10.2023 14:00;01.10.2023 15:00;-0,73
01.10.2023 15:00;01.10.2023 16:00;1,53
01.10.2023 16:00;01.10.2023 17:00;62,73
01.10.2023 17:00;01.10.2023 18:00;99,51
01.10.2023 18:00;01.10.2023 19:00;120,06
01.10.2023 19:00;01.10.2023 20:00;130,0
01.10.2023 20:00;01.10.2023 21:00;130,0
01.10.2023 21:00;01.10.2023 22:00;115,16
01.10.2023 22:00;01.10.2023 23:00;106,62
01.10.2023 23:00;02.10.2023 00:00;99,97
02.10.2023 00:00;02.10.2023 01:00;94,9
02.10.2023 01:00;02.10.2023 02:00;93,17
02.10.2023 02:00;02.10.2023 03:00;93,4
02.10.2023 03:00;02.10.2023 04:00;92,02
02.10.2023 04:00;02.10.2023 05:00;95,68
02.10.2023 05:00;02.10.2023 06:00;99,33
02.10.2023 06:00;02.10.2023 07:00;124,99
02.10.2023 07:00;02.10.2023 08:00;143,49
02.10.2023 08:00;02.10.2023 09:00;144,5
02.10.2023 09:00;02.10.2023 10:00;128,0
02.10.2023 10:00;02.10.2023 11:00;105,32
02.10.2023 11:00;02.10.2023 12:00;92,48
02.10.2023 12:00;02.10.2023 13:00;90,28
02.10.2023 13:00;02.10.2023 14:00;87,92
02.10.2023 14:00;02.10.2023 15:00;88,17
02.10.2023 15:00;02.10.2023 16:00;90,5
02.10.2023 16:00;02.10.2023 17:00;106,03
02.10.2023 17:00;02.10.2023 18:00;133,27
02.10.2023 18:00;02.10.2023 19:00;200,01
02.10.2023 19:00;02.10.2023 20:00;245,05
02.10.2023 20:00;02.10.2023 21:00;160,07
02.10.2023 21:00;02.10.2023 22:00;120,0
02.10.2023 22:00;02.10.2023 23:00;107,03
02.10.2023 23:00;03.10.2023 00:00;100,0
03.10.2023 00:00;03.10.2023 01:00;97,58
03.10.2023 01:00;03.10.2023 02:00;94,61
03.10.2023 02:00;03.10.2023 03:00;71,94
03.10.2023 03:00;03.10.2023 04:00;30,64
03.10.2023 04:00;03.10.2023 05:00;11,51
03.10.2023 05:00;03.10.2023 06:00;5,02
03.10.2023 06:00;03.10.2023 07:00;6,31
03.10.2023 07:00;03.10.2023 08:00;35,7
03.10.2023 08:00;03.10.2023 09:00;12,5
03.10.2023 09:00;03.10.2023 10:00;3,3
03.10.2023 10:00;03.10.2023 11:00;-0,08
03.10.2023 11:00;03.10.2023 12:00;-0,94
03.10.2023 12:00;03.10.2023 13:00;-8,3
03.10.2023 13:00;03.10.2023 14:00;-11,07
03.10.2023 14:00;03.10.2023 15:00;-9,98
03.10.2023 15:00;03.10.2023 16:00;-4,91
03.10.2023 16:00;03.10.2023 17:00;-0,05
03.10.2023 17:00;03.10.2023 18:00;5,0
03.10.2023 18:00;03.10.2023 19:00;35,72
03.10.2023 19:00;03.10.2023 20:00;60,0
03.10.2023 20:00;03.10.2023 21:00;47,51
03.10.2023 21:00;03.10.2023 22:00;13,75
03.10.2023 22:00;03.10.2023 23:00;45,1
03.10.2023 23:00;04.10.2023 00:00;10,06
04.10.2023 00:00;04.10.2023 01:00;22,21
04.10.2023 01:00;04.10.2023 02:00;10,1
04.10.2023 02:00;04.10.2023 03:00;9,53
04.10.2023 03:00;04.10.2023 04:00;7,77
04.10.2023 04:00;04.10.2023 05:00;14,5
04.10.2023 05:00;04.10.2023 06:00;47,92
04.10.2023 06:00;04.10.2023 07:00;98,59
04.10.2023 07:00;04.10.2023 08:00;117,02
04.10.2023 08:00;04.10.2023 09:00;121,31
04.10.2023 09:00;04.10.2023 10:00;105,9
04.10.2023 10:00;04.10.2023 11:00;77,66
04.10.2023 11:00;04.10.2023 12:00;67,22
04.10.2023 12:00;04.10.2023 13:00;37,55
04.10.2023 13:00;04.10.2023 14:00;42,74
04.10.2023 14:00;04.10.2023 15:00;39,75
04.10.2023 15:00;04.10.2023 16:00;61,54
04.10.2023 16:00;04.10.2023 17:00;79,91
04.10.2023 17:00;04.10.2023 18:00;95,57
04.10.2023 18:00;04.10.2023 19:00;116,1
04.10.2023 19:00;04.10.2023 20:00;127,36
04.10.2023 20:00;04.10.2023 21:00;116,1
04.10.2023 21:00;04.10.2023 22:00;88,02
04.10.2023 22:00;04.10.2023 23:00;85,59
04.10.2023 23:00;05.10.2023 00:00;77,85
05.10.2023 00:00;05.10.2023 01:00;82,67
05.10.2023 01:00;05.10.2023 02:00;76,81
05.10.2023 02:00;05.10.2023 03:00;70,27
05.10.2023 03:00;05.10.2023 04:00;61,4
05.10.2023 04:00;05.10.2023 05:00;68,91
05.10.2023 05:00;05.10.2023 06:00;78,46
05.10.2023 06:00;05.10.2023 07:00;90,57
05.10.2023 07:00;05.10.2023 08:00;107,46
05.10.2023 08:00;05.10.2023 09:00;121,85
05.10.2023 09:00;05.10.2023 10:00;107,11
05.10.2023 10:00;05.10.2023 11:00;87,33
05.10.2023 11:00;05.10.2023 12:00;80,9
05.10.2023 12:00;05.10.2023 13:00;79,0
05.10.2023 13:00;05.10.2023 14:00;76,59
05.10.2023 14:00;05.10.2023 15:00;80,03
05.10.2023 15:00;05.10.2023 16:00;83,54
05.10.2023 16:00;05.10.2023 17:00;96,81
05.10.2023 17:00;05.10.2023 18:00;117,1
05.10.2023 18:00;05.10.2023 19:00;176,64
05.10.2023 19:00;05.10.2023 20:00;250,28
05.10.2023 20:00;05.10.2023 21:00;139,4
05.10.2023 21:00;05.10.2023 22:00;109,93
05.10.2023 22:00;05.10.2023 23:00;100,98
05.10.2023 23:00;06.10.2023 00:00;94,58
06.10.2023 00:00;06.10.2023 01:00;87,39
06.10.2023 01:00;06.10.2023 02:00;84,86
06.10.2023 02:00;06.10.2023 03:00;80,04
06.10.2023 03:00;06.10.2023 04:00;75,06
06.10.2023 04:00;06.10.2023 05:00;70,98
06.10.2023 05:00;06.10.2023 06:00;75,87
06.10.2023 06:00;06.10.2023 07:00;97,45
06.10.2023 07:00;06.10.2023 08:00;117,47
06.10.2023 08:00;06.10.2023 09:00;120,69
06.10.2023 09:00;06.10.2023 10:00;104,39
06.10.2023 10:00;06.10.2023 11:00;84,26
06.10.2023 11:00;06.10.2023 12:00;62,81
06.10.2023 12:00;06.10.2023 13:00;10,05
06.10.2023 13:00;06.10.2023 14:00;1,08
06.10.2023 14:00;06.10.2023 15:00;1,47
06.10.2023 15:00;06.10.2023 16:00;41,79
06.10.2023 16:00;06.10.2023 17:00;62,38
06.10.2023 17:00;06.10.2023 18:00;86,55
06.10.2023 18:00;06.10.2023 19:00;104,3
06.10.2023 19:00;06.10.2023 20:00;111,17
06.10.2023 20:00;06.10.2023 21:00;101,0
06.10.2023 21:00;06.10.2023 22:00;80,07
06.10.2023 22:00;06.10.2023 23:00;56,78
06.10.2023 23:00;07.10.2023 00:00;0,52
07.10.2023 00:00;07.10.2023 01:00;0,05
07.10.2023 01:00;07.10.2023 02:00;0,04
07.10.2023 02:00;07.10.2023 03:00;0,1
07.10.2023 03:00;07.10.2023 04:00;0,67
07.10.2023 04:00;07.10.2023 05:00;6,07
07.10.2023 05:00;07.10.2023 06:00;21,38
07.10.2023 06:00;07.10.2023 07:00;52,44
07.10.2023 07:00;07.10.2023 08:00;67,17
07.10.2023 08:00;07.10.2023 09:00;70,82
07.10.2023 09:00;07.10.2023 10:00;68,71
07.10.2023 10:00;07.10.2023 11:00;46,82
07.10.2023 11:00;07.10.2023 12:00;19,62
07.10.2023 12:00;07.10.2023 13:00;10,38
07.10.2023 13:00;07.10.2023 14:00;0,22
07.10.2023 14:00;07.10.2023 15:00;1,0
07.10.2023 15:00;07.10.2023 16:00;22,01
07.10.2023 16:00;07.10.2023 17:00;61,59
07.10.2023 17:00;07.10.2023 18:00;86,44
07.10.2023 18:00;07.10.2023 19:00;102,28
07.10.2023 19:00;07.10.2023 20:00;108,91
07.10.2023 20:00;07.10.2023 21:00;100,0
07.10.2023 21:00;07.10.2023 22:00;83,99
07.10.2023 22:00;07.10.2023 23:00;76,19
07.10.2023 23:00;08.10.2023 00:00;72,0
08.10.2023 00:00;08.10.2023 01:00;70,7
08.10.2023 01:00;08.10.2023 02:00;70,64
08.10.2023 02:00;08.10.2023 03:00;70,62
08.10.2023 03:00;08.10.2023 04:00;70,61
08.10.2023 04:00;08.10.2023 05:00;71,81
08.10.2023 05:00;08.10.2023 06:00;77,09
08.10.2023 06:00;08.10.2023 07:00;83,51
08.10.2023 07:00;08.10.2023 08:00;100,0
08.10.2023 08:00;08.10.2023 09:00;102,12
08.10.2023 09:00;08.10.2023 10:00;100,86
08.10.2023 10:00;08.10.2023 11:00;86,94
08.10.2023 11:00;08.10.2023 12:00;76,51
08.10.2023 12:00;08.10.2023 13:00;70,57
08.10.2023 13:00;08.10.2023 14:00;55,15
08.10.2023 14:00;08.10.2023 15:00;54,6
08.10.2023 15:00;08.10.2023 16:00;70,8
08.10.2023 16:00;08.10.2023 17:00;88,59
08.10.2023 17:00;08.10.2023 18:00;113,24
08.10.2023 18:00;08.10.2023 19:00;135,67
08.10.2023 19:00;08.10.2023 20:00;162,58
08.10.2023 20:00;08.10.2023 21:00;131,85
08.10.2023 21:00;08.10.2023 22:00;110,2
08.10.2023 22:00;08.10.2023 23:00;104,42
08.10.2023 23:00;09.10.2023 00:00;96,34
09.10.2023 00:00;09.10.2023 01:00;91,11
09.10.2023 01:00;09.10.2023 02:00;87,45
09.10.2023 02:00;09.10.2023 03:00;82,44
09.10.2023 03:00;09.10.2023 04:00;77,4
09.10.2023 04:00;09.10.2023 05:00;75,0
09.10.2023 05:00;09.10.2023 06:00;79,05
09.10.2023 06:00;09.10.2023 07:00;96,7
09.10.2023 07:00;09.10.2023 08:00;111,8
09.10.2023 08:00;09.10.2023 09:00;126,72
09.10.2023 09:00;09.10.2023 10:00;121,43
09.10.2023 10:00;09.10.2023 11:00;111,59
09.10.2023 11:00;09.10.2023 12:00;105,36
09.10.2023 12:00;09.10.2023 13:00;98,99
09.10.2023 13:00;09.10.2023 14:00;100,6
09.10.2023 14:00;09.10.2023 15:00;105,5
09.10.2023 15:00;09.10.2023 16:00;109,91
09.10.2023 16:00;09.10.2023 17:00;113,02
09.10.2023 17:00;09.10.2023 18:00;129,32
09.10.2023 18:00;09.10.2023 19:00;189,22
09.10.2023 19:00;09.10.2023 20:00;221,7
09.10.2023 20:00;09.10.2023 21:00;184,5
09.10.2023 21:00;09.10.2023 22:00;132,75
09.10.2023 22:00;09.10.2023 23:00;120,0
09.10.2023 23:00;10.10.2023 00:00;112,7
10.10.2023 00:00;10.10.2023 01:00;104,0
10.10.2023 01:00;10.10.2023 02:00;100,6
10.10.2023 02:00;10.10.2023 03:00;99,9
10.10.2023 03:00;10.10.2023 04:00;99,52
10.10.2023 04:00;10.10.2023 05:00;97,39
10.10.2023 05:00;10.10.2023 06:00;110,71
10.10.2023 06:00;10.10.2023 07:00;130,0
10.10.2023 07:00;10.10.2023 08:00;201,92
10.10.2023 08:00;10.10.2023 09:00;198,63
10.10.2023 09:00;10.10.2023 10:00;132,1
10.10.2023 10:00;10.10.2023 11:00;116,2
10.10.2023 11:00;10.10.2023 12:00;104,98
10.10.2023 12:00;10.10.2023 13:00;96,65
10.10.2023 13:00;10.10.2023 14:00;89,29
10.10.2023 14:00;10.10.2023 15:00;91,42
10.10.2023 15:00;10.10.2023 16:00;91,62
10.10.2023 16:00;10.10.2023 17:00;99,2
10.10.2023 17:00;10.10.2023 18:00;117,36
10.10.2023 18:00;10.10.2023 19:00;127,42
10.10.2023 19:00;10.10.2023 20:00;139,27
10.10.2023 20:00;10.10.2023 21:00;104,78
10.10.2023 21:00;10.10.2023 22:00;86,74
10.10.2023 22:00;10.10.2023 23:00;88,65
10.10.2023 23:00;11.10.2023 00:00;68,9
11.10.2023 00:00;11.10.2023 01:00;63,25
11.10.2023 01:00;11.10.2023 02:00;26,06
11.10.2023 02:00;11.10.2023 03:00;7,85
11.10.2023 03:00;11.10.2023 04:00;2,31
11.10.2023 04:00;11.10.2023 05:00;3,26
11.10.2023 05:00;11.10.2023 06:00;10,0
11.10.2023 06:00;11.10.2023 07:00;80,13
11.10.2023 07:00;11.10.2023 08:00;127,16
11.10.2023 08:00;11.10.2023 09:00;127,88
11.10.2023 09:00;11.10.2023 10:00;102,94
11.10.2023 10:00;11.10.2023 11:00;50,01
11.10.2023 11:00;11.10.2023 12:00;1,05
11.10.2023 12:00;11.10.2023 13:00;0,0
11.10.2023 13:00;11.10.2023 14:00;-0,06
11.10.2023 14:00;11.10.2023 15:00;-0,04
11.10.2023 15:00;11.10.2023 16:00;0,06
11.10.2023 16:00;11.10.2023 17:00;57,78
11.10.2023 17:00;11.10.2023 18:00;102,23
11.10.2023 18:00;11.10.2023 19:00;127,79
11.10.2023 19:00;11.10.2023 20:00;132,14
11.10.2023 20:00;11.10.2023 21:00;122,55
11.10.2023 21:00;11.10.2023 22:00;101,95
11.10.2023 22:00;11.10.2023 23:00;98,86
11.10.2023 23:00;12.10.2023 00:00;89,92
12.10.2023 00:00;12.10.2023 01:00;78,31
12.10.2023 01:00;12.10.2023 02:00;82,95
12.10.2023 02:00;12.10.2023 03:00;83,73
12.10.2023 03:00;12.10.2023 04:00;87,82
12.10.2023 04:00;12.10.2023 05:00;89,04
12.10.2023 05:00;12.10.2023 06:00;102,6
12.10.2023 06:00;12.10.2023 07:00;126,5
12.10.2023 07:00;12.10.2023 08:00;132,84
12.10.2023 08:00;12.10.2023 09:00;148,39
12.10.2023 09:00;12.10.2023 10:00;137,68
12.10.2023 10:00;12.10.2023 11:00;130,9
12.10.2023 11:00;12.10.2023 12:00;124,94
12.10.2023 12:00;12.10.2023 13:00;111,08
12.10.2023 13:00;12.10.2023 14:00;104,29
12.10.2023 14:00;12.10.2023 15:00;108,38
12.10.2023 15:00;12.10.2023 16:00;120,0
12.10.2023 16:00;12.10.2023 17:00;125,71
12.10.2023 17:00;12.10.2023 18:00;145,0
12.10.2023 18:00;12.10.2023 19:00;169,9
12.10.2023 19:00;12.10.2023 20:00;220,99
12.10.2023 20:00;12.10.2023 21:00;151,27
12.10.2023 21:00;12.10.2023 22:00;129,36
12.10.2023 22:00;12.10.2023 23:00;123,5
12.10.2023 23:00;13.10.2023 00:00;109,84
13.10.2023 00:00;13.10.2023 01:00;123,99
13.10.2023 01:00;13.10.2023 02:00;115,0
13.10.2023 02:00;13.10.2023 03:00;107,14
13.10.2023 03:00;13.10.2023 04:00;101,4
13.10.2023 04:00;13.10.2023 05:00;100,08
13.10.2023 05:00;13.10.2023 06:00;95,25
13.10.2023 06:00;13.10.2023 07:00;129,43
13.10.2023 07:00;13.10.2023 08:00;143,45
13.10.2023 08:00;13.10.2023 09:00;145,25
13.10.2023 09:00;13.10.2023 10:00;132,05
13.10.2023 10:00;13.10.2023 11:00;99,0
13.10.2023 11:00;13.10.2023 12:00;72,02
13.10.2023 12:00;13.10.2023 13:00;34,45
13.10.2023 13:00;13.10.2023 14:00;7,3
13.10.2023 14:00;13.10.2023 15:00;4,31
13.10.2023 15:00;13.10.2023 16:00;4,24
13.10.2023 16:00;13.10.2023 17:00;10,0
13.10.2023 17:00;13.10.2023 18:00;46,48
13.10.2023 18:00;13.10.2023 19:00;74,23
13.10.2023 19:00;13.10.2023 20:00;76,3
13.10.2023 20:00;13.10.2023 21:00;15,94
13.10.2023 21:00;13.10.2023 22:00;5,05
13.10.2023 22:00;13.10.2023 23:00;0,2
13.10.2023 23:00;14.10.2023 00:00;-0,81
14.10.2023 00:00;14.10.2023 01:00;-0,09
14.10.2023 01:00;14.10.2023 02:00;-1,87
14.10.2023 02:00;14.10.2023 03:00;-1,49
14.10.2023 03:00;14.10.2023 04:00;-1,72
14.10.2023 04:00;14.10.2023 05:00;-2,21
14.10.2023 05:00;14.10.2023 06:00;-2,08
14.10.2023 06:00;14.10.2023 07:00;-0,96
14.10.2023 07:00;14.10.2023 08:00;-0,02
14.10.2023 08:00;14.10.2023 09:00;9,09
14.10.2023 09:00;14.10.2023 10:00;20,6
14.10.2023 10:00;14.10.2023 11:00;1,08
14.10.2023 11:00;14.10.2023 12:00;-0,05
14.10.2023 12:00;14.10.2023 13:00;-0,94
14.10.2023 13:00;14.10.2023 14:00;-1,09
14.10.2023 14:00;14.10.2023 15:00;-1,39
14.10.2023 15:00;14.10.2023 16:00;-0,08
14.10.2023 16:00;14.10.2023 17:00;0,6
14.10.2023 17:00;14.10.2023 18:00;67,19
14.10.2023 18:00;14.10.2023 19:00;117,9
14.10.2023 19:00;14.10.2023 20:00;129,97
14.10.2023 20:00;14.10.2023 21:00;96,91
14.10.2023 21:00;14.10.2023 22:00;85,68
14.10.2023 22:00;14.10.2023 23:00;74,59
14.10.2023 23:00;15.10.2023 00:00;47,06
15.10.2023 00:00;15.10.2023 01:00;14,67
15.10.2023 01:00;15.10.2023 02:00;6,96
15.10.2023 02:00;15.10.2023 03:00;5,79
15.10.2023 03:00;15.10.2023 04:00;9,06
15.10.2023 04:00;15.10.2023 05:00;5,72
15.10.2023 05:00;15.10.2023 06:00;7,63
15.10.2023 06:00;15.10.2023 07:00;5,88
15.10.2023 07:00;15.10.2023 08:00;21,34
15.10.2023 08:00;15.10.2023 09:00;24,58
15.10.2023 09:00;15.10.2023 10:00;30,9
15.10.2023 10:00;15.10.2023 11:00;5,07
15.10.2023 11:00;15.10.2023 12:00;0,04
15.10.2023 12:00;15.10.2023 13:00;-0,09
15.10.2023 13:00;15.10.2023 14:00;-1,0
15.10.2023 14:00;15.10.2023 15:00;-1,76
15.10.2023 15:00;15.10.2023 16:00;-0,23
15.10.2023 16:00;15.10.2023 17:00;1,04
15.10.2023 17:00;15.10.2023 18:00;80,8
15.10.2023 18:00;15.10.2023 19:00;139,9
15.10.2023 19:00;15.10.2023 20:00;134,98
15.10.2023 20:00;15.10.2023 21:00;132,26
15.10.2023 21:00;15.10.2023 22:00;115,03
15.10.2023 22:00;15.10.2023 23:00;116,96
15.10.2023 23:00;16.10.2023 00:00;95,28
16.10.2023 00:00;16.10.2023 01:00;103,62
16.10.2023 01:00;16.10.2023 02:00;97,03
16.10.2023 02:00;16.10.2023 03:00;98,37
16.10.2023 03:00;16.10.2023 04:00;96,63
16.10.2023 04:00;16.10.2023 05:00;94,43
16.10.2023 05:00;16.10.2023 06:00;98,27
16.10.2023 06:00;16.10.2023 07:00;139,56
16.10.2023 07:00;16.10.2023 08:00;159,37
16.10.2023 08:00;16.10.2023 09:00;165,72
16.10.2023 09:00;16.10.2023 10:00;154,49
16.10.2023 10:00;16.10.2023 11:00;121,96
16.10.2023 11:00;16.10.2023 12:00;116,82
16.10.2023 12:00;16.10.2023 13:00;113,79
16.10.2023 13:00;16.10.2023 14:00;106,25
16.10.2023 14:00;16.10.2023 15:00;109,49
16.10.2023 15:00;16.10.2023 16:00;116,75
16.10.2023 16:00;16.10.2023 17:00;138,96
16.10.2023 17:00;16.10.2023 18:00;166,83
16.10.2023 18:00;16.10.2023 19:00;211,06
16.10.2023 19:00;16.10.2023 20:00;240,0
16.10.2023 20:00;16.10.2023 21:00;159,94
16.10.2023 21:00;16.10.2023 22:00;145,01
16.10.2023 22:00;16.10.2023 23:00;135,2
16.10.2023 23:00;17.10.2023 00:00;119,22
17.10.2023 00:00;17.10.2023 01:00;127,58
17.10.2023 01:00;17.10.2023 02:00;114,04
17.10.2023 02:00;17.10.2023 03:00;108,38
17.10.2023 03:00;17.10.2023 04:00;105,5
17.10.2023 04:00;17.10.2023 05:00;110,57
17.10.2023 05:00;17.10.2023 06:00;121,96
17.10.2023 06:00;17.10.2023 07:00;150,25
17.10.2023 07:00;17.10.2023 08:00;165,0
17.10.2023 08:00;17.10.2023 09:00;191,08
17.10.2023 09:00;17.10.2023 10:00;159,4
17.10.2023 10:00;17.10.2023 11:00;134,98
17.10.2023 11:00;17.10.2023 12:00;113,67
17.10.2023 12:00;17.10.2023 13:00;108,91
17.10.2023 13:00;17.10.2023 14:00;100,08
17.10.2023 14:00;17.10.2023 15:00;98,4
17.10.2023 15:00;17.10.2023 16:00;107,95
17.10.2023 16:00;17.10.2023 17:00;128,42
17.10.2023 17:00;17.10.2023 18:00;153,12
17.10.2023 18:00;17.10.2023 19:00;165,92
17.10.2023 19:00;17.10.2023 20:00;164,45
17.10.2023 20:00;17.10.2023 21:00;129,97
17.10.2023 21:00;17.10.2023 22:00;132,9
17.10.2023 22:00;17.10.2023 23:00;126,03
17.10.2023 23:00;18.10.2023 00:00;104,42
18.10.2023 00:00;18.10.2023 01:00;89,58
18.10.2023 01:00;18.10.2023 02:00;89,06
18.10.2023 02:00;18.10.2023 03:00;88,36
18.10.2023 03:00;18.10.2023 04:00;89,48
18.10.2023 04:00;18.10.2023 05:00;91,99
18.10.2023 05:00;18.10.2023 06:00;97,56
18.10.2023 06:00;18.10.2023 07:00;134,0
18.10.2023 07:00;18.10.2023 08:00;166,91
18.10.2023 08:00;18.10.2023 09:00;159,14
18.10.2023 09:00;18.10.2023 10:00;123,41
18.10.2023 10:00;18.10.2023 11:00;90,02
18.10.2023 11:00;18.10.2023 12:00;76,92
18.10.2023 12:00;18.10.2023 13:00;70,09
18.10.2023 13:00;18.10.2023 14:00;64,0
18.10.2023 14:00;18.10.2023 15:00;71,59
18.10.2023 15:00;18.10.2023 16:00;90,07
18.10.2023 16:00;18.10.2023 17:00;115,16
18.10.2023 17:00;18.10.2023 18:00;131,08
18.10.2023 18:00;18.10.2023 19:00;110,54
18.10.2023 19:00;18.10.2023 20:00;106,9
18.10.2023 20:00;18.10.2023 21:00;96,81
18.10.2023 21:00;18.10.2023 22:00;86,29
18.10.2023 22:00;18.10.2023 23:00;76,23
18.10.2023 23:00;19.10.2023 00:00;47,48
19.10.2023 00:00;19.10.2023 01:00;25,89
19.10.2023 01:00;19.10.2023 02:00;15,45
19.10.2023 02:00;19.10.2023 03:00;10,1
19.10.2023 03:00;19.10.2023 04:00;8,15
19.10.2023 04:00;19.10.2023 05:00;17,01
19.10.2023 05:00;19.10.2023 06:00;42,88
19.10.2023 06:00;19.10.2023 07:00;88,07
19.10.2023 07:00;19.10.2023 08:00;107,78
19.10.2023 08:00;19.10.2023 09:00;124,11
19.10.2023 09:00;19.10.2023 10:00;127,0
19.10.2023 10:00;19.10.2023 11:00;122,75
19.10.2023 11:00;19.10.2023 12:00;124,64
19.10.2023 12:00;19.10.2023 13:00;124,85
19.10.2023 13:00;19.10.2023 14:00;120,11
19.10.2023 14:00;19.10.2023 15:00;119,58
19.10.2023 15:00;19.10.2023 16:00;123,62
19.10.2023 16:00;19.10.2023 17:00;133,04
19.10.2023 17:00;19.10.2023 18:00;137,7
19.10.2023 18:00;19.10.2023 19:00;138,87
19.10.2023 19:00;19.10.2023 20:00;138,07
19.10.2023 20:00;19.10.2023 21:00;116,79
19.10.2023 21:00;19.10.2023 22:00;94,75
19.10.2023 22:00;19.10.2023 23:00;97,0
19.10.2023 23:00;20.10.2023 00:00;83,6
20.10.2023 00:00;20.10.2023 01:00;77,59
20.10.2023 01:00;20.10.2023 02:00;63,69
20.10.2023 02:00;20.10.2023 03:00;51,2
20.10.2023 03:00;20.10.2023 04:00;35,27
20.10.2023 04:00;20.10.2023 05:00;23,05
20.10.2023 05:00;20.10.2023 06:00;41,75
20.10.2023 06:00;20.10.2023 07:00;76,69
20.10.2023 07:00;20.10.2023 08:00;108,12
20.10.2023 08:00;20.10.2023 09:00;119,44
20.10.2023 09:00;20.10.2023 10:00;124,76
20.10.2023 10:00;20.10.2023 11:00;115,22
20.10.2023 11:00;20.10.2023 12:00;109,16
20.10.2023 12:00;20.10.2023 13:00;100,75
20.10.2023 13:00;20.10.2023 14:00;93,76
20.10.2023 14:00;20.10.2023 15:00;92,81
20.10.2023 15:00;20.10.2023 16:00;95,31
20.10.2023 16:00;20.10.2023 17:00;99,03
20.10.2023 17:00;20.10.2023 18:00;108,5
20.10.2023 18:00;20.10.2023 19:00;117,54
20.10.2023 19:00;20.10.2023 20:00;120,29
20.10.2023 20:00;20.10.2023 21:00;101,94
20.10.2023 21:00;20.10.2023 22:00;82,86
20.10.2023 22:00;20.10.2023 23:00;78,51
20.10.2023 23:00;21.10.2023 00:00;56,44
21.10.2023 00:00;21.10.2023 01:00;53,1
21.10.2023 01:00;21.10.2023 02:00;37,27
21.10.2023 02:00;21.10.2023 03:00;39,74
21.10.2023 03:00;21.10.2023 04:00;33,95
21.10.2023 04:00;21.10.2023 05:00;37,15
21.10.2023 05:00;21.10.2023 06:00;35,14
21.10.2023 06:00;21.10.2023 07:00;43,7
21.10.2023 07:00;21.10.2023 08:00;66,67
21.10.2023 08:00;21.10.2023 09:00;74,95
21.10.2023 09:00;21.10.2023 10:00;58,71
21.10.2023 10:00;21.10.2023 11:00;44,83
21.10.2023 11:00;21.10.2023 12:00;31,1
21.10.2023 12:00;21.10.2023 13:00;20,8
21.10.2023 13:00;21.10.2023 14:00;10,0
21.10.2023 14:00;21.10.2023 15:00;13,21
21.10.2023 15:00;21.10.2023 16:00;28,03
21.10.2023 16:00;21.10.2023 17:00;84,35
21.10.2023 17:00;21.10.2023 18:00;114,77
21.10.2023 18:00;21.10.2023 19:00;128,4
21.10.2023 19:00;21.10.2023 20:00;114,72
21.10.2023 20:00;21.10.2023 21:00;90,21
21.10.2023 21:00;21.10.2023 22:00;53,39
21.10.2023 22:00;21.10.2023 23:00;49,33
21.10.2023 23:00;22.10.2023 00:00;40,15
22.10.2023 00:00;22.10.2023 01:00;39,37
22.10.2023 01:00;22.10.2023 02:00;30,36
22.10.2023 02:00;22.10.2023 03:00;18,61
22.10.2023 03:00;22.10.2023 04:00;15,63
22.10.2023 04:00;22.10.2023 05:00;18,35
22.10.2023 05:00;22.10.2023 06:00;34,32
22.10.2023 06:00;22.10.2023 07:00;30,26
22.10.2023 07:00;22.10.2023 08:00;58,2
22.10.2023 08:00;22.10.2023 09:00;54,5
22.10.2023 09:00;22.10.2023 10:00;62,83
22.10.2023 10:00;22.10.2023 11:00;51,58
22.10.2023 11:00;22.10.2023 12:00;48,59
22.10.2023 12:00;22.10.2023 13:00;44,99
22.10.2023 13:00;22.10.2023 14:00;29,19
22.10.2023 14:00;22.10.2023 15:00;31,86
22.10.2023 15:00;22.10.2023 16:00;51,29
22.10.2023 16:00;22.10.2023 17:00;77,32
22.10.2023 17:00;22.10.2023 18:00;125,83
22.10.2023 18:00;22.10.2023 19:00;135,29
22.10.2023 19:00;22.10.2023 20:00;139,02
22.10.2023 20:00;22.10.2023 21:00;126,05
22.10.2023 21:00;22.10.2023 22:00;112,47
22.10.2023 22:00;22.10.2023 23:00;102,18
22.10.2023 23:00;23.10.2023 00:00;96,66
23.10.2023 00:00;23.10.2023 01:00;99,46
23.10.2023 01:00;23.10.2023 02:00;100,06
23.10.2023 02:00;23.10.2023 03:00;101,28
23.10.2023 03:00;23.10.2023 04:00;100,11
23.10.2023 04:00;23.10.2023 05:00;98,73
23.10.2023 05:00;23.10.2023 06:00;105,41
23.10.2023 06:00;23.10.2023 07:00;142,9
23.10.2023 07:00;23.10.2023 08:00;177,5
23.10.2023 08:00;23.10.2023 09:00;198,39
23.10.2023 09:00;23.10.2023 10:00;151,65
23.10.2023 10:00;23.10.2023 11:00;128,07
23.10.2023 11:00;23.10.2023 12:00;109,03
23.10.2023 12:00;23.10.2023 13:00;102,26
23.10.2023 13:00;23.10.2023 14:00;103,22
23.10.2023 14:00;23.10.2023 15:00;107,0
23.10.2023 15:00;23.10.2023 16:00;128,72
23.10.2023 16:00;23.10.2023 17:00;138,67
23.10.2023 17:00;23.10.2023 18:00;154,97
23.10.2023 18:00;23.10.2023 19:00;165,19
23.10.2023 19:00;23.10.2023 20:00;155,9
23.10.2023 20:00;23.10.2023 21:00;127,33
23.10.2023 21:00;23.10.2023 22:00;104,02
23.10.2023 22:00;23.10.2023 23:00;107,95
23.10.2023 23:00;24.10.2023 00:00;92,76
24.10.2023 00:00;24.10.2023 01:00;101,33
24.10.2023 01:00;24.10.2023 02:00;97,21
24.10.2023 02:00;24.10.2023 03:00;94,54
24.10.2023 03:00;24.10.2023 04:00;89,46
24.10.2023 04:00;24.10.2023 05:00;90,27
24.10.2023 05:00;24.10.2023 06:00;94,8
24.10.2023 06:00;24.10.2023 07:00;101,65
24.10.2023 07:00;24.10.2023 08:00;120,12
24.10.2023 08:00;24.10.2023 09:00;130,72
24.10.2023 09:00;24.10.2023 10:00;136,35
24.10.2023 10:00;24.10.2023 11:00;128,37
24.10.2023 11:00;24.10.2023 12:00;125,0
24.10.2023 12:00;24.10.2023 13:00;118,99
24.10.2023 13:00;24.10.2023 14:00;112,54
24.10.2023 14:00;24.10.2023 15:00;115,4
24.10.2023 15:00;24.10.2023 16:00;132,17
24.10.2023 16:00;24.10.2023 17:00;129,16
24.10.2023 17:00;24.10.2023 18:00;140,0
24.10.2023 18:00;24.10.2023 19:00;149,87
24.10.2023 19:00;24.10.2023 20:00;154,07
24.10.2023 20:00;24.10.2023 21:00;133,45
24.10.2023 21:00;24.10.2023 22:00;119,31
24.10.2023 22:00;24.10.2023 23:00;114,1
24.10.2023 23:00;25.10.2023 00:00;102,78
25.10.2023 00:00;25.10.2023 01:00;99,07
25.10.2023 01:00;25.10.2023 02:00;94,56
25.10.2023 02:00;25.10.2023 03:00;89,43
25.10.2023 03:00;25.10.2023 04:00;86,06
25.10.2023 04:00;25.10.2023 05:00;90,54
25.10.2023 05:00;25.10.2023 06:00;96,99
25.10.2023 06:00;25.10.2023 07:00;125,5
25.10.2023 07:00;25.10.2023 08:00;150,16
25.10.2023 08:00;25.10.2023 09:00;152,87
25.10.2023 09:00;25.10.2023 10:00;140,49
25.10.2023 10:00;25.10.2023 11:00;130,02
25.10.2023 11:00;25.10.2023 12:00;124,99
25.10.2023 12:00;25.10.2023 13:00;117,38
25.10.2023 13:00;25.10.2023 14:00;115,62
25.10.2023 14:00;25.10.2023 15:00;124,47
25.10.2023 15:00;25.10.2023 16:00;138,13
25.10.2023 16:00;25.10.2023 17:00;147,51
25.10.2023 17:00;25.10.2023 18:00;153,73
25.10.2023 18:00;25.10.2023 19:00;154,62
25.10.2023 19:00;25.10.2023 20:00;157,71
25.10.2023 20:00;25.10.2023 21:00;137,08
25.10.2023 21:00;25.10.2023 22:00;123,55
25.10.2023 22:00;25.10.2023 23:00;120,06
25.10.2023 23:00;26.10.2023 00:00;112,8
26.10.2023 00:00;26.10.2023 01:00;89,48
26.10.2023 01:00;26.10.2023 02:00;89,91
26.10.2023 02:00;26.10.2023 03:00;87,49
26.10.2023 03:00;26.10.2023 04:00;87,04
26.10.2023 04:00;26.10.2023 05:00;89,92
26.10.2023 05:00;26.10.2023 06:00;100,0
26.10.2023 06:00;26.10.2023 07:00;117,08
26.10.2023 07:00;26.10.2023 08:00;133,66
26.10.2023 08:00;26.10.2023 09:00;143,85
26.10.2023 09:00;26.10.2023 10:00;149,0
26.10.2023 10:00;26.10.2023 11:00;146,37
26.10.2023 11:00;26.10.2023 12:00;140,0
26.10.2023 12:00;26.10.2023 13:00;131,11
26.10.2023 13:00;26.10.2023 14:00;120,09
26.10.2023 14:00;26.10.2023 15:00;119,6
26.10.2023 15:00;26.10.2023 16:00;120,01
26.10.2023 16:00;26.10.2023 17:00;131,14
26.10.2023 17:00;26.10.2023 18:00;142,91
26.10.2023 18:00;26.10.2023 19:00;150,95
26.10.2023 19:00;26.10.2023 20:00;150,99
26.10.2023 20:00;26.10.2023 21:00;130,72
26.10.2023 21:00;26.10.2023 22:00;119,06
26.10.2023 22:00;26.10.2023 23:00;117,06
26.10.2023 23:00;27.10.2023 00:00;104,85
27.10.2023 00:00;27.10.2023 01:00;104,56
27.10.2023 01:00;27.10.2023 02:00;97,33
27.10.2023 02:00;27.10.2023 03:00;95,11
27.10.2023 03:00;27.10.2023 04:00;95,0
27.10.2023 04:00;27.10.2023 05:00;99,15
27.10.2023 05:00;27.10.2023 06:00;104,58
27.10.2023 06:00;27.10.2023 07:00;122,61
27.10.2023 07:00;27.10.2023 08:00;143,28
27.10.2023 08:00;27.10.2023 09:00;154,55
27.10.2023 09:00;27.10.2023 10:00;152,7
27.10.2023 10:00;27.10.2023 11:00;145,19
27.10.2023 11:00;27.10.2023 12:00;138,29
27.10.2023 12:00;27.10.2023 13:00;122,39
27.10.2023 13:00;27.10.2023 14:00;109,8
27.10.2023 14:00;27.10.2023 15:00;101,57
27.10.2023 15:00;27.10.2023 16:00;107,68
27.10.2023 16:00;27.10.2023 17:00;126,41
27.10.2023 17:00;27.10.2023 18:00;128,36
27.10.2023 18:00;27.10.2023 19:00;139,82
27.10.2023 19:00;27.10.2023 20:00;140,54
27.10.2023 20:00;27.10.2023 21:00;120,89
27.10.2023 21:00;27.10.2023 22:00;100,05
27.10.2023 22:00;27.10.2023 23:00;96,84
27.10.2023 23:00;28.10.2023 00:00;93,7
28.10.2023 00:00;28.10.2023 01:00;84,6
28.10.2023 01:00;28.10.2023 02:00;68,61
28.10.2023 02:00;28.10.2023 03:00;64,59
28.10.2023 03:00;28.10.2023 04:00;55,0
28.10.2023 04:00;28.10.2023 05:00;60,51
28.10.2023 05:00;28.10.2023 06:00;69,01
28.10.2023 06:00;28.10.2023 07:00;66,47
28.10.2023 07:00;28.10.2023 08:00;79,9
28.10.2023 08:00;28.10.2023 09:00;90,69
28.10.2023 09:00;28.10.2023 10:00;89,5
28.10.2023 10:00;28.10.2023 11:00;87,01
28.10.2023 11:00;28.10.2023 12:00;69,79
28.10.2023 12:00;28.10.2023 13:00;69,86
28.10.2023 13:00;28.10.2023 14:00;67,9
28.10.2023 14:00;28.10.2023 15:00;73,91
28.10.2023 15:00;28.10.2023 16:00;87,0
28.10.2023 16:00;28.10.2023 17:00;112,02
28.10.2023 17:00;28.10.2023 18:00;139,8
28.10.2023 18:00;28.10.2023 19:00;148,96
28.10.2023 19:00;28.10.2023 20:00;118,83
28.10.2023 20:00;28.10.2023 21:00;90,35
28.10.2023 21:00;28.10.2023 22:00;83,51
28.10.2023 22:00;28.10.2023 23:00;75,48
28.10.2023 23:00;29.10.2023 00:00;47,48
29.10.2023 00:00;29.10.2023 01:00;14,05
29.10.2023 01:00;29.10.2023 02:00;0,96
29.10.2023 02:00;29.10.2023 03:00;0,01
29.10.2023 03:00;29.10.2023 04:00;-0,24
29.10.2023 04:00;29.10.2023 05:00;-0,28
29.10.2023 05:00;29.10.2023 06:00;-0,39
29.10.2023 06:00;29.10.2023 07:00;-0,36
29.10.2023 07:00;29.10.2023 08:00;-0,07
29.10.2023 08:00;29.10.2023 09:00;0,01
29.10.2023 09:00;29.10.2023 10:00;0,0
29.10.2023 10:00;29.10.2023 11:00;-0,21
29.10.2023 11:00;29.10.2023 12:00;-0,08
29.10.2023 12:00;29.10.2023 13:00;-0,03
29.10.2023 13:00;29.10.2023 14:00;0,61
29.10.2023 14:00;29.10.2023 15:00;10,03
29.10.2023 15:00;29.10.2023 16:00;40,03
29.10.2023 16:00;29.10.2023 17:00;76,92
29.10.2023 17:00;29.10.2023 18:00;83,9
29.10.2023 18:00;29.10.2023 19:00;76,98
29.10.2023 19:00;29.10.2023 20:00;67,37
29.10.2023 20:00;29.10.2023 21:00;62,16
29.10.2023 21:00;29.10.2023 22:00;54,02
29.10.2023 22:00;29.10.2023 23:00;51,94
29.10.2023 23:00;30.10.2023 00:00;38,41
30.10.2023 00:00;30.10.2023 01:00;8,0
30.10.2023 01:00;30.10.2023 02:00;8,17
30.10.2023 02:00;30.10.2023 03:00;8,36
30.10.2023 03:00;30.10.2023 04:00;10,02
30.10.2023 04:00;30.10.2023 05:00;14,78
30.10.2023 05:00;30.10.2023 06:00;25,16
30.10.2023 06:00;30.10.2023 07:00;80,29
30.10.2023 07:00;30.10.2023 08:00;105,91
30.10.2023 08:00;30.10.2023 09:00;111,0
30.10.2023 09:00;30.10.2023 10:00;103,0
30.10.2023 10:00;30.10.2023 11:00;90,0
30.10.2023 11:00;30.10.2023 12:00;96,17
30.10.2023 12:00;30.10.2023 13:00;102,54
30.10.2023 13:00;30.10.2023 14:00;114,62
30.10.2023 14:00;30.10.2023 15:00;123,98
30.10.2023 15:00;30.10.2023 16:00;139,45
30.10.2023 16:00;30.10.2023 17:00;144,93
30.10.2023 17:00;30.10.2023 18:00;165,84
30.10.2023 18:00;30.10.2023 19:00;171,0
30.10.2023 19:00;30.10.2023 20:00;151,1
30.10.2023 20:00;30.10.2023 21:00;129,02
30.10.2023 21:00;30.10.2023 22:00;117,27
30.10.2023 22:00;30.10.2023 23:00;113,26
30.10.2023 23:00;31.10.2023 00:00;95,4
31.10.2023 00:00;31.10.2023 01:00;86,05
31.10.2023 01:00;31.10.2023 02:00;79,2
31.10.2023 02:00;31.10.2023 03:00;71,96
31.10.2023 03:00;31.10.2023 04:00;64,8
31.10.2023 04:00;31.10.2023 05:00;61,97
31.10.2023 05:00;31.10.2023 06:00;69,77
31.10.2023 06:00;31.10.2023 07:00;88,48
31.10.2023 07:00;31.10.2023 08:00;107,39
31.10.2023 08:00;31.10.2023 09:00;108,02
31.10.2023 09:00;31.10.2023 10:00;100,5
31.10.2023 10:00;31.10.2023 11:00;93,0
31.10.2023 11:00;31.10.2023 12:00;101,95
31.10.2023 12:00;31.10.2023 13:00;101,49
31.10.2023 13:00;31.10.2023 14:00;97,77
31.10.2023 14:00;31.10.2023 15:00;104,97
31.10.2023 15:00;31.10.2023 16:00;117,51
31.10.2023 16:00;31.10.2023 17:00;135,11
31.10.2023 17:00;31.10.2023 18:00;161,81
31.10.2023 18:00;31.10.2023 19:00;172,04
31.10.2023 19:00;31.10.2023 20:00;152,92
31.10.2023 20:00;31.10.2023 21:00;125,88
31.10.2023 21:00;31.10.2023 22:00;115,92
31.10.2023 22:00;31.10.2023 23:00;104,92
31.10.2023 23:00;01.11.2023 00:00;95,37
01.11.2023 00:00;01.11.2023 01:00;65,37
01.11.2023 01:00;01.11.2023 02:00;65,58
01.11.2023 02:00;01.11.2023 03:00;60,79
01.11.2023 03:00;01.11.2023 04:00;60,74
01.11.2023 04:00;01.11.2023 05:00;58,94
01.11.2023 05:00;01.11.2023 06:00;66,04
01.11.2023 06:00;01.11.2023 07:00;78,97
01.11.2023 07:00;01.11.2023 08:00;85,56
01.11.2023 08:00;01.11.2023 09:00;87,77
01.11.2023 09:00;01.11.2023 10:00;69,23
01.11.2023 10:00;01.11.2023 11:00;59,0
01.11.2023 11:00;01.11.2023 12:00;51,4
01.11.2023 12:00;01.11.2023 13:00;47,64
01.11.2023 13:00;01.11.2023 14:00;51,99
01.11.2023 14:00;01.11.2023 15:00;64,07
01.11.2023 15:00;01.11.2023 16:00;80,65
01.11.2023 16:00;01.11.2023 17:00;78,97
01.11.2023 17:00;01.11.2023 18:00;84,95
01.11.2023 18:00;01.11.2023 19:00;79,5
01.11.2023 19:00;01.11.2023 20:00;66,57
01.11.2023 20:00;01.11.2023 21:00;53,15
01.11.2023 21:00;01.11.2023 22:00;39,51
01.11.2023 22:00;01.11.2023 23:00;34,17
01.11.2023 23:00;02.11.2023 00:00;18,76
02.11.2023 00:00;02.11.2023 01:00;21,4
02.11.2023 01:00;02.11.2023 02:00;16,97
02.11.2023 02:00;02.11.2023 03:00;15,38
02.11.2023 03:00;02.11.2023 04:00;13,41
02.11.2023 04:00;02.11.2023 05:00;14,49
02.11.2023 05:00;02.11.2023 06:00;22,52
02.11.2023 06:00;02.11.2023 07:00;69,57
02.11.2023 07:00;02.11.2023 08:00;75,01
02.11.2023 08:00;02.11.2023 09:00;78,32
02.11.2023 09:00;02.11.2023 10:00;69,16
02.11.2023 10:00;02.11.2023 11:00;60,08
02.11.2023 11:00;02.11.2023 12:00;61,43
02.11.2023 12:00;02.11.2023 13:00;60,4
02.11.2023 13:00;02.11.2023 14:00;59,36
02.11.2023 14:00;02.11.2023 15:00;69,5
02.11.2023 15:00;02.11.2023 16:00;76,08
02.11.2023 16:00;02.11.2023 17:00;79,43
02.11.2023 17:00;02.11.2023 18:00;87,26
02.11.2023 18:00;02.11.2023 19:00;97,95
02.11.2023 19:00;02.11.2023 20:00;93,84
02.11.2023 20:00;02.11.2023 21:00;87,76
02.11.2023 21:00;02.11.2023 22:00;75,95
02.11.2023 22:00;02.11.2023 23:00;72,27
02.11.2023 23:00;03.11.2023 00:00;57,04
03.11.2023 00:00;03.11.2023 01:00;15,17
03.11.2023 01:00;03.11.2023 02:00;11,47
03.11.2023 02:00;03.11.2023 03:00;10,0
03.11.2023 03:00;03.11.2023 04:00;5,73
03.11.2023 04:00;03.11.2023 05:00;9,73
03.11.2023 05:00;03.11.2023 06:00;23,6
03.11.2023 06:00;03.11.2023 07:00;61,58
03.11.2023 07:00;03.11.2023 08:00;89,8
03.11.2023 08:00;03.11.2023 09:00;95,02
03.11.2023 09:00;03.11.2023 10:00;89,59
03.11.2023 10:00;03.11.2023 11:00;82,79
03.11.2023 11:00;03.11.2023 12:00;71,36
03.11.2023 12:00;03.11.2023 13:00;61,67
03.11.2023 13:00;03.11.2023 14:00;60,71
03.11.2023 14:00;03.11.2023 15:00;64,72
03.11.2023 15:00;03.11.2023 16:00;69,02
03.11.2023 16:00;03.11.2023 17:00;81,95
03.11.2023 17:00;03.11.2023 18:00;88,0
03.11.2023 18:00;03.11.2023 19:00;89,25
03.11.2023 19:00;03.11.2023 20:00;88,23
03.11.2023 20:00;03.11.2023 21:00;69,07
03.11.2023 21:00;03.11.2023 22:00;53,13
03.11.2023 22:00;03.11.2023 23:00;45,53
03.11.2023 23:00;04.11.2023 00:00;20,63
04.11.2023 00:00;04.11.2023 01:00;45,72
04.11.2023 01:00;04.11.2023 02:00;32,06
04.11.2023 02:00;04.11.2023 03:00;30,0
04.11.2023 03:00;04.11.2023 04:00;22,01
04.11.2023 04:00;04.11.2023 05:00;19,19
04.11.2023 05:00;04.11.2023 06:00;15,4
04.11.2023 06:00;04.11.2023 07:00;16,13
04.11.2023 07:00;04.11.2023 08:00;25,08
04.11.2023 08:00;04.11.2023 09:00;25,85
04.11.2023 09:00;04.11.2023 10:00;20,0
04.11.2023 10:00;04.11.2023 11:00;13,95
04.11.2023 11:00;04.11.2023 12:00;15,2
04.11.2023 12:00;04.11.2023 13:00;20,0
04.11.2023 13:00;04.11.2023 14:00;21,14
04.11.2023 14:00;04.11.2023 15:00;30,79
04.11.2023 15:00;04.11.2023 16:00;42,69
04.11.2023 16:00;04.11.2023 17:00;40,0
04.11.2023 17:00;04.11.2023 18:00;48,76
04.11.2023 18:00;04.11.2023 19:00;40,0
04.11.2023 19:00;04.11.2023 20:00;29,61
04.11.2023 20:00;04.11.2023 21:00;12,82
04.11.2023 21:00;04.11.2023 22:00;10,4
04.11.2023 22:00;04.11.2023 23:00;11,73
04.11.2023 23:00;05.11.2023 00:00;7,05
05.11.2023 00:00;05.11.2023 01:00;8,71
05.11.2023 01:00;05.11.2023 02:00;6,59
05.11.2023 02:00;05.11.2023 03:00;5,18
05.11.2023 03:00;05.11.2023 04:00;2,98
05.11.2023 04:00;05.11.2023 05:00;4,24
05.11.2023 05:00;05.11.2023 06:00;7,99
05.11.2023 06:00;05.11.2023 07:00;7,29
05.11.2023 07:00;05.11.2023 08:00;11,29
05.11.2023 08:00;05.11.2023 09:00;15,58
05.11.2023 09:00;05.11.2023 10:00;24,02
05.11.2023 10:00;05.11.2023 11:00;47,47
05.11.2023 11:00;05.11.2023 12:00;48,46
05.11.2023 12:00;05.11.2023 13:00;44,28
05.11.2023 13:00;05.11.2023 14:00;29,7
05.11.2023 14:00;05.11.2023 15:00;38,15
05.11.2023 15:00;05.11.2023 16:00;57,18
05.11.2023 16:00;05.11.2023 17:00;63,09
05.11.2023 17:00;05.11.2023 18:00;74,95
05.11.2023 18:00;05.11.2023 19:00;72,67
05.11.2023 19:00;05.11.2023 20:00;59,17
05.11.2023 20:00;05.11.2023 21:00;46,48
05.11.2023 21:00;05.11.2023 22:00;20,85
05.11.2023 22:00;05.11.2023 23:00;15,84
05.11.2023 23:00;06.11.2023 00:00;5,71
06.11.2023 00:00;06.11.2023 01:00;2,76
06.11.2023 01:00;06.11.2023 02:00;0,11
06.11.2023 02:00;06.11.2023 03:00;0,03
06.11.2023 03:00;06.11.2023 04:00;0,14
06.11.2023 04:00;06.11.2023 05:00;4,3
06.11.2023 05:00;06.11.2023 06:00;16,93
06.11.2023 06:00;06.11.2023 07:00;72,57
06.11.2023 07:00;06.11.2023 08:00;95,56
06.11.2023 08:00;06.11.2023 09:00;95,93
06.11.2023 09:00;06.11.2023 10:00;74,93
06.11.2023 10:00;06.11.2023 11:00;60,14
06.11.2023 11:00;06.11.2023 12:00;56,29
06.11.2023 12:00;06.11.2023 13:00;58,05
06.11.2023 13:00;06.11.2023 14:00;66,98
06.11.2023 14:00;06.11.2023 15:00;80,29
06.11.2023 15:00;06.11.2023 16:00;100,08
06.11.2023 16:00;06.11.2023 17:00;112,17
06.11.2023 17:00;06.11.2023 18:00;137,67
06.11.2023 18:00;06.11.2023 19:00;150,94
06.11.2023 19:00;06.11.2023 20:00;139,52
06.11.2023 20:00;06.11.2023 21:00;111,12
06.11.2023 21:00;06.11.2023 22:00;105,67
06.11.2023 22:00;06.11.2023 23:00;99,08
06.11.2023 23:00;07.11.2023 00:00;87,74
07.11.2023 00:00;07.11.2023 01:00;78,9
07.11.2023 01:00;07.11.2023 02:00;76,3
07.11.2023 02:00;07.11.2023 03:00;70,8
07.11.2023 03:00;07.11.2023 04:00;68,01
07.11.2023 04:00;07.11.2023 05:00;70,25
07.11.2023 05:00;07.11.2023 06:00;83,35
07.11.2023 06:00;07.11.2023 07:00;101,28
07.11.2023 07:00;07.11.2023 08:00;132,89
07.11.2023 08:00;07.11.2023 09:00;136,05
07.11.2023 09:00;07.11.2023 10:00;114,93
07.11.2023 10:00;07.11.2023 11:00;99,45
07.11.2023 11:00;07.11.2023 12:00;89,03
07.11.2023 12:00;07.11.2023 13:00;86,21
07.11.2023 13:00;07.11.2023 14:00;88,79
07.11.2023 14:00;07.11.2023 15:00;97,49
07.11.2023 15:00;07.11.2023 16:00;108,07
07.11.2023 16:00;07.11.2023 17:00;112,9
07.11.2023 17:00;07.11.2023 18:00;136,84
07.11.2023 18:00;07.11.2023 19:00;149,38
07.11.2023 19:00;07.11.2023 20:00;132,42
07.11.2023 20:00;07.11.2023 21:00;104,72
07.11.2023 21:00;07.11.2023 22:00;92,98
07.11.2023 22:00;07.11.2023 23:00;88,69
07.11.2023 23:00;08.11.2023 00:00;74,17
08.11.2023 00:00;08.11.2023 01:00;70,6
08.11.2023 01:00;08.11.2023 02:00;74,22
08.11.2023 02:00;08.11.2023 03:00;66,73
08.11.2023 03:00;08.11.2023 04:00;61,98
08.11.2023 04:00;08.11.2023 05:00;66,76
08.11.2023 05:00;08.11.2023 06:00;75,01
08.11.2023 06:00;08.11.2023 07:00;84,5
08.11.2023 07:00;08.11.2023 08:00;107,62
08.11.2023 08:00;08.11.2023 09:00;111,47
08.11.2023 09:00;08.11.2023 10:00;93,57
08.11.2023 10:00;08.11.2023 11:00;84,76
08.11.2023 11:00;08.11.2023 12:00;78,85
08.11.2023 12:00;08.11.2023 13:00;75,71
08.11.2023 13:00;08.11.2023 14:00;76,08
08.11.2023 14:00;08.11.2023 15:00;83,15
08.11.2023 15:00;08.11.2023 16:00;105,42
08.11.2023 16:00;08.11.2023 17:00;116,81
08.11.2023 17:00;08.11.2023 18:00;119,04
08.11.2023 18:00;08.11.2023 19:00;127,09
08.11.2023 19:00;08.11.2023 20:00;120,95
08.11.2023 20:00;08.11.2023 21:00;109,51
08.11.2023 21:00;08.11.2023 22:00;92,85
08.11.2023 22:00;08.11.2023 23:00;82,99
08.11.2023 23:00;09.11.2023 00:00;67,7
09.11.2023 00:00;09.11.2023 01:00;71,93
09.11.2023 01:00;09.11.2023 02:00;68,33
09.11.2023 02:00;09.11.2023 03:00;70,04
09.11.2023 03:00;09.11.2023 04:00;72,8
09.11.2023 04:00;09.11.2023 05:00;74,44
09.11.2023 05:00;09.11.2023 06:00;83,63
09.11.2023 06:00;09.11.2023 07:00;109,61
09.11.2023 07:00;09.11.2023 08:00;120,06
09.11.2023 08:00;09.11.2023 09:00;121,22
09.11.2023 09:00;09.11.2023 10:00;109,69
09.11.2023 10:00;09.11.2023 11:00;100,08
09.11.2023 11:00;09.11.2023 12:00;95,0
09.11.2023 12:00;09.11.2023 13:00;90,16
09.11.2023 13:00;09.11.2023 14:00;92,32
09.11.2023 14:00;09.11.2023 15:00;100,61
09.11.2023 15:00;09.11.2023 16:00;116,61
09.11.2023 16:00;09.11.2023 17:00;127,01
09.11.2023 17:00;09.11.2023 18:00;131,8
09.11.2023 18:00;09.11.2023 19:00;128,58
09.11.2023 19:00;09.11.2023 20:00;112,12
09.11.2023 20:00;09.11.2023 21:00;96,01
09.11.2023 21:00;09.11.2023 22:00;82,78
09.11.2023 22:00;09.11.2023 23:00;84,04
09.11.2023 23:00;10.11.2023 00:00;74,36
10.11.2023 00:00;10.11.2023 01:00;64,1
10.11.2023 01:00;10.11.2023 02:00;59,73
10.11.2023 02:00;10.11.2023 03:00;53,74
10.11.2023 03:00;10.11.2023 04:00;48,36
10.11.2023 04:00;10.11.2023 05:00;50,0
10.11.2023 05:00;10.11.2023 06:00;66,78
10.11.2023 06:00;10.11.2023 07:00;84,18
10.11.2023 07:00;10.11.2023 08:00;106,66
10.11.2023 08:00;10.11.2023 09:00;113,0
10.11.2023 09:00;10.11.2023 10:00;108,48
10.11.2023 10:00;10.11.2023 11:00;97,51
10.11.2023 11:00;10.11.2023 12:00;89,92
10.11.2023 12:00;10.11.2023 13:00;84,82
10.11.2023 13:00;10.11.2023 14:00;86,98
10.11.2023 14:00;10.11.2023 15:00;95,95
10.11.2023 15:00;10.11.2023 16:00;111,98
10.11.2023 16:00;10.11.2023 17:00;125,0
10.11.2023 17:00;10.11.2023 18:00;136,1
10.11.2023 18:00;10.11.2023 19:00;135,1
10.11.2023 19:00;10.11.2023 20:00;123,58
10.11.2023 20:00;10.11.2023 21:00;112,93
10.11.2023 21:00;10.11.2023 22:00;105,1
10.11.2023 22:00;10.11.2023 23:00;103,97
10.11.2023 23:00;11.11.2023 00:00;93,2
11.11.2023 00:00;11.11.2023 01:00;87,3
11.11.2023 01:00;11.11.2023 02:00;85,89
11.11.2023 02:00;11.11.2023 03:00;85,88
11.11.2023 03:00;11.11.2023 04:00;83,21
11.11.2023 04:00;11.11.2023 05:00;82,71
11.11.2023 05:00;11.11.2023 06:00;85,44
11.11.2023 06:00;11.11.2023 07:00;86,3
11.11.2023 07:00;11.11.2023 08:00;88,0
11.11.2023 08:00;11.11.2023 09:00;92,0
11.11.2023 09:00;11.11.2023 10:00;94,89
11.11.2023 10:00;11.11.2023 11:00;91,28
11.11.2023 11:00;11.11.2023 12:00;90,22
11.11.2023 12:00;11.11.2023 13:00;87,94
11.11.2023 13:00;11.11.2023 14:00;87,8
11.11.2023 14:00;11.11.2023 15:00;91,5
11.11.2023 15:00;11.11.2023 16:00;102,87
11.11.2023 16:00;11.11.2023 17:00;115,72
11.11.2023 17:00;11.11.2023 18:00;127,98
11.11.2023 18:00;11.11.2023 19:00;135,76
11.11.2023 19:00;11.11.2023 20:00;124,47
11.11.2023 20:00;11.11.2023 21:00;113,51
11.11.2023 21:00;11.11.2023 22:00;102,58
11.11.2023 22:00;11.11.2023 23:00;92,38
11.11.2023 23:00;12.11.2023 00:00;87,41
12.11.2023 00:00;12.11.2023 01:00;89,54
12.11.2023 01:00;12.11.2023 02:00;85,36
12.11.2023 02:00;12.11.2023 03:00;85,25
12.11.2023 03:00;12.11.2023 04:00;83,35
12.11.2023 04:00;12.11.2023 05:00;84,13
12.11.2023 05:00;12.11.2023 06:00;86,88
12.11.2023 06:00;12.11.2023 07:00;86,24
12.11.2023 07:00;12.11.2023 08:00;86,61
12.11.2023 08:00;12.11.2023 09:00;87,62
12.11.2023 09:00;12.11.2023 10:00;89,75
12.11.2023 10:00;12.11.2023 11:00;88,61
12.11.2023 11:00;12.11.2023 12:00;86,67
12.11.2023 12:00;12.11.2023 13:00;88,09
12.11.2023 13:00;12.11.2023 14:00;89,02
12.11.2023 14:00;12.11.2023 15:00;93,75
12.11.2023 15:00;12.11.2023 16:00;109,52
12.11.2023 16:00;12.11.2023 17:00;123,81
12.11.2023 17:00;12.11.2023 18:00;138,27
12.11.2023 18:00;12.11.2023 19:00;131,64
12.11.2023 19:00;12.11.2023 20:00;125,41
12.11.2023 20:00;12.11.2023 21:00;116,8
12.11.2023 21:00;12.11.2023 22:00;107,33
12.11.2023 22:00;12.11.2023 23:00;100,14
12.11.2023 23:00;13.11.2023 00:00;88,02
13.11.2023 00:00;13.11.2023 01:00;91,26
13.11.2023 01:00;13.11.2023 02:00;86,82
13.11.2023 02:00;13.11.2023 03:00;87,0
13.11.2023 03:00;13.11.2023 04:00;87,25
13.11.2023 04:00;13.11.2023 05:00;89,27
13.11.2023 05:00;13.11.2023 06:00;93,26
13.11.2023 06:00;13.11.2023 07:00;124,5
13.11.2023 07:00;13.11.2023 08:00;142,09
13.11.2023 08:00;13.11.2023 09:00;151,79
13.11.2023 09:00;13.11.2023 10:00;133,05
13.11.2023 10:00;13.11.2023 11:00;121,78
13.11.2023 11:00;13.11.2023 12:00;123,01
13.11.2023 12:00;13.11.2023 13:00;121,34
13.11.2023 13:00;13.11.2023 14:00;113,37
13.11.2023 14:00;13.11.2023 15:00;96,44
13.11.2023 15:00;13.11.2023 16:00;87,31
13.11.2023 16:00;13.11.2023 17:00;81,18
13.11.2023 17:00;13.11.2023 18:00;82,27
13.11.2023 18:00;13.11.2023 19:00;85,73
13.11.2023 19:00;13.11.2023 20:00;81,27
13.11.2023 20:00;13.11.2023 21:00;74,94
13.11.2023 21:00;13.11.2023 22:00;61,36
13.11.2023 22:00;13.11.2023 23:00;51,07
13.11.2023 23:00;14.11.2023 00:00;10,1
14.11.2023 00:00;14.11.2023 01:00;10,07
14.11.2023 01:00;14.11.2023 02:00;1,05
14.11.2023 02:00;14.11.2023 03:00;-0,01
14.11.2023 03:00;14.11.2023 04:00;-0,08
14.11.2023 04:00;14.11.2023 05:00;-0,04
14.11.2023 05:00;14.11.2023 06:00;1,04
14.11.2023 06:00;14.11.2023 07:00;46,6
14.11.2023 07:00;14.11.2023 08:00;76,91
14.11.2023 08:00;14.11.2023 09:00;82,17
14.11.2023 09:00;14.11.2023 10:00;77,86
14.11.2023 10:00;14.11.2023 11:00;72,62
14.11.2023 11:00;14.11.2023 12:00;72,82
14.11.2023 12:00;14.11.2023 13:00;75,06
14.11.2023 13:00;14.11.2023 14:00;75,09
14.11.2023 14:00;14.11.2023 15:00;81,01
14.11.2023 15:00;14.11.2023 16:00;90,06
14.11.2023 16:00;14.11.2023 17:00;90,8
14.11.2023 17:00;14.11.2023 18:00;117,61
14.11.2023 18:00;14.11.2023 19:00;119,81
14.11.2023 19:00;14.11.2023 20:00;116,96
14.11.2023 20:00;14.11.2023 21:00;100,43
14.11.2023 21:00;14.11.2023 22:00;89,74
14.11.2023 22:00;14.11.2023 23:00;89,11
14.11.2023 23:00;15.11.2023 00:00;85,5
15.11.2023 00:00;15.11.2023 01:00;81,1
15.11.2023 01:00;15.11.2023 02:00;76,42
15.11.2023 02:00;15.11.2023 03:00;72,9
15.11.2023 03:00;15.11.2023 04:00;70,69
15.11.2023 04:00;15.11.2023 05:00;74,45
15.11.2023 05:00;15.11.2023 06:00;82,28
15.11.2023 06:00;15.11.2023 07:00;103,08
15.11.2023 07:00;15.11.2023 08:00;123,19
15.11.2023 08:00;15.11.2023 09:00;128,59
15.11.2023 09:00;15.11.2023 10:00;121,29
15.11.2023 10:00;15.11.2023 11:00;112,78
15.11.2023 11:00;15.11.2023 12:00;99,84
15.11.2023 12:00;15.11.2023 13:00;97,36
15.11.2023 13:00;15.11.2023 14:00;101,09
15.11.2023 14:00;15.11.2023 15:00;106,27
15.11.2023 15:00;15.11.2023 16:00;121,21
15.11.2023 16:00;15.11.2023 17:00;122,96
15.11.2023 17:00;15.11.2023 18:00;127,84
15.11.2023 18:00;15.11.2023 19:00;129,9
15.11.2023 19:00;15.11.2023 20:00;121,08
15.11.2023 20:00;15.11.2023 21:00;110,1
15.11.2023 21:00;15.11.2023 22:00;97,5
15.11.2023 22:00;15.11.2023 23:00;91,66
15.11.2023 23:00;16.11.2023 00:00;84,21
16.11.2023 00:00;16.11.2023 01:00;85,46
16.11.2023 01:00;16.11.2023 02:00;83,25
16.11.2023 02:00;16.11.2023 03:00;75,12
16.11.2023 03:00;16.11.2023 04:00;74,06
16.11.2023 04:00;16.11.2023 05:00;81,1
16.11.2023 05:00;16.11.2023 06:00;87,03
16.11.2023 06:00;16.11.2023 07:00;100,06
16.11.2023 07:00;16.11.2023 08:00;126,9
16.11.2023 08:00;16.11.2023 09:00;129,99
16.11.2023 09:00;16.11.2023 10:00;128,59
16.11.2023 10:00;16.11.2023 11:00;120,1
16.11.2023 11:00;16.11.2023 12:00;116,62
16.11.2023 12:00;16.11.2023 13:00;122,63
16.11.2023 13:00;16.11.2023 14:00;131,64
16.11.2023 14:00;16.11.2023 15:00;146,82
16.11.2023 15:00;16.11.2023 16:00;158,5
16.11.2023 16:00;16.11.2023 17:00;158,24
16.11.2023 17:00;16.11.2023 18:00;182,39
16.11.2023 18:00;16.11.2023 19:00;142,26
16.11.2023 19:00;16.11.2023 20:00;125,23
16.11.2023 20:00;16.11.2023 21:00;121,18
16.11.2023 21:00;16.11.2023 22:00;115,0
16.11.2023 22:00;16.11.2023 23:00;110,2
16.11.2023 23:00;17.11.2023 00:00;100,85
17.11.2023 00:00;17.11.2023 01:00;106,0
17.11.2023 01:00;17.11.2023 02:00;100,0
17.11.2023 02:00;17.11.2023 03:00;95,65
17.11.2023 03:00;17.11.2023 04:00;92,76
17.11.2023 04:00;17.11.2023 05:00;95,7
17.11.2023 05:00;17.11.2023 06:00;103,2
17.11.2023 06:00;17.11.2023 07:00;119,35
17.11.2023 07:00;17.11.2023 08:00;131,03
17.11.2023 08:00;17.11.2023 09:00;141,92
17.11.2023 09:00;17.11.2023 10:00;134,75
17.11.2023 10:00;17.11.2023 11:00;127,91
17.11.2023 11:00;17.11.2023 12:00;125,18
17.11.2023 12:00;17.11.2023 13:00;119,5
17.11.2023 13:00;17.11.2023 14:00;112,0
17.11.2023 14:00;17.11.2023 15:00;123,91
17.11.2023 15:00;17.11.2023 16:00;129,99
17.11.2023 16:00;17.11.2023 17:00;137,65
17.11.2023 17:00;17.11.2023 18:00;146,32
17.11.2023 18:00;17.11.2023 19:00;149,6
17.11.2023 19:00;17.11.2023 20:00;141,0
17.11.2023 20:00;17.11.2023 21:00;128,41
17.11.2023 21:00;17.11.2023 22:00;120,33
17.11.2023 22:00;17.11.2023 23:00;118,14
17.11.2023 23:00;18.11.2023 00:00;111,88
18.11.2023 00:00;18.11.2023 01:00;110,56
18.11.2023 01:00;18.11.2023 02:00;97,38
18.11.2023 02:00;18.11.2023 03:00;90,61
18.11.2023 03:00;18.11.2023 04:00;85,96
18.11.2023 04:00;18.11.2023 05:00;82,48
18.11.2023 05:00;18.11.2023 06:00;82,48
18.11.2023 06:00;18.11.2023 07:00;86,19
18.11.2023 07:00;18.11.2023 08:00;92,08
18.11.2023 08:00;18.11.2023 09:00;100,21
18.11.2023 09:00;18.11.2023 10:00;97,36
18.11.2023 10:00;18.11.2023 11:00;96,08
18.11.2023 11:00;18.11.2023 12:00;95,2
18.11.2023 12:00;18.11.2023 13:00;94,7
18.11.2023 13:00;18.11.2023 14:00;94,98
18.11.2023 14:00;18.11.2023 15:00;97,06
18.11.2023 15:00;18.11.2023 16:00;97,61
18.11.2023 16:00;18.11.2023 17:00;95,98
18.11.2023 17:00;18.11.2023 18:00;105,07
18.11.2023 18:00;18.11.2023 19:00;107,34
18.11.2023 19:00;18.11.2023 20:00;91,24
18.11.2023 20:00;18.11.2023 21:00;83,1
18.11.2023 21:00;18.11.2023 22:00;77,98
18.11.2023 22:00;18.11.2023 23:00;73,76
18.11.2023 23:00;19.11.2023 00:00;58,11
19.11.2023 00:00;19.11.2023 01:00;19,13
19.11.2023 01:00;19.11.2023 02:00;5,67
19.11.2023 02:00;19.11.2023 03:00;4,1
19.11.2023 03:00;19.11.2023 04:00;0,13
19.11.2023 04:00;19.11.2023 05:00;0,07
19.11.2023 05:00;19.11.2023 06:00;0,09
19.11.2023 06:00;19.11.2023 07:00;2,33
19.11.2023 07:00;19.11.2023 08:00;5,59
19.11.2023 08:00;19.11.2023 09:00;14,49
19.11.2023 09:00;19.11.2023 10:00;18,82
19.11.2023 10:00;19.11.2023 11:00;12,59
19.11.2023 11:00;19.11.2023 12:00;12,66
19.11.2023 12:00;19.11.2023 13:00;11,67
19.11.2023 13:00;19.11.2023 14:00;1,0
19.11.2023 14:00;19.11.2023 15:00;15,55
19.11.2023 15:00;19.11.2023 16:00;67,31
19.11.2023 16:00;19.11.2023 17:00;80,98
19.11.2023 17:00;19.11.2023 18:00;95,02
19.11.2023 18:00;19.11.2023 19:00;104,55
19.11.2023 19:00;19.11.2023 20:00;103,82
19.11.2023 20:00;19.11.2023 21:00;88,65
19.11.2023 21:00;19.11.2023 22:00;84,38
19.11.2023 22:00;19.11.2023 23:00;88,05
19.11.2023 23:00;20.11.2023 00:00;80,05
20.11.2023 00:00;20.11.2023 01:00;68,3
20.11.2023 01:00;20.11.2023 02:00;62,68
20.11.2023 02:00;20.11.2023 03:00;59,91
20.11.2023 03:00;20.11.2023 04:00;60,03
20.11.2023 04:00;20.11.2023 05:00;64,76
20.11.2023 05:00;20.11.2023 06:00;80,43
20.11.2023 06:00;20.11.2023 07:00;102,75
20.11.2023 07:00;20.11.2023 08:00;128,09
20.11.2023 08:00;20.11.2023 09:00;126,67
20.11.2023 09:00;20.11.2023 10:00;118,44
20.11.2023 10:00;20.11.2023 11:00;112,18
20.11.2023 11:00;20.11.2023 12:00;106,0
20.11.2023 12:00;20.11.2023 13:00;103,0
20.11.2023 13:00;20.11.2023 14:00;113,95
20.11.2023 14:00;20.11.2023 15:00;120,35
20.11.2023 15:00;20.11.2023 16:00;128,75
20.11.2023 16:00;20.11.2023 17:00;139,93
20.11.2023 17:00;20.11.2023 18:00;147,0
20.11.2023 18:00;20.11.2023 19:00;139,98
20.11.2023 19:00;20.11.2023 20:00;130,07
20.11.2023 20:00;20.11.2023 21:00;120,04
20.11.2023 21:00;20.11.2023 22:00;107,01
20.11.2023 22:00;20.11.2023 23:00;108,05
20.11.2023 23:00;21.11.2023 00:00;97,66
21.11.2023 00:00;21.11.2023 01:00;102,75
21.11.2023 01:00;21.11.2023 02:00;98,2
21.11.2023 02:00;21.11.2023 03:00;96,12
21.11.2023 03:00;21.11.2023 04:00;91,17
21.11.2023 04:00;21.11.2023 05:00;96,04
21.11.2023 05:00;21.11.2023 06:00;101,11
21.11.2023 06:00;21.11.2023 07:00;120,15
21.11.2023 07:00;21.11.2023 08:00;136,08
21.11.2023 08:00;21.11.2023 09:00;142,59
21.11.2023 09:00;21.11.2023 10:00;137,19
21.11.2023 10:00;21.11.2023 11:00;135,0
21.11.2023 11:00;21.11.2023 12:00;134,9
21.11.2023 12:00;21.11.2023 13:00;139,79
21.11.2023 13:00;21.11.2023 14:00;139,78
21.11.2023 14:00;21.11.2023 15:00;138,37
21.11.2023 15:00;21.11.2023 16:00;140,34
21.11.2023 16:00;21.11.2023 17:00;143,92
21.11.2023 17:00;21.11.2023 18:00;146,97
21.11.2023 18:00;21.11.2023 19:00;142,08
21.11.2023 19:00;21.11.2023 20:00;132,35
21.11.2023 20:00;21.11.2023 21:00;124,79
21.11.2023 21:00;21.11.2023 22:00;110,52
21.11.2023 22:00;21.11.2023 23:00;110,91
21.11.2023 23:00;22.11.2023 00:00;98,04
22.11.2023 00:00;22.11.2023 01:00;98,0
22.11.2023 01:00;22.11.2023 02:00;95,01
22.11.2023 02:00;22.11.2023 03:00;95,01
22.11.2023 03:00;22.11.2023 04:00;92,0
22.11.2023 04:00;22.11.2023 05:00;92,49
22.11.2023 05:00;22.11.2023 06:00;94,87
22.11.2023 06:00;22.11.2023 07:00;120,17
22.11.2023 07:00;22.11.2023 08:00;140,73
22.11.2023 08:00;22.11.2023 09:00;151,64
22.11.2023 09:00;22.11.2023 10:00;131,33
22.11.2023 10:00;22.11.2023 11:00;115,03
22.11.2023 11:00;22.11.2023 12:00;103,63
22.11.2023 12:00;22.11.2023 13:00;95,69
22.11.2023 13:00;22.11.2023 14:00;102,44
22.11.2023 14:00;22.11.2023 15:00;115,99
22.11.2023 15:00;22.11.2023 16:00;119,84
22.11.2023 16:00;22.11.2023 17:00;127,0
22.11.2023 17:00;22.11.2023 18:00;132,9
22.11.2023 18:00;22.11.2023 19:00;129,89
22.11.2023 19:00;22.11.2023 20:00;118,76
22.11.2023 20:00;22.11.2023 21:00;105,42
22.11.2023 21:00;22.11.2023 22:00;89,67
22.11.2023 22:00;22.11.2023 23:00;90,21
22.11.2023 23:00;23.11.2023 00:00;74,79
23.11.2023 00:00;23.11.2023 01:00;64,97
23.11.2023 01:00;23.11.2023 02:00;46,05
23.11.2023 02:00;23.11.2023 03:00;41,12
23.11.2023 03:00;23.11.2023 04:00;30,13
23.11.2023 04:00;23.11.2023 05:00;20,18
23.11.2023 05:00;23.11.2023 06:00;32,56
23.11.2023 06:00;23.11.2023 07:00;80,62
23.11.2023 07:00;23.11.2023 08:00;113,96
23.11.2023 08:00;23.11.2023 09:00;119,87
23.11.2023 09:00;23.11.2023 10:00;90,0
23.11.2023 10:00;23.11.2023 11:00;82,9
23.11.2023 11:00;23.11.2023 12:00;73,81
23.11.2023 12:00;23.11.2023 13:00;66,47
23.11.2023 13:00;23.11.2023 14:00;69,93
23.11.2023 14:00;23.11.2023 15:00;69,97
23.11.2023 15:00;23.11.2023 16:00;73,52
23.11.2023 16:00;23.11.2023 17:00;73,59
23.11.2023 17:00;23.11.2023 18:00;77,6
23.11.2023 18:00;23.11.2023 19:00;73,71
23.11.2023 19:00;23.11.2023 20:00;70,63
23.11.2023 20:00;23.11.2023 21:00;50,9
23.11.2023 21:00;23.11.2023 22:00;28,18
23.11.2023 22:00;23.11.2023 23:00;18,96
23.11.2023 23:00;24.11.2023 00:00;9,8
24.11.2023 00:00;24.11.2023 01:00;1,48
24.11.2023 01:00;24.11.2023 02:00;0,1
24.11.2023 02:00;24.11.2023 03:00;0,12
24.11.2023 03:00;24.11.2023 04:00;0,34
24.11.2023 04:00;24.11.2023 05:00;1,55
24.11.2023 05:00;24.11.2023 06:00;31,61
24.11.2023 06:00;24.11.2023 07:00;70,53
24.11.2023 07:00;24.11.2023 08:00;94,28
24.11.2023 08:00;24.11.2023 09:00;112,68
24.11.2023 09:00;24.11.2023 10:00;93,99
24.11.2023 10:00;24.11.2023 11:00;86,95
24.11.2023 11:00;24.11.2023 12:00;79,42
24.11.2023 12:00;24.11.2023 13:00;76,33
24.11.2023 13:00;24.11.2023 14:00;71,45
24.11.2023 14:00;24.11.2023 15:00;75,38
24.11.2023 15:00;24.11.2023 16:00;77,37
24.11.2023 16:00;24.11.2023 17:00;85,24
24.11.2023 17:00;24.11.2023 18:00;90,97
24.11.2023 18:00;24.11.2023 19:00;90,25
24.11.2023 19:00;24.11.2023 20:00;86,23
24.11.2023 20:00;24.11.2023 21:00;81,5
24.11.2023 21:00;24.11.2023 22:00;74,74
24.11.2023 22:00;24.11.2023 23:00;77,56
24.11.2023 23:00;25.11.2023 00:00;72,84
25.11.2023 00:00;25.11.2023 01:00;78,07
25.11.2023 01:00;25.11.2023 02:00;74,03
25.11.2023 02:00;25.11.2023 03:00;72,07
25.11.2023 03:00;25.11.2023 04:00;71,61
25.11.2023 04:00;25.11.2023 05:00;69,99
25.11.2023 05:00;25.11.2023 06:00;74,19
25.11.2023 06:00;25.11.2023 07:00;79,81
25.11.2023 07:00;25.11.2023 08:00;87,08
25.11.2023 08:00;25.11.2023 09:00;94,29
25.11.2023 09:00;25.11.2023 10:00;91,74
25.11.2023 10:00;25.11.2023 11:00;89,17
25.11.2023 11:00;25.11.2023 12:00;87,06
25.11.2023 12:00;25.11.2023 13:00;84,82
25.11.2023 13:00;25.11.2023 14:00;83,07
25.11.2023 14:00;25.11.2023 15:00;90,09
25.11.2023 15:00;25.11.2023 16:00;95,66
25.11.2023 16:00;25.11.2023 17:00;114,91
25.11.2023 17:00;25.11.2023 18:00;124,1
25.11.2023 18:00;25.11.2023 19:00;127,1
25.11.2023 19:00;25.11.2023 20:00;127,2
25.11.2023 20:00;25.11.2023 21:00;121,13
25.11.2023 21:00;25.11.2023 22:00;114,83
25.11.2023 22:00;25.11.2023 23:00;115,3
25.11.2023 23:00;26.11.2023 00:00;103,0
26.11.2023 00:00;26.11.2023 01:00;111,1
26.11.2023 01:00;26.11.2023 02:00;105,77
26.11.2023 02:00;26.11.2023 03:00;102,67
26.11.2023 03:00;26.11.2023 04:00;100,11
26.11.2023 04:00;26.11.2023 05:00;97,2
26.11.2023 05:00;26.11.2023 06:00;97,8
26.11.2023 06:00;26.11.2023 07:00;99,83
26.11.2023 07:00;26.11.2023 08:00;105,05
26.11.2023 08:00;26.11.2023 09:00;112,69
26.11.2023 09:00;26.11.2023 10:00;117,3
26.11.2023 10:00;26.11.2023 11:00;115,29
26.11.2023 11:00;26.11.2023 12:00;114,7
26.11.2023 12:00;26.11.2023 13:00;113,37
26.11.2023 13:00;26.11.2023 14:00;110,02
26.11.2023 14:00;26.11.2023 15:00;115,1
26.11.2023 15:00;26.11.2023 16:00;123,26
26.11.2023 16:00;26.11.2023 17:00;134,15
26.11.2023 17:00;26.11.2023 18:00;143,81
26.11.2023 18:00;26.11.2023 19:00;149,67
26.11.2023 19:00;26.11.2023 20:00;143,78
26.11.2023 20:00;26.11.2023 21:00;135,91
26.11.2023 21:00;26.11.2023 22:00;122,41
26.11.2023 22:00;26.11.2023 23:00;118,99
26.11.2023 23:00;27.11.2023 00:00;102,44
27.11.2023 00:00;27.11.2023 01:00;99,26
27.11.2023 01:00;27.11.2023 02:00;94,09
27.11.2023 02:00;27.11.2023 03:00;89,9
27.11.2023 03:00;27.11.2023 04:00;88,82
27.11.2023 04:00;27.11.2023 05:00;87,91
27.11.2023 05:00;27.11.2023 06:00;94,09
27.11.2023 06:00;27.11.2023 07:00;122,01
27.11.2023 07:00;27.11.2023 08:00;138,92
27.11.2023 08:00;27.11.2023 09:00;144,99
27.11.2023 09:00;27.11.2023 10:00;139,41
27.11.2023 10:00;27.11.2023 11:00;138,0
27.11.2023 11:00;27.11.2023 12:00;136,94
27.11.2023 12:00;27.11.2023 13:00;133,97
27.11.2023 13:00;27.11.2023 14:00;132,67
27.11.2023 14:00;27.11.2023 15:00;130,0
27.11.2023 15:00;27.11.2023 16:00;121,21
27.11.2023 16:00;27.11.2023 17:00;115,86
27.11.2023 17:00;27.11.2023 18:00;124,53
27.11.2023 18:00;27.11.2023 19:00;123,22
27.11.2023 19:00;27.11.2023 20:00;117,12
27.11.2023 20:00;27.11.2023 21:00;100,61
27.11.2023 21:00;27.11.2023 22:00;94,46
27.11.2023 22:00;27.11.2023 23:00;95,2
27.11.2023 23:00;28.11.2023 00:00;85,06
28.11.2023 00:00;28.11.2023 01:00;77,74
28.11.2023 01:00;28.11.2023 02:00;70,49
28.11.2023 02:00;28.11.2023 03:00;67,47
28.11.2023 03:00;28.11.2023 04:00;64,5
28.11.2023 04:00;28.11.2023 05:00;68,29
28.11.2023 05:00;28.11.2023 06:00;80,06
28.11.2023 06:00;28.11.2023 07:00;89,34
28.11.2023 07:00;28.11.2023 08:00;116,42
28.11.2023 08:00;28.11.2023 09:00;127,03
28.11.2023 09:00;28.11.2023 10:00;138,08
28.11.2023 10:00;28.11.2023 11:00;139,3
28.11.2023 11:00;28.11.2023 12:00;138,5
28.11.2023 12:00;28.11.2023 13:00;135,6
28.11.2023 13:00;28.11.2023 14:00;137,72
28.11.2023 14:00;28.11.2023 15:00;144,04
28.11.2023 15:00;28.11.2023 16:00;150,0
28.11.2023 16:00;28.11.2023 17:00;164,01
28.11.2023 17:00;28.11.2023 18:00;189,98
28.11.2023 18:00;28.11.2023 19:00;177,0
28.11.2023 19:00;28.11.2023 20:00;160,2
28.11.2023 20:00;28.11.2023 21:00;139,12
28.11.2023 21:00;28.11.2023 22:00;125,45
28.11.2023 22:00;28.11.2023 23:00;116,84
28.11.2023 23:00;29.11.2023 00:00;109,41
29.11.2023 00:00;29.11.2023 01:00;98,43
29.11.2023 01:00;29.11.2023 02:00;95,17
29.11.2023 02:00;29.11.2023 03:00;92,03
29.11.2023 03:00;29.11.2023 04:00;85,88
29.11.2023 04:00;29.11.2023 05:00;84,91
29.11.2023 05:00;29.11.2023 06:00;95,7
29.11.2023 06:00;29.11.2023 07:00;102,84
29.11.2023 07:00;29.11.2023 08:00;132,59
29.11.2023 08:00;29.11.2023 09:00;149,33
29.11.2023 09:00;29.11.2023 10:00;142,55
29.11.2023 10:00;29.11.2023 11:00;133,72
29.11.2023 11:00;29.11.2023 12:00;130,0
29.11.2023 12:00;29.11.2023 13:00;128,09
29.11.2023 13:00;29.11.2023 14:00;132,18
29.11.2023 14:00;29.11.2023 15:00;146,35
29.11.2023 15:00;29.11.2023 16:00;168,0
29.11.2023 16:00;29.11.2023 17:00;200,0
29.11.2023 17:00;29.11.2023 18:00;250,0
29.11.2023 18:00;29.11.2023 19:00;250,0
29.11.2023 19:00;29.11.2023 20:00;200,0
29.11.2023 20:00;29.11.2023 21:00;161,0
29.11.2023 21:00;29.11.2023 22:00;139,01
29.11.2023 22:00;29.11.2023 23:00;128,5
29.11.2023 23:00;30.11.2023 00:00;114,27
30.11.2023 00:00;30.11.2023 01:00;104,79
30.11.2023 01:00;30.11.2023 02:00;104,52
30.11.2023 02:00;30.11.2023 03:00;102,2
30.11.2023 03:00;30.11.2023 04:00;100,0
30.11.2023 04:00;30.11.2023 05:00;101,63
30.11.2023 05:00;30.11.2023 06:00;106,3
30.11.2023 06:00;30.11.2023 07:00;129,41
30.11.2023 07:00;30.11.2023 08:00;168,09
30.11.2023 08:00;30.11.2023 09:00;219,27
30.11.2023 09:00;30.11.2023 10:00;237,13
30.11.2023 10:00;30.11.2023 11:00;222,5
30.11.2023 11:00;30.11.2023 12:00;223,34
30.11.2023 12:00;30.11.2023 13:00;195,21
30.11.2023 13:00;30.11.2023 14:00;189,81
30.11.2023 14:00;30.11.2023 15:00;195,0
30.11.2023 15:00;30.11.2023 16:00;195,0
30.11.2023 16:00;30.11.2023 17:00;226,0
30.11.2023 17:00;30.11.2023 18:00;261,0
30.11.2023 18:00;30.11.2023 19:00;249,34
30.11.2023 19:00;30.11.2023 20:00;194,49
30.11.2023 20:00;30.11.2023 21:00;153,93
30.11.2023 21:00;30.11.2023 22:00;132,72
30.11.2023 22:00;30.11.2023 23:00;124,72
30.11.2023 23:00;01.12.2023 00:00;113,79
01.12.2023 00:00;01.12.2023 01:00;106,91
01.12.2023 01:00;01.12.2023 02:00;102,63
01.12.2023 02:00;01.12.2023 03:00;99,1
01.12.2023 03:00;01.12.2023 04:00;95,88
01.12.2023 04:00;01.12.2023 05:00;96,07
01.12.2023 05:00;01.12.2023 06:00;102,31
01.12.2023 06:00;01.12.2023 07:00;120,03
01.12.2023 07:00;01.12.2023 08:00;152,11
01.12.2023 08:00;01.12.2023 09:00;203,46
01.12.2023 09:00;01.12.2023 10:00;222,63
01.12.2023 10:00;01.12.2023 11:00;215,37
01.12.2023 11:00;01.12.2023 12:00;213,52
01.12.2023 12:00;01.12.2023 13:00;197,09
01.12.2023 13:00;01.12.2023 14:00;175,19
01.12.2023 14:00;01.12.2023 15:00;174,32
01.12.2023 15:00;01.12.2023 16:00;184,4
01.12.2023 16:00;01.12.2023 17:00;200,05
01.12.2023 17:00;01.12.2023 18:00;230,69
01.12.2023 18:00;01.12.2023 19:00;199,16
01.12.2023 19:00;01.12.2023 20:00;168,56
01.12.2023 20:00;01.12.2023 21:00;142,37
01.12.2023 21:00;01.12.2023 22:00;125,13
01.12.2023 22:00;01.12.2023 23:00;118,4
01.12.2023 23:00;02.12.2023 00:00;108,13
02.12.2023 00:00;02.12.2023 01:00;105,22
02.12.2023 01:00;02.12.2023 02:00;102,69
02.12.2023 02:00;02.12.2023 03:00;101,25
02.12.2023 03:00;02.12.2023 04:00;98,89
02.12.2023 04:00;02.12.2023 05:00;97,96
02.12.2023 05:00;02.12.2023 06:00;97,83
02.12.2023 06:00;02.12.2023 07:00;98,93
02.12.2023 07:00;02.12.2023 08:00;104,88
02.12.2023 08:00;02.12.2023 09:00;120,34
02.12.2023 09:00;02.12.2023 10:00;127,99
02.12.2023 10:00;02.12.2023 11:00;130,75
02.12.2023 11:00;02.12.2023 12:00;127,22
02.12.2023 12:00;02.12.2023 13:00;121,58
02.12.2023 13:00;02.12.2023 14:00;114,58
02.12.2023 14:00;02.12.2023 15:00;118,52
02.12.2023 15:00;02.12.2023 16:00;123,5
02.12.2023 16:00;02.12.2023 17:00;129,79
02.12.2023 17:00;02.12.2023 18:00;144,04
02.12.2023 18:00;02.12.2023 19:00;144,96
02.12.2023 19:00;02.12.2023 20:00;129,56
02.12.2023 20:00;02.12.2023 21:00;122,52
02.12.2023 21:00;02.12.2023 22:00;114,83
02.12.2023 22:00;02.12.2023 23:00;109,88
02.12.2023 23:00;03.12.2023 00:00;106,01
03.12.2023 00:00;03.12.2023 01:00;108,3
03.12.2023 01:00;03.12.2023 02:00;102,68
03.12.2023 02:00;03.12.2023 03:00;99,88
03.12.2023 03:00;03.12.2023 04:00;98,62
03.12.2023 04:00;03.12.2023 05:00;94,62
03.12.2023 05:00;03.12.2023 06:00;91,72
03.12.2023 06:00;03.12.2023 07:00;88,86
03.12.2023 07:00;03.12.2023 08:00;92,13
03.12.2023 08:00;03.12.2023 09:00;97,02
03.12.2023 09:00;03.12.2023 10:00;100,15
03.12.2023 10:00;03.12.2023 11:00;104,96
03.12.2023 11:00;03.12.2023 12:00;105,07
03.12.2023 12:00;03.12.2023 13:00;102,91
03.12.2023 13:00;03.12.2023 14:00;100,0
03.12.2023 14:00;03.12.2023 15:00;105,68
03.12.2023 15:00;03.12.2023 16:00;115,0
03.12.2023 16:00;03.12.2023 17:00;122,2
03.12.2023 17:00;03.12.2023 18:00;127,9
03.12.2023 18:00;03.12.2023 19:00;129,05
03.12.2023 19:00;03.12.2023 20:00;126,07
03.12.2023 20:00;03.12.2023 21:00;112,33
03.12.2023 21:00;03.12.2023 22:00;100,0
03.12.2023 22:00;03.12.2023 23:00;99,09
03.12.2023 23:00;04.12.2023 00:00;89,0
04.12.2023 00:00;04.12.2023 01:00;93,86
04.12.2023 01:00;04.12.2023 02:00;89,81
04.12.2023 02:00;04.12.2023 03:00;88,02
04.12.2023 03:00;04.12.2023 04:00;85,38
04.12.2023 04:00;04.12.2023 05:00;85,83
04.12.2023 05:00;04.12.2023 06:00;92,04
04.12.2023 06:00;04.12.2023 07:00;104,1
04.12.2023 07:00;04.12.2023 08:00;118,06
04.12.2023 08:00;04.12.2023 09:00;123,16
04.12.2023 09:00;04.12.2023 10:00;126,12
04.12.2023 10:00;04.12.2023 11:00;128,02
04.12.2023 11:00;04.12.2023 12:00;130,7
04.12.2023 12:00;04.12.2023 13:00;126,45
04.12.2023 13:00;04.12.2023 14:00;131,42
04.12.2023 14:00;04.12.2023 15:00;126,97
04.12.2023 15:00;04.12.2023 16:00;124,84
04.12.2023 16:00;04.12.2023 17:00;122,27
04.12.2023 17:00;04.12.2023 18:00;127,75
04.12.2023 18:00;04.12.2023 19:00;124,63
04.12.2023 19:00;04.12.2023 20:00;120,97
04.12.2023 20:00;04.12.2023 21:00;114,48
04.12.2023 21:00;04.12.2023 22:00;105,55
04.12.2023 22:00;04.12.2023 23:00;100,0
04.12.2023 23:00;05.12.2023 00:00;91,76
05.12.2023 00:00;05.12.2023 01:00;90,85
05.12.2023 01:00;05.12.2023 02:00;88,01
05.12.2023 02:00;05.12.2023 03:00;85,73
05.12.2023 03:00;05.12.2023 04:00;83,62
05.12.2023 04:00;05.12.2023 05:00;84,71
05.12.2023 05:00;05.12.2023 06:00;91,02
05.12.2023 06:00;05.12.2023 07:00;108,0
05.12.2023 07:00;05.12.2023 08:00;114,32
05.12.2023 08:00;05.12.2023 09:00;122,28
05.12.2023 09:00;05.12.2023 10:00;122,88
05.12.2023 10:00;05.12.2023 11:00;120,55
05.12.2023 11:00;05.12.2023 12:00;121,27
05.12.2023 12:00;05.12.2023 13:00;118,34
05.12.2023 13:00;05.12.2023 14:00;118,53
05.12.2023 14:00;05.12.2023 15:00;127,26
05.12.2023 15:00;05.12.2023 16:00;122,59
05.12.2023 16:00;05.12.2023 17:00;129,24
05.12.2023 17:00;05.12.2023 18:00;145,9
05.12.2023 18:00;05.12.2023 19:00;147,47
05.12.2023 19:00;05.12.2023 20:00;141,56
05.12.2023 20:00;05.12.2023 21:00;128,63
05.12.2023 21:00;05.12.2023 22:00;117,83
05.12.2023 22:00;05.12.2023 23:00;111,55
05.12.2023 23:00;06.12.2023 00:00;103,28
06.12.2023 00:00;06.12.2023 01:00;94,97
06.12.2023 01:00;06.12.2023 02:00;93,1
06.12.2023 02:00;06.12.2023 03:00;92,57
06.12.2023 03:00;06.12.2023 04:00;90,96
06.12.2023 04:00;06.12.2023 05:00;90,59
06.12.2023 05:00;06.12.2023 06:00;93,89
06.12.2023 06:00;06.12.2023 07:00;106,94
06.12.2023 07:00;06.12.2023 08:00;133,86
06.12.2023 08:00;06.12.2023 09:00;167,0
06.12.2023 09:00;06.12.2023 10:00;166,54
06.12.2023 10:00;06.12.2023 11:00;150,0
06.12.2023 11:00;06.12.2023 12:00;146,29
06.12.2023 12:00;06.12.2023 13:00;146,1
06.12.2023 13:00;06.12.2023 14:00;141,03
06.12.2023 14:00;06.12.2023 15:00;140,5
06.12.2023 15:00;06.12.2023 16:00;143,99
06.12.2023 16:00;06.12.2023 17:00;164,0
06.12.2023 17:00;06.12.2023 18:00;178,07
06.12.2023 18:00;06.12.2023 19:00;165,28
06.12.2023 19:00;06.12.2023 20:00;149,93
06.12.2023 20:00;06.12.2023 21:00;129,91
06.12.2023 21:00;06.12.2023 22:00;115,68
06.12.2023 22:00;06.12.2023 23:00;107,33
06.12.2023 23:00;07.12.2023 00:00;100,44
07.12.2023 00:00;07.12.2023 01:00;99,2
07.12.2023 01:00;07.12.2023 02:00;97,85
07.12.2023 02:00;07.12.2023 03:00;96,86
07.12.2023 03:00;07.12.2023 04:00;91,81
07.12.2023 04:00;07.12.2023 05:00;89,92
07.12.2023 05:00;07.12.2023 06:00;94,53
07.12.2023 06:00;07.12.2023 07:00;116,58
07.12.2023 07:00;07.12.2023 08:00;131,22
07.12.2023 08:00;07.12.2023 09:00;150,0
07.12.2023 09:00;07.12.2023 10:00;137,7
07.12.2023 10:00;07.12.2023 11:00;134,36
07.12.2023 11:00;07.12.2023 12:00;138,17
07.12.2023 12:00;07.12.2023 13:00;137,99
07.12.2023 13:00;07.12.2023 14:00;138,35
07.12.2023 14:00;07.12.2023 15:00;138,08
07.12.2023 15:00;07.12.2023 16:00;138,02
07.12.2023 16:00;07.12.2023 17:00;133,87
07.12.2023 17:00;07.12.2023 18:00;128,59
07.12.2023 18:00;07.12.2023 19:00;120,35
07.12.2023 19:00;07.12.2023 20:00;104,14
07.12.2023 20:00;07.12.2023 21:00;100,36
07.12.2023 21:00;07.12.2023 22:00;97,0
07.12.2023 22:00;07.12.2023 23:00;96,42
07.12.2023 23:00;08.12.2023 00:00;87,08
08.12.2023 00:00;08.12.2023 01:00;87,09
08.12.2023 01:00;08.12.2023 02:00;83,26
08.12.2023 02:00;08.12.2023 03:00;81,43
08.12.2023 03:00;08.12.2023 04:00;79,52
08.12.2023 04:00;08.12.2023 05:00;80,0
08.12.2023 05:00;08.12.2023 06:00;87,04
08.12.2023 06:00;08.12.2023 07:00;99,69
08.12.2023 07:00;08.12.2023 08:00;107,29
08.12.2023 08:00;08.12.2023 09:00;112,65
08.12.2023 09:00;08.12.2023 10:00;118,52
08.12.2023 10:00;08.12.2023 11:00;118,75
08.12.2023 11:00;08.12.2023 12:00;118,02
08.12.2023 12:00;08.12.2023 13:00;116,66
08.12.2023 13:00;08.12.2023 14:00;111,78
08.12.2023 14:00;08.12.2023 15:00;113,11
08.12.2023 15:00;08.12.2023 16:00;118,33
08.12.2023 16:00;08.12.2023 17:00;114,98
08.12.2023 17:00;08.12.2023 18:00;117,99
08.12.2023 18:00;08.12.2023 19:00;118,6
08.12.2023 19:00;08.12.2023 20:00;105,56
08.12.2023 20:00;08.12.2023 21:00;104,62
08.12.2023 21:00;08.12.2023 22:00;101,12
08.12.2023 22:00;08.12.2023 23:00;101,72
08.12.2023 23:00;09.12.2023 00:00;90,58
09.12.2023 00:00;09.12.2023 01:00;95,0
09.12.2023 01:00;09.12.2023 02:00;85,1
09.12.2023 02:00;09.12.2023 03:00;79,49
09.12.2023 03:00;09.12.2023 04:00;73,07
09.12.2023 04:00;09.12.2023 05:00;70,56
09.12.2023 05:00;09.12.2023 06:00;73,01
09.12.2023 06:00;09.12.2023 07:00;76,04
09.12.2023 07:00;09.12.2023 08:00;82,4
09.12.2023 08:00;09.12.2023 09:00;84,93
09.12.2023 09:00;09.12.2023 10:00;91,51
09.12.2023 10:00;09.12.2023 11:00;91,01
09.12.2023 11:00;09.12.2023 12:00;91,94
09.12.2023 12:00;09.12.2023 13:00;94,2
09.12.2023 13:00;09.12.2023 14:00;90,67
09.12.2023 14:00;09.12.2023 15:00;85,63
09.12.2023 15:00;09.12.2023 16:00;83,5
09.12.2023 16:00;09.12.2023 17:00;80,08
09.12.2023 17:00;09.12.2023 18:00;79,04
09.12.2023 18:00;09.12.2023 19:00;77,43
09.12.2023 19:00;09.12.2023 20:00;69,45
09.12.2023 20:00;09.12.2023 21:00;64,46
09.12.2023 21:00;09.12.2023 22:00;60,41
09.12.2023 22:00;09.12.2023 23:00;56,84
09.12.2023 23:00;10.12.2023 00:00;46,18
10.12.2023 00:00;10.12.2023 01:00;33,69
10.12.2023 01:00;10.12.2023 02:00;21,51
10.12.2023 02:00;10.12.2023 03:00;13,21
10.12.2023 03:00;10.12.2023 04:00;5,99
10.12.2023 04:00;10.12.2023 05:00;10,0
10.12.2023 05:00;10.12.2023 06:00;18,09
10.12.2023 06:00;10.12.2023 07:00;23,97
10.12.2023 07:00;10.12.2023 08:00;41,85
10.12.2023 08:00;10.12.2023 09:00;60,86
10.12.2023 09:00;10.12.2023 10:00;65,78
10.12.2023 10:00;10.12.2023 11:00;67,35
10.12.2023 11:00;10.12.2023 12:00;69,68
10.12.2023 12:00;10.12.2023 13:00;67,2
10.12.2023 13:00;10.12.2023 14:00;67,1
10.12.2023 14:00;10.12.2023 15:00;69,67
10.12.2023 15:00;10.12.2023 16:00;75,84
10.12.2023 16:00;10.12.2023 17:00;80,3
10.12.2023 17:00;10.12.2023 18:00;80,3
10.12.2023 18:00;10.12.2023 19:00;85,42
10.12.2023 19:00;10.12.2023 20:00;80,76
10.12.2023 20:00;10.12.2023 21:00;78,05
10.12.2023 21:00;10.12.2023 22:00;77,14
10.12.2023 22:00;10.12.2023 23:00;78,02
10.12.2023 23:00;11.12.2023 00:00;69,16
11.12.2023 00:00;11.12.2023 01:00;34,44
11.12.2023 01:00;11.12.2023 02:00;15,5
11.12.2023 02:00;11.12.2023 03:00;12,72
11.12.2023 03:00;11.12.2023 04:00;8,62
11.12.2023 04:00;11.12.2023 05:00;11,82
11.12.2023 05:00;11.12.2023 06:00;38,04
11.12.2023 06:00;11.12.2023 07:00;74,59
11.12.2023 07:00;11.12.2023 08:00;91,36
11.12.2023 08:00;11.12.2023 09:00;97,98
11.12.2023 09:00;11.12.2023 10:00;98,33
11.12.2023 10:00;11.12.2023 11:00;93,36
11.12.2023 11:00;11.12.2023 12:00;90,68
11.12.2023 12:00;11.12.2023 13:00;89,31
11.12.2023 13:00;11.12.2023 14:00;88,03
11.12.2023 14:00;11.12.2023 15:00;92,51
11.12.2023 15:00;11.12.2023 16:00;95,92
11.12.2023 16:00;11.12.2023 17:00;105,51
11.12.2023 17:00;11.12.2023 18:00;117,99
11.12.2023 18:00;11.12.2023 19:00;122,64
11.12.2023 19:00;11.12.2023 20:00;121,35
11.12.2023 20:00;11.12.2023 21:00;114,03
11.12.2023 21:00;11.12.2023 22:00;99,24
11.12.2023 22:00;11.12.2023 23:00;96,48
11.12.2023 23:00;12.12.2023 00:00;86,82
12.12.2023 00:00;12.12.2023 01:00;88,05
12.12.2023 01:00;12.12.2023 02:00;87,06
12.12.2023 02:00;12.12.2023 03:00;85,62
12.12.2023 03:00;12.12.2023 04:00;84,42
12.12.2023 04:00;12.12.2023 05:00;87,01
12.12.2023 05:00;12.12.2023 06:00;89,03
12.12.2023 06:00;12.12.2023 07:00;107,41
12.12.2023 07:00;12.12.2023 08:00;121,09
12.12.2023 08:00;12.12.2023 09:00;146,33
12.12.2023 09:00;12.12.2023 10:00;131,94
12.12.2023 10:00;12.12.2023 11:00;129,85
12.12.2023 11:00;12.12.2023 12:00;122,9
12.12.2023 12:00;12.12.2023 13:00;124,57
12.12.2023 13:00;12.12.2023 14:00;127,18
12.12.2023 14:00;12.12.2023 15:00;123,7
12.12.2023 15:00;12.12.2023 16:00;120,14
12.12.2023 16:00;12.12.2023 17:00;117,93
12.12.2023 17:00;12.12.2023 18:00;110,88
12.12.2023 18:00;12.12.2023 19:00;105,0
12.12.2023 19:00;12.12.2023 20:00;94,22
12.12.2023 20:00;12.12.2023 21:00;92,15
12.12.2023 21:00;12.12.2023 22:00;88,14
12.12.2023 22:00;12.12.2023 23:00;83,37
12.12.2023 23:00;13.12.2023 00:00;77,5
13.12.2023 00:00;13.12.2023 01:00;75,36
13.12.2023 01:00;13.12.2023 02:00;72,96
13.12.2023 02:00;13.12.2023 03:00;73,7
13.12.2023 03:00;13.12.2023 04:00;71,43
13.12.2023 04:00;13.12.2023 05:00;73,02
13.12.2023 05:00;13.12.2023 06:00;75,45
13.12.2023 06:00;13.12.2023 07:00;83,1
13.12.2023 07:00;13.12.2023 08:00;102,41
13.12.2023 08:00;13.12.2023 09:00;98,83
13.12.2023 09:00;13.12.2023 10:00;103,73
13.12.2023 10:00;13.12.2023 11:00;100,3
13.12.2023 11:00;13.12.2023 12:00;100,0
13.12.2023 12:00;13.12.2023 13:00;97,66
13.12.2023 13:00;13.12.2023 14:00;102,7
13.12.2023 14:00;13.12.2023 15:00;104,37
13.12.2023 15:00;13.12.2023 16:00;109,4
13.12.2023 16:00;13.12.2023 17:00;106,05
13.12.2023 17:00;13.12.2023 18:00;110,15
13.12.2023 18:00;13.12.2023 19:00;105,89
13.12.2023 19:00;13.12.2023 20:00;102,41
13.12.2023 20:00;13.12.2023 21:00;96,58
13.12.2023 21:00;13.12.2023 22:00;90,88
13.12.2023 22:00;13.12.2023 23:00;92,35
13.12.2023 23:00;14.12.2023 00:00;84,25
14.12.2023 00:00;14.12.2023 01:00;77,34
14.12.2023 01:00;14.12.2023 02:00;76,3
14.12.2023 02:00;14.12.2023 03:00;77,15
14.12.2023 03:00;14.12.2023 04:00;77,19
14.12.2023 04:00;14.12.2023 05:00;79,14
14.12.2023 05:00;14.12.2023 06:00;82,57
14.12.2023 06:00;14.12.2023 07:00;98,48
14.12.2023 07:00;14.12.2023 08:00;119,67
14.12.2023 08:00;14.12.2023 09:00;130,65
14.12.2023 09:00;14.12.2023 10:00;124,96
14.12.2023 10:00;14.12.2023 11:00;126,15
14.12.2023 11:00;14.12.2023 12:00;127,21
14.12.2023 12:00;14.12.2023 13:00;119,56
14.12.2023 13:00;14.12.2023 14:00;123,75
14.12.2023 14:00;14.12.2023 15:00;124,13
14.12.2023 15:00;14.12.2023 16:00;130,74
14.12.2023 16:00;14.12.2023 17:00;128,58
14.12.2023 17:00;14.12.2023 18:00;127,93
14.12.2023 18:00;14.12.2023 19:00;126,16
14.12.2023 19:00;14.12.2023 20:00;114,27
14.12.2023 20:00;14.12.2023 21:00;102,81
14.12.2023 21:00;14.12.2023 22:00;96,2
14.12.2023 22:00;14.12.2023 23:00;94,46
14.12.2023 23:00;15.12.2023 00:00;85,57
15.12.2023 00:00;15.12.2023 01:00;86,13
15.12.2023 01:00;15.12.2023 02:00;82,93
15.12.2023 02:00;15.12.2023 03:00;80,1
15.12.2023 03:00;15.12.2023 04:00;76,55
15.12.2023 04:00;15.12.2023 05:00;75,16
15.12.2023 05:00;15.12.2023 06:00;80,41
15.12.2023 06:00;15.12.2023 07:00;95,97
15.12.2023 07:00;15.12.2023 08:00;106,95
15.12.2023 08:00;15.12.2023 09:00;121,5
15.12.2023 09:00;15.12.2023 10:00;117,44
15.12.2023 10:00;15.12.2023 11:00;109,97
15.12.2023 11:00;15.12.2023 12:00;102,75
15.12.2023 12:00;15.12.2023 13:00;94,13
15.12.2023 13:00;15.12.2023 14:00;88,3
15.12.2023 14:00;15.12.2023 15:00;86,9
15.12.2023 15:00;15.12.2023 16:00;89,86
15.12.2023 16:00;15.12.2023 17:00;98,13
15.12.2023 17:00;15.12.2023 18:00;104,33
15.12.2023 18:00;15.12.2023 19:00;101,76
15.12.2023 19:00;15.12.2023 20:00;93,18
15.12.2023 20:00;15.12.2023 21:00;93,36
15.12.2023 21:00;15.12.2023 22:00;88,36
15.12.2023 22:00;15.12.2023 23:00;86,77
15.12.2023 23:00;16.12.2023 00:00;76,71
16.12.2023 00:00;16.12.2023 01:00;67,2
16.12.2023 01:00;16.12.2023 02:00;63,21
16.12.2023 02:00;16.12.2023 03:00;60,37
16.12.2023 03:00;16.12.2023 04:00;58,0
16.12.2023 04:00;16.12.2023 05:00;54,1
16.12.2023 05:00;16.12.2023 06:00;55,64
16.12.2023 06:00;16.12.2023 07:00;59,34
16.12.2023 07:00;16.12.2023 08:00;65,1
16.12.2023 08:00;16.12.2023 09:00;79,89
16.12.2023 09:00;16.12.2023 10:00;83,66
16.12.2023 10:00;16.12.2023 11:00;81,64
16.12.2023 11:00;16.12.2023 12:00;75,81
16.12.2023 12:00;16.12.2023 13:00;71,4
16.12.2023 13:00;16.12.2023 14:00;70,59
16.12.2023 14:00;16.12.2023 15:00;75,25
16.12.2023 15:00;16.12.2023 16:00;80,35
16.12.2023 16:00;16.12.2023 17:00;83,71
16.12.2023 17:00;16.12.2023 18:00;87,58
16.12.2023 18:00;16.12.2023 19:00;88,12
16.12.2023 19:00;16.12.2023 20:00;81,94
16.12.2023 20:00;16.12.2023 21:00;74,91
16.12.2023 21:00;16.12.2023 22:00;63,34
16.12.2023 22:00;16.12.2023 23:00;62,41
16.12.2023 23:00;17.12.2023 00:00;53,12
17.12.2023 00:00;17.12.2023 01:00;45,34
17.12.2023 01:00;17.12.2023 02:00;42,8
17.12.2023 02:00;17.12.2023 03:00;42,96
17.12.2023 03:00;17.12.2023 04:00;28,69
17.12.2023 04:00;17.12.2023 05:00;26,37
17.12.2023 05:00;17.12.2023 06:00;29,87
17.12.2023 06:00;17.12.2023 07:00;39,03
17.12.2023 07:00;17.12.2023 08:00;45,31
17.12.2023 08:00;17.12.2023 09:00;57,67
17.12.2023 09:00;17.12.2023 10:00;59,17
17.12.2023 10:00;17.12.2023 11:00;54,43
17.12.2023 11:00;17.12.2023 12:00;49,0
17.12.2023 12:00;17.12.2023 13:00;43,71
17.12.2023 13:00;17.12.2023 14:00;40,04
17.12.2023 14:00;17.12.2023 15:00;45,85
17.12.2023 15:00;17.12.2023 16:00;56,74
17.12.2023 16:00;17.12.2023 17:00;62,99
17.12.2023 17:00;17.12.2023 18:00;76,61
17.12.2023 18:00;17.12.2023 19:00;73,68
17.12.2023 19:00;17.12.2023 20:00;70,67
17.12.2023 20:00;17.12.2023 21:00;59,79
17.12.2023 21:00;17.12.2023 22:00;58,95
17.12.2023 22:00;17.12.2023 23:00;59,73
17.12.2023 23:00;18.12.2023 00:00;47,81
18.12.2023 00:00;18.12.2023 01:00;52,9
18.12.2023 01:00;18.12.2023 02:00;51,16
18.12.2023 02:00;18.12.2023 03:00;49,81
18.12.2023 03:00;18.12.2023 04:00;49,03
18.12.2023 04:00;18.12.2023 05:00;52,47
18.12.2023 05:00;18.12.2023 06:00;62,14
18.12.2023 06:00;18.12.2023 07:00;83,81
18.12.2023 07:00;18.12.2023 08:00;103,38
18.12.2023 08:00;18.12.2023 09:00;109,24
18.12.2023 09:00;18.12.2023 10:00;101,46
18.12.2023 10:00;18.12.2023 11:00;89,03
18.12.2023 11:00;18.12.2023 12:00;81,17
18.12.2023 12:00;18.12.2023 13:00;74,89
18.12.2023 13:00;18.12.2023 14:00;74,9
18.12.2023 14:00;18.12.2023 15:00;81,1
18.12.2023 15:00;18.12.2023 16:00;89,11
18.12.2023 16:00;18.12.2023 17:00;95,2
18.12.2023 17:00;18.12.2023 18:00;104,22
18.12.2023 18:00;18.12.2023 19:00;103,01
18.12.2023 19:00;18.12.2023 20:00;96,18
18.12.2023 20:00;18.12.2023 21:00;77,98
18.12.2023 21:00;18.12.2023 22:00;71,09
18.12.2023 22:00;18.12.2023 23:00;62,98
18.12.2023 23:00;19.12.2023 00:00;55,12
19.12.2023 00:00;19.12.2023 01:00;47,29
19.12.2023 01:00;19.12.2023 02:00;46,49
19.12.2023 02:00;19.12.2023 03:00;45,06
19.12.2023 03:00;19.12.2023 04:00;55,72
19.12.2023 04:00;19.12.2023 05:00;58,95
19.12.2023 05:00;19.12.2023 06:00;65,01
19.12.2023 06:00;19.12.2023 07:00;79,69
19.12.2023 07:00;19.12.2023 08:00;93,67
19.12.2023 08:00;19.12.2023 09:00;100,1
19.12.2023 09:00;19.12.2023 10:00;94,28
19.12.2023 10:00;19.12.2023 11:00;86,1
19.12.2023 11:00;19.12.2023 12:00;79,71
19.12.2023 12:00;19.12.2023 13:00;76,5
19.12.2023 13:00;19.12.2023 14:00;74,73
19.12.2023 14:00;19.12.2023 15:00;80,66
19.12.2023 15:00;19.12.2023 16:00;84,42
19.12.2023 16:00;19.12.2023 17:00;88,21
19.12.2023 17:00;19.12.2023 18:00;91,81
19.12.2023 18:00;19.12.2023 19:00;91,74
19.12.2023 19:00;19.12.2023 20:00;90,8
19.12.2023 20:00;19.12.2023 21:00;85,02
19.12.2023 21:00;19.12.2023 22:00;79,48
19.12.2023 22:00;19.12.2023 23:00;75,68
19.12.2023 23:00;20.12.2023 00:00;59,83
20.12.2023 00:00;20.12.2023 01:00;57,85
20.12.2023 01:00;20.12.2023 02:00;50,48
20.12.2023 02:00;20.12.2023 03:00;48,0
20.12.2023 03:00;20.12.2023 04:00;39,98
20.12.2023 04:00;20.12.2023 05:00;31,51
20.12.2023 05:00;20.12.2023 06:00;40,02
20.12.2023 06:00;20.12.2023 07:00;46,72
20.12.2023 07:00;20.12.2023 08:00;67,96
20.12.2023 08:00;20.12.2023 09:00;72,93
20.12.2023 09:00;20.12.2023 10:00;70,54
20.12.2023 10:00;20.12.2023 11:00;67,93
20.12.2023 11:00;20.12.2023 12:00;62,36
20.12.2023 12:00;20.12.2023 13:00;62,0
20.12.2023 13:00;20.12.2023 14:00;60,59
20.12.2023 14:00;20.12.2023 15:00;66,8
20.12.2023 15:00;20.12.2023 16:00;69,98
20.12.2023 16:00;20.12.2023 17:00;73,49
20.12.2023 17:00;20.12.2023 18:00;80,24
20.12.2023 18:00;20.12.2023 19:00;81,83
20.12.2023 19:00;20.12.2023 20:00;81,84
20.12.2023 20:00;20.12.2023 21:00;77,99
20.12.2023 21:00;20.12.2023 22:00;66,78
20.12.2023 22:00;20.12.2023 23:00;61,42
20.12.2023 23:00;21.12.2023 00:00;48,88
21.12.2023 00:00;21.12.2023 01:00;30,16
21.12.2023 01:00;21.12.2023 02:00;25,08
21.12.2023 02:00;21.12.2023 03:00;20,9
21.12.2023 03:00;21.12.2023 04:00;3,48
21.12.2023 04:00;21.12.2023 05:00;0,07
21.12.2023 05:00;21.12.2023 06:00;0,33
21.12.2023 06:00;21.12.2023 07:00;23,85
21.12.2023 07:00;21.12.2023 08:00;45,12
21.12.2023 08:00;21.12.2023 09:00;48,96
21.12.2023 09:00;21.12.2023 10:00;37,24
21.12.2023 10:00;21.12.2023 11:00;34,29
21.12.2023 11:00;21.12.2023 12:00;26,05
21.12.2023 12:00;21.12.2023 13:00;23,51
21.12.2023 13:00;21.12.2023 14:00;11,56
21.12.2023 14:00;21.12.2023 15:00;10,53
21.12.2023 15:00;21.12.2023 16:00;16,8
21.12.2023 16:00;21.12.2023 17:00;16,95
21.12.2023 17:00;21.12.2023 18:00;35,08
21.12.2023 18:00;21.12.2023 19:00;39,34
21.12.2023 19:00;21.12.2023 20:00;48,49
21.12.2023 20:00;21.12.2023 21:00;40,97
21.12.2023 21:00;21.12.2023 22:00;33,15
21.12.2023 22:00;21.12.2023 23:00;28,77
21.12.2023 23:00;22.12.2023 00:00;6,05
22.12.2023 00:00;22.12.2023 01:00;0,01
22.12.2023 01:00;22.12.2023 02:00;-0,1
22.12.2023 02:00;22.12.2023 03:00;-0,07
22.12.2023 03:00;22.12.2023 04:00;-0,18
22.12.2023 04:00;22.12.2023 05:00;-0,25
22.12.2023 05:00;22.12.2023 06:00;-0,08
22.12.2023 06:00;22.12.2023 07:00;0,81
22.12.2023 07:00;22.12.2023 08:00;31,68
22.12.2023 08:00;22.12.2023 09:00;39,73
22.12.2023 09:00;22.12.2023 10:00;35,64
22.12.2023 10:00;22.12.2023 11:00;26,45
22.12.2023 11:00;22.12.2023 12:00;26,23
22.12.2023 12:00;22.12.2023 13:00;26,73
22.12.2023 13:00;22.12.2023 14:00;25,3
22.12.2023 14:00;22.12.2023 15:00;28,86
22.12.2023 15:00;22.12.2023 16:00;34,17
22.12.2023 16:00;22.12.2023 17:00;42,41
22.12.2023 17:00;22.12.2023 18:00;42,95
22.12.2023 18:00;22.12.2023 19:00;50,36
22.12.2023 19:00;22.12.2023 20:00;40,49
22.12.2023 20:00;22.12.2023 21:00;24,66
22.12.2023 21:00;22.12.2023 22:00;25,53
22.12.2023 22:00;22.12.2023 23:00;30,41
22.12.2023 23:00;23.12.2023 00:00;12,0
23.12.2023 00:00;23.12.2023 01:00;0,04
23.12.2023 01:00;23.12.2023 02:00;-0,01
23.12.2023 02:00;23.12.2023 03:00;-0,01
23.12.2023 03:00;23.12.2023 04:00;-0,02
23.12.2023 04:00;23.12.2023 05:00;-0,01
23.12.2023 05:00;23.12.2023 06:00;0,0
23.12.2023 06:00;23.12.2023 07:00;0,1
23.12.2023 07:00;23.12.2023 08:00;7,43
23.12.2023 08:00;23.12.2023 09:00;20,0
23.12.2023 09:00;23.12.2023 10:00;42,08
23.12.2023 10:00;23.12.2023 11:00;41,64
23.12.2023 11:00;23.12.2023 12:00;45,9
23.12.2023 12:00;23.12.2023 13:00;47,36
23.12.2023 13:00;23.12.2023 14:00;49,81
23.12.2023 14:00;23.12.2023 15:00;52,3
23.12.2023 15:00;23.12.2023 16:00;53,77
23.12.2023 16:00;23.12.2023 17:00;58,05
23.12.2023 17:00;23.12.2023 18:00;68,12
23.12.2023 18:00;23.12.2023 19:00;66,45
23.12.2023 19:00;23.12.2023 20:00;61,55
23.12.2023 20:00;23.12.2023 21:00;53,7
23.12.2023 21:00;23.12.2023 22:00;41,56
23.12.2023 22:00;23.12.2023 23:00;20,29
23.12.2023 23:00;24.12.2023 00:00;7,74
24.12.2023 00:00;24.12.2023 01:00;0,0
24.12.2023 01:00;24.12.2023 02:00;-0,03
24.12.2023 02:00;24.12.2023 03:00;-0,29
24.12.2023 03:00;24.12.2023 04:00;-0,97
24.12.2023 04:00;24.12.2023 05:00;-3,74
24.12.2023 05:00;24.12.2023 06:00;-4,97
24.12.2023 06:00;24.12.2023 07:00;-4,22
24.12.2023 07:00;24.12.2023 08:00;-2,91
24.12.2023 08:00;24.12.2023 09:00;-2,93
24.12.2023 09:00;24.12.2023 10:00;-3,13
24.12.2023 10:00;24.12.2023 11:00;-5,15
24.12.2023 11:00;24.12.2023 12:00;-3,57
24.12.2023 12:00;24.12.2023 13:00;-2,95
24.12.2023 13:00;24.12.2023 14:00;-3,77
24.12.2023 14:00;24.12.2023 15:00;-2,19
24.12.2023 15:00;24.12.2023 16:00;-2,26
24.12.2023 16:00;24.12.2023 17:00;-2,05
24.12.2023 17:00;24.12.2023 18:00;-2,36
24.12.2023 18:00;24.12.2023 19:00;-5,58
24.12.2023 19:00;24.12.2023 20:00;-9,07
24.12.2023 20:00;24.12.2023 21:00;-6,49
24.12.2023 21:00;24.12.2023 22:00;-3,18
24.12.2023 22:00;24.12.2023 23:00;-3,0
24.12.2023 23:00;25.12.2023 00:00;-6,09
25.12.2023 00:00;25.12.2023 01:00;-3,98
25.12.2023 01:00;25.12.2023 02:00;-10,12
25.12.2023 02:00;25.12.2023 03:00;-10,81
25.12.2023 03:00;25.12.2023 04:00;-12,49
25.12.2023 04:00;25.12.2023 05:00;-13,37
25.12.2023 05:00;25.12.2023 06:00;-10,14
25.12.2023 06:00;25.12.2023 07:00;-7,6
25.12.2023 07:00;25.12.2023 08:00;-5,48
25.12.2023 08:00;25.12.2023 09:00;-0,11
25.12.2023 09:00;25.12.2023 10:00;-0,97
25.12.2023 10:00;25.12.2023 11:00;-0,97
25.12.2023 11:00;25.12.2023 12:00;-0,08
25.12.2023 12:00;25.12.2023 13:00;-0,02
25.12.2023 13:00;25.12.2023 14:00;0,0
25.12.2023 14:00;25.12.2023 15:00;0,01
25.12.2023 15:00;25.12.2023 16:00;2,48
25.12.2023 16:00;25.12.2023 17:00;11,9
25.12.2023 17:00;25.12.2023 18:00;20,02
25.12.2023 18:00;25.12.2023 19:00;18,68
25.12.2023 19:00;25.12.2023 20:00;14,31
25.12.2023 20:00;25.12.2023 21:00;9,92
25.12.2023 21:00;25.12.2023 22:00;3,51
25.12.2023 22:00;25.12.2023 23:00;5,0
25.12.2023 23:00;26.12.2023 00:00;0,08
26.12.2023 00:00;26.12.2023 01:00;0,0
26.12.2023 01:00;26.12.2023 02:00;-0,02
26.12.2023 02:00;26.12.2023 03:00;-0,11
26.12.2023 03:00;26.12.2023 04:00;-2,67
26.12.2023 04:00;26.12.2023 05:00;-3,69
26.12.2023 05:00;26.12.2023 06:00;-1,85
26.12.2023 06:00;26.12.2023 07:00;-1,34
26.12.2023 07:00;26.12.2023 08:00;-0,92
26.12.2023 08:00;26.12.2023 09:00;-1,05
26.12.2023 09:00;26.12.2023 10:00;-0,08
26.12.2023 10:00;26.12.2023 11:00;-0,06
26.12.2023 11:00;26.12.2023 12:00;-0,05
26.12.2023 12:00;26.12.2023 13:00;-0,04
26.12.2023 13:00;26.12.2023 14:00;0,0
26.12.2023 14:00;26.12.2023 15:00;0,56
26.12.2023 15:00;26.12.2023 16:00;10,03
26.12.2023 16:00;26.12.2023 17:00;47,34
26.12.2023 17:00;26.12.2023 18:00;52,99
26.12.2023 18:00;26.12.2023 19:00;53,66
26.12.2023 19:00;26.12.2023 20:00;53,05
26.12.2023 20:00;26.12.2023 21:00;49,32
26.12.2023 21:00;26.12.2023 22:00;43,95
26.12.2023 22:00;26.12.2023 23:00;46,63
26.12.2023 23:00;27.12.2023 00:00;53,28
27.12.2023 00:00;27.12.2023 01:00;41,35
27.12.2023 01:00;27.12.2023 02:00;52,07
27.12.2023 02:00;27.12.2023 03:00;57,63
27.12.2023 03:00;27.12.2023 04:00;51,65
27.12.2023 04:00;27.12.2023 05:00;49,77
27.12.2023 05:00;27.12.2023 06:00;55,98
27.12.2023 06:00;27.12.2023 07:00;65,06
27.12.2023 07:00;27.12.2023 08:00;77,44
27.12.2023 08:00;27.12.2023 09:00;82,73
27.12.2023 09:00;27.12.2023 10:00;80,56
27.12.2023 10:00;27.12.2023 11:00;75,19
27.12.2023 11:00;27.12.2023 12:00;74,71
27.12.2023 12:00;27.12.2023 13:00;73,79
27.12.2023 13:00;27.12.2023 14:00;71,88
27.12.2023 14:00;27.12.2023 15:00;73,64
27.12.2023 15:00;27.12.2023 16:00;79,95
27.12.2023 16:00;27.12.2023 17:00;79,77
27.12.2023 17:00;27.12.2023 18:00;80,32
27.12.2023 18:00;27.12.2023 19:00;74,35
27.12.2023 19:00;27.12.2023 20:00;64,85
27.12.2023 20:00;27.12.2023 21:00;54,73
27.12.2023 21:00;27.12.2023 22:00;24,74
27.12.2023 22:00;27.12.2023 23:00;16,99
27.12.2023 23:00;28.12.2023 00:00;0,01
28.12.2023 00:00;28.12.2023 01:00;-0,02
28.12.2023 01:00;28.12.2023 02:00;-0,78
28.12.2023 02:00;28.12.2023 03:00;-1,43
28.12.2023 03:00;28.12.2023 04:00;-1,39
28.12.2023 04:00;28.12.2023 05:00;-1,42
28.12.2023 05:00;28.12.2023 06:00;-0,27
28.12.2023 06:00;28.12.2023 07:00;0,02
28.12.2023 07:00;28.12.2023 08:00;16,06
28.12.2023 08:00;28.12.2023 09:00;38,2
28.12.2023 09:00;28.12.2023 10:00;38,75
28.12.2023 10:00;28.12.2023 11:00;29,27
28.12.2023 11:00;28.12.2023 12:00;13,95
28.12.2023 12:00;28.12.2023 13:00;9,27
28.12.2023 13:00;28.12.2023 14:00;5,76
28.12.2023 14:00;28.12.2023 15:00;14,38
28.12.2023 15:00;28.12.2023 16:00;15,66
28.12.2023 16:00;28.12.2023 17:00;40,34
28.12.2023 17:00;28.12.2023 18:00;46,83
28.12.2023 18:00;28.12.2023 19:00;45,9
28.12.2023 19:00;28.12.2023 20:00;38,55
28.12.2023 20:00;28.12.2023 21:00;19,98
28.12.2023 21:00;28.12.2023 22:00;13,75
28.12.2023 22:00;28.12.2023 23:00;17,72
28.12.2023 23:00;29.12.2023 00:00;1,0
29.12.2023 00:00;29.12.2023 01:00;0,0
29.12.2023 01:00;29.12.2023 02:00;-0,08
29.12.2023 02:00;29.12.2023 03:00;-0,28
29.12.2023 03:00;29.12.2023 04:00;-0,93
29.12.2023 04:00;29.12.2023 05:00;-0,95
29.12.2023 05:00;29.12.2023 06:00;-0,26
29.12.2023 06:00;29.12.2023 07:00;-0,07
29.12.2023 07:00;29.12.2023 08:00;-0,01
29.12.2023 08:00;29.12.2023 09:00;4,44
29.12.2023 09:00;29.12.2023 10:00;1,09
29.12.2023 10:00;29.12.2023 11:00;0,05
29.12.2023 11:00;29.12.2023 12:00;-0,01
29.12.2023 12:00;29.12.2023 13:00;0,6
29.12.2023 13:00;29.12.2023 14:00;0,99
29.12.2023 14:00;29.12.2023 15:00;2,23
29.12.2023 15:00;29.12.2023 16:00;9,99
29.12.2023 16:00;29.12.2023 17:00;10,02
29.12.2023 17:00;29.12.2023 18:00;25,12
29.12.2023 18:00;29.12.2023 19:00;26,59
29.12.2023 19:00;29.12.2023 20:00;17,17
29.12.2023 20:00;29.12.2023 21:00;10,1
29.12.2023 21:00;29.12.2023 22:00;5,04
29.12.2023 22:00;29.12.2023 23:00;22,9
29.12.2023 23:00;30.12.2023 00:00;18,89
30.12.2023 00:00;30.12.2023 01:00;5,89
30.12.2023 01:00;30.12.2023 02:00;2,77
30.12.2023 02:00;30.12.2023 03:00;8,88
30.12.2023 03:00;30.12.2023 04:00;5,6
30.12.2023 04:00;30.12.2023 05:00;5,74
30.12.2023 05:00;30.12.2023 06:00;7,51
30.12.2023 06:00;30.12.2023 07:00;5,77
30.12.2023 07:00;30.12.2023 08:00;20,86
30.12.2023 08:00;30.12.2023 09:00;27,53
30.12.2023 09:00;30.12.2023 10:00;27,92
30.12.2023 10:00;30.12.2023 11:00;23,91
30.12.2023 11:00;30.12.2023 12:00;19,89
30.12.2023 12:00;30.12.2023 13:00;20,02
30.12.2023 13:00;30.12.2023 14:00;23,84
30.12.2023 14:00;30.12.2023 15:00;42,04
30.12.2023 15:00;30.12.2023 16:00;56,25
30.12.2023 16:00;30.12.2023 17:00;69,99
30.12.2023 17:00;30.12.2023 18:00;80,14
30.12.2023 18:00;30.12.2023 19:00;79,99
30.12.2023 19:00;30.12.2023 20:00;71,09
30.12.2023 20:00;30.12.2023 21:00;62,01
30.12.2023 21:00;30.12.2023 22:00;56,36
30.12.2023 22:00;30.12.2023 23:00;50,1
30.12.2023 23:00;31.12.2023 00:00;43,23
31.12.2023 00:00;31.12.2023 01:00;36,54
31.12.2023 01:00;31.12.2023 02:00;13,27
31.12.2023 02:00;31.12.2023 03:00;4,0
31.12.2023 03:00;31.12.2023 04:00;0,31
31.12.2023 04:00;31.12.2023 05:00;0,58
31.12.2023 05:00;31.12.2023 06:00;1,28
31.12.2023 06:00;31.12.2023 07:00;0,36
31.12.2023 07:00;31.12.2023 08:00;-0,03
31.12.2023 08:00;31.12.2023 09:00;2,98
31.12.2023 09:00;31.12.2023 10:00;9,1
31.12.2023 10:00;31.12.2023 11:00;14,0
31.12.2023 11:00;31.12.2023 12:00;10,51
31.12.2023 12:00;31.12.2023 13:00;10,73
31.12.2023 13:00;31.12.2023 14:00;5,75
31.12.2023 14:00;31.12.2023 15:00;8,98
31.12.2023 15:00;31.12.2023 16:00;12,95
31.12.2023 16:00;31.12.2023 17:00;20,9
31.12.2023 17:00;31.12.2023 18:00;26,0
31.12.2023 18:00;31.12.2023 19:00;23,39
31.12.2023 19:00;31.12.2023 20:00;9,0
31.12.2023 20:00;31.12.2023 21:00;7,95
31.12.2023 21:00;31.12.2023 22:00;6,0
31.12.2023 22:00;31.12.2023 23:00;10,68
31.12.2023 23:00;01.01.2024 00:00;2,44
01.01.2024 00:00;01.01.2024 01:00;0,1
01.01.2024 01:00;01.01.2024 02:00;0,01
01.01.2024 02:00;01.01.2024 03:00;0,0
01.01.2024 03:00;01.01.2024 04:00;-0,01
01.01.2024 04:00;01.01.2024 05:00;-0,03
01.01.2024 05:00;01.01.2024 06:00;-0,02
01.01.2024 06:00;01.01.2024 07:00;-0,05
01.01.2024 07:00;01.01.2024 08:00;-0,02
01.01.2024 08:00;01.01.2024 09:00;0,0
01.01.2024 09:00;01.01.2024 10:00;0,04
01.01.2024 10:00;01.01.2024 11:00;0,06
01.01.2024 11:00;01.01.2024 12:00;0,54
01.01.2024 12:00;01.01.2024 13:00;2,24
01.01.2024 13:00;01.01.2024 14:00;1,96
01.01.2024 14:00;01.01.2024 15:00;1,04
01.01.2024 15:00;01.01.2024 16:00;3,66
01.01.2024 16:00;01.01.2024 17:00;43,06
01.01.2024 17:00;01.01.2024 18:00;49,93
01.01.2024 18:00;01.01.2024 19:00;58,0
01.01.2024 19:00;01.01.2024 20:00;54,25
01.01.2024 20:00;01.01.2024 21:00;48,01
01.01.2024 21:00;01.01.2024 22:00;42,95
01.01.2024 22:00;01.01.2024 23:00;47,09
01.01.2024 23:00;02.01.2024 00:00;35,55
02.01.2024 00:00;02.01.2024 01:00;30,59
02.01.2024 01:00;02.01.2024 02:00;20,07
02.01.2024 02:00;02.01.2024 03:00;31,03
02.01.2024 03:00;02.01.2024 04:00;18,39
02.01.2024 04:00;02.01.2024 05:00;11,08
02.01.2024 05:00;02.01.2024 06:00;13,78
02.01.2024 06:00;02.01.2024 07:00;47,63
02.01.2024 07:00;02.01.2024 08:00;58,1
02.01.2024 08:00;02.01.2024 09:00;65,67
02.01.2024 09:00;02.01.2024 10:00;64,73
02.01.2024 10:00;02.01.2024 11:00;68,98
02.01.2024 11:00;02.01.2024 12:00;73,54
02.01.2024 12:00;02.01.2024 13:00;78,16
02.01.2024 13:00;02.01.2024 14:00;78,87
02.01.2024 14:00;02.01.2024 15:00;79,24
02.01.2024 15:00;02.01.2024 16:00;79,96
02.01.2024 16:00;02.01.2024 17:00;83,46
02.01.2024 17:00;02.01.2024 18:00;80,92
02.01.2024 18:00;02.01.2024 19:00;74,95
02.01.2024 19:00;02.01.2024 20:00;63,18
02.01.2024 20:00;02.01.2024 21:00;57,11
02.01.2024 21:00;02.01.2024 22:00;46,89
02.01.2024 22:00;02.01.2024 23:00;40,0
02.01.2024 23:00;03.01.2024 00:00;7,43
03.01.2024 00:00;03.01.2024 01:00;-0,08
03.01.2024 01:00;03.01.2024 02:00;-1,23
03.01.2024 02:00;03.01.2024 03:00;-1,3
03.01.2024 03:00;03.01.2024 04:00;-1,31
03.01.2024 04:00;03.01.2024 05:00;-1,31
03.01.2024 05:00;03.01.2024 06:00;-1,38
03.01.2024 06:00;03.01.2024 07:00;1,09
03.01.2024 07:00;03.01.2024 08:00;40,59
03.01.2024 08:00;03.01.2024 09:00;59,61
03.01.2024 09:00;03.01.2024 10:00;60,61
03.01.2024 10:00;03.01.2024 11:00;57,0
03.01.2024 11:00;03.01.2024 12:00;54,89
03.01.2024 12:00;03.01.2024 13:00;53,89
03.01.2024 13:00;03.01.2024 14:00;54,42
03.01.2024 14:00;03.01.2024 15:00;60,86
03.01.2024 15:00;03.01.2024 16:00;67,18
03.01.2024 16:00;03.01.2024 17:00;73,59
03.01.2024 17:00;03.01.2024 18:00;82,28
03.01.2024 18:00;03.01.2024 19:00;82,97
03.01.2024 19:00;03.01.2024 20:00;79,03
03.01.2024 20:00;03.01.2024 21:00;73,23
03.01.2024 21:00;03.01.2024 22:00;67,41
03.01.2024 22:00;03.01.2024 23:00;65,0
03.01.2024 23:00;04.01.2024 00:00;58,12
04.01.2024 00:00;04.01.2024 01:00;57,3
04.01.2024 01:00;04.01.2024 02:00;50,46
04.01.2024 02:00;04.01.2024 03:00;40,0
04.01.2024 03:00;04.01.2024 04:00;25,48
04.01.2024 04:00;04.01.2024 05:00;35,0
04.01.2024 05:00;04.01.2024 06:00;57,73
04.01.2024 06:00;04.01.2024 07:00;72,65
04.01.2024 07:00;04.01.2024 08:00;85,02
04.01.2024 08:00;04.01.2024 09:00;91,47
04.01.2024 09:00;04.01.2024 10:00;94,2
04.01.2024 10:00;04.01.2024 11:00;91,61
04.01.2024 11:00;04.01.2024 12:00;90,03
04.01.2024 12:00;04.01.2024 13:00;86,3
04.01.2024 13:00;04.01.2024 14:00;85,96
04.01.2024 14:00;04.01.2024 15:00;92,11
04.01.2024 15:00;04.01.2024 16:00;98,62
04.01.2024 16:00;04.01.2024 17:00;105,73
04.01.2024 17:00;04.01.2024 18:00;133,23
04.01.2024 18:00;04.01.2024 19:00;144,65
04.01.2024 19:00;04.01.2024 20:00;125,0
04.01.2024 20:00;04.01.2024 21:00;103,59
04.01.2024 21:00;04.01.2024 22:00;100,01
04.01.2024 22:00;04.01.2024 23:00;94,86
04.01.2024 23:00;05.01.2024 00:00;88,83
05.01.2024 00:00;05.01.2024 01:00;86,08
05.01.2024 01:00;05.01.2024 02:00;80,51
05.01.2024 02:00;05.01.2024 03:00;77,01
05.01.2024 03:00;05.01.2024 04:00;73,21
05.01.2024 04:00;05.01.2024 05:00;74,05
05.01.2024 05:00;05.01.2024 06:00;76,03
05.01.2024 06:00;05.01.2024 07:00;81,0
05.01.2024 07:00;05.01.2024 08:00;87,0
05.01.2024 08:00;05.01.2024 09:00;89,57
05.01.2024 09:00;05.01.2024 10:00;94,93
05.01.2024 10:00;05.01.2024 11:00;96,28
05.01.2024 11:00;05.01.2024 12:00;98,22
05.01.2024 12:00;05.01.2024 13:00;92,24
05.01.2024 13:00;05.01.2024 14:00;91,54
05.01.2024 14:00;05.01.2024 15:00;96,41
05.01.2024 15:00;05.01.2024 16:00;100,05
05.01.2024 16:00;05.01.2024 17:00;102,97
05.01.2024 17:00;05.01.2024 18:00;107,38
05.01.2024 18:00;05.01.2024 19:00;108,45
05.01.2024 19:00;05.01.2024 20:00;103,96
05.01.2024 20:00;05.01.2024 21:00;100,09
05.01.2024 21:00;05.01.2024 22:00;94,19
05.01.2024 22:00;05.01.2024 23:00;94,92
05.01.2024 23:00;06.01.2024 00:00;86,8
06.01.2024 00:00;06.01.2024 01:00;82,25
06.01.2024 01:00;06.01.2024 02:00;80,2
06.01.2024 02:00;06.01.2024 03:00;76,13
06.01.2024 03:00;06.01.2024 04:00;73,01
06.01.2024 04:00;06.01.2024 05:00;73,01
06.01.2024 05:00;06.01.2024 06:00;74,59
06.01.2024 06:00;06.01.2024 07:00;75,1
06.01.2024 07:00;06.01.2024 08:00;81,39
06.01.2024 08:00;06.01.2024 09:00;88,4
06.01.2024 09:00;06.01.2024 10:00;92,23
06.01.2024 10:00;06.01.2024 11:00;97,3
06.01.2024 11:00;06.01.2024 12:00;100,43
06.01.2024 12:00;06.01.2024 13:00;99,16
06.01.2024 13:00;06.01.2024 14:00;95,22
06.01.2024 14:00;06.01.2024 15:00;92,55
06.01.2024 15:00;06.01.2024 16:00;95,09
06.01.2024 16:00;06.01.2024 17:00;99,85
06.01.2024 17:00;06.01.2024 18:00;104,27
06.01.2024 18:00;06.01.2024 19:00;103,63
06.01.2024 19:00;06.01.2024 20:00;99,0
06.01.2024 20:00;06.01.2024 21:00;92,14
06.01.2024 21:00;06.01.2024 22:00;88,0
06.01.2024 22:00;06.01.2024 23:00;86,57
06.01.2024 23:00;07.01.2024 00:00;79,87
07.01.2024 00:00;07.01.2024 01:00;84,08
07.01.2024 01:00;07.01.2024 02:00;79,82
07.01.2024 02:00;07.01.2024 03:00;76,76
07.01.2024 03:00;07.01.2024 04:00;73,46
07.01.2024 04:00;07.01.2024 05:00;71,86
07.01.2024 05:00;07.01.2024 06:00;72,08
07.01.2024 06:00;07.01.2024 07:00;74,9
07.01.2024 07:00;07.01.2024 08:00;77,69
07.01.2024 08:00;07.01.2024 09:00;81,79
07.01.2024 09:00;07.01.2024 10:00;84,86
07.01.2024 10:00;07.01.2024 11:00;87,15
07.01.2024 11:00;07.01.2024 12:00;89,14
07.01.2024 12:00;07.01.2024 13:00;88,66
07.01.2024 13:00;07.01.2024 14:00;84,81
07.01.2024 14:00;07.01.2024 15:00;84,34
07.01.2024 15:00;07.01.2024 16:00;88,01
07.01.2024 16:00;07.01.2024 17:00;93,42
07.01.2024 17:00;07.01.2024 18:00;101,77
07.01.2024 18:00;07.01.2024 19:00;104,85
07.01.2024 19:00;07.01.2024 20:00;103,55
07.01.2024 20:00;07.01.2024 21:00;100,5
07.01.2024 21:00;07.01.2024 22:00;93,31
07.01.2024 22:00;07.01.2024 23:00;91,17
07.01.2024 23:00;08.01.2024 00:00;83,86
08.01.2024 00:00;08.01.2024 01:00;87,02
08.01.2024 01:00;08.01.2024 02:00;84,32
08.01.2024 02:00;08.01.2024 03:00;81,82
08.01.2024 03:00;08.01.2024 04:00;79,11
08.01.2024 04:00;08.01.2024 05:00;78,48
08.01.2024 05:00;08.01.2024 06:00;82,1
08.01.2024 06:00;08.01.2024 07:00;94,3
08.01.2024 07:00;08.01.2024 08:00;111,1
08.01.2024 08:00;08.01.2024 09:00;121,11
08.01.2024 09:00;08.01.2024 10:00;117,83
08.01.2024 10:00;08.01.2024 11:00;110,6
08.01.2024 11:00;08.01.2024 12:00;103,0
08.01.2024 12:00;08.01.2024 13:00;95,5
08.01.2024 13:00;08.01.2024 14:00;92,6
08.01.2024 14:00;08.01.2024 15:00;100,0
08.01.2024 15:00;08.01.2024 16:00;107,98
08.01.2024 16:00;08.01.2024 17:00;116,87
08.01.2024 17:00;08.01.2024 18:00;129,13
08.01.2024 18:00;08.01.2024 19:00;130,01
08.01.2024 19:00;08.01.2024 20:00;122,12
08.01.2024 20:00;08.01.2024 21:00;114,21
08.01.2024 21:00;08.01.2024 22:00;102,83
08.01.2024 22:00;08.01.2024 23:00;99,98
08.01.2024 23:00;09.01.2024 00:00;91,49
09.01.2024 00:00;09.01.2024 01:00;88,16
09.01.2024 01:00;09.01.2024 02:00;87,04
09.01.2024 02:00;09.01.2024 03:00;85,0
09.01.2024 03:00;09.01.2024 04:00;84,14
09.01.2024 04:00;09.01.2024 05:00;85,72
09.01.2024 05:00;09.01.2024 06:00;89,28
09.01.2024 06:00;09.01.2024 07:00;108,51
09.01.2024 07:00;09.01.2024 08:00;124,06
09.01.2024 08:00;09.01.2024 09:00;133,24
09.01.2024 09:00;09.01.2024 10:00;120,91
09.01.2024 10:00;09.01.2024 11:00;113,19
09.01.2024 11:00;09.01.2024 12:00;105,78
09.01.2024 12:00;09.01.2024 13:00;100,22
09.01.2024 13:00;09.01.2024 14:00;100,82
09.01.2024 14:00;09.01.2024 15:00;110,89
09.01.2024 15:00;09.01.2024 16:00;119,4
09.01.2024 16:00;09.01.2024 17:00;127,85
09.01.2024 17:00;09.01.2024 18:00;137,84
09.01.2024 18:00;09.01.2024 19:00;137,8
09.01.2024 19:00;09.01.2024 20:00;130,43
09.01.2024 20:00;09.01.2024 21:00;120,24
09.01.2024 21:00;09.01.2024 22:00;111,68
09.01.2024 22:00;09.01.2024 23:00;106,18
09.01.2024 23:00;10.01.2024 00:00;97,09
10.01.2024 00:00;10.01.2024 01:00;89,29
10.01.2024 01:00;10.01.2024 02:00;86,76
10.01.2024 02:00;10.01.2024 03:00;86,73
10.01.2024 03:00;10.01.2024 04:00;86,09
10.01.2024 04:00;10.01.2024 05:00;86,3
10.01.2024 05:00;10.01.2024 06:00;89,05
10.01.2024 06:00;10.01.2024 07:00;108,88
10.01.2024 07:00;10.01.2024 08:00;126,29
10.01.2024 08:00;10.01.2024 09:00;141,28
10.01.2024 09:00;10.01.2024 10:00;130,39
10.01.2024 10:00;10.01.2024 11:00;118,56
10.01.2024 11:00;10.01.2024 12:00;109,13
10.01.2024 12:00;10.01.2024 13:00;102,21
10.01.2024 13:00;10.01.2024 14:00;105,61
10.01.2024 14:00;10.01.2024 15:00;112,91
10.01.2024 15:00;10.01.2024 16:00;123,8
10.01.2024 16:00;10.01.2024 17:00;134,64
10.01.2024 17:00;10.01.2024 18:00;143,79
10.01.2024 18:00;10.01.2024 19:00;140,0
10.01.2024 19:00;10.01.2024 20:00;132,15
10.01.2024 20:00;10.01.2024 21:00;120,0
10.01.2024 21:00;10.01.2024 22:00;109,76
10.01.2024 22:00;10.01.2024 23:00;104,49
10.01.2024 23:00;11.01.2024 00:00;96,03
11.01.2024 00:00;11.01.2024 01:00;91,75
11.01.2024 01:00;11.01.2024 02:00;88,59
11.01.2024 02:00;11.01.2024 03:00;87,25
11.01.2024 03:00;11.01.2024 04:00;82,38
11.01.2024 04:00;11.01.2024 05:00;81,95
11.01.2024 05:00;11.01.2024 06:00;89,36
11.01.2024 06:00;11.01.2024 07:00;102,07
11.01.2024 07:00;11.01.2024 08:00;116,86
11.01.2024 08:00;11.01.2024 09:00;141,0
11.01.2024 09:00;11.01.2024 10:00;129,16
11.01.2024 10:00;11.01.2024 11:00;113,65
11.01.2024 11:00;11.01.2024 12:00;106,48
11.01.2024 12:00;11.01.2024 13:00;99,38
11.01.2024 13:00;11.01.2024 14:00;99,0
11.01.2024 14:00;11.01.2024 15:00;105,98
11.01.2024 15:00;11.01.2024 16:00;117,96
11.01.2024 16:00;11.01.2024 17:00;137,35
11.01.2024 17:00;11.01.2024 18:00;150,09
11.01.2024 18:00;11.01.2024 19:00;136,69
11.01.2024 19:00;11.01.2024 20:00;132,31
11.01.2024 20:00;11.01.2024 21:00;117,88
11.01.2024 21:00;11.01.2024 22:00;107,19
11.01.2024 22:00;11.01.2024 23:00;100,0
11.01.2024 23:00;12.01.2024 00:00;97,22
12.01.2024 00:00;12.01.2024 01:00;91,04
12.01.2024 01:00;12.01.2024 02:00;88,22
12.01.2024 02:00;12.01.2024 03:00;85,22
12.01.2024 03:00;12.01.2024 04:00;84,63
12.01.2024 04:00;12.01.2024 05:00;84,34
12.01.2024 05:00;12.01.2024 06:00;85,32
12.01.2024 06:00;12.01.2024 07:00;92,11
12.01.2024 07:00;12.01.2024 08:00;118,16
12.01.2024 08:00;12.01.2024 09:00;140,74
12.01.2024 09:00;12.01.2024 10:00;134,96
12.01.2024 10:00;12.01.2024 11:00;122,01
12.01.2024 11:00;12.01.2024 12:00;114,73
12.01.2024 12:00;12.01.2024 13:00;106,98
12.01.2024 13:00;12.01.2024 14:00;103,08
12.01.2024 14:00;12.01.2024 15:00;104,54
12.01.2024 15:00;12.01.2024 16:00;110,0
12.01.2024 16:00;12.01.2024 17:00;120,0
12.01.2024 17:00;12.01.2024 18:00;127,5
12.01.2024 18:00;12.01.2024 19:00;126,0
12.01.2024 19:00;12.01.2024 20:00;119,47
12.01.2024 20:00;12.01.2024 21:00;108,79
12.01.2024 21:00;12.01.2024 22:00;98,48
12.01.2024 22:00;12.01.2024 23:00;93,37
12.01.2024 23:00;13.01.2024 00:00;85,38
13.01.2024 00:00;13.01.2024 01:00;90,0
13.01.2024 01:00;13.01.2024 02:00;85,0
13.01.2024 02:00;13.01.2024 03:00;82,0
13.01.2024 03:00;13.01.2024 04:00;78,47
13.01.2024 04:00;13.01.2024 05:00;75,0
13.01.2024 05:00;13.01.2024 06:00;74,92
13.01.2024 06:00;13.01.2024 07:00;78,1
13.01.2024 07:00;13.01.2024 08:00;82,22
13.01.2024 08:00;13.01.2024 09:00;85,26
13.01.2024 09:00;13.01.2024 10:00;75,11
13.01.2024 10:00;13.01.2024 11:00;74,21
13.01.2024 11:00;13.01.2024 12:00;72,72
13.01.2024 12:00;13.01.2024 13:00;70,35
13.01.2024 13:00;13.01.2024 14:00;63,67
13.01.2024 14:00;13.01.2024 15:00;67,91
13.01.2024 15:00;13.01.2024 16:00;68,61
13.01.2024 16:00;13.01.2024 17:00;70,78
13.01.2024 17:00;13.01.2024 18:00;74,22
13.01.2024 18:00;13.01.2024 19:00;75,81
13.01.2024 19:00;13.01.2024 20:00;73,82
13.01.2024 20:00;13.01.2024 21:00;73,06
13.01.2024 21:00;13.01.2024 22:00;70,93
13.01.2024 22:00;13.01.2024 23:00;64,3
13.01.2024 23:00;14.01.2024 00:00;63,16
14.01.2024 00:00;14.01.2024 01:00;64,02
14.01.2024 01:00;14.01.2024 02:00;62,11
14.01.2024 02:00;14.01.2024 03:00;62,93
14.01.2024 03:00;14.01.2024 04:00;64,01
14.01.2024 04:00;14.01.2024 05:00;64,67
14.01.2024 05:00;14.01.2024 06:00;65,2
14.01.2024 06:00;14.01.2024 07:00;67,31
14.01.2024 07:00;14.01.2024 08:00;71,66
14.01.2024 08:00;14.01.2024 09:00;76,74
14.01.2024 09:00;14.01.2024 10:00;81,14
14.01.2024 10:00;14.01.2024 11:00;80,63
14.01.2024 11:00;14.01.2024 12:00;81,84
14.01.2024 12:00;14.01.2024 13:00;80,39
14.01.2024 13:00;14.01.2024 14:00;77,04
14.01.2024 14:00;14.01.2024 15:00;79,15
14.01.2024 15:00;14.01.2024 16:00;82,32
14.01.2024 16:00;14.01.2024 17:00;86,62
14.01.2024 17:00;14.01.2024 18:00;91,86
14.01.2024 18:00;14.01.2024 19:00;96,97
14.01.2024 19:00;14.01.2024 20:00;88,91
14.01.2024 20:00;14.01.2024 21:00;81,0
14.01.2024 21:00;14.01.2024 22:00;78,6
14.01.2024 22:00;14.01.2024 23:00;75,39
14.01.2024 23:00;15.01.2024 00:00;67,19
15.01.2024 00:00;15.01.2024 01:00;67,9
15.01.2024 01:00;15.01.2024 02:00;65,0
15.01.2024 02:00;15.01.2024 03:00;63,94
15.01.2024 03:00;15.01.2024 04:00;62,04
15.01.2024 04:00;15.01.2024 05:00;62,04
15.01.2024 05:00;15.01.2024 06:00;69,25
15.01.2024 06:00;15.01.2024 07:00;79,95
15.01.2024 07:00;15.01.2024 08:00;83,84
15.01.2024 08:00;15.01.2024 09:00;99,3
15.01.2024 09:00;15.01.2024 10:00;100,29
15.01.2024 10:00;15.01.2024 11:00;94,88
15.01.2024 11:00;15.01.2024 12:00;90,26
15.01.2024 12:00;15.01.2024 13:00;83,86
15.01.2024 13:00;15.01.2024 14:00;82,15
15.01.2024 14:00;15.01.2024 15:00;84,5
15.01.2024 15:00;15.01.2024 16:00;89,44
15.01.2024 16:00;15.01.2024 17:00;97,52
15.01.2024 17:00;15.01.2024 18:00;106,46
15.01.2024 18:00;15.01.2024 19:00;112,8
15.01.2024 19:00;15.01.2024 20:00;110,38
15.01.2024 20:00;15.01.2024 21:00;102,42
15.01.2024 21:00;15.01.2024 22:00;91,78
15.01.2024 22:00;15.01.2024 23:00;89,49
15.01.2024 23:00;16.01.2024 00:00;86,43
16.01.2024 00:00;16.01.2024 01:00;81,45
16.01.2024 01:00;16.01.2024 02:00;81,07
16.01.2024 02:00;16.01.2024 03:00;79,92
16.01.2024 03:00;16.01.2024 04:00;78,19
16.01.2024 04:00;16.01.2024 05:00;76,97
16.01.2024 05:00;16.01.2024 06:00;81,45
16.01.2024 06:00;16.01.2024 07:00;94,07
16.01.2024 07:00;16.01.2024 08:00;114,77
16.01.2024 08:00;16.01.2024 09:00;144,11
16.01.2024 09:00;16.01.2024 10:00;138,6
16.01.2024 10:00;16.01.2024 11:00;122,0
16.01.2024 11:00;16.01.2024 12:00;110,0
16.01.2024 12:00;16.01.2024 13:00;103,43
16.01.2024 13:00;16.01.2024 14:00;94,98
16.01.2024 14:00;16.01.2024 15:00;96,0
16.01.2024 15:00;16.01.2024 16:00;110,25
16.01.2024 16:00;16.01.2024 17:00;111,39
16.01.2024 17:00;16.01.2024 18:00;128,15
16.01.2024 18:00;16.01.2024 19:00;127,31
16.01.2024 19:00;16.01.2024 20:00;111,77
16.01.2024 20:00;16.01.2024 21:00;95,49
16.01.2024 21:00;16.01.2024 22:00;86,21
16.01.2024 22:00;16.01.2024 23:00;82,04
16.01.2024 23:00;17.01.2024 00:00;77,69
17.01.2024 00:00;17.01.2024 01:00;71,61
17.01.2024 01:00;17.01.2024 02:00;71,52
17.01.2024 02:00;17.01.2024 03:00;70,69
17.01.2024 03:00;17.01.2024 04:00;69,74
17.01.2024 04:00;17.01.2024 05:00;69,47
17.01.2024 05:00;17.01.2024 06:00;71,06
17.01.2024 06:00;17.01.2024 07:00;75,09
17.01.2024 07:00;17.01.2024 08:00;84,39
17.01.2024 08:00;17.01.2024 09:00;96,5
17.01.2024 09:00;17.01.2024 10:00;106,16
17.01.2024 10:00;17.01.2024 11:00;110,33
17.01.2024 11:00;17.01.2024 12:00;111,1
17.01.2024 12:00;17.01.2024 13:00;117,71
17.01.2024 13:00;17.01.2024 14:00;121,7
17.01.2024 14:00;17.01.2024 15:00;121,74
17.01.2024 15:00;17.01.2024 16:00;125,46
17.01.2024 16:00;17.01.2024 17:00;128,56
17.01.2024 17:00;17.01.2024 18:00;140,52
17.01.2024 18:00;17.01.2024 19:00;123,59
17.01.2024 19:00;17.01.2024 20:00;114,28
17.01.2024 20:00;17.01.2024 21:00;109,8
17.01.2024 21:00;17.01.2024 22:00;101,09
17.01.2024 22:00;17.01.2024 23:00;94,28
17.01.2024 23:00;18.01.2024 00:00;84,17
18.01.2024 00:00;18.01.2024 01:00;81,33
18.01.2024 01:00;18.01.2024 02:00;77,2
18.01.2024 02:00;18.01.2024 03:00;75,29
18.01.2024 03:00;18.01.2024 04:00;74,91
18.01.2024 04:00;18.01.2024 05:00;77,57
18.01.2024 05:00;18.01.2024 06:00;81,0
18.01.2024 06:00;18.01.2024 07:00;91,44
18.01.2024 07:00;18.01.2024 08:00;111,55
18.01.2024 08:00;18.01.2024 09:00;125,89
18.01.2024 09:00;18.01.2024 10:00;122,17
18.01.2024 10:00;18.01.2024 11:00;110,9
18.01.2024 11:00;18.01.2024 12:00;107,95
18.01.2024 12:00;18.01.2024 13:00;93,55
18.01.2024 13:00;18.01.2024 14:00;87,62
18.01.2024 14:00;18.01.2024 15:00;86,43
18.01.2024 15:00;18.01.2024 16:00;94,25
18.01.2024 16:00;18.01.2024 17:00;99,52
18.01.2024 17:00;18.01.2024 18:00;104,68
18.01.2024 18:00;18.01.2024 19:00;103,26
18.01.2024 19:00;18.01.2024 20:00;94,53
18.01.2024 20:00;18.01.2024 21:00;86,97
18.01.2024 21:00;18.01.2024 22:00;83,12
18.01.2024 22:00;18.01.2024 23:00;80,93
18.01.2024 23:00;19.01.2024 00:00;73,61
19.01.2024 00:00;19.01.2024 01:00;70,58
19.01.2024 01:00;19.01.2024 02:00;66,95
19.01.2024 02:00;19.01.2024 03:00;65,63
19.01.2024 03:00;19.01.2024 04:00;62,76
19.01.2024 04:00;19.01.2024 05:00;63,32
19.01.2024 05:00;19.01.2024 06:00;67,47
19.01.2024 06:00;19.01.2024 07:00;77,94
19.01.2024 07:00;19.01.2024 08:00;87,17
19.01.2024 08:00;19.01.2024 09:00;104,27
19.01.2024 09:00;19.01.2024 10:00;103,06
19.01.2024 10:00;19.01.2024 11:00;95,15
19.01.2024 11:00;19.01.2024 12:00;86,36
19.01.2024 12:00;19.01.2024 13:00;76,83
19.01.2024 13:00;19.01.2024 14:00;73,35
19.01.2024 14:00;19.01.2024 15:00;75,21
19.01.2024 15:00;19.01.2024 16:00;77,45
19.01.2024 16:00;19.01.2024 17:00;84,69
19.01.2024 17:00;19.01.2024 18:00;93,6
19.01.2024 18:00;19.01.2024 19:00;91,7
19.01.2024 19:00;19.01.2024 20:00;82,23
19.01.2024 20:00;19.01.2024 21:00;74,0
19.01.2024 21:00;19.01.2024 22:00;71,12
19.01.2024 22:00;19.01.2024 23:00;68,64
19.01.2024 23:00;20.01.2024 00:00;64,75
20.01.2024 00:00;20.01.2024 01:00;66,0
20.01.2024 01:00;20.01.2024 02:00;63,45
20.01.2024 02:00;20.01.2024 03:00;63,54
20.01.2024 03:00;20.01.2024 04:00;61,82
20.01.2024 04:00;20.01.2024 05:00;61,85
20.01.2024 05:00;20.01.2024 06:00;61,75
20.01.2024 06:00;20.01.2024 07:00;62,59
20.01.2024 07:00;20.01.2024 08:00;66,9
20.01.2024 08:00;20.01.2024 09:00;74,82
20.01.2024 09:00;20.01.2024 10:00;77,9
20.01.2024 10:00;20.01.2024 11:00;71,8
20.01.2024 11:00;20.01.2024 12:00;70,77
20.01.2024 12:00;20.01.2024 13:00;67,73
20.01.2024 13:00;20.01.2024 14:00;68,78
20.01.2024 14:00;20.01.2024 15:00;73,39
20.01.2024 15:00;20.01.2024 16:00;79,11
20.01.2024 16:00;20.01.2024 17:00;87,8
20.01.2024 17:00;20.01.2024 18:00;94,93
20.01.2024 18:00;20.01.2024 19:00;99,87
20.01.2024 19:00;20.01.2024 20:00;91,57
20.01.2024 20:00;20.01.2024 21:00;81,97
20.01.2024 21:00;20.01.2024 22:00;75,74
20.01.2024 22:00;20.01.2024 23:00;74,68
20.01.2024 23:00;21.01.2024 00:00;69,13
21.01.2024 00:00;21.01.2024 01:00;66,83
21.01.2024 01:00;21.01.2024 02:00;57,55
21.01.2024 02:00;21.01.2024 03:00;55,15
21.01.2024 03:00;21.01.2024 04:00;50,89
21.01.2024 04:00;21.01.2024 05:00;48,51
21.01.2024 05:00;21.01.2024 06:00;47,45
21.01.2024 06:00;21.01.2024 07:00;45,53
21.01.2024 07:00;21.01.2024 08:00;43,96
21.01.2024 08:00;21.01.2024 09:00;51,36
21.01.2024 09:00;21.01.2024 10:00;54,36
21.01.2024 10:00;21.01.2024 11:00;46,06
21.01.2024 11:00;21.01.2024 12:00;48,67
21.01.2024 12:00;21.01.2024 13:00;38,48
21.01.2024 13:00;21.01.2024 14:00;37,69
21.01.2024 14:00;21.01.2024 15:00;44,3
21.01.2024 15:00;21.01.2024 16:00;49,04
21.01.2024 16:00;21.01.2024 17:00;49,83
21.01.2024 17:00;21.01.2024 18:00;56,65
21.01.2024 18:00;21.01.2024 19:00;61,45
21.01.2024 19:00;21.01.2024 20:00;58,64
21.01.2024 20:00;21.01.2024 21:00;51,5
21.01.2024 21:00;21.01.2024 22:00;52,46
21.01.2024 22:00;21.01.2024 23:00;50,39
21.01.2024 23:00;22.01.2024 00:00;39,46
22.01.2024 00:00;22.01.2024 01:00;36,66
22.01.2024 01:00;22.01.2024 02:00;22,24
22.01.2024 02:00;22.01.2024 03:00;18,62
22.01.2024 03:00;22.01.2024 04:00;5,04
22.01.2024 04:00;22.01.2024 05:00;5,06
22.01.2024 05:00;22.01.2024 06:00;20,0
22.01.2024 06:00;22.01.2024 07:00;40,5
22.01.2024 07:00;22.01.2024 08:00;60,47
22.01.2024 08:00;22.01.2024 09:00;66,48
22.01.2024 09:00;22.01.2024 10:00;57,58
22.01.2024 10:00;22.01.2024 11:00;61,55
22.01.2024 11:00;22.01.2024 12:00;60,6
22.01.2024 12:00;22.01.2024 13:00;56,92
22.01.2024 13:00;22.01.2024 14:00;56,72
22.01.2024 14:00;22.01.2024 15:00;58,23
22.01.2024 15:00;22.01.2024 16:00;59,73
22.01.2024 16:00;22.01.2024 17:00;59,99
22.01.2024 17:00;22.01.2024 18:00;70,94
22.01.2024 18:00;22.01.2024 19:00;77,35
22.01.2024 19:00;22.01.2024 20:00;71,99
22.01.2024 20:00;22.01.2024 21:00;66,65
22.01.2024 21:00;22.01.2024 22:00;57,0
22.01.2024 22:00;22.01.2024 23:00;55,89
22.01.2024 23:00;23.01.2024 00:00;49,88
23.01.2024 00:00;23.01.2024 01:00;16,23
23.01.2024 01:00;23.01.2024 02:00;10,1
23.01.2024 02:00;23.01.2024 03:00;9,37
23.01.2024 03:00;23.01.2024 04:00;4,17
23.01.2024 04:00;23.01.2024 05:00;10,22
23.01.2024 05:00;23.01.2024 06:00;39,23
23.01.2024 06:00;23.01.2024 07:00;59,76
23.01.2024 07:00;23.01.2024 08:00;76,42
23.01.2024 08:00;23.01.2024 09:00;69,82
23.01.2024 09:00;23.01.2024 10:00;69,93
23.01.2024 10:00;23.01.2024 11:00;59,97
23.01.2024 11:00;23.01.2024 12:00;59,8
23.01.2024 12:00;23.01.2024 13:00;59,14
23.01.2024 13:00;23.01.2024 14:00;59,43
23.01.2024 14:00;23.01.2024 15:00;62,7
23.01.2024 15:00;23.01.2024 16:00;74,63
23.01.2024 16:00;23.01.2024 17:00;78,95
23.01.2024 17:00;23.01.2024 18:00;81,59
23.01.2024 18:00;23.01.2024 19:00;84,51
23.01.2024 19:00;23.01.2024 20:00;74,55
23.01.2024 20:00;23.01.2024 21:00;61,95
23.01.2024 21:00;23.01.2024 22:00;53,74
23.01.2024 22:00;23.01.2024 23:00;45,36
23.01.2024 23:00;24.01.2024 00:00;33,26
24.01.2024 00:00;24.01.2024 01:00;3,05
24.01.2024 01:00;24.01.2024 02:00;-0,03
24.01.2024 02:00;24.01.2024 03:00;-0,64
24.01.2024 03:00;24.01.2024 04:00;-4,41
24.01.2024 04:00;24.01.2024 05:00;-4,84
24.01.2024 05:00;24.01.2024 06:00;-0,18
24.01.2024 06:00;24.01.2024 07:00;14,76
24.01.2024 07:00;24.01.2024 08:00;42,09
24.01.2024 08:00;24.01.2024 09:00;51,58
24.01.2024 09:00;24.01.2024 10:00;50,76
24.01.2024 10:00;24.01.2024 11:00;50,1
24.01.2024 11:00;24.01.2024 12:00;50,78
24.01.2024 12:00;24.01.2024 13:00;39,32
24.01.2024 13:00;24.01.2024 14:00;36,44
24.01.2024 14:00;24.01.2024 15:00;45,04
24.01.2024 15:00;24.01.2024 16:00;49,95
24.01.2024 16:00;24.01.2024 17:00;50,8
24.01.2024 17:00;24.01.2024 18:00;54,21
24.01.2024 18:00;24.01.2024 19:00;53,32
24.01.2024 19:00;24.01.2024 20:00;50,09
24.01.2024 20:00;24.01.2024 21:00;42,18
24.01.2024 21:00;24.01.2024 22:00;40,04
24.01.2024 22:00;24.01.2024 23:00;42,01
24.01.2024 23:00;25.01.2024 00:00;38,53
25.01.2024 00:00;25.01.2024 01:00;44,34
25.01.2024 01:00;25.01.2024 02:00;45,06
25.01.2024 02:00;25.01.2024 03:00;43,34
25.01.2024 03:00;25.01.2024 04:00;44,92
25.01.2024 04:00;25.01.2024 05:00;46,22
25.01.2024 05:00;25.01.2024 06:00;52,38
25.01.2024 06:00;25.01.2024 07:00;69,1
25.01.2024 07:00;25.01.2024 08:00;77,65
25.01.2024 08:00;25.01.2024 09:00;91,87
25.01.2024 09:00;25.01.2024 10:00;87,97
25.01.2024 10:00;25.01.2024 11:00;83,95
25.01.2024 11:00;25.01.2024 12:00;78,66
25.01.2024 12:00;25.01.2024 13:00;74,95
25.01.2024 13:00;25.01.2024 14:00;77,86
25.01.2024 14:00;25.01.2024 15:00;87,07
25.01.2024 15:00;25.01.2024 16:00;93,91
25.01.2024 16:00;25.01.2024 17:00;102,46
25.01.2024 17:00;25.01.2024 18:00;123,38
25.01.2024 18:00;25.01.2024 19:00;115,54
25.01.2024 19:00;25.01.2024 20:00;98,79
25.01.2024 20:00;25.01.2024 21:00;91,07
25.01.2024 21:00;25.01.2024 22:00;86,31
25.01.2024 22:00;25.01.2024 23:00;80,43
25.01.2024 23:00;26.01.2024 00:00;75,16
26.01.2024 00:00;26.01.2024 01:00;62,8
26.01.2024 01:00;26.01.2024 02:00;62,0
26.01.2024 02:00;26.01.2024 03:00;58,49
26.01.2024 03:00;26.01.2024 04:00;57,73
26.01.2024 04:00;26.01.2024 05:00;57,07
26.01.2024 05:00;26.01.2024 06:00;52,16
26.01.2024 06:00;26.01.2024 07:00;59,37
26.01.2024 07:00;26.01.2024 08:00;71,12
26.01.2024 08:00;26.01.2024 09:00;76,59
26.01.2024 09:00;26.01.2024 10:00;70,58
26.01.2024 10:00;26.01.2024 11:00;61,61
26.01.2024 11:00;26.01.2024 12:00;59,14
26.01.2024 12:00;26.01.2024 13:00;52,28
26.01.2024 13:00;26.01.2024 14:00;46,47
26.01.2024 14:00;26.01.2024 15:00;49,28
26.01.2024 15:00;26.01.2024 16:00;50,11
26.01.2024 16:00;26.01.2024 17:00;52,74
26.01.2024 17:00;26.01.2024 18:00;60,7
26.01.2024 18:00;26.01.2024 19:00;58,75
26.01.2024 19:00;26.01.2024 20:00;64,96
26.01.2024 20:00;26.01.2024 21:00;58,78
26.01.2024 21:00;26.01.2024 22:00;62,02
26.01.2024 22:00;26.01.2024 23:00;59,58
26.01.2024 23:00;27.01.2024 00:00;57,08
27.01.2024 00:00;27.01.2024 01:00;55,5
27.01.2024 01:00;27.01.2024 02:00;55,03
27.01.2024 02:00;27.01.2024 03:00;56,21
27.01.2024 03:00;27.01.2024 04:00;55,05
27.01.2024 04:00;27.01.2024 05:00;55,74
27.01.2024 05:00;27.01.2024 06:00;56,83
27.01.2024 06:00;27.01.2024 07:00;59,07
27.01.2024 07:00;27.01.2024 08:00;65,91
27.01.2024 08:00;27.01.2024 09:00;75,29
27.01.2024 09:00;27.01.2024 10:00;72,56
27.01.2024 10:00;27.01.2024 11:00;60,06
27.01.2024 11:00;27.01.2024 12:00;56,61
27.01.2024 12:00;27.01.2024 13:00;55,84
27.01.2024 13:00;27.01.2024 14:00;53,88
27.01.2024 14:00;27.01.2024 15:00;59,72
27.01.2024 15:00;27.01.2024 16:00;72,44
27.01.2024 16:00;27.01.2024 17:00;83,62
27.01.2024 17:00;27.01.2024 18:00;93,37
27.01.2024 18:00;27.01.2024 19:00;95,95
27.01.2024 19:00;27.01.2024 20:00;92,53
27.01.2024 20:00;27.01.2024 21:00;84,42
27.01.2024 21:00;27.01.2024 22:00;76,07
27.01.2024 22:00;27.01.2024 23:00;75,97
27.01.2024 23:00;28.01.2024 00:00;72,7
28.01.2024 00:00;28.01.2024 01:00;66,77
28.01.2024 01:00;28.01.2024 02:00;60,92
28.01.2024 02:00;28.01.2024 03:00;59,65
28.01.2024 03:00;28.01.2024 04:00;59,94
28.01.2024 04:00;28.01.2024 05:00;61,4
28.01.2024 05:00;28.01.2024 06:00;64,11
28.01.2024 06:00;28.01.2024 07:00;60,53
28.01.2024 07:00;28.01.2024 08:00;59,64
28.01.2024 08:00;28.01.2024 09:00;59,63
28.01.2024 09:00;28.01.2024 10:00;55,08
28.01.2024 10:00;28.01.2024 11:00;51,16
28.01.2024 11:00;28.01.2024 12:00;45,75
28.01.2024 12:00;28.01.2024 13:00;41,58
28.01.2024 13:00;28.01.2024 14:00;40,09
28.01.2024 14:00;28.01.2024 15:00;50,65
28.01.2024 15:00;28.01.2024 16:00;56,41
28.01.2024 16:00;28.01.2024 17:00;68,87
28.01.2024 17:00;28.01.2024 18:00;77,84
28.01.2024 18:00;28.01.2024 19:00;71,93
28.01.2024 19:00;28.01.2024 20:00;69,88
28.01.2024 20:00;28.01.2024 21:00;68,25
28.01.2024 21:00;28.01.2024 22:00;57,17
28.01.2024 22:00;28.01.2024 23:00;59,43
28.01.2024 23:00;29.01.2024 00:00;56,0
29.01.2024 00:00;29.01.2024 01:00;49,97
29.01.2024 01:00;29.01.2024 02:00;47,26
29.01.2024 02:00;29.01.2024 03:00;48,12
29.01.2024 03:00;29.01.2024 04:00;47,97
29.01.2024 04:00;29.01.2024 05:00;51,58
29.01.2024 05:00;29.01.2024 06:00;60,06
29.01.2024 06:00;29.01.2024 07:00;80,0
29.01.2024 07:00;29.01.2024 08:00;93,57
29.01.2024 08:00;29.01.2024 09:00;99,17
29.01.2024 09:00;29.01.2024 10:00;88,39
29.01.2024 10:00;29.01.2024 11:00;78,9
29.01.2024 11:00;29.01.2024 12:00;71,27
29.01.2024 12:00;29.01.2024 13:00;70,24
29.01.2024 13:00;29.01.2024 14:00;74,99
29.01.2024 14:00;29.01.2024 15:00;82,55
29.01.2024 15:00;29.01.2024 16:00;97,6
29.01.2024 16:00;29.01.2024 17:00;108,43
29.01.2024 17:00;29.01.2024 18:00;127,42
29.01.2024 18:00;29.01.2024 19:00;117,3
29.01.2024 19:00;29.01.2024 20:00;107,52
29.01.2024 20:00;29.01.2024 21:00;91,98
29.01.2024 21:00;29.01.2024 22:00;86,79
29.01.2024 22:00;29.01.2024 23:00;83,42
29.01.2024 23:00;30.01.2024 00:00;80,29
30.01.2024 00:00;30.01.2024 01:00;71,94
30.01.2024 01:00;30.01.2024 02:00;68,79
30.01.2024 02:00;30.01.2024 03:00;69,37
30.01.2024 03:00;30.01.2024 04:00;67,44
30.01.2024 04:00;30.01.2024 05:00;67,18
30.01.2024 05:00;30.01.2024 06:00;69,37
30.01.2024 06:00;30.01.2024 07:00;78,43
30.01.2024 07:00;30.01.2024 08:00;90,6
30.01.2024 08:00;30.01.2024 09:00;95,93
30.01.2024 09:00;30.01.2024 10:00;84,93
30.01.2024 10:00;30.01.2024 11:00;77,15
30.01.2024 11:00;30.01.2024 12:00;70,1
30.01.2024 12:00;30.01.2024 13:00;68,1
30.01.2024 13:00;30.01.2024 14:00;68,23
30.01.2024 14:00;30.01.2024 15:00;71,93
30.01.2024 15:00;30.01.2024 16:00;79,49
30.01.2024 16:00;30.01.2024 17:00;82,36
30.01.2024 17:00;30.01.2024 18:00;88,17
30.01.2024 18:00;30.01.2024 19:00;99,23
30.01.2024 19:00;30.01.2024 20:00;91,91
30.01.2024 20:00;30.01.2024 21:00;86,04
30.01.2024 21:00;30.01.2024 22:00;78,0
30.01.2024 22:00;30.01.2024 23:00;75,01
30.01.2024 23:00;31.01.2024 00:00;71,51
31.01.2024 00:00;31.01.2024 01:00;71,73
31.01.2024 01:00;31.01.2024 02:00;70,19
31.01.2024 02:00;31.01.2024 03:00;70,89
31.01.2024 03:00;31.01.2024 04:00;69,82
31.01.2024 04:00;31.01.2024 05:00;69,14
31.01.2024 05:00;31.01.2024 06:00;73,82
31.01.2024 06:00;31.01.2024 07:00;84,85
31.01.2024 07:00;31.01.2024 08:00;108,17
31.01.2024 08:00;31.01.2024 09:00;119,93
31.01.2024 09:00;31.01.2024 10:00;93,61
31.01.2024 10:00;31.01.2024 11:00;82,98
31.01.2024 11:00;31.01.2024 12:00;77,09
31.01.2024 12:00;31.01.2024 13:00;74,91
31.01.2024 13:00;31.01.2024 14:00;67,66
31.01.2024 14:00;31.01.2024 15:00;66,69
31.01.2024 15:00;31.01.2024 16:00;75,87
31.01.2024 16:00;31.01.2024 17:00;81,62
31.01.2024 17:00;31.01.2024 18:00;87,91
31.01.2024 18:00;31.01.2024 19:00;86,78
31.01.2024 19:00;31.01.2024 20:00;73,65
31.01.2024 20:00;31.01.2024 21:00;66,03
31.01.2024 21:00;31.01.2024 22:00;56,96
31.01.2024 22:00;31.01.2024 23:00;54,08
31.01.2024 23:00;01.02.2024 00:00;39,73
01.02.2024 00:00;01.02.2024 01:00;47,06
01.02.2024 01:00;01.02.2024 02:00;41,12
01.02.2024 02:00;01.02.2024 03:00;42,16
01.02.2024 03:00;01.02.2024 04:00;43,05
01.02.2024 04:00;01.02.2024 05:00;46,91
01.02.2024 05:00;01.02.2024 06:00;55,34
01.02.2024 06:00;01.02.2024 07:00;69,01
01.02.2024 07:00;01.02.2024 08:00;86,12
01.02.2024 08:00;01.02.2024 09:00;92,5
01.02.2024 09:00;01.02.2024 10:00;86,29
01.02.2024 10:00;01.02.2024 11:00;83,67
01.02.2024 11:00;01.02.2024 12:00;77,22
01.02.2024 12:00;01.02.2024 13:00;67,6
01.02.2024 13:00;01.02.2024 14:00;57,26
01.02.2024 14:00;01.02.2024 15:00;68,74
01.02.2024 15:00;01.02.2024 16:00;75,07
01.02.2024 16:00;01.02.2024 17:00;77,05
01.02.2024 17:00;01.02.2024 18:00;91,61
01.02.2024 18:00;01.02.2024 19:00;94,67
01.02.2024 19:00;01.02.2024 20:00;97,89
01.02.2024 20:00;01.02.2024 21:00;89,97
01.02.2024 21:00;01.02.2024 22:00;83,29
01.02.2024 22:00;01.02.2024 23:00;81,88
01.02.2024 23:00;02.02.2024 00:00;73,38
02.02.2024 00:00;02.02.2024 01:00;64,27
02.02.2024 01:00;02.02.2024 02:00;59,94
02.02.2024 02:00;02.02.2024 03:00;58,0
02.02.2024 03:00;02.02.2024 04:00;54,69
02.02.2024 04:00;02.02.2024 05:00;53,23
02.02.2024 05:00;02.02.2024 06:00;55,07
02.02.2024 06:00;02.02.2024 07:00;66,94
02.02.2024 07:00;02.02.2024 08:00;76,99
02.02.2024 08:00;02.02.2024 09:00;89,32
02.02.2024 09:00;02.02.2024 10:00;85,9
02.02.2024 10:00;02.02.2024 11:00;80,77
02.02.2024 11:00;02.02.2024 12:00;75,15
02.02.2024 12:00;02.02.2024 13:00;64,8
02.02.2024 13:00;02.02.2024 14:00;56,52
02.02.2024 14:00;02.02.2024 15:00;54,83
02.02.2024 15:00;02.02.2024 16:00;53,09
02.02.2024 16:00;02.02.2024 17:00;52,73
02.02.2024 17:00;02.02.2024 18:00;58,5
02.02.2024 18:00;02.02.2024 19:00;68,97
02.02.2024 19:00;02.02.2024 20:00;63,34
02.02.2024 20:00;02.02.2024 21:00;55,06
02.02.2024 21:00;02.02.2024 22:00;49,68
02.02.2024 22:00;02.02.2024 23:00;46,03
02.02.2024 23:00;03.02.2024 00:00;36,05
03.02.2024 00:00;03.02.2024 01:00;24,74
03.02.2024 01:00;03.02.2024 02:00;12,85
03.02.2024 02:00;03.02.2024 03:00;6,73
03.02.2024 03:00;03.02.2024 04:00;10,51
03.02.2024 04:00;03.02.2024 05:00;8,53
03.02.2024 05:00;03.02.2024 06:00;8,8
03.02.2024 06:00;03.02.2024 07:00;16,48
03.02.2024 07:00;03.02.2024 08:00;34,17
03.02.2024 08:00;03.02.2024 09:00;45,99
03.02.2024 09:00;03.02.2024 10:00;45,97
03.02.2024 10:00;03.02.2024 11:00;35,62
03.02.2024 11:00;03.02.2024 12:00;30,42
03.02.2024 12:00;03.02.2024 13:00;30,58
03.02.2024 13:00;03.02.2024 14:00;30,62
03.02.2024 14:00;03.02.2024 15:00;40,74
03.02.2024 15:00;03.02.2024 16:00;43,7
03.02.2024 16:00;03.02.2024 17:00;49,36
03.02.2024 17:00;03.02.2024 18:00;57,83
03.02.2024 18:00;03.02.2024 19:00;68,57
03.02.2024 19:00;03.02.2024 20:00;65,98
03.02.2024 20:00;03.02.2024 21:00;54,37
03.02.2024 21:00;03.02.2024 22:00;51,21
03.02.2024 22:00;03.02.2024 23:00;50,81
03.02.2024 23:00;04.02.2024 00:00;38,71
04.02.2024 00:00;04.02.2024 01:00;35,3
04.02.2024 01:00;04.02.2024 02:00;10,04
04.02.2024 02:00;04.02.2024 03:00;3,23
04.02.2024 03:00;04.02.2024 04:00;0,68
04.02.2024 04:00;04.02.2024 05:00;0,0
04.02.2024 05:00;04.02.2024 06:00;0,0
04.02.2024 06:00;04.02.2024 07:00;0,0
04.02.2024 07:00;04.02.2024 08:00;1,05
04.02.2024 08:00;04.02.2024 09:00;8,87
04.02.2024 09:00;04.02.2024 10:00;9,83
04.02.2024 10:00;04.02.2024 11:00;10,87
04.02.2024 11:00;04.02.2024 12:00;12,81
04.02.2024 12:00;04.02.2024 13:00;13,82
04.02.2024 13:00;04.02.2024 14:00;4,62
04.02.2024 14:00;04.02.2024 15:00;9,72
04.02.2024 15:00;04.02.2024 16:00;15,72
04.02.2024 16:00;04.02.2024 17:00;18,43
04.02.2024 17:00;04.02.2024 18:00;38,91
04.02.2024 18:00;04.02.2024 19:00;46,01
04.02.2024 19:00;04.02.2024 20:00;36,17
04.02.2024 20:00;04.02.2024 21:00;29,05
04.02.2024 21:00;04.02.2024 22:00;24,52
04.02.2024 22:00;04.02.2024 23:00;24,44
04.02.2024 23:00;05.02.2024 00:00;0,57
05.02.2024 00:00;05.02.2024 01:00;0,0
05.02.2024 01:00;05.02.2024 02:00;-0,03
05.02.2024 02:00;05.02.2024 03:00;-0,07
05.02.2024 03:00;05.02.2024 04:00;-0,13
05.02.2024 04:00;05.02.2024 05:00;-0,05
05.02.2024 05:00;05.02.2024 06:00;0,42
05.02.2024 06:00;05.02.2024 07:00;38,97
05.02.2024 07:00;05.02.2024 08:00;58,91
05.02.2024 08:00;05.02.2024 09:00;62,32
05.02.2024 09:00;05.02.2024 10:00;56,86
05.02.2024 10:00;05.02.2024 11:00;52,93
05.02.2024 11:00;05.02.2024 12:00;40,15
05.02.2024 12:00;05.02.2024 13:00;7,05
05.02.2024 13:00;05.02.2024 14:00;1,09
05.02.2024 14:00;05.02.2024 15:00;5,01
05.02.2024 15:00;05.02.2024 16:00;53,1
05.02.2024 16:00;05.02.2024 17:00;60,72
05.02.2024 17:00;05.02.2024 18:00;68,47
05.02.2024 18:00;05.02.2024 19:00;68,78
05.02.2024 19:00;05.02.2024 20:00;61,84
05.02.2024 20:00;05.02.2024 21:00;60,48
05.02.2024 21:00;05.02.2024 22:00;59,65
05.02.2024 22:00;05.02.2024 23:00;56,3
05.02.2024 23:00;06.02.2024 00:00;47,41
06.02.2024 00:00;06.02.2024 01:00;35,04
06.02.2024 01:00;06.02.2024 02:00;27,65
06.02.2024 02:00;06.02.2024 03:00;7,08
06.02.2024 03:00;06.02.2024 04:00;3,07
06.02.2024 04:00;06.02.2024 05:00;1,94
06.02.2024 05:00;06.02.2024 06:00;19,38
06.02.2024 06:00;06.02.2024 07:00;50,0
06.02.2024 07:00;06.02.2024 08:00;68,16
06.02.2024 08:00;06.02.2024 09:00;62,0
06.02.2024 09:00;06.02.2024 10:00;61,35
06.02.2024 10:00;06.02.2024 11:00;56,56
06.02.2024 11:00;06.02.2024 12:00;51,7
06.02.2024 12:00;06.02.2024 13:00;43,47
06.02.2024 13:00;06.02.2024 14:00;42,54
06.02.2024 14:00;06.02.2024 15:00;40,11
06.02.2024 15:00;06.02.2024 16:00;49,91
06.02.2024 16:00;06.02.2024 17:00;56,52
06.02.2024 17:00;06.02.2024 18:00;62,97
06.02.2024 18:00;06.02.2024 19:00;61,96
06.02.2024 19:00;06.02.2024 20:00;61,16
06.02.2024 20:00;06.02.2024 21:00;59,14
06.02.2024 21:00;06.02.2024 22:00;56,44
06.02.2024 22:00;06.02.2024 23:00;56,52
06.02.2024 23:00;07.02.2024 00:00;52,36
07.02.2024 00:00;07.02.2024 01:00;41,17
07.02.2024 01:00;07.02.2024 02:00;35,52
07.02.2024 02:00;07.02.2024 03:00;34,15
07.02.2024 03:00;07.02.2024 04:00;46,59
07.02.2024 04:00;07.02.2024 05:00;54,47
07.02.2024 05:00;07.02.2024 06:00;59,63
07.02.2024 06:00;07.02.2024 07:00;74,83
07.02.2024 07:00;07.02.2024 08:00;86,67
07.02.2024 08:00;07.02.2024 09:00;87,0
07.02.2024 09:00;07.02.2024 10:00;85,53
07.02.2024 10:00;07.02.2024 11:00;81,17
07.02.2024 11:00;07.02.2024 12:00;78,01
07.02.2024 12:00;07.02.2024 13:00;75,98
07.02.2024 13:00;07.02.2024 14:00;79,24
07.02.2024 14:00;07.02.2024 15:00;77,99
07.02.2024 15:00;07.02.2024 16:00;88,21
07.02.2024 16:00;07.02.2024 17:00;97,3
07.02.2024 17:00;07.02.2024 18:00;120,05
07.02.2024 18:00;07.02.2024 19:00;136,22
07.02.2024 19:00;07.02.2024 20:00;109,7
07.02.2024 20:00;07.02.2024 21:00;99,91
07.02.2024 21:00;07.02.2024 22:00;87,65
07.02.2024 22:00;07.02.2024 23:00;83,63
07.02.2024 23:00;08.02.2024 00:00;79,21
08.02.2024 00:00;08.02.2024 01:00;73,7
08.02.2024 01:00;08.02.2024 02:00;73,2
08.02.2024 02:00;08.02.2024 03:00;72,15
08.02.2024 03:00;08.02.2024 04:00;72,94
08.02.2024 04:00;08.02.2024 05:00;73,65
08.02.2024 05:00;08.02.2024 06:00;77,85
08.02.2024 06:00;08.02.2024 07:00;87,08
08.02.2024 07:00;08.02.2024 08:00;110,0
08.02.2024 08:00;08.02.2024 09:00;133,15
08.02.2024 09:00;08.02.2024 10:00;113,55
08.02.2024 10:00;08.02.2024 11:00;97,79
08.02.2024 11:00;08.02.2024 12:00;91,87
08.02.2024 12:00;08.02.2024 13:00;89,38
08.02.2024 13:00;08.02.2024 14:00;90,98
08.02.2024 14:00;08.02.2024 15:00;94,9
08.02.2024 15:00;08.02.2024 16:00;94,38
08.02.2024 16:00;08.02.2024 17:00;93,01
08.02.2024 17:00;08.02.2024 18:00;103,0
08.02.2024 18:00;08.02.2024 19:00;94,67
08.02.2024 19:00;08.02.2024 20:00;86,06
08.02.2024 20:00;08.02.2024 21:00;83,2
08.02.2024 21:00;08.02.2024 22:00;80,61
08.02.2024 22:00;08.02.2024 23:00;75,6
08.02.2024 23:00;09.02.2024 00:00;65,98
09.02.2024 00:00;09.02.2024 01:00;60,43
09.02.2024 01:00;09.02.2024 02:00;58,61
09.02.2024 02:00;09.02.2024 03:00;55,74
09.02.2024 03:00;09.02.2024 04:00;51,61
09.02.2024 04:00;09.02.2024 05:00;49,96
09.02.2024 05:00;09.02.2024 06:00;52,32
09.02.2024 06:00;09.02.2024 07:00;59,08
09.02.2024 07:00;09.02.2024 08:00;66,79
09.02.2024 08:00;09.02.2024 09:00;70,13
09.02.2024 09:00;09.02.2024 10:00;68,37
09.02.2024 10:00;09.02.2024 11:00;69,52
09.02.2024 11:00;09.02.2024 12:00;69,94
09.02.2024 12:00;09.02.2024 13:00;67,85
09.02.2024 13:00;09.02.2024 14:00;67,74
09.02.2024 14:00;09.02.2024 15:00;73,22
09.02.2024 15:00;09.02.2024 16:00;81,56
09.02.2024 16:00;09.02.2024 17:00;90,12
09.02.2024 17:00;09.02.2024 18:00;95,45
09.02.2024 18:00;09.02.2024 19:00;95,45
09.02.2024 19:00;09.02.2024 20:00;87,05
09.02.2024 20:00;09.02.2024 21:00;80,44
09.02.2024 21:00;09.02.2024 22:00;75,2
09.02.2024 22:00;09.02.2024 23:00;74,91
09.02.2024 23:00;10.02.2024 00:00;70,94
10.02.2024 00:00;10.02.2024 01:00;63,1
10.02.2024 01:00;10.02.2024 02:00;64,08
10.02.2024 02:00;10.02.2024 03:00;64,4
10.02.2024 03:00;10.02.2024 04:00;64,39
10.02.2024 04:00;10.02.2024 05:00;64,41
10.02.2024 05:00;10.02.2024 06:00;65,82
10.02.2024 06:00;10.02.2024 07:00;70,91
10.02.2024 07:00;10.02.2024 08:00;74,86
10.02.2024 08:00;10.02.2024 09:00;77,7
10.02.2024 09:00;10.02.2024 10:00;80,38
10.02.2024 10:00;10.02.2024 11:00;74,59
10.02.2024 11:00;10.02.2024 12:00;69,43
10.02.2024 12:00;10.02.2024 13:00;68,3
10.02.2024 13:00;10.02.2024 14:00;66,72
10.02.2024 14:00;10.02.2024 15:00;69,53
10.02.2024 15:00;10.02.2024 16:00;77,17
10.02.2024 16:00;10.02.2024 17:00;86,13
10.02.2024 17:00;10.02.2024 18:00;88,95
10.02.2024 18:00;10.02.2024 19:00;87,62
10.02.2024 19:00;10.02.2024 20:00;81,01
10.02.2024 20:00;10.02.2024 21:00;74,4
10.02.2024 21:00;10.02.2024 22:00;67,84
10.02.2024 22:00;10.02.2024 23:00;65,86
10.02.2024 23:00;11.02.2024 00:00;63,46
11.02.2024 00:00;11.02.2024 01:00;55,48
11.02.2024 01:00;11.02.2024 02:00;53,67
11.02.2024 02:00;11.02.2024 03:00;52,6
11.02.2024 03:00;11.02.2024 04:00;46,83
11.02.2024 04:00;11.02.2024 05:00;43,64
11.02.2024 05:00;11.02.2024 06:00;46,25
11.02.2024 06:00;11.02.2024 07:00;49,19
11.02.2024 07:00;11.02.2024 08:00;53,16
11.02.2024 08:00;11.02.2024 09:00;55,06
11.02.2024 09:00;11.02.2024 10:00;57,97
11.02.2024 10:00;11.02.2024 11:00;61,16
11.02.2024 11:00;11.02.2024 12:00;65,54
11.02.2024 12:00;11.02.2024 13:00;64,6
11.02.2024 13:00;11.02.2024 14:00;62,12
11.02.2024 14:00;11.02.2024 15:00;63,99
11.02.2024 15:00;11.02.2024 16:00;66,3
11.02.2024 16:00;11.02.2024 17:00;70,69
11.02.2024 17:00;11.02.2024 18:00;78,5
11.02.2024 18:00;11.02.2024 19:00;80,74
11.02.2024 19:00;11.02.2024 20:00;79,72
11.02.2024 20:00;11.02.2024 21:00;76,75
11.02.2024 21:00;11.02.2024 22:00;70,72
11.02.2024 22:00;11.02.2024 23:00;68,39
11.02.2024 23:00;12.02.2024 00:00;64,01
12.02.2024 00:00;12.02.2024 01:00;64,35
12.02.2024 01:00;12.02.2024 02:00;61,59
12.02.2024 02:00;12.02.2024 03:00;60,65
12.02.2024 03:00;12.02.2024 04:00;59,39
12.02.2024 04:00;12.02.2024 05:00;59,21
12.02.2024 05:00;12.02.2024 06:00;65,0
12.02.2024 06:00;12.02.2024 07:00;76,0
12.02.2024 07:00;12.02.2024 08:00;85,41
12.02.2024 08:00;12.02.2024 09:00;104,0
12.02.2024 09:00;12.02.2024 10:00;96,5
12.02.2024 10:00;12.02.2024 11:00;85,47
12.02.2024 11:00;12.02.2024 12:00;79,14
12.02.2024 12:00;12.02.2024 13:00;67,37
12.02.2024 13:00;12.02.2024 14:00;63,75
12.02.2024 14:00;12.02.2024 15:00;63,95
12.02.2024 15:00;12.02.2024 16:00;66,4
12.02.2024 16:00;12.02.2024 17:00;78,42
12.02.2024 17:00;12.02.2024 18:00;93,9
12.02.2024 18:00;12.02.2024 19:00;96,0
12.02.2024 19:00;12.02.2024 20:00;89,08
12.02.2024 20:00;12.02.2024 21:00;79,15
12.02.2024 21:00;12.02.2024 22:00;71,54
12.02.2024 22:00;12.02.2024 23:00;65,87
12.02.2024 23:00;13.02.2024 00:00;61,9
13.02.2024 00:00;13.02.2024 01:00;68,59
13.02.2024 01:00;13.02.2024 02:00;65,37
13.02.2024 02:00;13.02.2024 03:00;63,41
13.02.2024 03:00;13.02.2024 04:00;60,49
13.02.2024 04:00;13.02.2024 05:00;60,06
13.02.2024 05:00;13.02.2024 06:00;63,59
13.02.2024 06:00;13.02.2024 07:00;70,69
13.02.2024 07:00;13.02.2024 08:00;82,18
13.02.2024 08:00;13.02.2024 09:00;89,1
13.02.2024 09:00;13.02.2024 10:00;75,12
13.02.2024 10:00;13.02.2024 11:00;69,21
13.02.2024 11:00;13.02.2024 12:00;63,87
13.02.2024 12:00;13.02.2024 13:00;60,53
13.02.2024 13:00;13.02.2024 14:00;60,26
13.02.2024 14:00;13.02.2024 15:00;63,1
13.02.2024 15:00;13.02.2024 16:00;70,7
13.02.2024 16:00;13.02.2024 17:00;78,36
13.02.2024 17:00;13.02.2024 18:00;95,01
13.02.2024 18:00;13.02.2024 19:00;99,88
13.02.2024 19:00;13.02.2024 20:00;90,99
13.02.2024 20:00;13.02.2024 21:00;77,97
13.02.2024 21:00;13.02.2024 22:00;71,86
13.02.2024 22:00;13.02.2024 23:00;68,39
13.02.2024 23:00;14.02.2024 00:00;64,74
14.02.2024 00:00;14.02.2024 01:00;60,63
14.02.2024 01:00;14.02.2024 02:00;59,34
14.02.2024 02:00;14.02.2024 03:00;55,76
14.02.2024 03:00;14.02.2024 04:00;54,79
14.02.2024 04:00;14.02.2024 05:00;55,06
14.02.2024 05:00;14.02.2024 06:00;58,43
14.02.2024 06:00;14.02.2024 07:00;63,23
14.02.2024 07:00;14.02.2024 08:00;72,74
14.02.2024 08:00;14.02.2024 09:00;79,73
14.02.2024 09:00;14.02.2024 10:00;69,65
14.02.2024 10:00;14.02.2024 11:00;63,86
14.02.2024 11:00;14.02.2024 12:00;63,29
14.02.2024 12:00;14.02.2024 13:00;62,63
14.02.2024 13:00;14.02.2024 14:00;63,82
14.02.2024 14:00;14.02.2024 15:00;69,03
14.02.2024 15:00;14.02.2024 16:00;72,23
14.02.2024 16:00;14.02.2024 17:00;78,54
14.02.2024 17:00;14.02.2024 18:00;82,97
14.02.2024 18:00;14.02.2024 19:00;87,58
14.02.2024 19:00;14.02.2024 20:00;84,47
14.02.2024 20:00;14.02.2024 21:00;76,48
14.02.2024 21:00;14.02.2024 22:00;69,68
14.02.2024 22:00;14.02.2024 23:00;68,2
14.02.2024 23:00;15.02.2024 00:00;63,8
15.02.2024 00:00;15.02.2024 01:00;61,71
15.02.2024 01:00;15.02.2024 02:00;61,13
15.02.2024 02:00;15.02.2024 03:00;60,3
15.02.2024 03:00;15.02.2024 04:00;59,75
15.02.2024 04:00;15.02.2024 05:00;61,94
15.02.2024 05:00;15.02.2024 06:00;66,06
15.02.2024 06:00;15.02.2024 07:00;72,21
15.02.2024 07:00;15.02.2024 08:00;81,57
15.02.2024 08:00;15.02.2024 09:00;82,67
15.02.2024 09:00;15.02.2024 10:00;78,76
15.02.2024 10:00;15.02.2024 11:00;74,18
15.02.2024 11:00;15.02.2024 12:00;69,96
15.02.2024 12:00;15.02.2024 13:00;66,63
15.02.2024 13:00;15.02.2024 14:00;66,19
15.02.2024 14:00;15.02.2024 15:00;69,91
15.02.2024 15:00;15.02.2024 16:00;75,05
15.02.2024 16:00;15.02.2024 17:00;79,05
15.02.2024 17:00;15.02.2024 18:00;87,0
15.02.2024 18:00;15.02.2024 19:00;86,91
15.02.2024 19:00;15.02.2024 20:00;75,61
15.02.2024 20:00;15.02.2024 21:00;70,47
15.02.2024 21:00;15.02.2024 22:00;62,97
15.02.2024 22:00;15.02.2024 23:00;63,09
15.02.2024 23:00;16.02.2024 00:00;58,91
16.02.2024 00:00;16.02.2024 01:00;51,76
16.02.2024 01:00;16.02.2024 02:00;51,08
16.02.2024 02:00;16.02.2024 03:00;49,92
16.02.2024 03:00;16.02.2024 04:00;48,81
16.02.2024 04:00;16.02.2024 05:00;51,38
16.02.2024 05:00;16.02.2024 06:00;53,53
16.02.2024 06:00;16.02.2024 07:00;59,15
16.02.2024 07:00;16.02.2024 08:00;69,39
16.02.2024 08:00;16.02.2024 09:00;70,5
16.02.2024 09:00;16.02.2024 10:00;64,84
16.02.2024 10:00;16.02.2024 11:00;54,37
16.02.2024 11:00;16.02.2024 12:00;53,0
16.02.2024 12:00;16.02.2024 13:00;52,33
16.02.2024 13:00;16.02.2024 14:00;52,31
16.02.2024 14:00;16.02.2024 15:00;53,78
16.02.2024 15:00;16.02.2024 16:00;62,59
16.02.2024 16:00;16.02.2024 17:00;69,99
16.02.2024 17:00;16.02.2024 18:00;72,58
16.02.2024 18:00;16.02.2024 19:00;77,42
16.02.2024 19:00;16.02.2024 20:00;76,78
16.02.2024 20:00;16.02.2024 21:00;72,47
16.02.2024 21:00;16.02.2024 22:00;69,4
16.02.2024 22:00;16.02.2024 23:00;68,05
16.02.2024 23:00;17.02.2024 00:00;60,02
17.02.2024 00:00;17.02.2024 01:00;57,31
17.02.2024 01:00;17.02.2024 02:00;57,0
17.02.2024 02:00;17.02.2024 03:00;55,88
17.02.2024 03:00;17.02.2024 04:00;54,66
17.02.2024 04:00;17.02.2024 05:00;54,62
17.02.2024 05:00;17.02.2024 06:00;55,48
17.02.2024 06:00;17.02.2024 07:00;55,17
17.02.2024 07:00;17.02.2024 08:00;56,9
17.02.2024 08:00;17.02.2024 09:00;64,89
17.02.2024 09:00;17.02.2024 10:00;63,29
17.02.2024 10:00;17.02.2024 11:00;62,02
17.02.2024 11:00;17.02.2024 12:00;60,69
17.02.2024 12:00;17.02.2024 13:00;58,26
17.02.2024 13:00;17.02.2024 14:00;55,25
17.02.2024 14:00;17.02.2024 15:00;59,09
17.02.2024 15:00;17.02.2024 16:00;68,83
17.02.2024 16:00;17.02.2024 17:00;75,03
17.02.2024 17:00;17.02.2024 18:00;87,93
17.02.2024 18:00;17.02.2024 19:00;110,06
17.02.2024 19:00;17.02.2024 20:00;90,28
17.02.2024 20:00;17.02.2024 21:00;80,93
17.02.2024 21:00;17.02.2024 22:00;74,57
17.02.2024 22:00;17.02.2024 23:00;72,44
17.02.2024 23:00;18.02.2024 00:00;69,11
18.02.2024 00:00;18.02.2024 01:00;62,38
18.02.2024 01:00;18.02.2024 02:00;54,81
18.02.2024 02:00;18.02.2024 03:00;51,44
18.02.2024 03:00;18.02.2024 04:00;50,32
18.02.2024 04:00;18.02.2024 05:00;50,19
18.02.2024 05:00;18.02.2024 06:00;48,47
18.02.2024 06:00;18.02.2024 07:00;46,02
18.02.2024 07:00;18.02.2024 08:00;48,97
18.02.2024 08:00;18.02.2024 09:00;47,28
18.02.2024 09:00;18.02.2024 10:00;43,03
18.02.2024 10:00;18.02.2024 11:00;40,45
18.02.2024 11:00;18.02.2024 12:00;41,0
18.02.2024 12:00;18.02.2024 13:00;40,1
18.02.2024 13:00;18.02.2024 14:00;39,88
18.02.2024 14:00;18.02.2024 15:00;42,87
18.02.2024 15:00;18.02.2024 16:00;54,29
18.02.2024 16:00;18.02.2024 17:00;62,87
18.02.2024 17:00;18.02.2024 18:00;72,0
18.02.2024 18:00;18.02.2024 19:00;73,66
18.02.2024 19:00;18.02.2024 20:00;70,59
18.02.2024 20:00;18.02.2024 21:00;64,71
18.02.2024 21:00;18.02.2024 22:00;59,83
18.02.2024 22:00;18.02.2024 23:00;57,33
18.02.2024 23:00;19.02.2024 00:00;53,94
19.02.2024 00:00;19.02.2024 01:00;44,0
19.02.2024 01:00;19.02.2024 02:00;43,04
19.02.2024 02:00;19.02.2024 03:00;44,21
19.02.2024 03:00;19.02.2024 04:00;43,91
19.02.2024 04:00;19.02.2024 05:00;44,92
19.02.2024 05:00;19.02.2024 06:00;51,57
19.02.2024 06:00;19.02.2024 07:00;68,6
19.02.2024 07:00;19.02.2024 08:00;79,09
19.02.2024 08:00;19.02.2024 09:00;83,84
19.02.2024 09:00;19.02.2024 10:00;75,03
19.02.2024 10:00;19.02.2024 11:00;70,83
19.02.2024 11:00;19.02.2024 12:00;69,13
19.02.2024 12:00;19.02.2024 13:00;62,47
19.02.2024 13:00;19.02.2024 14:00;60,99
19.02.2024 14:00;19.02.2024 15:00;65,96
19.02.2024 15:00;19.02.2024 16:00;69,28
19.02.2024 16:00;19.02.2024 17:00;71,51
19.02.2024 17:00;19.02.2024 18:00;76,25
19.02.2024 18:00;19.02.2024 19:00;97,65
19.02.2024 19:00;19.02.2024 20:00;79,98
19.02.2024 20:00;19.02.2024 21:00;71,86
19.02.2024 21:00;19.02.2024 22:00;67,47
19.02.2024 22:00;19.02.2024 23:00;66,27
19.02.2024 23:00;20.02.2024 00:00;59,07
20.02.2024 00:00;20.02.2024 01:00;58,06
20.02.2024 01:00;20.02.2024 02:00;54,32
20.02.2024 02:00;20.02.2024 03:00;53,96
20.02.2024 03:00;20.02.2024 04:00;53,48
20.02.2024 04:00;20.02.2024 05:00;52,99
20.02.2024 05:00;20.02.2024 06:00;54,79
20.02.2024 06:00;20.02.2024 07:00;70,53
20.02.2024 07:00;20.02.2024 08:00;88,4
20.02.2024 08:00;20.02.2024 09:00;90,89
20.02.2024 09:00;20.02.2024 10:00;78,55
20.02.2024 10:00;20.02.2024 11:00;69,84
20.02.2024 11:00;20.02.2024 12:00;60,88
20.02.2024 12:00;20.02.2024 13:00;53,52
20.02.2024 13:00;20.02.2024 14:00;51,42
20.02.2024 14:00;20.02.2024 15:00;51,79
20.02.2024 15:00;20.02.2024 16:00;56,16
20.02.2024 16:00;20.02.2024 17:00;63,08
20.02.2024 17:00;20.02.2024 18:00;70,54
20.02.2024 18:00;20.02.2024 19:00;71,25
20.02.2024 19:00;20.02.2024 20:00;73,47
20.02.2024 20:00;20.02.2024 21:00;68,48
20.02.2024 21:00;20.02.2024 22:00;61,33
20.02.2024 22:00;20.02.2024 23:00;56,86
20.02.2024 23:00;21.02.2024 00:00;52,77
21.02.2024 00:00;21.02.2024 01:00;50,65
21.02.2024 01:00;21.02.2024 02:00;48,47
21.02.2024 02:00;21.02.2024 03:00;46,84
21.02.2024 03:00;21.02.2024 04:00;44,77
21.02.2024 04:00;21.02.2024 05:00;45,39
21.02.2024 05:00;21.02.2024 06:00;50,03
21.02.2024 06:00;21.02.2024 07:00;66,0
21.02.2024 07:00;21.02.2024 08:00;81,34
21.02.2024 08:00;21.02.2024 09:00;85,11
21.02.2024 09:00;21.02.2024 10:00;70,34
21.02.2024 10:00;21.02.2024 11:00;64,1
21.02.2024 11:00;21.02.2024 12:00;60,39
21.02.2024 12:00;21.02.2024 13:00;53,01
21.02.2024 13:00;21.02.2024 14:00;51,22
21.02.2024 14:00;21.02.2024 15:00;53,77
21.02.2024 15:00;21.02.2024 16:00;65,6
21.02.2024 16:00;21.02.2024 17:00;69,92
21.02.2024 17:00;21.02.2024 18:00;69,63
21.02.2024 18:00;21.02.2024 19:00;68,58
21.02.2024 19:00;21.02.2024 20:00;61,39
21.02.2024 20:00;21.02.2024 21:00;52,11
21.02.2024 21:00;21.02.2024 22:00;45,98
21.02.2024 22:00;21.02.2024 23:00;41,71
21.02.2024 23:00;22.02.2024 00:00;35,22
22.02.2024 00:00;22.02.2024 01:00;30,47
22.02.2024 01:00;22.02.2024 02:00;27,01
22.02.2024 02:00;22.02.2024 03:00;27,07
22.02.2024 03:00;22.02.2024 04:00;27,95
22.02.2024 04:00;22.02.2024 05:00;37,0
22.02.2024 05:00;22.02.2024 06:00;48,05
22.02.2024 06:00;22.02.2024 07:00;66,09
22.02.2024 07:00;22.02.2024 08:00;76,53
22.02.2024 08:00;22.02.2024 09:00;81,91
22.02.2024 09:00;22.02.2024 10:00;74,09
22.02.2024 10:00;22.02.2024 11:00;71,95
22.02.2024 11:00;22.02.2024 12:00;68,53
22.02.2024 12:00;22.02.2024 13:00;68,77
22.02.2024 13:00;22.02.2024 14:00;68,98
22.02.2024 14:00;22.02.2024 15:00;64,65
22.02.2024 15:00;22.02.2024 16:00;64,75
22.02.2024 16:00;22.02.2024 17:00;63,25
22.02.2024 17:00;22.02.2024 18:00;61,76
22.02.2024 18:00;22.02.2024 19:00;59,91
22.02.2024 19:00;22.02.2024 20:00;52,42
22.02.2024 20:00;22.02.2024 21:00;42,45
22.02.2024 21:00;22.02.2024 22:00;24,48
22.02.2024 22:00;22.02.2024 23:00;12,06
22.02.2024 23:00;23.02.2024 00:00;1,91
23.02.2024 00:00;23.02.2024 01:00;9,23
23.02.2024 01:00;23.02.2024 02:00;1,07
23.02.2024 02:00;23.02.2024 03:00;1,19
23.02.2024 03:00;23.02.2024 04:00;0,09
23.02.2024 04:00;23.02.2024 05:00;0,02
23.02.2024 05:00;23.02.2024 06:00;0,09
23.02.2024 06:00;23.02.2024 07:00;39,68
23.02.2024 07:00;23.02.2024 08:00;57,06
23.02.2024 08:00;23.02.2024 09:00;59,35
23.02.2024 09:00;23.02.2024 10:00;51,69
23.02.2024 10:00;23.02.2024 11:00;46,64
23.02.2024 11:00;23.02.2024 12:00;41,65
23.02.2024 12:00;23.02.2024 13:00;37,1
23.02.2024 13:00;23.02.2024 14:00;33,6
23.02.2024 14:00;23.02.2024 15:00;39,08
23.02.2024 15:00;23.02.2024 16:00;49,51
23.02.2024 16:00;23.02.2024 17:00;63,08
23.02.2024 17:00;23.02.2024 18:00;73,8
23.02.2024 18:00;23.02.2024 19:00;86,44
23.02.2024 19:00;23.02.2024 20:00;84,01
23.02.2024 20:00;23.02.2024 21:00;72,97
23.02.2024 21:00;23.02.2024 22:00;69,26
23.02.2024 22:00;23.02.2024 23:00;67,98
23.02.2024 23:00;24.02.2024 00:00;65,1
24.02.2024 00:00;24.02.2024 01:00;66,47
24.02.2024 01:00;24.02.2024 02:00;63,9
24.02.2024 02:00;24.02.2024 03:00;59,5
24.02.2024 03:00;24.02.2024 04:00;55,2
24.02.2024 04:00;24.02.2024 05:00;55,39
24.02.2024 05:00;24.02.2024 06:00;57,1
24.02.2024 06:00;24.02.2024 07:00;61,67
24.02.2024 07:00;24.02.2024 08:00;66,11
24.02.2024 08:00;24.02.2024 09:00;64,4
24.02.2024 09:00;24.02.2024 10:00;57,6
24.02.2024 10:00;24.02.2024 11:00;49,16
24.02.2024 11:00;24.02.2024 12:00;45,84
24.02.2024 12:00;24.02.2024 13:00;40,32
24.02.2024 13:00;24.02.2024 14:00;32,22
24.02.2024 14:00;24.02.2024 15:00;37,6
24.02.2024 15:00;24.02.2024 16:00;45,0
24.02.2024 16:00;24.02.2024 17:00;55,95
24.02.2024 17:00;24.02.2024 18:00;71,67
24.02.2024 18:00;24.02.2024 19:00;80,0
24.02.2024 19:00;24.02.2024 20:00;74,13
24.02.2024 20:00;24.02.2024 21:00;65,17
24.02.2024 21:00;24.02.2024 22:00;59,94
24.02.2024 22:00;24.02.2024 23:00;56,22
24.02.2024 23:00;25.02.2024 00:00;52,2
25.02.2024 00:00;25.02.2024 01:00;56,57
25.02.2024 01:00;25.02.2024 02:00;55,44
25.02.2024 02:00;25.02.2024 03:00;55,38
25.02.2024 03:00;25.02.2024 04:00;54,89
25.02.2024 04:00;25.02.2024 05:00;55,19
25.02.2024 05:00;25.02.2024 06:00;55,07
25.02.2024 06:00;25.02.2024 07:00;56,71
25.02.2024 07:00;25.02.2024 08:00;59,92
25.02.2024 08:00;25.02.2024 09:00;61,58
25.02.2024 09:00;25.02.2024 10:00;61,82
25.02.2024 10:00;25.02.2024 11:00;56,31
25.02.2024 11:00;25.02.2024 12:00;54,12
25.02.2024 12:00;25.02.2024 13:00;50,0
25.02.2024 13:00;25.02.2024 14:00;46,03
25.02.2024 14:00;25.02.2024 15:00;49,84
25.02.2024 15:00;25.02.2024 16:00;55,0
25.02.2024 16:00;25.02.2024 17:00;67,8
25.02.2024 17:00;25.02.2024 18:00;82,19
25.02.2024 18:00;25.02.2024 19:00;93,69
25.02.2024 19:00;25.02.2024 20:00;79,18
25.02.2024 20:00;25.02.2024 21:00;69,99
25.02.2024 21:00;25.02.2024 22:00;65,92
25.02.2024 22:00;25.02.2024 23:00;65,23
25.02.2024 23:00;26.02.2024 00:00;58,38
26.02.2024 00:00;26.02.2024 01:00;57,83
26.02.2024 01:00;26.02.2024 02:00;56,82
26.02.2024 02:00;26.02.2024 03:00;55,7
26.02.2024 03:00;26.02.2024 04:00;51,8
26.02.2024 04:00;26.02.2024 05:00;53,3
26.02.2024 05:00;26.02.2024 06:00;57,92
26.02.2024 06:00;26.02.2024 07:00;70,02
26.02.2024 07:00;26.02.2024 08:00;79,9
26.02.2024 08:00;26.02.2024 09:00;81,6
26.02.2024 09:00;26.02.2024 10:00;73,83
26.02.2024 10:00;26.02.2024 11:00;66,65
26.02.2024 11:00;26.02.2024 12:00;65,03
26.02.2024 12:00;26.02.2024 13:00;58,42
26.02.2024 13:00;26.02.2024 14:00;58,19
26.02.2024 14:00;26.02.2024 15:00;61,29
26.02.2024 15:00;26.02.2024 16:00;64,95
26.02.2024 16:00;26.02.2024 17:00;69,99
26.02.2024 17:00;26.02.2024 18:00;77,0
26.02.2024 18:00;26.02.2024 19:00;85,32
26.02.2024 19:00;26.02.2024 20:00;81,01
26.02.2024 20:00;26.02.2024 21:00;72,21
26.02.2024 21:00;26.02.2024 22:00;65,69
26.02.2024 22:00;26.02.2024 23:00;65,21
26.02.2024 23:00;27.02.2024 00:00;60,76
27.02.2024 00:00;27.02.2024 01:00;57,62
27.02.2024 01:00;27.02.2024 02:00;57,55
27.02.2024 02:00;27.02.2024 03:00;57,35
27.02.2024 03:00;27.02.2024 04:00;56,87
27.02.2024 04:00;27.02.2024 05:00;57,35
27.02.2024 05:00;27.02.2024 06:00;63,1
27.02.2024 06:00;27.02.2024 07:00;74,31
27.02.2024 07:00;27.02.2024 08:00;95,63
27.02.2024 08:00;27.02.2024 09:00;95,78
27.02.2024 09:00;27.02.2024 10:00;80,81
27.02.2024 10:00;27.02.2024 11:00;68,71
27.02.2024 11:00;27.02.2024 12:00;64,93
27.02.2024 12:00;27.02.2024 13:00;59,26
27.02.2024 13:00;27.02.2024 14:00;59,25
27.02.2024 14:00;27.02.2024 15:00;64,71
27.02.2024 15:00;27.02.2024 16:00;72,06
27.02.2024 16:00;27.02.2024 17:00;79,82
27.02.2024 17:00;27.02.2024 18:00;98,02
27.02.2024 18:00;27.02.2024 19:00;111,8
27.02.2024 19:00;27.02.2024 20:00;105,17
27.02.2024 20:00;27.02.2024 21:00;84,36
27.02.2024 21:00;27.02.2024 22:00;72,37
27.02.2024 22:00;27.02.2024 23:00;70,27
27.02.2024 23:00;28.02.2024 00:00;64,97
28.02.2024 00:00;28.02.2024 01:00;60,36
28.02.2024 01:00;28.02.2024 02:00;59,4
28.02.2024 02:00;28.02.2024 03:00;61,34
28.02.2024 03:00;28.02.2024 04:00;63,46
28.02.2024 04:00;28.02.2024 05:00;63,74
28.02.2024 05:00;28.02.2024 06:00;67,44
28.02.2024 06:00;28.02.2024 07:00;74,3
28.02.2024 07:00;28.02.2024 08:00;98,89
28.02.2024 08:00;28.02.2024 09:00;104,49
28.02.2024 09:00;28.02.2024 10:00;85,46
28.02.2024 10:00;28.02.2024 11:00;73,99
28.02.2024 11:00;28.02.2024 12:00;67,55
28.02.2024 12:00;28.02.2024 13:00;63,93
28.02.2024 13:00;28.02.2024 14:00;60,72
28.02.2024 14:00;28.02.2024 15:00;61,51
28.02.2024 15:00;28.02.2024 16:00;70,43
28.02.2024 16:00;28.02.2024 17:00;74,96
28.02.2024 17:00;28.02.2024 18:00;93,04
28.02.2024 18:00;28.02.2024 19:00;93,24
28.02.2024 19:00;28.02.2024 20:00;78,29
28.02.2024 20:00;28.02.2024 21:00;65,44
28.02.2024 21:00;28.02.2024 22:00;62,59
28.02.2024 22:00;28.02.2024 23:00;64,02
28.02.2024 23:00;29.02.2024 00:00;55,12
29.02.2024 00:00;29.02.2024 01:00;55,11
29.02.2024 01:00;29.02.2024 02:00;53,33
29.02.2024 02:00;29.02.2024 03:00;50,06
29.02.2024 03:00;29.02.2024 04:00;47,03
29.02.2024 04:00;29.02.2024 05:00;47,15
29.02.2024 05:00;29.02.2024 06:00;53,32
29.02.2024 06:00;29.02.2024 07:00;62,03
29.02.2024 07:00;29.02.2024 08:00;73,74
29.02.2024 08:00;29.02.2024 09:00;73,89
29.02.2024 09:00;29.02.2024 10:00;70,39
29.02.2024 10:00;29.02.2024 11:00;60,47
29.02.2024 11:00;29.02.2024 12:00;55,01
29.02.2024 12:00;29.02.2024 13:00;53,98
29.02.2024 13:00;29.02.2024 14:00;56,02
29.02.2024 14:00;29.02.2024 15:00;55,07
29.02.2024 15:00;29.02.2024 16:00;64,96
29.02.2024 16:00;29.02.2024 17:00;70,98
29.02.2024 17:00;29.02.2024 18:00;81,28
29.02.2024 18:00;29.02.2024 19:00;86,26
29.02.2024 19:00;29.02.2024 20:00;80,99
29.02.2024 20:00;29.02.2024 21:00;72,77
29.02.2024 21:00;29.02.2024 22:00;67,25
29.02.2024 22:00;29.02.2024 23:00;64,9
29.02.2024 23:00;01.03.2024 00:00;60,9
01.03.2024 00:00;01.03.2024 01:00;62,04
01.03.2024 01:00;01.03.2024 02:00;61,42
01.03.2024 02:00;01.03.2024 03:00;58,14
01.03.2024 03:00;01.03.2024 04:00;57,83
01.03.2024 04:00;01.03.2024 05:00;58,3
01.03.2024 05:00;01.03.2024 06:00;62,49
01.03.2024 06:00;01.03.2024 07:00;71,58
01.03.2024 07:00;01.03.2024 08:00;79,36
01.03.2024 08:00;01.03.2024 09:00;83,79
01.03.2024 09:00;01.03.2024 10:00;75,88
01.03.2024 10:00;01.03.2024 11:00;66,52
01.03.2024 11:00;01.03.2024 12:00;64,76
01.03.2024 12:00;01.03.2024 13:00;63,08
01.03.2024 13:00;01.03.2024 14:00;64,63
01.03.2024 14:00;01.03.2024 15:00;67,11
01.03.2024 15:00;01.03.2024 16:00;72,57
01.03.2024 16:00;01.03.2024 17:00;78,94
01.03.2024 17:00;01.03.2024 18:00;89,4
01.03.2024 18:00;01.03.2024 19:00;93,73
01.03.2024 19:00;01.03.2024 20:00;87,19
01.03.2024 20:00;01.03.2024 21:00;77,49
01.03.2024 21:00;01.03.2024 22:00;71,62
01.03.2024 22:00;01.03.2024 23:00;70,06
01.03.2024 23:00;02.03.2024 00:00;66,39
02.03.2024 00:00;02.03.2024 01:00;59,95
02.03.2024 01:00;02.03.2024 02:00;56,03
02.03.2024 02:00;02.03.2024 03:00;56,02
02.03.2024 03:00;02.03.2024 04:00;55,48
02.03.2024 04:00;02.03.2024 05:00;54,88
02.03.2024 05:00;02.03.2024 06:00;55,99
02.03.2024 06:00;02.03.2024 07:00;56,58
02.03.2024 07:00;02.03.2024 08:00;60,67
02.03.2024 08:00;02.03.2024 09:00;63,76
02.03.2024 09:00;02.03.2024 10:00;65,75
02.03.2024 10:00;02.03.2024 11:00;60,44
02.03.2024 11:00;02.03.2024 12:00;59,18
02.03.2024 12:00;02.03.2024 13:00;55,83
02.03.2024 13:00;02.03.2024 14:00;54,9
02.03.2024 14:00;02.03.2024 15:00;59,86
02.03.2024 15:00;02.03.2024 16:00;66,08
02.03.2024 16:00;02.03.2024 17:00;73,0
02.03.2024 17:00;02.03.2024 18:00;80,63
02.03.2024 18:00;02.03.2024 19:00;93,6
02.03.2024 19:00;02.03.2024 20:00;89,9
02.03.2024 20:00;02.03.2024 21:00;76,98
02.03.2024 21:00;02.03.2024 22:00;69,81
02.03.2024 22:00;02.03.2024 23:00;60,94
02.03.2024 23:00;03.03.2024 00:00;54,99
03.03.2024 00:00;03.03.2024 01:00;54,5
03.03.2024 01:00;03.03.2024 02:00;53,63
03.03.2024 02:00;03.03.2024 03:00;53,8
03.03.2024 03:00;03.03.2024 04:00;55,59
03.03.2024 04:00;03.03.2024 05:00;55,31
03.03.2024 05:00;03.03.2024 06:00;55,82
03.03.2024 06:00;03.03.2024 07:00;56,0
03.03.2024 07:00;03.03.2024 08:00;56,88
03.03.2024 08:00;03.03.2024 09:00;54,77
03.03.2024 09:00;03.03.2024 10:00;53,99
03.03.2024 10:00;03.03.2024 11:00;52,01
03.03.2024 11:00;03.03.2024 12:00;49,46
03.03.2024 12:00;03.03.2024 13:00;47,51
03.03.2024 13:00;03.03.2024 14:00;42,51
03.03.2024 14:00;03.03.2024 15:00;46,84
03.03.2024 15:00;03.03.2024 16:00;54,13
03.03.2024 16:00;03.03.2024 17:00;60,28
03.03.2024 17:00;03.03.2024 18:00;75,58
03.03.2024 18:00;03.03.2024 19:00;84,36
03.03.2024 19:00;03.03.2024 20:00;86,96
03.03.2024 20:00;03.03.2024 21:00;81,8
03.03.2024 21:00;03.03.2024 22:00;75,0
03.03.2024 22:00;03.03.2024 23:00;72,18
03.03.2024 23:00;04.03.2024 00:00;72,42
04.03.2024 00:00;04.03.2024 01:00;69,13
04.03.2024 01:00;04.03.2024 02:00;67,9
04.03.2024 02:00;04.03.2024 03:00;67,41
04.03.2024 03:00;04.03.2024 04:00;66,22
04.03.2024 04:00;04.03.2024 05:00;65,59
04.03.2024 05:00;04.03.2024 06:00;70,83
04.03.2024 06:00;04.03.2024 07:00;81,18
04.03.2024 07:00;04.03.2024 08:00;96,67
04.03.2024 08:00;04.03.2024 09:00;102,97
04.03.2024 09:00;04.03.2024 10:00;85,02
04.03.2024 10:00;04.03.2024 11:00;71,93
04.03.2024 11:00;04.03.2024 12:00;64,89
04.03.2024 12:00;04.03.2024 13:00;63,93
04.03.2024 13:00;04.03.2024 14:00;61,1
04.03.2024 14:00;04.03.2024 15:00;62,5
04.03.2024 15:00;04.03.2024 16:00;69,86
04.03.2024 16:00;04.03.2024 17:00;75,95
04.03.2024 17:00;04.03.2024 18:00;90,59
04.03.2024 18:00;04.03.2024 19:00;105,18
04.03.2024 19:00;04.03.2024 20:00;99,13
04.03.2024 20:00;04.03.2024 21:00;80,52
04.03.2024 21:00;04.03.2024 22:00;71,39
04.03.2024 22:00;04.03.2024 23:00;67,49
04.03.2024 23:00;05.03.2024 00:00;63,93
05.03.2024 00:00;05.03.2024 01:00;61,96
05.03.2024 01:00;05.03.2024 02:00;61,67
05.03.2024 02:00;05.03.2024 03:00;61,33
05.03.2024 03:00;05.03.2024 04:00;59,86
05.03.2024 04:00;05.03.2024 05:00;60,56
05.03.2024 05:00;05.03.2024 06:00;61,67
05.03.2024 06:00;05.03.2024 07:00;71,53
05.03.2024 07:00;05.03.2024 08:00;79,28
05.03.2024 08:00;05.03.2024 09:00;83,02
05.03.2024 09:00;05.03.2024 10:00;77,0
05.03.2024 10:00;05.03.2024 11:00;71,15
05.03.2024 11:00;05.03.2024 12:00;69,72
05.03.2024 12:00;05.03.2024 13:00;66,01
05.03.2024 13:00;05.03.2024 14:00;65,83
05.03.2024 14:00;05.03.2024 15:00;69,61
05.03.2024 15:00;05.03.2024 16:00;70,67
05.03.2024 16:00;05.03.2024 17:00;76,28
05.03.2024 17:00;05.03.2024 18:00;82,07
05.03.2024 18:00;05.03.2024 19:00;104,38
05.03.2024 19:00;05.03.2024 20:00;112,99
05.03.2024 20:00;05.03.2024 21:00;93,12
05.03.2024 21:00;05.03.2024 22:00;82,81
05.03.2024 22:00;05.03.2024 23:00;76,08
05.03.2024 23:00;06.03.2024 00:00;71,83
06.03.2024 00:00;06.03.2024 01:00;71,0
06.03.2024 01:00;06.03.2024 02:00;70,7
06.03.2024 02:00;06.03.2024 03:00;70,46
06.03.2024 03:00;06.03.2024 04:00;69,74
06.03.2024 04:00;06.03.2024 05:00;70,46
06.03.2024 05:00;06.03.2024 06:00;73,91
06.03.2024 06:00;06.03.2024 07:00;83,98
06.03.2024 07:00;06.03.2024 08:00;106,64
06.03.2024 08:00;06.03.2024 09:00;108,7
06.03.2024 09:00;06.03.2024 10:00;87,21
06.03.2024 10:00;06.03.2024 11:00;75,92
06.03.2024 11:00;06.03.2024 12:00;72,02
06.03.2024 12:00;06.03.2024 13:00;69,35
06.03.2024 13:00;06.03.2024 14:00;69,29
06.03.2024 14:00;06.03.2024 15:00;70,64
06.03.2024 15:00;06.03.2024 16:00;72,26
06.03.2024 16:00;06.03.2024 17:00;81,06
06.03.2024 17:00;06.03.2024 18:00;100,0
06.03.2024 18:00;06.03.2024 19:00;119,58
06.03.2024 19:00;06.03.2024 20:00;119,25
06.03.2024 20:00;06.03.2024 21:00;93,4
06.03.2024 21:00;06.03.2024 22:00;80,15
06.03.2024 22:00;06.03.2024 23:00;77,98
06.03.2024 23:00;07.03.2024 00:00;74,34
07.03.2024 00:00;07.03.2024 01:00;73,33
07.03.2024 01:00;07.03.2024 02:00;72,32
07.03.2024 02:00;07.03.2024 03:00;70,34
07.03.2024 03:00;07.03.2024 04:00;68,71
07.03.2024 04:00;07.03.2024 05:00;69,89
07.03.2024 05:00;07.03.2024 06:00;73,13
07.03.2024 06:00;07.03.2024 07:00;84,27
07.03.2024 07:00;07.03.2024 08:00;103,2
07.03.2024 08:00;07.03.2024 09:00;96,7
07.03.2024 09:00;07.03.2024 10:00;79,09
07.03.2024 10:00;07.03.2024 11:00;71,31
07.03.2024 11:00;07.03.2024 12:00;66,16
07.03.2024 12:00;07.03.2024 13:00;61,69
07.03.2024 13:00;07.03.2024 14:00;60,26
07.03.2024 14:00;07.03.2024 15:00;63,33
07.03.2024 15:00;07.03.2024 16:00;66,04
07.03.2024 16:00;07.03.2024 17:00;69,92
07.03.2024 17:00;07.03.2024 18:00;89,2
07.03.2024 18:00;07.03.2024 19:00;105,71
07.03.2024 19:00;07.03.2024 20:00;90,3
07.03.2024 20:00;07.03.2024 21:00;82,49
07.03.2024 21:00;07.03.2024 22:00;73,35
07.03.2024 22:00;07.03.2024 23:00;73,32
07.03.2024 23:00;08.03.2024 00:00;67,72
08.03.2024 00:00;08.03.2024 01:00;68,45
08.03.2024 01:00;08.03.2024 02:00;66,96
08.03.2024 02:00;08.03.2024 03:00;67,01
08.03.2024 03:00;08.03.2024 04:00;65,99
08.03.2024 04:00;08.03.2024 05:00;66,3
08.03.2024 05:00;08.03.2024 06:00;67,11
08.03.2024 06:00;08.03.2024 07:00;82,91
08.03.2024 07:00;08.03.2024 08:00;95,06
08.03.2024 08:00;08.03.2024 09:00;88,89
08.03.2024 09:00;08.03.2024 10:00;74,36
08.03.2024 10:00;08.03.2024 11:00;57,59
08.03.2024 11:00;08.03.2024 12:00;52,05
08.03.2024 12:00;08.03.2024 13:00;21,77
08.03.2024 13:00;08.03.2024 14:00;4,26
08.03.2024 14:00;08.03.2024 15:00;24,2
08.03.2024 15:00;08.03.2024 16:00;40,25
08.03.2024 16:00;08.03.2024 17:00;55,74
08.03.2024 17:00;08.03.2024 18:00;71,98
08.03.2024 18:00;08.03.2024 19:00;83,76
08.03.2024 19:00;08.03.2024 20:00;79,98
08.03.2024 20:00;08.03.2024 21:00;71,46
08.03.2024 21:00;08.03.2024 22:00;64,9
08.03.2024 22:00;08.03.2024 23:00;65,03
08.03.2024 23:00;09.03.2024 00:00;59,89
09.03.2024 00:00;09.03.2024 01:00;56,56
09.03.2024 01:00;09.03.2024 02:00;54,91
09.03.2024 02:00;09.03.2024 03:00;53,72
09.03.2024 03:00;09.03.2024 04:00;52,56
09.03.2024 04:00;09.03.2024 05:00;48,6
09.03.2024 05:00;09.03.2024 06:00;47,79
09.03.2024 06:00;09.03.2024 07:00;50,47
09.03.2024 07:00;09.03.2024 08:00;53,06
09.03.2024 08:00;09.03.2024 09:00;53,06
09.03.2024 09:00;09.03.2024 10:00;48,12
09.03.2024 10:00;09.03.2024 11:00;32,94
09.03.2024 11:00;09.03.2024 12:00;0,2
09.03.2024 12:00;09.03.2024 13:00;-1,15
09.03.2024 13:00;09.03.2024 14:00;-5,02
09.03.2024 14:00;09.03.2024 15:00;-0,04
09.03.2024 15:00;09.03.2024 16:00;28,19
09.03.2024 16:00;09.03.2024 17:00;52,64
09.03.2024 17:00;09.03.2024 18:00;69,49
09.03.2024 18:00;09.03.2024 19:00;78,02
09.03.2024 19:00;09.03.2024 20:00;74,99
09.03.2024 20:00;09.03.2024 21:00;67,26
09.03.2024 21:00;09.03.2024 22:00;60,47
09.03.2024 22:00;09.03.2024 23:00;60,53
09.03.2024 23:00;10.03.2024 00:00;57,29
10.03.2024 00:00;10.03.2024 01:00;48,65
10.03.2024 01:00;10.03.2024 02:00;46,06
10.03.2024 02:00;10.03.2024 03:00;40,98
10.03.2024 03:00;10.03.2024 04:00;35,55
10.03.2024 04:00;10.03.2024 05:00;32,39
10.03.2024 05:00;10.03.2024 06:00;32,28
10.03.2024 06:00;10.03.2024 07:00;33,91
10.03.2024 07:00;10.03.2024 08:00;39,49
10.03.2024 08:00;10.03.2024 09:00;34,82
10.03.2024 09:00;10.03.2024 10:00;25,25
10.03.2024 10:00;10.03.2024 11:00;2,35
10.03.2024 11:00;10.03.2024 12:00;-0,1
10.03.2024 12:00;10.03.2024 13:00;-8,24
10.03.2024 13:00;10.03.2024 14:00;-9,98
10.03.2024 14:00;10.03.2024 15:00;-0,51
10.03.2024 15:00;10.03.2024 16:00;14,41
10.03.2024 16:00;10.03.2024 17:00;47,96
10.03.2024 17:00;10.03.2024 18:00;55,97
10.03.2024 18:00;10.03.2024 19:00;66,35
10.03.2024 19:00;10.03.2024 20:00;62,32
10.03.2024 20:00;10.03.2024 21:00;57,14
10.03.2024 21:00;10.03.2024 22:00;53,74
10.03.2024 22:00;10.03.2024 23:00;53,08
10.03.2024 23:00;11.03.2024 00:00;52,05
11.03.2024 00:00;11.03.2024 01:00;48,93
11.03.2024 01:00;11.03.2024 02:00;49,33
11.03.2024 02:00;11.03.2024 03:00;50,21
11.03.2024 03:00;11.03.2024 04:00;49,28
11.03.2024 04:00;11.03.2024 05:00;49,99
11.03.2024 05:00;11.03.2024 06:00;56,3
11.03.2024 06:00;11.03.2024 07:00;76,64
11.03.2024 07:00;11.03.2024 08:00;82,6
11.03.2024 08:00;11.03.2024 09:00;85,59
11.03.2024 09:00;11.03.2024 10:00;80,45
11.03.2024 10:00;11.03.2024 11:00;71,2
11.03.2024 11:00;11.03.2024 12:00;65,03
11.03.2024 12:00;11.03.2024 13:00;60,79
11.03.2024 13:00;11.03.2024 14:00;66,25
11.03.2024 14:00;11.03.2024 15:00;67,0
11.03.2024 15:00;11.03.2024 16:00;73,47
11.03.2024 16:00;11.03.2024 17:00;80,19
11.03.2024 17:00;11.03.2024 18:00;91,39
11.03.2024 18:00;11.03.2024 19:00;100,7
11.03.2024 19:00;11.03.2024 20:00;108,01
11.03.2024 20:00;11.03.2024 21:00;87,99
11.03.2024 21:00;11.03.2024 22:00;76,71
11.03.2024 22:00;11.03.2024 23:00;75,04
11.03.2024 23:00;12.03.2024 00:00;67,08
12.03.2024 00:00;12.03.2024 01:00;69,19
12.03.2024 01:00;12.03.2024 02:00;65,56
12.03.2024 02:00;12.03.2024 03:00;66,51
12.03.2024 03:00;12.03.2024 04:00;65,2
12.03.2024 04:00;12.03.2024 05:00;66,58
12.03.2024 05:00;12.03.2024 06:00;71,37
12.03.2024 06:00;12.03.2024 07:00;87,06
12.03.2024 07:00;12.03.2024 08:00;96,55
12.03.2024 08:00;12.03.2024 09:00;100,78
12.03.2024 09:00;12.03.2024 10:00;93,81
12.03.2024 10:00;12.03.2024 11:00;85,42
12.03.2024 11:00;12.03.2024 12:00;80,68
12.03.2024 12:00;12.03.2024 13:00;78,44
12.03.2024 13:00;12.03.2024 14:00;78,26
12.03.2024 14:00;12.03.2024 15:00;79,02
12.03.2024 15:00;12.03.2024 16:00;86,34
12.03.2024 16:00;12.03.2024 17:00;101,61
12.03.2024 17:00;12.03.2024 18:00;113,06
12.03.2024 18:00;12.03.2024 19:00;134,92
12.03.2024 19:00;12.03.2024 20:00;124,57
12.03.2024 20:00;12.03.2024 21:00;97,48
12.03.2024 21:00;12.03.2024 22:00;83,63
12.03.2024 22:00;12.03.2024 23:00;78,93
12.03.2024 23:00;13.03.2024 00:00;70,33
13.03.2024 00:00;13.03.2024 01:00;63,93
13.03.2024 01:00;13.03.2024 02:00;62,3
13.03.2024 02:00;13.03.2024 03:00;61,79
13.03.2024 03:00;13.03.2024 04:00;61,37
13.03.2024 04:00;13.03.2024 05:00;64,0
13.03.2024 05:00;13.03.2024 06:00;66,8
13.03.2024 06:00;13.03.2024 07:00;77,32
13.03.2024 07:00;13.03.2024 08:00;88,27
13.03.2024 08:00;13.03.2024 09:00;89,91
13.03.2024 09:00;13.03.2024 10:00;77,71
13.03.2024 10:00;13.03.2024 11:00;68,07
13.03.2024 11:00;13.03.2024 12:00;64,85
13.03.2024 12:00;13.03.2024 13:00;64,61
13.03.2024 13:00;13.03.2024 14:00;64,83
13.03.2024 14:00;13.03.2024 15:00;63,96
13.03.2024 15:00;13.03.2024 16:00;67,84
13.03.2024 16:00;13.03.2024 17:00;73,53
13.03.2024 17:00;13.03.2024 18:00;89,91
13.03.2024 18:00;13.03.2024 19:00;97,8
13.03.2024 19:00;13.03.2024 20:00;94,36
13.03.2024 20:00;13.03.2024 21:00;76,98
13.03.2024 21:00;13.03.2024 22:00;66,82
13.03.2024 22:00;13.03.2024 23:00;68,11
13.03.2024 23:00;14.03.2024 00:00;63,88
14.03.2024 00:00;14.03.2024 01:00;63,29
14.03.2024 01:00;14.03.2024 02:00;56,9
14.03.2024 02:00;14.03.2024 03:00;57,52
14.03.2024 03:00;14.03.2024 04:00;57,0
14.03.2024 04:00;14.03.2024 05:00;61,4
14.03.2024 05:00;14.03.2024 06:00;64,07
14.03.2024 06:00;14.03.2024 07:00;75,05
14.03.2024 07:00;14.03.2024 08:00;88,06
14.03.2024 08:00;14.03.2024 09:00;81,99
14.03.2024 09:00;14.03.2024 10:00;65,71
14.03.2024 10:00;14.03.2024 11:00;54,32
14.03.2024 11:00;14.03.2024 12:00;52,37
14.03.2024 12:00;14.03.2024 13:00;52,83
14.03.2024 13:00;14.03.2024 14:00;49,16
14.03.2024 14:00;14.03.2024 15:00;52,84
14.03.2024 15:00;14.03.2024 16:00;58,91
14.03.2024 16:00;14.03.2024 17:00;73,21
14.03.2024 17:00;14.03.2024 18:00;91,04
14.03.2024 18:00;14.03.2024 19:00;114,77
14.03.2024 19:00;14.03.2024 20:00;91,04
14.03.2024 20:00;14.03.2024 21:00;74,09
14.03.2024 21:00;14.03.2024 22:00;62,63
14.03.2024 22:00;14.03.2024 23:00;59,62
14.03.2024 23:00;15.03.2024 00:00;51,66
15.03.2024 00:00;15.03.2024 01:00;48,39
15.03.2024 01:00;15.03.2024 02:00;46,58
15.03.2024 02:00;15.03.2024 03:00;45,57
15.03.2024 03:00;15.03.2024 04:00;43,95
15.03.2024 04:00;15.03.2024 05:00;46,96
15.03.2024 05:00;15.03.2024 06:00;49,35
15.03.2024 06:00;15.03.2024 07:00;62,26
15.03.2024 07:00;15.03.2024 08:00;69,53
15.03.2024 08:00;15.03.2024 09:00;68,75
15.03.2024 09:00;15.03.2024 10:00;53,8
15.03.2024 10:00;15.03.2024 11:00;46,56
15.03.2024 11:00;15.03.2024 12:00;39,27
15.03.2024 12:00;15.03.2024 13:00;38,34
15.03.2024 13:00;15.03.2024 14:00;36,87
15.03.2024 14:00;15.03.2024 15:00;44,93
15.03.2024 15:00;15.03.2024 16:00;51,55
15.03.2024 16:00;15.03.2024 17:00;66,7
15.03.2024 17:00;15.03.2024 18:00;86,92
15.03.2024 18:00;15.03.2024 19:00;82,03
15.03.2024 19:00;15.03.2024 20:00;87,99
15.03.2024 20:00;15.03.2024 21:00;64,26
15.03.2024 21:00;15.03.2024 22:00;55,36
15.03.2024 22:00;15.03.2024 23:00;56,35
15.03.2024 23:00;16.03.2024 00:00;49,33
16.03.2024 00:00;16.03.2024 01:00;44,12
16.03.2024 01:00;16.03.2024 02:00;42,01
16.03.2024 02:00;16.03.2024 03:00;40,69
16.03.2024 03:00;16.03.2024 04:00;38,88
16.03.2024 04:00;16.03.2024 05:00;38,67
16.03.2024 05:00;16.03.2024 06:00;40,34
16.03.2024 06:00;16.03.2024 07:00;47,26
16.03.2024 07:00;16.03.2024 08:00;51,31
16.03.2024 08:00;16.03.2024 09:00;52,24
16.03.2024 09:00;16.03.2024 10:00;47,01
16.03.2024 10:00;16.03.2024 11:00;44,88
16.03.2024 11:00;16.03.2024 12:00;41,62
16.03.2024 12:00;16.03.2024 13:00;36,7
16.03.2024 13:00;16.03.2024 14:00;21,02
16.03.2024 14:00;16.03.2024 15:00;10,99
16.03.2024 15:00;16.03.2024 16:00;31,01
16.03.2024 16:00;16.03.2024 17:00;46,98
16.03.2024 17:00;16.03.2024 18:00;72,08
16.03.2024 18:00;16.03.2024 19:00;81,69
16.03.2024 19:00;16.03.2024 20:00;87,31
16.03.2024 20:00;16.03.2024 21:00;79,46
16.03.2024 21:00;16.03.2024 22:00;72,99
16.03.2024 22:00;16.03.2024 23:00;72,31
16.03.2024 23:00;17.03.2024 00:00;67,1
17.03.2024 00:00;17.03.2024 01:00;64,99
17.03.2024 01:00;17.03.2024 02:00;60,49
17.03.2024 02:00;17.03.2024 03:00;55,97
17.03.2024 03:00;17.03.2024 04:00;58,75
17.03.2024 04:00;17.03.2024 05:00;60,45
17.03.2024 05:00;17.03.2024 06:00;60,49
17.03.2024 06:00;17.03.2024 07:00;62,6
17.03.2024 07:00;17.03.2024 08:00;56,6
17.03.2024 08:00;17.03.2024 09:00;50,58
17.03.2024 09:00;17.03.2024 10:00;47,15
17.03.2024 10:00;17.03.2024 11:00;45,4
17.03.2024 11:00;17.03.2024 12:00;45,91
17.03.2024 12:00;17.03.2024 13:00;41,81
17.03.2024 13:00;17.03.2024 14:00;40,15
17.03.2024 14:00;17.03.2024 15:00;48,06
17.03.2024 15:00;17.03.2024 16:00;56,12
17.03.2024 16:00;17.03.2024 17:00;71,76
17.03.2024 17:00;17.03.2024 18:00;85,44
17.03.2024 18:00;17.03.2024 19:00;94,31
17.03.2024 19:00;17.03.2024 20:00;88,29
17.03.2024 20:00;17.03.2024 21:00;77,89
17.03.2024 21:00;17.03.2024 22:00;72,33
17.03.2024 22:00;17.03.2024 23:00;72,1
17.03.2024 23:00;18.03.2024 00:00;65,91
18.03.2024 00:00;18.03.2024 01:00;64,12
18.03.2024 01:00;18.03.2024 02:00;57,14
18.03.2024 02:00;18.03.2024 03:00;58,31
18.03.2024 03:00;18.03.2024 04:00;59,38
18.03.2024 04:00;18.03.2024 05:00;64,38
18.03.2024 05:00;18.03.2024 06:00;70,8
18.03.2024 06:00;18.03.2024 07:00;86,32
18.03.2024 07:00;18.03.2024 08:00;97,87
18.03.2024 08:00;18.03.2024 09:00;94,45
18.03.2024 09:00;18.03.2024 10:00;82,8
18.03.2024 10:00;18.03.2024 11:00;72,84
18.03.2024 11:00;18.03.2024 12:00;66,64
18.03.2024 12:00;18.03.2024 13:00;67,7
18.03.2024 13:00;18.03.2024 14:00;68,3
18.03.2024 14:00;18.03.2024 15:00;68,94
18.03.2024 15:00;18.03.2024 16:00;73,4
18.03.2024 16:00;18.03.2024 17:00;78,98
18.03.2024 17:00;18.03.2024 18:00;107,65
18.03.2024 18:00;18.03.2024 19:00;145,71
18.03.2024 19:00;18.03.2024 20:00;126,53
18.03.2024 20:00;18.03.2024 21:00;103,72
18.03.2024 21:00;18.03.2024 22:00;81,2
18.03.2024 22:00;18.03.2024 23:00;78,38
18.03.2024 23:00;19.03.2024 00:00;74,45
19.03.2024 00:00;19.03.2024 01:00;72,0
19.03.2024 01:00;19.03.2024 02:00;71,24
19.03.2024 02:00;19.03.2024 03:00;71,65
19.03.2024 03:00;19.03.2024 04:00;71,55
19.03.2024 04:00;19.03.2024 05:00;71,24
19.03.2024 05:00;19.03.2024 06:00;71,01
19.03.2024 06:00;19.03.2024 07:00;89,5
19.03.2024 07:00;19.03.2024 08:00;110,78
19.03.2024 08:00;19.03.2024 09:00;95,87
19.03.2024 09:00;19.03.2024 10:00;72,02
19.03.2024 10:00;19.03.2024 11:00;65,36
19.03.2024 11:00;19.03.2024 12:00;58,82
19.03.2024 12:00;19.03.2024 13:00;54,47
19.03.2024 13:00;19.03.2024 14:00;56,72
19.03.2024 14:00;19.03.2024 15:00;60,48
19.03.2024 15:00;19.03.2024 16:00;70,05
19.03.2024 16:00;19.03.2024 17:00;73,7
19.03.2024 17:00;19.03.2024 18:00;103,95
19.03.2024 18:00;19.03.2024 19:00;131,42
19.03.2024 19:00;19.03.2024 20:00;128,96
19.03.2024 20:00;19.03.2024 21:00;110,0
19.03.2024 21:00;19.03.2024 22:00;89,02
19.03.2024 22:00;19.03.2024 23:00;81,72
19.03.2024 23:00;20.03.2024 00:00;76,1
20.03.2024 00:00;20.03.2024 01:00;76,01
20.03.2024 01:00;20.03.2024 02:00;73,4
20.03.2024 02:00;20.03.2024 03:00;74,9
20.03.2024 03:00;20.03.2024 04:00;75,7
20.03.2024 04:00;20.03.2024 05:00;76,36
20.03.2024 05:00;20.03.2024 06:00;80,9
20.03.2024 06:00;20.03.2024 07:00;116,0
20.03.2024 07:00;20.03.2024 08:00;116,24
20.03.2024 08:00;20.03.2024 09:00;98,33
20.03.2024 09:00;20.03.2024 10:00;70,63
20.03.2024 10:00;20.03.2024 11:00;66,0
20.03.2024 11:00;20.03.2024 12:00;65,39
20.03.2024 12:00;20.03.2024 13:00;61,43
20.03.2024 13:00;20.03.2024 14:00;63,95
20.03.2024 14:00;20.03.2024 15:00;64,35
20.03.2024 15:00;20.03.2024 16:00;70,78
20.03.2024 16:00;20.03.2024 17:00;87,07
20.03.2024 17:00;20.03.2024 18:00;119,68
20.03.2024 18:00;20.03.2024 19:00;168,54
20.03.2024 19:00;20.03.2024 20:00;159,05
20.03.2024 20:00;20.03.2024 21:00;124,95
20.03.2024 21:00;20.03.2024 22:00;106,52
20.03.2024 22:00;20.03.2024 23:00;96,07
20.03.2024 23:00;21.03.2024 00:00;79,98
21.03.2024 00:00;21.03.2024 01:00;76,18
21.03.2024 01:00;21.03.2024 02:00;73,37
21.03.2024 02:00;21.03.2024 03:00;71,55
21.03.2024 03:00;21.03.2024 04:00;71,32
21.03.2024 04:00;21.03.2024 05:00;71,0
21.03.2024 05:00;21.03.2024 06:00;73,51
21.03.2024 06:00;21.03.2024 07:00;89,26
21.03.2024 07:00;21.03.2024 08:00;98,21
21.03.2024 08:00;21.03.2024 09:00;102,29
21.03.2024 09:00;21.03.2024 10:00;80,0
21.03.2024 10:00;21.03.2024 11:00;72,41
21.03.2024 11:00;21.03.2024 12:00;68,03
21.03.2024 12:00;21.03.2024 13:00;64,64
21.03.2024 13:00;21.03.2024 14:00;59,96
21.03.2024 14:00;21.03.2024 15:00;66,85
21.03.2024 15:00;21.03.2024 16:00;66,28
21.03.2024 16:00;21.03.2024 17:00;75,27
21.03.2024 17:00;21.03.2024 18:00;100,9
21.03.2024 18:00;21.03.2024 19:00;127,13
21.03.2024 19:00;21.03.2024 20:00;122,85
21.03.2024 20:00;21.03.2024 21:00;94,04
21.03.2024 21:00;21.03.2024 22:00;79,6
21.03.2024 22:00;21.03.2024 23:00;77,48
21.03.2024 23:00;22.03.2024 00:00;71,23
22.03.2024 00:00;22.03.2024 01:00;56,34
22.03.2024 01:00;22.03.2024 02:00;52,24
22.03.2024 02:00;22.03.2024 03:00;49,69
22.03.2024 03:00;22.03.2024 04:00;51,83
22.03.2024 04:00;22.03.2024 05:00;52,8
22.03.2024 05:00;22.03.2024 06:00;59,89
22.03.2024 06:00;22.03.2024 07:00;74,1
22.03.2024 07:00;22.03.2024 08:00;67,39
22.03.2024 08:00;22.03.2024 09:00;68,09
22.03.2024 09:00;22.03.2024 10:00;56,32
22.03.2024 10:00;22.03.2024 11:00;51,81
22.03.2024 11:00;22.03.2024 12:00;49,85
22.03.2024 12:00;22.03.2024 13:00;49,76
22.03.2024 13:00;22.03.2024 14:00;51,49
22.03.2024 14:00;22.03.2024 15:00;52,39
22.03.2024 15:00;22.03.2024 16:00;59,97
22.03.2024 16:00;22.03.2024 17:00;76,87
22.03.2024 17:00;22.03.2024 18:00;88,98
22.03.2024 18:00;22.03.2024 19:00;121,59
22.03.2024 19:00;22.03.2024 20:00;118,71
22.03.2024 20:00;22.03.2024 21:00;95,0
22.03.2024 21:00;22.03.2024 22:00;82,25
22.03.2024 22:00;22.03.2024 23:00;80,15
22.03.2024 23:00;23.03.2024 00:00;77,47
23.03.2024 00:00;23.03.2024 01:00;77,77
23.03.2024 01:00;23.03.2024 02:00;72,47
23.03.2024 02:00;23.03.2024 03:00;65,92
23.03.2024 03:00;23.03.2024 04:00;63,98
23.03.2024 04:00;23.03.2024 05:00;59,84
23.03.2024 05:00;23.03.2024 06:00;61,44
23.03.2024 06:00;23.03.2024 07:00;58,34
23.03.2024 07:00;23.03.2024 08:00;52,82
23.03.2024 08:00;23.03.2024 09:00;39,12
23.03.2024 09:00;23.03.2024 10:00;13,2
23.03.2024 10:00;23.03.2024 11:00;0,02
23.03.2024 11:00;23.03.2024 12:00;-0,05
23.03.2024 12:00;23.03.2024 13:00;-1,94
23.03.2024 13:00;23.03.2024 14:00;-5,71
23.03.2024 14:00;23.03.2024 15:00;-8,45
23.03.2024 15:00;23.03.2024 16:00;-1,46
23.03.2024 16:00;23.03.2024 17:00;0,07
23.03.2024 17:00;23.03.2024 18:00;47,8
23.03.2024 18:00;23.03.2024 19:00;70,09
23.03.2024 19:00;23.03.2024 20:00;69,15
23.03.2024 20:00;23.03.2024 21:00;52,94
23.03.2024 21:00;23.03.2024 22:00;45,84
23.03.2024 22:00;23.03.2024 23:00;40,28
23.03.2024 23:00;24.03.2024 00:00;28,39
24.03.2024 00:00;24.03.2024 01:00;32,1
24.03.2024 01:00;24.03.2024 02:00;13,28
24.03.2024 02:00;24.03.2024 03:00;10,13
24.03.2024 03:00;24.03.2024 04:00;17,0
24.03.2024 04:00;24.03.2024 05:00;19,92
24.03.2024 05:00;24.03.2024 06:00;26,82
24.03.2024 06:00;24.03.2024 07:00;14,87
24.03.2024 07:00;24.03.2024 08:00;1,96
24.03.2024 08:00;24.03.2024 09:00;0,0
24.03.2024 09:00;24.03.2024 10:00;0,0
24.03.2024 10:00;24.03.2024 11:00;0,0
24.03.2024 11:00;24.03.2024 12:00;0,0
24.03.2024 12:00;24.03.2024 13:00;0,0
24.03.2024 13:00;24.03.2024 14:00;0,0
24.03.2024 14:00;24.03.2024 15:00;0,0
24.03.2024 15:00;24.03.2024 16:00;0,0
24.03.2024 16:00;24.03.2024 17:00;16,69
24.03.2024 17:00;24.03.2024 18:00;59,4
24.03.2024 18:00;24.03.2024 19:00;75,0
24.03.2024 19:00;24.03.2024 20:00;74,9
24.03.2024 20:00;24.03.2024 21:00;66,9
24.03.2024 21:00;24.03.2024 22:00;64,77
24.03.2024 22:00;24.03.2024 23:00;64,27
24.03.2024 23:00;25.03.2024 00:00;62,97
25.03.2024 00:00;25.03.2024 01:00;62,51
25.03.2024 01:00;25.03.2024 02:00;62,29
25.03.2024 02:00;25.03.2024 03:00;62,48
25.03.2024 03:00;25.03.2024 04:00;64,51
25.03.2024 04:00;25.03.2024 05:00;66,96
25.03.2024 05:00;25.03.2024 06:00;77,14
25.03.2024 06:00;25.03.2024 07:00;88,43
25.03.2024 07:00;25.03.2024 08:00;113,87
25.03.2024 08:00;25.03.2024 09:00;99,68
25.03.2024 09:00;25.03.2024 10:00;77,43
25.03.2024 10:00;25.03.2024 11:00;70,05
25.03.2024 11:00;25.03.2024 12:00;63,66
25.03.2024 12:00;25.03.2024 13:00;61,85
25.03.2024 13:00;25.03.2024 14:00;63,22
25.03.2024 14:00;25.03.2024 15:00;64,52
25.03.2024 15:00;25.03.2024 16:00;73,97
25.03.2024 16:00;25.03.2024 17:00;81,05
25.03.2024 17:00;25.03.2024 18:00;111,88
25.03.2024 18:00;25.03.2024 19:00;174,7
25.03.2024 19:00;25.03.2024 20:00;149,75
25.03.2024 20:00;25.03.2024 21:00;102,73
25.03.2024 21:00;25.03.2024 22:00;82,39
25.03.2024 22:00;25.03.2024 23:00;79,56
25.03.2024 23:00;26.03.2024 00:00;74,74
26.03.2024 00:00;26.03.2024 01:00;79,9
26.03.2024 01:00;26.03.2024 02:00;73,3
26.03.2024 02:00;26.03.2024 03:00;68,91
26.03.2024 03:00;26.03.2024 04:00;67,98
26.03.2024 04:00;26.03.2024 05:00;70,07
26.03.2024 05:00;26.03.2024 06:00;72,28
26.03.2024 06:00;26.03.2024 07:00;80,38
26.03.2024 07:00;26.03.2024 08:00;79,2
26.03.2024 08:00;26.03.2024 09:00;72,1
26.03.2024 09:00;26.03.2024 10:00;62,0
26.03.2024 10:00;26.03.2024 11:00;49,5
26.03.2024 11:00;26.03.2024 12:00;37,03
26.03.2024 12:00;26.03.2024 13:00;11,49
26.03.2024 13:00;26.03.2024 14:00;27,35
26.03.2024 14:00;26.03.2024 15:00;37,1
26.03.2024 15:00;26.03.2024 16:00;51,93
26.03.2024 16:00;26.03.2024 17:00;68,06
26.03.2024 17:00;26.03.2024 18:00;81,05
26.03.2024 18:00;26.03.2024 19:00;100,75
26.03.2024 19:00;26.03.2024 20:00;100,3
26.03.2024 20:00;26.03.2024 21:00;80,0
26.03.2024 21:00;26.03.2024 22:00;77,05
26.03.2024 22:00;26.03.2024 23:00;72,82
26.03.2024 23:00;27.03.2024 00:00;66,92
27.03.2024 00:00;27.03.2024 01:00;58,35
27.03.2024 01:00;27.03.2024 02:00;57,09
27.03.2024 02:00;27.03.2024 03:00;57,28
27.03.2024 03:00;27.03.2024 04:00;57,79
27.03.2024 04:00;27.03.2024 05:00;60,03
27.03.2024 05:00;27.03.2024 06:00;72,38
27.03.2024 06:00;27.03.2024 07:00;81,17
27.03.2024 07:00;27.03.2024 08:00;82,78
27.03.2024 08:00;27.03.2024 09:00;80,01
27.03.2024 09:00;27.03.2024 10:00;68,12
27.03.2024 10:00;27.03.2024 11:00;63,9
27.03.2024 11:00;27.03.2024 12:00;57,13
27.03.2024 12:00;27.03.2024 13:00;57,66
27.03.2024 13:00;27.03.2024 14:00;60,0
27.03.2024 14:00;27.03.2024 15:00;67,8
27.03.2024 15:00;27.03.2024 16:00;78,93
27.03.2024 16:00;27.03.2024 17:00;84,14
27.03.2024 17:00;27.03.2024 18:00;100,53
27.03.2024 18:00;27.03.2024 19:00;125,93
27.03.2024 19:00;27.03.2024 20:00;118,94
27.03.2024 20:00;27.03.2024 21:00;99,42
27.03.2024 21:00;27.03.2024 22:00;84,25
27.03.2024 22:00;27.03.2024 23:00;83,02
27.03.2024 23:00;28.03.2024 00:00;74,47
28.03.2024 00:00;28.03.2024 01:00;79,09
28.03.2024 01:00;28.03.2024 02:00;72,6
28.03.2024 02:00;28.03.2024 03:00;65,24
28.03.2024 03:00;28.03.2024 04:00;64,41
28.03.2024 04:00;28.03.2024 05:00;66,69
28.03.2024 05:00;28.03.2024 06:00;71,6
28.03.2024 06:00;28.03.2024 07:00;82,07
28.03.2024 07:00;28.03.2024 08:00;83,19
28.03.2024 08:00;28.03.2024 09:00;80,92
28.03.2024 09:00;28.03.2024 10:00;63,24
28.03.2024 10:00;28.03.2024 11:00;47,07
28.03.2024 11:00;28.03.2024 12:00;37,0
28.03.2024 12:00;28.03.2024 13:00;6,74
28.03.2024 13:00;28.03.2024 14:00;0,05
28.03.2024 14:00;28.03.2024 15:00;0,04
28.03.2024 15:00;28.03.2024 16:00;9,82
28.03.2024 16:00;28.03.2024 17:00;33,17
28.03.2024 17:00;28.03.2024 18:00;52,72
28.03.2024 18:00;28.03.2024 19:00;73,97
28.03.2024 19:00;28.03.2024 20:00;70,33
28.03.2024 20:00;28.03.2024 21:00;62,54
28.03.2024 21:00;28.03.2024 22:00;51,83
28.03.2024 22:00;28.03.2024 23:00;33,05
28.03.2024 23:00;29.03.2024 00:00;25,0
29.03.2024 00:00;29.03.2024 01:00;20,6
29.03.2024 01:00;29.03.2024 02:00;18,83
29.03.2024 02:00;29.03.2024 03:00;12,43
29.03.2024 03:00;29.03.2024 04:00;10,24
29.03.2024 04:00;29.03.2024 05:00;12,59
29.03.2024 05:00;29.03.2024 06:00;14,32
29.03.2024 06:00;29.03.2024 07:00;22,02
29.03.2024 07:00;29.03.2024 08:00;22,39
29.03.2024 08:00;29.03.2024 09:00;15,94
29.03.2024 09:00;29.03.2024 10:00;13,28
29.03.2024 10:00;29.03.2024 11:00;16,88
29.03.2024 11:00;29.03.2024 12:00;18,83
29.03.2024 12:00;29.03.2024 13:00;13,0
29.03.2024 13:00;29.03.2024 14:00;9,86
29.03.2024 14:00;29.03.2024 15:00;13,44
29.03.2024 15:00;29.03.2024 16:00;21,58
29.03.2024 16:00;29.03.2024 17:00;49,5
29.03.2024 17:00;29.03.2024 18:00;79,93
29.03.2024 18:00;29.03.2024 19:00;101,97
29.03.2024 19:00;29.03.2024 20:00;105,45
29.03.2024 20:00;29.03.2024 21:00;87,4
29.03.2024 21:00;29.03.2024 22:00;79,93
29.03.2024 22:00;29.03.2024 23:00;75,89
29.03.2024 23:00;30.03.2024 00:00;70,0
30.03.2024 00:00;30.03.2024 01:00;69,3
30.03.2024 01:00;30.03.2024 02:00;58,16
30.03.2024 02:00;30.03.2024 03:00;58,88
30.03.2024 03:00;30.03.2024 04:00;58,95
30.03.2024 04:00;30.03.2024 05:00;59,23
30.03.2024 05:00;30.03.2024 06:00;65,05
30.03.2024 06:00;30.03.2024 07:00;58,57
30.03.2024 07:00;30.03.2024 08:00;47,79
30.03.2024 08:00;30.03.2024 09:00;45,23
30.03.2024 09:00;30.03.2024 10:00;43,38
30.03.2024 10:00;30.03.2024 11:00;34,49
30.03.2024 11:00;30.03.2024 12:00;23,21
30.03.2024 12:00;30.03.2024 13:00;14,76
30.03.2024 13:00;30.03.2024 14:00;6,85
30.03.2024 14:00;30.03.2024 15:00;15,87
30.03.2024 15:00;30.03.2024 16:00;34,2
30.03.2024 16:00;30.03.2024 17:00;52,52
30.03.2024 17:00;30.03.2024 18:00;77,75
30.03.2024 18:00;30.03.2024 19:00;88,11
30.03.2024 19:00;30.03.2024 20:00;83,53
30.03.2024 20:00;30.03.2024 21:00;74,11
30.03.2024 21:00;30.03.2024 22:00;71,47
30.03.2024 22:00;30.03.2024 23:00;70,83
30.03.2024 23:00;31.03.2024 00:00;65,74
31.03.2024 00:00;31.03.2024 01:00;75,7
31.03.2024 01:00;30.03.2024 02:00;66,71
31.03.2024 03:00;31.03.2024 04:00;64,98
31.03.2024 04:00;31.03.2024 05:00;60,48
31.03.2024 05:00;31.03.2024 06:00;58,74
31.03.2024 06:00;31.03.2024 07:00;64,46
31.03.2024 07:00;31.03.2024 08:00;71,51
31.03.2024 08:00;31.03.2024 09:00;65,03
31.03.2024 09:00;31.03.2024 10:00;50,32
31.03.2024 10:00;31.03.2024 11:00;41,03
31.03.2024 11:00;31.03.2024 12:00;29,52
31.03.2024 12:00;31.03.2024 13:00;19,85
31.03.2024 13:00;31.03.2024 14:00;3,06
31.03.2024 14:00;31.03.2024 15:00;1,03
31.03.2024 15:00;31.03.2024 16:00;15,27
31.03.2024 16:00;31.03.2024 17:00;41,07
31.03.2024 17:00;31.03.2024 18:00;66,74
31.03.2024 18:00;31.03.2024 19:00;89,32
31.03.2024 19:00;31.03.2024 20:00;117,29
31.03.2024 20:00;31.03.2024 21:00;83,72
31.03.2024 21:00;31.03.2024 22:00;70,0
31.03.2024 22:00;31.03.2024 23:00;64,51
31.03.2024 23:00;01.04.2024 00:00;54,9
01.04.2024 00:00;01.04.2024 01:00;49,95
01.04.2024 01:00;01.04.2024 02:00;48,98
01.04.2024 02:00;01.04.2024 03:00;46,06
01.04.2024 03:00;01.04.2024 04:00;43,58
01.04.2024 04:00;01.04.2024 05:00;49,4
01.04.2024 05:00;01.04.2024 06:00;52,35
01.04.2024 06:00;01.04.2024 07:00;58,71
01.04.2024 07:00;01.04.2024 08:00;64,49
01.04.2024 08:00;01.04.2024 09:00;58,71
01.04.2024 09:00;01.04.2024 10:00;60,89
01.04.2024 10:00;01.04.2024 11:00;54,36
01.04.2024 11:00;01.04.2024 12:00;35,39
01.04.2024 12:00;01.04.2024 13:00;13,04
01.04.2024 13:00;01.04.2024 14:00;0,03
01.04.2024 14:00;01.04.2024 15:00;-0,01
01.04.2024 15:00;01.04.2024 16:00;-0,01
01.04.2024 16:00;01.04.2024 17:00;-0,01
01.04.2024 17:00;01.04.2024 18:00;5,79
01.04.2024 18:00;01.04.2024 19:00;41,97
01.04.2024 19:00;01.04.2024 20:00;48,53
01.04.2024 20:00;01.04.2024 21:00;49,88
01.04.2024 21:00;01.04.2024 22:00;45,69
01.04.2024 22:00;01.04.2024 23:00;25,97
01.04.2024 23:00;02.04.2024 00:00;7,47
02.04.2024 00:00;02.04.2024 01:00;7,97
02.04.2024 01:00;02.04.2024 02:00;1,28
02.04.2024 02:00;02.04.2024 03:00;0,61
02.04.2024 03:00;02.04.2024 04:00;0,87
02.04.2024 04:00;02.04.2024 05:00;1,94
02.04.2024 05:00;02.04.2024 06:00;7,27
02.04.2024 06:00;02.04.2024 07:00;57,22
02.04.2024 07:00;02.04.2024 08:00;74,36
02.04.2024 08:00;02.04.2024 09:00;68,93
02.04.2024 09:00;02.04.2024 10:00;46,98
02.04.2024 10:00;02.04.2024 11:00;2,66
02.04.2024 11:00;02.04.2024 12:00;-0,06
02.04.2024 12:00;02.04.2024 13:00;-1,09
02.04.2024 13:00;02.04.2024 14:00;-0,97
02.04.2024 14:00;02.04.2024 15:00;-0,07
02.04.2024 15:00;02.04.2024 16:00;0,0
02.04.2024 16:00;02.04.2024 17:00;4,31
02.04.2024 17:00;02.04.2024 18:00;41,46
02.04.2024 18:00;02.04.2024 19:00;72,7
02.04.2024 19:00;02.04.2024 20:00;95,39
02.04.2024 20:00;02.04.2024 21:00;94,88
02.04.2024 21:00;02.04.2024 22:00;78,13
02.04.2024 22:00;02.04.2024 23:00;74,86
02.04.2024 23:00;03.04.2024 00:00;70,88
03.04.2024 00:00;03.04.2024 01:00;74,13
03.04.2024 01:00;03.04.2024 02:00;71,75
03.04.2024 02:00;03.04.2024 03:00;70,05
03.04.2024 03:00;03.04.2024 04:00;72,51
03.04.2024 04:00;03.04.2024 05:00;72,34
03.04.2024 05:00;03.04.2024 06:00;78,71
03.04.2024 06:00;03.04.2024 07:00;94,91
03.04.2024 07:00;03.04.2024 08:00;117,93
03.04.2024 08:00;03.04.2024 09:00;117,93
03.04.2024 09:00;03.04.2024 10:00;100,98
03.04.2024 10:00;03.04.2024 11:00;107,35
03.04.2024 11:00;03.04.2024 12:00;90,81
03.04.2024 12:00;03.04.2024 13:00;82,03
03.04.2024 13:00;03.04.2024 14:00;76,88
03.04.2024 14:00;03.04.2024 15:00;73,04
03.04.2024 15:00;03.04.2024 16:00;73,07
03.04.2024 16:00;03.04.2024 17:00;76,7
03.04.2024 17:00;03.04.2024 18:00;92,44
03.04.2024 18:00;03.04.2024 19:00;108,14
03.04.2024 19:00;03.04.2024 20:00;123,3
03.04.2024 20:00;03.04.2024 21:00;101,58
03.04.2024 21:00;03.04.2024 22:00;80,97
03.04.2024 22:00;03.04.2024 23:00;75,51
03.04.2024 23:00;04.04.2024 00:00;63,89
04.04.2024 00:00;04.04.2024 01:00;54,52
04.04.2024 01:00;04.04.2024 02:00;52,01
04.04.2024 02:00;04.04.2024 03:00;50,17
04.04.2024 03:00;04.04.2024 04:00;51,57
04.04.2024 04:00;04.04.2024 05:00;51,94
04.04.2024 05:00;04.04.2024 06:00;55,1
04.04.2024 06:00;04.04.2024 07:00;67,52
04.04.2024 07:00;04.04.2024 08:00;79,16
04.04.2024 08:00;04.04.2024 09:00;77,18
04.04.2024 09:00;04.04.2024 10:00;71,94
04.04.2024 10:00;04.04.2024 11:00;69,45
04.04.2024 11:00;04.04.2024 12:00;63,06
04.04.2024 12:00;04.04.2024 13:00;58,08
04.04.2024 13:00;04.04.2024 14:00;56,22
04.04.2024 14:00;04.04.2024 15:00;55,49
04.04.2024 15:00;04.04.2024 16:00;56,17
04.04.2024 16:00;04.04.2024 17:00;57,08
04.04.2024 17:00;04.04.2024 18:00;69,08
04.04.2024 18:00;04.04.2024 19:00;75,36
04.04.2024 19:00;04.04.2024 20:00;90,66
04.04.2024 20:00;04.04.2024 21:00;80,58
04.04.2024 21:00;04.04.2024 22:00;73,29
04.04.2024 22:00;04.04.2024 23:00;71,47
04.04.2024 23:00;05.04.2024 00:00;61,53
05.04.2024 00:00;05.04.2024 01:00;62,72
05.04.2024 01:00;05.04.2024 02:00;59,08
05.04.2024 02:00;05.04.2024 03:00;55,96
05.04.2024 03:00;05.04.2024 04:00;56,59
05.04.2024 04:00;05.04.2024 05:00;53,9
05.04.2024 05:00;05.04.2024 06:00;62,5
05.04.2024 06:00;05.04.2024 07:00;76,29
05.04.2024 07:00;05.04.2024 08:00;84,24
05.04.2024 08:00;05.04.2024 09:00;81,0
05.04.2024 09:00;05.04.2024 10:00;67,59
05.04.2024 10:00;05.04.2024 11:00;50,5
05.04.2024 11:00;05.04.2024 12:00;25,97
05.04.2024 12:00;05.04.2024 13:00;9,16
05.04.2024 13:00;05.04.2024 14:00;0,0
05.04.2024 14:00;05.04.2024 15:00;-0,1
05.04.2024 15:00;05.04.2024 16:00;0,05
05.04.2024 16:00;05.04.2024 17:00;8,09
05.04.2024 17:00;05.04.2024 18:00;37,46
05.04.2024 18:00;05.04.2024 19:00;49,65
05.04.2024 19:00;05.04.2024 20:00;55,94
05.04.2024 20:00;05.04.2024 21:00;55,64
05.04.2024 21:00;05.04.2024 22:00;54,71
05.04.2024 22:00;05.04.2024 23:00;56,13
05.04.2024 23:00;06.04.2024 00:00;55,07
06.04.2024 00:00;06.04.2024 01:00;43,08
06.04.2024 01:00;06.04.2024 02:00;45,01
06.04.2024 02:00;06.04.2024 03:00;46,89
06.04.2024 03:00;06.04.2024 04:00;47,56
06.04.2024 04:00;06.04.2024 05:00;50,65
06.04.2024 05:00;06.04.2024 06:00;54,88
06.04.2024 06:00;06.04.2024 07:00;58,73
06.04.2024 07:00;06.04.2024 08:00;59,87
06.04.2024 08:00;06.04.2024 09:00;59,24
06.04.2024 09:00;06.04.2024 10:00;48,94
06.04.2024 10:00;06.04.2024 11:00;29,42
06.04.2024 11:00;06.04.2024 12:00;-0,73
06.04.2024 12:00;06.04.2024 13:00;-16,4
06.04.2024 13:00;06.04.2024 14:00;-59,92
06.04.2024 14:00;06.04.2024 15:00;-57,59
06.04.2024 15:00;06.04.2024 16:00;-34,61
06.04.2024 16:00;06.04.2024 17:00;-4,66
06.04.2024 17:00;06.04.2024 18:00;15,81
06.04.2024 18:00;06.04.2024 19:00;67,56
06.04.2024 19:00;06.04.2024 20:00;73,99
06.04.2024 20:00;06.04.2024 21:00;68,65
06.04.2024 21:00;06.04.2024 22:00;46,46
06.04.2024 22:00;06.04.2024 23:00;45,07
06.04.2024 23:00;07.04.2024 00:00;25,88
07.04.2024 00:00;07.04.2024 01:00;10,97
07.04.2024 01:00;07.04.2024 02:00;0,09
07.04.2024 02:00;07.04.2024 03:00;0,0
07.04.2024 03:00;07.04.2024 04:00;0,0
07.04.2024 04:00;07.04.2024 05:00;0,0
07.04.2024 05:00;07.04.2024 06:00;0,0
07.04.2024 06:00;07.04.2024 07:00;0,0
07.04.2024 07:00;07.04.2024 08:00;0,0
07.04.2024 08:00;07.04.2024 09:00;0,0
07.04.2024 09:00;07.04.2024 10:00;-0,01
07.04.2024 10:00;07.04.2024 11:00;-0,16
07.04.2024 11:00;07.04.2024 12:00;-3,25
07.04.2024 12:00;07.04.2024 13:00;-9,94
07.04.2024 13:00;07.04.2024 14:00;-26,79
07.04.2024 14:00;07.04.2024 15:00;-20,06
07.04.2024 15:00;07.04.2024 16:00;-5,04
07.04.2024 16:00;07.04.2024 17:00;-0,16
07.04.2024 17:00;07.04.2024 18:00;6,92
07.04.2024 18:00;07.04.2024 19:00;91,46
07.04.2024 19:00;07.04.2024 20:00;108,39
07.04.2024 20:00;07.04.2024 21:00;106,4
07.04.2024 21:00;07.04.2024 22:00;89,95
07.04.2024 22:00;07.04.2024 23:00;77,46
07.04.2024 23:00;08.04.2024 00:00;72,06
08.04.2024 00:00;08.04.2024 01:00;70,77
08.04.2024 01:00;08.04.2024 02:00;70,71
08.04.2024 02:00;08.04.2024 03:00;68,12
08.04.2024 03:00;08.04.2024 04:00;70,71
08.04.2024 04:00;08.04.2024 05:00;71,57
08.04.2024 05:00;08.04.2024 06:00;77,44
08.04.2024 06:00;08.04.2024 07:00;101,99
08.04.2024 07:00;08.04.2024 08:00;149,78
08.04.2024 08:00;08.04.2024 09:00;128,52
08.04.2024 09:00;08.04.2024 10:00;85,51
08.04.2024 10:00;08.04.2024 11:00;80,6
08.04.2024 11:00;08.04.2024 12:00;71,23
08.04.2024 12:00;08.04.2024 13:00;64,7
08.04.2024 13:00;08.04.2024 14:00;60,0
08.04.2024 14:00;08.04.2024 15:00;57,89
08.04.2024 15:00;08.04.2024 16:00;63,4
08.04.2024 16:00;08.04.2024 17:00;70,0
08.04.2024 17:00;08.04.2024 18:00;75,01
08.04.2024 18:00;08.04.2024 19:00;104,9
08.04.2024 19:00;08.04.2024 20:00;137,3
08.04.2024 20:00;08.04.2024 21:00;124,8
08.04.2024 21:00;08.04.2024 22:00;84,85
08.04.2024 22:00;08.04.2024 23:00;77,0
08.04.2024 23:00;09.04.2024 00:00;70,19
09.04.2024 00:00;09.04.2024 01:00;78,21
09.04.2024 01:00;09.04.2024 02:00;69,39
09.04.2024 02:00;09.04.2024 03:00;64,73
09.04.2024 03:00;09.04.2024 04:00;59,95
09.04.2024 04:00;09.04.2024 05:00;62,48
09.04.2024 05:00;09.04.2024 06:00;68,34
09.04.2024 06:00;09.04.2024 07:00;86,69
09.04.2024 07:00;09.04.2024 08:00;90,9
09.04.2024 08:00;09.04.2024 09:00;79,78
09.04.2024 09:00;09.04.2024 10:00;68,3
09.04.2024 10:00;09.04.2024 11:00;51,6
09.04.2024 11:00;09.04.2024 12:00;43,98
09.04.2024 12:00;09.04.2024 13:00;36,05
09.04.2024 13:00;09.04.2024 14:00;10,09
09.04.2024 14:00;09.04.2024 15:00;10,5
09.04.2024 15:00;09.04.2024 16:00;29,04
09.04.2024 16:00;09.04.2024 17:00;38,27
09.04.2024 17:00;09.04.2024 18:00;50,15
09.04.2024 18:00;09.04.2024 19:00;65,9
09.04.2024 19:00;09.04.2024 20:00;81,75
09.04.2024 20:00;09.04.2024 21:00;81,74
09.04.2024 21:00;09.04.2024 22:00;67,98
09.04.2024 22:00;09.04.2024 23:00;60,51
09.04.2024 23:00;10.04.2024 00:00;35,49
10.04.2024 00:00;10.04.2024 01:00;22,89
10.04.2024 01:00;10.04.2024 02:00;5,95
10.04.2024 02:00;10.04.2024 03:00;6,19
10.04.2024 03:00;10.04.2024 04:00;8,99
10.04.2024 04:00;10.04.2024 05:00;26,3
10.04.2024 05:00;10.04.2024 06:00;50,03
10.04.2024 06:00;10.04.2024 07:00;75,91
10.04.2024 07:00;10.04.2024 08:00;99,63
10.04.2024 08:00;10.04.2024 09:00;106,02
10.04.2024 09:00;10.04.2024 10:00;80,46
10.04.2024 10:00;10.04.2024 11:00;67,66
10.04.2024 11:00;10.04.2024 12:00;56,05
10.04.2024 12:00;10.04.2024 13:00;55,62
10.04.2024 13:00;10.04.2024 14:00;30,32
10.04.2024 14:00;10.04.2024 15:00;31,29
10.04.2024 15:00;10.04.2024 16:00;55,35
10.04.2024 16:00;10.04.2024 17:00;62,91
10.04.2024 17:00;10.04.2024 18:00;75,32
10.04.2024 18:00;10.04.2024 19:00;100,83
10.04.2024 19:00;10.04.2024 20:00;191,15
10.04.2024 20:00;10.04.2024 21:00;191,19
10.04.2024 21:00;10.04.2024 22:00;115,59
10.04.2024 22:00;10.04.2024 23:00;86,1
10.04.2024 23:00;11.04.2024 00:00;76,1
11.04.2024 00:00;11.04.2024 01:00;72,58
11.04.2024 01:00;11.04.2024 02:00;67,36
11.04.2024 02:00;11.04.2024 03:00;62,24
11.04.2024 03:00;11.04.2024 04:00;58,81
11.04.2024 04:00;11.04.2024 05:00;59,08
11.04.2024 05:00;11.04.2024 06:00;55,57
11.04.2024 06:00;11.04.2024 07:00;74,63
11.04.2024 07:00;11.04.2024 08:00;68,8
11.04.2024 08:00;11.04.2024 09:00;52,2
11.04.2024 09:00;11.04.2024 10:00;30,0
11.04.2024 10:00;11.04.2024 11:00;10,05
11.04.2024 11:00;11.04.2024 12:00;0,86
11.04.2024 12:00;11.04.2024 13:00;0,91
11.04.2024 13:00;11.04.2024 14:00;1,1
11.04.2024 14:00;11.04.2024 15:00;0,57
11.04.2024 15:00;11.04.2024 16:00;29,57
11.04.2024 16:00;11.04.2024 17:00;59,74
11.04.2024 17:00;11.04.2024 18:00;76,74
11.04.2024 18:00;11.04.2024 19:00;100,7
11.04.2024 19:00;11.04.2024 20:00;134,36
11.04.2024 20:00;11.04.2024 21:00;137,82
11.04.2024 21:00;11.04.2024 22:00;98,79
11.04.2024 22:00;11.04.2024 23:00;82,42
11.04.2024 23:00;12.04.2024 00:00;76,51
12.04.2024 00:00;12.04.2024 01:00;75,71
12.04.2024 01:00;12.04.2024 02:00;71,74
12.04.2024 02:00;12.04.2024 03:00;68,89
12.04.2024 03:00;12.04.2024 04:00;69,26
12.04.2024 04:00;12.04.2024 05:00;69,52
12.04.2024 05:00;12.04.2024 06:00;77,53
12.04.2024 06:00;12.04.2024 07:00;91,23
12.04.2024 07:00;12.04.2024 08:00;97,0
12.04.2024 08:00;12.04.2024 09:00;86,83
12.04.2024 09:00;12.04.2024 10:00;70,98
12.04.2024 10:00;12.04.2024 11:00;42,86
12.04.2024 11:00;12.04.2024 12:00;18,86
12.04.2024 12:00;12.04.2024 13:00;0,0
12.04.2024 13:00;12.04.2024 14:00;-0,07
12.04.2024 14:00;12.04.2024 15:00;0,01
12.04.2024 15:00;12.04.2024 16:00;0,18
12.04.2024 16:00;12.04.2024 17:00;0,22
12.04.2024 17:00;12.04.2024 18:00;57,37
12.04.2024 18:00;12.04.2024 19:00;81,93
12.04.2024 19:00;12.04.2024 20:00;125,95
12.04.2024 20:00;12.04.2024 21:00;124,13
12.04.2024 21:00;12.04.2024 22:00;86,6
12.04.2024 22:00;12.04.2024 23:00;77,99
12.04.2024 23:00;13.04.2024 00:00;68,1
13.04.2024 00:00;13.04.2024 01:00;60,22
13.04.2024 01:00;13.04.2024 02:00;49,07
13.04.2024 02:00;13.04.2024 03:00;24,41
13.04.2024 03:00;13.04.2024 04:00;19,41
13.04.2024 04:00;13.04.2024 05:00;19,95
13.04.2024 05:00;13.04.2024 06:00;25,32
13.04.2024 06:00;13.04.2024 07:00;30,18
13.04.2024 07:00;13.04.2024 08:00;35,26
13.04.2024 08:00;13.04.2024 09:00;22,6
13.04.2024 09:00;13.04.2024 10:00;8,8
13.04.2024 10:00;13.04.2024 11:00;-0,02
13.04.2024 11:00;13.04.2024 12:00;-9,97
13.04.2024 12:00;13.04.2024 13:00;-25,96
13.04.2024 13:00;13.04.2024 14:00;-50,0
13.04.2024 14:00;13.04.2024 15:00;-55,01
13.04.2024 15:00;13.04.2024 16:00;-49,91
13.04.2024 16:00;13.04.2024 17:00;-19,16
13.04.2024 17:00;13.04.2024 18:00;-0,16
13.04.2024 18:00;13.04.2024 19:00;39,91
13.04.2024 19:00;13.04.2024 20:00;73,44
13.04.2024 20:00;13.04.2024 21:00;65,78
13.04.2024 21:00;13.04.2024 22:00;39,35
13.04.2024 22:00;13.04.2024 23:00;21,11
13.04.2024 23:00;14.04.2024 00:00;7,05
14.04.2024 00:00;14.04.2024 01:00;0,43
14.04.2024 01:00;14.04.2024 02:00;0,83
14.04.2024 02:00;14.04.2024 03:00;0,93
14.04.2024 03:00;14.04.2024 04:00;1,13
14.04.2024 04:00;14.04.2024 05:00;2,34
14.04.2024 05:00;14.04.2024 06:00;5,95
14.04.2024 06:00;14.04.2024 07:00;12,86
14.04.2024 07:00;14.04.2024 08:00;13,0
14.04.2024 08:00;14.04.2024 09:00;7,41
14.04.2024 09:00;14.04.2024 10:00;0,0
14.04.2024 10:00;14.04.2024 11:00;-2,37
14.04.2024 11:00;14.04.2024 12:00;-12,17
14.04.2024 12:00;14.04.2024 13:00;-42,27
14.04.2024 13:00;14.04.2024 14:00;-60,05
14.04.2024 14:00;14.04.2024 15:00;-60,07
14.04.2024 15:00;14.04.2024 16:00;-40,05
14.04.2024 16:00;14.04.2024 17:00;-6,25
14.04.2024 17:00;14.04.2024 18:00;1,57
14.04.2024 18:00;14.04.2024 19:00;67,23
14.04.2024 19:00;14.04.2024 20:00;87,8
14.04.2024 20:00;14.04.2024 21:00;119,91
14.04.2024 21:00;14.04.2024 22:00;112,61
14.04.2024 22:00;14.04.2024 23:00;103,95
14.04.2024 23:00;15.04.2024 00:00;87,24
15.04.2024 00:00;15.04.2024 01:00;81,96
15.04.2024 01:00;15.04.2024 02:00;81,26
15.04.2024 02:00;15.04.2024 03:00;77,54
15.04.2024 03:00;15.04.2024 04:00;78,18
15.04.2024 04:00;15.04.2024 05:00;75,23
15.04.2024 05:00;15.04.2024 06:00;86,74
15.04.2024 06:00;15.04.2024 07:00;115,73
15.04.2024 07:00;15.04.2024 08:00;169,15
15.04.2024 08:00;15.04.2024 09:00;153,24
15.04.2024 09:00;15.04.2024 10:00;91,56
15.04.2024 10:00;15.04.2024 11:00;80,55
15.04.2024 11:00;15.04.2024 12:00;63,15
15.04.2024 12:00;15.04.2024 13:00;44,15
15.04.2024 13:00;15.04.2024 14:00;31,74
15.04.2024 14:00;15.04.2024 15:00;12,96
15.04.2024 15:00;15.04.2024 16:00;7,8
15.04.2024 16:00;15.04.2024 17:00;7,99
15.04.2024 17:00;15.04.2024 18:00;46,3
15.04.2024 18:00;15.04.2024 19:00;69,2
15.04.2024 19:00;15.04.2024 20:00;78,92
15.04.2024 20:00;15.04.2024 21:00;77,02
15.04.2024 21:00;15.04.2024 22:00;66,31
15.04.2024 22:00;15.04.2024 23:00;53,77
15.04.2024 23:00;16.04.2024 00:00;34,17
16.04.2024 00:00;16.04.2024 01:00;2,02
16.04.2024 01:00;16.04.2024 02:00;0,04
16.04.2024 02:00;16.04.2024 03:00;0,14
16.04.2024 03:00;16.04.2024 04:00;0,73
16.04.2024 04:00;16.04.2024 05:00;17,47
16.04.2024 05:00;16.04.2024 06:00;36,22
16.04.2024 06:00;16.04.2024 07:00;63,14
16.04.2024 07:00;16.04.2024 08:00;74,26
16.04.2024 08:00;16.04.2024 09:00;74,26
16.04.2024 09:00;16.04.2024 10:00;64,81
16.04.2024 10:00;16.04.2024 11:00;51,03
16.04.2024 11:00;16.04.2024 12:00;42,64
16.04.2024 12:00;16.04.2024 13:00;40,0
16.04.2024 13:00;16.04.2024 14:00;40,22
16.04.2024 14:00;16.04.2024 15:00;42,08
16.04.2024 15:00;16.04.2024 16:00;48,53
16.04.2024 16:00;16.04.2024 17:00;62,84
16.04.2024 17:00;16.04.2024 18:00;79,67
16.04.2024 18:00;16.04.2024 19:00;92,92
16.04.2024 19:00;16.04.2024 20:00;113,99
16.04.2024 20:00;16.04.2024 21:00;124,52
16.04.2024 21:00;16.04.2024 22:00;104,46
16.04.2024 22:00;16.04.2024 23:00;90,1
16.04.2024 23:00;17.04.2024 00:00;84,1
17.04.2024 00:00;17.04.2024 01:00;83,84
17.04.2024 01:00;17.04.2024 02:00;83,84
17.04.2024 02:00;17.04.2024 03:00;81,35
17.04.2024 03:00;17.04.2024 04:00;82,4
17.04.2024 04:00;17.04.2024 05:00;82,96
17.04.2024 05:00;17.04.2024 06:00;83,73
17.04.2024 06:00;17.04.2024 07:00;109,39
17.04.2024 07:00;17.04.2024 08:00;169,97
17.04.2024 08:00;17.04.2024 09:00;155,17
17.04.2024 09:00;17.04.2024 10:00;104,62
17.04.2024 10:00;17.04.2024 11:00;83,9
17.04.2024 11:00;17.04.2024 12:00;79,9
17.04.2024 12:00;17.04.2024 13:00;82,98
17.04.2024 13:00;17.04.2024 14:00;80,82
17.04.2024 14:00;17.04.2024 15:00;77,71
17.04.2024 15:00;17.04.2024 16:00;77,03
17.04.2024 16:00;17.04.2024 17:00;80,0
17.04.2024 17:00;17.04.2024 18:00;86,9
17.04.2024 18:00;17.04.2024 19:00;114,97
17.04.2024 19:00;17.04.2024 20:00;159,92
17.04.2024 20:00;17.04.2024 21:00;169,9
17.04.2024 21:00;17.04.2024 22:00;130,06
17.04.2024 22:00;17.04.2024 23:00;99,04
17.04.2024 23:00;18.04.2024 00:00;87,81
18.04.2024 00:00;18.04.2024 01:00;91,83
18.04.2024 01:00;18.04.2024 02:00;87,42
18.04.2024 02:00;18.04.2024 03:00;88,53
18.04.2024 03:00;18.04.2024 04:00;87,76
18.04.2024 04:00;18.04.2024 05:00;89,61
18.04.2024 05:00;18.04.2024 06:00;93,47
18.04.2024 06:00;18.04.2024 07:00;121,88
18.04.2024 07:00;18.04.2024 08:00;155,8
18.04.2024 08:00;18.04.2024 09:00;131,19
18.04.2024 09:00;18.04.2024 10:00;101,12
18.04.2024 10:00;18.04.2024 11:00;90,21
18.04.2024 11:00;18.04.2024 12:00;83,87
18.04.2024 12:00;18.04.2024 13:00;80,64
18.04.2024 13:00;18.04.2024 14:00;77,2
18.04.2024 14:00;18.04.2024 15:00;73,01
18.04.2024 15:00;18.04.2024 16:00;70,7
18.04.2024 16:00;18.04.2024 17:00;70,88
18.04.2024 17:00;18.04.2024 18:00;81,33
18.04.2024 18:00;18.04.2024 19:00;94,03
18.04.2024 19:00;18.04.2024 20:00;125,24
18.04.2024 20:00;18.04.2024 21:00;128,83
18.04.2024 21:00;18.04.2024 22:00;105,92
18.04.2024 22:00;18.04.2024 23:00;89,89
18.04.2024 23:00;19.04.2024 00:00;79,37
19.04.2024 00:00;19.04.2024 01:00;77,21
19.04.2024 01:00;19.04.2024 02:00;60,83
19.04.2024 02:00;19.04.2024 03:00;50,53
19.04.2024 03:00;19.04.2024 04:00;49,47
19.04.2024 04:00;19.04.2024 05:00;47,97
19.04.2024 05:00;19.04.2024 06:00;49,08
19.04.2024 06:00;19.04.2024 07:00;60,12
19.04.2024 07:00;19.04.2024 08:00;69,04
19.04.2024 08:00;19.04.2024 09:00;76,0
19.04.2024 09:00;19.04.2024 10:00;68,3
19.04.2024 10:00;19.04.2024 11:00;60,2
19.04.2024 11:00;19.04.2024 12:00;56,08
19.04.2024 12:00;19.04.2024 13:00;50,91
19.04.2024 13:00;19.04.2024 14:00;47,0
19.04.2024 14:00;19.04.2024 15:00;44,94
19.04.2024 15:00;19.04.2024 16:00;44,56
19.04.2024 16:00;19.04.2024 17:00;50,91
19.04.2024 17:00;19.04.2024 18:00;58,77
19.04.2024 18:00;19.04.2024 19:00;63,49
19.04.2024 19:00;19.04.2024 20:00;65,32
19.04.2024 20:00;19.04.2024 21:00;66,28
19.04.2024 21:00;19.04.2024 22:00;66,2
19.04.2024 22:00;19.04.2024 23:00;65,27
19.04.2024 23:00;20.04.2024 00:00;63,15
20.04.2024 00:00;20.04.2024 01:00;60,24
20.04.2024 01:00;20.04.2024 02:00;57,97
20.04.2024 02:00;20.04.2024 03:00;57,33
20.04.2024 03:00;20.04.2024 04:00;57,75
20.04.2024 04:00;20.04.2024 05:00;61,04
20.04.2024 05:00;20.04.2024 06:00;62,83
20.04.2024 06:00;20.04.2024 07:00;63,92
20.04.2024 07:00;20.04.2024 08:00;67,98
20.04.2024 08:00;20.04.2024 09:00;65,04
20.04.2024 09:00;20.04.2024 10:00;59,9
20.04.2024 10:00;20.04.2024 11:00;50,05
20.04.2024 11:00;20.04.2024 12:00;38,43
20.04.2024 12:00;20.04.2024 13:00;28,97
20.04.2024 13:00;20.04.2024 14:00;12,33
20.04.2024 14:00;20.04.2024 15:00;10,55
20.04.2024 15:00;20.04.2024 16:00;18,33
20.04.2024 16:00;20.04.2024 17:00;37,41
20.04.2024 17:00;20.04.2024 18:00;62,83
20.04.2024 18:00;20.04.2024 19:00;78,9
20.04.2024 19:00;20.04.2024 20:00;89,61
20.04.2024 20:00;20.04.2024 21:00;97,04
20.04.2024 21:00;20.04.2024 22:00;90,31
20.04.2024 22:00;20.04.2024 23:00;86,07
20.04.2024 23:00;21.04.2024 00:00;82,9
21.04.2024 00:00;21.04.2024 01:00;81,85
21.04.2024 01:00;21.04.2024 02:00;70,59
21.04.2024 02:00;21.04.2024 03:00;69,53
21.04.2024 03:00;21.04.2024 04:00;64,4
21.04.2024 04:00;21.04.2024 05:00;63,88
21.04.2024 05:00;21.04.2024 06:00;63,62
21.04.2024 06:00;21.04.2024 07:00;64,43
21.04.2024 07:00;21.04.2024 08:00;60,53
21.04.2024 08:00;21.04.2024 09:00;60,88
21.04.2024 09:00;21.04.2024 10:00;55,38
21.04.2024 10:00;21.04.2024 11:00;32,99
21.04.2024 11:00;21.04.2024 12:00;36,96
21.04.2024 12:00;21.04.2024 13:00;6,06
21.04.2024 13:00;21.04.2024 14:00;0,28
21.04.2024 14:00;21.04.2024 15:00;-0,9
21.04.2024 15:00;21.04.2024 16:00;0,75
21.04.2024 16:00;21.04.2024 17:00;6,01
21.04.2024 17:00;21.04.2024 18:00;58,22
21.04.2024 18:00;21.04.2024 19:00;74,6
21.04.2024 19:00;21.04.2024 20:00;89,36
21.04.2024 20:00;21.04.2024 21:00;95,26
21.04.2024 21:00;21.04.2024 22:00;91,07
21.04.2024 22:00;21.04.2024 23:00;89,41
21.04.2024 23:00;22.04.2024 00:00;88,46
22.04.2024 00:00;22.04.2024 01:00;78,97
22.04.2024 01:00;22.04.2024 02:00;78,05
22.04.2024 02:00;22.04.2024 03:00;78,44
22.04.2024 03:00;22.04.2024 04:00;79,92
22.04.2024 04:00;22.04.2024 05:00;79,79
22.04.2024 05:00;22.04.2024 06:00;87,5
22.04.2024 06:00;22.04.2024 07:00;105,9
22.04.2024 07:00;22.04.2024 08:00;130,79
22.04.2024 08:00;22.04.2024 09:00;117,46
22.04.2024 09:00;22.04.2024 10:00;97,05
22.04.2024 10:00;22.04.2024 11:00;81,86
22.04.2024 11:00;22.04.2024 12:00;81,24
22.04.2024 12:00;22.04.2024 13:00;77,05
22.04.2024 13:00;22.04.2024 14:00;73,67
22.04.2024 14:00;22.04.2024 15:00;74,17
22.04.2024 15:00;22.04.2024 16:00;78,48
22.04.2024 16:00;22.04.2024 17:00;81,57
22.04.2024 17:00;22.04.2024 18:00;96,79
22.04.2024 18:00;22.04.2024 19:00;118,2
22.04.2024 19:00;22.04.2024 20:00;164,05
22.04.2024 20:00;22.04.2024 21:00;170,96
22.04.2024 21:00;22.04.2024 22:00;130,05
22.04.2024 22:00;22.04.2024 23:00;105,77
22.04.2024 23:00;23.04.2024 00:00;96,99
23.04.2024 00:00;23.04.2024 01:00;88,32
23.04.2024 01:00;23.04.2024 02:00;86,69
23.04.2024 02:00;23.04.2024 03:00;85,95
23.04.2024 03:00;23.04.2024 04:00;85,42
23.04.2024 04:00;23.04.2024 05:00;86,35
23.04.2024 05:00;23.04.2024 06:00;97,69
23.04.2024 06:00;23.04.2024 07:00;121,4
23.04.2024 07:00;23.04.2024 08:00;181,26
23.04.2024 08:00;23.04.2024 09:00;136,28
23.04.2024 09:00;23.04.2024 10:00;98,38
23.04.2024 10:00;23.04.2024 11:00;82,87
23.04.2024 11:00;23.04.2024 12:00;77,26
23.04.2024 12:00;23.04.2024 13:00;77,46
23.04.2024 13:00;23.04.2024 14:00;79,38
23.04.2024 14:00;23.04.2024 15:00;78,62
23.04.2024 15:00;23.04.2024 16:00;80,02
23.04.2024 16:00;23.04.2024 17:00;83,02
23.04.2024 17:00;23.04.2024 18:00;89,97
23.04.2024 18:00;23.04.2024 19:00;102,4
23.04.2024 19:00;23.04.2024 20:00;123,01
23.04.2024 20:00;23.04.2024 21:00;125,07
23.04.2024 21:00;23.04.2024 22:00;105,1
23.04.2024 22:00;23.04.2024 23:00;92,73
23.04.2024 23:00;24.04.2024 00:00;81,55
24.04.2024 00:00;24.04.2024 01:00;81,8
24.04.2024 01:00;24.04.2024 02:00;77,97
24.04.2024 02:00;24.04.2024 03:00;77,16
24.04.2024 03:00;24.04.2024 04:00;74,86
24.04.2024 04:00;24.04.2024 05:00;77,37
24.04.2024 05:00;24.04.2024 06:00;81,83
24.04.2024 06:00;24.04.2024 07:00;101,66
24.04.2024 07:00;24.04.2024 08:00;128,17
24.04.2024 08:00;24.04.2024 09:00;107,07
24.04.2024 09:00;24.04.2024 10:00;91,81
24.04.2024 10:00;24.04.2024 11:00;90,74
24.04.2024 11:00;24.04.2024 12:00;88,35
24.04.2024 12:00;24.04.2024 13:00;82,6
24.04.2024 13:00;24.04.2024 14:00;80,09
24.04.2024 14:00;24.04.2024 15:00;76,53
24.04.2024 15:00;24.04.2024 16:00;80,71
24.04.2024 16:00;24.04.2024 17:00;81,12
24.04.2024 17:00;24.04.2024 18:00;86,6
24.04.2024 18:00;24.04.2024 19:00;101,54
24.04.2024 19:00;24.04.2024 20:00;135,2
24.04.2024 20:00;24.04.2024 21:00;143,44
24.04.2024 21:00;24.04.2024 22:00;121,16
24.04.2024 22:00;24.04.2024 23:00;105,31
24.04.2024 23:00;25.04.2024 00:00;90,21
25.04.2024 00:00;25.04.2024 01:00;83,5
25.04.2024 01:00;25.04.2024 02:00;80,0
25.04.2024 02:00;25.04.2024 03:00;77,37
25.04.2024 03:00;25.04.2024 04:00;76,05
25.04.2024 04:00;25.04.2024 05:00;75,24
25.04.2024 05:00;25.04.2024 06:00;84,02
25.04.2024 06:00;25.04.2024 07:00;102,44
25.04.2024 07:00;25.04.2024 08:00;129,05
25.04.2024 08:00;25.04.2024 09:00;112,71
25.04.2024 09:00;25.04.2024 10:00;92,1
25.04.2024 10:00;25.04.2024 11:00;80,01
25.04.2024 11:00;25.04.2024 12:00;78,2
25.04.2024 12:00;25.04.2024 13:00;73,92
25.04.2024 13:00;25.04.2024 14:00;68,67
25.04.2024 14:00;25.04.2024 15:00;66,41
25.04.2024 15:00;25.04.2024 16:00;69,32
25.04.2024 16:00;25.04.2024 17:00;72,81
25.04.2024 17:00;25.04.2024 18:00;79,88
25.04.2024 18:00;25.04.2024 19:00;95,17
25.04.2024 19:00;25.04.2024 20:00;141,09
25.04.2024 20:00;25.04.2024 21:00;152,29
25.04.2024 21:00;25.04.2024 22:00;113,71
25.04.2024 22:00;25.04.2024 23:00;91,35
25.04.2024 23:00;26.04.2024 00:00;79,74
26.04.2024 00:00;26.04.2024 01:00;79,87
26.04.2024 01:00;26.04.2024 02:00;74,0
26.04.2024 02:00;26.04.2024 03:00;74,7
26.04.2024 03:00;26.04.2024 04:00;74,07
26.04.2024 04:00;26.04.2024 05:00;77,1
26.04.2024 05:00;26.04.2024 06:00;83,69
26.04.2024 06:00;26.04.2024 07:00;93,5
26.04.2024 07:00;26.04.2024 08:00;104,06
26.04.2024 08:00;26.04.2024 09:00;96,06
26.04.2024 09:00;26.04.2024 10:00;81,08
26.04.2024 10:00;26.04.2024 11:00;77,81
26.04.2024 11:00;26.04.2024 12:00;72,95
26.04.2024 12:00;26.04.2024 13:00;70,35
26.04.2024 13:00;26.04.2024 14:00;68,74
26.04.2024 14:00;26.04.2024 15:00;65,37
26.04.2024 15:00;26.04.2024 16:00;69,92
26.04.2024 16:00;26.04.2024 17:00;71,7
26.04.2024 17:00;26.04.2024 18:00;80,46
26.04.2024 18:00;26.04.2024 19:00;94,78
26.04.2024 19:00;26.04.2024 20:00;131,9
26.04.2024 20:00;26.04.2024 21:00;141,58
26.04.2024 21:00;26.04.2024 22:00;110,0
26.04.2024 22:00;26.04.2024 23:00;92,71
26.04.2024 23:00;27.04.2024 00:00;88,26
27.04.2024 00:00;27.04.2024 01:00;90,29
27.04.2024 01:00;27.04.2024 02:00;88,9
27.04.2024 02:00;27.04.2024 03:00;86,59
27.04.2024 03:00;27.04.2024 04:00;89,03
27.04.2024 04:00;27.04.2024 05:00;87,69
27.04.2024 05:00;27.04.2024 06:00;85,68
27.04.2024 06:00;27.04.2024 07:00;86,08
27.04.2024 07:00;27.04.2024 08:00;79,04
27.04.2024 08:00;27.04.2024 09:00;68,65
27.04.2024 09:00;27.04.2024 10:00;59,07
27.04.2024 10:00;27.04.2024 11:00;36,02
27.04.2024 11:00;27.04.2024 12:00;8,43
27.04.2024 12:00;27.04.2024 13:00;0,03
27.04.2024 13:00;27.04.2024 14:00;-0,06
27.04.2024 14:00;27.04.2024 15:00;0,0
27.04.2024 15:00;27.04.2024 16:00;0,0
27.04.2024 16:00;27.04.2024 17:00;19,95
27.04.2024 17:00;27.04.2024 18:00;62,18
27.04.2024 18:00;27.04.2024 19:00;86,18
27.04.2024 19:00;27.04.2024 20:00;119,9
27.04.2024 20:00;27.04.2024 21:00;112,27
27.04.2024 21:00;27.04.2024 22:00;85,0
27.04.2024 22:00;27.04.2024 23:00;75,9
27.04.2024 23:00;28.04.2024 00:00;65,23
28.04.2024 00:00;28.04.2024 01:00;56,39
28.04.2024 01:00;28.04.2024 02:00;46,14
28.04.2024 02:00;28.04.2024 03:00;39,6
28.04.2024 03:00;28.04.2024 04:00;31,55
28.04.2024 04:00;28.04.2024 05:00;27,6
28.04.2024 05:00;28.04.2024 06:00;26,05
28.04.2024 06:00;28.04.2024 07:00;9,92
28.04.2024 07:00;28.04.2024 08:00;0,1
28.04.2024 08:00;28.04.2024 09:00;-0,07
28.04.2024 09:00;28.04.2024 10:00;-1,02
28.04.2024 10:00;28.04.2024 11:00;-16,63
28.04.2024 11:00;28.04.2024 12:00;-36,72
28.04.2024 12:00;28.04.2024 13:00;-60,05
28.04.2024 13:00;28.04.2024 14:00;-60,09
28.04.2024 14:00;28.04.2024 15:00;-65,06
28.04.2024 15:00;28.04.2024 16:00;-52,43
28.04.2024 16:00;28.04.2024 17:00;-23,45
28.04.2024 17:00;28.04.2024 18:00;-0,02
28.04.2024 18:00;28.04.2024 19:00;25,38
28.04.2024 19:00;28.04.2024 20:00;69,36
28.04.2024 20:00;28.04.2024 21:00;77,45
28.04.2024 21:00;28.04.2024 22:00;78,56
28.04.2024 22:00;28.04.2024 23:00;72,21
28.04.2024 23:00;29.04.2024 00:00;66,94
29.04.2024 00:00;29.04.2024 01:00;63,15
29.04.2024 01:00;29.04.2024 02:00;60,05
29.04.2024 02:00;29.04.2024 03:00;58,93
29.04.2024 03:00;29.04.2024 04:00;62,46
29.04.2024 04:00;29.04.2024 05:00;76,82
29.04.2024 05:00;29.04.2024 06:00;85,18
29.04.2024 06:00;29.04.2024 07:00;102,38
29.04.2024 07:00;29.04.2024 08:00;117,95
29.04.2024 08:00;29.04.2024 09:00;100,69
29.04.2024 09:00;29.04.2024 10:00;75,17
29.04.2024 10:00;29.04.2024 11:00;59,21
29.04.2024 11:00;29.04.2024 12:00;36,46
29.04.2024 12:00;29.04.2024 13:00;36,18
29.04.2024 13:00;29.04.2024 14:00;35,59
29.04.2024 14:00;29.04.2024 15:00;33,63
29.04.2024 15:00;29.04.2024 16:00;35,57
29.04.2024 16:00;29.04.2024 17:00;47,68
29.04.2024 17:00;29.04.2024 18:00;85,75
29.04.2024 18:00;29.04.2024 19:00;104,73
29.04.2024 19:00;29.04.2024 20:00;180,04
29.04.2024 20:00;29.04.2024 21:00;204,57
29.04.2024 21:00;29.04.2024 22:00;108,55
29.04.2024 22:00;29.04.2024 23:00;87,29
29.04.2024 23:00;30.04.2024 00:00;81,15
30.04.2024 00:00;30.04.2024 01:00;73,76
30.04.2024 01:00;30.04.2024 02:00;66,77
30.04.2024 02:00;30.04.2024 03:00;70,41
30.04.2024 03:00;30.04.2024 04:00;70,0
30.04.2024 04:00;30.04.2024 05:00;70,0
30.04.2024 05:00;30.04.2024 06:00;78,77
30.04.2024 06:00;30.04.2024 07:00;94,95
30.04.2024 07:00;30.04.2024 08:00;101,95
30.04.2024 08:00;30.04.2024 09:00;88,46
30.04.2024 09:00;30.04.2024 10:00;77,0
30.04.2024 10:00;30.04.2024 11:00;62,06
30.04.2024 11:00;30.04.2024 12:00;47,1
30.04.2024 12:00;30.04.2024 13:00;28,05
30.04.2024 13:00;30.04.2024 14:00;11,3
30.04.2024 14:00;30.04.2024 15:00;10,0
30.04.2024 15:00;30.04.2024 16:00;19,14
30.04.2024 16:00;30.04.2024 17:00;45,84
30.04.2024 17:00;30.04.2024 18:00;66,95
30.04.2024 18:00;30.04.2024 19:00;86,2
30.04.2024 19:00;30.04.2024 20:00;122,01
30.04.2024 20:00;30.04.2024 21:00;132,41
30.04.2024 21:00;30.04.2024 22:00;88,37
30.04.2024 22:00;30.04.2024 23:00;77,97
30.04.2024 23:00;01.05.2024 00:00;75,69
01.05.2024 00:00;01.05.2024 01:00;66,81
01.05.2024 01:00;01.05.2024 02:00;55,09
01.05.2024 02:00;01.05.2024 03:00;50,31
01.05.2024 03:00;01.05.2024 04:00;43,99
01.05.2024 04:00;01.05.2024 05:00;47,81
01.05.2024 05:00;01.05.2024 06:00;44,69
01.05.2024 06:00;01.05.2024 07:00;42,48
01.05.2024 07:00;01.05.2024 08:00;28,08
01.05.2024 08:00;01.05.2024 09:00;8,45
01.05.2024 09:00;01.05.2024 10:00;0,01
01.05.2024 10:00;01.05.2024 11:00;-0,97
01.05.2024 11:00;01.05.2024 12:00;-40,05
01.05.2024 12:00;01.05.2024 13:00;-91,9
01.05.2024 13:00;01.05.2024 14:00;-120,0
01.05.2024 14:00;01.05.2024 15:00;-120,07
01.05.2024 15:00;01.05.2024 16:00;-79,98
01.05.2024 16:00;01.05.2024 17:00;-30,01
01.05.2024 17:00;01.05.2024 18:00;-1,14
01.05.2024 18:00;01.05.2024 19:00;15,32
01.05.2024 19:00;01.05.2024 20:00;50,4
01.05.2024 20:00;01.05.2024 21:00;50,0
01.05.2024 21:00;01.05.2024 22:00;34,01
01.05.2024 22:00;01.05.2024 23:00;29,92
01.05.2024 23:00;02.05.2024 00:00;22,0
02.05.2024 00:00;02.05.2024 01:00;14,56
02.05.2024 01:00;02.05.2024 02:00;10,94
02.05.2024 02:00;02.05.2024 03:00;10,0
02.05.2024 03:00;02.05.2024 04:00;7,8
02.05.2024 04:00;02.05.2024 05:00;10,63
02.05.2024 05:00;02.05.2024 06:00;32,06
02.05.2024 06:00;02.05.2024 07:00;72,72
02.05.2024 07:00;02.05.2024 08:00;78,28
02.05.2024 08:00;02.05.2024 09:00;62,9
02.05.2024 09:00;02.05.2024 10:00;31,45
02.05.2024 10:00;02.05.2024 11:00;5,1
02.05.2024 11:00;02.05.2024 12:00;-0,08
02.05.2024 12:00;02.05.2024 13:00;-1,73
02.05.2024 13:00;02.05.2024 14:00;-4,19
02.05.2024 14:00;02.05.2024 15:00;-0,05
02.05.2024 15:00;02.05.2024 16:00;-1,39
02.05.2024 16:00;02.05.2024 17:00;4,04
02.05.2024 17:00;02.05.2024 18:00;55,16
02.05.2024 18:00;02.05.2024 19:00;81,22
02.05.2024 19:00;02.05.2024 20:00;87,96
02.05.2024 20:00;02.05.2024 21:00;85,14
02.05.2024 21:00;02.05.2024 22:00;82,31
02.05.2024 22:00;02.05.2024 23:00;78,21
02.05.2024 23:00;03.05.2024 00:00;71,02
03.05.2024 00:00;03.05.2024 01:00;61,9
03.05.2024 01:00;03.05.2024 02:00;59,14
03.05.2024 02:00;03.05.2024 03:00;57,95
03.05.2024 03:00;03.05.2024 04:00;58,5
03.05.2024 04:00;03.05.2024 05:00;59,14
03.05.2024 05:00;03.05.2024 06:00;69,17
03.05.2024 06:00;03.05.2024 07:00;83,76
03.05.2024 07:00;03.05.2024 08:00;85,47
03.05.2024 08:00;03.05.2024 09:00;92,31
03.05.2024 09:00;03.05.2024 10:00;88,25
03.05.2024 10:00;03.05.2024 11:00;77,95
03.05.2024 11:00;03.05.2024 12:00;72,58
03.05.2024 12:00;03.05.2024 13:00;64,11
03.05.2024 13:00;03.05.2024 14:00;59,33
03.05.2024 14:00;03.05.2024 15:00;60,05
03.05.2024 15:00;03.05.2024 16:00;64,69
03.05.2024 16:00;03.05.2024 17:00;72,29
03.05.2024 17:00;03.05.2024 18:00;79,55
03.05.2024 18:00;03.05.2024 19:00;88,89
03.05.2024 19:00;03.05.2024 20:00;105,49
03.05.2024 20:00;03.05.2024 21:00;119,94
03.05.2024 21:00;03.05.2024 22:00;107,95
03.05.2024 22:00;03.05.2024 23:00;93,46
03.05.2024 23:00;04.05.2024 00:00;85,56
04.05.2024 00:00;04.05.2024 01:00;90,8
04.05.2024 01:00;04.05.2024 02:00;87,79
04.05.2024 02:00;04.05.2024 03:00;86,26
04.05.2024 03:00;04.05.2024 04:00;87,72
04.05.2024 04:00;04.05.2024 05:00;90,64
04.05.2024 05:00;04.05.2024 06:00;98,34
04.05.2024 06:00;04.05.2024 07:00;94,19
04.05.2024 07:00;04.05.2024 08:00;90,02
04.05.2024 08:00;04.05.2024 09:00;78,48
04.05.2024 09:00;04.05.2024 10:00;62,38
04.05.2024 10:00;04.05.2024 11:00;41,17
04.05.2024 11:00;04.05.2024 12:00;31,18
04.05.2024 12:00;04.05.2024 13:00;24,93
04.05.2024 13:00;04.05.2024 14:00;14,53
04.05.2024 14:00;04.05.2024 15:00;13,34
04.05.2024 15:00;04.05.2024 16:00;26,03
04.05.2024 16:00;04.05.2024 17:00;63,62
04.05.2024 17:00;04.05.2024 18:00;79,36
04.05.2024 18:00;04.05.2024 19:00;98,01
04.05.2024 19:00;04.05.2024 20:00;121,92
04.05.2024 20:00;04.05.2024 21:00;135,4
04.05.2024 21:00;04.05.2024 22:00;113,56
04.05.2024 22:00;04.05.2024 23:00;90,26
04.05.2024 23:00;05.05.2024 00:00;83,6
05.05.2024 00:00;05.05.2024 01:00;90,58
05.05.2024 01:00;05.05.2024 02:00;84,82
05.05.2024 02:00;05.05.2024 03:00;83,52
05.05.2024 03:00;05.05.2024 04:00;80,49
05.05.2024 04:00;05.05.2024 05:00;74,74
05.05.2024 05:00;05.05.2024 06:00;71,13
05.05.2024 06:00;05.05.2024 07:00;62,16
05.05.2024 07:00;05.05.2024 08:00;55,08
05.05.2024 08:00;05.05.2024 09:00;41,33
05.05.2024 09:00;05.05.2024 10:00;26,12
05.05.2024 10:00;05.05.2024 11:00;8,85
05.05.2024 11:00;05.05.2024 12:00;0,44
05.05.2024 12:00;05.05.2024 13:00;0,0
05.05.2024 13:00;05.05.2024 14:00;-0,04
05.05.2024 14:00;05.05.2024 15:00;-0,97
05.05.2024 15:00;05.05.2024 16:00;-0,1
05.05.2024 16:00;05.05.2024 17:00;0,0
05.05.2024 17:00;05.05.2024 18:00;32,0
05.05.2024 18:00;05.05.2024 19:00;86,5
05.05.2024 19:00;05.05.2024 20:00;96,24
05.05.2024 20:00;05.05.2024 21:00;111,92
05.05.2024 21:00;05.05.2024 22:00;107,53
05.05.2024 22:00;05.05.2024 23:00;98,74
05.05.2024 23:00;06.05.2024 00:00;88,67
06.05.2024 00:00;06.05.2024 01:00;82,86
06.05.2024 01:00;06.05.2024 02:00;79,59
06.05.2024 02:00;06.05.2024 03:00;80,41
06.05.2024 03:00;06.05.2024 04:00;79,95
06.05.2024 04:00;06.05.2024 05:00;81,69
06.05.2024 05:00;06.05.2024 06:00;88,78
06.05.2024 06:00;06.05.2024 07:00;107,09
06.05.2024 07:00;06.05.2024 08:00;130,26
06.05.2024 08:00;06.05.2024 09:00;101,35
06.05.2024 09:00;06.05.2024 10:00;89,0
06.05.2024 10:00;06.05.2024 11:00;81,11
06.05.2024 11:00;06.05.2024 12:00;76,23
06.05.2024 12:00;06.05.2024 13:00;76,26
06.05.2024 13:00;06.05.2024 14:00;74,71
06.05.2024 14:00;06.05.2024 15:00;74,89
06.05.2024 15:00;06.05.2024 16:00;81,11
06.05.2024 16:00;06.05.2024 17:00;81,62
06.05.2024 17:00;06.05.2024 18:00;93,36
06.05.2024 18:00;06.05.2024 19:00;108,37
06.05.2024 19:00;06.05.2024 20:00;136,65
06.05.2024 20:00;06.05.2024 21:00;143,99
06.05.2024 21:00;06.05.2024 22:00;107,98
06.05.2024 22:00;06.05.2024 23:00;94,58
06.05.2024 23:00;07.05.2024 00:00;84,42
07.05.2024 00:00;07.05.2024 01:00;81,73
07.05.2024 01:00;07.05.2024 02:00;79,17
07.05.2024 02:00;07.05.2024 03:00;77,23
07.05.2024 03:00;07.05.2024 04:00;79,99
07.05.2024 04:00;07.05.2024 05:00;80,08
07.05.2024 05:00;07.05.2024 06:00;82,06
07.05.2024 06:00;07.05.2024 07:00;98,84
07.05.2024 07:00;07.05.2024 08:00;121,7
07.05.2024 08:00;07.05.2024 09:00;112,66
07.05.2024 09:00;07.05.2024 10:00;91,75
07.05.2024 10:00;07.05.2024 11:00;85,21
07.05.2024 11:00;07.05.2024 12:00;81,08
07.05.2024 12:00;07.05.2024 13:00;74,73
07.05.2024 13:00;07.05.2024 14:00;70,43
07.05.2024 14:00;07.05.2024 15:00;65,53
07.05.2024 15:00;07.05.2024 16:00;74,05
07.05.2024 16:00;07.05.2024 17:00;83,12
07.05.2024 17:00;07.05.2024 18:00;90,82
07.05.2024 18:00;07.05.2024 19:00;105,86
07.05.2024 19:00;07.05.2024 20:00;133,85
07.05.2024 20:00;07.05.2024 21:00;151,05
07.05.2024 21:00;07.05.2024 22:00;122,04
07.05.2024 22:00;07.05.2024 23:00;101,7
07.05.2024 23:00;08.05.2024 00:00;88,22
08.05.2024 00:00;08.05.2024 01:00;83,97
08.05.2024 01:00;08.05.2024 02:00;80,84
08.05.2024 02:00;08.05.2024 03:00;80,88
08.05.2024 03:00;08.05.2024 04:00;82,47
08.05.2024 04:00;08.05.2024 05:00;82,48
08.05.2024 05:00;08.05.2024 06:00;89,59
08.05.2024 06:00;08.05.2024 07:00;107,48
08.05.2024 07:00;08.05.2024 08:00;118,96
08.05.2024 08:00;08.05.2024 09:00;110,12
08.05.2024 09:00;08.05.2024 10:00;92,41
08.05.2024 10:00;08.05.2024 11:00;85,4
08.05.2024 11:00;08.05.2024 12:00;79,48
08.05.2024 12:00;08.05.2024 13:00;72,93
08.05.2024 13:00;08.05.2024 14:00;68,79
08.05.2024 14:00;08.05.2024 15:00;66,58
08.05.2024 15:00;08.05.2024 16:00;66,95
08.05.2024 16:00;08.05.2024 17:00;75,72
08.05.2024 17:00;08.05.2024 18:00;91,1
08.05.2024 18:00;08.05.2024 19:00;106,5
08.05.2024 19:00;08.05.2024 20:00;127,54
08.05.2024 20:00;08.05.2024 21:00;134,42
08.05.2024 21:00;08.05.2024 22:00;114,65
08.05.2024 22:00;08.05.2024 23:00;96,54
08.05.2024 23:00;09.05.2024 00:00;87,96
09.05.2024 00:00;09.05.2024 01:00;87,6
09.05.2024 01:00;09.05.2024 02:00;88,06
09.05.2024 02:00;09.05.2024 03:00;82,97
09.05.2024 03:00;09.05.2024 04:00;82,95
09.05.2024 04:00;09.05.2024 05:00;88,83
09.05.2024 05:00;09.05.2024 06:00;90,39
09.05.2024 06:00;09.05.2024 07:00;88,13
09.05.2024 07:00;09.05.2024 08:00;80,65
09.05.2024 08:00;09.05.2024 09:00;65,53
09.05.2024 09:00;09.05.2024 10:00;23,34
09.05.2024 10:00;09.05.2024 11:00;5,07
09.05.2024 11:00;09.05.2024 12:00;-0,52
09.05.2024 12:00;09.05.2024 13:00;-0,88
09.05.2024 13:00;09.05.2024 14:00;-1,35
09.05.2024 14:00;09.05.2024 15:00;-2,03
09.05.2024 15:00;09.05.2024 16:00;-0,93
09.05.2024 16:00;09.05.2024 17:00;0,68
09.05.2024 17:00;09.05.2024 18:00;64,48
09.05.2024 18:00;09.05.2024 19:00;89,72
09.05.2024 19:00;09.05.2024 20:00;107,85
09.05.2024 20:00;09.05.2024 21:00;132,79
09.05.2024 21:00;09.05.2024 22:00;123,67
09.05.2024 22:00;09.05.2024 23:00;99,94
09.05.2024 23:00;10.05.2024 00:00;87,75
10.05.2024 00:00;10.05.2024 01:00;92,13
10.05.2024 01:00;10.05.2024 02:00;84,93
10.05.2024 02:00;10.05.2024 03:00;77,07
10.05.2024 03:00;10.05.2024 04:00;74,48
10.05.2024 04:00;10.05.2024 05:00;74,78
10.05.2024 05:00;10.05.2024 06:00;90,45
10.05.2024 06:00;10.05.2024 07:00;115,2
10.05.2024 07:00;10.05.2024 08:00;109,47
10.05.2024 08:00;10.05.2024 09:00;95,6
10.05.2024 09:00;10.05.2024 10:00;67,39
10.05.2024 10:00;10.05.2024 11:00;20,84
10.05.2024 11:00;10.05.2024 12:00;2,87
10.05.2024 12:00;10.05.2024 13:00;0,52
10.05.2024 13:00;10.05.2024 14:00;0,02
10.05.2024 14:00;10.05.2024 15:00;0,02
10.05.2024 15:00;10.05.2024 16:00;20,42
10.05.2024 16:00;10.05.2024 17:00;65,46
10.05.2024 17:00;10.05.2024 18:00;85,88
10.05.2024 18:00;10.05.2024 19:00;105,91
10.05.2024 19:00;10.05.2024 20:00;136,26
10.05.2024 20:00;10.05.2024 21:00;170,72
10.05.2024 21:00;10.05.2024 22:00;136,31
10.05.2024 22:00;10.05.2024 23:00;104,87
10.05.2024 23:00;11.05.2024 00:00;92,16
11.05.2024 00:00;11.05.2024 01:00;96,76
11.05.2024 01:00;11.05.2024 02:00;94,18
11.05.2024 02:00;11.05.2024 03:00;90,03
11.05.2024 03:00;11.05.2024 04:00;89,09
11.05.2024 04:00;11.05.2024 05:00;89,91
11.05.2024 05:00;11.05.2024 06:00;90,7
11.05.2024 06:00;11.05.2024 07:00;86,72
11.05.2024 07:00;11.05.2024 08:00;79,84
11.05.2024 08:00;11.05.2024 09:00;56,47
11.05.2024 09:00;11.05.2024 10:00;6,8
11.05.2024 10:00;11.05.2024 11:00;0,0
11.05.2024 11:00;11.05.2024 12:00;-10,47
11.05.2024 12:00;11.05.2024 13:00;-21,21
11.05.2024 13:00;11.05.2024 14:00;-21,99
11.05.2024 14:00;11.05.2024 15:00;-24,23
11.05.2024 15:00;11.05.2024 16:00;-11,46
11.05.2024 16:00;11.05.2024 17:00;-0,41
11.05.2024 17:00;11.05.2024 18:00;32,77
11.05.2024 18:00;11.05.2024 19:00;81,83
11.05.2024 19:00;11.05.2024 20:00;101,68
11.05.2024 20:00;11.05.2024 21:00;122,5
11.05.2024 21:00;11.05.2024 22:00;103,48
11.05.2024 22:00;11.05.2024 23:00;86,26
11.05.2024 23:00;12.05.2024 00:00;68,37
12.05.2024 00:00;12.05.2024 01:00;65,49
12.05.2024 01:00;12.05.2024 02:00;54,5
12.05.2024 02:00;12.05.2024 03:00;44,52
12.05.2024 03:00;12.05.2024 04:00;41,22
12.05.2024 04:00;12.05.2024 05:00;46,33
12.05.2024 05:00;12.05.2024 06:00;43,5
12.05.2024 06:00;12.05.2024 07:00;17,61
12.05.2024 07:00;12.05.2024 08:00;4,79
12.05.2024 08:00;12.05.2024 09:00;2,35
12.05.2024 09:00;12.05.2024 10:00;-2,8
12.05.2024 10:00;12.05.2024 11:00;-25,0
12.05.2024 11:00;12.05.2024 12:00;-69,64
12.05.2024 12:00;12.05.2024 13:00;-100,06
12.05.2024 13:00;12.05.2024 14:00;-135,45
12.05.2024 14:00;12.05.2024 15:00;-132,85
12.05.2024 15:00;12.05.2024 16:00;-85,08
12.05.2024 16:00;12.05.2024 17:00;-30,0
12.05.2024 17:00;12.05.2024 18:00;-1,33
12.05.2024 18:00;12.05.2024 19:00;22,5
12.05.2024 19:00;12.05.2024 20:00;67,94
12.05.2024 20:00;12.05.2024 21:00;75,74
12.05.2024 21:00;12.05.2024 22:00;58,26
12.05.2024 22:00;12.05.2024 23:00;44,6
12.05.2024 23:00;13.05.2024 00:00;35,61
13.05.2024 00:00;13.05.2024 01:00;26,84
13.05.2024 01:00;13.05.2024 02:00;25,88
13.05.2024 02:00;13.05.2024 03:00;25,71
13.05.2024 03:00;13.05.2024 04:00;24,7
13.05.2024 04:00;13.05.2024 05:00;27,0
13.05.2024 05:00;13.05.2024 06:00;39,68
13.05.2024 06:00;13.05.2024 07:00;79,97
13.05.2024 07:00;13.05.2024 08:00;106,6
13.05.2024 08:00;13.05.2024 09:00;78,47
13.05.2024 09:00;13.05.2024 10:00;43,51
13.05.2024 10:00;13.05.2024 11:00;10,38
13.05.2024 11:00;13.05.2024 12:00;-0,97
13.05.2024 12:00;13.05.2024 13:00;-2,69
13.05.2024 13:00;13.05.2024 14:00;-2,27
13.05.2024 14:00;13.05.2024 15:00;-2,46
13.05.2024 15:00;13.05.2024 16:00;-0,73
13.05.2024 16:00;13.05.2024 17:00;0,07
13.05.2024 17:00;13.05.2024 18:00;55,01
13.05.2024 18:00;13.05.2024 19:00;83,12
13.05.2024 19:00;13.05.2024 20:00;146,18
13.05.2024 20:00;13.05.2024 21:00;139,0
13.05.2024 21:00;13.05.2024 22:00;88,7
13.05.2024 22:00;13.05.2024 23:00;69,55
13.05.2024 23:00;14.05.2024 00:00;52,7
14.05.2024 00:00;14.05.2024 01:00;48,58
14.05.2024 01:00;14.05.2024 02:00;43,43
14.05.2024 02:00;14.05.2024 03:00;35,35
14.05.2024 03:00;14.05.2024 04:00;34,08
14.05.2024 04:00;14.05.2024 05:00;28,89
14.05.2024 05:00;14.05.2024 06:00;52,35
14.05.2024 06:00;14.05.2024 07:00;71,88
14.05.2024 07:00;14.05.2024 08:00;77,33
14.05.2024 08:00;14.05.2024 09:00;51,5
14.05.2024 09:00;14.05.2024 10:00;5,64
14.05.2024 10:00;14.05.2024 11:00;-2,33
14.05.2024 11:00;14.05.2024 12:00;-11,12
14.05.2024 12:00;14.05.2024 13:00;-36,33
14.05.2024 13:00;14.05.2024 14:00;-42,95
14.05.2024 14:00;14.05.2024 15:00;-39,66
14.05.2024 15:00;14.05.2024 16:00;-19,86
14.05.2024 16:00;14.05.2024 17:00;-2,93
14.05.2024 17:00;14.05.2024 18:00;-0,04
14.05.2024 18:00;14.05.2024 19:00;43,74
14.05.2024 19:00;14.05.2024 20:00;83,9
14.05.2024 20:00;14.05.2024 21:00;93,47
14.05.2024 21:00;14.05.2024 22:00;76,41
14.05.2024 22:00;14.05.2024 23:00;45,35
14.05.2024 23:00;15.05.2024 00:00;27,71
15.05.2024 00:00;15.05.2024 01:00;30,56
15.05.2024 01:00;15.05.2024 02:00;32,34
15.05.2024 02:00;15.05.2024 03:00;39,38
15.05.2024 03:00;15.05.2024 04:00;41,8
15.05.2024 04:00;15.05.2024 05:00;37,96
15.05.2024 05:00;15.05.2024 06:00;52,87
15.05.2024 06:00;15.05.2024 07:00;85,01
15.05.2024 07:00;15.05.2024 08:00;88,16
15.05.2024 08:00;15.05.2024 09:00;84,45
15.05.2024 09:00;15.05.2024 10:00;48,42
15.05.2024 10:00;15.05.2024 11:00;7,36
15.05.2024 11:00;15.05.2024 12:00;-0,08
15.05.2024 12:00;15.05.2024 13:00;-9,95
15.05.2024 13:00;15.05.2024 14:00;-11,18
15.05.2024 14:00;15.05.2024 15:00;-9,91
15.05.2024 15:00;15.05.2024 16:00;-0,09
15.05.2024 16:00;15.05.2024 17:00;1,73
15.05.2024 17:00;15.05.2024 18:00;30,33
15.05.2024 18:00;15.05.2024 19:00;73,66
15.05.2024 19:00;15.05.2024 20:00;101,24
15.05.2024 20:00;15.05.2024 21:00;110,2
15.05.2024 21:00;15.05.2024 22:00;83,8
15.05.2024 22:00;15.05.2024 23:00;63,64
15.05.2024 23:00;16.05.2024 00:00;48,67
16.05.2024 00:00;16.05.2024 01:00;51,14
16.05.2024 01:00;16.05.2024 02:00;47,76
16.05.2024 02:00;16.05.2024 03:00;39,62
16.05.2024 03:00;16.05.2024 04:00;49,49
16.05.2024 04:00;16.05.2024 05:00;44,44
16.05.2024 05:00;16.05.2024 06:00;57,5
16.05.2024 06:00;16.05.2024 07:00;81,35
16.05.2024 07:00;16.05.2024 08:00;95,81
16.05.2024 08:00;16.05.2024 09:00;82,98
16.05.2024 09:00;16.05.2024 10:00;53,1
16.05.2024 10:00;16.05.2024 11:00;11,5
16.05.2024 11:00;16.05.2024 12:00;0,08
16.05.2024 12:00;16.05.2024 13:00;-0,02
16.05.2024 13:00;16.05.2024 14:00;-0,71
16.05.2024 14:00;16.05.2024 15:00;-0,16
16.05.2024 15:00;16.05.2024 16:00;0,01
16.05.2024 16:00;16.05.2024 17:00;10,0
16.05.2024 17:00;16.05.2024 18:00;44,95
16.05.2024 18:00;16.05.2024 19:00;74,96
16.05.2024 19:00;16.05.2024 20:00;96,06
16.05.2024 20:00;16.05.2024 21:00;109,91
16.05.2024 21:00;16.05.2024 22:00;87,89
16.05.2024 22:00;16.05.2024 23:00;82,57
16.05.2024 23:00;17.05.2024 00:00;69,18
17.05.2024 00:00;17.05.2024 01:00;69,52
17.05.2024 01:00;17.05.2024 02:00;63,2
17.05.2024 02:00;17.05.2024 03:00;63,22
17.05.2024 03:00;17.05.2024 04:00;62,48
17.05.2024 04:00;17.05.2024 05:00;64,39
17.05.2024 05:00;17.05.2024 06:00;63,24
17.05.2024 06:00;17.05.2024 07:00;83,73
17.05.2024 07:00;17.05.2024 08:00;99,94
17.05.2024 08:00;17.05.2024 09:00;94,71
17.05.2024 09:00;17.05.2024 10:00;73,9
17.05.2024 10:00;17.05.2024 11:00;64,46
17.05.2024 11:00;17.05.2024 12:00;57,41
17.05.2024 12:00;17.05.2024 13:00;38,11
17.05.2024 13:00;17.05.2024 14:00;28,24
17.05.2024 14:00;17.05.2024 15:00;31,6
17.05.2024 15:00;17.05.2024 16:00;37,5
17.05.2024 16:00;17.05.2024 17:00;52,09
17.05.2024 17:00;17.05.2024 18:00;70,54
17.05.2024 18:00;17.05.2024 19:00;69,88
17.05.2024 19:00;17.05.2024 20:00;94,95
17.05.2024 20:00;17.05.2024 21:00;107,94
17.05.2024 21:00;17.05.2024 22:00;95,22
17.05.2024 22:00;17.05.2024 23:00;89,39
17.05.2024 23:00;18.05.2024 00:00;80,65
18.05.2024 00:00;18.05.2024 01:00;67,55
18.05.2024 01:00;18.05.2024 02:00;63,61
18.05.2024 02:00;18.05.2024 03:00;63,82
18.05.2024 03:00;18.05.2024 04:00;65,18
18.05.2024 04:00;18.05.2024 05:00;69,01
18.05.2024 05:00;18.05.2024 06:00;72,51
18.05.2024 06:00;18.05.2024 07:00;71,86
18.05.2024 07:00;18.05.2024 08:00;70,39
18.05.2024 08:00;18.05.2024 09:00;63,86
18.05.2024 09:00;18.05.2024 10:00;47,36
18.05.2024 10:00;18.05.2024 11:00;9,43
18.05.2024 11:00;18.05.2024 12:00;0,71
18.05.2024 12:00;18.05.2024 13:00;-0,02
18.05.2024 13:00;18.05.2024 14:00;-1,3
18.05.2024 14:00;18.05.2024 15:00;-2,79
18.05.2024 15:00;18.05.2024 16:00;-1,92
18.05.2024 16:00;18.05.2024 17:00;-0,04
18.05.2024 17:00;18.05.2024 18:00;50,66
18.05.2024 18:00;18.05.2024 19:00;81,91
18.05.2024 19:00;18.05.2024 20:00;109,94
18.05.2024 20:00;18.05.2024 21:00;131,66
18.05.2024 21:00;18.05.2024 22:00;122,78
18.05.2024 22:00;18.05.2024 23:00;96,52
18.05.2024 23:00;19.05.2024 00:00;86,6
19.05.2024 00:00;19.05.2024 01:00;90,69
19.05.2024 01:00;19.05.2024 02:00;89,06
19.05.2024 02:00;19.05.2024 03:00;88,66
19.05.2024 03:00;19.05.2024 04:00;86,91
19.05.2024 04:00;19.05.2024 05:00;86,13
19.05.2024 05:00;19.05.2024 06:00;80,56
19.05.2024 06:00;19.05.2024 07:00;75,57
19.05.2024 07:00;19.05.2024 08:00;70,24
19.05.2024 08:00;19.05.2024 09:00;46,96
19.05.2024 09:00;19.05.2024 10:00;5,6
19.05.2024 10:00;19.05.2024 11:00;-0,03
19.05.2024 11:00;19.05.2024 12:00;-0,18
19.05.2024 12:00;19.05.2024 13:00;-2,06
19.05.2024 13:00;19.05.2024 14:00;-7,41
19.05.2024 14:00;19.05.2024 15:00;-15,13
19.05.2024 15:00;19.05.2024 16:00;-10,0
19.05.2024 16:00;19.05.2024 17:00;-3,79
19.05.2024 17:00;19.05.2024 18:00;-0,06
19.05.2024 18:00;19.05.2024 19:00;64,17
19.05.2024 19:00;19.05.2024 20:00;89,59
19.05.2024 20:00;19.05.2024 21:00;113,66
19.05.2024 21:00;19.05.2024 22:00;122,86
19.05.2024 22:00;19.05.2024 23:00;101,93
19.05.2024 23:00;20.05.2024 00:00;86,14
20.05.2024 00:00;20.05.2024 01:00;91,09
20.05.2024 01:00;20.05.2024 02:00;82,64
20.05.2024 02:00;20.05.2024 03:00;86,73
20.05.2024 03:00;20.05.2024 04:00;86,09
20.05.2024 04:00;20.05.2024 05:00;88,21
20.05.2024 05:00;20.05.2024 06:00;91,46
20.05.2024 06:00;20.05.2024 07:00;104,72
20.05.2024 07:00;20.05.2024 08:00;105,69
20.05.2024 08:00;20.05.2024 09:00;72,24
20.05.2024 09:00;20.05.2024 10:00;32,8
20.05.2024 10:00;20.05.2024 11:00;12,41
20.05.2024 11:00;20.05.2024 12:00;6,06
20.05.2024 12:00;20.05.2024 13:00;2,41
20.05.2024 13:00;20.05.2024 14:00;0,0
20.05.2024 14:00;20.05.2024 15:00;-0,33
20.05.2024 15:00;20.05.2024 16:00;-0,07
20.05.2024 16:00;20.05.2024 17:00;0,89
20.05.2024 17:00;20.05.2024 18:00;64,17
20.05.2024 18:00;20.05.2024 19:00;85,94
20.05.2024 19:00;20.05.2024 20:00;113,63
20.05.2024 20:00;20.05.2024 21:00;135,9
20.05.2024 21:00;20.05.2024 22:00;120,33
20.05.2024 22:00;20.05.2024 23:00;96,63
20.05.2024 23:00;21.05.2024 00:00;79,86
21.05.2024 00:00;21.05.2024 01:00;81,46
21.05.2024 01:00;21.05.2024 02:00;76,4
21.05.2024 02:00;21.05.2024 03:00;76,21
21.05.2024 03:00;21.05.2024 04:00;77,92
21.05.2024 04:00;21.05.2024 05:00;74,93
21.05.2024 05:00;21.05.2024 06:00;79,58
21.05.2024 06:00;21.05.2024 07:00;112,26
21.05.2024 07:00;21.05.2024 08:00;122,98
21.05.2024 08:00;21.05.2024 09:00;97,35
21.05.2024 09:00;21.05.2024 10:00;81,86
21.05.2024 10:00;21.05.2024 11:00;66,98
21.05.2024 11:00;21.05.2024 12:00;54,42
21.05.2024 12:00;21.05.2024 13:00;28,47
21.05.2024 13:00;21.05.2024 14:00;31,34
21.05.2024 14:00;21.05.2024 15:00;54,09
21.05.2024 15:00;21.05.2024 16:00;69,65
21.05.2024 16:00;21.05.2024 17:00;79,61
21.05.2024 17:00;21.05.2024 18:00;87,98
21.05.2024 18:00;21.05.2024 19:00;103,44
21.05.2024 19:00;21.05.2024 20:00;126,98
21.05.2024 20:00;21.05.2024 21:00;99,07
21.05.2024 21:00;21.05.2024 22:00;83,58
21.05.2024 22:00;21.05.2024 23:00;83,05
21.05.2024 23:00;22.05.2024 00:00;65,91
22.05.2024 00:00;22.05.2024 01:00;70,03
22.05.2024 01:00;22.05.2024 02:00;66,4
22.05.2024 02:00;22.05.2024 03:00;64,9
22.05.2024 03:00;22.05.2024 04:00;54,12
22.05.2024 04:00;22.05.2024 05:00;62,66
22.05.2024 05:00;22.05.2024 06:00;70,2
22.05.2024 06:00;22.05.2024 07:00;98,14
22.05.2024 07:00;22.05.2024 08:00;103,12
22.05.2024 08:00;22.05.2024 09:00;94,98
22.05.2024 09:00;22.05.2024 10:00;81,21
22.05.2024 10:00;22.05.2024 11:00;70,0
22.05.2024 11:00;22.05.2024 12:00;69,78
22.05.2024 12:00;22.05.2024 13:00;65,65
22.05.2024 13:00;22.05.2024 14:00;56,91
22.05.2024 14:00;22.05.2024 15:00;56,14
22.05.2024 15:00;22.05.2024 16:00;67,17
22.05.2024 16:00;22.05.2024 17:00;77,61
22.05.2024 17:00;22.05.2024 18:00;92,45
22.05.2024 18:00;22.05.2024 19:00;99,98
22.05.2024 19:00;22.05.2024 20:00;147,02
22.05.2024 20:00;22.05.2024 21:00;154,88
22.05.2024 21:00;22.05.2024 22:00;135,99
22.05.2024 22:00;22.05.2024 23:00;107,71
22.05.2024 23:00;23.05.2024 00:00;93,22
23.05.2024 00:00;23.05.2024 01:00;79,27
23.05.2024 01:00;23.05.2024 02:00;78,45
23.05.2024 02:00;23.05.2024 03:00;74,93
23.05.2024 03:00;23.05.2024 04:00;76,68
23.05.2024 04:00;23.05.2024 05:00;78,65
23.05.2024 05:00;23.05.2024 06:00;84,8
23.05.2024 06:00;23.05.2024 07:00;107,98
23.05.2024 07:00;23.05.2024 08:00;118,0
23.05.2024 08:00;23.05.2024 09:00;97,84
23.05.2024 09:00;23.05.2024 10:00;75,65
23.05.2024 10:00;23.05.2024 11:00;74,89
23.05.2024 11:00;23.05.2024 12:00;64,1
23.05.2024 12:00;23.05.2024 13:00;52,5
23.05.2024 13:00;23.05.2024 14:00;45,31
23.05.2024 14:00;23.05.2024 15:00;56,98
23.05.2024 15:00;23.05.2024 16:00;71,4
23.05.2024 16:00;23.05.2024 17:00;83,77
23.05.2024 17:00;23.05.2024 18:00;96,64
23.05.2024 18:00;23.05.2024 19:00;111,49
23.05.2024 19:00;23.05.2024 20:00;156,28
23.05.2024 20:00;23.05.2024 21:00;180,06
23.05.2024 21:00;23.05.2024 22:00;155,98
23.05.2024 22:00;23.05.2024 23:00;126,15
23.05.2024 23:00;24.05.2024 00:00;105,03
24.05.2024 00:00;24.05.2024 01:00;103,17
24.05.2024 01:00;24.05.2024 02:00;94,12
24.05.2024 02:00;24.05.2024 03:00;89,79
24.05.2024 03:00;24.05.2024 04:00;88,22
24.05.2024 04:00;24.05.2024 05:00;91,8
24.05.2024 05:00;24.05.2024 06:00;103,23
24.05.2024 06:00;24.05.2024 07:00;123,84
24.05.2024 07:00;24.05.2024 08:00;122,07
24.05.2024 08:00;24.05.2024 09:00;115,9
24.05.2024 09:00;24.05.2024 10:00;106,1
24.05.2024 10:00;24.05.2024 11:00;96,16
24.05.2024 11:00;24.05.2024 12:00;90,07
24.05.2024 12:00;24.05.2024 13:00;88,98
24.05.2024 13:00;24.05.2024 14:00;87,74
24.05.2024 14:00;24.05.2024 15:00;88,12
24.05.2024 15:00;24.05.2024 16:00;88,18
24.05.2024 16:00;24.05.2024 17:00;84,27
24.05.2024 17:00;24.05.2024 18:00;98,79
24.05.2024 18:00;24.05.2024 19:00;111,77
24.05.2024 19:00;24.05.2024 20:00;129,99
24.05.2024 20:00;24.05.2024 21:00;125,0
24.05.2024 21:00;24.05.2024 22:00;115,84
24.05.2024 22:00;24.05.2024 23:00;109,67
24.05.2024 23:00;25.05.2024 00:00;99,84
25.05.2024 00:00;25.05.2024 01:00;94,88
25.05.2024 01:00;25.05.2024 02:00;91,83
25.05.2024 02:00;25.05.2024 03:00;90,43
25.05.2024 03:00;25.05.2024 04:00;89,16
25.05.2024 04:00;25.05.2024 05:00;89,03
25.05.2024 05:00;25.05.2024 06:00;90,26
25.05.2024 06:00;25.05.2024 07:00;90,68
25.05.2024 07:00;25.05.2024 08:00;86,23
25.05.2024 08:00;25.05.2024 09:00;78,58
25.05.2024 09:00;25.05.2024 10:00;74,75
25.05.2024 10:00;25.05.2024 11:00;54,23
25.05.2024 11:00;25.05.2024 12:00;9,34
25.05.2024 12:00;25.05.2024 13:00;3,24
25.05.2024 13:00;25.05.2024 14:00;0,04
25.05.2024 14:00;25.05.2024 15:00;0,0
25.05.2024 15:00;25.05.2024 16:00;0,02
25.05.2024 16:00;25.05.2024 17:00;14,23
25.05.2024 17:00;25.05.2024 18:00;76,04
25.05.2024 18:00;25.05.2024 19:00;96,23
25.05.2024 19:00;25.05.2024 20:00;115,77
25.05.2024 20:00;25.05.2024 21:00;131,92
25.05.2024 21:00;25.05.2024 22:00;136,95
25.05.2024 22:00;25.05.2024 23:00;115,77
25.05.2024 23:00;26.05.2024 00:00;104,54
26.05.2024 00:00;26.05.2024 01:00;107,36
26.05.2024 01:00;26.05.2024 02:00;98,3
26.05.2024 02:00;26.05.2024 03:00;90,77
26.05.2024 03:00;26.05.2024 04:00;90,1
26.05.2024 04:00;26.05.2024 05:00;91,16
26.05.2024 05:00;26.05.2024 06:00;88,61
26.05.2024 06:00;26.05.2024 07:00;83,49
26.05.2024 07:00;26.05.2024 08:00;71,9
26.05.2024 08:00;26.05.2024 09:00;13,25
26.05.2024 09:00;26.05.2024 10:00;0,02
26.05.2024 10:00;26.05.2024 11:00;0,0
26.05.2024 11:00;26.05.2024 12:00;-0,09
26.05.2024 12:00;26.05.2024 13:00;-2,12
26.05.2024 13:00;26.05.2024 14:00;-10,66
26.05.2024 14:00;26.05.2024 15:00;-23,88
26.05.2024 15:00;26.05.2024 16:00;-9,91
26.05.2024 16:00;26.05.2024 17:00;-0,6
26.05.2024 17:00;26.05.2024 18:00;57,0
26.05.2024 18:00;26.05.2024 19:00;93,26
26.05.2024 19:00;26.05.2024 20:00;118,08
26.05.2024 20:00;26.05.2024 21:00;118,74
26.05.2024 21:00;26.05.2024 22:00;121,1
26.05.2024 22:00;26.05.2024 23:00;106,94
26.05.2024 23:00;27.05.2024 00:00;87,5
27.05.2024 00:00;27.05.2024 01:00;78,34
27.05.2024 01:00;27.05.2024 02:00;75,07
27.05.2024 02:00;27.05.2024 03:00;74,44
27.05.2024 03:00;27.05.2024 04:00;74,43
27.05.2024 04:00;27.05.2024 05:00;77,87
27.05.2024 05:00;27.05.2024 06:00;84,04
27.05.2024 06:00;27.05.2024 07:00;112,94
27.05.2024 07:00;27.05.2024 08:00;128,74
27.05.2024 08:00;27.05.2024 09:00;124,55
27.05.2024 09:00;27.05.2024 10:00;107,22
27.05.2024 10:00;27.05.2024 11:00;88,44
27.05.2024 11:00;27.05.2024 12:00;86,26
27.05.2024 12:00;27.05.2024 13:00;77,34
27.05.2024 13:00;27.05.2024 14:00;74,46
27.05.2024 14:00;27.05.2024 15:00;72,96
27.05.2024 15:00;27.05.2024 16:00;77,78
27.05.2024 16:00;27.05.2024 17:00;84,66
27.05.2024 17:00;27.05.2024 18:00;111,04
27.05.2024 18:00;27.05.2024 19:00;131,4
27.05.2024 19:00;27.05.2024 20:00;186,68
27.05.2024 20:00;27.05.2024 21:00;221,46
27.05.2024 21:00;27.05.2024 22:00;169,86
27.05.2024 22:00;27.05.2024 23:00;131,4
27.05.2024 23:00;28.05.2024 00:00;113,78
28.05.2024 00:00;28.05.2024 01:00;97,78
28.05.2024 01:00;28.05.2024 02:00;90,5
28.05.2024 02:00;28.05.2024 03:00;87,64
28.05.2024 03:00;28.05.2024 04:00;85,22
28.05.2024 04:00;28.05.2024 05:00;83,96
28.05.2024 05:00;28.05.2024 06:00;88,04
28.05.2024 06:00;28.05.2024 07:00;110,34
28.05.2024 07:00;28.05.2024 08:00;120,1
28.05.2024 08:00;28.05.2024 09:00;102,23
28.05.2024 09:00;28.05.2024 10:00;85,43
28.05.2024 10:00;28.05.2024 11:00;72,52
28.05.2024 11:00;28.05.2024 12:00;69,17
28.05.2024 12:00;28.05.2024 13:00;61,1
28.05.2024 13:00;28.05.2024 14:00;55,25
28.05.2024 14:00;28.05.2024 15:00;55,27
28.05.2024 15:00;28.05.2024 16:00;65,66
28.05.2024 16:00;28.05.2024 17:00;72,52
28.05.2024 17:00;28.05.2024 18:00;85,8
28.05.2024 18:00;28.05.2024 19:00;102,28
28.05.2024 19:00;28.05.2024 20:00;130,05
28.05.2024 20:00;28.05.2024 21:00;144,31
28.05.2024 21:00;28.05.2024 22:00;124,0
28.05.2024 22:00;28.05.2024 23:00;100,09
28.05.2024 23:00;29.05.2024 00:00;88,78
29.05.2024 00:00;29.05.2024 01:00;72,22
29.05.2024 01:00;29.05.2024 02:00;57,54
29.05.2024 02:00;29.05.2024 03:00;54,28
29.05.2024 03:00;29.05.2024 04:00;50,59
29.05.2024 04:00;29.05.2024 05:00;49,83
29.05.2024 05:00;29.05.2024 06:00;45,91
29.05.2024 06:00;29.05.2024 07:00;72,15
29.05.2024 07:00;29.05.2024 08:00;86,45
29.05.2024 08:00;29.05.2024 09:00;91,52
29.05.2024 09:00;29.05.2024 10:00;69,11
29.05.2024 10:00;29.05.2024 11:00;67,85
29.05.2024 11:00;29.05.2024 12:00;62,12
29.05.2024 12:00;29.05.2024 13:00;59,07
29.05.2024 13:00;29.05.2024 14:00;62,25
29.05.2024 14:00;29.05.2024 15:00;62,18
29.05.2024 15:00;29.05.2024 16:00;69,49
29.05.2024 16:00;29.05.2024 17:00;72,67
29.05.2024 17:00;29.05.2024 18:00;89,23
29.05.2024 18:00;29.05.2024 19:00;94,66
29.05.2024 19:00;29.05.2024 20:00;111,44
29.05.2024 20:00;29.05.2024 21:00;140,5
29.05.2024 21:00;29.05.2024 22:00;143,26
29.05.2024 22:00;29.05.2024 23:00;120,39
29.05.2024 23:00;30.05.2024 00:00;95,53
30.05.2024 00:00;30.05.2024 01:00;100,43
30.05.2024 01:00;30.05.2024 02:00;96,2
30.05.2024 02:00;30.05.2024 03:00;91,21
30.05.2024 03:00;30.05.2024 04:00;93,63
30.05.2024 04:00;30.05.2024 05:00;94,56
30.05.2024 05:00;30.05.2024 06:00;100,79
30.05.2024 06:00;30.05.2024 07:00;103,37
30.05.2024 07:00;30.05.2024 08:00;106,67
30.05.2024 08:00;30.05.2024 09:00;97,71
30.05.2024 09:00;30.05.2024 10:00;93,9
30.05.2024 10:00;30.05.2024 11:00;85,0
30.05.2024 11:00;30.05.2024 12:00;80,0
30.05.2024 12:00;30.05.2024 13:00;70,92
30.05.2024 13:00;30.05.2024 14:00;62,97
30.05.2024 14:00;30.05.2024 15:00;62,97
30.05.2024 15:00;30.05.2024 16:00;67,69
30.05.2024 16:00;30.05.2024 17:00;83,75
30.05.2024 17:00;30.05.2024 18:00;90,13
30.05.2024 18:00;30.05.2024 19:00;110,67
30.05.2024 19:00;30.05.2024 20:00;135,23
30.05.2024 20:00;30.05.2024 21:00;154,73
30.05.2024 21:00;30.05.2024 22:00;143,45
30.05.2024 22:00;30.05.2024 23:00;112,11
30.05.2024 23:00;31.05.2024 00:00;100,71
31.05.2024 00:00;31.05.2024 01:00;96,21
31.05.2024 01:00;31.05.2024 02:00;80,71
31.05.2024 02:00;31.05.2024 03:00;79,49
31.05.2024 03:00;31.05.2024 04:00;73,71
31.05.2024 04:00;31.05.2024 05:00;74,53
31.05.2024 05:00;31.05.2024 06:00;90,06
31.05.2024 06:00;31.05.2024 07:00;106,27
31.05.2024 07:00;31.05.2024 08:00;109,11
31.05.2024 08:00;31.05.2024 09:00;108,72
31.05.2024 09:00;31.05.2024 10:00;102,36
31.05.2024 10:00;31.05.2024 11:00;91,97
31.05.2024 11:00;31.05.2024 12:00;82,02
31.05.2024 12:00;31.05.2024 13:00;74,91
31.05.2024 13:00;31.05.2024 14:00;68,5
31.05.2024 14:00;31.05.2024 15:00;65,3
31.05.2024 15:00;31.05.2024 16:00;66,94
31.05.2024 16:00;31.05.2024 17:00;75,07
31.05.2024 17:00;31.05.2024 18:00;84,1
31.05.2024 18:00;31.05.2024 19:00;94,46
31.05.2024 19:00;31.05.2024 20:00;107,94
31.05.2024 20:00;31.05.2024 21:00;115,0
31.05.2024 21:00;31.05.2024 22:00;107,91
31.05.2024 22:00;31.05.2024 23:00;101,74
31.05.2024 23:00;01.06.2024 00:00;84,18
01.06.2024 00:00;01.06.2024 01:00;88,58
01.06.2024 01:00;01.06.2024 02:00;88,82
01.06.2024 02:00;01.06.2024 03:00;79,66
01.06.2024 03:00;01.06.2024 04:00;72,14
01.06.2024 04:00;01.06.2024 05:00;71,87
01.06.2024 05:00;01.06.2024 06:00;71,83
01.06.2024 06:00;01.06.2024 07:00;75,2
01.06.2024 07:00;01.06.2024 08:00;74,4
01.06.2024 08:00;01.06.2024 09:00;72,49
01.06.2024 09:00;01.06.2024 10:00;61,35
01.06.2024 10:00;01.06.2024 11:00;47,16
01.06.2024 11:00;01.06.2024 12:00;41,86
01.06.2024 12:00;01.06.2024 13:00;21,21
01.06.2024 13:00;01.06.2024 14:00;7,44
01.06.2024 14:00;01.06.2024 15:00;2,92
01.06.2024 15:00;01.06.2024 16:00;5,8
01.06.2024 16:00;01.06.2024 17:00;13,0
01.06.2024 17:00;01.06.2024 18:00;52,08
01.06.2024 18:00;01.06.2024 19:00;67,5
01.06.2024 19:00;01.06.2024 20:00;81,9
01.06.2024 20:00;01.06.2024 21:00;85,86
01.06.2024 21:00;01.06.2024 22:00;81,76
01.06.2024 22:00;01.06.2024 23:00;84,48
01.06.2024 23:00;02.06.2024 00:00;65,39
02.06.2024 00:00;02.06.2024 01:00;35,71
02.06.2024 01:00;02.06.2024 02:00;31,12
02.06.2024 02:00;02.06.2024 03:00;15,85
02.06.2024 03:00;02.06.2024 04:00;7,22
02.06.2024 04:00;02.06.2024 05:00;8,96
02.06.2024 05:00;02.06.2024 06:00;5,13
02.06.2024 06:00;02.06.2024 07:00;4,91
02.06.2024 07:00;02.06.2024 08:00;4,11
02.06.2024 08:00;02.06.2024 09:00;0,97
02.06.2024 09:00;02.06.2024 10:00;0,0
02.06.2024 10:00;02.06.2024 11:00;1,56
02.06.2024 11:00;02.06.2024 12:00;0,77
02.06.2024 12:00;02.06.2024 13:00;-0,1
02.06.2024 13:00;02.06.2024 14:00;-4,01
02.06.2024 14:00;02.06.2024 15:00;-15,93
02.06.2024 15:00;02.06.2024 16:00;-19,58
02.06.2024 16:00;02.06.2024 17:00;-8,98
02.06.2024 17:00;02.06.2024 18:00;-1,27
02.06.2024 18:00;02.06.2024 19:00;13,95
02.06.2024 19:00;02.06.2024 20:00;67,23
02.06.2024 20:00;02.06.2024 21:00;94,99
02.06.2024 21:00;02.06.2024 22:00;106,93
02.06.2024 22:00;02.06.2024 23:00;109,01
02.06.2024 23:00;03.06.2024 00:00;99,16
03.06.2024 00:00;03.06.2024 01:00;98,26
03.06.2024 01:00;03.06.2024 02:00;84,58
03.06.2024 02:00;03.06.2024 03:00;83,67
03.06.2024 03:00;03.06.2024 04:00;83,81
03.06.2024 04:00;03.06.2024 05:00;82,17
03.06.2024 05:00;03.06.2024 06:00;96,17
03.06.2024 06:00;03.06.2024 07:00;133,28
03.06.2024 07:00;03.06.2024 08:00;193,06
03.06.2024 08:00;03.06.2024 09:00;164,48
03.06.2024 09:00;03.06.2024 10:00;128,08
03.06.2024 10:00;03.06.2024 11:00;99,05
03.06.2024 11:00;03.06.2024 12:00;95,9
03.06.2024 12:00;03.06.2024 13:00;81,09
03.06.2024 13:00;03.06.2024 14:00;74,9
03.06.2024 14:00;03.06.2024 15:00;67,3
03.06.2024 15:00;03.06.2024 16:00;72,02
03.06.2024 16:00;03.06.2024 17:00;78,0
03.06.2024 17:00;03.06.2024 18:00;105,95
03.06.2024 18:00;03.06.2024 19:00;127,32
03.06.2024 19:00;03.06.2024 20:00;182,91
03.06.2024 20:00;03.06.2024 21:00;215,28
03.06.2024 21:00;03.06.2024 22:00;198,79
03.06.2024 22:00;03.06.2024 23:00;149,29
03.06.2024 23:00;04.06.2024 00:00;116,04
04.06.2024 00:00;04.06.2024 01:00;106,87
04.06.2024 01:00;04.06.2024 02:00;99,98
04.06.2024 02:00;04.06.2024 03:00;95,42
04.06.2024 03:00;04.06.2024 04:00;92,94
04.06.2024 04:00;04.06.2024 05:00;92,25
04.06.2024 05:00;04.06.2024 06:00;104,69
04.06.2024 06:00;04.06.2024 07:00;162,0
04.06.2024 07:00;04.06.2024 08:00;177,66
04.06.2024 08:00;04.06.2024 09:00;141,68
04.06.2024 09:00;04.06.2024 10:00;112,37
04.06.2024 10:00;04.06.2024 11:00;91,6
04.06.2024 11:00;04.06.2024 12:00;81,31
04.06.2024 12:00;04.06.2024 13:00;67,34
04.06.2024 13:00;04.06.2024 14:00;55,27
04.06.2024 14:00;04.06.2024 15:00;43,86
04.06.2024 15:00;04.06.2024 16:00;47,06
04.06.2024 16:00;04.06.2024 17:00;64,03
04.06.2024 17:00;04.06.2024 18:00;84,88
04.06.2024 18:00;04.06.2024 19:00;116,22
04.06.2024 19:00;04.06.2024 20:00;176,78
04.06.2024 20:00;04.06.2024 21:00;235,52
04.06.2024 21:00;04.06.2024 22:00;140,68
04.06.2024 22:00;04.06.2024 23:00;107,34
04.06.2024 23:00;05.06.2024 00:00;75,81
05.06.2024 00:00;05.06.2024 01:00;56,85
05.06.2024 01:00;05.06.2024 02:00;43,93
05.06.2024 02:00;05.06.2024 03:00;44,55
05.06.2024 03:00;05.06.2024 04:00;50,05
05.06.2024 04:00;05.06.2024 05:00;48,09
05.06.2024 05:00;05.06.2024 06:00;71,19
05.06.2024 06:00;05.06.2024 07:00;103,55
05.06.2024 07:00;05.06.2024 08:00;142,76
05.06.2024 08:00;05.06.2024 09:00;112,92
05.06.2024 09:00;05.06.2024 10:00;84,16
05.06.2024 10:00;05.06.2024 11:00;69,93
05.06.2024 11:00;05.06.2024 12:00;62,03
05.06.2024 12:00;05.06.2024 13:00;48,4
05.06.2024 13:00;05.06.2024 14:00;30,17
05.06.2024 14:00;05.06.2024 15:00;26,3
05.06.2024 15:00;05.06.2024 16:00;30,06
05.06.2024 16:00;05.06.2024 17:00;62,57
05.06.2024 17:00;05.06.2024 18:00;80,43
05.06.2024 18:00;05.06.2024 19:00;105,09
05.06.2024 19:00;05.06.2024 20:00;126,97
05.06.2024 20:00;05.06.2024 21:00;155,9
05.06.2024 21:00;05.06.2024 22:00;158,02
05.06.2024 22:00;05.06.2024 23:00;141,47
05.06.2024 23:00;06.06.2024 00:00;105,99
06.06.2024 00:00;06.06.2024 01:00;93,24
06.06.2024 01:00;06.06.2024 02:00;89,92
06.06.2024 02:00;06.06.2024 03:00;85,86
06.06.2024 03:00;06.06.2024 04:00;85,35
06.06.2024 04:00;06.06.2024 05:00;88,25
06.06.2024 05:00;06.06.2024 06:00;98,97
06.06.2024 06:00;06.06.2024 07:00;123,9
06.06.2024 07:00;06.06.2024 08:00;127,92
06.06.2024 08:00;06.06.2024 09:00;96,83
06.06.2024 09:00;06.06.2024 10:00;71,89
06.06.2024 10:00;06.06.2024 11:00;57,8
06.06.2024 11:00;06.06.2024 12:00;30,25
06.06.2024 12:00;06.06.2024 13:00;24,33
06.06.2024 13:00;06.06.2024 14:00;19,5
06.06.2024 14:00;06.06.2024 15:00;24,23
06.06.2024 15:00;06.06.2024 16:00;37,65
06.06.2024 16:00;06.06.2024 17:00;62,11
06.06.2024 17:00;06.06.2024 18:00;80,67
06.06.2024 18:00;06.06.2024 19:00;89,92
06.06.2024 19:00;06.06.2024 20:00;115,69
06.06.2024 20:00;06.06.2024 21:00;163,98
06.06.2024 21:00;06.06.2024 22:00;167,72
06.06.2024 22:00;06.06.2024 23:00;132,45
06.06.2024 23:00;07.06.2024 00:00;104,39
07.06.2024 00:00;07.06.2024 01:00;101,0
07.06.2024 01:00;07.06.2024 02:00;96,13
07.06.2024 02:00;07.06.2024 03:00;91,7
07.06.2024 03:00;07.06.2024 04:00;87,53
07.06.2024 04:00;07.06.2024 05:00;84,25
07.06.2024 05:00;07.06.2024 06:00;91,9
07.06.2024 06:00;07.06.2024 07:00;113,95
07.06.2024 07:00;07.06.2024 08:00;119,05
07.06.2024 08:00;07.06.2024 09:00;102,76
07.06.2024 09:00;07.06.2024 10:00;78,56
07.06.2024 10:00;07.06.2024 11:00;60,66
07.06.2024 11:00;07.06.2024 12:00;41,39
07.06.2024 12:00;07.06.2024 13:00;33,91
07.06.2024 13:00;07.06.2024 14:00;25,36
07.06.2024 14:00;07.06.2024 15:00;17,41
07.06.2024 15:00;07.06.2024 16:00;13,08
07.06.2024 16:00;07.06.2024 17:00;25,57
07.06.2024 17:00;07.06.2024 18:00;64,56
07.06.2024 18:00;07.06.2024 19:00;85,21
07.06.2024 19:00;07.06.2024 20:00;128,58
07.06.2024 20:00;07.06.2024 21:00;154,75
07.06.2024 21:00;07.06.2024 22:00;153,85
07.06.2024 22:00;07.06.2024 23:00;126,88
07.06.2024 23:00;08.06.2024 00:00;97,45
08.06.2024 00:00;08.06.2024 01:00;98,36
08.06.2024 01:00;08.06.2024 02:00;90,04
08.06.2024 02:00;08.06.2024 03:00;83,31
08.06.2024 03:00;08.06.2024 04:00;83,53
08.06.2024 04:00;08.06.2024 05:00;79,64
08.06.2024 05:00;08.06.2024 06:00;82,11
08.06.2024 06:00;08.06.2024 07:00;79,38
08.06.2024 07:00;08.06.2024 08:00;62,82
08.06.2024 08:00;08.06.2024 09:00;42,2
08.06.2024 09:00;08.06.2024 10:00;12,24
08.06.2024 10:00;08.06.2024 11:00;-0,13
08.06.2024 11:00;08.06.2024 12:00;-2,27
08.06.2024 12:00;08.06.2024 13:00;-10,26
08.06.2024 13:00;08.06.2024 14:00;-23,7
08.06.2024 14:00;08.06.2024 15:00;-30,03
08.06.2024 15:00;08.06.2024 16:00;-20,62
08.06.2024 16:00;08.06.2024 17:00;-8,25
08.06.2024 17:00;08.06.2024 18:00;0,01
08.06.2024 18:00;08.06.2024 19:00;44,91
08.06.2024 19:00;08.06.2024 20:00;68,84
08.06.2024 20:00;08.06.2024 21:00;99,32
08.06.2024 21:00;08.06.2024 22:00;93,01
08.06.2024 22:00;08.06.2024 23:00;100,0
08.06.2024 23:00;09.06.2024 00:00;78,79
09.06.2024 00:00;09.06.2024 01:00;74,28
09.06.2024 01:00;09.06.2024 02:00;63,59
09.06.2024 02:00;09.06.2024 03:00;42,52
09.06.2024 03:00;09.06.2024 04:00;15,57
09.06.2024 04:00;09.06.2024 05:00;18,19
09.06.2024 05:00;09.06.2024 06:00;11,56
09.06.2024 06:00;09.06.2024 07:00;8,4
09.06.2024 07:00;09.06.2024 08:00;2,22
09.06.2024 08:00;09.06.2024 09:00;-0,08
09.06.2024 09:00;09.06.2024 10:00;-2,01
09.06.2024 10:00;09.06.2024 11:00;-7,6
09.06.2024 11:00;09.06.2024 12:00;-15,0
09.06.2024 12:00;09.06.2024 13:00;-25,0
09.06.2024 13:00;09.06.2024 14:00;-32,69
09.06.2024 14:00;09.06.2024 15:00;-37,14
09.06.2024 15:00;09.06.2024 16:00;-28,68
09.06.2024 16:00;09.06.2024 17:00;-5,84
09.06.2024 17:00;09.06.2024 18:00;-0,5
09.06.2024 18:00;09.06.2024 19:00;42,76
09.06.2024 19:00;09.06.2024 20:00;96,85
09.06.2024 20:00;09.06.2024 21:00;115,86
09.06.2024 21:00;09.06.2024 22:00;111,24
09.06.2024 22:00;09.06.2024 23:00;108,42
09.06.2024 23:00;10.06.2024 00:00;97,21
10.06.2024 00:00;10.06.2024 01:00;73,96
10.06.2024 01:00;10.06.2024 02:00;71,59
10.06.2024 02:00;10.06.2024 03:00;68,73
10.06.2024 03:00;10.06.2024 04:00;68,27
10.06.2024 04:00;10.06.2024 05:00;69,0
10.06.2024 05:00;10.06.2024 06:00;78,32
10.06.2024 06:00;10.06.2024 07:00;117,4
10.06.2024 07:00;10.06.2024 08:00;185,18
10.06.2024 08:00;10.06.2024 09:00;146,21
10.06.2024 09:00;10.06.2024 10:00;107,25
10.06.2024 10:00;10.06.2024 11:00;89,46
10.06.2024 11:00;10.06.2024 12:00;85,04
10.06.2024 12:00;10.06.2024 13:00;74,3
10.06.2024 13:00;10.06.2024 14:00;73,59
10.06.2024 14:00;10.06.2024 15:00;67,07
10.06.2024 15:00;10.06.2024 16:00;65,88
10.06.2024 16:00;10.06.2024 17:00;70,0
10.06.2024 17:00;10.06.2024 18:00;81,2
10.06.2024 18:00;10.06.2024 19:00;98,53
10.06.2024 19:00;10.06.2024 20:00;118,59
10.06.2024 20:00;10.06.2024 21:00;124,45
10.06.2024 21:00;10.06.2024 22:00;113,32
10.06.2024 22:00;10.06.2024 23:00;98,41
10.06.2024 23:00;11.06.2024 00:00;77,76
11.06.2024 00:00;11.06.2024 01:00;60,07
11.06.2024 01:00;11.06.2024 02:00;56,96
11.06.2024 02:00;11.06.2024 03:00;62,95
11.06.2024 03:00;11.06.2024 04:00;55,82
11.06.2024 04:00;11.06.2024 05:00;60,06
11.06.2024 05:00;11.06.2024 06:00;59,11
11.06.2024 06:00;11.06.2024 07:00;81,83
11.06.2024 07:00;11.06.2024 08:00;100,26
11.06.2024 08:00;11.06.2024 09:00;91,5
11.06.2024 09:00;11.06.2024 10:00;68,27
11.06.2024 10:00;11.06.2024 11:00;49,92
11.06.2024 11:00;11.06.2024 12:00;32,13
11.06.2024 12:00;11.06.2024 13:00;11,12
11.06.2024 13:00;11.06.2024 14:00;0,76
11.06.2024 14:00;11.06.2024 15:00;0,0
11.06.2024 15:00;11.06.2024 16:00;0,03
11.06.2024 16:00;11.06.2024 17:00;13,89
11.06.2024 17:00;11.06.2024 18:00;55,27
11.06.2024 18:00;11.06.2024 19:00;71,65
11.06.2024 19:00;11.06.2024 20:00;100,0
11.06.2024 20:00;11.06.2024 21:00;127,64
11.06.2024 21:00;11.06.2024 22:00;122,37
11.06.2024 22:00;11.06.2024 23:00;106,74
11.06.2024 23:00;12.06.2024 00:00;90,82
12.06.2024 00:00;12.06.2024 01:00;88,85
12.06.2024 01:00;12.06.2024 02:00;85,35
12.06.2024 02:00;12.06.2024 03:00;80,29
12.06.2024 03:00;12.06.2024 04:00;82,11
12.06.2024 04:00;12.06.2024 05:00;86,11
12.06.2024 05:00;12.06.2024 06:00;94,65
12.06.2024 06:00;12.06.2024 07:00;124,74
12.06.2024 07:00;12.06.2024 08:00;136,4
12.06.2024 08:00;12.06.2024 09:00;114,62
12.06.2024 09:00;12.06.2024 10:00;78,65
12.06.2024 10:00;12.06.2024 11:00;64,19
12.06.2024 11:00;12.06.2024 12:00;58,0
12.06.2024 12:00;12.06.2024 13:00;42,09
12.06.2024 13:00;12.06.2024 14:00;40,72
12.06.2024 14:00;12.06.2024 15:00;39,68
12.06.2024 15:00;12.06.2024 16:00;45,34
12.06.2024 16:00;12.06.2024 17:00;63,0
12.06.2024 17:00;12.06.2024 18:00;81,2
12.06.2024 18:00;12.06.2024 19:00;99,95
12.06.2024 19:00;12.06.2024 20:00;135,7
12.06.2024 20:00;12.06.2024 21:00;154,34
12.06.2024 21:00;12.06.2024 22:00;154,66
12.06.2024 22:00;12.06.2024 23:00;130,88
12.06.2024 23:00;13.06.2024 00:00;107,07
13.06.2024 00:00;13.06.2024 01:00;99,0
13.06.2024 01:00;13.06.2024 02:00;93,26
13.06.2024 02:00;13.06.2024 03:00;84,19
13.06.2024 03:00;13.06.2024 04:00;85,21
13.06.2024 04:00;13.06.2024 05:00;83,83
13.06.2024 05:00;13.06.2024 06:00;98,96
13.06.2024 06:00;13.06.2024 07:00;122,41
13.06.2024 07:00;13.06.2024 08:00;131,09
13.06.2024 08:00;13.06.2024 09:00;115,02
13.06.2024 09:00;13.06.2024 10:00;83,8
13.06.2024 10:00;13.06.2024 11:00;69,01
13.06.2024 11:00;13.06.2024 12:00;61,71
13.06.2024 12:00;13.06.2024 13:00;53,36
13.06.2024 13:00;13.06.2024 14:00;46,96
13.06.2024 14:00;13.06.2024 15:00;43,35
13.06.2024 15:00;13.06.2024 16:00;53,74
13.06.2024 16:00;13.06.2024 17:00;77,42
13.06.2024 17:00;13.06.2024 18:00;80,08
13.06.2024 18:00;13.06.2024 19:00;106,91
13.06.2024 19:00;13.06.2024 20:00;139,66
13.06.2024 20:00;13.06.2024 21:00;188,35
13.06.2024 21:00;13.06.2024 22:00;163,84
13.06.2024 22:00;13.06.2024 23:00;108,37
13.06.2024 23:00;14.06.2024 00:00;85,18
14.06.2024 00:00;14.06.2024 01:00;83,13
14.06.2024 01:00;14.06.2024 02:00;71,45
14.06.2024 02:00;14.06.2024 03:00;63,93
14.06.2024 03:00;14.06.2024 04:00;59,53
14.06.2024 04:00;14.06.2024 05:00;55,82
14.06.2024 05:00;14.06.2024 06:00;64,22
14.06.2024 06:00;14.06.2024 07:00;85,01
14.06.2024 07:00;14.06.2024 08:00;100,95
14.06.2024 08:00;14.06.2024 09:00;104,99
14.06.2024 09:00;14.06.2024 10:00;102,54
14.06.2024 10:00;14.06.2024 11:00;82,18
14.06.2024 11:00;14.06.2024 12:00;68,1
14.06.2024 12:00;14.06.2024 13:00;60,88
14.06.2024 13:00;14.06.2024 14:00;47,46
14.06.2024 14:00;14.06.2024 15:00;40,74
14.06.2024 15:00;14.06.2024 16:00;41,0
14.06.2024 16:00;14.06.2024 17:00;60,31
14.06.2024 17:00;14.06.2024 18:00;75,0
14.06.2024 18:00;14.06.2024 19:00;90,98
14.06.2024 19:00;14.06.2024 20:00;136,0
14.06.2024 20:00;14.06.2024 21:00;127,31
14.06.2024 21:00;14.06.2024 22:00;117,12
14.06.2024 22:00;14.06.2024 23:00;83,41
14.06.2024 23:00;15.06.2024 00:00;59,42
15.06.2024 00:00;15.06.2024 01:00;60,68
15.06.2024 01:00;15.06.2024 02:00;41,04
15.06.2024 02:00;15.06.2024 03:00;29,97
15.06.2024 03:00;15.06.2024 04:00;28,86
15.06.2024 04:00;15.06.2024 05:00;22,51
15.06.2024 05:00;15.06.2024 06:00;10,04
15.06.2024 06:00;15.06.2024 07:00;1,54
15.06.2024 07:00;15.06.2024 08:00;0,09
15.06.2024 08:00;15.06.2024 09:00;0,0
15.06.2024 09:00;15.06.2024 10:00;-0,06
15.06.2024 10:00;15.06.2024 11:00;-10,08
15.06.2024 11:00;15.06.2024 12:00;-29,04
15.06.2024 12:00;15.06.2024 13:00;-44,92
15.06.2024 13:00;15.06.2024 14:00;-65,46
15.06.2024 14:00;15.06.2024 15:00;-80,01
15.06.2024 15:00;15.06.2024 16:00;-56,23
15.06.2024 16:00;15.06.2024 17:00;-29,53
15.06.2024 17:00;15.06.2024 18:00;-4,84
15.06.2024 18:00;15.06.2024 19:00;-0,01
15.06.2024 19:00;15.06.2024 20:00;40,0
15.06.2024 20:00;15.06.2024 21:00;84,28
15.06.2024 21:00;15.06.2024 22:00;79,92
15.06.2024 22:00;15.06.2024 23:00;64,3
15.06.2024 23:00;16.06.2024 00:00;40,4
16.06.2024 00:00;16.06.2024 01:00;24,91
16.06.2024 01:00;16.06.2024 02:00;10,36
16.06.2024 02:00;16.06.2024 03:00;4,92
16.06.2024 03:00;16.06.2024 04:00;2,92
16.06.2024 04:00;16.06.2024 05:00;2,19
16.06.2024 05:00;16.06.2024 06:00;2,53
16.06.2024 06:00;16.06.2024 07:00;2,95
16.06.2024 07:00;16.06.2024 08:00;0,69
16.06.2024 08:00;16.06.2024 09:00;-0,02
16.06.2024 09:00;16.06.2024 10:00;-1,28
16.06.2024 10:00;16.06.2024 11:00;-10,0
16.06.2024 11:00;16.06.2024 12:00;-13,33
16.06.2024 12:00;16.06.2024 13:00;-20,01
16.06.2024 13:00;16.06.2024 14:00;-30,01
16.06.2024 14:00;16.06.2024 15:00;-35,67
16.06.2024 15:00;16.06.2024 16:00;-29,04
16.06.2024 16:00;16.06.2024 17:00;-10,14
16.06.2024 17:00;16.06.2024 18:00;-2,34
16.06.2024 18:00;16.06.2024 19:00;56,22
16.06.2024 19:00;16.06.2024 20:00;99,65
16.06.2024 20:00;16.06.2024 21:00;119,15
16.06.2024 21:00;16.06.2024 22:00;124,28
16.06.2024 22:00;16.06.2024 23:00;120,34
16.06.2024 23:00;17.06.2024 00:00;94,44
17.06.2024 00:00;17.06.2024 01:00;76,62
17.06.2024 01:00;17.06.2024 02:00;66,73
17.06.2024 02:00;17.06.2024 03:00;68,81
17.06.2024 03:00;17.06.2024 04:00;71,81
17.06.2024 04:00;17.06.2024 05:00;73,56
17.06.2024 05:00;17.06.2024 06:00;90,02
17.06.2024 06:00;17.06.2024 07:00;119,13
17.06.2024 07:00;17.06.2024 08:00;132,68
17.06.2024 08:00;17.06.2024 09:00;116,23
17.06.2024 09:00;17.06.2024 10:00;84,73
17.06.2024 10:00;17.06.2024 11:00;62,11
17.06.2024 11:00;17.06.2024 12:00;55,01
17.06.2024 12:00;17.06.2024 13:00;41,86
17.06.2024 13:00;17.06.2024 14:00;39,45
17.06.2024 14:00;17.06.2024 15:00;46,62
17.06.2024 15:00;17.06.2024 16:00;54,54
17.06.2024 16:00;17.06.2024 17:00;64,21
17.06.2024 17:00;17.06.2024 18:00;88,58
17.06.2024 18:00;17.06.2024 19:00;114,16
17.06.2024 19:00;17.06.2024 20:00;157,37
17.06.2024 20:00;17.06.2024 21:00;210,16
17.06.2024 21:00;17.06.2024 22:00;200,01
17.06.2024 22:00;17.06.2024 23:00;128,15
17.06.2024 23:00;18.06.2024 00:00;101,55
18.06.2024 00:00;18.06.2024 01:00;96,92
18.06.2024 01:00;18.06.2024 02:00;90,29
18.06.2024 02:00;18.06.2024 03:00;87,53
18.06.2024 03:00;18.06.2024 04:00;89,29
18.06.2024 04:00;18.06.2024 05:00;90,29
18.06.2024 05:00;18.06.2024 06:00;95,94
18.06.2024 06:00;18.06.2024 07:00;134,49
18.06.2024 07:00;18.06.2024 08:00;130,17
18.06.2024 08:00;18.06.2024 09:00;95,96
18.06.2024 09:00;18.06.2024 10:00;80,9
18.06.2024 10:00;18.06.2024 11:00;69,91
18.06.2024 11:00;18.06.2024 12:00;54,81
18.06.2024 12:00;18.06.2024 13:00;51,16
18.06.2024 13:00;18.06.2024 14:00;51,03
18.06.2024 14:00;18.06.2024 15:00;57,04
18.06.2024 15:00;18.06.2024 16:00;73,12
18.06.2024 16:00;18.06.2024 17:00;76,24
18.06.2024 17:00;18.06.2024 18:00;90,06
18.06.2024 18:00;18.06.2024 19:00;133,25
18.06.2024 19:00;18.06.2024 20:00;158,19
18.06.2024 20:00;18.06.2024 21:00;171,87
18.06.2024 21:00;18.06.2024 22:00;134,47
18.06.2024 22:00;18.06.2024 23:00;104,2
18.06.2024 23:00;19.06.2024 00:00;91,63
19.06.2024 00:00;19.06.2024 01:00;99,95
19.06.2024 01:00;19.06.2024 02:00;91,43
19.06.2024 02:00;19.06.2024 03:00;86,85
19.06.2024 03:00;19.06.2024 04:00;85,78
19.06.2024 04:00;19.06.2024 05:00;83,47
19.06.2024 05:00;19.06.2024 06:00;86,41
19.06.2024 06:00;19.06.2024 07:00;112,55
19.06.2024 07:00;19.06.2024 08:00;116,83
19.06.2024 08:00;19.06.2024 09:00;107,33
19.06.2024 09:00;19.06.2024 10:00;86,31
19.06.2024 10:00;19.06.2024 11:00;75,1
19.06.2024 11:00;19.06.2024 12:00;66,23
19.06.2024 12:00;19.06.2024 13:00;58,03
19.06.2024 13:00;19.06.2024 14:00;39,84
19.06.2024 14:00;19.06.2024 15:00;22,41
19.06.2024 15:00;19.06.2024 16:00;23,56
19.06.2024 16:00;19.06.2024 17:00;59,9
19.06.2024 17:00;19.06.2024 18:00;70,0
19.06.2024 18:00;19.06.2024 19:00;88,44
19.06.2024 19:00;19.06.2024 20:00;102,9
19.06.2024 20:00;19.06.2024 21:00;143,66
19.06.2024 21:00;19.06.2024 22:00;115,08
19.06.2024 22:00;19.06.2024 23:00;108,26
19.06.2024 23:00;20.06.2024 00:00;93,21
20.06.2024 00:00;20.06.2024 01:00;85,89
20.06.2024 01:00;20.06.2024 02:00;78,62
20.06.2024 02:00;20.06.2024 03:00;78,88
20.06.2024 03:00;20.06.2024 04:00;78,82
20.06.2024 04:00;20.06.2024 05:00;78,62
20.06.2024 05:00;20.06.2024 06:00;86,55
20.06.2024 06:00;20.06.2024 07:00;114,11
20.06.2024 07:00;20.06.2024 08:00;112,84
20.06.2024 08:00;20.06.2024 09:00;102,99
20.06.2024 09:00;20.06.2024 10:00;80,69
20.06.2024 10:00;20.06.2024 11:00;69,13
20.06.2024 11:00;20.06.2024 12:00;58,77
20.06.2024 12:00;20.06.2024 13:00;55,46
20.06.2024 13:00;20.06.2024 14:00;53,81
20.06.2024 14:00;20.06.2024 15:00;57,18
20.06.2024 15:00;20.06.2024 16:00;68,58
20.06.2024 16:00;20.06.2024 17:00;80,0
20.06.2024 17:00;20.06.2024 18:00;98,27
20.06.2024 18:00;20.06.2024 19:00;119,31
20.06.2024 19:00;20.06.2024 20:00;155,62
20.06.2024 20:00;20.06.2024 21:00;200,09
20.06.2024 21:00;20.06.2024 22:00;130,06
20.06.2024 22:00;20.06.2024 23:00;111,83
20.06.2024 23:00;21.06.2024 00:00;95,05
21.06.2024 00:00;21.06.2024 01:00;100,81
21.06.2024 01:00;21.06.2024 02:00;90,77
21.06.2024 02:00;21.06.2024 03:00;89,95
21.06.2024 03:00;21.06.2024 04:00;87,83
21.06.2024 04:00;21.06.2024 05:00;86,31
21.06.2024 05:00;21.06.2024 06:00;86,14
21.06.2024 06:00;21.06.2024 07:00;96,92
21.06.2024 07:00;21.06.2024 08:00;122,8
21.06.2024 08:00;21.06.2024 09:00;121,84
21.06.2024 09:00;21.06.2024 10:00;111,67
21.06.2024 10:00;21.06.2024 11:00;100,65
21.06.2024 11:00;21.06.2024 12:00;89,94
21.06.2024 12:00;21.06.2024 13:00;88,54
21.06.2024 13:00;21.06.2024 14:00;82,68
21.06.2024 14:00;21.06.2024 15:00;78,22
21.06.2024 15:00;21.06.2024 16:00;82,03
21.06.2024 16:00;21.06.2024 17:00;88,85
21.06.2024 17:00;21.06.2024 18:00;100,65
21.06.2024 18:00;21.06.2024 19:00;110,0
21.06.2024 19:00;21.06.2024 20:00;116,93
21.06.2024 20:00;21.06.2024 21:00;114,4
21.06.2024 21:00;21.06.2024 22:00;105,26
21.06.2024 22:00;21.06.2024 23:00;95,99
21.06.2024 23:00;22.06.2024 00:00;82,14
22.06.2024 00:00;22.06.2024 01:00;80,07
22.06.2024 01:00;22.06.2024 02:00;70,25
22.06.2024 02:00;22.06.2024 03:00;62,43
22.06.2024 03:00;22.06.2024 04:00;50,5
22.06.2024 04:00;22.06.2024 05:00;49,62
22.06.2024 05:00;22.06.2024 06:00;46,47
22.06.2024 06:00;22.06.2024 07:00;60,56
22.06.2024 07:00;22.06.2024 08:00;48,89
22.06.2024 08:00;22.06.2024 09:00;44,92
22.06.2024 09:00;22.06.2024 10:00;34,65
22.06.2024 10:00;22.06.2024 11:00;12,54
22.06.2024 11:00;22.06.2024 12:00;3,59
22.06.2024 12:00;22.06.2024 13:00;2,62
22.06.2024 13:00;22.06.2024 14:00;0,03
22.06.2024 14:00;22.06.2024 15:00;-0,01
22.06.2024 15:00;22.06.2024 16:00;-0,07
22.06.2024 16:00;22.06.2024 17:00;4,23
22.06.2024 17:00;22.06.2024 18:00;42,59
22.06.2024 18:00;22.06.2024 19:00;80,49
22.06.2024 19:00;22.06.2024 20:00;112,16
22.06.2024 20:00;22.06.2024 21:00;122,81
22.06.2024 21:00;22.06.2024 22:00;124,05
22.06.2024 22:00;22.06.2024 23:00;110,17
22.06.2024 23:00;23.06.2024 00:00;89,77
23.06.2024 00:00;23.06.2024 01:00;90,49
23.06.2024 01:00;23.06.2024 02:00;79,25
23.06.2024 02:00;23.06.2024 03:00;71,24
23.06.2024 03:00;23.06.2024 04:00;70,67
23.06.2024 04:00;23.06.2024 05:00;66,94
23.06.2024 05:00;23.06.2024 06:00;62,09
23.06.2024 06:00;23.06.2024 07:00;57,9
23.06.2024 07:00;23.06.2024 08:00;46,35
23.06.2024 08:00;23.06.2024 09:00;19,77
23.06.2024 09:00;23.06.2024 10:00;4,24
23.06.2024 10:00;23.06.2024 11:00;0,0
23.06.2024 11:00;23.06.2024 12:00;-0,05
23.06.2024 12:00;23.06.2024 13:00;-0,1
23.06.2024 13:00;23.06.2024 14:00;-1,05
23.06.2024 14:00;23.06.2024 15:00;-2,21
23.06.2024 15:00;23.06.2024 16:00;-2,05
23.06.2024 16:00;23.06.2024 17:00;-0,27
23.06.2024 17:00;23.06.2024 18:00;22,61
23.06.2024 18:00;23.06.2024 19:00;71,12
23.06.2024 19:00;23.06.2024 20:00;99,5
23.06.2024 20:00;23.06.2024 21:00;115,14
23.06.2024 21:00;23.06.2024 22:00;115,44
23.06.2024 22:00;23.06.2024 23:00;114,33
23.06.2024 23:00;24.06.2024 00:00;99,79
24.06.2024 00:00;24.06.2024 01:00;106,18
24.06.2024 01:00;24.06.2024 02:00;92,19
24.06.2024 02:00;24.06.2024 03:00;84,93
24.06.2024 03:00;24.06.2024 04:00;84,46
24.06.2024 04:00;24.06.2024 05:00;84,96
24.06.2024 05:00;24.06.2024 06:00;97,02
24.06.2024 06:00;24.06.2024 07:00;136,06
24.06.2024 07:00;24.06.2024 08:00;136,0
24.06.2024 08:00;24.06.2024 09:00;102,99
24.06.2024 09:00;24.06.2024 10:00;79,34
24.06.2024 10:00;24.06.2024 11:00;53,88
24.06.2024 11:00;24.06.2024 12:00;37,81
24.06.2024 12:00;24.06.2024 13:00;31,19
24.06.2024 13:00;24.06.2024 14:00;29,96
24.06.2024 14:00;24.06.2024 15:00;30,93
24.06.2024 15:00;24.06.2024 16:00;47,85
24.06.2024 16:00;24.06.2024 17:00;66,32
24.06.2024 17:00;24.06.2024 18:00;82,49
24.06.2024 18:00;24.06.2024 19:00;98,39
24.06.2024 19:00;24.06.2024 20:00;153,3
24.06.2024 20:00;24.06.2024 21:00;209,32
24.06.2024 21:00;24.06.2024 22:00;156,0
24.06.2024 22:00;24.06.2024 23:00;116,59
24.06.2024 23:00;25.06.2024 00:00;91,89
25.06.2024 00:00;25.06.2024 01:00;88,8
25.06.2024 01:00;25.06.2024 02:00;84,8
25.06.2024 02:00;25.06.2024 03:00;84,78
25.06.2024 03:00;25.06.2024 04:00;85,22
25.06.2024 04:00;25.06.2024 05:00;85,5
25.06.2024 05:00;25.06.2024 06:00;94,9
25.06.2024 06:00;25.06.2024 07:00;114,8
25.06.2024 07:00;25.06.2024 08:00;122,0
25.06.2024 08:00;25.06.2024 09:00;103,8
25.06.2024 09:00;25.06.2024 10:00;74,64
25.06.2024 10:00;25.06.2024 11:00;48,32
25.06.2024 11:00;25.06.2024 12:00;12,83
25.06.2024 12:00;25.06.2024 13:00;0,0
25.06.2024 13:00;25.06.2024 14:00;-0,05
25.06.2024 14:00;25.06.2024 15:00;-0,04
25.06.2024 15:00;25.06.2024 16:00;11,59
25.06.2024 16:00;25.06.2024 17:00;48,37
25.06.2024 17:00;25.06.2024 18:00;74,0
25.06.2024 18:00;25.06.2024 19:00;95,9
25.06.2024 19:00;25.06.2024 20:00;128,9
25.06.2024 20:00;25.06.2024 21:00;136,69
25.06.2024 21:00;25.06.2024 22:00;122,09
25.06.2024 22:00;25.06.2024 23:00;106,57
25.06.2024 23:00;26.06.2024 00:00;89,95
26.06.2024 00:00;26.06.2024 01:00;107,15
26.06.2024 01:00;26.06.2024 02:00;99,88
26.06.2024 02:00;26.06.2024 03:00;95,32
26.06.2024 03:00;26.06.2024 04:00;95,46
26.06.2024 04:00;26.06.2024 05:00;91,68
26.06.2024 05:00;26.06.2024 06:00;97,01
26.06.2024 06:00;26.06.2024 07:00;107,46
26.06.2024 07:00;26.06.2024 08:00;130,0
26.06.2024 08:00;26.06.2024 09:00;121,1
26.06.2024 09:00;26.06.2024 10:00;101,76
26.06.2024 10:00;26.06.2024 11:00;89,48
26.06.2024 11:00;26.06.2024 12:00;84,1
26.06.2024 12:00;26.06.2024 13:00;78,64
26.06.2024 13:00;26.06.2024 14:00;76,54
26.06.2024 14:00;26.06.2024 15:00;80,0
26.06.2024 15:00;26.06.2024 16:00;90,45
26.06.2024 16:00;26.06.2024 17:00;99,86
26.06.2024 17:00;26.06.2024 18:00;105,8
26.06.2024 18:00;26.06.2024 19:00;105,13
26.06.2024 19:00;26.06.2024 20:00;126,73
26.06.2024 20:00;26.06.2024 21:00;134,39
26.06.2024 21:00;26.06.2024 22:00;128,85
26.06.2024 22:00;26.06.2024 23:00;115,55
26.06.2024 23:00;27.06.2024 00:00;110,0
27.06.2024 00:00;27.06.2024 01:00;96,0
27.06.2024 01:00;27.06.2024 02:00;86,9
27.06.2024 02:00;27.06.2024 03:00;80,4
27.06.2024 03:00;27.06.2024 04:00;82,84
27.06.2024 04:00;27.06.2024 05:00;78,79
27.06.2024 05:00;27.06.2024 06:00;84,98
27.06.2024 06:00;27.06.2024 07:00;117,51
27.06.2024 07:00;27.06.2024 08:00;125,11
27.06.2024 08:00;27.06.2024 09:00;115,0
27.06.2024 09:00;27.06.2024 10:00;88,87
27.06.2024 10:00;27.06.2024 11:00;66,74
27.06.2024 11:00;27.06.2024 12:00;52,4
27.06.2024 12:00;27.06.2024 13:00;48,82
27.06.2024 13:00;27.06.2024 14:00;45,31
27.06.2024 14:00;27.06.2024 15:00;44,56
27.06.2024 15:00;27.06.2024 16:00;48,39
27.06.2024 16:00;27.06.2024 17:00;61,92
27.06.2024 17:00;27.06.2024 18:00;75,59
27.06.2024 18:00;27.06.2024 19:00;79,53
27.06.2024 19:00;27.06.2024 20:00;110,08
27.06.2024 20:00;27.06.2024 21:00;200,04
27.06.2024 21:00;27.06.2024 22:00;186,18
27.06.2024 22:00;27.06.2024 23:00;125,21
27.06.2024 23:00;28.06.2024 00:00;101,8
28.06.2024 00:00;28.06.2024 01:00;96,85
28.06.2024 01:00;28.06.2024 02:00;95,42
28.06.2024 02:00;28.06.2024 03:00;86,08
28.06.2024 03:00;28.06.2024 04:00;79,97
28.06.2024 04:00;28.06.2024 05:00;83,61
28.06.2024 05:00;28.06.2024 06:00;91,28
28.06.2024 06:00;28.06.2024 07:00;120,29
28.06.2024 07:00;28.06.2024 08:00;108,93
28.06.2024 08:00;28.06.2024 09:00;84,89
28.06.2024 09:00;28.06.2024 10:00;59,9
28.06.2024 10:00;28.06.2024 11:00;24,45
28.06.2024 11:00;28.06.2024 12:00;2,03
28.06.2024 12:00;28.06.2024 13:00;-1,56
28.06.2024 13:00;28.06.2024 14:00;-5,09
28.06.2024 14:00;28.06.2024 15:00;-9,95
28.06.2024 15:00;28.06.2024 16:00;-9,91
28.06.2024 16:00;28.06.2024 17:00;-6,48
28.06.2024 17:00;28.06.2024 18:00;3,62
28.06.2024 18:00;28.06.2024 19:00;41,98
28.06.2024 19:00;28.06.2024 20:00;84,32
28.06.2024 20:00;28.06.2024 21:00;108,93
28.06.2024 21:00;28.06.2024 22:00;138,06
28.06.2024 22:00;28.06.2024 23:00;126,57
28.06.2024 23:00;29.06.2024 00:00;109,02
29.06.2024 00:00;29.06.2024 01:00;110,4
29.06.2024 01:00;29.06.2024 02:00;109,91
29.06.2024 02:00;29.06.2024 03:00;109,89
29.06.2024 03:00;29.06.2024 04:00;109,56
29.06.2024 04:00;29.06.2024 05:00;108,09
29.06.2024 05:00;29.06.2024 06:00;103,07
29.06.2024 06:00;29.06.2024 07:00;96,62
29.06.2024 07:00;29.06.2024 08:00;84,14
29.06.2024 08:00;29.06.2024 09:00;66,91
29.06.2024 09:00;29.06.2024 10:00;29,58
29.06.2024 10:00;29.06.2024 11:00;5,04
29.06.2024 11:00;29.06.2024 12:00;0,04
29.06.2024 12:00;29.06.2024 13:00;-0,02
29.06.2024 13:00;29.06.2024 14:00;-0,23
29.06.2024 14:00;29.06.2024 15:00;-0,08
29.06.2024 15:00;29.06.2024 16:00;1,3
29.06.2024 16:00;29.06.2024 17:00;11,91
29.06.2024 17:00;29.06.2024 18:00;69,51
29.06.2024 18:00;29.06.2024 19:00;104,3
29.06.2024 19:00;29.06.2024 20:00;126,93
29.06.2024 20:00;29.06.2024 21:00;139,2
29.06.2024 21:00;29.06.2024 22:00;113,3
29.06.2024 22:00;29.06.2024 23:00;100,08
29.06.2024 23:00;30.06.2024 00:00;93,83
30.06.2024 00:00;30.06.2024 01:00;70,06
30.06.2024 01:00;30.06.2024 02:00;61,69
30.06.2024 02:00;30.06.2024 03:00;66,67
30.06.2024 03:00;30.06.2024 04:00;67,05
30.06.2024 04:00;30.06.2024 05:00;64,36
30.06.2024 05:00;30.06.2024 06:00;51,39
30.06.2024 06:00;30.06.2024 07:00;51,56
30.06.2024 07:00;30.06.2024 08:00;20,42
30.06.2024 08:00;30.06.2024 09:00;6,83
30.06.2024 09:00;30.06.2024 10:00;0,82
30.06.2024 10:00;30.06.2024 11:00;0,0
30.06.2024 11:00;30.06.2024 12:00;0,0
30.06.2024 12:00;30.06.2024 13:00;-0,02
30.06.2024 13:00;30.06.2024 14:00;-1,51
30.06.2024 14:00;30.06.2024 15:00;-1,09
30.06.2024 15:00;30.06.2024 16:00;0,0
30.06.2024 16:00;30.06.2024 17:00;0,91
30.06.2024 17:00;30.06.2024 18:00;36,66
30.06.2024 18:00;30.06.2024 19:00;70,02
30.06.2024 19:00;30.06.2024 20:00;87,26
30.06.2024 20:00;30.06.2024 21:00;99,9
30.06.2024 21:00;30.06.2024 22:00;102,39
30.06.2024 22:00;30.06.2024 23:00;102,16
30.06.2024 23:00;01.07.2024 00:00;93,01
01.07.2024 00:00;01.07.2024 01:00;94,88
01.07.2024 01:00;01.07.2024 02:00;84,32
01.07.2024 02:00;01.07.2024 03:00;78,19
01.07.2024 03:00;01.07.2024 04:00;78,01
01.07.2024 04:00;01.07.2024 05:00;75,63
01.07.2024 05:00;01.07.2024 06:00;80,82
01.07.2024 06:00;01.07.2024 07:00;122,19
01.07.2024 07:00;01.07.2024 08:00;141,3
01.07.2024 08:00;01.07.2024 09:00;142,36
01.07.2024 09:00;01.07.2024 10:00;115,57
01.07.2024 10:00;01.07.2024 11:00;107,01
01.07.2024 11:00;01.07.2024 12:00;91,67
01.07.2024 12:00;01.07.2024 13:00;77,38
01.07.2024 13:00;01.07.2024 14:00;69,9
01.07.2024 14:00;01.07.2024 15:00;39,92
01.07.2024 15:00;01.07.2024 16:00;34,61
01.07.2024 16:00;01.07.2024 17:00;37,63
01.07.2024 17:00;01.07.2024 18:00;62,2
01.07.2024 18:00;01.07.2024 19:00;78,04
01.07.2024 19:00;01.07.2024 20:00;102,47
01.07.2024 20:00;01.07.2024 21:00;166,79
01.07.2024 21:00;01.07.2024 22:00;129,1
01.07.2024 22:00;01.07.2024 23:00;107,51
01.07.2024 23:00;02.07.2024 00:00;87,88
02.07.2024 00:00;02.07.2024 01:00;81,59
02.07.2024 01:00;02.07.2024 02:00;79,93
02.07.2024 02:00;02.07.2024 03:00;82,07
02.07.2024 03:00;02.07.2024 04:00;80,95
02.07.2024 04:00;02.07.2024 05:00;81,99
02.07.2024 05:00;02.07.2024 06:00;81,99
02.07.2024 06:00;02.07.2024 07:00;96,5
02.07.2024 07:00;02.07.2024 08:00;100,69
02.07.2024 08:00;02.07.2024 09:00;101,27
02.07.2024 09:00;02.07.2024 10:00;87,5
02.07.2024 10:00;02.07.2024 11:00;83,11
02.07.2024 11:00;02.07.2024 12:00;74,56
02.07.2024 12:00;02.07.2024 13:00;72,72
02.07.2024 13:00;02.07.2024 14:00;69,16
02.07.2024 14:00;02.07.2024 15:00;60,93
02.07.2024 15:00;02.07.2024 16:00;62,73
02.07.2024 16:00;02.07.2024 17:00;74,22
02.07.2024 17:00;02.07.2024 18:00;75,9
02.07.2024 18:00;02.07.2024 19:00;84,79
02.07.2024 19:00;02.07.2024 20:00;103,63
02.07.2024 20:00;02.07.2024 21:00;115,0
02.07.2024 21:00;02.07.2024 22:00;109,96
02.07.2024 22:00;02.07.2024 23:00;109,05
02.07.2024 23:00;03.07.2024 00:00;86,0
03.07.2024 00:00;03.07.2024 01:00;68,19
03.07.2024 01:00;03.07.2024 02:00;65,3
03.07.2024 02:00;03.07.2024 03:00;63,18
03.07.2024 03:00;03.07.2024 04:00;65,58
03.07.2024 04:00;03.07.2024 05:00;71,14
03.07.2024 05:00;03.07.2024 06:00;78,91
03.07.2024 06:00;03.07.2024 07:00;100,25
03.07.2024 07:00;03.07.2024 08:00;116,51
03.07.2024 08:00;03.07.2024 09:00;115,0
03.07.2024 09:00;03.07.2024 10:00;90,59
03.07.2024 10:00;03.07.2024 11:00;76,63
03.07.2024 11:00;03.07.2024 12:00;73,1
03.07.2024 12:00;03.07.2024 13:00;71,76
03.07.2024 13:00;03.07.2024 14:00;71,14
03.07.2024 14:00;03.07.2024 15:00;73,12
03.07.2024 15:00;03.07.2024 16:00;71,98
03.07.2024 16:00;03.07.2024 17:00;74,01
03.07.2024 17:00;03.07.2024 18:00;86,97
03.07.2024 18:00;03.07.2024 19:00;99,6
03.07.2024 19:00;03.07.2024 20:00;118,79
03.07.2024 20:00;03.07.2024 21:00;163,89
03.07.2024 21:00;03.07.2024 22:00;115,88
03.07.2024 22:00;03.07.2024 23:00;95,32
03.07.2024 23:00;04.07.2024 00:00;76,1
04.07.2024 00:00;04.07.2024 01:00;64,24
04.07.2024 01:00;04.07.2024 02:00;51,94
04.07.2024 02:00;04.07.2024 03:00;26,46
04.07.2024 03:00;04.07.2024 04:00;18,01
04.07.2024 04:00;04.07.2024 05:00;10,08
04.07.2024 05:00;04.07.2024 06:00;10,27
04.07.2024 06:00;04.07.2024 07:00;36,43
04.07.2024 07:00;04.07.2024 08:00;40,0
04.07.2024 08:00;04.07.2024 09:00;33,56
04.07.2024 09:00;04.07.2024 10:00;22,65
04.07.2024 10:00;04.07.2024 11:00;1,9
04.07.2024 11:00;04.07.2024 12:00;0,0
04.07.2024 12:00;04.07.2024 13:00;-0,04
04.07.2024 13:00;04.07.2024 14:00;-5,03
04.07.2024 14:00;04.07.2024 15:00;-19,09
04.07.2024 15:00;04.07.2024 16:00;-18,03
04.07.2024 16:00;04.07.2024 17:00;-8,7
04.07.2024 17:00;04.07.2024 18:00;-0,03
04.07.2024 18:00;04.07.2024 19:00;6,77
04.07.2024 19:00;04.07.2024 20:00;49,85
04.07.2024 20:00;04.07.2024 21:00;86,91
04.07.2024 21:00;04.07.2024 22:00;115,3
04.07.2024 22:00;04.07.2024 23:00;86,91
04.07.2024 23:00;05.07.2024 00:00;64,01
05.07.2024 00:00;05.07.2024 01:00;31,41
05.07.2024 01:00;05.07.2024 02:00;20,13
05.07.2024 02:00;05.07.2024 03:00;20,59
05.07.2024 03:00;05.07.2024 04:00;19,79
05.07.2024 04:00;05.07.2024 05:00;8,98
05.07.2024 05:00;05.07.2024 06:00;10,01
05.07.2024 06:00;05.07.2024 07:00;38,19
05.07.2024 07:00;05.07.2024 08:00;45,75
05.07.2024 08:00;05.07.2024 09:00;39,43
05.07.2024 09:00;05.07.2024 10:00;18,56
05.07.2024 10:00;05.07.2024 11:00;2,95
05.07.2024 11:00;05.07.2024 12:00;0,41
05.07.2024 12:00;05.07.2024 13:00;-0,05
05.07.2024 13:00;05.07.2024 14:00;-0,64
05.07.2024 14:00;05.07.2024 15:00;-0,78
05.07.2024 15:00;05.07.2024 16:00;-0,03
05.07.2024 16:00;05.07.2024 17:00;1,93
05.07.2024 17:00;05.07.2024 18:00;16,81
05.07.2024 18:00;05.07.2024 19:00;64,35
05.07.2024 19:00;05.07.2024 20:00;90,09
05.07.2024 20:00;05.07.2024 21:00;142,36
05.07.2024 21:00;05.07.2024 22:00;130,38
05.07.2024 22:00;05.07.2024 23:00;102,22
05.07.2024 23:00;06.07.2024 00:00;84,95
06.07.2024 00:00;06.07.2024 01:00;89,1
06.07.2024 01:00;06.07.2024 02:00;70,71
06.07.2024 02:00;06.07.2024 03:00;63,52
06.07.2024 03:00;06.07.2024 04:00;46,46
06.07.2024 04:00;06.07.2024 05:00;38,62
06.07.2024 05:00;06.07.2024 06:00;15,69
06.07.2024 06:00;06.07.2024 07:00;5,73
06.07.2024 07:00;06.07.2024 08:00;5,37
06.07.2024 08:00;06.07.2024 09:00;3,39
06.07.2024 09:00;06.07.2024 10:00;0,0
06.07.2024 10:00;06.07.2024 11:00;-9,92
06.07.2024 11:00;06.07.2024 12:00;-28,87
06.07.2024 12:00;06.07.2024 13:00;-32,69
06.07.2024 13:00;06.07.2024 14:00;-44,1
06.07.2024 14:00;06.07.2024 15:00;-48,07
06.07.2024 15:00;06.07.2024 16:00;-34,84
06.07.2024 16:00;06.07.2024 17:00;-13,68
06.07.2024 17:00;06.07.2024 18:00;-0,06
06.07.2024 18:00;06.07.2024 19:00;1,88
06.07.2024 19:00;06.07.2024 20:00;0,22
06.07.2024 20:00;06.07.2024 21:00;6,69
06.07.2024 21:00;06.07.2024 22:00;9,4
06.07.2024 22:00;06.07.2024 23:00;18,0
06.07.2024 23:00;07.07.2024 00:00;14,02
07.07.2024 00:00;07.07.2024 01:00;-0,03
07.07.2024 01:00;07.07.2024 02:00;-0,1
07.07.2024 02:00;07.07.2024 03:00;-0,8
07.07.2024 03:00;07.07.2024 04:00;-0,48
07.07.2024 04:00;07.07.2024 05:00;-0,06
07.07.2024 05:00;07.07.2024 06:00;-0,01
07.07.2024 06:00;07.07.2024 07:00;-0,01
07.07.2024 07:00;07.07.2024 08:00;-0,01
07.07.2024 08:00;07.07.2024 09:00;-0,6
07.07.2024 09:00;07.07.2024 10:00;-6,49
07.07.2024 10:00;07.07.2024 11:00;-9,98
07.07.2024 11:00;07.07.2024 12:00;-12,04
07.07.2024 12:00;07.07.2024 13:00;-13,49
07.07.2024 13:00;07.07.2024 14:00;-22,37
07.07.2024 14:00;07.07.2024 15:00;-20,98
07.07.2024 15:00;07.07.2024 16:00;-12,2
07.07.2024 16:00;07.07.2024 17:00;-6,16
07.07.2024 17:00;07.07.2024 18:00;-0,08
07.07.2024 18:00;07.07.2024 19:00;63,99
07.07.2024 19:00;07.07.2024 20:00;90,27
07.07.2024 20:00;07.07.2024 21:00;125,64
07.07.2024 21:00;07.07.2024 22:00;133,17
07.07.2024 22:00;07.07.2024 23:00;115,2
07.07.2024 23:00;08.07.2024 00:00;97,13
08.07.2024 00:00;08.07.2024 01:00;81,62
08.07.2024 01:00;08.07.2024 02:00;76,65
08.07.2024 02:00;08.07.2024 03:00;74,08
08.07.2024 03:00;08.07.2024 04:00;77,72
08.07.2024 04:00;08.07.2024 05:00;76,28
08.07.2024 05:00;08.07.2024 06:00;80,44
08.07.2024 06:00;08.07.2024 07:00;112,18
08.07.2024 07:00;08.07.2024 08:00;125,0
08.07.2024 08:00;08.07.2024 09:00;100,64
08.07.2024 09:00;08.07.2024 10:00;77,61
08.07.2024 10:00;08.07.2024 11:00;53,93
08.07.2024 11:00;08.07.2024 12:00;38,43
08.07.2024 12:00;08.07.2024 13:00;31,79
08.07.2024 13:00;08.07.2024 14:00;29,45
08.07.2024 14:00;08.07.2024 15:00;29,56
08.07.2024 15:00;08.07.2024 16:00;36,75
08.07.2024 16:00;08.07.2024 17:00;64,0
08.07.2024 17:00;08.07.2024 18:00;80,2
08.07.2024 18:00;08.07.2024 19:00;102,63
08.07.2024 19:00;08.07.2024 20:00;136,49
08.07.2024 20:00;08.07.2024 21:00;257,35
08.07.2024 21:00;08.07.2024 22:00;173,69
08.07.2024 22:00;08.07.2024 23:00;113,65
08.07.2024 23:00;09.07.2024 00:00;92,02
09.07.2024 00:00;09.07.2024 01:00;105,52
09.07.2024 01:00;09.07.2024 02:00;95,96
09.07.2024 02:00;09.07.2024 03:00;93,08
09.07.2024 03:00;09.07.2024 04:00;91,14
09.07.2024 04:00;09.07.2024 05:00;87,66
09.07.2024 05:00;09.07.2024 06:00;96,83
09.07.2024 06:00;09.07.2024 07:00;111,38
09.07.2024 07:00;09.07.2024 08:00;103,76
09.07.2024 08:00;09.07.2024 09:00;94,0
09.07.2024 09:00;09.07.2024 10:00;67,26
09.07.2024 10:00;09.07.2024 11:00;46,63
09.07.2024 11:00;09.07.2024 12:00;33,71
09.07.2024 12:00;09.07.2024 13:00;21,95
09.07.2024 13:00;09.07.2024 14:00;5,04
09.07.2024 14:00;09.07.2024 15:00;2,71
09.07.2024 15:00;09.07.2024 16:00;11,08
09.07.2024 16:00;09.07.2024 17:00;53,73
09.07.2024 17:00;09.07.2024 18:00;81,69
09.07.2024 18:00;09.07.2024 19:00;99,27
09.07.2024 19:00;09.07.2024 20:00;151,5
09.07.2024 20:00;09.07.2024 21:00;147,64
09.07.2024 21:00;09.07.2024 22:00;108,12
09.07.2024 22:00;09.07.2024 23:00;86,07
09.07.2024 23:00;10.07.2024 00:00;68,89
10.07.2024 00:00;10.07.2024 01:00;55,0
10.07.2024 01:00;10.07.2024 02:00;54,9
10.07.2024 02:00;10.07.2024 03:00;53,92
10.07.2024 03:00;10.07.2024 04:00;54,98
10.07.2024 04:00;10.07.2024 05:00;59,92
10.07.2024 05:00;10.07.2024 06:00;66,14
10.07.2024 06:00;10.07.2024 07:00;84,46
10.07.2024 07:00;10.07.2024 08:00;106,46
10.07.2024 08:00;10.07.2024 09:00;102,01
10.07.2024 09:00;10.07.2024 10:00;84,93
10.07.2024 10:00;10.07.2024 11:00;65,0
10.07.2024 11:00;10.07.2024 12:00;55,77
10.07.2024 12:00;10.07.2024 13:00;47,13
10.07.2024 13:00;10.07.2024 14:00;44,58
10.07.2024 14:00;10.07.2024 15:00;55,0
10.07.2024 15:00;10.07.2024 16:00;58,43
10.07.2024 16:00;10.07.2024 17:00;67,48
10.07.2024 17:00;10.07.2024 18:00;80,14
10.07.2024 18:00;10.07.2024 19:00;80,73
10.07.2024 19:00;10.07.2024 20:00;99,72
10.07.2024 20:00;10.07.2024 21:00;148,61
10.07.2024 21:00;10.07.2024 22:00;164,08
10.07.2024 22:00;10.07.2024 23:00;113,97
10.07.2024 23:00;11.07.2024 00:00;92,92
11.07.2024 00:00;11.07.2024 01:00;96,02
11.07.2024 01:00;11.07.2024 02:00;79,95
11.07.2024 02:00;11.07.2024 03:00;77,06
11.07.2024 03:00;11.07.2024 04:00;79,6
11.07.2024 04:00;11.07.2024 05:00;80,31
11.07.2024 05:00;11.07.2024 06:00;81,98
11.07.2024 06:00;11.07.2024 07:00;107,71
11.07.2024 07:00;11.07.2024 08:00;120,0
11.07.2024 08:00;11.07.2024 09:00;106,53
11.07.2024 09:00;11.07.2024 10:00;89,11
11.07.2024 10:00;11.07.2024 11:00;80,69
11.07.2024 11:00;11.07.2024 12:00;66,6
11.07.2024 12:00;11.07.2024 13:00;57,44
11.07.2024 13:00;11.07.2024 14:00;47,7
11.07.2024 14:00;11.07.2024 15:00;44,48
11.07.2024 15:00;11.07.2024 16:00;50,1
11.07.2024 16:00;11.07.2024 17:00;60,98
11.07.2024 17:00;11.07.2024 18:00;81,91
11.07.2024 18:00;11.07.2024 19:00;91,58
11.07.2024 19:00;11.07.2024 20:00;120,0
11.07.2024 20:00;11.07.2024 21:00;184,33
11.07.2024 21:00;11.07.2024 22:00;166,74
11.07.2024 22:00;11.07.2024 23:00;121,59
11.07.2024 23:00;12.07.2024 00:00;98,12
12.07.2024 00:00;12.07.2024 01:00;102,42
12.07.2024 01:00;12.07.2024 02:00;87,31
12.07.2024 02:00;12.07.2024 03:00;82,87
12.07.2024 03:00;12.07.2024 04:00;83,03
12.07.2024 04:00;12.07.2024 05:00;82,21
12.07.2024 05:00;12.07.2024 06:00;84,25
12.07.2024 06:00;12.07.2024 07:00;107,94
12.07.2024 07:00;12.07.2024 08:00;109,92
12.07.2024 08:00;12.07.2024 09:00;109,6
12.07.2024 09:00;12.07.2024 10:00;102,4
12.07.2024 10:00;12.07.2024 11:00;95,87
12.07.2024 11:00;12.07.2024 12:00;89,83
12.07.2024 12:00;12.07.2024 13:00;83,25
12.07.2024 13:00;12.07.2024 14:00;78,6
12.07.2024 14:00;12.07.2024 15:00;78,04
12.07.2024 15:00;12.07.2024 16:00;78,19
12.07.2024 16:00;12.07.2024 17:00;85,71
12.07.2024 17:00;12.07.2024 18:00;85,54
12.07.2024 18:00;12.07.2024 19:00;92,26
12.07.2024 19:00;12.07.2024 20:00;102,39
12.07.2024 20:00;12.07.2024 21:00;93,29
12.07.2024 21:00;12.07.2024 22:00;94,61
12.07.2024 22:00;12.07.2024 23:00;85,66
12.07.2024 23:00;13.07.2024 00:00;79,11
13.07.2024 00:00;13.07.2024 01:00;50,65
13.07.2024 01:00;13.07.2024 02:00;50,52
13.07.2024 02:00;13.07.2024 03:00;36,92
13.07.2024 03:00;13.07.2024 04:00;37,67
13.07.2024 04:00;13.07.2024 05:00;32,72
13.07.2024 05:00;13.07.2024 06:00;31,05
13.07.2024 06:00;13.07.2024 07:00;30,66
13.07.2024 07:00;13.07.2024 08:00;27,82
13.07.2024 08:00;13.07.2024 09:00;26,6
13.07.2024 09:00;13.07.2024 10:00;20,97
13.07.2024 10:00;13.07.2024 11:00;5,16
13.07.2024 11:00;13.07.2024 12:00;0,04
13.07.2024 12:00;13.07.2024 13:00;-0,01
13.07.2024 13:00;13.07.2024 14:00;-5,0
13.07.2024 14:00;13.07.2024 15:00;-14,9
13.07.2024 15:00;13.07.2024 16:00;-11,47
13.07.2024 16:00;13.07.2024 17:00;-3,48
13.07.2024 17:00;13.07.2024 18:00;-0,01
13.07.2024 18:00;13.07.2024 19:00;28,77
13.07.2024 19:00;13.07.2024 20:00;50,33
13.07.2024 20:00;13.07.2024 21:00;75,45
13.07.2024 21:00;13.07.2024 22:00;76,26
13.07.2024 22:00;13.07.2024 23:00;78,84
13.07.2024 23:00;14.07.2024 00:00;63,0
14.07.2024 00:00;14.07.2024 01:00;88,95
14.07.2024 01:00;14.07.2024 02:00;63,19
14.07.2024 02:00;14.07.2024 03:00;55,45
14.07.2024 03:00;14.07.2024 04:00;44,3
14.07.2024 04:00;14.07.2024 05:00;37,93
14.07.2024 05:00;14.07.2024 06:00;36,81
14.07.2024 06:00;14.07.2024 07:00;31,96
14.07.2024 07:00;14.07.2024 08:00;14,28
14.07.2024 08:00;14.07.2024 09:00;0,29
14.07.2024 09:00;14.07.2024 10:00;-3,31
14.07.2024 10:00;14.07.2024 11:00;-21,13
14.07.2024 11:00;14.07.2024 12:00;-40,08
14.07.2024 12:00;14.07.2024 13:00;-59,47
14.07.2024 13:00;14.07.2024 14:00;-73,96
14.07.2024 14:00;14.07.2024 15:00;-73,96
14.07.2024 15:00;14.07.2024 16:00;-51,82
14.07.2024 16:00;14.07.2024 17:00;-20,03
14.07.2024 17:00;14.07.2024 18:00;-0,05
14.07.2024 18:00;14.07.2024 19:00;46,54
14.07.2024 19:00;14.07.2024 20:00;91,93
14.07.2024 20:00;14.07.2024 21:00;115,8
14.07.2024 21:00;14.07.2024 22:00;108,68
14.07.2024 22:00;14.07.2024 23:00;105,84
14.07.2024 23:00;15.07.2024 00:00;87,06
15.07.2024 00:00;15.07.2024 01:00;79,35
15.07.2024 01:00;15.07.2024 02:00;66,24
15.07.2024 02:00;15.07.2024 03:00;58,17
15.07.2024 03:00;15.07.2024 04:00;63,03
15.07.2024 04:00;15.07.2024 05:00;67,82
15.07.2024 05:00;15.07.2024 06:00;80,07
15.07.2024 06:00;15.07.2024 07:00;120,0
15.07.2024 07:00;15.07.2024 08:00;144,1
15.07.2024 08:00;15.07.2024 09:00;89,77
15.07.2024 09:00;15.07.2024 10:00;59,29
15.07.2024 10:00;15.07.2024 11:00;35,52
15.07.2024 11:00;15.07.2024 12:00;11,29
15.07.2024 12:00;15.07.2024 13:00;0,07
15.07.2024 13:00;15.07.2024 14:00;-0,01
15.07.2024 14:00;15.07.2024 15:00;-0,07
15.07.2024 15:00;15.07.2024 16:00;3,54
15.07.2024 16:00;15.07.2024 17:00;44,29
15.07.2024 17:00;15.07.2024 18:00;82,0
15.07.2024 18:00;15.07.2024 19:00;114,35
15.07.2024 19:00;15.07.2024 20:00;204,19
15.07.2024 20:00;15.07.2024 21:00;224,96
15.07.2024 21:00;15.07.2024 22:00;143,56
15.07.2024 22:00;15.07.2024 23:00;92,48
15.07.2024 23:00;16.07.2024 00:00;80,1
16.07.2024 00:00;16.07.2024 01:00;76,59
16.07.2024 01:00;16.07.2024 02:00;63,77
16.07.2024 02:00;16.07.2024 03:00;52,49
16.07.2024 03:00;16.07.2024 04:00;36,82
16.07.2024 04:00;16.07.2024 05:00;38,16
16.07.2024 05:00;16.07.2024 06:00;50,32
16.07.2024 06:00;16.07.2024 07:00;80,35
16.07.2024 07:00;16.07.2024 08:00;90,95
16.07.2024 08:00;16.07.2024 09:00;84,31
16.07.2024 09:00;16.07.2024 10:00;62,77
16.07.2024 10:00;16.07.2024 11:00;21,49
16.07.2024 11:00;16.07.2024 12:00;0,06
16.07.2024 12:00;16.07.2024 13:00;-8,03
16.07.2024 13:00;16.07.2024 14:00;-11,03
16.07.2024 14:00;16.07.2024 15:00;-11,48
16.07.2024 15:00;16.07.2024 16:00;-11,14
16.07.2024 16:00;16.07.2024 17:00;-2,3
16.07.2024 17:00;16.07.2024 18:00;22,12
16.07.2024 18:00;16.07.2024 19:00;63,02
16.07.2024 19:00;16.07.2024 20:00;81,99
16.07.2024 20:00;16.07.2024 21:00;121,6
16.07.2024 21:00;16.07.2024 22:00;114,28
16.07.2024 22:00;16.07.2024 23:00;105,81
16.07.2024 23:00;17.07.2024 00:00;84,31
17.07.2024 00:00;17.07.2024 01:00;87,4
17.07.2024 01:00;17.07.2024 02:00;72,98
17.07.2024 02:00;17.07.2024 03:00;72,82
17.07.2024 03:00;17.07.2024 04:00;70,53
17.07.2024 04:00;17.07.2024 05:00;71,05
17.07.2024 05:00;17.07.2024 06:00;77,44
17.07.2024 06:00;17.07.2024 07:00;90,05
17.07.2024 07:00;17.07.2024 08:00;99,76
17.07.2024 08:00;17.07.2024 09:00;105,7
17.07.2024 09:00;17.07.2024 10:00;77,14
17.07.2024 10:00;17.07.2024 11:00;58,19
17.07.2024 11:00;17.07.2024 12:00;41,75
17.07.2024 12:00;17.07.2024 13:00;32,59
17.07.2024 13:00;17.07.2024 14:00;21,85
17.07.2024 14:00;17.07.2024 15:00;10,8
17.07.2024 15:00;17.07.2024 16:00;13,47
17.07.2024 16:00;17.07.2024 17:00;38,88
17.07.2024 17:00;17.07.2024 18:00;61,68
17.07.2024 18:00;17.07.2024 19:00;82,93
17.07.2024 19:00;17.07.2024 20:00;106,89
17.07.2024 20:00;17.07.2024 21:00;187,95
17.07.2024 21:00;17.07.2024 22:00;143,47
17.07.2024 22:00;17.07.2024 23:00;114,91
17.07.2024 23:00;18.07.2024 00:00;92,81
18.07.2024 00:00;18.07.2024 01:00;89,97
18.07.2024 01:00;18.07.2024 02:00;80,29
18.07.2024 02:00;18.07.2024 03:00;79,05
18.07.2024 03:00;18.07.2024 04:00;78,54
18.07.2024 04:00;18.07.2024 05:00;79,27
18.07.2024 05:00;18.07.2024 06:00;92,1
18.07.2024 06:00;18.07.2024 07:00;120,88
18.07.2024 07:00;18.07.2024 08:00;107,27
18.07.2024 08:00;18.07.2024 09:00;96,74
18.07.2024 09:00;18.07.2024 10:00;79,22
18.07.2024 10:00;18.07.2024 11:00;63,84
18.07.2024 11:00;18.07.2024 12:00;47,13
18.07.2024 12:00;18.07.2024 13:00;35,01
18.07.2024 13:00;18.07.2024 14:00;33,96
18.07.2024 14:00;18.07.2024 15:00;37,01
18.07.2024 15:00;18.07.2024 16:00;48,78
18.07.2024 16:00;18.07.2024 17:00;67,56
18.07.2024 17:00;18.07.2024 18:00;85,48
18.07.2024 18:00;18.07.2024 19:00;92,0
18.07.2024 19:00;18.07.2024 20:00;130,18
18.07.2024 20:00;18.07.2024 21:00;227,6
18.07.2024 21:00;18.07.2024 22:00;184,46
18.07.2024 22:00;18.07.2024 23:00;119,54
18.07.2024 23:00;19.07.2024 00:00;101,92
19.07.2024 00:00;19.07.2024 01:00;90,11
19.07.2024 01:00;19.07.2024 02:00;80,45
19.07.2024 02:00;19.07.2024 03:00;79,91
19.07.2024 03:00;19.07.2024 04:00;79,29
19.07.2024 04:00;19.07.2024 05:00;83,38
19.07.2024 05:00;19.07.2024 06:00;91,38
19.07.2024 06:00;19.07.2024 07:00;115,6
19.07.2024 07:00;19.07.2024 08:00;110,72
19.07.2024 08:00;19.07.2024 09:00;98,4
19.07.2024 09:00;19.07.2024 10:00;81,43
19.07.2024 10:00;19.07.2024 11:00;70,0
19.07.2024 11:00;19.07.2024 12:00;58,75
19.07.2024 12:00;19.07.2024 13:00;44,34
19.07.2024 13:00;19.07.2024 14:00;36,5
19.07.2024 14:00;19.07.2024 15:00;36,2
19.07.2024 15:00;19.07.2024 16:00;42,54
19.07.2024 16:00;19.07.2024 17:00;63,79
19.07.2024 17:00;19.07.2024 18:00;77,34
19.07.2024 18:00;19.07.2024 19:00;91,61
19.07.2024 19:00;19.07.2024 20:00;121,02
19.07.2024 20:00;19.07.2024 21:00;190,46
19.07.2024 21:00;19.07.2024 22:00;120,0
19.07.2024 22:00;19.07.2024 23:00;106,86
19.07.2024 23:00;20.07.2024 00:00;91,55
20.07.2024 00:00;20.07.2024 01:00;94,73
20.07.2024 01:00;20.07.2024 02:00;89,41
20.07.2024 02:00;20.07.2024 03:00;88,25
20.07.2024 03:00;20.07.2024 04:00;89,88
20.07.2024 04:00;20.07.2024 05:00;94,24
20.07.2024 05:00;20.07.2024 06:00;93,8
20.07.2024 06:00;20.07.2024 07:00;91,49
20.07.2024 07:00;20.07.2024 08:00;85,99
20.07.2024 08:00;20.07.2024 09:00;68,2
20.07.2024 09:00;20.07.2024 10:00;49,8
20.07.2024 10:00;20.07.2024 11:00;5,15
20.07.2024 11:00;20.07.2024 12:00;0,0
20.07.2024 12:00;20.07.2024 13:00;-4,65
20.07.2024 13:00;20.07.2024 14:00;-4,29
20.07.2024 14:00;20.07.2024 15:00;-2,88
20.07.2024 15:00;20.07.2024 16:00;-2,71
20.07.2024 16:00;20.07.2024 17:00;2,42
20.07.2024 17:00;20.07.2024 18:00;52,29
20.07.2024 18:00;20.07.2024 19:00;85,0
20.07.2024 19:00;20.07.2024 20:00;109,56
20.07.2024 20:00;20.07.2024 21:00;134,75
20.07.2024 21:00;20.07.2024 22:00;108,81
20.07.2024 22:00;20.07.2024 23:00;84,1
20.07.2024 23:00;21.07.2024 00:00;74,51
21.07.2024 00:00;21.07.2024 01:00;63,63
21.07.2024 01:00;21.07.2024 02:00;56,3
21.07.2024 02:00;21.07.2024 03:00;55,2
21.07.2024 03:00;21.07.2024 04:00;60,38
21.07.2024 04:00;21.07.2024 05:00;68,61
21.07.2024 05:00;21.07.2024 06:00;75,24
21.07.2024 06:00;21.07.2024 07:00;81,37
21.07.2024 07:00;21.07.2024 08:00;60,31
21.07.2024 08:00;21.07.2024 09:00;48,68
21.07.2024 09:00;21.07.2024 10:00;10,57
21.07.2024 10:00;21.07.2024 11:00;0,07
21.07.2024 11:00;21.07.2024 12:00;0,01
21.07.2024 12:00;21.07.2024 13:00;0,01
21.07.2024 13:00;21.07.2024 14:00;-0,08
21.07.2024 14:00;21.07.2024 15:00;-0,21
21.07.2024 15:00;21.07.2024 16:00;0,04
21.07.2024 16:00;21.07.2024 17:00;0,11
21.07.2024 17:00;21.07.2024 18:00;59,81
21.07.2024 18:00;21.07.2024 19:00;94,27
21.07.2024 19:00;21.07.2024 20:00;108,27
21.07.2024 20:00;21.07.2024 21:00;127,68
21.07.2024 21:00;21.07.2024 22:00;128,12
21.07.2024 22:00;21.07.2024 23:00;111,85
21.07.2024 23:00;22.07.2024 00:00;93,7
22.07.2024 00:00;22.07.2024 01:00;122,1
22.07.2024 01:00;22.07.2024 02:00;96,63
22.07.2024 02:00;22.07.2024 03:00;86,88
22.07.2024 03:00;22.07.2024 04:00;86,93
22.07.2024 04:00;22.07.2024 05:00;86,14
22.07.2024 05:00;22.07.2024 06:00;82,26
22.07.2024 06:00;22.07.2024 07:00;119,48
22.07.2024 07:00;22.07.2024 08:00;131,68
22.07.2024 08:00;22.07.2024 09:00;126,05
22.07.2024 09:00;22.07.2024 10:00;94,34
22.07.2024 10:00;22.07.2024 11:00;75,14
22.07.2024 11:00;22.07.2024 12:00;72,88
22.07.2024 12:00;22.07.2024 13:00;66,22
22.07.2024 13:00;22.07.2024 14:00;43,25
22.07.2024 14:00;22.07.2024 15:00;19,41
22.07.2024 15:00;22.07.2024 16:00;20,38
22.07.2024 16:00;22.07.2024 17:00;48,46
22.07.2024 17:00;22.07.2024 18:00;63,69
22.07.2024 18:00;22.07.2024 19:00;81,15
22.07.2024 19:00;22.07.2024 20:00;99,04
22.07.2024 20:00;22.07.2024 21:00;186,24
22.07.2024 21:00;22.07.2024 22:00;172,04
22.07.2024 22:00;22.07.2024 23:00;111,04
22.07.2024 23:00;23.07.2024 00:00;98,0
23.07.2024 00:00;23.07.2024 01:00;83,39
23.07.2024 01:00;23.07.2024 02:00;75,8
23.07.2024 02:00;23.07.2024 03:00;76,7
23.07.2024 03:00;23.07.2024 04:00;70,5
23.07.2024 04:00;23.07.2024 05:00;73,83
23.07.2024 05:00;23.07.2024 06:00;76,61
23.07.2024 06:00;23.07.2024 07:00;106,73
23.07.2024 07:00;23.07.2024 08:00;120,51
23.07.2024 08:00;23.07.2024 09:00;115,21
23.07.2024 09:00;23.07.2024 10:00;87,29
23.07.2024 10:00;23.07.2024 11:00;68,87
23.07.2024 11:00;23.07.2024 12:00;61,37
23.07.2024 12:00;23.07.2024 13:00;43,42
23.07.2024 13:00;23.07.2024 14:00;38,29
23.07.2024 14:00;23.07.2024 15:00;36,01
23.07.2024 15:00;23.07.2024 16:00;41,96
23.07.2024 16:00;23.07.2024 17:00;64,86
23.07.2024 17:00;23.07.2024 18:00;79,53
23.07.2024 18:00;23.07.2024 19:00;79,92
23.07.2024 19:00;23.07.2024 20:00;96,03
23.07.2024 20:00;23.07.2024 21:00;118,52
23.07.2024 21:00;23.07.2024 22:00;102,01
23.07.2024 22:00;23.07.2024 23:00;99,23
23.07.2024 23:00;24.07.2024 00:00;91,58
24.07.2024 00:00;24.07.2024 01:00;83,55
24.07.2024 01:00;24.07.2024 02:00;78,33
24.07.2024 02:00;24.07.2024 03:00;72,56
24.07.2024 03:00;24.07.2024 04:00;74,85
24.07.2024 04:00;24.07.2024 05:00;74,99
24.07.2024 05:00;24.07.2024 06:00;75,77
24.07.2024 06:00;24.07.2024 07:00;103,07
24.07.2024 07:00;24.07.2024 08:00;128,9
24.07.2024 08:00;24.07.2024 09:00;99,19
24.07.2024 09:00;24.07.2024 10:00;72,91
24.07.2024 10:00;24.07.2024 11:00;54,9
24.07.2024 11:00;24.07.2024 12:00;21,19
24.07.2024 12:00;24.07.2024 13:00;1,58
24.07.2024 13:00;24.07.2024 14:00;-0,15
24.07.2024 14:00;24.07.2024 15:00;-2,06
24.07.2024 15:00;24.07.2024 16:00;-1,96
24.07.2024 16:00;24.07.2024 17:00;2,21
24.07.2024 17:00;24.07.2024 18:00;39,27
24.07.2024 18:00;24.07.2024 19:00;69,34
24.07.2024 19:00;24.07.2024 20:00;95,9
24.07.2024 20:00;24.07.2024 21:00;109,93
24.07.2024 21:00;24.07.2024 22:00;121,82
24.07.2024 22:00;24.07.2024 23:00;109,58
24.07.2024 23:00;25.07.2024 00:00;95,03
25.07.2024 00:00;25.07.2024 01:00;92,55
25.07.2024 01:00;25.07.2024 02:00;87,2
25.07.2024 02:00;25.07.2024 03:00;84,9
25.07.2024 03:00;25.07.2024 04:00;79,92
25.07.2024 04:00;25.07.2024 05:00;76,4
25.07.2024 05:00;25.07.2024 06:00;92,53
25.07.2024 06:00;25.07.2024 07:00;106,16
25.07.2024 07:00;25.07.2024 08:00;116,86
25.07.2024 08:00;25.07.2024 09:00;90,98
25.07.2024 09:00;25.07.2024 10:00;71,98
25.07.2024 10:00;25.07.2024 11:00;55,08
25.07.2024 11:00;25.07.2024 12:00;36,95
25.07.2024 12:00;25.07.2024 13:00;24,31
25.07.2024 13:00;25.07.2024 14:00;17,36
25.07.2024 14:00;25.07.2024 15:00;13,27
25.07.2024 15:00;25.07.2024 16:00;26,2
25.07.2024 16:00;25.07.2024 17:00;53,8
25.07.2024 17:00;25.07.2024 18:00;80,0
25.07.2024 18:00;25.07.2024 19:00;97,0
25.07.2024 19:00;25.07.2024 20:00;126,93
25.07.2024 20:00;25.07.2024 21:00;155,72
25.07.2024 21:00;25.07.2024 22:00;131,61
25.07.2024 22:00;25.07.2024 23:00;100,0
25.07.2024 23:00;26.07.2024 00:00;84,95
26.07.2024 00:00;26.07.2024 01:00;83,32
26.07.2024 01:00;26.07.2024 02:00;73,9
26.07.2024 02:00;26.07.2024 03:00;79,1
26.07.2024 03:00;26.07.2024 04:00;81,61
26.07.2024 04:00;26.07.2024 05:00;81,17
26.07.2024 05:00;26.07.2024 06:00;83,21
26.07.2024 06:00;26.07.2024 07:00;99,52
26.07.2024 07:00;26.07.2024 08:00;116,56
26.07.2024 08:00;26.07.2024 09:00;104,1
26.07.2024 09:00;26.07.2024 10:00;96,83
26.07.2024 10:00;26.07.2024 11:00;90,53
26.07.2024 11:00;26.07.2024 12:00;81,35
26.07.2024 12:00;26.07.2024 13:00;70,0
26.07.2024 13:00;26.07.2024 14:00;63,12
26.07.2024 14:00;26.07.2024 15:00;60,19
26.07.2024 15:00;26.07.2024 16:00;68,14
26.07.2024 16:00;26.07.2024 17:00;72,84
26.07.2024 17:00;26.07.2024 18:00;88,52
26.07.2024 18:00;26.07.2024 19:00;94,34
26.07.2024 19:00;26.07.2024 20:00;107,79
26.07.2024 20:00;26.07.2024 21:00;143,25
26.07.2024 21:00;26.07.2024 22:00;139,0
26.07.2024 22:00;26.07.2024 23:00;106,39
26.07.2024 23:00;27.07.2024 00:00;97,91
27.07.2024 00:00;27.07.2024 01:00;103,96
27.07.2024 01:00;27.07.2024 02:00;103,41
27.07.2024 02:00;27.07.2024 03:00;97,39
27.07.2024 03:00;27.07.2024 04:00;95,25
27.07.2024 04:00;27.07.2024 05:00;92,46
27.07.2024 05:00;27.07.2024 06:00;90,51
27.07.2024 06:00;27.07.2024 07:00;87,4
27.07.2024 07:00;27.07.2024 08:00;82,75
27.07.2024 08:00;27.07.2024 09:00;84,69
27.07.2024 09:00;27.07.2024 10:00;67,67
27.07.2024 10:00;27.07.2024 11:00;60,78
27.07.2024 11:00;27.07.2024 12:00;39,9
27.07.2024 12:00;27.07.2024 13:00;28,0
27.07.2024 13:00;27.07.2024 14:00;17,8
27.07.2024 14:00;27.07.2024 15:00;17,92
27.07.2024 15:00;27.07.2024 16:00;35,02
27.07.2024 16:00;27.07.2024 17:00;67,72
27.07.2024 17:00;27.07.2024 18:00;94,73
27.07.2024 18:00;27.07.2024 19:00;104,97
27.07.2024 19:00;27.07.2024 20:00;116,69
27.07.2024 20:00;27.07.2024 21:00;123,1
27.07.2024 21:00;27.07.2024 22:00;121,82
27.07.2024 22:00;27.07.2024 23:00;108,1
27.07.2024 23:00;28.07.2024 00:00;97,94
28.07.2024 00:00;28.07.2024 01:00;109,99
28.07.2024 01:00;28.07.2024 02:00;95,11
28.07.2024 02:00;28.07.2024 03:00;88,21
28.07.2024 03:00;28.07.2024 04:00;81,53
28.07.2024 04:00;28.07.2024 05:00;78,54
28.07.2024 05:00;28.07.2024 06:00;79,26
28.07.2024 06:00;28.07.2024 07:00;75,53
28.07.2024 07:00;28.07.2024 08:00;72,61
28.07.2024 08:00;28.07.2024 09:00;25,49
28.07.2024 09:00;28.07.2024 10:00;4,92
28.07.2024 10:00;28.07.2024 11:00;0,0
28.07.2024 11:00;28.07.2024 12:00;-2,43
28.07.2024 12:00;28.07.2024 13:00;-16,63
28.07.2024 13:00;28.07.2024 14:00;-39,91
28.07.2024 14:00;28.07.2024 15:00;-48,69
28.07.2024 15:00;28.07.2024 16:00;-33,53
28.07.2024 16:00;28.07.2024 17:00;-13,77
28.07.2024 17:00;28.07.2024 18:00;-1,99
28.07.2024 18:00;28.07.2024 19:00;40,87
28.07.2024 19:00;28.07.2024 20:00;92,48
28.07.2024 20:00;28.07.2024 21:00;111,85
28.07.2024 21:00;28.07.2024 22:00;115,66
28.07.2024 22:00;28.07.2024 23:00;104,95
28.07.2024 23:00;29.07.2024 00:00;84,46
29.07.2024 00:00;29.07.2024 01:00;79,59
29.07.2024 01:00;29.07.2024 02:00;76,03
29.07.2024 02:00;29.07.2024 03:00;72,25
29.07.2024 03:00;29.07.2024 04:00;76,29
29.07.2024 04:00;29.07.2024 05:00;80,0
29.07.2024 05:00;29.07.2024 06:00;101,3
29.07.2024 06:00;29.07.2024 07:00;135,0
29.07.2024 07:00;29.07.2024 08:00;121,66
29.07.2024 08:00;29.07.2024 09:00;98,46
29.07.2024 09:00;29.07.2024 10:00;63,66
29.07.2024 10:00;29.07.2024 11:00;10,58
29.07.2024 11:00;29.07.2024 12:00;-0,16
29.07.2024 12:00;29.07.2024 13:00;-0,19
29.07.2024 13:00;29.07.2024 14:00;-1,7
29.07.2024 14:00;29.07.2024 15:00;-0,98
29.07.2024 15:00;29.07.2024 16:00;-0,07
29.07.2024 16:00;29.07.2024 17:00;13,74
29.07.2024 17:00;29.07.2024 18:00;64,48
29.07.2024 18:00;29.07.2024 19:00;96,91
29.07.2024 19:00;29.07.2024 20:00;123,24
29.07.2024 20:00;29.07.2024 21:00;178,07
29.07.2024 21:00;29.07.2024 22:00;132,72
29.07.2024 22:00;29.07.2024 23:00;107,8
29.07.2024 23:00;30.07.2024 00:00;90,2
30.07.2024 00:00;30.07.2024 01:00;78,01
30.07.2024 01:00;30.07.2024 02:00;75,77
30.07.2024 02:00;30.07.2024 03:00;79,27
30.07.2024 03:00;30.07.2024 04:00;83,73
30.07.2024 04:00;30.07.2024 05:00;88,59
30.07.2024 05:00;30.07.2024 06:00;101,85
30.07.2024 06:00;30.07.2024 07:00;115,64
30.07.2024 07:00;30.07.2024 08:00;113,48
30.07.2024 08:00;30.07.2024 09:00;99,65
30.07.2024 09:00;30.07.2024 10:00;67,78
30.07.2024 10:00;30.07.2024 11:00;37,52
30.07.2024 11:00;30.07.2024 12:00;7,84
30.07.2024 12:00;30.07.2024 13:00;1,09
30.07.2024 13:00;30.07.2024 14:00;-0,04
30.07.2024 14:00;30.07.2024 15:00;-0,06
30.07.2024 15:00;30.07.2024 16:00;13,25
30.07.2024 16:00;30.07.2024 17:00;40,68
30.07.2024 17:00;30.07.2024 18:00;78,1
30.07.2024 18:00;30.07.2024 19:00;103,4
30.07.2024 19:00;30.07.2024 20:00;129,44
30.07.2024 20:00;30.07.2024 21:00;177,13
30.07.2024 21:00;30.07.2024 22:00;147,67
30.07.2024 22:00;30.07.2024 23:00;114,98
30.07.2024 23:00;31.07.2024 00:00;99,04
31.07.2024 00:00;31.07.2024 01:00;98,85
31.07.2024 01:00;31.07.2024 02:00;87,29
31.07.2024 02:00;31.07.2024 03:00;85,19
31.07.2024 03:00;31.07.2024 04:00;82,9
31.07.2024 04:00;31.07.2024 05:00;90,6
31.07.2024 05:00;31.07.2024 06:00;102,39
31.07.2024 06:00;31.07.2024 07:00;112,51
31.07.2024 07:00;31.07.2024 08:00;110,14
31.07.2024 08:00;31.07.2024 09:00;95,26
31.07.2024 09:00;31.07.2024 10:00;79,02
31.07.2024 10:00;31.07.2024 11:00;55,89
31.07.2024 11:00;31.07.2024 12:00;33,46
31.07.2024 12:00;31.07.2024 13:00;21,75
31.07.2024 13:00;31.07.2024 14:00;11,36
31.07.2024 14:00;31.07.2024 15:00;17,53
31.07.2024 15:00;31.07.2024 16:00;31,74
31.07.2024 16:00;31.07.2024 17:00;46,09
31.07.2024 17:00;31.07.2024 18:00;75,85
31.07.2024 18:00;31.07.2024 19:00;99,16
31.07.2024 19:00;31.07.2024 20:00;115,39
31.07.2024 20:00;31.07.2024 21:00;136,15
31.07.2024 21:00;31.07.2024 22:00;116,19
31.07.2024 22:00;31.07.2024 23:00;104,51
31.07.2024 23:00;01.08.2024 00:00;96,49
01.08.2024 00:00;01.08.2024 01:00;96,45
01.08.2024 01:00;01.08.2024 02:00;92,4
01.08.2024 02:00;01.08.2024 03:00;86,85
01.08.2024 03:00;01.08.2024 04:00;84,11
01.08.2024 04:00;01.08.2024 05:00;93,08
01.08.2024 05:00;01.08.2024 06:00;112,71
01.08.2024 06:00;01.08.2024 07:00;134,39
01.08.2024 07:00;01.08.2024 08:00;109,52
01.08.2024 08:00;01.08.2024 09:00;105,95
01.08.2024 09:00;01.08.2024 10:00;90,1
01.08.2024 10:00;01.08.2024 11:00;76,95
01.08.2024 11:00;01.08.2024 12:00;67,64
01.08.2024 12:00;01.08.2024 13:00;64,03
01.08.2024 13:00;01.08.2024 14:00;60,38
01.08.2024 14:00;01.08.2024 15:00;62,39
01.08.2024 15:00;01.08.2024 16:00;71,22
01.08.2024 16:00;01.08.2024 17:00;77,39
01.08.2024 17:00;01.08.2024 18:00;95,16
01.08.2024 18:00;01.08.2024 19:00;102,83
01.08.2024 19:00;01.08.2024 20:00;112,5
01.08.2024 20:00;01.08.2024 21:00;138,07
01.08.2024 21:00;01.08.2024 22:00;124,03
01.08.2024 22:00;01.08.2024 23:00;112,94
01.08.2024 23:00;02.08.2024 00:00;105,7
02.08.2024 00:00;02.08.2024 01:00;93,93
02.08.2024 01:00;02.08.2024 02:00;89,17
02.08.2024 02:00;02.08.2024 03:00;88,11
02.08.2024 03:00;02.08.2024 04:00;82,97
02.08.2024 04:00;02.08.2024 05:00;86,95
02.08.2024 05:00;02.08.2024 06:00;96,61
02.08.2024 06:00;02.08.2024 07:00;110,75
02.08.2024 07:00;02.08.2024 08:00;121,38
02.08.2024 08:00;02.08.2024 09:00;113,19
02.08.2024 09:00;02.08.2024 10:00;104,42
02.08.2024 10:00;02.08.2024 11:00;91,68
02.08.2024 11:00;02.08.2024 12:00;77,69
02.08.2024 12:00;02.08.2024 13:00;73,58
02.08.2024 13:00;02.08.2024 14:00;61,94
02.08.2024 14:00;02.08.2024 15:00;53,44
02.08.2024 15:00;02.08.2024 16:00;50,58
02.08.2024 16:00;02.08.2024 17:00;65,42
02.08.2024 17:00;02.08.2024 18:00;77,69
02.08.2024 18:00;02.08.2024 19:00;102,22
02.08.2024 19:00;02.08.2024 20:00;128,49
02.08.2024 20:00;02.08.2024 21:00;146,19
02.08.2024 21:00;02.08.2024 22:00;121,66
02.08.2024 22:00;02.08.2024 23:00;114,42
02.08.2024 23:00;03.08.2024 00:00;99,01
03.08.2024 00:00;03.08.2024 01:00;102,65
03.08.2024 01:00;03.08.2024 02:00;99,14
03.08.2024 02:00;03.08.2024 03:00;93,3
03.08.2024 03:00;03.08.2024 04:00;89,1
03.08.2024 04:00;03.08.2024 05:00;86,31
03.08.2024 05:00;03.08.2024 06:00;94,88
03.08.2024 06:00;03.08.2024 07:00;103,74
03.08.2024 07:00;03.08.2024 08:00;95,51
03.08.2024 08:00;03.08.2024 09:00;84,5
03.08.2024 09:00;03.08.2024 10:00;66,06
03.08.2024 10:00;03.08.2024 11:00;32,44
03.08.2024 11:00;03.08.2024 12:00;20,36
03.08.2024 12:00;03.08.2024 13:00;14,66
03.08.2024 13:00;03.08.2024 14:00;6,41
03.08.2024 14:00;03.08.2024 15:00;4,1
03.08.2024 15:00;03.08.2024 16:00;12,38
03.08.2024 16:00;03.08.2024 17:00;32,44
03.08.2024 17:00;03.08.2024 18:00;73,61
03.08.2024 18:00;03.08.2024 19:00;103,55
03.08.2024 19:00;03.08.2024 20:00;110,02
03.08.2024 20:00;03.08.2024 21:00;124,64
03.08.2024 21:00;03.08.2024 22:00;136,64
03.08.2024 22:00;03.08.2024 23:00;119,2
03.08.2024 23:00;04.08.2024 00:00;101,3
04.08.2024 00:00;04.08.2024 01:00;110,21
04.08.2024 01:00;04.08.2024 02:00;101,34
04.08.2024 02:00;04.08.2024 03:00;96,9
04.08.2024 03:00;04.08.2024 04:00;92,68
04.08.2024 04:00;04.08.2024 05:00;90,21
04.08.2024 05:00;04.08.2024 06:00;83,0
04.08.2024 06:00;04.08.2024 07:00;77,7
04.08.2024 07:00;04.08.2024 08:00;73,2
04.08.2024 08:00;04.08.2024 09:00;63,93
04.08.2024 09:00;04.08.2024 10:00;28,11
04.08.2024 10:00;04.08.2024 11:00;8,05
04.08.2024 11:00;04.08.2024 12:00;2,05
04.08.2024 12:00;04.08.2024 13:00;0,06
04.08.2024 13:00;04.08.2024 14:00;-0,04
04.08.2024 14:00;04.08.2024 15:00;-2,16
04.08.2024 15:00;04.08.2024 16:00;-0,01
04.08.2024 16:00;04.08.2024 17:00;1,0
04.08.2024 17:00;04.08.2024 18:00;22,46
04.08.2024 18:00;04.08.2024 19:00;73,17
04.08.2024 19:00;04.08.2024 20:00;105,66
04.08.2024 20:00;04.08.2024 21:00;119,92
04.08.2024 21:00;04.08.2024 22:00;124,99
04.08.2024 22:00;04.08.2024 23:00;112,94
04.08.2024 23:00;05.08.2024 00:00;104,83
05.08.2024 00:00;05.08.2024 01:00;103,08
05.08.2024 01:00;05.08.2024 02:00;85,32
05.08.2024 02:00;05.08.2024 03:00;82,3
05.08.2024 03:00;05.08.2024 04:00;85,35
05.08.2024 04:00;05.08.2024 05:00;83,59
05.08.2024 05:00;05.08.2024 06:00;97,24
05.08.2024 06:00;05.08.2024 07:00;118,98
05.08.2024 07:00;05.08.2024 08:00;136,75
05.08.2024 08:00;05.08.2024 09:00;113,97
05.08.2024 09:00;05.08.2024 10:00;102,83
05.08.2024 10:00;05.08.2024 11:00;74,5
05.08.2024 11:00;05.08.2024 12:00;64,3
05.08.2024 12:00;05.08.2024 13:00;57,12
05.08.2024 13:00;05.08.2024 14:00;42,05
05.08.2024 14:00;05.08.2024 15:00;36,35
05.08.2024 15:00;05.08.2024 16:00;51,43
05.08.2024 16:00;05.08.2024 17:00;70,1
05.08.2024 17:00;05.08.2024 18:00;85,4
05.08.2024 18:00;05.08.2024 19:00;108,97
05.08.2024 19:00;05.08.2024 20:00;152,76
05.08.2024 20:00;05.08.2024 21:00;250,01
05.08.2024 21:00;05.08.2024 22:00;170,93
05.08.2024 22:00;05.08.2024 23:00;120,3
05.08.2024 23:00;06.08.2024 00:00;102,92
06.08.2024 00:00;06.08.2024 01:00;103,09
06.08.2024 01:00;06.08.2024 02:00;95,57
06.08.2024 02:00;06.08.2024 03:00;89,24
06.08.2024 03:00;06.08.2024 04:00;85,24
06.08.2024 04:00;06.08.2024 05:00;85,76
06.08.2024 05:00;06.08.2024 06:00;95,77
06.08.2024 06:00;06.08.2024 07:00;123,86
06.08.2024 07:00;06.08.2024 08:00;126,04
06.08.2024 08:00;06.08.2024 09:00;85,29
06.08.2024 09:00;06.08.2024 10:00;74,51
06.08.2024 10:00;06.08.2024 11:00;36,04
06.08.2024 11:00;06.08.2024 12:00;21,43
06.08.2024 12:00;06.08.2024 13:00;15,86
06.08.2024 13:00;06.08.2024 14:00;2,95
06.08.2024 14:00;06.08.2024 15:00;4,79
06.08.2024 15:00;06.08.2024 16:00;19,44
06.08.2024 16:00;06.08.2024 17:00;39,71
06.08.2024 17:00;06.08.2024 18:00;82,19
06.08.2024 18:00;06.08.2024 19:00;106,29
06.08.2024 19:00;06.08.2024 20:00;174,58
06.08.2024 20:00;06.08.2024 21:00;230,85
06.08.2024 21:00;06.08.2024 22:00;170,45
06.08.2024 22:00;06.08.2024 23:00;118,54
06.08.2024 23:00;07.08.2024 00:00;100,03
07.08.2024 00:00;07.08.2024 01:00;91,39
07.08.2024 01:00;07.08.2024 02:00;83,24
07.08.2024 02:00;07.08.2024 03:00;79,29
07.08.2024 03:00;07.08.2024 04:00;83,24
07.08.2024 04:00;07.08.2024 05:00;86,43
07.08.2024 05:00;07.08.2024 06:00;104,36
07.08.2024 06:00;07.08.2024 07:00;126,07
07.08.2024 07:00;07.08.2024 08:00;127,98
07.08.2024 08:00;07.08.2024 09:00;109,06
07.08.2024 09:00;07.08.2024 10:00;88,91
07.08.2024 10:00;07.08.2024 11:00;73,56
07.08.2024 11:00;07.08.2024 12:00;62,49
07.08.2024 12:00;07.08.2024 13:00;42,14
07.08.2024 13:00;07.08.2024 14:00;35,05
07.08.2024 14:00;07.08.2024 15:00;51,19
07.08.2024 15:00;07.08.2024 16:00;69,28
07.08.2024 16:00;07.08.2024 17:00;85,74
07.08.2024 17:00;07.08.2024 18:00;105,2
07.08.2024 18:00;07.08.2024 19:00;106,41
07.08.2024 19:00;07.08.2024 20:00;119,75
07.08.2024 20:00;07.08.2024 21:00;149,28
07.08.2024 21:00;07.08.2024 22:00;134,25
07.08.2024 22:00;07.08.2024 23:00;112,74
07.08.2024 23:00;08.08.2024 00:00;102,78
08.08.2024 00:00;08.08.2024 01:00;96,43
08.08.2024 01:00;08.08.2024 02:00;88,06
08.08.2024 02:00;08.08.2024 03:00;87,36
08.08.2024 03:00;08.08.2024 04:00;88,06
08.08.2024 04:00;08.08.2024 05:00;88,27
08.08.2024 05:00;08.08.2024 06:00;96,11
08.08.2024 06:00;08.08.2024 07:00;110,93
08.08.2024 07:00;08.08.2024 08:00;124,93
08.08.2024 08:00;08.08.2024 09:00;114,41
08.08.2024 09:00;08.08.2024 10:00;106,84
08.08.2024 10:00;08.08.2024 11:00;86,1
08.08.2024 11:00;08.08.2024 12:00;71,6
08.08.2024 12:00;08.08.2024 13:00;57,09
08.08.2024 13:00;08.08.2024 14:00;40,49
08.08.2024 14:00;08.08.2024 15:00;32,18
08.08.2024 15:00;08.08.2024 16:00;40,24
08.08.2024 16:00;08.08.2024 17:00;57,81
08.08.2024 17:00;08.08.2024 18:00;80,52
08.08.2024 18:00;08.08.2024 19:00;101,92
08.08.2024 19:00;08.08.2024 20:00;138,49
08.08.2024 20:00;08.08.2024 21:00;197,31
08.08.2024 21:00;08.08.2024 22:00;135,0
08.08.2024 22:00;08.08.2024 23:00;102,0
08.08.2024 23:00;09.08.2024 00:00;93,56
09.08.2024 00:00;09.08.2024 01:00;103,71
09.08.2024 01:00;09.08.2024 02:00;83,92
09.08.2024 02:00;09.08.2024 03:00;67,34
09.08.2024 03:00;09.08.2024 04:00;64,3
09.08.2024 04:00;09.08.2024 05:00;53,31
09.08.2024 05:00;09.08.2024 06:00;64,36
09.08.2024 06:00;09.08.2024 07:00;80,0
09.08.2024 07:00;09.08.2024 08:00;88,41
09.08.2024 08:00;09.08.2024 09:00;59,4
09.08.2024 09:00;09.08.2024 10:00;31,31
09.08.2024 10:00;09.08.2024 11:00;8,98
09.08.2024 11:00;09.08.2024 12:00;0,6
09.08.2024 12:00;09.08.2024 13:00;-0,03
09.08.2024 13:00;09.08.2024 14:00;-0,16
09.08.2024 14:00;09.08.2024 15:00;-0,8
09.08.2024 15:00;09.08.2024 16:00;-0,11
09.08.2024 16:00;09.08.2024 17:00;-0,01
09.08.2024 17:00;09.08.2024 18:00;2,55
09.08.2024 18:00;09.08.2024 19:00;41,78
09.08.2024 19:00;09.08.2024 20:00;81,04
09.08.2024 20:00;09.08.2024 21:00;124,97
09.08.2024 21:00;09.08.2024 22:00;118,05
09.08.2024 22:00;09.08.2024 23:00;113,46
09.08.2024 23:00;10.08.2024 00:00;93,23
10.08.2024 00:00;10.08.2024 01:00;85,09
10.08.2024 01:00;10.08.2024 02:00;92,13
10.08.2024 02:00;10.08.2024 03:00;87,28
10.08.2024 03:00;10.08.2024 04:00;84,67
10.08.2024 04:00;10.08.2024 05:00;82,93
10.08.2024 05:00;10.08.2024 06:00;85,52
10.08.2024 06:00;10.08.2024 07:00;88,68
10.08.2024 07:00;10.08.2024 08:00;76,01
10.08.2024 08:00;10.08.2024 09:00;31,86
10.08.2024 09:00;10.08.2024 10:00;0,2
10.08.2024 10:00;10.08.2024 11:00;-3,0
10.08.2024 11:00;10.08.2024 12:00;-12,2
10.08.2024 12:00;10.08.2024 13:00;-22,49
10.08.2024 13:00;10.08.2024 14:00;-40,77
10.08.2024 14:00;10.08.2024 15:00;-40,09
10.08.2024 15:00;10.08.2024 16:00;-29,67
10.08.2024 16:00;10.08.2024 17:00;-8,2
10.08.2024 17:00;10.08.2024 18:00;0,07
10.08.2024 18:00;10.08.2024 19:00;48,84
10.08.2024 19:00;10.08.2024 20:00;106,55
10.08.2024 20:00;10.08.2024 21:00;125,43
10.08.2024 21:00;10.08.2024 22:00;133,0
10.08.2024 22:00;10.08.2024 23:00;117,85
10.08.2024 23:00;11.08.2024 00:00;106,64
11.08.2024 00:00;11.08.2024 01:00;106,71
11.08.2024 01:00;11.08.2024 02:00;104,17
11.08.2024 02:00;11.08.2024 03:00;99,96
11.08.2024 03:00;11.08.2024 04:00;95,14
11.08.2024 04:00;11.08.2024 05:00;96,49
11.08.2024 05:00;11.08.2024 06:00;114,97
11.08.2024 06:00;11.08.2024 07:00;106,44
11.08.2024 07:00;11.08.2024 08:00;71,02
11.08.2024 08:00;11.08.2024 09:00;27,8
11.08.2024 09:00;11.08.2024 10:00;0,0
11.08.2024 10:00;11.08.2024 11:00;-5,01
11.08.2024 11:00;11.08.2024 12:00;-14,99
11.08.2024 12:00;11.08.2024 13:00;-32,04
11.08.2024 13:00;11.08.2024 14:00;-59,96
11.08.2024 14:00;11.08.2024 15:00;-50,09
11.08.2024 15:00;11.08.2024 16:00;-31,42
11.08.2024 16:00;11.08.2024 17:00;-4,97
11.08.2024 17:00;11.08.2024 18:00;1,46
11.08.2024 18:00;11.08.2024 19:00;88,14
11.08.2024 19:00;11.08.2024 20:00;128,8
11.08.2024 20:00;11.08.2024 21:00;137,18
11.08.2024 21:00;11.08.2024 22:00;126,15
11.08.2024 22:00;11.08.2024 23:00;109,99
11.08.2024 23:00;12.08.2024 00:00;97,28
12.08.2024 00:00;12.08.2024 01:00;104,98
12.08.2024 01:00;12.08.2024 02:00;94,62
12.08.2024 02:00;12.08.2024 03:00;85,3
12.08.2024 03:00;12.08.2024 04:00;86,6
12.08.2024 04:00;12.08.2024 05:00;88,85
12.08.2024 05:00;12.08.2024 06:00;114,54
12.08.2024 06:00;12.08.2024 07:00;153,82
12.08.2024 07:00;12.08.2024 08:00;153,82
12.08.2024 08:00;12.08.2024 09:00;115,25
12.08.2024 09:00;12.08.2024 10:00;69,9
12.08.2024 10:00;12.08.2024 11:00;40,12
12.08.2024 11:00;12.08.2024 12:00;16,04
12.08.2024 12:00;12.08.2024 13:00;10,06
12.08.2024 13:00;12.08.2024 14:00;6,98
12.08.2024 14:00;12.08.2024 15:00;13,8
12.08.2024 15:00;12.08.2024 16:00;27,87
12.08.2024 16:00;12.08.2024 17:00;48,65
12.08.2024 17:00;12.08.2024 18:00;89,29
12.08.2024 18:00;12.08.2024 19:00;122,78
12.08.2024 19:00;12.08.2024 20:00;206,02
12.08.2024 20:00;12.08.2024 21:00;224,84
12.08.2024 21:00;12.08.2024 22:00;128,34
12.08.2024 22:00;12.08.2024 23:00;106,88
12.08.2024 23:00;13.08.2024 00:00;100,05
13.08.2024 00:00;13.08.2024 01:00;99,64
13.08.2024 01:00;13.08.2024 02:00;87,91
13.08.2024 02:00;13.08.2024 03:00;86,6
13.08.2024 03:00;13.08.2024 04:00;84,79
13.08.2024 04:00;13.08.2024 05:00;84,76
13.08.2024 05:00;13.08.2024 06:00;101,37
13.08.2024 06:00;13.08.2024 07:00;125,66
13.08.2024 07:00;13.08.2024 08:00;133,71
13.08.2024 08:00;13.08.2024 09:00;117,89
13.08.2024 09:00;13.08.2024 10:00;87,81
13.08.2024 10:00;13.08.2024 11:00;66,67
13.08.2024 11:00;13.08.2024 12:00;55,94
13.08.2024 12:00;13.08.2024 13:00;43,01
13.08.2024 13:00;13.08.2024 14:00;40,37
13.08.2024 14:00;13.08.2024 15:00;47,96
13.08.2024 15:00;13.08.2024 16:00;64,15
13.08.2024 16:00;13.08.2024 17:00;86,0
13.08.2024 17:00;13.08.2024 18:00;105,0
13.08.2024 18:00;13.08.2024 19:00;121,04
13.08.2024 19:00;13.08.2024 20:00;202,72
13.08.2024 20:00;13.08.2024 21:00;205,35
13.08.2024 21:00;13.08.2024 22:00;128,9
13.08.2024 22:00;13.08.2024 23:00;111,48
13.08.2024 23:00;14.08.2024 00:00;104,99
14.08.2024 00:00;14.08.2024 01:00;87,73
14.08.2024 01:00;14.08.2024 02:00;90,79
14.08.2024 02:00;14.08.2024 03:00;87,73
14.08.2024 03:00;14.08.2024 04:00;93,4
14.08.2024 04:00;14.08.2024 05:00;93,6
14.08.2024 05:00;14.08.2024 06:00;107,1
14.08.2024 06:00;14.08.2024 07:00;129,74
14.08.2024 07:00;14.08.2024 08:00;136,62
14.08.2024 08:00;14.08.2024 09:00;120,96
14.08.2024 09:00;14.08.2024 10:00;108,79
14.08.2024 10:00;14.08.2024 11:00;83,08
14.08.2024 11:00;14.08.2024 12:00;77,24
14.08.2024 12:00;14.08.2024 13:00;72,85
14.08.2024 13:00;14.08.2024 14:00;75,38
14.08.2024 14:00;14.08.2024 15:00;74,71
14.08.2024 15:00;14.08.2024 16:00;81,74
14.08.2024 16:00;14.08.2024 17:00;94,36
14.08.2024 17:00;14.08.2024 18:00;105,59
14.08.2024 18:00;14.08.2024 19:00;111,48
14.08.2024 19:00;14.08.2024 20:00;161,41
14.08.2024 20:00;14.08.2024 21:00;218,92
14.08.2024 21:00;14.08.2024 22:00;148,7
14.08.2024 22:00;14.08.2024 23:00;120,43
14.08.2024 23:00;15.08.2024 00:00;109,95
15.08.2024 00:00;15.08.2024 01:00;110,33
15.08.2024 01:00;15.08.2024 02:00;109,66
15.08.2024 02:00;15.08.2024 03:00;105,3
15.08.2024 03:00;15.08.2024 04:00;94,74
15.08.2024 04:00;15.08.2024 05:00;96,02
15.08.2024 05:00;15.08.2024 06:00;108,91
15.08.2024 06:00;15.08.2024 07:00;119,75
15.08.2024 07:00;15.08.2024 08:00;120,71
15.08.2024 08:00;15.08.2024 09:00;114,97
15.08.2024 09:00;15.08.2024 10:00;91,12
15.08.2024 10:00;15.08.2024 11:00;59,1
15.08.2024 11:00;15.08.2024 12:00;19,94
15.08.2024 12:00;15.08.2024 13:00;9,86
15.08.2024 13:00;15.08.2024 14:00;0,01
15.08.2024 14:00;15.08.2024 15:00;-0,04
15.08.2024 15:00;15.08.2024 16:00;4,25
15.08.2024 16:00;15.08.2024 17:00;33,41
15.08.2024 17:00;15.08.2024 18:00;77,26
15.08.2024 18:00;15.08.2024 19:00;119,93
15.08.2024 19:00;15.08.2024 20:00;142,51
15.08.2024 20:00;15.08.2024 21:00;160,3
15.08.2024 21:00;15.08.2024 22:00;140,84
15.08.2024 22:00;15.08.2024 23:00;118,87
15.08.2024 23:00;16.08.2024 00:00;94,94
16.08.2024 00:00;16.08.2024 01:00;108,97
16.08.2024 01:00;16.08.2024 02:00;86,78
16.08.2024 02:00;16.08.2024 03:00;85,58
16.08.2024 03:00;16.08.2024 04:00;85,83
16.08.2024 04:00;16.08.2024 05:00;87,76
16.08.2024 05:00;16.08.2024 06:00;92,05
16.08.2024 06:00;16.08.2024 07:00;128,42
16.08.2024 07:00;16.08.2024 08:00;134,91
16.08.2024 08:00;16.08.2024 09:00;124,83
16.08.2024 09:00;16.08.2024 10:00;100,95
16.08.2024 10:00;16.08.2024 11:00;76,15
16.08.2024 11:00;16.08.2024 12:00;59,83
16.08.2024 12:00;16.08.2024 13:00;50,68
16.08.2024 13:00;16.08.2024 14:00;49,93
16.08.2024 14:00;16.08.2024 15:00;47,57
16.08.2024 15:00;16.08.2024 16:00;55,16
16.08.2024 16:00;16.08.2024 17:00;82,67
16.08.2024 17:00;16.08.2024 18:00;103,76
16.08.2024 18:00;16.08.2024 19:00;134,92
16.08.2024 19:00;16.08.2024 20:00;230,52
16.08.2024 20:00;16.08.2024 21:00;243,12
16.08.2024 21:00;16.08.2024 22:00;171,83
16.08.2024 22:00;16.08.2024 23:00;134,54
16.08.2024 23:00;17.08.2024 00:00;116,17
17.08.2024 00:00;17.08.2024 01:00;107,11
17.08.2024 01:00;17.08.2024 02:00;109,26
17.08.2024 02:00;17.08.2024 03:00;103,13
17.08.2024 03:00;17.08.2024 04:00;101,82
17.08.2024 04:00;17.08.2024 05:00;110,59
17.08.2024 05:00;17.08.2024 06:00;110,84
17.08.2024 06:00;17.08.2024 07:00;106,7
17.08.2024 07:00;17.08.2024 08:00;103,97
17.08.2024 08:00;17.08.2024 09:00;103,43
17.08.2024 09:00;17.08.2024 10:00;84,0
17.08.2024 10:00;17.08.2024 11:00;69,49
17.08.2024 11:00;17.08.2024 12:00;54,28
17.08.2024 12:00;17.08.2024 13:00;46,93
17.08.2024 13:00;17.08.2024 14:00;40,71
17.08.2024 14:00;17.08.2024 15:00;39,43
17.08.2024 15:00;17.08.2024 16:00;39,56
17.08.2024 16:00;17.08.2024 17:00;59,09
17.08.2024 17:00;17.08.2024 18:00;88,4
17.08.2024 18:00;17.08.2024 19:00;119,68
17.08.2024 19:00;17.08.2024 20:00;140,56
17.08.2024 20:00;17.08.2024 21:00;149,18
17.08.2024 21:00;17.08.2024 22:00;126,98
17.08.2024 22:00;17.08.2024 23:00;116,7
17.08.2024 23:00;18.08.2024 00:00;105,82
18.08.2024 00:00;18.08.2024 01:00;111,82
18.08.2024 01:00;18.08.2024 02:00;112,8
18.08.2024 02:00;18.08.2024 03:00;106,17
18.08.2024 03:00;18.08.2024 04:00;106,22
18.08.2024 04:00;18.08.2024 05:00;104,75
18.08.2024 05:00;18.08.2024 06:00;104,97
18.08.2024 06:00;18.08.2024 07:00;99,53
18.08.2024 07:00;18.08.2024 08:00;95,2
18.08.2024 08:00;18.08.2024 09:00;88,2
18.08.2024 09:00;18.08.2024 10:00;82,32
18.08.2024 10:00;18.08.2024 11:00;72,12
18.08.2024 11:00;18.08.2024 12:00;72,52
18.08.2024 12:00;18.08.2024 13:00;66,03
18.08.2024 13:00;18.08.2024 14:00;33,64
18.08.2024 14:00;18.08.2024 15:00;17,72
18.08.2024 15:00;18.08.2024 16:00;51,28
18.08.2024 16:00;18.08.2024 17:00;69,86
18.08.2024 17:00;18.08.2024 18:00;82,39
18.08.2024 18:00;18.08.2024 19:00;93,85
18.08.2024 19:00;18.08.2024 20:00;109,93
18.08.2024 20:00;18.08.2024 21:00;115,68
18.08.2024 21:00;18.08.2024 22:00;109,83
18.08.2024 22:00;18.08.2024 23:00;111,4
18.08.2024 23:00;19.08.2024 00:00;99,45
19.08.2024 00:00;19.08.2024 01:00;97,39
19.08.2024 01:00;19.08.2024 02:00;90,1
19.08.2024 02:00;19.08.2024 03:00;88,7
19.08.2024 03:00;19.08.2024 04:00;84,86
19.08.2024 04:00;19.08.2024 05:00;84,5
19.08.2024 05:00;19.08.2024 06:00;87,97
19.08.2024 06:00;19.08.2024 07:00;129,0
19.08.2024 07:00;19.08.2024 08:00;152,33
19.08.2024 08:00;19.08.2024 09:00;129,6
19.08.2024 09:00;19.08.2024 10:00;112,58
19.08.2024 10:00;19.08.2024 11:00;96,9
19.08.2024 11:00;19.08.2024 12:00;89,74
19.08.2024 12:00;19.08.2024 13:00;84,38
19.08.2024 13:00;19.08.2024 14:00;78,87
19.08.2024 14:00;19.08.2024 15:00;80,21
19.08.2024 15:00;19.08.2024 16:00;79,9
19.08.2024 16:00;19.08.2024 17:00;84,05
19.08.2024 17:00;19.08.2024 18:00;100,7
19.08.2024 18:00;19.08.2024 19:00;113,97
19.08.2024 19:00;19.08.2024 20:00;200,0
19.08.2024 20:00;19.08.2024 21:00;203,83
19.08.2024 21:00;19.08.2024 22:00;140,11
19.08.2024 22:00;19.08.2024 23:00;100,82
19.08.2024 23:00;20.08.2024 00:00;86,2
20.08.2024 00:00;20.08.2024 01:00;93,6
20.08.2024 01:00;20.08.2024 02:00;89,55
20.08.2024 02:00;20.08.2024 03:00;88,5
20.08.2024 03:00;20.08.2024 04:00;89,31
20.08.2024 04:00;20.08.2024 05:00;86,19
20.08.2024 05:00;20.08.2024 06:00;89,97
20.08.2024 06:00;20.08.2024 07:00;123,06
20.08.2024 07:00;20.08.2024 08:00;133,23
20.08.2024 08:00;20.08.2024 09:00;122,97
20.08.2024 09:00;20.08.2024 10:00;103,09
20.08.2024 10:00;20.08.2024 11:00;75,01
20.08.2024 11:00;20.08.2024 12:00;50,13
20.08.2024 12:00;20.08.2024 13:00;37,69
20.08.2024 13:00;20.08.2024 14:00;18,22
20.08.2024 14:00;20.08.2024 15:00;20,36
20.08.2024 15:00;20.08.2024 16:00;48,9
20.08.2024 16:00;20.08.2024 17:00;82,15
20.08.2024 17:00;20.08.2024 18:00;104,5
20.08.2024 18:00;20.08.2024 19:00;118,07
20.08.2024 19:00;20.08.2024 20:00;158,81
20.08.2024 20:00;20.08.2024 21:00;154,71
20.08.2024 21:00;20.08.2024 22:00;120,89
20.08.2024 22:00;20.08.2024 23:00;103,82
20.08.2024 23:00;21.08.2024 00:00;97,96
21.08.2024 00:00;21.08.2024 01:00;87,36
21.08.2024 01:00;21.08.2024 02:00;82,0
21.08.2024 02:00;21.08.2024 03:00;65,93
21.08.2024 03:00;21.08.2024 04:00;56,09
21.08.2024 04:00;21.08.2024 05:00;60,42
21.08.2024 05:00;21.08.2024 06:00;59,95
21.08.2024 06:00;21.08.2024 07:00;81,3
21.08.2024 07:00;21.08.2024 08:00;85,92
21.08.2024 08:00;21.08.2024 09:00;87,38
21.08.2024 09:00;21.08.2024 10:00;53,16
21.08.2024 10:00;21.08.2024 11:00;0,16
21.08.2024 11:00;21.08.2024 12:00;-4,95
21.08.2024 12:00;21.08.2024 13:00;-13,01
21.08.2024 13:00;21.08.2024 14:00;-20,32
21.08.2024 14:00;21.08.2024 15:00;-21,28
21.08.2024 15:00;21.08.2024 16:00;-16,05
21.08.2024 16:00;21.08.2024 17:00;-12,64
21.08.2024 17:00;21.08.2024 18:00;2,01
21.08.2024 18:00;21.08.2024 19:00;67,26
21.08.2024 19:00;21.08.2024 20:00;101,89
21.08.2024 20:00;21.08.2024 21:00;140,35
21.08.2024 21:00;21.08.2024 22:00;130,96
21.08.2024 22:00;21.08.2024 23:00;103,42
21.08.2024 23:00;22.08.2024 00:00;85,65
22.08.2024 00:00;22.08.2024 01:00;78,94
22.08.2024 01:00;22.08.2024 02:00;73,04
22.08.2024 02:00;22.08.2024 03:00;80,46
22.08.2024 03:00;22.08.2024 04:00;80,17
22.08.2024 04:00;22.08.2024 05:00;70,23
22.08.2024 05:00;22.08.2024 06:00;85,42
22.08.2024 06:00;22.08.2024 07:00;99,95
22.08.2024 07:00;22.08.2024 08:00;129,46
22.08.2024 08:00;22.08.2024 09:00;113,05
22.08.2024 09:00;22.08.2024 10:00;73,1
22.08.2024 10:00;22.08.2024 11:00;14,8
22.08.2024 11:00;22.08.2024 12:00;0,0
22.08.2024 12:00;22.08.2024 13:00;-0,38
22.08.2024 13:00;22.08.2024 14:00;-2,56
22.08.2024 14:00;22.08.2024 15:00;-1,51
22.08.2024 15:00;22.08.2024 16:00;-4,35
22.08.2024 16:00;22.08.2024 17:00;-0,09
22.08.2024 17:00;22.08.2024 18:00;24,89
22.08.2024 18:00;22.08.2024 19:00;89,46
22.08.2024 19:00;22.08.2024 20:00;112,74
22.08.2024 20:00;22.08.2024 21:00;111,5
22.08.2024 21:00;22.08.2024 22:00;109,99
22.08.2024 22:00;22.08.2024 23:00;95,48
22.08.2024 23:00;23.08.2024 00:00;79,22
23.08.2024 00:00;23.08.2024 01:00;51,9
23.08.2024 01:00;23.08.2024 02:00;45,87
23.08.2024 02:00;23.08.2024 03:00;38,51
23.08.2024 03:00;23.08.2024 04:00;26,36
23.08.2024 04:00;23.08.2024 05:00;26,48
23.08.2024 05:00;23.08.2024 06:00;30,59
23.08.2024 06:00;23.08.2024 07:00;64,22
23.08.2024 07:00;23.08.2024 08:00;60,63
23.08.2024 08:00;23.08.2024 09:00;43,64
23.08.2024 09:00;23.08.2024 10:00;4,06
23.08.2024 10:00;23.08.2024 11:00;-0,01
23.08.2024 11:00;23.08.2024 12:00;-3,97
23.08.2024 12:00;23.08.2024 13:00;-9,54
23.08.2024 13:00;23.08.2024 14:00;-15,32
23.08.2024 14:00;23.08.2024 15:00;-16,55
23.08.2024 15:00;23.08.2024 16:00;-10,15
23.08.2024 16:00;23.08.2024 17:00;-9,18
23.08.2024 17:00;23.08.2024 18:00;-0,03
23.08.2024 18:00;23.08.2024 19:00;50,2
23.08.2024 19:00;23.08.2024 20:00;99,53
23.08.2024 20:00;23.08.2024 21:00;118,57
23.08.2024 21:00;23.08.2024 22:00;123,15
23.08.2024 22:00;23.08.2024 23:00;119,54
23.08.2024 23:00;24.08.2024 00:00;100,5
24.08.2024 00:00;24.08.2024 01:00;110,45
24.08.2024 01:00;24.08.2024 02:00;103,78
24.08.2024 02:00;24.08.2024 03:00;100,42
24.08.2024 03:00;24.08.2024 04:00;100,28
24.08.2024 04:00;24.08.2024 05:00;100,9
24.08.2024 05:00;24.08.2024 06:00;105,4
24.08.2024 06:00;24.08.2024 07:00;101,02
24.08.2024 07:00;24.08.2024 08:00;102,23
24.08.2024 08:00;24.08.2024 09:00;76,22
24.08.2024 09:00;24.08.2024 10:00;15,0
24.08.2024 10:00;24.08.2024 11:00;-0,03
24.08.2024 11:00;24.08.2024 12:00;-6,85
24.08.2024 12:00;24.08.2024 13:00;-18,68
24.08.2024 13:00;24.08.2024 14:00;-40,09
24.08.2024 14:00;24.08.2024 15:00;-44,18
24.08.2024 15:00;24.08.2024 16:00;-27,64
24.08.2024 16:00;24.08.2024 17:00;-8,15
24.08.2024 17:00;24.08.2024 18:00;-0,99
24.08.2024 18:00;24.08.2024 19:00;71,68
24.08.2024 19:00;24.08.2024 20:00;91,52
24.08.2024 20:00;24.08.2024 21:00;80,08
24.08.2024 21:00;24.08.2024 22:00;68,91
24.08.2024 22:00;24.08.2024 23:00;64,14
24.08.2024 23:00;25.08.2024 00:00;50,0
25.08.2024 00:00;25.08.2024 01:00;0,37
25.08.2024 01:00;25.08.2024 02:00;-0,02
25.08.2024 02:00;25.08.2024 03:00;-0,34
25.08.2024 03:00;25.08.2024 04:00;-1,0
25.08.2024 04:00;25.08.2024 05:00;-0,89
25.08.2024 05:00;25.08.2024 06:00;-0,42
25.08.2024 06:00;25.08.2024 07:00;-0,05
25.08.2024 07:00;25.08.2024 08:00;-0,01
25.08.2024 08:00;25.08.2024 09:00;-0,01
25.08.2024 09:00;25.08.2024 10:00;-1,39
25.08.2024 10:00;25.08.2024 11:00;-6,07
25.08.2024 11:00;25.08.2024 12:00;-10,1
25.08.2024 12:00;25.08.2024 13:00;-15,5
25.08.2024 13:00;25.08.2024 14:00;-20,01
25.08.2024 14:00;25.08.2024 15:00;-19,83
25.08.2024 15:00;25.08.2024 16:00;-10,15
25.08.2024 16:00;25.08.2024 17:00;-5,01
25.08.2024 17:00;25.08.2024 18:00;1,0
25.08.2024 18:00;25.08.2024 19:00;87,04
25.08.2024 19:00;25.08.2024 20:00;110,0
25.08.2024 20:00;25.08.2024 21:00;119,45
25.08.2024 21:00;25.08.2024 22:00;105,49
25.08.2024 22:00;25.08.2024 23:00;99,7
25.08.2024 23:00;26.08.2024 00:00;92,48
26.08.2024 00:00;26.08.2024 01:00;92,75
26.08.2024 01:00;26.08.2024 02:00;85,65
26.08.2024 02:00;26.08.2024 03:00;80,94
26.08.2024 03:00;26.08.2024 04:00;83,36
26.08.2024 04:00;26.08.2024 05:00;82,43
26.08.2024 05:00;26.08.2024 06:00;83,48
26.08.2024 06:00;26.08.2024 07:00;113,11
26.08.2024 07:00;26.08.2024 08:00;153,69
26.08.2024 08:00;26.08.2024 09:00;130,97
26.08.2024 09:00;26.08.2024 10:00;98,93
26.08.2024 10:00;26.08.2024 11:00;77,0
26.08.2024 11:00;26.08.2024 12:00;65,31
26.08.2024 12:00;26.08.2024 13:00;23,07
26.08.2024 13:00;26.08.2024 14:00;17,55
26.08.2024 14:00;26.08.2024 15:00;42,88
26.08.2024 15:00;26.08.2024 16:00;71,05
26.08.2024 16:00;26.08.2024 17:00;88,0
26.08.2024 17:00;26.08.2024 18:00;99,47
26.08.2024 18:00;26.08.2024 19:00;116,82
26.08.2024 19:00;26.08.2024 20:00;190,31
26.08.2024 20:00;26.08.2024 21:00;231,06
26.08.2024 21:00;26.08.2024 22:00;143,82
26.08.2024 22:00;26.08.2024 23:00;110,86
26.08.2024 23:00;27.08.2024 00:00;107,54
27.08.2024 00:00;27.08.2024 01:00;98,41
27.08.2024 01:00;27.08.2024 02:00;89,91
27.08.2024 02:00;27.08.2024 03:00;86,45
27.08.2024 03:00;27.08.2024 04:00;87,3
27.08.2024 04:00;27.08.2024 05:00;89,1
27.08.2024 05:00;27.08.2024 06:00;100,16
27.08.2024 06:00;27.08.2024 07:00;125,76
27.08.2024 07:00;27.08.2024 08:00;137,99
27.08.2024 08:00;27.08.2024 09:00;116,01
27.08.2024 09:00;27.08.2024 10:00;89,94
27.08.2024 10:00;27.08.2024 11:00;73,72
27.08.2024 11:00;27.08.2024 12:00;29,13
27.08.2024 12:00;27.08.2024 13:00;5,07
27.08.2024 13:00;27.08.2024 14:00;1,18
27.08.2024 14:00;27.08.2024 15:00;2,33
27.08.2024 15:00;27.08.2024 16:00;23,45
27.08.2024 16:00;27.08.2024 17:00;52,5
27.08.2024 17:00;27.08.2024 18:00;88,71
27.08.2024 18:00;27.08.2024 19:00;116,06
27.08.2024 19:00;27.08.2024 20:00;232,25
27.08.2024 20:00;27.08.2024 21:00;217,92
27.08.2024 21:00;27.08.2024 22:00;120,52
27.08.2024 22:00;27.08.2024 23:00;105,21
27.08.2024 23:00;28.08.2024 00:00;92,47
28.08.2024 00:00;28.08.2024 01:00;90,47
28.08.2024 01:00;28.08.2024 02:00;91,31
28.08.2024 02:00;28.08.2024 03:00;87,48
28.08.2024 03:00;28.08.2024 04:00;89,2
28.08.2024 04:00;28.08.2024 05:00;91,74
28.08.2024 05:00;28.08.2024 06:00;92,35
28.08.2024 06:00;28.08.2024 07:00;114,99
28.08.2024 07:00;28.08.2024 08:00;128,57
28.08.2024 08:00;28.08.2024 09:00;121,0
28.08.2024 09:00;28.08.2024 10:00;105,4
28.08.2024 10:00;28.08.2024 11:00;87,56
28.08.2024 11:00;28.08.2024 12:00;68,78
28.08.2024 12:00;28.08.2024 13:00;35,14
28.08.2024 13:00;28.08.2024 14:00;10,4
28.08.2024 14:00;28.08.2024 15:00;8,17
28.08.2024 15:00;28.08.2024 16:00;54,84
28.08.2024 16:00;28.08.2024 17:00;78,56
28.08.2024 17:00;28.08.2024 18:00;92,37
28.08.2024 18:00;28.08.2024 19:00;111,57
28.08.2024 19:00;28.08.2024 20:00;201,91
28.08.2024 20:00;28.08.2024 21:00;204,03
28.08.2024 21:00;28.08.2024 22:00;124,84
28.08.2024 22:00;28.08.2024 23:00;111,76
28.08.2024 23:00;29.08.2024 00:00;99,7
29.08.2024 00:00;29.08.2024 01:00;93,53
29.08.2024 01:00;29.08.2024 02:00;93,98
29.08.2024 02:00;29.08.2024 03:00;89,81
29.08.2024 03:00;29.08.2024 04:00;88,68
29.08.2024 04:00;29.08.2024 05:00;89,37
29.08.2024 05:00;29.08.2024 06:00;101,23
29.08.2024 06:00;29.08.2024 07:00;125,46
29.08.2024 07:00;29.08.2024 08:00;134,47
29.08.2024 08:00;29.08.2024 09:00;126,24
29.08.2024 09:00;29.08.2024 10:00;108,71
29.08.2024 10:00;29.08.2024 11:00;92,19
29.08.2024 11:00;29.08.2024 12:00;84,4
29.08.2024 12:00;29.08.2024 13:00;65,78
29.08.2024 13:00;29.08.2024 14:00;45,25
29.08.2024 14:00;29.08.2024 15:00;51,32
29.08.2024 15:00;29.08.2024 16:00;79,45
29.08.2024 16:00;29.08.2024 17:00;90,15
29.08.2024 17:00;29.08.2024 18:00;105,38
29.08.2024 18:00;29.08.2024 19:00;123,51
29.08.2024 19:00;29.08.2024 20:00;227,49
29.08.2024 20:00;29.08.2024 21:00;289,27
29.08.2024 21:00;29.08.2024 22:00;169,09
29.08.2024 22:00;29.08.2024 23:00;125,0
29.08.2024 23:00;30.08.2024 00:00;110,1
30.08.2024 00:00;30.08.2024 01:00;109,88
30.08.2024 01:00;30.08.2024 02:00;100,3
30.08.2024 02:00;30.08.2024 03:00;93,53
30.08.2024 03:00;30.08.2024 04:00;93,28
30.08.2024 04:00;30.08.2024 05:00;97,62
30.08.2024 05:00;30.08.2024 06:00;107,37
30.08.2024 06:00;30.08.2024 07:00;136,83
30.08.2024 07:00;30.08.2024 08:00;151,06
30.08.2024 08:00;30.08.2024 09:00;133,55
30.08.2024 09:00;30.08.2024 10:00;113,7
30.08.2024 10:00;30.08.2024 11:00;98,24
30.08.2024 11:00;30.08.2024 12:00;89,95
30.08.2024 12:00;30.08.2024 13:00;86,13
30.08.2024 13:00;30.08.2024 14:00;80,2
30.08.2024 14:00;30.08.2024 15:00;79,08
30.08.2024 15:00;30.08.2024 16:00;81,98
30.08.2024 16:00;30.08.2024 17:00;86,35
30.08.2024 17:00;30.08.2024 18:00;101,96
30.08.2024 18:00;30.08.2024 19:00;119,99
30.08.2024 19:00;30.08.2024 20:00;156,11
30.08.2024 20:00;30.08.2024 21:00;137,29
30.08.2024 21:00;30.08.2024 22:00;112,71
30.08.2024 22:00;30.08.2024 23:00;96,83
30.08.2024 23:00;31.08.2024 00:00;95,36
31.08.2024 00:00;31.08.2024 01:00;107,67
31.08.2024 01:00;31.08.2024 02:00;105,44
31.08.2024 02:00;31.08.2024 03:00;102,06
31.08.2024 03:00;31.08.2024 04:00;99,04
31.08.2024 04:00;31.08.2024 05:00;96,65
31.08.2024 05:00;31.08.2024 06:00;98,07
31.08.2024 06:00;31.08.2024 07:00;109,97
31.08.2024 07:00;31.08.2024 08:00;110,75
31.08.2024 08:00;31.08.2024 09:00;109,97
31.08.2024 09:00;31.08.2024 10:00;84,92
31.08.2024 10:00;31.08.2024 11:00;60,13
31.08.2024 11:00;31.08.2024 12:00;18,34
31.08.2024 12:00;31.08.2024 13:00;0,47
31.08.2024 13:00;31.08.2024 14:00;-0,59
31.08.2024 14:00;31.08.2024 15:00;-0,8
31.08.2024 15:00;31.08.2024 16:00;2,55
31.08.2024 16:00;31.08.2024 17:00;23,71
31.08.2024 17:00;31.08.2024 18:00;80,02
31.08.2024 18:00;31.08.2024 19:00;117,3
31.08.2024 19:00;31.08.2024 20:00;148,29
31.08.2024 20:00;31.08.2024 21:00;126,78
31.08.2024 21:00;31.08.2024 22:00;107,29
31.08.2024 22:00;31.08.2024 23:00;99,85
31.08.2024 23:00;01.09.2024 00:00;89,23
01.09.2024 00:00;01.09.2024 01:00;93,76
01.09.2024 01:00;01.09.2024 02:00;85,98
01.09.2024 02:00;01.09.2024 03:00;80,37
01.09.2024 03:00;01.09.2024 04:00;80,14
01.09.2024 04:00;01.09.2024 05:00;81,2
01.09.2024 05:00;01.09.2024 06:00;80,16
01.09.2024 06:00;01.09.2024 07:00;79,49
01.09.2024 07:00;01.09.2024 08:00;73,1
01.09.2024 08:00;01.09.2024 09:00;60,63
01.09.2024 09:00;01.09.2024 10:00;41,27
01.09.2024 10:00;01.09.2024 11:00;12,73
01.09.2024 11:00;01.09.2024 12:00;-0,79
01.09.2024 12:00;01.09.2024 13:00;-9,17
01.09.2024 13:00;01.09.2024 14:00;-24,0
01.09.2024 14:00;01.09.2024 15:00;-19,94
01.09.2024 15:00;01.09.2024 16:00;-4,99
01.09.2024 16:00;01.09.2024 17:00;25,56
01.09.2024 17:00;01.09.2024 18:00;78,28
01.09.2024 18:00;01.09.2024 19:00;109,11
01.09.2024 19:00;01.09.2024 20:00;131,6
01.09.2024 20:00;01.09.2024 21:00;123,91
01.09.2024 21:00;01.09.2024 22:00;107,63
01.09.2024 22:00;01.09.2024 23:00;102,02
01.09.2024 23:00;02.09.2024 00:00;91,5
02.09.2024 00:00;02.09.2024 01:00;91,24
02.09.2024 01:00;02.09.2024 02:00;94,77
02.09.2024 02:00;02.09.2024 03:00;92,39
02.09.2024 03:00;02.09.2024 04:00;92,51
02.09.2024 04:00;02.09.2024 05:00;91,59
02.09.2024 05:00;02.09.2024 06:00;101,52
02.09.2024 06:00;02.09.2024 07:00;114,73
02.09.2024 07:00;02.09.2024 08:00;134,95
02.09.2024 08:00;02.09.2024 09:00;131,94
02.09.2024 09:00;02.09.2024 10:00;122,64
02.09.2024 10:00;02.09.2024 11:00;102,83
02.09.2024 11:00;02.09.2024 12:00;90,82
02.09.2024 12:00;02.09.2024 13:00;85,05
02.09.2024 13:00;02.09.2024 14:00;81,19
02.09.2024 14:00;02.09.2024 15:00;83,63
02.09.2024 15:00;02.09.2024 16:00;88,24
02.09.2024 16:00;02.09.2024 17:00;93,63
02.09.2024 17:00;02.09.2024 18:00;112,88
02.09.2024 18:00;02.09.2024 19:00;137,78
02.09.2024 19:00;02.09.2024 20:00;255,4
02.09.2024 20:00;02.09.2024 21:00;212,06
02.09.2024 21:00;02.09.2024 22:00;131,9
02.09.2024 22:00;02.09.2024 23:00;114,24
02.09.2024 23:00;03.09.2024 00:00;103,84
03.09.2024 00:00;03.09.2024 01:00;99,6
03.09.2024 01:00;03.09.2024 02:00;93,1
03.09.2024 02:00;03.09.2024 03:00;91,56
03.09.2024 03:00;03.09.2024 04:00;93,27
03.09.2024 04:00;03.09.2024 05:00;96,24
03.09.2024 05:00;03.09.2024 06:00;102,68
03.09.2024 06:00;03.09.2024 07:00;137,21
03.09.2024 07:00;03.09.2024 08:00;151,06
03.09.2024 08:00;03.09.2024 09:00;133,95
03.09.2024 09:00;03.09.2024 10:00;115,98
03.09.2024 10:00;03.09.2024 11:00;98,88
03.09.2024 11:00;03.09.2024 12:00;90,02
03.09.2024 12:00;03.09.2024 13:00;84,8
03.09.2024 13:00;03.09.2024 14:00;82,69
03.09.2024 14:00;03.09.2024 15:00;84,13
03.09.2024 15:00;03.09.2024 16:00;86,67
03.09.2024 16:00;03.09.2024 17:00;91,21
03.09.2024 17:00;03.09.2024 18:00;123,93
03.09.2024 18:00;03.09.2024 19:00;300,01
03.09.2024 19:00;03.09.2024 20:00;656,37
03.09.2024 20:00;03.09.2024 21:00;520,32
03.09.2024 21:00;03.09.2024 22:00;216,97
03.09.2024 22:00;03.09.2024 23:00;133,2
03.09.2024 23:00;04.09.2024 00:00;117,56
04.09.2024 00:00;04.09.2024 01:00;108,17
04.09.2024 01:00;04.09.2024 02:00;101,02
04.09.2024 02:00;04.09.2024 03:00;99,03
04.09.2024 03:00;04.09.2024 04:00;99,98
04.09.2024 04:00;04.09.2024 05:00;99,06
04.09.2024 05:00;04.09.2024 06:00;109,37
04.09.2024 06:00;04.09.2024 07:00;144,02
04.09.2024 07:00;04.09.2024 08:00;181,16
04.09.2024 08:00;04.09.2024 09:00;155,89
04.09.2024 09:00;04.09.2024 10:00;125,29
04.09.2024 10:00;04.09.2024 11:00;107,21
04.09.2024 11:00;04.09.2024 12:00;96,06
04.09.2024 12:00;04.09.2024 13:00;92,0
04.09.2024 13:00;04.09.2024 14:00;90,49
04.09.2024 14:00;04.09.2024 15:00;89,2
04.09.2024 15:00;04.09.2024 16:00;92,72
04.09.2024 16:00;04.09.2024 17:00;101,85
04.09.2024 17:00;04.09.2024 18:00;123,97
04.09.2024 18:00;04.09.2024 19:00;155,7
04.09.2024 19:00;04.09.2024 20:00;320,07
04.09.2024 20:00;04.09.2024 21:00;189,23
04.09.2024 21:00;04.09.2024 22:00;130,42
04.09.2024 22:00;04.09.2024 23:00;108,59
04.09.2024 23:00;05.09.2024 00:00;99,58
05.09.2024 00:00;05.09.2024 01:00;101,27
05.09.2024 01:00;05.09.2024 02:00;94,6
05.09.2024 02:00;05.09.2024 03:00;90,0
05.09.2024 03:00;05.09.2024 04:00;87,11
05.09.2024 04:00;05.09.2024 05:00;80,92
05.09.2024 05:00;05.09.2024 06:00;84,7
05.09.2024 06:00;05.09.2024 07:00;109,05
05.09.2024 07:00;05.09.2024 08:00;113,6
05.09.2024 08:00;05.09.2024 09:00;119,04
05.09.2024 09:00;05.09.2024 10:00;97,68
05.09.2024 10:00;05.09.2024 11:00;71,04
05.09.2024 11:00;05.09.2024 12:00;0,11
05.09.2024 12:00;05.09.2024 13:00;-3,05
05.09.2024 13:00;05.09.2024 14:00;-11,7
05.09.2024 14:00;05.09.2024 15:00;-19,68
05.09.2024 15:00;05.09.2024 16:00;-7,02
05.09.2024 16:00;05.09.2024 17:00;-0,01
05.09.2024 17:00;05.09.2024 18:00;36,13
05.09.2024 18:00;05.09.2024 19:00;84,95
05.09.2024 19:00;05.09.2024 20:00;99,74
05.09.2024 20:00;05.09.2024 21:00;92,93
05.09.2024 21:00;05.09.2024 22:00;80,1
05.09.2024 22:00;05.09.2024 23:00;80,03
05.09.2024 23:00;06.09.2024 00:00;64,61
06.09.2024 00:00;06.09.2024 01:00;64,79
06.09.2024 01:00;06.09.2024 02:00;61,0
06.09.2024 02:00;06.09.2024 03:00;51,22
06.09.2024 03:00;06.09.2024 04:00;48,58
06.09.2024 04:00;06.09.2024 05:00;57,75
06.09.2024 05:00;06.09.2024 06:00;69,86
06.09.2024 06:00;06.09.2024 07:00;93,29
06.09.2024 07:00;06.09.2024 08:00;119,48
06.09.2024 08:00;06.09.2024 09:00;120,37
06.09.2024 09:00;06.09.2024 10:00;100,09
06.09.2024 10:00;06.09.2024 11:00;80,0
06.09.2024 11:00;06.09.2024 12:00;59,51
06.09.2024 12:00;06.09.2024 13:00;31,54
06.09.2024 13:00;06.09.2024 14:00;12,48
06.09.2024 14:00;06.09.2024 15:00;14,53
06.09.2024 15:00;06.09.2024 16:00;30,06
06.09.2024 16:00;06.09.2024 17:00;71,18
06.09.2024 17:00;06.09.2024 18:00;87,56
06.09.2024 18:00;06.09.2024 19:00;100,27
06.09.2024 19:00;06.09.2024 20:00;129,0
06.09.2024 20:00;06.09.2024 21:00;136,49
06.09.2024 21:00;06.09.2024 22:00;99,76
06.09.2024 22:00;06.09.2024 23:00;95,36
06.09.2024 23:00;07.09.2024 00:00;92,88
07.09.2024 00:00;07.09.2024 01:00;102,47
07.09.2024 01:00;07.09.2024 02:00;96,9
07.09.2024 02:00;07.09.2024 03:00;96,3
07.09.2024 03:00;07.09.2024 04:00;95,31
07.09.2024 04:00;07.09.2024 05:00;98,29
07.09.2024 05:00;07.09.2024 06:00;101,02
07.09.2024 06:00;07.09.2024 07:00;103,88
07.09.2024 07:00;07.09.2024 08:00;104,71
07.09.2024 08:00;07.09.2024 09:00;95,44
07.09.2024 09:00;07.09.2024 10:00;84,19
07.09.2024 10:00;07.09.2024 11:00;51,52
07.09.2024 11:00;07.09.2024 12:00;14,17
07.09.2024 12:00;07.09.2024 13:00;5,48
07.09.2024 13:00;07.09.2024 14:00;1,02
07.09.2024 14:00;07.09.2024 15:00;0,44
07.09.2024 15:00;07.09.2024 16:00;8,41
07.09.2024 16:00;07.09.2024 17:00;49,62
07.09.2024 17:00;07.09.2024 18:00;101,4
07.09.2024 18:00;07.09.2024 19:00;128,57
07.09.2024 19:00;07.09.2024 20:00;150,4
07.09.2024 20:00;07.09.2024 21:00;133,0
07.09.2024 21:00;07.09.2024 22:00;101,9
07.09.2024 22:00;07.09.2024 23:00;92,32
07.09.2024 23:00;08.09.2024 00:00;89,24
08.09.2024 00:00;08.09.2024 01:00;93,91
08.09.2024 01:00;08.09.2024 02:00;86,46
08.09.2024 02:00;08.09.2024 03:00;83,68
08.09.2024 03:00;08.09.2024 04:00;82,0
08.09.2024 04:00;08.09.2024 05:00;82,39
08.09.2024 05:00;08.09.2024 06:00;85,1
08.09.2024 06:00;08.09.2024 07:00;83,36
08.09.2024 07:00;08.09.2024 08:00;82,07
08.09.2024 08:00;08.09.2024 09:00;76,73
08.09.2024 09:00;08.09.2024 10:00;40,58
08.09.2024 10:00;08.09.2024 11:00;8,29
08.09.2024 11:00;08.09.2024 12:00;0,44
08.09.2024 12:00;08.09.2024 13:00;0,04
08.09.2024 13:00;08.09.2024 14:00;0,01
08.09.2024 14:00;08.09.2024 15:00;1,16
08.09.2024 15:00;08.09.2024 16:00;3,17
08.09.2024 16:00;08.09.2024 17:00;58,62
08.09.2024 17:00;08.09.2024 18:00;95,99
08.09.2024 18:00;08.09.2024 19:00;119,55
08.09.2024 19:00;08.09.2024 20:00;124,15
08.09.2024 20:00;08.09.2024 21:00;128,12
08.09.2024 21:00;08.09.2024 22:00;117,2
08.09.2024 22:00;08.09.2024 23:00;105,8
08.09.2024 23:00;09.09.2024 00:00;97,13
09.09.2024 00:00;09.09.2024 01:00;86,41
09.09.2024 01:00;09.09.2024 02:00;85,76
09.09.2024 02:00;09.09.2024 03:00;84,1
09.09.2024 03:00;09.09.2024 04:00;82,03
09.09.2024 04:00;09.09.2024 05:00;85,11
09.09.2024 05:00;09.09.2024 06:00;85,79
09.09.2024 06:00;09.09.2024 07:00;118,47
09.09.2024 07:00;09.09.2024 08:00;140,62
09.09.2024 08:00;09.09.2024 09:00;159,57
09.09.2024 09:00;09.09.2024 10:00;129,68
09.09.2024 10:00;09.09.2024 11:00;110,87
09.09.2024 11:00;09.09.2024 12:00;100,74
09.09.2024 12:00;09.09.2024 13:00;94,98
09.09.2024 13:00;09.09.2024 14:00;89,17
09.09.2024 14:00;09.09.2024 15:00;82,06
09.09.2024 15:00;09.09.2024 16:00;83,98
09.09.2024 16:00;09.09.2024 17:00;78,68
09.09.2024 17:00;09.09.2024 18:00;92,8
09.09.2024 18:00;09.09.2024 19:00;113,15
09.09.2024 19:00;09.09.2024 20:00;114,56
09.09.2024 20:00;09.09.2024 21:00;111,53
09.09.2024 21:00;09.09.2024 22:00;96,02
09.09.2024 22:00;09.09.2024 23:00;87,94
09.09.2024 23:00;10.09.2024 00:00;79,52
10.09.2024 00:00;10.09.2024 01:00;67,34
10.09.2024 01:00;10.09.2024 02:00;59,79
10.09.2024 02:00;10.09.2024 03:00;61,47
10.09.2024 03:00;10.09.2024 04:00;61,36
10.09.2024 04:00;10.09.2024 05:00;67,3
10.09.2024 05:00;10.09.2024 06:00;80,92
10.09.2024 06:00;10.09.2024 07:00;103,12
10.09.2024 07:00;10.09.2024 08:00;129,9
10.09.2024 08:00;10.09.2024 09:00;114,94
10.09.2024 09:00;10.09.2024 10:00;100,0
10.09.2024 10:00;10.09.2024 11:00;59,92
10.09.2024 11:00;10.09.2024 12:00;9,52
10.09.2024 12:00;10.09.2024 13:00;0,04
10.09.2024 13:00;10.09.2024 14:00;-0,07
10.09.2024 14:00;10.09.2024 15:00;-0,16
10.09.2024 15:00;10.09.2024 16:00;-0,04
10.09.2024 16:00;10.09.2024 17:00;0,22
10.09.2024 17:00;10.09.2024 18:00;21,77
10.09.2024 18:00;10.09.2024 19:00;80,4
10.09.2024 19:00;10.09.2024 20:00;92,91
10.09.2024 20:00;10.09.2024 21:00;83,25
10.09.2024 21:00;10.09.2024 22:00;82,02
10.09.2024 22:00;10.09.2024 23:00;76,63
10.09.2024 23:00;11.09.2024 00:00;64,38
11.09.2024 00:00;11.09.2024 01:00;40,0
11.09.2024 01:00;11.09.2024 02:00;39,91
11.09.2024 02:00;11.09.2024 03:00;32,99
11.09.2024 03:00;11.09.2024 04:00;33,73
11.09.2024 04:00;11.09.2024 05:00;38,93
11.09.2024 05:00;11.09.2024 06:00;61,56
11.09.2024 06:00;11.09.2024 07:00;86,79
11.09.2024 07:00;11.09.2024 08:00;97,55
11.09.2024 08:00;11.09.2024 09:00;110,72
11.09.2024 09:00;11.09.2024 10:00;97,6
11.09.2024 10:00;11.09.2024 11:00;76,81
11.09.2024 11:00;11.09.2024 12:00;67,51
11.09.2024 12:00;11.09.2024 13:00;62,45
11.09.2024 13:00;11.09.2024 14:00;63,85
11.09.2024 14:00;11.09.2024 15:00;69,0
11.09.2024 15:00;11.09.2024 16:00;69,05
11.09.2024 16:00;11.09.2024 17:00;76,75
11.09.2024 17:00;11.09.2024 18:00;101,39
11.09.2024 18:00;11.09.2024 19:00;115,14
11.09.2024 19:00;11.09.2024 20:00;142,86
11.09.2024 20:00;11.09.2024 21:00;138,36
11.09.2024 21:00;11.09.2024 22:00;115,14
11.09.2024 22:00;11.09.2024 23:00;102,97
11.09.2024 23:00;12.09.2024 00:00;101,49
12.09.2024 00:00;12.09.2024 01:00;90,06
12.09.2024 01:00;12.09.2024 02:00;84,1
12.09.2024 02:00;12.09.2024 03:00;83,93
12.09.2024 03:00;12.09.2024 04:00;83,45
12.09.2024 04:00;12.09.2024 05:00;85,02
12.09.2024 05:00;12.09.2024 06:00;86,92
12.09.2024 06:00;12.09.2024 07:00;107,96
12.09.2024 07:00;12.09.2024 08:00;134,94
12.09.2024 08:00;12.09.2024 09:00;135,94
12.09.2024 09:00;12.09.2024 10:00;103,36
12.09.2024 10:00;12.09.2024 11:00;85,0
12.09.2024 11:00;12.09.2024 12:00;80,41
12.09.2024 12:00;12.09.2024 13:00;78,62
12.09.2024 13:00;12.09.2024 14:00;78,23
12.09.2024 14:00;12.09.2024 15:00;80,11
12.09.2024 15:00;12.09.2024 16:00;84,93
12.09.2024 16:00;12.09.2024 17:00;91,67
12.09.2024 17:00;12.09.2024 18:00;109,74
12.09.2024 18:00;12.09.2024 19:00;145,19
12.09.2024 19:00;12.09.2024 20:00;300,01
12.09.2024 20:00;12.09.2024 21:00;250,02
12.09.2024 21:00;12.09.2024 22:00;125,0
12.09.2024 22:00;12.09.2024 23:00;99,47
12.09.2024 23:00;13.09.2024 00:00;92,04
13.09.2024 00:00;13.09.2024 01:00;99,97
13.09.2024 01:00;13.09.2024 02:00;91,52
13.09.2024 02:00;13.09.2024 03:00;87,31
13.09.2024 03:00;13.09.2024 04:00;86,76
13.09.2024 04:00;13.09.2024 05:00;84,63
13.09.2024 05:00;13.09.2024 06:00;87,92
13.09.2024 06:00;13.09.2024 07:00;100,49
13.09.2024 07:00;13.09.2024 08:00;119,96
13.09.2024 08:00;13.09.2024 09:00;132,24
13.09.2024 09:00;13.09.2024 10:00;116,24
13.09.2024 10:00;13.09.2024 11:00;102,54
13.09.2024 11:00;13.09.2024 12:00;94,99
13.09.2024 12:00;13.09.2024 13:00;88,55
13.09.2024 13:00;13.09.2024 14:00;77,5
13.09.2024 14:00;13.09.2024 15:00;66,96
13.09.2024 15:00;13.09.2024 16:00;72,2
13.09.2024 16:00;13.09.2024 17:00;74,3
13.09.2024 17:00;13.09.2024 18:00;79,85
13.09.2024 18:00;13.09.2024 19:00;96,47
13.09.2024 19:00;13.09.2024 20:00;100,0
13.09.2024 20:00;13.09.2024 21:00;94,25
13.09.2024 21:00;13.09.2024 22:00;84,57
13.09.2024 22:00;13.09.2024 23:00;79,3
13.09.2024 23:00;14.09.2024 00:00;60,99
14.09.2024 00:00;14.09.2024 01:00;55,61
14.09.2024 01:00;14.09.2024 02:00;50,01
14.09.2024 02:00;14.09.2024 03:00;43,33
14.09.2024 03:00;14.09.2024 04:00;45,18
14.09.2024 04:00;14.09.2024 05:00;46,7
14.09.2024 05:00;14.09.2024 06:00;44,27
14.09.2024 06:00;14.09.2024 07:00;55,35
14.09.2024 07:00;14.09.2024 08:00;65,0
14.09.2024 08:00;14.09.2024 09:00;75,54
14.09.2024 09:00;14.09.2024 10:00;66,6
14.09.2024 10:00;14.09.2024 11:00;41,02
14.09.2024 11:00;14.09.2024 12:00;8,08
14.09.2024 12:00;14.09.2024 13:00;0,86
14.09.2024 13:00;14.09.2024 14:00;-0,06
14.09.2024 14:00;14.09.2024 15:00;-0,46
14.09.2024 15:00;14.09.2024 16:00;-0,07
14.09.2024 16:00;14.09.2024 17:00;9,54
14.09.2024 17:00;14.09.2024 18:00;65,09
14.09.2024 18:00;14.09.2024 19:00;94,39
14.09.2024 19:00;14.09.2024 20:00;126,58
14.09.2024 20:00;14.09.2024 21:00;117,85
14.09.2024 21:00;14.09.2024 22:00;103,09
14.09.2024 22:00;14.09.2024 23:00;93,75
14.09.2024 23:00;15.09.2024 00:00;84,76
15.09.2024 00:00;15.09.2024 01:00;78,11
15.09.2024 01:00;15.09.2024 02:00;70,07
15.09.2024 02:00;15.09.2024 03:00;66,6
15.09.2024 03:00;15.09.2024 04:00;67,15
15.09.2024 04:00;15.09.2024 05:00;63,66
15.09.2024 05:00;15.09.2024 06:00;65,61
15.09.2024 06:00;15.09.2024 07:00;69,18
15.09.2024 07:00;15.09.2024 08:00;85,42
15.09.2024 08:00;15.09.2024 09:00;76,96
15.09.2024 09:00;15.09.2024 10:00;54,07
15.09.2024 10:00;15.09.2024 11:00;10,92
15.09.2024 11:00;15.09.2024 12:00;0,07
15.09.2024 12:00;15.09.2024 13:00;0,0
15.09.2024 13:00;15.09.2024 14:00;-0,01
15.09.2024 14:00;15.09.2024 15:00;-0,41
15.09.2024 15:00;15.09.2024 16:00;-0,27
15.09.2024 16:00;15.09.2024 17:00;19,7
15.09.2024 17:00;15.09.2024 18:00;82,25
15.09.2024 18:00;15.09.2024 19:00;112,8
15.09.2024 19:00;15.09.2024 20:00;133,16
15.09.2024 20:00;15.09.2024 21:00;123,6
15.09.2024 21:00;15.09.2024 22:00;112,68
15.09.2024 22:00;15.09.2024 23:00;107,11
15.09.2024 23:00;16.09.2024 00:00;92,6
16.09.2024 00:00;16.09.2024 01:00;92,99
16.09.2024 01:00;16.09.2024 02:00;88,14
16.09.2024 02:00;16.09.2024 03:00;87,26
16.09.2024 03:00;16.09.2024 04:00;84,93
16.09.2024 04:00;16.09.2024 05:00;84,34
16.09.2024 05:00;16.09.2024 06:00;88,31
16.09.2024 06:00;16.09.2024 07:00;110,97
16.09.2024 07:00;16.09.2024 08:00;130,0
16.09.2024 08:00;16.09.2024 09:00;146,06
16.09.2024 09:00;16.09.2024 10:00;126,4
16.09.2024 10:00;16.09.2024 11:00;112,63
16.09.2024 11:00;16.09.2024 12:00;105,02
16.09.2024 12:00;16.09.2024 13:00;96,02
16.09.2024 13:00;16.09.2024 14:00;86,89
16.09.2024 14:00;16.09.2024 15:00;80,86
16.09.2024 15:00;16.09.2024 16:00;75,37
16.09.2024 16:00;16.09.2024 17:00;76,3
16.09.2024 17:00;16.09.2024 18:00;86,98
16.09.2024 18:00;16.09.2024 19:00;107,87
16.09.2024 19:00;16.09.2024 20:00;112,57
16.09.2024 20:00;16.09.2024 21:00;109,01
16.09.2024 21:00;16.09.2024 22:00;90,1
16.09.2024 22:00;16.09.2024 23:00;78,81
16.09.2024 23:00;17.09.2024 00:00;81,53
17.09.2024 00:00;17.09.2024 01:00;85,54
17.09.2024 01:00;17.09.2024 02:00;82,3
17.09.2024 02:00;17.09.2024 03:00;80,51
17.09.2024 03:00;17.09.2024 04:00;79,84
17.09.2024 04:00;17.09.2024 05:00;80,04
17.09.2024 05:00;17.09.2024 06:00;91,52
17.09.2024 06:00;17.09.2024 07:00;108,32
17.09.2024 07:00;17.09.2024 08:00;133,94
17.09.2024 08:00;17.09.2024 09:00;137,52
17.09.2024 09:00;17.09.2024 10:00;108,91
17.09.2024 10:00;17.09.2024 11:00;96,52
17.09.2024 11:00;17.09.2024 12:00;82,39
17.09.2024 12:00;17.09.2024 13:00;59,81
17.09.2024 13:00;17.09.2024 14:00;41,77
17.09.2024 14:00;17.09.2024 15:00;25,64
17.09.2024 15:00;17.09.2024 16:00;44,44
17.09.2024 16:00;17.09.2024 17:00;74,29
17.09.2024 17:00;17.09.2024 18:00;93,5
17.09.2024 18:00;17.09.2024 19:00;112,99
17.09.2024 19:00;17.09.2024 20:00;132,53
17.09.2024 20:00;17.09.2024 21:00;111,24
17.09.2024 21:00;17.09.2024 22:00;96,12
17.09.2024 22:00;17.09.2024 23:00;89,94
17.09.2024 23:00;18.09.2024 00:00;83,84
18.09.2024 00:00;18.09.2024 01:00;85,16
18.09.2024 01:00;18.09.2024 02:00;80,94
18.09.2024 02:00;18.09.2024 03:00;83,71
18.09.2024 03:00;18.09.2024 04:00;83,67
18.09.2024 04:00;18.09.2024 05:00;82,51
18.09.2024 05:00;18.09.2024 06:00;89,92
18.09.2024 06:00;18.09.2024 07:00;105,09
18.09.2024 07:00;18.09.2024 08:00;141,92
18.09.2024 08:00;18.09.2024 09:00;133,07
18.09.2024 09:00;18.09.2024 10:00;102,44
18.09.2024 10:00;18.09.2024 11:00;79,0
18.09.2024 11:00;18.09.2024 12:00;55,32
18.09.2024 12:00;18.09.2024 13:00;5,49
18.09.2024 13:00;18.09.2024 14:00;0,0
18.09.2024 14:00;18.09.2024 15:00;-0,09
18.09.2024 15:00;18.09.2024 16:00;1,04
18.09.2024 16:00;18.09.2024 17:00;40,05
18.09.2024 17:00;18.09.2024 18:00;87,52
18.09.2024 18:00;18.09.2024 19:00;113,91
18.09.2024 19:00;18.09.2024 20:00;129,92
18.09.2024 20:00;18.09.2024 21:00;108,2
18.09.2024 21:00;18.09.2024 22:00;93,25
18.09.2024 22:00;18.09.2024 23:00;89,92
18.09.2024 23:00;19.09.2024 00:00;79,49
19.09.2024 00:00;19.09.2024 01:00;76,4
19.09.2024 01:00;19.09.2024 02:00;77,53
19.09.2024 02:00;19.09.2024 03:00;78,03
19.09.2024 03:00;19.09.2024 04:00;77,35
19.09.2024 04:00;19.09.2024 05:00;79,26
19.09.2024 05:00;19.09.2024 06:00;89,99
19.09.2024 06:00;19.09.2024 07:00;113,47
19.09.2024 07:00;19.09.2024 08:00;143,24
19.09.2024 08:00;19.09.2024 09:00;124,12
19.09.2024 09:00;19.09.2024 10:00;97,64
19.09.2024 10:00;19.09.2024 11:00;74,81
19.09.2024 11:00;19.09.2024 12:00;50,41
19.09.2024 12:00;19.09.2024 13:00;4,97
19.09.2024 13:00;19.09.2024 14:00;-0,06
19.09.2024 14:00;19.09.2024 15:00;-0,09
19.09.2024 15:00;19.09.2024 16:00;10,91
19.09.2024 16:00;19.09.2024 17:00;58,55
19.09.2024 17:00;19.09.2024 18:00;91,05
19.09.2024 18:00;19.09.2024 19:00;114,53
19.09.2024 19:00;19.09.2024 20:00;134,3
19.09.2024 20:00;19.09.2024 21:00;113,5
19.09.2024 21:00;19.09.2024 22:00;91,1
19.09.2024 22:00;19.09.2024 23:00;88,97
19.09.2024 23:00;20.09.2024 00:00;78,87
20.09.2024 00:00;20.09.2024 01:00;72,61
20.09.2024 01:00;20.09.2024 02:00;74,04
20.09.2024 02:00;20.09.2024 03:00;73,42
20.09.2024 03:00;20.09.2024 04:00;73,17
20.09.2024 04:00;20.09.2024 05:00;74,52
20.09.2024 05:00;20.09.2024 06:00;89,09
20.09.2024 06:00;20.09.2024 07:00;108,06
20.09.2024 07:00;20.09.2024 08:00;141,45
20.09.2024 08:00;20.09.2024 09:00;108,6
20.09.2024 09:00;20.09.2024 10:00;88,92
20.09.2024 10:00;20.09.2024 11:00;62,05
20.09.2024 11:00;20.09.2024 12:00;24,69
20.09.2024 12:00;20.09.2024 13:00;8,24
20.09.2024 13:00;20.09.2024 14:00;-0,01
20.09.2024 14:00;20.09.2024 15:00;0,07
20.09.2024 15:00;20.09.2024 16:00;7,56
20.09.2024 16:00;20.09.2024 17:00;43,68
20.09.2024 17:00;20.09.2024 18:00;84,12
20.09.2024 18:00;20.09.2024 19:00;106,01
20.09.2024 19:00;20.09.2024 20:00;145,72
20.09.2024 20:00;20.09.2024 21:00;108,84
20.09.2024 21:00;20.09.2024 22:00;91,07
20.09.2024 22:00;20.09.2024 23:00;87,8
20.09.2024 23:00;21.09.2024 00:00;87,08
21.09.2024 00:00;21.09.2024 01:00;88,29
21.09.2024 01:00;21.09.2024 02:00;85,3
21.09.2024 02:00;21.09.2024 03:00;82,0
21.09.2024 03:00;21.09.2024 04:00;82,19
21.09.2024 04:00;21.09.2024 05:00;86,38
21.09.2024 05:00;21.09.2024 06:00;89,48
21.09.2024 06:00;21.09.2024 07:00;99,69
21.09.2024 07:00;21.09.2024 08:00;97,76
21.09.2024 08:00;21.09.2024 09:00;85,3
21.09.2024 09:00;21.09.2024 10:00;60,99
21.09.2024 10:00;21.09.2024 11:00;22,0
21.09.2024 11:00;21.09.2024 12:00;3,15
21.09.2024 12:00;21.09.2024 13:00;0,0
21.09.2024 13:00;21.09.2024 14:00;-3,36
21.09.2024 14:00;21.09.2024 15:00;-3,95
21.09.2024 15:00;21.09.2024 16:00;1,09
21.09.2024 16:00;21.09.2024 17:00;47,26
21.09.2024 17:00;21.09.2024 18:00;97,19
21.09.2024 18:00;21.09.2024 19:00;127,5
21.09.2024 19:00;21.09.2024 20:00;141,99
21.09.2024 20:00;21.09.2024 21:00;112,5
21.09.2024 21:00;21.09.2024 22:00;95,93
21.09.2024 22:00;21.09.2024 23:00;93,6
21.09.2024 23:00;22.09.2024 00:00;88,3
22.09.2024 00:00;22.09.2024 01:00;97,73
22.09.2024 01:00;22.09.2024 02:00;90,05
22.09.2024 02:00;22.09.2024 03:00;89,99
22.09.2024 03:00;22.09.2024 04:00;89,5
22.09.2024 04:00;22.09.2024 05:00;90,75
22.09.2024 05:00;22.09.2024 06:00;90,65
22.09.2024 06:00;22.09.2024 07:00;94,88
22.09.2024 07:00;22.09.2024 08:00;97,31
22.09.2024 08:00;22.09.2024 09:00;86,48
22.09.2024 09:00;22.09.2024 10:00;62,79
22.09.2024 10:00;22.09.2024 11:00;26,17
22.09.2024 11:00;22.09.2024 12:00;11,13
22.09.2024 12:00;22.09.2024 13:00;7,69
22.09.2024 13:00;22.09.2024 14:00;-0,08
22.09.2024 14:00;22.09.2024 15:00;0,01
22.09.2024 15:00;22.09.2024 16:00;9,66
22.09.2024 16:00;22.09.2024 17:00;61,6
22.09.2024 17:00;22.09.2024 18:00;106,27
22.09.2024 18:00;22.09.2024 19:00;132,23
22.09.2024 19:00;22.09.2024 20:00;157,18
22.09.2024 20:00;22.09.2024 21:00;126,11
22.09.2024 21:00;22.09.2024 22:00;109,54
22.09.2024 22:00;22.09.2024 23:00;98,72
22.09.2024 23:00;23.09.2024 00:00;92,0
23.09.2024 00:00;23.09.2024 01:00;90,8
23.09.2024 01:00;23.09.2024 02:00;84,08
23.09.2024 02:00;23.09.2024 03:00;85,2
23.09.2024 03:00;23.09.2024 04:00;87,15
23.09.2024 04:00;23.09.2024 05:00;86,93
23.09.2024 05:00;23.09.2024 06:00;97,3
23.09.2024 06:00;23.09.2024 07:00;133,4
23.09.2024 07:00;23.09.2024 08:00;203,73
23.09.2024 08:00;23.09.2024 09:00;151,33
23.09.2024 09:00;23.09.2024 10:00;109,99
23.09.2024 10:00;23.09.2024 11:00;94,66
23.09.2024 11:00;23.09.2024 12:00;80,16
23.09.2024 12:00;23.09.2024 13:00;78,94
23.09.2024 13:00;23.09.2024 14:00;76,55
23.09.2024 14:00;23.09.2024 15:00;76,77
23.09.2024 15:00;23.09.2024 16:00;80,98
23.09.2024 16:00;23.09.2024 17:00;102,25
23.09.2024 17:00;23.09.2024 18:00;136,01
23.09.2024 18:00;23.09.2024 19:00;240,26
23.09.2024 19:00;23.09.2024 20:00;328,39
23.09.2024 20:00;23.09.2024 21:00;178,64
23.09.2024 21:00;23.09.2024 22:00;116,71
23.09.2024 22:00;23.09.2024 23:00;100,93
23.09.2024 23:00;24.09.2024 00:00;91,54
24.09.2024 00:00;24.09.2024 01:00;88,2
24.09.2024 01:00;24.09.2024 02:00;82,51
24.09.2024 02:00;24.09.2024 03:00;83,69
24.09.2024 03:00;24.09.2024 04:00;85,02
24.09.2024 04:00;24.09.2024 05:00;83,26
24.09.2024 05:00;24.09.2024 06:00;88,29
24.09.2024 06:00;24.09.2024 07:00;110,75
24.09.2024 07:00;24.09.2024 08:00;141,96
24.09.2024 08:00;24.09.2024 09:00;127,4
24.09.2024 09:00;24.09.2024 10:00;106,02
24.09.2024 10:00;24.09.2024 11:00;92,61
24.09.2024 11:00;24.09.2024 12:00;83,87
24.09.2024 12:00;24.09.2024 13:00;75,75
24.09.2024 13:00;24.09.2024 14:00;68,99
24.09.2024 14:00;24.09.2024 15:00;61,59
24.09.2024 15:00;24.09.2024 16:00;74,94
24.09.2024 16:00;24.09.2024 17:00;83,27
24.09.2024 17:00;24.09.2024 18:00;104,04
24.09.2024 18:00;24.09.2024 19:00;119,05
24.09.2024 19:00;24.09.2024 20:00;124,13
24.09.2024 20:00;24.09.2024 21:00;101,7
24.09.2024 21:00;24.09.2024 22:00;80,44
24.09.2024 22:00;24.09.2024 23:00;74,48
24.09.2024 23:00;25.09.2024 00:00;60,58
25.09.2024 00:00;25.09.2024 01:00;51,48
25.09.2024 01:00;25.09.2024 02:00;42,18
25.09.2024 02:00;25.09.2024 03:00;39,2
25.09.2024 03:00;25.09.2024 04:00;39,45
25.09.2024 04:00;25.09.2024 05:00;54,77
25.09.2024 05:00;25.09.2024 06:00;63,95
25.09.2024 06:00;25.09.2024 07:00;78,34
25.09.2024 07:00;25.09.2024 08:00;83,77
25.09.2024 08:00;25.09.2024 09:00;88,15
25.09.2024 09:00;25.09.2024 10:00;70,32
25.09.2024 10:00;25.09.2024 11:00;49,46
25.09.2024 11:00;25.09.2024 12:00;25,24
25.09.2024 12:00;25.09.2024 13:00;19,1
25.09.2024 13:00;25.09.2024 14:00;18,78
25.09.2024 14:00;25.09.2024 15:00;55,53
25.09.2024 15:00;25.09.2024 16:00;72,23
25.09.2024 16:00;25.09.2024 17:00;89,69
25.09.2024 17:00;25.09.2024 18:00;107,85
25.09.2024 18:00;25.09.2024 19:00;156,2
25.09.2024 19:00;25.09.2024 20:00;195,42
25.09.2024 20:00;25.09.2024 21:00;131,84
25.09.2024 21:00;25.09.2024 22:00;96,61
25.09.2024 22:00;25.09.2024 23:00;91,64
25.09.2024 23:00;26.09.2024 00:00;82,22
26.09.2024 00:00;26.09.2024 01:00;66,02
26.09.2024 01:00;26.09.2024 02:00;58,78
26.09.2024 02:00;26.09.2024 03:00;52,34
26.09.2024 03:00;26.09.2024 04:00;49,87
26.09.2024 04:00;26.09.2024 05:00;45,53
26.09.2024 05:00;26.09.2024 06:00;49,71
26.09.2024 06:00;26.09.2024 07:00;72,03
26.09.2024 07:00;26.09.2024 08:00;85,2
26.09.2024 08:00;26.09.2024 09:00;83,4
26.09.2024 09:00;26.09.2024 10:00;67,33
26.09.2024 10:00;26.09.2024 11:00;49,23
26.09.2024 11:00;26.09.2024 12:00;31,62
26.09.2024 12:00;26.09.2024 13:00;17,0
26.09.2024 13:00;26.09.2024 14:00;12,08
26.09.2024 14:00;26.09.2024 15:00;12,68
26.09.2024 15:00;26.09.2024 16:00;37,9
26.09.2024 16:00;26.09.2024 17:00;54,91
26.09.2024 17:00;26.09.2024 18:00;73,65
26.09.2024 18:00;26.09.2024 19:00;80,0
26.09.2024 19:00;26.09.2024 20:00;89,0
26.09.2024 20:00;26.09.2024 21:00;78,93
26.09.2024 21:00;26.09.2024 22:00;62,84
26.09.2024 22:00;26.09.2024 23:00;53,72
26.09.2024 23:00;27.09.2024 00:00;36,3
27.09.2024 00:00;27.09.2024 01:00;-0,06
27.09.2024 01:00;27.09.2024 02:00;0,04
27.09.2024 02:00;27.09.2024 03:00;-0,01
27.09.2024 03:00;27.09.2024 04:00;-0,59
27.09.2024 04:00;27.09.2024 05:00;-0,2
27.09.2024 05:00;27.09.2024 06:00;-0,03
27.09.2024 06:00;27.09.2024 07:00;0,0
27.09.2024 07:00;27.09.2024 08:00;25,92
27.09.2024 08:00;27.09.2024 09:00;39,92
27.09.2024 09:00;27.09.2024 10:00;5,53
27.09.2024 10:00;27.09.2024 11:00;-0,09
27.09.2024 11:00;27.09.2024 12:00;-3,75
27.09.2024 12:00;27.09.2024 13:00;-5,56
27.09.2024 13:00;27.09.2024 14:00;-6,32
27.09.2024 14:00;27.09.2024 15:00;-5,05
27.09.2024 15:00;27.09.2024 16:00;-0,11
27.09.2024 16:00;27.09.2024 17:00;0,0
27.09.2024 17:00;27.09.2024 18:00;37,83
27.09.2024 18:00;27.09.2024 19:00;62,55
27.09.2024 19:00;27.09.2024 20:00;60,47
27.09.2024 20:00;27.09.2024 21:00;59,57
27.09.2024 21:00;27.09.2024 22:00;33,09
27.09.2024 22:00;27.09.2024 23:00;26,03
27.09.2024 23:00;28.09.2024 00:00;25,0
28.09.2024 00:00;28.09.2024 01:00;1,77
28.09.2024 01:00;28.09.2024 02:00;3,03
28.09.2024 02:00;28.09.2024 03:00;3,29
28.09.2024 03:00;28.09.2024 04:00;3,16
28.09.2024 04:00;28.09.2024 05:00;3,27
28.09.2024 05:00;28.09.2024 06:00;4,15
28.09.2024 06:00;28.09.2024 07:00;11,96
28.09.2024 07:00;28.09.2024 08:00;22,28
28.09.2024 08:00;28.09.2024 09:00;26,21
28.09.2024 09:00;28.09.2024 10:00;18,91
28.09.2024 10:00;28.09.2024 11:00;9,75
28.09.2024 11:00;28.09.2024 12:00;3,78
28.09.2024 12:00;28.09.2024 13:00;0,65
28.09.2024 13:00;28.09.2024 14:00;0,0
28.09.2024 14:00;28.09.2024 15:00;0,0
28.09.2024 15:00;28.09.2024 16:00;0,06
28.09.2024 16:00;28.09.2024 17:00;9,82
28.09.2024 17:00;28.09.2024 18:00;63,23
28.09.2024 18:00;28.09.2024 19:00;80,28
28.09.2024 19:00;28.09.2024 20:00;100,08
28.09.2024 20:00;28.09.2024 21:00;96,31
28.09.2024 21:00;28.09.2024 22:00;80,7
28.09.2024 22:00;28.09.2024 23:00;80,28
28.09.2024 23:00;29.09.2024 00:00;74,73
29.09.2024 00:00;29.09.2024 01:00;60,66
29.09.2024 01:00;29.09.2024 02:00;45,5
29.09.2024 02:00;29.09.2024 03:00;44,16
29.09.2024 03:00;29.09.2024 04:00;43,35
29.09.2024 04:00;29.09.2024 05:00;57,74
29.09.2024 05:00;29.09.2024 06:00;73,63
29.09.2024 06:00;29.09.2024 07:00;77,0
29.09.2024 07:00;29.09.2024 08:00;98,0
29.09.2024 08:00;29.09.2024 09:00;96,88
29.09.2024 09:00;29.09.2024 10:00;54,43
29.09.2024 10:00;29.09.2024 11:00;1,33
29.09.2024 11:00;29.09.2024 12:00;0,0
29.09.2024 12:00;29.09.2024 13:00;-0,01
29.09.2024 13:00;29.09.2024 14:00;-0,5
29.09.2024 14:00;29.09.2024 15:00;-0,45
29.09.2024 15:00;29.09.2024 16:00;0,0
29.09.2024 16:00;29.09.2024 17:00;43,24
29.09.2024 17:00;29.09.2024 18:00;94,01
29.09.2024 18:00;29.09.2024 19:00;152,59
29.09.2024 19:00;29.09.2024 20:00;167,32
29.09.2024 20:00;29.09.2024 21:00;109,61
29.09.2024 21:00;29.09.2024 22:00;80,13
29.09.2024 22:00;29.09.2024 23:00;64,3
29.09.2024 23:00;30.09.2024 00:00;37,39
30.09.2024 00:00;30.09.2024 01:00;19,0
30.09.2024 01:00;30.09.2024 02:00;11,45
30.09.2024 02:00;30.09.2024 03:00;8,4
30.09.2024 03:00;30.09.2024 04:00;5,53
30.09.2024 04:00;30.09.2024 05:00;5,61
30.09.2024 05:00;30.09.2024 06:00;16,98
30.09.2024 06:00;30.09.2024 07:00;45,64
30.09.2024 07:00;30.09.2024 08:00;90,42
30.09.2024 08:00;30.09.2024 09:00;93,55
30.09.2024 09:00;30.09.2024 10:00;68,46
30.09.2024 10:00;30.09.2024 11:00;44,41
30.09.2024 11:00;30.09.2024 12:00;20,91
30.09.2024 12:00;30.09.2024 13:00;9,28
30.09.2024 13:00;30.09.2024 14:00;2,06
30.09.2024 14:00;30.09.2024 15:00;7,63
30.09.2024 15:00;30.09.2024 16:00;21,96
30.09.2024 16:00;30.09.2024 17:00;35,13
30.09.2024 17:00;30.09.2024 18:00;64,6
30.09.2024 18:00;30.09.2024 19:00;70,36
30.09.2024 19:00;30.09.2024 20:00;64,24
30.09.2024 20:00;30.09.2024 21:00;42,35
30.09.2024 21:00;30.09.2024 22:00;21,93
30.09.2024 22:00;30.09.2024 23:00;20,01
30.09.2024 23:00;01.10.2024 00:00;9,84
01.10.2024 00:00;01.10.2024 01:00;3,21
01.10.2024 01:00;01.10.2024 02:00;0,07
01.10.2024 02:00;01.10.2024 03:00;0,05
01.10.2024 03:00;01.10.2024 04:00;0,02
01.10.2024 04:00;01.10.2024 05:00;0,09
01.10.2024 05:00;01.10.2024 06:00;6,8
01.10.2024 06:00;01.10.2024 07:00;63,96
01.10.2024 07:00;01.10.2024 08:00;103,35
01.10.2024 08:00;01.10.2024 09:00;114,98
01.10.2024 09:00;01.10.2024 10:00;100,41
01.10.2024 10:00;01.10.2024 11:00;76,48
01.10.2024 11:00;01.10.2024 12:00;68,21
01.10.2024 12:00;01.10.2024 13:00;58,6
01.10.2024 13:00;01.10.2024 14:00;55,66
01.10.2024 14:00;01.10.2024 15:00;56,51
01.10.2024 15:00;01.10.2024 16:00;62,18
01.10.2024 16:00;01.10.2024 17:00;98,94
01.10.2024 17:00;01.10.2024 18:00;109,58
01.10.2024 18:00;01.10.2024 19:00;133,9
01.10.2024 19:00;01.10.2024 20:00;136,51
01.10.2024 20:00;01.10.2024 21:00;118,54
01.10.2024 21:00;01.10.2024 22:00;92,3
01.10.2024 22:00;01.10.2024 23:00;91,45
01.10.2024 23:00;02.10.2024 00:00;76,24
02.10.2024 00:00;02.10.2024 01:00;85,44
02.10.2024 01:00;02.10.2024 02:00;80,88
02.10.2024 02:00;02.10.2024 03:00;77,09
02.10.2024 03:00;02.10.2024 04:00;74,93
02.10.2024 04:00;02.10.2024 05:00;77,14
02.10.2024 05:00;02.10.2024 06:00;81,1
02.10.2024 06:00;02.10.2024 07:00;96,53
02.10.2024 07:00;02.10.2024 08:00;118,83
02.10.2024 08:00;02.10.2024 09:00;135,7
02.10.2024 09:00;02.10.2024 10:00;117,59
02.10.2024 10:00;02.10.2024 11:00;103,21
02.10.2024 11:00;02.10.2024 12:00;96,52
02.10.2024 12:00;02.10.2024 13:00;90,45
02.10.2024 13:00;02.10.2024 14:00;86,44
02.10.2024 14:00;02.10.2024 15:00;78,87
02.10.2024 15:00;02.10.2024 16:00;82,07
02.10.2024 16:00;02.10.2024 17:00;81,51
02.10.2024 17:00;02.10.2024 18:00;100,1
02.10.2024 18:00;02.10.2024 19:00;117,01
02.10.2024 19:00;02.10.2024 20:00;130,07
02.10.2024 20:00;02.10.2024 21:00;114,37
02.10.2024 21:00;02.10.2024 22:00;96,54
02.10.2024 22:00;02.10.2024 23:00;93,3
02.10.2024 23:00;03.10.2024 00:00;85,0
03.10.2024 00:00;03.10.2024 01:00;67,33
03.10.2024 01:00;03.10.2024 02:00;65,86
03.10.2024 02:00;03.10.2024 03:00;65,14
03.10.2024 03:00;03.10.2024 04:00;64,18
03.10.2024 04:00;03.10.2024 05:00;63,98
03.10.2024 05:00;03.10.2024 06:00;64,4
03.10.2024 06:00;03.10.2024 07:00;65,43
03.10.2024 07:00;03.10.2024 08:00;73,37
03.10.2024 08:00;03.10.2024 09:00;76,67
03.10.2024 09:00;03.10.2024 10:00;72,9
03.10.2024 10:00;03.10.2024 11:00;69,28
03.10.2024 11:00;03.10.2024 12:00;63,04
03.10.2024 12:00;03.10.2024 13:00;47,09
03.10.2024 13:00;03.10.2024 14:00;33,98
03.10.2024 14:00;03.10.2024 15:00;39,14
03.10.2024 15:00;03.10.2024 16:00;51,36
03.10.2024 16:00;03.10.2024 17:00;66,04
03.10.2024 17:00;03.10.2024 18:00;89,7
03.10.2024 18:00;03.10.2024 19:00;110,07
03.10.2024 19:00;03.10.2024 20:00;115,32
03.10.2024 20:00;03.10.2024 21:00;108,28
03.10.2024 21:00;03.10.2024 22:00;98,76
03.10.2024 22:00;03.10.2024 23:00;90,96
03.10.2024 23:00;04.10.2024 00:00;81,46
04.10.2024 00:00;04.10.2024 01:00;73,9
04.10.2024 01:00;04.10.2024 02:00;72,52
04.10.2024 02:00;04.10.2024 03:00;72,1
04.10.2024 03:00;04.10.2024 04:00;72,0
04.10.2024 04:00;04.10.2024 05:00;72,33
04.10.2024 05:00;04.10.2024 06:00;77,1
04.10.2024 06:00;04.10.2024 07:00;103,0
04.10.2024 07:00;04.10.2024 08:00;126,54
04.10.2024 08:00;04.10.2024 09:00;141,42
04.10.2024 09:00;04.10.2024 10:00;116,27
04.10.2024 10:00;04.10.2024 11:00;100,09
04.10.2024 11:00;04.10.2024 12:00;85,0
04.10.2024 12:00;04.10.2024 13:00;75,07
04.10.2024 13:00;04.10.2024 14:00;73,49
04.10.2024 14:00;04.10.2024 15:00;75,82
04.10.2024 15:00;04.10.2024 16:00;79,07
04.10.2024 16:00;04.10.2024 17:00;89,8
04.10.2024 17:00;04.10.2024 18:00;107,1
04.10.2024 18:00;04.10.2024 19:00;131,97
04.10.2024 19:00;04.10.2024 20:00;149,02
04.10.2024 20:00;04.10.2024 21:00;123,7
04.10.2024 21:00;04.10.2024 22:00;99,9
04.10.2024 22:00;04.10.2024 23:00;99,9
04.10.2024 23:00;05.10.2024 00:00;90,0
05.10.2024 00:00;05.10.2024 01:00;93,1
05.10.2024 01:00;05.10.2024 02:00;84,64
05.10.2024 02:00;05.10.2024 03:00;81,4
05.10.2024 03:00;05.10.2024 04:00;75,54
05.10.2024 04:00;05.10.2024 05:00;75,72
05.10.2024 05:00;05.10.2024 06:00;79,82
05.10.2024 06:00;05.10.2024 07:00;86,2
05.10.2024 07:00;05.10.2024 08:00;100,4
05.10.2024 08:00;05.10.2024 09:00;110,62
05.10.2024 09:00;05.10.2024 10:00;103,0
05.10.2024 10:00;05.10.2024 11:00;82,42
05.10.2024 11:00;05.10.2024 12:00;68,27
05.10.2024 12:00;05.10.2024 13:00;51,44
05.10.2024 13:00;05.10.2024 14:00;38,88
05.10.2024 14:00;05.10.2024 15:00;43,49
05.10.2024 15:00;05.10.2024 16:00;62,92
05.10.2024 16:00;05.10.2024 17:00;77,12
05.10.2024 17:00;05.10.2024 18:00;99,48
05.10.2024 18:00;05.10.2024 19:00;148,65
05.10.2024 19:00;05.10.2024 20:00;143,28
05.10.2024 20:00;05.10.2024 21:00;107,23
05.10.2024 21:00;05.10.2024 22:00;96,56
05.10.2024 22:00;05.10.2024 23:00;85,23
05.10.2024 23:00;06.10.2024 00:00;67,0
06.10.2024 00:00;06.10.2024 01:00;67,04
06.10.2024 01:00;06.10.2024 02:00;63,97
06.10.2024 02:00;06.10.2024 03:00;62,83
06.10.2024 03:00;06.10.2024 04:00;63,35
06.10.2024 04:00;06.10.2024 05:00;62,71
06.10.2024 05:00;06.10.2024 06:00;63,97
06.10.2024 06:00;06.10.2024 07:00;63,41
06.10.2024 07:00;06.10.2024 08:00;72,81
06.10.2024 08:00;06.10.2024 09:00;77,2
06.10.2024 09:00;06.10.2024 10:00;66,06
06.10.2024 10:00;06.10.2024 11:00;35,28
06.10.2024 11:00;06.10.2024 12:00;16,68
06.10.2024 12:00;06.10.2024 13:00;5,25
06.10.2024 13:00;06.10.2024 14:00;-0,01
06.10.2024 14:00;06.10.2024 15:00;-0,01
06.10.2024 15:00;06.10.2024 16:00;0,2
06.10.2024 16:00;06.10.2024 17:00;59,6
06.10.2024 17:00;06.10.2024 18:00;90,94
06.10.2024 18:00;06.10.2024 19:00;106,3
06.10.2024 19:00;06.10.2024 20:00;97,22
06.10.2024 20:00;06.10.2024 21:00;72,98
06.10.2024 21:00;06.10.2024 22:00;59,37
06.10.2024 22:00;06.10.2024 23:00;58,69
06.10.2024 23:00;07.10.2024 00:00;51,71
07.10.2024 00:00;07.10.2024 01:00;34,58
07.10.2024 01:00;07.10.2024 02:00;35,34
07.10.2024 02:00;07.10.2024 03:00;33,25
07.10.2024 03:00;07.10.2024 04:00;30,15
07.10.2024 04:00;07.10.2024 05:00;36,09
07.10.2024 05:00;07.10.2024 06:00;46,73
07.10.2024 06:00;07.10.2024 07:00;67,59
07.10.2024 07:00;07.10.2024 08:00;100,92
07.10.2024 08:00;07.10.2024 09:00;108,32
07.10.2024 09:00;07.10.2024 10:00;91,86
07.10.2024 10:00;07.10.2024 11:00;66,09
07.10.2024 11:00;07.10.2024 12:00;60,22
07.10.2024 12:00;07.10.2024 13:00;54,11
07.10.2024 13:00;07.10.2024 14:00;43,29
07.10.2024 14:00;07.10.2024 15:00;55,0
07.10.2024 15:00;07.10.2024 16:00;67,01
07.10.2024 16:00;07.10.2024 17:00;97,9
07.10.2024 17:00;07.10.2024 18:00;120,71
07.10.2024 18:00;07.10.2024 19:00;237,65
07.10.2024 19:00;07.10.2024 20:00;229,53
07.10.2024 20:00;07.10.2024 21:00;121,98
07.10.2024 21:00;07.10.2024 22:00;99,93
07.10.2024 22:00;07.10.2024 23:00;91,91
07.10.2024 23:00;08.10.2024 00:00;79,12
08.10.2024 00:00;08.10.2024 01:00;72,33
08.10.2024 01:00;08.10.2024 02:00;67,07
08.10.2024 02:00;08.10.2024 03:00;63,99
08.10.2024 03:00;08.10.2024 04:00;59,67
08.10.2024 04:00;08.10.2024 05:00;59,69
08.10.2024 05:00;08.10.2024 06:00;67,43
08.10.2024 06:00;08.10.2024 07:00;85,97
08.10.2024 07:00;08.10.2024 08:00;110,37
08.10.2024 08:00;08.10.2024 09:00;106,24
08.10.2024 09:00;08.10.2024 10:00;85,0
08.10.2024 10:00;08.10.2024 11:00;80,33
08.10.2024 11:00;08.10.2024 12:00;80,5
08.10.2024 12:00;08.10.2024 13:00;76,0
08.10.2024 13:00;08.10.2024 14:00;82,53
08.10.2024 14:00;08.10.2024 15:00;88,39
08.10.2024 15:00;08.10.2024 16:00;90,08
08.10.2024 16:00;08.10.2024 17:00;101,19
08.10.2024 17:00;08.10.2024 18:00;126,34
08.10.2024 18:00;08.10.2024 19:00;156,77
08.10.2024 19:00;08.10.2024 20:00;168,2
08.10.2024 20:00;08.10.2024 21:00;114,41
08.10.2024 21:00;08.10.2024 22:00;94,9
08.10.2024 22:00;08.10.2024 23:00;86,6
08.10.2024 23:00;09.10.2024 00:00;67,6
09.10.2024 00:00;09.10.2024 01:00;61,93
09.10.2024 01:00;09.10.2024 02:00;60,0
09.10.2024 02:00;09.10.2024 03:00;57,48
09.10.2024 03:00;09.10.2024 04:00;54,32
09.10.2024 04:00;09.10.2024 05:00;57,32
09.10.2024 05:00;09.10.2024 06:00;63,87
09.10.2024 06:00;09.10.2024 07:00;86,7
09.10.2024 07:00;09.10.2024 08:00;111,19
09.10.2024 08:00;09.10.2024 09:00;110,98
09.10.2024 09:00;09.10.2024 10:00;87,0
09.10.2024 10:00;09.10.2024 11:00;72,09
09.10.2024 11:00;09.10.2024 12:00;59,9
09.10.2024 12:00;09.10.2024 13:00;59,8
09.10.2024 13:00;09.10.2024 14:00;59,85
09.10.2024 14:00;09.10.2024 15:00;67,63
09.10.2024 15:00;09.10.2024 16:00;77,17
09.10.2024 16:00;09.10.2024 17:00;95,0
09.10.2024 17:00;09.10.2024 18:00;117,45
09.10.2024 18:00;09.10.2024 19:00;122,53
09.10.2024 19:00;09.10.2024 20:00;127,12
09.10.2024 20:00;09.10.2024 21:00;111,05
09.10.2024 21:00;09.10.2024 22:00;95,8
09.10.2024 22:00;09.10.2024 23:00;95,1
09.10.2024 23:00;10.10.2024 00:00;82,34
10.10.2024 00:00;10.10.2024 01:00;61,19
10.10.2024 01:00;10.10.2024 02:00;46,89
10.10.2024 02:00;10.10.2024 03:00;37,75
10.10.2024 03:00;10.10.2024 04:00;32,0
10.10.2024 04:00;10.10.2024 05:00;29,64
10.10.2024 05:00;10.10.2024 06:00;39,6
10.10.2024 06:00;10.10.2024 07:00;62,1
10.10.2024 07:00;10.10.2024 08:00;84,9
10.10.2024 08:00;10.10.2024 09:00;80,46
10.10.2024 09:00;10.10.2024 10:00;67,5
10.10.2024 10:00;10.10.2024 11:00;52,01
10.10.2024 11:00;10.10.2024 12:00;38,93
10.10.2024 12:00;10.10.2024 13:00;21,89
10.10.2024 13:00;10.10.2024 14:00;15,94
10.10.2024 14:00;10.10.2024 15:00;20,01
10.10.2024 15:00;10.10.2024 16:00;38,37
10.10.2024 16:00;10.10.2024 17:00;58,5
10.10.2024 17:00;10.10.2024 18:00;85,82
10.10.2024 18:00;10.10.2024 19:00;96,07
10.10.2024 19:00;10.10.2024 20:00;119,32
10.10.2024 20:00;10.10.2024 21:00;101,19
10.10.2024 21:00;10.10.2024 22:00;90,41
10.10.2024 22:00;10.10.2024 23:00;83,16
10.10.2024 23:00;11.10.2024 00:00;69,93
11.10.2024 00:00;11.10.2024 01:00;79,96
11.10.2024 01:00;11.10.2024 02:00;73,21
11.10.2024 02:00;11.10.2024 03:00;71,7
11.10.2024 03:00;11.10.2024 04:00;67,91
11.10.2024 04:00;11.10.2024 05:00;69,56
11.10.2024 05:00;11.10.2024 06:00;73,39
11.10.2024 06:00;11.10.2024 07:00;99,95
11.10.2024 07:00;11.10.2024 08:00;140,41
11.10.2024 08:00;11.10.2024 09:00;155,49
11.10.2024 09:00;11.10.2024 10:00;110,01
11.10.2024 10:00;11.10.2024 11:00;90,0
11.10.2024 11:00;11.10.2024 12:00;72,35
11.10.2024 12:00;11.10.2024 13:00;61,65
11.10.2024 13:00;11.10.2024 14:00;57,17
11.10.2024 14:00;11.10.2024 15:00;59,56
11.10.2024 15:00;11.10.2024 16:00;66,96
11.10.2024 16:00;11.10.2024 17:00;73,35
11.10.2024 17:00;11.10.2024 18:00;112,78
11.10.2024 18:00;11.10.2024 19:00;167,86
11.10.2024 19:00;11.10.2024 20:00;174,24
11.10.2024 20:00;11.10.2024 21:00;121,31
11.10.2024 21:00;11.10.2024 22:00;99,79
11.10.2024 22:00;11.10.2024 23:00;98,41
11.10.2024 23:00;12.10.2024 00:00;87,83
12.10.2024 00:00;12.10.2024 01:00;90,09
12.10.2024 01:00;12.10.2024 02:00;79,42
12.10.2024 02:00;12.10.2024 03:00;75,58
12.10.2024 03:00;12.10.2024 04:00;75,02
12.10.2024 04:00;12.10.2024 05:00;71,92
12.10.2024 05:00;12.10.2024 06:00;67,9
12.10.2024 06:00;12.10.2024 07:00;71,63
12.10.2024 07:00;12.10.2024 08:00;68,73
12.10.2024 08:00;12.10.2024 09:00;68,91
12.10.2024 09:00;12.10.2024 10:00;41,82
12.10.2024 10:00;12.10.2024 11:00;35,3
12.10.2024 11:00;12.10.2024 12:00;34,28
12.10.2024 12:00;12.10.2024 13:00;24,79
12.10.2024 13:00;12.10.2024 14:00;14,33
12.10.2024 14:00;12.10.2024 15:00;23,34
12.10.2024 15:00;12.10.2024 16:00;46,35
12.10.2024 16:00;12.10.2024 17:00;63,18
12.10.2024 17:00;12.10.2024 18:00;76,02
12.10.2024 18:00;12.10.2024 19:00;80,86
12.10.2024 19:00;12.10.2024 20:00;77,62
12.10.2024 20:00;12.10.2024 21:00;60,19
12.10.2024 21:00;12.10.2024 22:00;45,42
12.10.2024 22:00;12.10.2024 23:00;34,87
12.10.2024 23:00;13.10.2024 00:00;25,37
13.10.2024 00:00;13.10.2024 01:00;0,0
13.10.2024 01:00;13.10.2024 02:00;-0,01
13.10.2024 02:00;13.10.2024 03:00;-0,07
13.10.2024 03:00;13.10.2024 04:00;-0,37
13.10.2024 04:00;13.10.2024 05:00;-0,51
13.10.2024 05:00;13.10.2024 06:00;-0,09
13.10.2024 06:00;13.10.2024 07:00;-0,3
13.10.2024 07:00;13.10.2024 08:00;-0,04
13.10.2024 08:00;13.10.2024 09:00;-0,07
13.10.2024 09:00;13.10.2024 10:00;-0,86
13.10.2024 10:00;13.10.2024 11:00;-0,64
13.10.2024 11:00;13.10.2024 12:00;-1,97
13.10.2024 12:00;13.10.2024 13:00;-7,49
13.10.2024 13:00;13.10.2024 14:00;-15,16
13.10.2024 14:00;13.10.2024 15:00;-15,69
13.10.2024 15:00;13.10.2024 16:00;-5,01
13.10.2024 16:00;13.10.2024 17:00;-1,99
13.10.2024 17:00;13.10.2024 18:00;0,06
13.10.2024 18:00;13.10.2024 19:00;35,83
13.10.2024 19:00;13.10.2024 20:00;54,05
13.10.2024 20:00;13.10.2024 21:00;39,51
13.10.2024 21:00;13.10.2024 22:00;38,43
13.10.2024 22:00;13.10.2024 23:00;40,13
13.10.2024 23:00;14.10.2024 00:00;36,81
14.10.2024 00:00;14.10.2024 01:00;37,1
14.10.2024 01:00;14.10.2024 02:00;35,25
14.10.2024 02:00;14.10.2024 03:00;35,17
14.10.2024 03:00;14.10.2024 04:00;34,36
14.10.2024 04:00;14.10.2024 05:00;39,33
14.10.2024 05:00;14.10.2024 06:00;62,2
14.10.2024 06:00;14.10.2024 07:00;98,74
14.10.2024 07:00;14.10.2024 08:00;132,89
14.10.2024 08:00;14.10.2024 09:00;153,61
14.10.2024 09:00;14.10.2024 10:00;117,94
14.10.2024 10:00;14.10.2024 11:00;100,95
14.10.2024 11:00;14.10.2024 12:00;95,53
14.10.2024 12:00;14.10.2024 13:00;88,36
14.10.2024 13:00;14.10.2024 14:00;82,6
14.10.2024 14:00;14.10.2024 15:00;74,16
14.10.2024 15:00;14.10.2024 16:00;87,08
14.10.2024 16:00;14.10.2024 17:00;105,79
14.10.2024 17:00;14.10.2024 18:00;159,59
14.10.2024 18:00;14.10.2024 19:00;257,1
14.10.2024 19:00;14.10.2024 20:00;269,74
14.10.2024 20:00;14.10.2024 21:00;158,0
14.10.2024 21:00;14.10.2024 22:00;114,12
14.10.2024 22:00;14.10.2024 23:00;99,66
14.10.2024 23:00;15.10.2024 00:00;94,8
15.10.2024 00:00;15.10.2024 01:00;91,23
15.10.2024 01:00;15.10.2024 02:00;86,49
15.10.2024 02:00;15.10.2024 03:00;88,35
15.10.2024 03:00;15.10.2024 04:00;84,04
15.10.2024 04:00;15.10.2024 05:00;80,8
15.10.2024 05:00;15.10.2024 06:00;89,51
15.10.2024 06:00;15.10.2024 07:00;114,53
15.10.2024 07:00;15.10.2024 08:00;185,39
15.10.2024 08:00;15.10.2024 09:00;176,61
15.10.2024 09:00;15.10.2024 10:00;110,54
15.10.2024 10:00;15.10.2024 11:00;92,75
15.10.2024 11:00;15.10.2024 12:00;83,05
15.10.2024 12:00;15.10.2024 13:00;78,47
15.10.2024 13:00;15.10.2024 14:00;71,75
15.10.2024 14:00;15.10.2024 15:00;75,9
15.10.2024 15:00;15.10.2024 16:00;83,36
15.10.2024 16:00;15.10.2024 17:00;89,03
15.10.2024 17:00;15.10.2024 18:00;120,69
15.10.2024 18:00;15.10.2024 19:00;136,79
15.10.2024 19:00;15.10.2024 20:00;97,31
15.10.2024 20:00;15.10.2024 21:00;76,26
15.10.2024 21:00;15.10.2024 22:00;66,65
15.10.2024 22:00;15.10.2024 23:00;59,65
15.10.2024 23:00;16.10.2024 00:00;40,78
16.10.2024 00:00;16.10.2024 01:00;23,35
16.10.2024 01:00;16.10.2024 02:00;12,8
16.10.2024 02:00;16.10.2024 03:00;5,3
16.10.2024 03:00;16.10.2024 04:00;3,61
16.10.2024 04:00;16.10.2024 05:00;3,16
16.10.2024 05:00;16.10.2024 06:00;8,2
16.10.2024 06:00;16.10.2024 07:00;42,59
16.10.2024 07:00;16.10.2024 08:00;67,29
16.10.2024 08:00;16.10.2024 09:00;66,52
16.10.2024 09:00;16.10.2024 10:00;54,29
16.10.2024 10:00;16.10.2024 11:00;26,68
16.10.2024 11:00;16.10.2024 12:00;14,16
16.10.2024 12:00;16.10.2024 13:00;4,09
16.10.2024 13:00;16.10.2024 14:00;2,04
16.10.2024 14:00;16.10.2024 15:00;4,0
16.10.2024 15:00;16.10.2024 16:00;14,18
16.10.2024 16:00;16.10.2024 17:00;54,92
16.10.2024 17:00;16.10.2024 18:00;72,95
16.10.2024 18:00;16.10.2024 19:00;84,47
16.10.2024 19:00;16.10.2024 20:00;88,38
16.10.2024 20:00;16.10.2024 21:00;65,31
16.10.2024 21:00;16.10.2024 22:00;61,86
16.10.2024 22:00;16.10.2024 23:00;35,14
16.10.2024 23:00;17.10.2024 00:00;26,54
17.10.2024 00:00;17.10.2024 01:00;17,04
17.10.2024 01:00;17.10.2024 02:00;12,15
17.10.2024 02:00;17.10.2024 03:00;10,48
17.10.2024 03:00;17.10.2024 04:00;5,61
17.10.2024 04:00;17.10.2024 05:00;10,01
17.10.2024 05:00;17.10.2024 06:00;29,8
17.10.2024 06:00;17.10.2024 07:00;70,51
17.10.2024 07:00;17.10.2024 08:00;101,39
17.10.2024 08:00;17.10.2024 09:00;92,53
17.10.2024 09:00;17.10.2024 10:00;73,76
17.10.2024 10:00;17.10.2024 11:00;62,22
17.10.2024 11:00;17.10.2024 12:00;52,02
17.10.2024 12:00;17.10.2024 13:00;46,54
17.10.2024 13:00;17.10.2024 14:00;47,52
17.10.2024 14:00;17.10.2024 15:00;60,04
17.10.2024 15:00;17.10.2024 16:00;63,55
17.10.2024 16:00;17.10.2024 17:00;92,68
17.10.2024 17:00;17.10.2024 18:00;123,6
17.10.2024 18:00;17.10.2024 19:00;186,21
17.10.2024 19:00;17.10.2024 20:00;172,19
17.10.2024 20:00;17.10.2024 21:00;117,5
17.10.2024 21:00;17.10.2024 22:00;97,81
17.10.2024 22:00;17.10.2024 23:00;89,05
17.10.2024 23:00;18.10.2024 00:00;82,21
18.10.2024 00:00;18.10.2024 01:00;80,95
18.10.2024 01:00;18.10.2024 02:00;81,16
18.10.2024 02:00;18.10.2024 03:00;82,73
18.10.2024 03:00;18.10.2024 04:00;78,84
18.10.2024 04:00;18.10.2024 05:00;81,19
18.10.2024 05:00;18.10.2024 06:00;84,34
18.10.2024 06:00;18.10.2024 07:00;98,89
18.10.2024 07:00;18.10.2024 08:00;149,78
18.10.2024 08:00;18.10.2024 09:00;156,24
18.10.2024 09:00;18.10.2024 10:00;111,0
18.10.2024 10:00;18.10.2024 11:00;95,76
18.10.2024 11:00;18.10.2024 12:00;85,3
18.10.2024 12:00;18.10.2024 13:00;82,96
18.10.2024 13:00;18.10.2024 14:00;80,2
18.10.2024 14:00;18.10.2024 15:00;81,19
18.10.2024 15:00;18.10.2024 16:00;84,34
18.10.2024 16:00;18.10.2024 17:00;103,29
18.10.2024 17:00;18.10.2024 18:00;133,67
18.10.2024 18:00;18.10.2024 19:00;181,28
18.10.2024 19:00;18.10.2024 20:00;142,58
18.10.2024 20:00;18.10.2024 21:00;103,25
18.10.2024 21:00;18.10.2024 22:00;96,83
18.10.2024 22:00;18.10.2024 23:00;93,26
18.10.2024 23:00;19.10.2024 00:00;85,54
19.10.2024 00:00;19.10.2024 01:00;87,06
19.10.2024 01:00;19.10.2024 02:00;83,03
19.10.2024 02:00;19.10.2024 03:00;79,91
19.10.2024 03:00;19.10.2024 04:00;75,26
19.10.2024 04:00;19.10.2024 05:00;75,87
19.10.2024 05:00;19.10.2024 06:00;76,77
19.10.2024 06:00;19.10.2024 07:00;80,0
19.10.2024 07:00;19.10.2024 08:00;91,91
19.10.2024 08:00;19.10.2024 09:00;89,66
19.10.2024 09:00;19.10.2024 10:00;84,6
19.10.2024 10:00;19.10.2024 11:00;78,8
19.10.2024 11:00;19.10.2024 12:00;73,32
19.10.2024 12:00;19.10.2024 13:00;66,16
19.10.2024 13:00;19.10.2024 14:00;60,96
19.10.2024 14:00;19.10.2024 15:00;63,89
19.10.2024 15:00;19.10.2024 16:00;79,07
19.10.2024 16:00;19.10.2024 17:00;98,09
19.10.2024 17:00;19.10.2024 18:00;109,14
19.10.2024 18:00;19.10.2024 19:00;135,82
19.10.2024 19:00;19.10.2024 20:00;118,93
19.10.2024 20:00;19.10.2024 21:00;96,8
19.10.2024 21:00;19.10.2024 22:00;90,18
19.10.2024 22:00;19.10.2024 23:00;83,83
19.10.2024 23:00;20.10.2024 00:00;73,33
20.10.2024 00:00;20.10.2024 01:00;55,57
20.10.2024 01:00;20.10.2024 02:00;54,9
20.10.2024 02:00;20.10.2024 03:00;57,23
20.10.2024 03:00;20.10.2024 04:00;59,82
20.10.2024 04:00;20.10.2024 05:00;62,92
20.10.2024 05:00;20.10.2024 06:00;66,91
20.10.2024 06:00;20.10.2024 07:00;64,23
20.10.2024 07:00;20.10.2024 08:00;75,32
20.10.2024 08:00;20.10.2024 09:00;68,28
20.10.2024 09:00;20.10.2024 10:00;45,75
20.10.2024 10:00;20.10.2024 11:00;6,37
20.10.2024 11:00;20.10.2024 12:00;0,08
20.10.2024 12:00;20.10.2024 13:00;0,0
20.10.2024 13:00;20.10.2024 14:00;-0,98
20.10.2024 14:00;20.10.2024 15:00;-2,01
20.10.2024 15:00;20.10.2024 16:00;0,0
20.10.2024 16:00;20.10.2024 17:00;5,1
20.10.2024 17:00;20.10.2024 18:00;57,69
20.10.2024 18:00;20.10.2024 19:00;60,7
20.10.2024 19:00;20.10.2024 20:00;45,08
20.10.2024 20:00;20.10.2024 21:00;34,35
20.10.2024 21:00;20.10.2024 22:00;20,95
20.10.2024 22:00;20.10.2024 23:00;12,15
20.10.2024 23:00;21.10.2024 00:00;1,93
21.10.2024 00:00;21.10.2024 01:00;-0,1
21.10.2024 01:00;21.10.2024 02:00;-0,1
21.10.2024 02:00;21.10.2024 03:00;-0,14
21.10.2024 03:00;21.10.2024 04:00;-0,08
21.10.2024 04:00;21.10.2024 05:00;-0,04
21.10.2024 05:00;21.10.2024 06:00;3,45
21.10.2024 06:00;21.10.2024 07:00;66,6
21.10.2024 07:00;21.10.2024 08:00;104,98
21.10.2024 08:00;21.10.2024 09:00;120,39
21.10.2024 09:00;21.10.2024 10:00;103,9
21.10.2024 10:00;21.10.2024 11:00;89,04
21.10.2024 11:00;21.10.2024 12:00;81,03
21.10.2024 12:00;21.10.2024 13:00;73,19
21.10.2024 13:00;21.10.2024 14:00;81,36
21.10.2024 14:00;21.10.2024 15:00;81,65
21.10.2024 15:00;21.10.2024 16:00;98,59
21.10.2024 16:00;21.10.2024 17:00;123,5
21.10.2024 17:00;21.10.2024 18:00;131,54
21.10.2024 18:00;21.10.2024 19:00;222,11
21.10.2024 19:00;21.10.2024 20:00;190,87
21.10.2024 20:00;21.10.2024 21:00;128,44
21.10.2024 21:00;21.10.2024 22:00;102,0
21.10.2024 22:00;21.10.2024 23:00;97,8
21.10.2024 23:00;22.10.2024 00:00;92,97
22.10.2024 00:00;22.10.2024 01:00;91,67
22.10.2024 01:00;22.10.2024 02:00;89,43
22.10.2024 02:00;22.10.2024 03:00;85,69
22.10.2024 03:00;22.10.2024 04:00;83,6
22.10.2024 04:00;22.10.2024 05:00;83,19
22.10.2024 05:00;22.10.2024 06:00;89,95
22.10.2024 06:00;22.10.2024 07:00;100,58
22.10.2024 07:00;22.10.2024 08:00;156,09
22.10.2024 08:00;22.10.2024 09:00;170,12
22.10.2024 09:00;22.10.2024 10:00;113,44
22.10.2024 10:00;22.10.2024 11:00;99,22
22.10.2024 11:00;22.10.2024 12:00;87,75
22.10.2024 12:00;22.10.2024 13:00;77,11
22.10.2024 13:00;22.10.2024 14:00;70,88
22.10.2024 14:00;22.10.2024 15:00;73,53
22.10.2024 15:00;22.10.2024 16:00;87,08
22.10.2024 16:00;22.10.2024 17:00;107,45
22.10.2024 17:00;22.10.2024 18:00;109,97
22.10.2024 18:00;22.10.2024 19:00;140,36
22.10.2024 19:00;22.10.2024 20:00;157,75
22.10.2024 20:00;22.10.2024 21:00;114,02
22.10.2024 21:00;22.10.2024 22:00;99,4
22.10.2024 22:00;22.10.2024 23:00;95,72
22.10.2024 23:00;23.10.2024 00:00;88,35
23.10.2024 00:00;23.10.2024 01:00;80,83
23.10.2024 01:00;23.10.2024 02:00;83,23
23.10.2024 02:00;23.10.2024 03:00;82,02
23.10.2024 03:00;23.10.2024 04:00;83,21
23.10.2024 04:00;23.10.2024 05:00;85,8
23.10.2024 05:00;23.10.2024 06:00;93,6
23.10.2024 06:00;23.10.2024 07:00;108,19
23.10.2024 07:00;23.10.2024 08:00;172,79
23.10.2024 08:00;23.10.2024 09:00;183,13
23.10.2024 09:00;23.10.2024 10:00;128,42
23.10.2024 10:00;23.10.2024 11:00;104,1
23.10.2024 11:00;23.10.2024 12:00;93,86
23.10.2024 12:00;23.10.2024 13:00;85,62
23.10.2024 13:00;23.10.2024 14:00;80,99
23.10.2024 14:00;23.10.2024 15:00;78,97
23.10.2024 15:00;23.10.2024 16:00;88,62
23.10.2024 16:00;23.10.2024 17:00;101,9
23.10.2024 17:00;23.10.2024 18:00;147,15
23.10.2024 18:00;23.10.2024 19:00;218,18
23.10.2024 19:00;23.10.2024 20:00;177,6
23.10.2024 20:00;23.10.2024 21:00;111,71
23.10.2024 21:00;23.10.2024 22:00;101,51
23.10.2024 22:00;23.10.2024 23:00;103,33
23.10.2024 23:00;24.10.2024 00:00;93,16
24.10.2024 00:00;24.10.2024 01:00;91,75
24.10.2024 01:00;24.10.2024 02:00;82,42
24.10.2024 02:00;24.10.2024 03:00;80,67
24.10.2024 03:00;24.10.2024 04:00;80,29
24.10.2024 04:00;24.10.2024 05:00;80,45
24.10.2024 05:00;24.10.2024 06:00;83,82
24.10.2024 06:00;24.10.2024 07:00;103,21
24.10.2024 07:00;24.10.2024 08:00;148,29
24.10.2024 08:00;24.10.2024 09:00;171,27
24.10.2024 09:00;24.10.2024 10:00;117,3
24.10.2024 10:00;24.10.2024 11:00;101,91
24.10.2024 11:00;24.10.2024 12:00;93,05
24.10.2024 12:00;24.10.2024 13:00;83,96
24.10.2024 13:00;24.10.2024 14:00;79,15
24.10.2024 14:00;24.10.2024 15:00;81,51
24.10.2024 15:00;24.10.2024 16:00;95,7
24.10.2024 16:00;24.10.2024 17:00;116,17
24.10.2024 17:00;24.10.2024 18:00;129,9
24.10.2024 18:00;24.10.2024 19:00;141,53
24.10.2024 19:00;24.10.2024 20:00;114,19
24.10.2024 20:00;24.10.2024 21:00;96,61
24.10.2024 21:00;24.10.2024 22:00;93,64
24.10.2024 22:00;24.10.2024 23:00;89,9
24.10.2024 23:00;25.10.2024 00:00;83,61
25.10.2024 00:00;25.10.2024 01:00;82,5
25.10.2024 01:00;25.10.2024 02:00;82,07
25.10.2024 02:00;25.10.2024 03:00;79,69
25.10.2024 03:00;25.10.2024 04:00;82,6
25.10.2024 04:00;25.10.2024 05:00;84,47
25.10.2024 05:00;25.10.2024 06:00;94,59
25.10.2024 06:00;25.10.2024 07:00;108,94
25.10.2024 07:00;25.10.2024 08:00;123,75
25.10.2024 08:00;25.10.2024 09:00;150,59
25.10.2024 09:00;25.10.2024 10:00;122,43
25.10.2024 10:00;25.10.2024 11:00;108,15
25.10.2024 11:00;25.10.2024 12:00;93,9
25.10.2024 12:00;25.10.2024 13:00;81,08
25.10.2024 13:00;25.10.2024 14:00;78,18
25.10.2024 14:00;25.10.2024 15:00;82,47
25.10.2024 15:00;25.10.2024 16:00;99,33
25.10.2024 16:00;25.10.2024 17:00;118,03
25.10.2024 17:00;25.10.2024 18:00;158,73
25.10.2024 18:00;25.10.2024 19:00;227,32
25.10.2024 19:00;25.10.2024 20:00;184,85
25.10.2024 20:00;25.10.2024 21:00;123,86
25.10.2024 21:00;25.10.2024 22:00;116,29
25.10.2024 22:00;25.10.2024 23:00;113,96
25.10.2024 23:00;26.10.2024 00:00;107,4
26.10.2024 00:00;26.10.2024 01:00;115,29
26.10.2024 01:00;26.10.2024 02:00;109,64
26.10.2024 02:00;26.10.2024 03:00;106,95
26.10.2024 03:00;26.10.2024 04:00;107,79
26.10.2024 04:00;26.10.2024 05:00;105,7
26.10.2024 05:00;26.10.2024 06:00;106,82
26.10.2024 06:00;26.10.2024 07:00;113,93
26.10.2024 07:00;26.10.2024 08:00;125,71
26.10.2024 08:00;26.10.2024 09:00;126,0
26.10.2024 09:00;26.10.2024 10:00;117,57
26.10.2024 10:00;26.10.2024 11:00;101,39
26.10.2024 11:00;26.10.2024 12:00;81,48
26.10.2024 12:00;26.10.2024 13:00;68,35
26.10.2024 13:00;26.10.2024 14:00;63,3
26.10.2024 14:00;26.10.2024 15:00;64,55
26.10.2024 15:00;26.10.2024 16:00;81,44
26.10.2024 16:00;26.10.2024 17:00;100,6
26.10.2024 17:00;26.10.2024 18:00;125,73
26.10.2024 18:00;26.10.2024 19:00;150,9
26.10.2024 19:00;26.10.2024 20:00;118,74
26.10.2024 20:00;26.10.2024 21:00;96,48
26.10.2024 21:00;26.10.2024 22:00;88,76
26.10.2024 22:00;26.10.2024 23:00;87,5
26.10.2024 23:00;27.10.2024 00:00;76,63
27.10.2024 00:00;27.10.2024 01:00;92,22
27.10.2024 01:00;27.10.2024 02:00;84,0
27.10.2024 02:00;27.10.2024 03:00;82,23
27.10.2024 03:00;27.10.2024 04:00;79,41
27.10.2024 04:00;27.10.2024 05:00;78,79
27.10.2024 05:00;27.10.2024 06:00;85,14
27.10.2024 06:00;27.10.2024 07:00;89,21
27.10.2024 07:00;27.10.2024 08:00;88,05
27.10.2024 08:00;27.10.2024 09:00;84,34
27.10.2024 09:00;27.10.2024 10:00;66,48
27.10.2024 10:00;27.10.2024 11:00;54,72
27.10.2024 11:00;27.10.2024 12:00;42,5
27.10.2024 12:00;27.10.2024 13:00;39,99
27.10.2024 13:00;27.10.2024 14:00;40,0
27.10.2024 14:00;27.10.2024 15:00;64,33
27.10.2024 15:00;27.10.2024 16:00;111,53
27.10.2024 16:00;27.10.2024 17:00;123,67
27.10.2024 17:00;27.10.2024 18:00;148,3
27.10.2024 18:00;27.10.2024 19:00;145,71
27.10.2024 19:00;27.10.2024 20:00;130,47
27.10.2024 20:00;27.10.2024 21:00;118,15
27.10.2024 21:00;27.10.2024 22:00;112,01
27.10.2024 22:00;27.10.2024 23:00;113,68
27.10.2024 23:00;28.10.2024 00:00;102,99
28.10.2024 00:00;28.10.2024 01:00;95,6
28.10.2024 01:00;28.10.2024 02:00;94,37
28.10.2024 02:00;28.10.2024 03:00;88,74
28.10.2024 03:00;28.10.2024 04:00;84,09
28.10.2024 04:00;28.10.2024 05:00;86,26
28.10.2024 05:00;28.10.2024 06:00;99,93
28.10.2024 06:00;28.10.2024 07:00;109,92
28.10.2024 07:00;28.10.2024 08:00;130,01
28.10.2024 08:00;28.10.2024 09:00;127,38
28.10.2024 09:00;28.10.2024 10:00;116,18
28.10.2024 10:00;28.10.2024 11:00;97,61
28.10.2024 11:00;28.10.2024 12:00;98,31
28.10.2024 12:00;28.10.2024 13:00;94,93
28.10.2024 13:00;28.10.2024 14:00;101,33
28.10.2024 14:00;28.10.2024 15:00;113,93
28.10.2024 15:00;28.10.2024 16:00;121,36
28.10.2024 16:00;28.10.2024 17:00;124,2
28.10.2024 17:00;28.10.2024 18:00;141,11
28.10.2024 18:00;28.10.2024 19:00;148,8
28.10.2024 19:00;28.10.2024 20:00;146,12
28.10.2024 20:00;28.10.2024 21:00;124,19
28.10.2024 21:00;28.10.2024 22:00;115,59
28.10.2024 22:00;28.10.2024 23:00;109,96
28.10.2024 23:00;29.10.2024 00:00;102,41
29.10.2024 00:00;29.10.2024 01:00;101,34
29.10.2024 01:00;29.10.2024 02:00;100,04
29.10.2024 02:00;29.10.2024 03:00;98,83
29.10.2024 03:00;29.10.2024 04:00;98,17
29.10.2024 04:00;29.10.2024 05:00;100,02
29.10.2024 05:00;29.10.2024 06:00;113,1
29.10.2024 06:00;29.10.2024 07:00;127,38
29.10.2024 07:00;29.10.2024 08:00;157,73
29.10.2024 08:00;29.10.2024 09:00;151,32
29.10.2024 09:00;29.10.2024 10:00;129,69
29.10.2024 10:00;29.10.2024 11:00;120,7
29.10.2024 11:00;29.10.2024 12:00;112,97
29.10.2024 12:00;29.10.2024 13:00;105,45
29.10.2024 13:00;29.10.2024 14:00;117,73
29.10.2024 14:00;29.10.2024 15:00;135,94
29.10.2024 15:00;29.10.2024 16:00;172,26
29.10.2024 16:00;29.10.2024 17:00;212,72
29.10.2024 17:00;29.10.2024 18:00;285,8
29.10.2024 18:00;29.10.2024 19:00;257,44
29.10.2024 19:00;29.10.2024 20:00;203,82
29.10.2024 20:00;29.10.2024 21:00;140,6
29.10.2024 21:00;29.10.2024 22:00;124,05
29.10.2024 22:00;29.10.2024 23:00;118,08
29.10.2024 23:00;30.10.2024 00:00;103,09
30.10.2024 00:00;30.10.2024 01:00;100,71
30.10.2024 01:00;30.10.2024 02:00;100,52
30.10.2024 02:00;30.10.2024 03:00;98,16
30.10.2024 03:00;30.10.2024 04:00;98,05
30.10.2024 04:00;30.10.2024 05:00;100,56
30.10.2024 05:00;30.10.2024 06:00;106,32
30.10.2024 06:00;30.10.2024 07:00;123,54
30.10.2024 07:00;30.10.2024 08:00;139,68
30.10.2024 08:00;30.10.2024 09:00;138,91
30.10.2024 09:00;30.10.2024 10:00;124,34
30.10.2024 10:00;30.10.2024 11:00;115,0
30.10.2024 11:00;30.10.2024 12:00;109,68
30.10.2024 12:00;30.10.2024 13:00;102,53
30.10.2024 13:00;30.10.2024 14:00;106,95
30.10.2024 14:00;30.10.2024 15:00;111,31
30.10.2024 15:00;30.10.2024 16:00;126,16
30.10.2024 16:00;30.10.2024 17:00;160,0
30.10.2024 17:00;30.10.2024 18:00;193,88
30.10.2024 18:00;30.10.2024 19:00;192,89
30.10.2024 19:00;30.10.2024 20:00;159,44
30.10.2024 20:00;30.10.2024 21:00;133,56
30.10.2024 21:00;30.10.2024 22:00;122,67
30.10.2024 22:00;30.10.2024 23:00;115,34
30.10.2024 23:00;31.10.2024 00:00;112,37
31.10.2024 00:00;31.10.2024 01:00;105,16
31.10.2024 01:00;31.10.2024 02:00;98,51
31.10.2024 02:00;31.10.2024 03:00;96,58
31.10.2024 03:00;31.10.2024 04:00;94,81
31.10.2024 04:00;31.10.2024 05:00;98,03
31.10.2024 05:00;31.10.2024 06:00;102,34
31.10.2024 06:00;31.10.2024 07:00;121,15
31.10.2024 07:00;31.10.2024 08:00;135,53
31.10.2024 08:00;31.10.2024 09:00;133,47
31.10.2024 09:00;31.10.2024 10:00;123,28
31.10.2024 10:00;31.10.2024 11:00;105,14
31.10.2024 11:00;31.10.2024 12:00;98,05
31.10.2024 12:00;31.10.2024 13:00;88,91
31.10.2024 13:00;31.10.2024 14:00;92,55
31.10.2024 14:00;31.10.2024 15:00;99,38
31.10.2024 15:00;31.10.2024 16:00;111,5
31.10.2024 16:00;31.10.2024 17:00;123,17
31.10.2024 17:00;31.10.2024 18:00;129,0
31.10.2024 18:00;31.10.2024 19:00;128,41
31.10.2024 19:00;31.10.2024 20:00;117,84
31.10.2024 20:00;31.10.2024 21:00;105,8
31.10.2024 21:00;31.10.2024 22:00;85,34
31.10.2024 22:00;31.10.2024 23:00;80,44
31.10.2024 23:00;01.11.2024 00:00;64,56
01.11.2024 00:00;01.11.2024 01:00;63,34
01.11.2024 01:00;01.11.2024 02:00;62,95
01.11.2024 02:00;01.11.2024 03:00;57,1
01.11.2024 03:00;01.11.2024 04:00;54,54
01.11.2024 04:00;01.11.2024 05:00;56,99
01.11.2024 05:00;01.11.2024 06:00;63,21
01.11.2024 06:00;01.11.2024 07:00;69,68
01.11.2024 07:00;01.11.2024 08:00;70,35
01.11.2024 08:00;01.11.2024 09:00;64,18
01.11.2024 09:00;01.11.2024 10:00;61,2
01.11.2024 10:00;01.11.2024 11:00;55,01
01.11.2024 11:00;01.11.2024 12:00;32,04
01.11.2024 12:00;01.11.2024 13:00;29,49
01.11.2024 13:00;01.11.2024 14:00;34,9
01.11.2024 14:00;01.11.2024 15:00;63,83
01.11.2024 15:00;01.11.2024 16:00;89,33
01.11.2024 16:00;01.11.2024 17:00;115,98
01.11.2024 17:00;01.11.2024 18:00;119,87
01.11.2024 18:00;01.11.2024 19:00;117,97
01.11.2024 19:00;01.11.2024 20:00;117,59
01.11.2024 20:00;01.11.2024 21:00;113,2
01.11.2024 21:00;01.11.2024 22:00;104,64
01.11.2024 22:00;01.11.2024 23:00;98,41
01.11.2024 23:00;02.11.2024 00:00;85,64
02.11.2024 00:00;02.11.2024 01:00;95,75
02.11.2024 01:00;02.11.2024 02:00;91,31
02.11.2024 02:00;02.11.2024 03:00;88,76
02.11.2024 03:00;02.11.2024 04:00;86,0
02.11.2024 04:00;02.11.2024 05:00;86,85
02.11.2024 05:00;02.11.2024 06:00;92,13
02.11.2024 06:00;02.11.2024 07:00;96,97
02.11.2024 07:00;02.11.2024 08:00;100,11
02.11.2024 08:00;02.11.2024 09:00;101,16
02.11.2024 09:00;02.11.2024 10:00;109,64
02.11.2024 10:00;02.11.2024 11:00;91,19
02.11.2024 11:00;02.11.2024 12:00;94,44
02.11.2024 12:00;02.11.2024 13:00;88,68
02.11.2024 13:00;02.11.2024 14:00;91,51
02.11.2024 14:00;02.11.2024 15:00;103,42
02.11.2024 15:00;02.11.2024 16:00;122,3
02.11.2024 16:00;02.11.2024 17:00;137,61
02.11.2024 17:00;02.11.2024 18:00;158,56
02.11.2024 18:00;02.11.2024 19:00;149,92
02.11.2024 19:00;02.11.2024 20:00;134,96
02.11.2024 20:00;02.11.2024 21:00;122,79
02.11.2024 21:00;02.11.2024 22:00;111,26
02.11.2024 22:00;02.11.2024 23:00;106,28
02.11.2024 23:00;03.11.2024 00:00;100,61
03.11.2024 00:00;03.11.2024 01:00;101,19
03.11.2024 01:00;03.11.2024 02:00;96,63
03.11.2024 02:00;03.11.2024 03:00;89,05
03.11.2024 03:00;03.11.2024 04:00;85,09
03.11.2024 04:00;03.11.2024 05:00;87,43
03.11.2024 05:00;03.11.2024 06:00;88,5
03.11.2024 06:00;03.11.2024 07:00;95,56
03.11.2024 07:00;03.11.2024 08:00;98,11
03.11.2024 08:00;03.11.2024 09:00;88,47
03.11.2024 09:00;03.11.2024 10:00;83,97
03.11.2024 10:00;03.11.2024 11:00;70,71
03.11.2024 11:00;03.11.2024 12:00;60,78
03.11.2024 12:00;03.11.2024 13:00;52,63
03.11.2024 13:00;03.11.2024 14:00;61,08
03.11.2024 14:00;03.11.2024 15:00;84,37
03.11.2024 15:00;03.11.2024 16:00;100,95
03.11.2024 16:00;03.11.2024 17:00;115,16
03.11.2024 17:00;03.11.2024 18:00;127,91
03.11.2024 18:00;03.11.2024 19:00;126,09
03.11.2024 19:00;03.11.2024 20:00;120,72
03.11.2024 20:00;03.11.2024 21:00;110,8
03.11.2024 21:00;03.11.2024 22:00;102,0
03.11.2024 22:00;03.11.2024 23:00;100,69
03.11.2024 23:00;04.11.2024 00:00;94,53
04.11.2024 00:00;04.11.2024 01:00;92,04
04.11.2024 01:00;04.11.2024 02:00;89,96
04.11.2024 02:00;04.11.2024 03:00;90,07
04.11.2024 03:00;04.11.2024 04:00;89,86
04.11.2024 04:00;04.11.2024 05:00;90,8
04.11.2024 05:00;04.11.2024 06:00;98,52
04.11.2024 06:00;04.11.2024 07:00;124,89
04.11.2024 07:00;04.11.2024 08:00;144,91
04.11.2024 08:00;04.11.2024 09:00;139,18
04.11.2024 09:00;04.11.2024 10:00;120,63
04.11.2024 10:00;04.11.2024 11:00;100,0
04.11.2024 11:00;04.11.2024 12:00;97,12
04.11.2024 12:00;04.11.2024 13:00;95,16
04.11.2024 13:00;04.11.2024 14:00;98,47
04.11.2024 14:00;04.11.2024 15:00;103,17
04.11.2024 15:00;04.11.2024 16:00;130,4
04.11.2024 16:00;04.11.2024 17:00;181,47
04.11.2024 17:00;04.11.2024 18:00;290,21
04.11.2024 18:00;04.11.2024 19:00;241,04
04.11.2024 19:00;04.11.2024 20:00;162,09
04.11.2024 20:00;04.11.2024 21:00;123,0
04.11.2024 21:00;04.11.2024 22:00;112,27
04.11.2024 22:00;04.11.2024 23:00;107,98
04.11.2024 23:00;05.11.2024 00:00;97,6
05.11.2024 00:00;05.11.2024 01:00;101,77
05.11.2024 01:00;05.11.2024 02:00;94,0
05.11.2024 02:00;05.11.2024 03:00;91,2
05.11.2024 03:00;05.11.2024 04:00;93,0
05.11.2024 04:00;05.11.2024 05:00;95,39
05.11.2024 05:00;05.11.2024 06:00;104,88
05.11.2024 06:00;05.11.2024 07:00;127,95
05.11.2024 07:00;05.11.2024 08:00;149,32
05.11.2024 08:00;05.11.2024 09:00;139,15
05.11.2024 09:00;05.11.2024 10:00;118,23
05.11.2024 10:00;05.11.2024 11:00;105,87
05.11.2024 11:00;05.11.2024 12:00;95,28
05.11.2024 12:00;05.11.2024 13:00;94,92
05.11.2024 13:00;05.11.2024 14:00;99,25
05.11.2024 14:00;05.11.2024 15:00;110,35
05.11.2024 15:00;05.11.2024 16:00;155,99
05.11.2024 16:00;05.11.2024 17:00;331,83
05.11.2024 17:00;05.11.2024 18:00;505,31
05.11.2024 18:00;05.11.2024 19:00;468,74
05.11.2024 19:00;05.11.2024 20:00;341,7
05.11.2024 20:00;05.11.2024 21:00;172,14
05.11.2024 21:00;05.11.2024 22:00;130,77
05.11.2024 22:00;05.11.2024 23:00;117,77
05.11.2024 23:00;06.11.2024 00:00;110,03
06.11.2024 00:00;06.11.2024 01:00;106,39
06.11.2024 01:00;06.11.2024 02:00;99,05
06.11.2024 02:00;06.11.2024 03:00;95,47
06.11.2024 03:00;06.11.2024 04:00;97,04
06.11.2024 04:00;06.11.2024 05:00;100,51
06.11.2024 05:00;06.11.2024 06:00;110,25
06.11.2024 06:00;06.11.2024 07:00;163,4
06.11.2024 07:00;06.11.2024 08:00;299,99
06.11.2024 08:00;06.11.2024 09:00;240,54
06.11.2024 09:00;06.11.2024 10:00;144,94
06.11.2024 10:00;06.11.2024 11:00;133,46
06.11.2024 11:00;06.11.2024 12:00;123,2
06.11.2024 12:00;06.11.2024 13:00;123,2
06.11.2024 13:00;06.11.2024 14:00;125,55
06.11.2024 14:00;06.11.2024 15:00;141,76
06.11.2024 15:00;06.11.2024 16:00;270,09
06.11.2024 16:00;06.11.2024 17:00;524,25
06.11.2024 17:00;06.11.2024 18:00;820,11
06.11.2024 18:00;06.11.2024 19:00;805,08
06.11.2024 19:00;06.11.2024 20:00;450,0
06.11.2024 20:00;06.11.2024 21:00;207,35
06.11.2024 21:00;06.11.2024 22:00;133,48
06.11.2024 22:00;06.11.2024 23:00;119,35
06.11.2024 23:00;07.11.2024 00:00;111,73
07.11.2024 00:00;07.11.2024 01:00;109,54
07.11.2024 01:00;07.11.2024 02:00;102,98
07.11.2024 02:00;07.11.2024 03:00;99,74
07.11.2024 03:00;07.11.2024 04:00;99,85
07.11.2024 04:00;07.11.2024 05:00;102,73
07.11.2024 05:00;07.11.2024 06:00;116,89
07.11.2024 06:00;07.11.2024 07:00;157,41
07.11.2024 07:00;07.11.2024 08:00;219,56
07.11.2024 08:00;07.11.2024 09:00;191,99
07.11.2024 09:00;07.11.2024 10:00;152,92
07.11.2024 10:00;07.11.2024 11:00;148,9
07.11.2024 11:00;07.11.2024 12:00;134,81
07.11.2024 12:00;07.11.2024 13:00;135,06
07.11.2024 13:00;07.11.2024 14:00;132,91
07.11.2024 14:00;07.11.2024 15:00;139,94
07.11.2024 15:00;07.11.2024 16:00;189,42
07.11.2024 16:00;07.11.2024 17:00;261,16
07.11.2024 17:00;07.11.2024 18:00;408,26
07.11.2024 18:00;07.11.2024 19:00;296,78
07.11.2024 19:00;07.11.2024 20:00;175,11
07.11.2024 20:00;07.11.2024 21:00;129,41
07.11.2024 21:00;07.11.2024 22:00;113,92
07.11.2024 22:00;07.11.2024 23:00;111,77
07.11.2024 23:00;08.11.2024 00:00;99,87
08.11.2024 00:00;08.11.2024 01:00;99,57
08.11.2024 01:00;08.11.2024 02:00;99,73
08.11.2024 02:00;08.11.2024 03:00;97,97
08.11.2024 03:00;08.11.2024 04:00;97,69
08.11.2024 04:00;08.11.2024 05:00;97,45
08.11.2024 05:00;08.11.2024 06:00;98,21
08.11.2024 06:00;08.11.2024 07:00;107,19
08.11.2024 07:00;08.11.2024 08:00;127,55
08.11.2024 08:00;08.11.2024 09:00;132,91
08.11.2024 09:00;08.11.2024 10:00;126,52
08.11.2024 10:00;08.11.2024 11:00;117,34
08.11.2024 11:00;08.11.2024 12:00;110,94
08.11.2024 12:00;08.11.2024 13:00;105,59
08.11.2024 13:00;08.11.2024 14:00;106,81
08.11.2024 14:00;08.11.2024 15:00;112,25
08.11.2024 15:00;08.11.2024 16:00;123,59
08.11.2024 16:00;08.11.2024 17:00;129,1
08.11.2024 17:00;08.11.2024 18:00;128,56
08.11.2024 18:00;08.11.2024 19:00;132,9
08.11.2024 19:00;08.11.2024 20:00;127,19
08.11.2024 20:00;08.11.2024 21:00;115,74
08.11.2024 21:00;08.11.2024 22:00;109,48
08.11.2024 22:00;08.11.2024 23:00;113,0
08.11.2024 23:00;09.11.2024 00:00;104,06
09.11.2024 00:00;09.11.2024 01:00;105,1
09.11.2024 01:00;09.11.2024 02:00;99,96
09.11.2024 02:00;09.11.2024 03:00;98,0
09.11.2024 03:00;09.11.2024 04:00;96,68
09.11.2024 04:00;09.11.2024 05:00;98,41
09.11.2024 05:00;09.11.2024 06:00;100,69
09.11.2024 06:00;09.11.2024 07:00;104,31
09.11.2024 07:00;09.11.2024 08:00;109,87
09.11.2024 08:00;09.11.2024 09:00;114,1
09.11.2024 09:00;09.11.2024 10:00;114,6
09.11.2024 10:00;09.11.2024 11:00;109,97
09.11.2024 11:00;09.11.2024 12:00;106,4
09.11.2024 12:00;09.11.2024 13:00;106,88
09.11.2024 13:00;09.11.2024 14:00;108,0
09.11.2024 14:00;09.11.2024 15:00;110,18
09.11.2024 15:00;09.11.2024 16:00;121,46
09.11.2024 16:00;09.11.2024 17:00;137,23
09.11.2024 17:00;09.11.2024 18:00;146,93
09.11.2024 18:00;09.11.2024 19:00;147,8
09.11.2024 19:00;09.11.2024 20:00;139,9
09.11.2024 20:00;09.11.2024 21:00;128,32
09.11.2024 21:00;09.11.2024 22:00;117,96
09.11.2024 22:00;09.11.2024 23:00;114,53
09.11.2024 23:00;10.11.2024 00:00;110,1
10.11.2024 00:00;10.11.2024 01:00;104,99
10.11.2024 01:00;10.11.2024 02:00;102,28
10.11.2024 02:00;10.11.2024 03:00;102,01
10.11.2024 03:00;10.11.2024 04:00;100,86
10.11.2024 04:00;10.11.2024 05:00;100,88
10.11.2024 05:00;10.11.2024 06:00;101,98
10.11.2024 06:00;10.11.2024 07:00;100,32
10.11.2024 07:00;10.11.2024 08:00;102,45
10.11.2024 08:00;10.11.2024 09:00;105,38
10.11.2024 09:00;10.11.2024 10:00;110,99
10.11.2024 10:00;10.11.2024 11:00;112,62
10.11.2024 11:00;10.11.2024 12:00;110,13
10.11.2024 12:00;10.11.2024 13:00;110,92
10.11.2024 13:00;10.11.2024 14:00;108,6
10.11.2024 14:00;10.11.2024 15:00;112,36
10.11.2024 15:00;10.11.2024 16:00;126,22
10.11.2024 16:00;10.11.2024 17:00;134,02
10.11.2024 17:00;10.11.2024 18:00;148,72
10.11.2024 18:00;10.11.2024 19:00;146,01
10.11.2024 19:00;10.11.2024 20:00;138,61
10.11.2024 20:00;10.11.2024 21:00;125,31
10.11.2024 21:00;10.11.2024 22:00;115,28
10.11.2024 22:00;10.11.2024 23:00;111,1
10.11.2024 23:00;11.11.2024 00:00;108,02
11.11.2024 00:00;11.11.2024 01:00;109,65
11.11.2024 01:00;11.11.2024 02:00;103,68
11.11.2024 02:00;11.11.2024 03:00;100,0
11.11.2024 03:00;11.11.2024 04:00;97,86
11.11.2024 04:00;11.11.2024 05:00;97,5
11.11.2024 05:00;11.11.2024 06:00;103,89
11.11.2024 06:00;11.11.2024 07:00;115,69
11.11.2024 07:00;11.11.2024 08:00;128,35
11.11.2024 08:00;11.11.2024 09:00;135,06
11.11.2024 09:00;11.11.2024 10:00;132,94
11.11.2024 10:00;11.11.2024 11:00;128,5
11.11.2024 11:00;11.11.2024 12:00;124,21
11.11.2024 12:00;11.11.2024 13:00;119,84
11.11.2024 13:00;11.11.2024 14:00;129,02
11.11.2024 14:00;11.11.2024 15:00;130,44
11.11.2024 15:00;11.11.2024 16:00;139,05
11.11.2024 16:00;11.11.2024 17:00;140,94
11.11.2024 17:00;11.11.2024 18:00;153,18
11.11.2024 18:00;11.11.2024 19:00;147,09
11.11.2024 19:00;11.11.2024 20:00;133,7
11.11.2024 20:00;11.11.2024 21:00;121,94
11.11.2024 21:00;11.11.2024 22:00;112,88
11.11.2024 22:00;11.11.2024 23:00;111,56
11.11.2024 23:00;12.11.2024 00:00;105,4
12.11.2024 00:00;12.11.2024 01:00;110,31
12.11.2024 01:00;12.11.2024 02:00;104,64
12.11.2024 02:00;12.11.2024 03:00;102,69
12.11.2024 03:00;12.11.2024 04:00;103,99
12.11.2024 04:00;12.11.2024 05:00;107,5
12.11.2024 05:00;12.11.2024 06:00;118,01
12.11.2024 06:00;12.11.2024 07:00;147,67
12.11.2024 07:00;12.11.2024 08:00;185,52
12.11.2024 08:00;12.11.2024 09:00;201,64
12.11.2024 09:00;12.11.2024 10:00;223,33
12.11.2024 10:00;12.11.2024 11:00;190,24
12.11.2024 11:00;12.11.2024 12:00;171,08
12.11.2024 12:00;12.11.2024 13:00;161,59
12.11.2024 13:00;12.11.2024 14:00;156,47
12.11.2024 14:00;12.11.2024 15:00;174,37
12.11.2024 15:00;12.11.2024 16:00;218,78
12.11.2024 16:00;12.11.2024 17:00;272,73
12.11.2024 17:00;12.11.2024 18:00;317,89
12.11.2024 18:00;12.11.2024 19:00;225,33
12.11.2024 19:00;12.11.2024 20:00;171,35
12.11.2024 20:00;12.11.2024 21:00;149,12
12.11.2024 21:00;12.11.2024 22:00;131,9
12.11.2024 22:00;12.11.2024 23:00;125,21
12.11.2024 23:00;13.11.2024 00:00;115,59
13.11.2024 00:00;13.11.2024 01:00;117,15
13.11.2024 01:00;13.11.2024 02:00;111,71
13.11.2024 02:00;13.11.2024 03:00;107,85
13.11.2024 03:00;13.11.2024 04:00;107,45
13.11.2024 04:00;13.11.2024 05:00;110,63
13.11.2024 05:00;13.11.2024 06:00;119,0
13.11.2024 06:00;13.11.2024 07:00;131,1
13.11.2024 07:00;13.11.2024 08:00;164,78
13.11.2024 08:00;13.11.2024 09:00;225,45
13.11.2024 09:00;13.11.2024 10:00;227,43
13.11.2024 10:00;13.11.2024 11:00;200,8
13.11.2024 11:00;13.11.2024 12:00;177,7
13.11.2024 12:00;13.11.2024 13:00;160,99
13.11.2024 13:00;13.11.2024 14:00;162,07
13.11.2024 14:00;13.11.2024 15:00;159,9
13.11.2024 15:00;13.11.2024 16:00;165,6
13.11.2024 16:00;13.11.2024 17:00;178,28
13.11.2024 17:00;13.11.2024 18:00;178,43
13.11.2024 18:00;13.11.2024 19:00;173,9
13.11.2024 19:00;13.11.2024 20:00;161,79
13.11.2024 20:00;13.11.2024 21:00;125,22
13.11.2024 21:00;13.11.2024 22:00;114,86
13.11.2024 22:00;13.11.2024 23:00;113,51
13.11.2024 23:00;14.11.2024 00:00;106,62
14.11.2024 00:00;14.11.2024 01:00;101,7
14.11.2024 01:00;14.11.2024 02:00;99,83
14.11.2024 02:00;14.11.2024 03:00;96,01
14.11.2024 03:00;14.11.2024 04:00;92,25
14.11.2024 04:00;14.11.2024 05:00;91,41
14.11.2024 05:00;14.11.2024 06:00;92,24
14.11.2024 06:00;14.11.2024 07:00;103,44
14.11.2024 07:00;14.11.2024 08:00;115,61
14.11.2024 08:00;14.11.2024 09:00;127,14
14.11.2024 09:00;14.11.2024 10:00;123,92
14.11.2024 10:00;14.11.2024 11:00;125,65
14.11.2024 11:00;14.11.2024 12:00;124,84
14.11.2024 12:00;14.11.2024 13:00;121,68
14.11.2024 13:00;14.11.2024 14:00;127,4
14.11.2024 14:00;14.11.2024 15:00;134,01
14.11.2024 15:00;14.11.2024 16:00;142,18
14.11.2024 16:00;14.11.2024 17:00;147,41
14.11.2024 17:00;14.11.2024 18:00;155,91
14.11.2024 18:00;14.11.2024 19:00;154,09
14.11.2024 19:00;14.11.2024 20:00;148,29
14.11.2024 20:00;14.11.2024 21:00;138,58
14.11.2024 21:00;14.11.2024 22:00;129,44
14.11.2024 22:00;14.11.2024 23:00;122,89
14.11.2024 23:00;15.11.2024 00:00;112,48
15.11.2024 00:00;15.11.2024 01:00;110,44
15.11.2024 01:00;15.11.2024 02:00;106,71
15.11.2024 02:00;15.11.2024 03:00;107,01
15.11.2024 03:00;15.11.2024 04:00;103,62
15.11.2024 04:00;15.11.2024 05:00;104,42
15.11.2024 05:00;15.11.2024 06:00;108,6
15.11.2024 06:00;15.11.2024 07:00;129,26
15.11.2024 07:00;15.11.2024 08:00;144,16
15.11.2024 08:00;15.11.2024 09:00;157,77
15.11.2024 09:00;15.11.2024 10:00;150,86
15.11.2024 10:00;15.11.2024 11:00;138,84
15.11.2024 11:00;15.11.2024 12:00;135,08
15.11.2024 12:00;15.11.2024 13:00;121,74
15.11.2024 13:00;15.11.2024 14:00;121,8
15.11.2024 14:00;15.11.2024 15:00;131,89
15.11.2024 15:00;15.11.2024 16:00;141,75
15.11.2024 16:00;15.11.2024 17:00;133,95
15.11.2024 17:00;15.11.2024 18:00;136,26
15.11.2024 18:00;15.11.2024 19:00;134,77
15.11.2024 19:00;15.11.2024 20:00;128,39
15.11.2024 20:00;15.11.2024 21:00;115,73
15.11.2024 21:00;15.11.2024 22:00;110,74
15.11.2024 22:00;15.11.2024 23:00;108,19
15.11.2024 23:00;16.11.2024 00:00;98,1
16.11.2024 00:00;16.11.2024 01:00;101,92
16.11.2024 01:00;16.11.2024 02:00;95,43
16.11.2024 02:00;16.11.2024 03:00;89,87
16.11.2024 03:00;16.11.2024 04:00;86,57
16.11.2024 04:00;16.11.2024 05:00;88,81
16.11.2024 05:00;16.11.2024 06:00;86,95
16.11.2024 06:00;16.11.2024 07:00;73,82
16.11.2024 07:00;16.11.2024 08:00;90,1
16.11.2024 08:00;16.11.2024 09:00;104,75
16.11.2024 09:00;16.11.2024 10:00;109,77
16.11.2024 10:00;16.11.2024 11:00;107,6
16.11.2024 11:00;16.11.2024 12:00;99,03
16.11.2024 12:00;16.11.2024 13:00;96,98
16.11.2024 13:00;16.11.2024 14:00;96,97
16.11.2024 14:00;16.11.2024 15:00;93,72
16.11.2024 15:00;16.11.2024 16:00;100,22
16.11.2024 16:00;16.11.2024 17:00;108,99
16.11.2024 17:00;16.11.2024 18:00;118,93
16.11.2024 18:00;16.11.2024 19:00;114,95
16.11.2024 19:00;16.11.2024 20:00;104,18
16.11.2024 20:00;16.11.2024 21:00;82,67
16.11.2024 21:00;16.11.2024 22:00;72,82
16.11.2024 22:00;16.11.2024 23:00;73,83
16.11.2024 23:00;17.11.2024 00:00;65,67
17.11.2024 00:00;17.11.2024 01:00;80,1
17.11.2024 01:00;17.11.2024 02:00;69,28
17.11.2024 02:00;17.11.2024 03:00;72,48
17.11.2024 03:00;17.11.2024 04:00;58,72
17.11.2024 04:00;17.11.2024 05:00;42,0
17.11.2024 05:00;17.11.2024 06:00;34,81
17.11.2024 06:00;17.11.2024 07:00;42,36
17.11.2024 07:00;17.11.2024 08:00;60,69
17.11.2024 08:00;17.11.2024 09:00;64,8
17.11.2024 09:00;17.11.2024 10:00;65,4
17.11.2024 10:00;17.11.2024 11:00;68,3
17.11.2024 11:00;17.11.2024 12:00;64,79
17.11.2024 12:00;17.11.2024 13:00;54,9
17.11.2024 13:00;17.11.2024 14:00;46,86
17.11.2024 14:00;17.11.2024 15:00;61,25
17.11.2024 15:00;17.11.2024 16:00;64,8
17.11.2024 16:00;17.11.2024 17:00;70,1
17.11.2024 17:00;17.11.2024 18:00;102,84
17.11.2024 18:00;17.11.2024 19:00;80,7
17.11.2024 19:00;17.11.2024 20:00;65,4
17.11.2024 20:00;17.11.2024 21:00;57,41
17.11.2024 21:00;17.11.2024 22:00;64,79
17.11.2024 22:00;17.11.2024 23:00;68,76
17.11.2024 23:00;18.11.2024 00:00;62,02
18.11.2024 00:00;18.11.2024 01:00;65,42
18.11.2024 01:00;18.11.2024 02:00;64,39
18.11.2024 02:00;18.11.2024 03:00;59,86
18.11.2024 03:00;18.11.2024 04:00;42,39
18.11.2024 04:00;18.11.2024 05:00;58,17
18.11.2024 05:00;18.11.2024 06:00;74,23
18.11.2024 06:00;18.11.2024 07:00;95,55
18.11.2024 07:00;18.11.2024 08:00;121,66
18.11.2024 08:00;18.11.2024 09:00;121,91
18.11.2024 09:00;18.11.2024 10:00;119,56
18.11.2024 10:00;18.11.2024 11:00;111,51
18.11.2024 11:00;18.11.2024 12:00;92,98
18.11.2024 12:00;18.11.2024 13:00;79,5
18.11.2024 13:00;18.11.2024 14:00;94,13
18.11.2024 14:00;18.11.2024 15:00;109,52
18.11.2024 15:00;18.11.2024 16:00;119,98
18.11.2024 16:00;18.11.2024 17:00;132,48
18.11.2024 17:00;18.11.2024 18:00;159,9
18.11.2024 18:00;18.11.2024 19:00;161,82
18.11.2024 19:00;18.11.2024 20:00;152,96
18.11.2024 20:00;18.11.2024 21:00;128,94
18.11.2024 21:00;18.11.2024 22:00;117,62
18.11.2024 22:00;18.11.2024 23:00;116,99
18.11.2024 23:00;19.11.2024 00:00;108,7
19.11.2024 00:00;19.11.2024 01:00;107,06
19.11.2024 01:00;19.11.2024 02:00;101,4
19.11.2024 02:00;19.11.2024 03:00;95,58
19.11.2024 03:00;19.11.2024 04:00;91,73
19.11.2024 04:00;19.11.2024 05:00;95,28
19.11.2024 05:00;19.11.2024 06:00;98,73
19.11.2024 06:00;19.11.2024 07:00;116,27
19.11.2024 07:00;19.11.2024 08:00;131,59
19.11.2024 08:00;19.11.2024 09:00;155,06
19.11.2024 09:00;19.11.2024 10:00;157,57
19.11.2024 10:00;19.11.2024 11:00;156,26
19.11.2024 11:00;19.11.2024 12:00;152,81
19.11.2024 12:00;19.11.2024 13:00;148,19
19.11.2024 13:00;19.11.2024 14:00;144,14
19.11.2024 14:00;19.11.2024 15:00;140,15
19.11.2024 15:00;19.11.2024 16:00;128,78
19.11.2024 16:00;19.11.2024 17:00;132,89
19.11.2024 17:00;19.11.2024 18:00;140,19
19.11.2024 18:00;19.11.2024 19:00;134,65
19.11.2024 19:00;19.11.2024 20:00;125,93
19.11.2024 20:00;19.11.2024 21:00;117,1
19.11.2024 21:00;19.11.2024 22:00;109,37
19.11.2024 22:00;19.11.2024 23:00;105,25
19.11.2024 23:00;20.11.2024 00:00;89,84
20.11.2024 00:00;20.11.2024 01:00;100,14
20.11.2024 01:00;20.11.2024 02:00;92,0
20.11.2024 02:00;20.11.2024 03:00;86,6
20.11.2024 03:00;20.11.2024 04:00;81,52
20.11.2024 04:00;20.11.2024 05:00;81,96
20.11.2024 05:00;20.11.2024 06:00;93,29
20.11.2024 06:00;20.11.2024 07:00;107,55
20.11.2024 07:00;20.11.2024 08:00;135,62
20.11.2024 08:00;20.11.2024 09:00;142,87
20.11.2024 09:00;20.11.2024 10:00;140,09
20.11.2024 10:00;20.11.2024 11:00;120,35
20.11.2024 11:00;20.11.2024 12:00;107,77
20.11.2024 12:00;20.11.2024 13:00;97,26
20.11.2024 13:00;20.11.2024 14:00;97,36
20.11.2024 14:00;20.11.2024 15:00;106,64
20.11.2024 15:00;20.11.2024 16:00;130,84
20.11.2024 16:00;20.11.2024 17:00;135,09
20.11.2024 17:00;20.11.2024 18:00;142,0
20.11.2024 18:00;20.11.2024 19:00;142,58
20.11.2024 19:00;20.11.2024 20:00;140,26
20.11.2024 20:00;20.11.2024 21:00;135,98
20.11.2024 21:00;20.11.2024 22:00;123,05
20.11.2024 22:00;20.11.2024 23:00;116,42
20.11.2024 23:00;21.11.2024 00:00;103,5
21.11.2024 00:00;21.11.2024 01:00;93,96
21.11.2024 01:00;21.11.2024 02:00;90,4
21.11.2024 02:00;21.11.2024 03:00;86,8
21.11.2024 03:00;21.11.2024 04:00;84,15
21.11.2024 04:00;21.11.2024 05:00;84,23
21.11.2024 05:00;21.11.2024 06:00;92,48
21.11.2024 06:00;21.11.2024 07:00;107,17
21.11.2024 07:00;21.11.2024 08:00;121,44
21.11.2024 08:00;21.11.2024 09:00;132,99
21.11.2024 09:00;21.11.2024 10:00;134,98
21.11.2024 10:00;21.11.2024 11:00;127,33
21.11.2024 11:00;21.11.2024 12:00;115,47
21.11.2024 12:00;21.11.2024 13:00;113,57
21.11.2024 13:00;21.11.2024 14:00;120,83
21.11.2024 14:00;21.11.2024 15:00;141,62
21.11.2024 15:00;21.11.2024 16:00;154,85
21.11.2024 16:00;21.11.2024 17:00;174,97
21.11.2024 17:00;21.11.2024 18:00;182,26
21.11.2024 18:00;21.11.2024 19:00;161,34
21.11.2024 19:00;21.11.2024 20:00;154,05
21.11.2024 20:00;21.11.2024 21:00;131,33
21.11.2024 21:00;21.11.2024 22:00;123,05
21.11.2024 22:00;21.11.2024 23:00;122,9
21.11.2024 23:00;22.11.2024 00:00;107,46
22.11.2024 00:00;22.11.2024 01:00;116,12
22.11.2024 01:00;22.11.2024 02:00;106,21
22.11.2024 02:00;22.11.2024 03:00;97,85
22.11.2024 03:00;22.11.2024 04:00;91,37
22.11.2024 04:00;22.11.2024 05:00;88,65
22.11.2024 05:00;22.11.2024 06:00;92,16
22.11.2024 06:00;22.11.2024 07:00;117,06
22.11.2024 07:00;22.11.2024 08:00;135,3
22.11.2024 08:00;22.11.2024 09:00;144,08
22.11.2024 09:00;22.11.2024 10:00;141,58
22.11.2024 10:00;22.11.2024 11:00;135,75
22.11.2024 11:00;22.11.2024 12:00;116,84
22.11.2024 12:00;22.11.2024 13:00;105,14
22.11.2024 13:00;22.11.2024 14:00;95,23
22.11.2024 14:00;22.11.2024 15:00;96,18
22.11.2024 15:00;22.11.2024 16:00;106,24
22.11.2024 16:00;22.11.2024 17:00;111,21
22.11.2024 17:00;22.11.2024 18:00;128,44
22.11.2024 18:00;22.11.2024 19:00;134,28
22.11.2024 19:00;22.11.2024 20:00;128,8
22.11.2024 20:00;22.11.2024 21:00;106,21
22.11.2024 21:00;22.11.2024 22:00;106,35
22.11.2024 22:00;22.11.2024 23:00;93,25
22.11.2024 23:00;23.11.2024 00:00;77,0
23.11.2024 00:00;23.11.2024 01:00;80,0
23.11.2024 01:00;23.11.2024 02:00;76,87
23.11.2024 02:00;23.11.2024 03:00;77,88
23.11.2024 03:00;23.11.2024 04:00;79,04
23.11.2024 04:00;23.11.2024 05:00;79,35
23.11.2024 05:00;23.11.2024 06:00;82,54
23.11.2024 06:00;23.11.2024 07:00;82,05
23.11.2024 07:00;23.11.2024 08:00;89,27
23.11.2024 08:00;23.11.2024 09:00;97,48
23.11.2024 09:00;23.11.2024 10:00;85,62
23.11.2024 10:00;23.11.2024 11:00;78,54
23.11.2024 11:00;23.11.2024 12:00;73,5
23.11.2024 12:00;23.11.2024 13:00;71,2
23.11.2024 13:00;23.11.2024 14:00;75,85
23.11.2024 14:00;23.11.2024 15:00;85,68
23.11.2024 15:00;23.11.2024 16:00;104,55
23.11.2024 16:00;23.11.2024 17:00;87,31
23.11.2024 17:00;23.11.2024 18:00;95,56
23.11.2024 18:00;23.11.2024 19:00;86,08
23.11.2024 19:00;23.11.2024 20:00;71,0
23.11.2024 20:00;23.11.2024 21:00;59,55
23.11.2024 21:00;23.11.2024 22:00;48,03
23.11.2024 22:00;23.11.2024 23:00;39,1
23.11.2024 23:00;24.11.2024 00:00;18,46
24.11.2024 00:00;24.11.2024 01:00;1,01
24.11.2024 01:00;24.11.2024 02:00;0,0
24.11.2024 02:00;24.11.2024 03:00;0,0
24.11.2024 03:00;24.11.2024 04:00;-0,01
24.11.2024 04:00;24.11.2024 05:00;-0,02
24.11.2024 05:00;24.11.2024 06:00;-0,03
24.11.2024 06:00;24.11.2024 07:00;-0,05
24.11.2024 07:00;24.11.2024 08:00;-0,03
24.11.2024 08:00;24.11.2024 09:00;1,37
24.11.2024 09:00;24.11.2024 10:00;3,75
24.11.2024 10:00;24.11.2024 11:00;2,07
24.11.2024 11:00;24.11.2024 12:00;2,53
24.11.2024 12:00;24.11.2024 13:00;1,01
24.11.2024 13:00;24.11.2024 14:00;1,01
24.11.2024 14:00;24.11.2024 15:00;3,11
24.11.2024 15:00;24.11.2024 16:00;6,61
24.11.2024 16:00;24.11.2024 17:00;13,99
24.11.2024 17:00;24.11.2024 18:00;15,52
24.11.2024 18:00;24.11.2024 19:00;16,18
24.11.2024 19:00;24.11.2024 20:00;12,02
24.11.2024 20:00;24.11.2024 21:00;7,4
24.11.2024 21:00;24.11.2024 22:00;4,5
24.11.2024 22:00;24.11.2024 23:00;3,27
24.11.2024 23:00;25.11.2024 00:00;0,01
25.11.2024 00:00;25.11.2024 01:00;-1,25
25.11.2024 01:00;25.11.2024 02:00;-1,59
25.11.2024 02:00;25.11.2024 03:00;-1,42
25.11.2024 03:00;25.11.2024 04:00;-1,86
25.11.2024 04:00;25.11.2024 05:00;-1,42
25.11.2024 05:00;25.11.2024 06:00;-0,28
25.11.2024 06:00;25.11.2024 07:00;0,09
25.11.2024 07:00;25.11.2024 08:00;54,38
25.11.2024 08:00;25.11.2024 09:00;77,01
25.11.2024 09:00;25.11.2024 10:00;66,57
25.11.2024 10:00;25.11.2024 11:00;42,55
25.11.2024 11:00;25.11.2024 12:00;41,37
25.11.2024 12:00;25.11.2024 13:00;40,0
25.11.2024 13:00;25.11.2024 14:00;57,16
25.11.2024 14:00;25.11.2024 15:00;67,97
25.11.2024 15:00;25.11.2024 16:00;94,99
25.11.2024 16:00;25.11.2024 17:00;92,58
25.11.2024 17:00;25.11.2024 18:00;116,08
25.11.2024 18:00;25.11.2024 19:00;128,0
25.11.2024 19:00;25.11.2024 20:00;118,0
25.11.2024 20:00;25.11.2024 21:00;94,73
25.11.2024 21:00;25.11.2024 22:00;81,26
25.11.2024 22:00;25.11.2024 23:00;86,26
25.11.2024 23:00;26.11.2024 00:00;69,17
26.11.2024 00:00;26.11.2024 01:00;89,53
26.11.2024 01:00;26.11.2024 02:00;77,99
26.11.2024 02:00;26.11.2024 03:00;77,66
26.11.2024 03:00;26.11.2024 04:00;70,55
26.11.2024 04:00;26.11.2024 05:00;72,72
26.11.2024 05:00;26.11.2024 06:00;82,26
26.11.2024 06:00;26.11.2024 07:00;101,45
26.11.2024 07:00;26.11.2024 08:00;130,9
26.11.2024 08:00;26.11.2024 09:00;137,84
26.11.2024 09:00;26.11.2024 10:00;127,09
26.11.2024 10:00;26.11.2024 11:00;112,09
26.11.2024 11:00;26.11.2024 12:00;100,0
26.11.2024 12:00;26.11.2024 13:00;90,9
26.11.2024 13:00;26.11.2024 14:00;102,07
26.11.2024 14:00;26.11.2024 15:00;116,1
26.11.2024 15:00;26.11.2024 16:00;123,95
26.11.2024 16:00;26.11.2024 17:00;143,1
26.11.2024 17:00;26.11.2024 18:00;155,52
26.11.2024 18:00;26.11.2024 19:00;160,91
26.11.2024 19:00;26.11.2024 20:00;153,28
26.11.2024 20:00;26.11.2024 21:00;126,38
26.11.2024 21:00;26.11.2024 22:00;118,23
26.11.2024 22:00;26.11.2024 23:00;122,13
26.11.2024 23:00;27.11.2024 00:00;113,34
27.11.2024 00:00;27.11.2024 01:00;104,74
27.11.2024 01:00;27.11.2024 02:00;106,28
27.11.2024 02:00;27.11.2024 03:00;110,0
27.11.2024 03:00;27.11.2024 04:00;111,46
27.11.2024 04:00;27.11.2024 05:00;114,66
27.11.2024 05:00;27.11.2024 06:00;123,92
27.11.2024 06:00;27.11.2024 07:00;140,5
27.11.2024 07:00;27.11.2024 08:00;160,0
27.11.2024 08:00;27.11.2024 09:00;184,84
27.11.2024 09:00;27.11.2024 10:00;164,45
27.11.2024 10:00;27.11.2024 11:00;153,1
27.11.2024 11:00;27.11.2024 12:00;150,0
27.11.2024 12:00;27.11.2024 13:00;145,66
27.11.2024 13:00;27.11.2024 14:00;140,49
27.11.2024 14:00;27.11.2024 15:00;130,09
27.11.2024 15:00;27.11.2024 16:00;131,7
27.11.2024 16:00;27.11.2024 17:00;117,56
27.11.2024 17:00;27.11.2024 18:00;110,24
27.11.2024 18:00;27.11.2024 19:00;112,29
27.11.2024 19:00;27.11.2024 20:00;101,84
27.11.2024 20:00;27.11.2024 21:00;78,14
27.11.2024 21:00;27.11.2024 22:00;71,86
27.11.2024 22:00;27.11.2024 23:00;67,05
27.11.2024 23:00;28.11.2024 00:00;48,78
28.11.2024 00:00;28.11.2024 01:00;49,21
28.11.2024 01:00;28.11.2024 02:00;41,21
28.11.2024 02:00;28.11.2024 03:00;32,95
28.11.2024 03:00;28.11.2024 04:00;32,08
28.11.2024 04:00;28.11.2024 05:00;31,69
28.11.2024 05:00;28.11.2024 06:00;52,29
28.11.2024 06:00;28.11.2024 07:00;64,98
28.11.2024 07:00;28.11.2024 08:00;88,13
28.11.2024 08:00;28.11.2024 09:00;107,41
28.11.2024 09:00;28.11.2024 10:00;107,41
28.11.2024 10:00;28.11.2024 11:00;92,1
28.11.2024 11:00;28.11.2024 12:00;98,7
28.11.2024 12:00;28.11.2024 13:00;96,16
28.11.2024 13:00;28.11.2024 14:00;96,68
28.11.2024 14:00;28.11.2024 15:00;97,86
28.11.2024 15:00;28.11.2024 16:00;111,59
28.11.2024 16:00;28.11.2024 17:00;132,62
28.11.2024 17:00;28.11.2024 18:00;149,33
28.11.2024 18:00;28.11.2024 19:00;158,23
28.11.2024 19:00;28.11.2024 20:00;153,91
28.11.2024 20:00;28.11.2024 21:00;143,97
28.11.2024 21:00;28.11.2024 22:00;132,49
28.11.2024 22:00;28.11.2024 23:00;122,16
28.11.2024 23:00;29.11.2024 00:00;112,6
29.11.2024 00:00;29.11.2024 01:00;110,3
29.11.2024 01:00;29.11.2024 02:00;107,01
29.11.2024 02:00;29.11.2024 03:00;103,47
29.11.2024 03:00;29.11.2024 04:00;102,8
29.11.2024 04:00;29.11.2024 05:00;105,3
29.11.2024 05:00;29.11.2024 06:00;115,28
29.11.2024 06:00;29.11.2024 07:00;145,1
29.11.2024 07:00;29.11.2024 08:00;169,28
29.11.2024 08:00;29.11.2024 09:00;181,35
29.11.2024 09:00;29.11.2024 10:00;162,49
29.11.2024 10:00;29.11.2024 11:00;143,01
29.11.2024 11:00;29.11.2024 12:00;136,4
29.11.2024 12:00;29.11.2024 13:00;126,59
29.11.2024 13:00;29.11.2024 14:00;119,5
29.11.2024 14:00;29.11.2024 15:00;129,58
29.11.2024 15:00;29.11.2024 16:00;141,02
29.11.2024 16:00;29.11.2024 17:00;152,01
29.11.2024 17:00;29.11.2024 18:00;150,44
29.11.2024 18:00;29.11.2024 19:00;142,03
29.11.2024 19:00;29.11.2024 20:00;130,81
29.11.2024 20:00;29.11.2024 21:00;119,9
29.11.2024 21:00;29.11.2024 22:00;115,1
29.11.2024 22:00;29.11.2024 23:00;113,73
29.11.2024 23:00;30.11.2024 00:00;103,45
30.11.2024 00:00;30.11.2024 01:00;98,83
30.11.2024 01:00;30.11.2024 02:00;92,0
30.11.2024 02:00;30.11.2024 03:00;89,69
30.11.2024 03:00;30.11.2024 04:00;86,9
30.11.2024 04:00;30.11.2024 05:00;88,18
30.11.2024 05:00;30.11.2024 06:00;90,18
30.11.2024 06:00;30.11.2024 07:00;88,9
30.11.2024 07:00;30.11.2024 08:00;103,06
30.11.2024 08:00;30.11.2024 09:00;107,39
30.11.2024 09:00;30.11.2024 10:00;91,17
30.11.2024 10:00;30.11.2024 11:00;85,2
30.11.2024 11:00;30.11.2024 12:00;86,12
30.11.2024 12:00;30.11.2024 13:00;87,7
30.11.2024 13:00;30.11.2024 14:00;90,03
30.11.2024 14:00;30.11.2024 15:00;93,35
30.11.2024 15:00;30.11.2024 16:00;124,34
30.11.2024 16:00;30.11.2024 17:00;132,89
30.11.2024 17:00;30.11.2024 18:00;136,94
30.11.2024 18:00;30.11.2024 19:00;135,9
30.11.2024 19:00;30.11.2024 20:00;131,96
30.11.2024 20:00;30.11.2024 21:00;124,51
30.11.2024 21:00;30.11.2024 22:00;115,08
30.11.2024 22:00;30.11.2024 23:00;114,78
30.11.2024 23:00;01.12.2024 00:00;106,67
01.12.2024 00:00;01.12.2024 01:00;99,66
01.12.2024 01:00;01.12.2024 02:00;90,01
01.12.2024 02:00;01.12.2024 03:00;88,14
01.12.2024 03:00;01.12.2024 04:00;85,7
01.12.2024 04:00;01.12.2024 05:00;84,8
01.12.2024 05:00;01.12.2024 06:00;85,31
01.12.2024 06:00;01.12.2024 07:00;84,43
01.12.2024 07:00;01.12.2024 08:00;89,97
01.12.2024 08:00;01.12.2024 09:00;99,64
01.12.2024 09:00;01.12.2024 10:00;94,6
01.12.2024 10:00;01.12.2024 11:00;89,3
01.12.2024 11:00;01.12.2024 12:00;82,38
01.12.2024 12:00;01.12.2024 13:00;85,25
01.12.2024 13:00;01.12.2024 14:00;83,08
01.12.2024 14:00;01.12.2024 15:00;90,61
01.12.2024 15:00;01.12.2024 16:00;108,62
01.12.2024 16:00;01.12.2024 17:00;121,53
01.12.2024 17:00;01.12.2024 18:00;117,77
01.12.2024 18:00;01.12.2024 19:00;121,51
01.12.2024 19:00;01.12.2024 20:00;110,23
01.12.2024 20:00;01.12.2024 21:00;91,35
01.12.2024 21:00;01.12.2024 22:00;84,36
01.12.2024 22:00;01.12.2024 23:00;96,98
01.12.2024 23:00;02.12.2024 00:00;85,0
02.12.2024 00:00;02.12.2024 01:00;74,77
02.12.2024 01:00;02.12.2024 02:00;65,78
02.12.2024 02:00;02.12.2024 03:00;61,17
02.12.2024 03:00;02.12.2024 04:00;46,44
02.12.2024 04:00;02.12.2024 05:00;50,21
02.12.2024 05:00;02.12.2024 06:00;69,53
02.12.2024 06:00;02.12.2024 07:00;92,08
02.12.2024 07:00;02.12.2024 08:00;125,25
02.12.2024 08:00;02.12.2024 09:00;125,2
02.12.2024 09:00;02.12.2024 10:00;123,63
02.12.2024 10:00;02.12.2024 11:00;121,27
02.12.2024 11:00;02.12.2024 12:00;115,8
02.12.2024 12:00;02.12.2024 13:00;115,09
02.12.2024 13:00;02.12.2024 14:00;127,6
02.12.2024 14:00;02.12.2024 15:00;136,74
02.12.2024 15:00;02.12.2024 16:00;144,04
02.12.2024 16:00;02.12.2024 17:00;144,75
02.12.2024 17:00;02.12.2024 18:00;147,68
02.12.2024 18:00;02.12.2024 19:00;147,9
02.12.2024 19:00;02.12.2024 20:00;138,0
02.12.2024 20:00;02.12.2024 21:00;120,01
02.12.2024 21:00;02.12.2024 22:00;112,68
02.12.2024 22:00;02.12.2024 23:00;111,72
02.12.2024 23:00;03.12.2024 00:00;102,21
03.12.2024 00:00;03.12.2024 01:00;110,73
03.12.2024 01:00;03.12.2024 02:00;103,05
03.12.2024 02:00;03.12.2024 03:00;96,28
03.12.2024 03:00;03.12.2024 04:00;93,22
03.12.2024 04:00;03.12.2024 05:00;100,48
03.12.2024 05:00;03.12.2024 06:00;108,09
03.12.2024 06:00;03.12.2024 07:00;121,76
03.12.2024 07:00;03.12.2024 08:00;142,39
03.12.2024 08:00;03.12.2024 09:00;154,62
03.12.2024 09:00;03.12.2024 10:00;150,09
03.12.2024 10:00;03.12.2024 11:00;141,37
03.12.2024 11:00;03.12.2024 12:00;139,23
03.12.2024 12:00;03.12.2024 13:00;135,62
03.12.2024 13:00;03.12.2024 14:00;142,41
03.12.2024 14:00;03.12.2024 15:00;150,02
03.12.2024 15:00;03.12.2024 16:00;168,94
03.12.2024 16:00;03.12.2024 17:00;205,18
03.12.2024 17:00;03.12.2024 18:00;210,0
03.12.2024 18:00;03.12.2024 19:00;197,88
03.12.2024 19:00;03.12.2024 20:00;189,83
03.12.2024 20:00;03.12.2024 21:00;170,04
03.12.2024 21:00;03.12.2024 22:00;153,61
03.12.2024 22:00;03.12.2024 23:00;142,08
03.12.2024 23:00;04.12.2024 00:00;130,81
04.12.2024 00:00;04.12.2024 01:00;120,99
04.12.2024 01:00;04.12.2024 02:00;116,66
04.12.2024 02:00;04.12.2024 03:00;112,79
04.12.2024 03:00;04.12.2024 04:00;110,19
04.12.2024 04:00;04.12.2024 05:00;112,26
04.12.2024 05:00;04.12.2024 06:00;120,91
04.12.2024 06:00;04.12.2024 07:00;145,2
04.12.2024 07:00;04.12.2024 08:00;209,76
04.12.2024 08:00;04.12.2024 09:00;276,66
04.12.2024 09:00;04.12.2024 10:00;250,76
04.12.2024 10:00;04.12.2024 11:00;212,21
04.12.2024 11:00;04.12.2024 12:00;198,95
04.12.2024 12:00;04.12.2024 13:00;192,25
04.12.2024 13:00;04.12.2024 14:00;199,82
04.12.2024 14:00;04.12.2024 15:00;218,44
04.12.2024 15:00;04.12.2024 16:00;242,87
04.12.2024 16:00;04.12.2024 17:00;267,35
04.12.2024 17:00;04.12.2024 18:00;287,76
04.12.2024 18:00;04.12.2024 19:00;230,22
04.12.2024 19:00;04.12.2024 20:00;197,59
04.12.2024 20:00;04.12.2024 21:00;165,68
04.12.2024 21:00;04.12.2024 22:00;148,34
04.12.2024 22:00;04.12.2024 23:00;128,33
04.12.2024 23:00;05.12.2024 00:00;113,27
05.12.2024 00:00;05.12.2024 01:00;114,77
05.12.2024 01:00;05.12.2024 02:00;105,74
05.12.2024 02:00;05.12.2024 03:00;103,27
05.12.2024 03:00;05.12.2024 04:00;104,5
05.12.2024 04:00;05.12.2024 05:00;103,27
05.12.2024 05:00;05.12.2024 06:00;104,12
05.12.2024 06:00;05.12.2024 07:00;135,88
05.12.2024 07:00;05.12.2024 08:00;143,54
05.12.2024 08:00;05.12.2024 09:00;141,29
05.12.2024 09:00;05.12.2024 10:00;131,78
05.12.2024 10:00;05.12.2024 11:00;124,92
05.12.2024 11:00;05.12.2024 12:00;107,31
05.12.2024 12:00;05.12.2024 13:00;102,67
05.12.2024 13:00;05.12.2024 14:00;102,93
05.12.2024 14:00;05.12.2024 15:00;102,89
05.12.2024 15:00;05.12.2024 16:00;100,87
05.12.2024 16:00;05.12.2024 17:00;101,5
05.12.2024 17:00;05.12.2024 18:00;118,31
05.12.2024 18:00;05.12.2024 19:00;112,16
05.12.2024 19:00;05.12.2024 20:00;105,36
05.12.2024 20:00;05.12.2024 21:00;87,13
05.12.2024 21:00;05.12.2024 22:00;77,3
05.12.2024 22:00;05.12.2024 23:00;74,17
05.12.2024 23:00;06.12.2024 00:00;43,14
06.12.2024 00:00;06.12.2024 01:00;10,64
06.12.2024 01:00;06.12.2024 02:00;4,6
06.12.2024 02:00;06.12.2024 03:00;3,87
06.12.2024 03:00;06.12.2024 04:00;2,31
06.12.2024 04:00;06.12.2024 05:00;2,99
06.12.2024 05:00;06.12.2024 06:00;10,35
06.12.2024 06:00;06.12.2024 07:00;63,49
06.12.2024 07:00;06.12.2024 08:00;92,71
06.12.2024 08:00;06.12.2024 09:00;110,17
06.12.2024 09:00;06.12.2024 10:00;110,16
06.12.2024 10:00;06.12.2024 11:00;104,08
06.12.2024 11:00;06.12.2024 12:00;98,37
06.12.2024 12:00;06.12.2024 13:00;91,9
06.12.2024 13:00;06.12.2024 14:00;100,7
06.12.2024 14:00;06.12.2024 15:00;109,0
06.12.2024 15:00;06.12.2024 16:00;116,92
06.12.2024 16:00;06.12.2024 17:00;131,55
06.12.2024 17:00;06.12.2024 18:00;142,99
06.12.2024 18:00;06.12.2024 19:00;151,07
06.12.2024 19:00;06.12.2024 20:00;142,48
06.12.2024 20:00;06.12.2024 21:00;130,0
06.12.2024 21:00;06.12.2024 22:00;119,42
06.12.2024 22:00;06.12.2024 23:00;121,08
06.12.2024 23:00;07.12.2024 00:00;102,14
07.12.2024 00:00;07.12.2024 01:00;86,65
07.12.2024 01:00;07.12.2024 02:00;74,32
07.12.2024 02:00;07.12.2024 03:00;68,0
07.12.2024 03:00;07.12.2024 04:00;63,87
07.12.2024 04:00;07.12.2024 05:00;58,09
07.12.2024 05:00;07.12.2024 06:00;50,16
07.12.2024 06:00;07.12.2024 07:00;39,46
07.12.2024 07:00;07.12.2024 08:00;43,28
07.12.2024 08:00;07.12.2024 09:00;58,06
07.12.2024 09:00;07.12.2024 10:00;62,86
07.12.2024 10:00;07.12.2024 11:00;64,92
07.12.2024 11:00;07.12.2024 12:00;64,92
07.12.2024 12:00;07.12.2024 13:00;68,0
07.12.2024 13:00;07.12.2024 14:00;72,84
07.12.2024 14:00;07.12.2024 15:00;74,24
07.12.2024 15:00;07.12.2024 16:00;82,5
07.12.2024 16:00;07.12.2024 17:00;96,45
07.12.2024 17:00;07.12.2024 18:00;96,0
07.12.2024 18:00;07.12.2024 19:00;87,92
07.12.2024 19:00;07.12.2024 20:00;82,41
07.12.2024 20:00;07.12.2024 21:00;78,92
07.12.2024 21:00;07.12.2024 22:00;85,03
07.12.2024 22:00;07.12.2024 23:00;82,5
07.12.2024 23:00;08.12.2024 00:00;74,8
08.12.2024 00:00;08.12.2024 01:00;93,91
08.12.2024 01:00;08.12.2024 02:00;86,83
08.12.2024 02:00;08.12.2024 03:00;86,73
08.12.2024 03:00;08.12.2024 04:00;83,95
08.12.2024 04:00;08.12.2024 05:00;84,44
08.12.2024 05:00;08.12.2024 06:00;91,13
08.12.2024 06:00;08.12.2024 07:00;91,25
08.12.2024 07:00;08.12.2024 08:00;91,29
08.12.2024 08:00;08.12.2024 09:00;100,84
08.12.2024 09:00;08.12.2024 10:00;109,4
08.12.2024 10:00;08.12.2024 11:00;110,84
08.12.2024 11:00;08.12.2024 12:00;117,39
08.12.2024 12:00;08.12.2024 13:00;118,36
08.12.2024 13:00;08.12.2024 14:00;116,74
08.12.2024 14:00;08.12.2024 15:00;111,91
08.12.2024 15:00;08.12.2024 16:00;121,38
08.12.2024 16:00;08.12.2024 17:00;105,94
08.12.2024 17:00;08.12.2024 18:00;113,61
08.12.2024 18:00;08.12.2024 19:00;98,55
08.12.2024 19:00;08.12.2024 20:00;97,69
08.12.2024 20:00;08.12.2024 21:00;91,29
08.12.2024 21:00;08.12.2024 22:00;90,56
08.12.2024 22:00;08.12.2024 23:00;88,6
08.12.2024 23:00;09.12.2024 00:00;75,01
09.12.2024 00:00;09.12.2024 01:00;71,36
09.12.2024 01:00;09.12.2024 02:00;55,83
09.12.2024 02:00;09.12.2024 03:00;35,13
09.12.2024 03:00;09.12.2024 04:00;34,4
09.12.2024 04:00;09.12.2024 05:00;40,01
09.12.2024 05:00;09.12.2024 06:00;72,24
09.12.2024 06:00;09.12.2024 07:00;79,4
09.12.2024 07:00;09.12.2024 08:00;113,34
09.12.2024 08:00;09.12.2024 09:00;122,54
09.12.2024 09:00;09.12.2024 10:00;123,12
09.12.2024 10:00;09.12.2024 11:00;129,81
09.12.2024 11:00;09.12.2024 12:00;128,7
09.12.2024 12:00;09.12.2024 13:00;128,32
09.12.2024 13:00;09.12.2024 14:00;124,51
09.12.2024 14:00;09.12.2024 15:00;121,35
09.12.2024 15:00;09.12.2024 16:00;116,83
09.12.2024 16:00;09.12.2024 17:00;116,08
09.12.2024 17:00;09.12.2024 18:00;120,57
09.12.2024 18:00;09.12.2024 19:00;123,69
09.12.2024 19:00;09.12.2024 20:00;125,76
09.12.2024 20:00;09.12.2024 21:00;114,97
09.12.2024 21:00;09.12.2024 22:00;100,98
09.12.2024 22:00;09.12.2024 23:00;98,48
09.12.2024 23:00;10.12.2024 00:00;92,77
10.12.2024 00:00;10.12.2024 01:00;92,85
10.12.2024 01:00;10.12.2024 02:00;89,33
10.12.2024 02:00;10.12.2024 03:00;86,5
10.12.2024 03:00;10.12.2024 04:00;83,7
10.12.2024 04:00;10.12.2024 05:00;87,21
10.12.2024 05:00;10.12.2024 06:00;89,07
10.12.2024 06:00;10.12.2024 07:00;112,06
10.12.2024 07:00;10.12.2024 08:00;135,18
10.12.2024 08:00;10.12.2024 09:00;169,76
10.12.2024 09:00;10.12.2024 10:00;182,14
10.12.2024 10:00;10.12.2024 11:00;184,75
10.12.2024 11:00;10.12.2024 12:00;186,5
10.12.2024 12:00;10.12.2024 13:00;180,62
10.12.2024 13:00;10.12.2024 14:00;190,78
10.12.2024 14:00;10.12.2024 15:00;189,41
10.12.2024 15:00;10.12.2024 16:00;197,64
10.12.2024 16:00;10.12.2024 17:00;200,18
10.12.2024 17:00;10.12.2024 18:00;202,38
10.12.2024 18:00;10.12.2024 19:00;181,0
10.12.2024 19:00;10.12.2024 20:00;180,17
10.12.2024 20:00;10.12.2024 21:00;166,6
10.12.2024 21:00;10.12.2024 22:00;151,15
10.12.2024 22:00;10.12.2024 23:00;137,94
10.12.2024 23:00;11.12.2024 00:00;121,37
11.12.2024 00:00;11.12.2024 01:00;115,94
11.12.2024 01:00;11.12.2024 02:00;108,22
11.12.2024 02:00;11.12.2024 03:00;107,31
11.12.2024 03:00;11.12.2024 04:00;106,17
11.12.2024 04:00;11.12.2024 05:00;108,69
11.12.2024 05:00;11.12.2024 06:00;125,31
11.12.2024 06:00;11.12.2024 07:00;163,42
11.12.2024 07:00;11.12.2024 08:00;295,5
11.12.2024 08:00;11.12.2024 09:00;368,97
11.12.2024 09:00;11.12.2024 10:00;377,12
11.12.2024 10:00;11.12.2024 11:00;348,64
11.12.2024 11:00;11.12.2024 12:00;379,99
11.12.2024 12:00;11.12.2024 13:00;385,87
11.12.2024 13:00;11.12.2024 14:00;404,91
11.12.2024 14:00;11.12.2024 15:00;371,96
11.12.2024 15:00;11.12.2024 16:00;380,94
11.12.2024 16:00;11.12.2024 17:00;437,87
11.12.2024 17:00;11.12.2024 18:00;445,08
11.12.2024 18:00;11.12.2024 19:00;359,92
11.12.2024 19:00;11.12.2024 20:00;341,25
11.12.2024 20:00;11.12.2024 21:00;206,82
11.12.2024 21:00;11.12.2024 22:00;171,2
11.12.2024 22:00;11.12.2024 23:00;150,0
11.12.2024 23:00;12.12.2024 00:00;135,96
12.12.2024 00:00;12.12.2024 01:00;122,24
12.12.2024 01:00;12.12.2024 02:00;115,3
12.12.2024 02:00;12.12.2024 03:00;109,96
12.12.2024 03:00;12.12.2024 04:00;107,35
12.12.2024 04:00;12.12.2024 05:00;112,51
12.12.2024 05:00;12.12.2024 06:00;123,67
12.12.2024 06:00;12.12.2024 07:00;176,18
12.12.2024 07:00;12.12.2024 08:00;599,99
12.12.2024 08:00;12.12.2024 09:00;655,6
12.12.2024 09:00;12.12.2024 10:00;646,76
12.12.2024 10:00;12.12.2024 11:00;543,83
12.12.2024 11:00;12.12.2024 12:00;465,36
12.12.2024 12:00;12.12.2024 13:00;404,99
12.12.2024 13:00;12.12.2024 14:00;415,3
12.12.2024 14:00;12.12.2024 15:00;490,34
12.12.2024 15:00;12.12.2024 16:00;668,49
12.12.2024 16:00;12.12.2024 17:00;818,98
12.12.2024 17:00;12.12.2024 18:00;936,28
12.12.2024 18:00;12.12.2024 19:00;674,18
12.12.2024 19:00;12.12.2024 20:00;551,01
12.12.2024 20:00;12.12.2024 21:00;295,66
12.12.2024 21:00;12.12.2024 22:00;169,4
12.12.2024 22:00;12.12.2024 23:00;150,0
12.12.2024 23:00;13.12.2024 00:00;134,75
13.12.2024 00:00;13.12.2024 01:00;130,07
13.12.2024 01:00;13.12.2024 02:00;122,9
13.12.2024 02:00;13.12.2024 03:00;118,97
13.12.2024 03:00;13.12.2024 04:00;114,95
13.12.2024 04:00;13.12.2024 05:00;115,64
13.12.2024 05:00;13.12.2024 06:00;125,83
13.12.2024 06:00;13.12.2024 07:00;156,53
13.12.2024 07:00;13.12.2024 08:00;187,71
13.12.2024 08:00;13.12.2024 09:00;253,0
13.12.2024 09:00;13.12.2024 10:00;245,74
13.12.2024 10:00;13.12.2024 11:00;208,42
13.12.2024 11:00;13.12.2024 12:00;174,4
13.12.2024 12:00;13.12.2024 13:00;166,06
13.12.2024 13:00;13.12.2024 14:00;165,0
13.12.2024 14:00;13.12.2024 15:00;184,5
13.12.2024 15:00;13.12.2024 16:00;220,77
13.12.2024 16:00;13.12.2024 17:00;250,06
13.12.2024 17:00;13.12.2024 18:00;284,21
13.12.2024 18:00;13.12.2024 19:00;260,0
13.12.2024 19:00;13.12.2024 20:00;225,6
13.12.2024 20:00;13.12.2024 21:00;175,0
13.12.2024 21:00;13.12.2024 22:00;146,22
13.12.2024 22:00;13.12.2024 23:00;135,09
13.12.2024 23:00;14.12.2024 00:00;116,52
14.12.2024 00:00;14.12.2024 01:00;116,94
14.12.2024 01:00;14.12.2024 02:00;111,36
14.12.2024 02:00;14.12.2024 03:00;108,04
14.12.2024 03:00;14.12.2024 04:00;99,02
14.12.2024 04:00;14.12.2024 05:00;93,44
14.12.2024 05:00;14.12.2024 06:00;91,55
14.12.2024 06:00;14.12.2024 07:00;92,35
14.12.2024 07:00;14.12.2024 08:00;101,67
14.12.2024 08:00;14.12.2024 09:00;113,75
14.12.2024 09:00;14.12.2024 10:00;124,98
14.12.2024 10:00;14.12.2024 11:00;120,93
14.12.2024 11:00;14.12.2024 12:00;107,48
14.12.2024 12:00;14.12.2024 13:00;104,71
14.12.2024 13:00;14.12.2024 14:00;102,96
14.12.2024 14:00;14.12.2024 15:00;96,63
14.12.2024 15:00;14.12.2024 16:00;98,24
14.12.2024 16:00;14.12.2024 17:00;105,67
14.12.2024 17:00;14.12.2024 18:00;121,12
14.12.2024 18:00;14.12.2024 19:00;93,15
14.12.2024 19:00;14.12.2024 20:00;95,6
14.12.2024 20:00;14.12.2024 21:00;86,01
14.12.2024 21:00;14.12.2024 22:00;82,78
14.12.2024 22:00;14.12.2024 23:00;87,25
14.12.2024 23:00;15.12.2024 00:00;73,81
15.12.2024 00:00;15.12.2024 01:00;73,58
15.12.2024 01:00;15.12.2024 02:00;68,48
15.12.2024 02:00;15.12.2024 03:00;67,61
15.12.2024 03:00;15.12.2024 04:00;59,39
15.12.2024 04:00;15.12.2024 05:00;55,33
15.12.2024 05:00;15.12.2024 06:00;52,74
15.12.2024 06:00;15.12.2024 07:00;45,62
15.12.2024 07:00;15.12.2024 08:00;53,92
15.12.2024 08:00;15.12.2024 09:00;65,3
15.12.2024 09:00;15.12.2024 10:00;70,65
15.12.2024 10:00;15.12.2024 11:00;65,26
15.12.2024 11:00;15.12.2024 12:00;60,9
15.12.2024 12:00;15.12.2024 13:00;61,5
15.12.2024 13:00;15.12.2024 14:00;47,51
15.12.2024 14:00;15.12.2024 15:00;49,47
15.12.2024 15:00;15.12.2024 16:00;47,92
15.12.2024 16:00;15.12.2024 17:00;38,0
15.12.2024 17:00;15.12.2024 18:00;43,42
15.12.2024 18:00;15.12.2024 19:00;28,33
15.12.2024 19:00;15.12.2024 20:00;24,55
15.12.2024 20:00;15.12.2024 21:00;18,55
15.12.2024 21:00;15.12.2024 22:00;13,96
15.12.2024 22:00;15.12.2024 23:00;10,08
15.12.2024 23:00;16.12.2024 00:00;2,29
16.12.2024 00:00;16.12.2024 01:00;0,09
16.12.2024 01:00;16.12.2024 02:00;0,1
16.12.2024 02:00;16.12.2024 03:00;0,05
16.12.2024 03:00;16.12.2024 04:00;0,07
16.12.2024 04:00;16.12.2024 05:00;-0,01
16.12.2024 05:00;16.12.2024 06:00;1,75
16.12.2024 06:00;16.12.2024 07:00;7,73
16.12.2024 07:00;16.12.2024 08:00;59,3
16.12.2024 08:00;16.12.2024 09:00;71,79
16.12.2024 09:00;16.12.2024 10:00;75,91
16.12.2024 10:00;16.12.2024 11:00;75,46
16.12.2024 11:00;16.12.2024 12:00;80,13
16.12.2024 12:00;16.12.2024 13:00;85,22
16.12.2024 13:00;16.12.2024 14:00;81,7
16.12.2024 14:00;16.12.2024 15:00;81,7
16.12.2024 15:00;16.12.2024 16:00;81,7
16.12.2024 16:00;16.12.2024 17:00;74,0
16.12.2024 17:00;16.12.2024 18:00;81,56
16.12.2024 18:00;16.12.2024 19:00;72,01
16.12.2024 19:00;16.12.2024 20:00;70,94
16.12.2024 20:00;16.12.2024 21:00;61,5
16.12.2024 21:00;16.12.2024 22:00;44,41
16.12.2024 22:00;16.12.2024 23:00;44,4
16.12.2024 23:00;17.12.2024 00:00;16,59
17.12.2024 00:00;17.12.2024 01:00;37,45
17.12.2024 01:00;17.12.2024 02:00;21,57
17.12.2024 02:00;17.12.2024 03:00;20,94
17.12.2024 03:00;17.12.2024 04:00;25,01
17.12.2024 04:00;17.12.2024 05:00;28,98
17.12.2024 05:00;17.12.2024 06:00;57,27
17.12.2024 06:00;17.12.2024 07:00;67,77
17.12.2024 07:00;17.12.2024 08:00;104,94
17.12.2024 08:00;17.12.2024 09:00;115,92
17.12.2024 09:00;17.12.2024 10:00;114,04
17.12.2024 10:00;17.12.2024 11:00;108,4
17.12.2024 11:00;17.12.2024 12:00;102,38
17.12.2024 12:00;17.12.2024 13:00;102,72
17.12.2024 13:00;17.12.2024 14:00;106,2
17.12.2024 14:00;17.12.2024 15:00;109,63
17.12.2024 15:00;17.12.2024 16:00;116,42
17.12.2024 16:00;17.12.2024 17:00;117,1
17.12.2024 17:00;17.12.2024 18:00;127,33
17.12.2024 18:00;17.12.2024 19:00;121,6
17.12.2024 19:00;17.12.2024 20:00;108,1
17.12.2024 20:00;17.12.2024 21:00;98,51
17.12.2024 21:00;17.12.2024 22:00;95,84
17.12.2024 22:00;17.12.2024 23:00;92,44
17.12.2024 23:00;18.12.2024 00:00;70,66
18.12.2024 00:00;18.12.2024 01:00;69,18
18.12.2024 01:00;18.12.2024 02:00;52,31
18.12.2024 02:00;18.12.2024 03:00;48,41
18.12.2024 03:00;18.12.2024 04:00;45,0
18.12.2024 04:00;18.12.2024 05:00;30,25
18.12.2024 05:00;18.12.2024 06:00;38,0
18.12.2024 06:00;18.12.2024 07:00;49,91
18.12.2024 07:00;18.12.2024 08:00;57,9
18.12.2024 08:00;18.12.2024 09:00;77,58
18.12.2024 09:00;18.12.2024 10:00;72,82
18.12.2024 10:00;18.12.2024 11:00;65,99
18.12.2024 11:00;18.12.2024 12:00;63,08
18.12.2024 12:00;18.12.2024 13:00;63,07
18.12.2024 13:00;18.12.2024 14:00;63,08
18.12.2024 14:00;18.12.2024 15:00;63,08
18.12.2024 15:00;18.12.2024 16:00;55,63
18.12.2024 16:00;18.12.2024 17:00;46,81
18.12.2024 17:00;18.12.2024 18:00;57,9
18.12.2024 18:00;18.12.2024 19:00;63,08
18.12.2024 19:00;18.12.2024 20:00;63,08
18.12.2024 20:00;18.12.2024 21:00;57,9
18.12.2024 21:00;18.12.2024 22:00;50,69
18.12.2024 22:00;18.12.2024 23:00;43,14
18.12.2024 23:00;19.12.2024 00:00;21,44
19.12.2024 00:00;19.12.2024 01:00;11,28
19.12.2024 01:00;19.12.2024 02:00;13,23
19.12.2024 02:00;19.12.2024 03:00;5,45
19.12.2024 03:00;19.12.2024 04:00;1,25
19.12.2024 04:00;19.12.2024 05:00;0,31
19.12.2024 05:00;19.12.2024 06:00;2,0
19.12.2024 06:00;19.12.2024 07:00;8,57
19.12.2024 07:00;19.12.2024 08:00;53,95
19.12.2024 08:00;19.12.2024 09:00;67,44
19.12.2024 09:00;19.12.2024 10:00;68,42
19.12.2024 10:00;19.12.2024 11:00;65,84
19.12.2024 11:00;19.12.2024 12:00;67,7
19.12.2024 12:00;19.12.2024 13:00;69,72
19.12.2024 13:00;19.12.2024 14:00;70,4
19.12.2024 14:00;19.12.2024 15:00;69,72
19.12.2024 15:00;19.12.2024 16:00;70,47
19.12.2024 16:00;19.12.2024 17:00;71,46
19.12.2024 17:00;19.12.2024 18:00;81,52
19.12.2024 18:00;19.12.2024 19:00;92,58
19.12.2024 19:00;19.12.2024 20:00;87,36
19.12.2024 20:00;19.12.2024 21:00;75,37
19.12.2024 21:00;19.12.2024 22:00;70,0
19.12.2024 22:00;19.12.2024 23:00;69,72
19.12.2024 23:00;20.12.2024 00:00;55,01
20.12.2024 00:00;20.12.2024 01:00;47,72
20.12.2024 01:00;20.12.2024 02:00;31,48
20.12.2024 02:00;20.12.2024 03:00;16,31
20.12.2024 03:00;20.12.2024 04:00;17,43
20.12.2024 04:00;20.12.2024 05:00;22,82
20.12.2024 05:00;20.12.2024 06:00;48,49
20.12.2024 06:00;20.12.2024 07:00;66,15
20.12.2024 07:00;20.12.2024 08:00;102,4
20.12.2024 08:00;20.12.2024 09:00;109,72
20.12.2024 09:00;20.12.2024 10:00;106,65
20.12.2024 10:00;20.12.2024 11:00;103,14
20.12.2024 11:00;20.12.2024 12:00;97,44
20.12.2024 12:00;20.12.2024 13:00;87,56
20.12.2024 13:00;20.12.2024 14:00;83,84
20.12.2024 14:00;20.12.2024 15:00;88,03
20.12.2024 15:00;20.12.2024 16:00;98,67
20.12.2024 16:00;20.12.2024 17:00;105,24
20.12.2024 17:00;20.12.2024 18:00;109,89
20.12.2024 18:00;20.12.2024 19:00;101,18
20.12.2024 19:00;20.12.2024 20:00;98,65
20.12.2024 20:00;20.12.2024 21:00;89,73
20.12.2024 21:00;20.12.2024 22:00;71,82
20.12.2024 22:00;20.12.2024 23:00;70,34
20.12.2024 23:00;21.12.2024 00:00;58,26
21.12.2024 00:00;21.12.2024 01:00;27,75
21.12.2024 01:00;21.12.2024 02:00;22,75
21.12.2024 02:00;21.12.2024 03:00;21,56
21.12.2024 03:00;21.12.2024 04:00;19,41
21.12.2024 04:00;21.12.2024 05:00;18,11
21.12.2024 05:00;21.12.2024 06:00;20,04
21.12.2024 06:00;21.12.2024 07:00;20,0
21.12.2024 07:00;21.12.2024 08:00;21,21
21.12.2024 08:00;21.12.2024 09:00;22,87
21.12.2024 09:00;21.12.2024 10:00;29,33
21.12.2024 10:00;21.12.2024 11:00;31,43
21.12.2024 11:00;21.12.2024 12:00;31,01
21.12.2024 12:00;21.12.2024 13:00;31,23
21.12.2024 13:00;21.12.2024 14:00;29,9
21.12.2024 14:00;21.12.2024 15:00;25,92
21.12.2024 15:00;21.12.2024 16:00;27,28
21.12.2024 16:00;21.12.2024 17:00;29,31
21.12.2024 17:00;21.12.2024 18:00;29,27
21.12.2024 18:00;21.12.2024 19:00;27,95
21.12.2024 19:00;21.12.2024 20:00;20,73
21.12.2024 20:00;21.12.2024 21:00;15,3
21.12.2024 21:00;21.12.2024 22:00;4,9
21.12.2024 22:00;21.12.2024 23:00;3,0
21.12.2024 23:00;22.12.2024 00:00;1,0
22.12.2024 00:00;22.12.2024 01:00;0,0
22.12.2024 01:00;22.12.2024 02:00;-0,03
22.12.2024 02:00;22.12.2024 03:00;-0,46
22.12.2024 03:00;22.12.2024 04:00;-1,04
22.12.2024 04:00;22.12.2024 05:00;-2,06
22.12.2024 05:00;22.12.2024 06:00;-0,47
22.12.2024 06:00;22.12.2024 07:00;-0,68
22.12.2024 07:00;22.12.2024 08:00;-0,12
22.12.2024 08:00;22.12.2024 09:00;3,46
22.12.2024 09:00;22.12.2024 10:00;20,6
22.12.2024 10:00;22.12.2024 11:00;20,17
22.12.2024 11:00;22.12.2024 12:00;23,0
22.12.2024 12:00;22.12.2024 13:00;21,19
22.12.2024 13:00;22.12.2024 14:00;21,39
22.12.2024 14:00;22.12.2024 15:00;28,02
22.12.2024 15:00;22.12.2024 16:00;41,77
22.12.2024 16:00;22.12.2024 17:00;46,93
22.12.2024 17:00;22.12.2024 18:00;65,47
22.12.2024 18:00;22.12.2024 19:00;60,79
22.12.2024 19:00;22.12.2024 20:00;58,21
22.12.2024 20:00;22.12.2024 21:00;46,93
22.12.2024 21:00;22.12.2024 22:00;36,66
22.12.2024 22:00;22.12.2024 23:00;36,2
22.12.2024 23:00;23.12.2024 00:00;24,5
23.12.2024 00:00;23.12.2024 01:00;29,19
23.12.2024 01:00;23.12.2024 02:00;20,13
23.12.2024 02:00;23.12.2024 03:00;14,31
23.12.2024 03:00;23.12.2024 04:00;9,12
23.12.2024 04:00;23.12.2024 05:00;9,78
23.12.2024 05:00;23.12.2024 06:00;14,8
23.12.2024 06:00;23.12.2024 07:00;17,39
23.12.2024 07:00;23.12.2024 08:00;52,01
23.12.2024 08:00;23.12.2024 09:00;59,34
23.12.2024 09:00;23.12.2024 10:00;59,62
23.12.2024 10:00;23.12.2024 11:00;52,73
23.12.2024 11:00;23.12.2024 12:00;52,0
23.12.2024 12:00;23.12.2024 13:00;54,17
23.12.2024 13:00;23.12.2024 14:00;54,81
23.12.2024 14:00;23.12.2024 15:00;61,56
23.12.2024 15:00;23.12.2024 16:00;73,69
23.12.2024 16:00;23.12.2024 17:00;82,56
23.12.2024 17:00;23.12.2024 18:00;98,25
23.12.2024 18:00;23.12.2024 19:00;101,75
23.12.2024 19:00;23.12.2024 20:00;97,47
23.12.2024 20:00;23.12.2024 21:00;92,59
23.12.2024 21:00;23.12.2024 22:00;108,29
23.12.2024 22:00;23.12.2024 23:00;105,82
23.12.2024 23:00;24.12.2024 00:00;96,99
24.12.2024 00:00;24.12.2024 01:00;86,03
24.12.2024 01:00;24.12.2024 02:00;82,84
24.12.2024 02:00;24.12.2024 03:00;81,89
24.12.2024 03:00;24.12.2024 04:00;78,0
24.12.2024 04:00;24.12.2024 05:00;78,78
24.12.2024 05:00;24.12.2024 06:00;80,6
24.12.2024 06:00;24.12.2024 07:00;85,07
24.12.2024 07:00;24.12.2024 08:00;100,83
24.12.2024 08:00;24.12.2024 09:00;115,09
24.12.2024 09:00;24.12.2024 10:00;120,95
24.12.2024 10:00;24.12.2024 11:00;120,0
24.12.2024 11:00;24.12.2024 12:00;118,16
24.12.2024 12:00;24.12.2024 13:00;117,49
24.12.2024 13:00;24.12.2024 14:00;115,38
24.12.2024 14:00;24.12.2024 15:00;117,98
24.12.2024 15:00;24.12.2024 16:00;119,5
24.12.2024 16:00;24.12.2024 17:00;120,21
24.12.2024 17:00;24.12.2024 18:00;118,0
24.12.2024 18:00;24.12.2024 19:00;110,98
24.12.2024 19:00;24.12.2024 20:00;105,66
24.12.2024 20:00;24.12.2024 21:00;102,56
24.12.2024 21:00;24.12.2024 22:00;94,63
24.12.2024 22:00;24.12.2024 23:00;99,04
24.12.2024 23:00;25.12.2024 00:00;90,0
25.12.2024 00:00;25.12.2024 01:00;91,37
25.12.2024 01:00;25.12.2024 02:00;86,44
25.12.2024 02:00;25.12.2024 03:00;85,07
25.12.2024 03:00;25.12.2024 04:00;80,81
25.12.2024 04:00;25.12.2024 05:00;75,99
25.12.2024 05:00;25.12.2024 06:00;80,81
25.12.2024 06:00;25.12.2024 07:00;83,01
25.12.2024 07:00;25.12.2024 08:00;84,94
25.12.2024 08:00;25.12.2024 09:00;90,21
25.12.2024 09:00;25.12.2024 10:00;99,24
25.12.2024 10:00;25.12.2024 11:00;93,56
25.12.2024 11:00;25.12.2024 12:00;92,55
25.12.2024 12:00;25.12.2024 13:00;94,41
25.12.2024 13:00;25.12.2024 14:00;91,03
25.12.2024 14:00;25.12.2024 15:00;99,17
25.12.2024 15:00;25.12.2024 16:00;112,69
25.12.2024 16:00;25.12.2024 17:00;118,01
25.12.2024 17:00;25.12.2024 18:00;120,53
25.12.2024 18:00;25.12.2024 19:00;119,11
25.12.2024 19:00;25.12.2024 20:00;118,01
25.12.2024 20:00;25.12.2024 21:00;118,33
25.12.2024 21:00;25.12.2024 22:00;113,01
25.12.2024 22:00;25.12.2024 23:00;114,07
25.12.2024 23:00;26.12.2024 00:00;104,63
26.12.2024 00:00;26.12.2024 01:00;102,17
26.12.2024 01:00;26.12.2024 02:00;95,06
26.12.2024 02:00;26.12.2024 03:00;94,61
26.12.2024 03:00;26.12.2024 04:00;89,64
26.12.2024 04:00;26.12.2024 05:00;90,87
26.12.2024 05:00;26.12.2024 06:00;95,1
26.12.2024 06:00;26.12.2024 07:00;99,0
26.12.2024 07:00;26.12.2024 08:00;112,61
26.12.2024 08:00;26.12.2024 09:00;119,1
26.12.2024 09:00;26.12.2024 10:00;118,23
26.12.2024 10:00;26.12.2024 11:00;113,25
26.12.2024 11:00;26.12.2024 12:00;106,01
26.12.2024 12:00;26.12.2024 13:00;107,71
26.12.2024 13:00;26.12.2024 14:00;103,9
26.12.2024 14:00;26.12.2024 15:00;109,64
26.12.2024 15:00;26.12.2024 16:00;120,75
26.12.2024 16:00;26.12.2024 17:00;129,64
26.12.2024 17:00;26.12.2024 18:00;137,9
26.12.2024 18:00;26.12.2024 19:00;138,05
26.12.2024 19:00;26.12.2024 20:00;135,71
26.12.2024 20:00;26.12.2024 21:00;129,13
26.12.2024 21:00;26.12.2024 22:00;120,85
26.12.2024 22:00;26.12.2024 23:00;123,5
26.12.2024 23:00;27.12.2024 00:00;116,98
27.12.2024 00:00;27.12.2024 01:00;106,79
27.12.2024 01:00;27.12.2024 02:00;101,52
27.12.2024 02:00;27.12.2024 03:00;101,03
27.12.2024 03:00;27.12.2024 04:00;99,74
27.12.2024 04:00;27.12.2024 05:00;99,58
27.12.2024 05:00;27.12.2024 06:00;106,2
27.12.2024 06:00;27.12.2024 07:00;115,7
27.12.2024 07:00;27.12.2024 08:00;124,29
27.12.2024 08:00;27.12.2024 09:00;131,85
27.12.2024 09:00;27.12.2024 10:00;130,15
27.12.2024 10:00;27.12.2024 11:00;120,1
27.12.2024 11:00;27.12.2024 12:00;107,94
27.12.2024 12:00;27.12.2024 13:00;107,81
27.12.2024 13:00;27.12.2024 14:00;107,94
27.12.2024 14:00;27.12.2024 15:00;121,65
27.12.2024 15:00;27.12.2024 16:00;136,46
27.12.2024 16:00;27.12.2024 17:00;146,25
27.12.2024 17:00;27.12.2024 18:00;151,8
27.12.2024 18:00;27.12.2024 19:00;158,4
27.12.2024 19:00;27.12.2024 20:00;146,43
27.12.2024 20:00;27.12.2024 21:00;133,14
27.12.2024 21:00;27.12.2024 22:00;125,42
27.12.2024 22:00;27.12.2024 23:00;126,76
27.12.2024 23:00;28.12.2024 00:00;114,0
28.12.2024 00:00;28.12.2024 01:00;126,4
28.12.2024 01:00;28.12.2024 02:00;116,63
28.12.2024 02:00;28.12.2024 03:00;110,15
28.12.2024 03:00;28.12.2024 04:00;105,92
28.12.2024 04:00;28.12.2024 05:00;102,93
28.12.2024 05:00;28.12.2024 06:00;105,58
28.12.2024 06:00;28.12.2024 07:00;109,71
28.12.2024 07:00;28.12.2024 08:00;124,24
28.12.2024 08:00;28.12.2024 09:00;128,0
28.12.2024 09:00;28.12.2024 10:00;128,3
28.12.2024 10:00;28.12.2024 11:00;122,83
28.12.2024 11:00;28.12.2024 12:00;113,4
28.12.2024 12:00;28.12.2024 13:00;108,97
28.12.2024 13:00;28.12.2024 14:00;110,01
28.12.2024 14:00;28.12.2024 15:00;117,83
28.12.2024 15:00;28.12.2024 16:00;137,84
28.12.2024 16:00;28.12.2024 17:00;143,25
28.12.2024 17:00;28.12.2024 18:00;152,0
28.12.2024 18:00;28.12.2024 19:00;147,51
28.12.2024 19:00;28.12.2024 20:00;140,48
28.12.2024 20:00;28.12.2024 21:00;129,26
28.12.2024 21:00;28.12.2024 22:00;125,9
28.12.2024 22:00;28.12.2024 23:00;121,25
28.12.2024 23:00;29.12.2024 00:00;114,93
29.12.2024 00:00;29.12.2024 01:00;127,39
29.12.2024 01:00;29.12.2024 02:00;114,09
29.12.2024 02:00;29.12.2024 03:00;107,71
29.12.2024 03:00;29.12.2024 04:00;101,7
29.12.2024 04:00;29.12.2024 05:00;97,73
29.12.2024 05:00;29.12.2024 06:00;98,61
29.12.2024 06:00;29.12.2024 07:00;98,16
29.12.2024 07:00;29.12.2024 08:00;102,09
29.12.2024 08:00;29.12.2024 09:00;110,71
29.12.2024 09:00;29.12.2024 10:00;114,65
29.12.2024 10:00;29.12.2024 11:00;104,07
29.12.2024 11:00;29.12.2024 12:00;100,19
29.12.2024 12:00;29.12.2024 13:00;100,72
29.12.2024 13:00;29.12.2024 14:00;99,73
29.12.2024 14:00;29.12.2024 15:00;98,44
29.12.2024 15:00;29.12.2024 16:00;104,01
29.12.2024 16:00;29.12.2024 17:00;121,73
29.12.2024 17:00;29.12.2024 18:00;122,0
29.12.2024 18:00;29.12.2024 19:00;126,11
29.12.2024 19:00;29.12.2024 20:00;121,34
29.12.2024 20:00;29.12.2024 21:00;109,92
29.12.2024 21:00;29.12.2024 22:00;90,21
29.12.2024 22:00;29.12.2024 23:00;83,79
29.12.2024 23:00;30.12.2024 00:00;71,63
30.12.2024 00:00;30.12.2024 01:00;71,73
30.12.2024 01:00;30.12.2024 02:00;68,6
30.12.2024 02:00;30.12.2024 03:00;68,6
30.12.2024 03:00;30.12.2024 04:00;64,65
30.12.2024 04:00;30.12.2024 05:00;66,89
30.12.2024 05:00;30.12.2024 06:00;69,17
30.12.2024 06:00;30.12.2024 07:00;71,14
30.12.2024 07:00;30.12.2024 08:00;80,2
30.12.2024 08:00;30.12.2024 09:00;86,3
30.12.2024 09:00;30.12.2024 10:00;87,06
30.12.2024 10:00;30.12.2024 11:00;83,71
30.12.2024 11:00;30.12.2024 12:00;78,88
30.12.2024 12:00;30.12.2024 13:00;82,86
30.12.2024 13:00;30.12.2024 14:00;80,5
30.12.2024 14:00;30.12.2024 15:00;83,7
30.12.2024 15:00;30.12.2024 16:00;92,42
30.12.2024 16:00;30.12.2024 17:00;96,97
30.12.2024 17:00;30.12.2024 18:00;109,97
30.12.2024 18:00;30.12.2024 19:00;100,0
30.12.2024 19:00;30.12.2024 20:00;86,62
30.12.2024 20:00;30.12.2024 21:00;74,83
30.12.2024 21:00;30.12.2024 22:00;68,02
30.12.2024 22:00;30.12.2024 23:00;67,26
30.12.2024 23:00;31.12.2024 00:00;35,66
31.12.2024 00:00;31.12.2024 01:00;50,49
31.12.2024 01:00;31.12.2024 02:00;45,9
31.12.2024 02:00;31.12.2024 03:00;56,43
31.12.2024 03:00;31.12.2024 04:00;57,06
31.12.2024 04:00;31.12.2024 05:00;63,92
31.12.2024 05:00;31.12.2024 06:00;63,72
31.12.2024 06:00;31.12.2024 07:00;63,7
31.12.2024 07:00;31.12.2024 08:00;71,63
31.12.2024 08:00;31.12.2024 09:00;78,43
31.12.2024 09:00;31.12.2024 10:00;83,46
31.12.2024 10:00;31.12.2024 11:00;82,47
31.12.2024 11:00;31.12.2024 12:00;81,03
31.12.2024 12:00;31.12.2024 13:00;81,17
31.12.2024 13:00;31.12.2024 14:00;78,93
31.12.2024 14:00;31.12.2024 15:00;76,84
31.12.2024 15:00;31.12.2024 16:00;82,07
31.12.2024 16:00;31.12.2024 17:00;83,67
31.12.2024 17:00;31.12.2024 18:00;83,25
31.12.2024 18:00;31.12.2024 19:00;77,68
31.12.2024 19:00;31.12.2024 20:00;67,77
31.12.2024 20:00;31.12.2024 21:00;35,56
31.12.2024 21:00;31.12.2024 22:00;15,7
31.12.2024 22:00;31.12.2024 23:00;9,06
31.12.2024 23:00;01.01.2025 00:00;0,52
01.01.2025 00:00;01.01.2025 01:00;2,16
01.01.2025 01:00;01.01.2025 02:00;1,6
01.01.2025 02:00;01.01.2025 03:00;0,0
01.01.2025 03:00;01.01.2025 04:00;-0,01
01.01.2025 04:00;01.01.2025 05:00;-0,01
01.01.2025 05:00;01.01.2025 06:00;-0,06
01.01.2025 06:00;01.01.2025 07:00;-0,09
01.01.2025 07:00;01.01.2025 08:00;-0,01
01.01.2025 08:00;01.01.2025 09:00;-0,01
01.01.2025 09:00;01.01.2025 10:00;-0,04
01.01.2025 10:00;01.01.2025 11:00;-0,03
01.01.2025 11:00;01.01.2025 12:00;-0,1
01.01.2025 12:00;01.01.2025 13:00;-0,05
01.01.2025 13:00;01.01.2025 14:00;-0,1
01.01.2025 14:00;01.01.2025 15:00;-1,01
01.01.2025 15:00;01.01.2025 16:00;-0,01
01.01.2025 16:00;01.01.2025 17:00;-0,01
01.01.2025 17:00;01.01.2025 18:00;0,07
01.01.2025 18:00;01.01.2025 19:00;1,01
01.01.2025 19:00;01.01.2025 20:00;1,48
01.01.2025 20:00;01.01.2025 21:00;1,0
01.01.2025 21:00;01.01.2025 22:00;0,07
01.01.2025 22:00;01.01.2025 23:00;10,05
01.01.2025 23:00;02.01.2025 00:00;7,01
02.01.2025 00:00;02.01.2025 01:00;2,55
02.01.2025 01:00;02.01.2025 02:00;1,56
02.01.2025 02:00;02.01.2025 03:00;3,45
02.01.2025 03:00;02.01.2025 04:00;7,02
02.01.2025 04:00;02.01.2025 05:00;12,75
02.01.2025 05:00;02.01.2025 06:00;30,07
02.01.2025 06:00;02.01.2025 07:00;67,13
02.01.2025 07:00;02.01.2025 08:00;98,83
02.01.2025 08:00;02.01.2025 09:00;121,53
02.01.2025 09:00;02.01.2025 10:00;127,23
02.01.2025 10:00;02.01.2025 11:00;126,35
02.01.2025 11:00;02.01.2025 12:00;119,97
02.01.2025 12:00;02.01.2025 13:00;115,95
02.01.2025 13:00;02.01.2025 14:00;113,9
02.01.2025 14:00;02.01.2025 15:00;122,21
02.01.2025 15:00;02.01.2025 16:00;130,11
02.01.2025 16:00;02.01.2025 17:00;138,59
02.01.2025 17:00;02.01.2025 18:00;152,87
02.01.2025 18:00;02.01.2025 19:00;152,94
02.01.2025 19:00;02.01.2025 20:00;139,15
02.01.2025 20:00;02.01.2025 21:00;130,0
02.01.2025 21:00;02.01.2025 22:00;119,78
02.01.2025 22:00;02.01.2025 23:00;113,42
02.01.2025 23:00;03.01.2025 00:00;82,47
03.01.2025 00:00;03.01.2025 01:00;99,56
03.01.2025 01:00;03.01.2025 02:00;87,53
03.01.2025 02:00;03.01.2025 03:00;85,01
03.01.2025 03:00;03.01.2025 04:00;83,79
03.01.2025 04:00;03.01.2025 05:00;77,5
03.01.2025 05:00;03.01.2025 06:00;79,88
03.01.2025 06:00;03.01.2025 07:00;83,56
03.01.2025 07:00;03.01.2025 08:00;78,43
03.01.2025 08:00;03.01.2025 09:00;82,57
03.01.2025 09:00;03.01.2025 10:00;80,76
03.01.2025 10:00;03.01.2025 11:00;77,64
03.01.2025 11:00;03.01.2025 12:00;70,48
03.01.2025 12:00;03.01.2025 13:00;69,94
03.01.2025 13:00;03.01.2025 14:00;77,8
03.01.2025 14:00;03.01.2025 15:00;78,81
03.01.2025 15:00;03.01.2025 16:00;85,29
03.01.2025 16:00;03.01.2025 17:00;105,51
03.01.2025 17:00;03.01.2025 18:00;116,66
03.01.2025 18:00;03.01.2025 19:00;115,06
03.01.2025 19:00;03.01.2025 20:00;114,91
03.01.2025 20:00;03.01.2025 21:00;113,3
03.01.2025 21:00;03.01.2025 22:00;107,8
03.01.2025 22:00;03.01.2025 23:00;98,22
03.01.2025 23:00;04.01.2025 00:00;88,57
04.01.2025 00:00;04.01.2025 01:00;90,43
04.01.2025 01:00;04.01.2025 02:00;90,29
04.01.2025 02:00;04.01.2025 03:00;90,2
04.01.2025 03:00;04.01.2025 04:00;91,52
04.01.2025 04:00;04.01.2025 05:00;95,95
04.01.2025 05:00;04.01.2025 06:00;102,11
04.01.2025 06:00;04.01.2025 07:00;110,66
04.01.2025 07:00;04.01.2025 08:00;119,96
04.01.2025 08:00;04.01.2025 09:00;128,39
04.01.2025 09:00;04.01.2025 10:00;130,75
04.01.2025 10:00;04.01.2025 11:00;130,34
04.01.2025 11:00;04.01.2025 12:00;128,29
04.01.2025 12:00;04.01.2025 13:00;130,03
04.01.2025 13:00;04.01.2025 14:00;129,85
04.01.2025 14:00;04.01.2025 15:00;136,4
04.01.2025 15:00;04.01.2025 16:00;138,72
04.01.2025 16:00;04.01.2025 17:00;142,0
04.01.2025 17:00;04.01.2025 18:00;151,24
04.01.2025 18:00;04.01.2025 19:00;143,85
04.01.2025 19:00;04.01.2025 20:00;137,96
04.01.2025 20:00;04.01.2025 21:00;129,49
04.01.2025 21:00;04.01.2025 22:00;122,83
04.01.2025 22:00;04.01.2025 23:00;118,29
04.01.2025 23:00;05.01.2025 00:00;109,49
05.01.2025 00:00;05.01.2025 01:00;113,84
05.01.2025 01:00;05.01.2025 02:00;100,33
05.01.2025 02:00;05.01.2025 03:00;93,61
05.01.2025 03:00;05.01.2025 04:00;93,87
05.01.2025 04:00;05.01.2025 05:00;89,38
05.01.2025 05:00;05.01.2025 06:00;83,55
05.01.2025 06:00;05.01.2025 07:00;83,92
05.01.2025 07:00;05.01.2025 08:00;82,53
05.01.2025 08:00;05.01.2025 09:00;84,05
05.01.2025 09:00;05.01.2025 10:00;89,15
05.01.2025 10:00;05.01.2025 11:00;82,95
05.01.2025 11:00;05.01.2025 12:00;88,82
05.01.2025 12:00;05.01.2025 13:00;81,66
05.01.2025 13:00;05.01.2025 14:00;78,39
05.01.2025 14:00;05.01.2025 15:00;68,0
05.01.2025 15:00;05.01.2025 16:00;50,64
05.01.2025 16:00;05.01.2025 17:00;49,91
05.01.2025 17:00;05.01.2025 18:00;66,3
05.01.2025 18:00;05.01.2025 19:00;65,05
05.01.2025 19:00;05.01.2025 20:00;51,28
05.01.2025 20:00;05.01.2025 21:00;36,85
05.01.2025 21:00;05.01.2025 22:00;36,8
05.01.2025 22:00;05.01.2025 23:00;34,68
05.01.2025 23:00;06.01.2025 00:00;28,14
06.01.2025 00:00;06.01.2025 01:00;27,52
06.01.2025 01:00;06.01.2025 02:00;19,26
06.01.2025 02:00;06.01.2025 03:00;11,35
06.01.2025 03:00;06.01.2025 04:00;9,2
06.01.2025 04:00;06.01.2025 05:00;10,0
06.01.2025 05:00;06.01.2025 06:00;14,81
06.01.2025 06:00;06.01.2025 07:00;23,82
06.01.2025 07:00;06.01.2025 08:00;31,72
06.01.2025 08:00;06.01.2025 09:00;41,37
06.01.2025 09:00;06.01.2025 10:00;36,36
06.01.2025 10:00;06.01.2025 11:00;34,69
06.01.2025 11:00;06.01.2025 12:00;32,83
06.01.2025 12:00;06.01.2025 13:00;31,28
06.01.2025 13:00;06.01.2025 14:00;28,6
06.01.2025 14:00;06.01.2025 15:00;25,61
06.01.2025 15:00;06.01.2025 16:00;26,32
06.01.2025 16:00;06.01.2025 17:00;26,87
06.01.2025 17:00;06.01.2025 18:00;31,66
06.01.2025 18:00;06.01.2025 19:00;31,58
06.01.2025 19:00;06.01.2025 20:00;28,74
06.01.2025 20:00;06.01.2025 21:00;26,59
06.01.2025 21:00;06.01.2025 22:00;13,82
06.01.2025 22:00;06.01.2025 23:00;26,94
06.01.2025 23:00;07.01.2025 00:00;12,99
07.01.2025 00:00;07.01.2025 01:00;19,07
07.01.2025 01:00;07.01.2025 02:00;8,71
07.01.2025 02:00;07.01.2025 03:00;8,9
07.01.2025 03:00;07.01.2025 04:00;5,01
07.01.2025 04:00;07.01.2025 05:00;5,13
07.01.2025 05:00;07.01.2025 06:00;5,8
07.01.2025 06:00;07.01.2025 07:00;48,86
07.01.2025 07:00;07.01.2025 08:00;76,83
07.01.2025 08:00;07.01.2025 09:00;85,08
07.01.2025 09:00;07.01.2025 10:00;84,24
07.01.2025 10:00;07.01.2025 11:00;75,25
07.01.2025 11:00;07.01.2025 12:00;62,8
07.01.2025 12:00;07.01.2025 13:00;62,44
07.01.2025 13:00;07.01.2025 14:00;63,9
07.01.2025 14:00;07.01.2025 15:00;72,56
07.01.2025 15:00;07.01.2025 16:00;78,11
07.01.2025 16:00;07.01.2025 17:00;79,98
07.01.2025 17:00;07.01.2025 18:00;96,03
07.01.2025 18:00;07.01.2025 19:00;101,11
07.01.2025 19:00;07.01.2025 20:00;86,21
07.01.2025 20:00;07.01.2025 21:00;78,01
07.01.2025 21:00;07.01.2025 22:00;72,45
07.01.2025 22:00;07.01.2025 23:00;72,45
07.01.2025 23:00;08.01.2025 00:00;50,04
08.01.2025 00:00;08.01.2025 01:00;71,05
08.01.2025 01:00;08.01.2025 02:00;68,01
08.01.2025 02:00;08.01.2025 03:00;63,34
08.01.2025 03:00;08.01.2025 04:00;57,01
08.01.2025 04:00;08.01.2025 05:00;66,29
08.01.2025 05:00;08.01.2025 06:00;72,07
08.01.2025 06:00;08.01.2025 07:00;82,7
08.01.2025 07:00;08.01.2025 08:00;100,73
08.01.2025 08:00;08.01.2025 09:00;128,22
08.01.2025 09:00;08.01.2025 10:00;108,18
08.01.2025 10:00;08.01.2025 11:00;94,65
08.01.2025 11:00;08.01.2025 12:00;100,01
08.01.2025 12:00;08.01.2025 13:00;89,99
08.01.2025 13:00;08.01.2025 14:00;97,2
08.01.2025 14:00;08.01.2025 15:00;110,19
08.01.2025 15:00;08.01.2025 16:00;127,8
08.01.2025 16:00;08.01.2025 17:00;135,82
08.01.2025 17:00;08.01.2025 18:00;155,46
08.01.2025 18:00;08.01.2025 19:00;149,23
08.01.2025 19:00;08.01.2025 20:00;146,48
08.01.2025 20:00;08.01.2025 21:00;136,86
08.01.2025 21:00;08.01.2025 22:00;127,86
08.01.2025 22:00;08.01.2025 23:00;115,92
08.01.2025 23:00;09.01.2025 00:00;103,59
09.01.2025 00:00;09.01.2025 01:00;101,44
09.01.2025 01:00;09.01.2025 02:00;100,0
09.01.2025 02:00;09.01.2025 03:00;98,77
09.01.2025 03:00;09.01.2025 04:00;95,22
09.01.2025 04:00;09.01.2025 05:00;98,28
09.01.2025 05:00;09.01.2025 06:00;102,65
09.01.2025 06:00;09.01.2025 07:00;133,54
09.01.2025 07:00;09.01.2025 08:00;148,8
09.01.2025 08:00;09.01.2025 09:00;164,88
09.01.2025 09:00;09.01.2025 10:00;156,15
09.01.2025 10:00;09.01.2025 11:00;147,64
09.01.2025 11:00;09.01.2025 12:00;140,21
09.01.2025 12:00;09.01.2025 13:00;128,18
09.01.2025 13:00;09.01.2025 14:00;121,15
09.01.2025 14:00;09.01.2025 15:00;123,95
09.01.2025 15:00;09.01.2025 16:00;127,53
09.01.2025 16:00;09.01.2025 17:00;123,75
09.01.2025 17:00;09.01.2025 18:00;130,91
09.01.2025 18:00;09.01.2025 19:00;134,75
09.01.2025 19:00;09.01.2025 20:00;125,44
09.01.2025 20:00;09.01.2025 21:00;119,23
09.01.2025 21:00;09.01.2025 22:00;104,99
09.01.2025 22:00;09.01.2025 23:00;101,1
09.01.2025 23:00;10.01.2025 00:00;88,19
10.01.2025 00:00;10.01.2025 01:00;84,79
10.01.2025 01:00;10.01.2025 02:00;80,23
10.01.2025 02:00;10.01.2025 03:00;71,29
10.01.2025 03:00;10.01.2025 04:00;69,05
10.01.2025 04:00;10.01.2025 05:00;69,89
10.01.2025 05:00;10.01.2025 06:00;83,9
10.01.2025 06:00;10.01.2025 07:00;99,09
10.01.2025 07:00;10.01.2025 08:00;123,92
10.01.2025 08:00;10.01.2025 09:00;139,47
10.01.2025 09:00;10.01.2025 10:00;136,92
10.01.2025 10:00;10.01.2025 11:00;123,57
10.01.2025 11:00;10.01.2025 12:00;113,59
10.01.2025 12:00;10.01.2025 13:00;107,43
10.01.2025 13:00;10.01.2025 14:00;105,01
10.01.2025 14:00;10.01.2025 15:00;110,01
10.01.2025 15:00;10.01.2025 16:00;128,69
10.01.2025 16:00;10.01.2025 17:00;134,87
10.01.2025 17:00;10.01.2025 18:00;142,56
10.01.2025 18:00;10.01.2025 19:00;144,12
10.01.2025 19:00;10.01.2025 20:00;141,05
10.01.2025 20:00;10.01.2025 21:00;134,82
10.01.2025 21:00;10.01.2025 22:00;122,51
10.01.2025 22:00;10.01.2025 23:00;119,77
10.01.2025 23:00;11.01.2025 00:00;111,71
11.01.2025 00:00;11.01.2025 01:00;106,64
11.01.2025 01:00;11.01.2025 02:00;98,99
11.01.2025 02:00;11.01.2025 03:00;95,71
11.01.2025 03:00;11.01.2025 04:00;89,45
11.01.2025 04:00;11.01.2025 05:00;88,35
11.01.2025 05:00;11.01.2025 06:00;88,4
11.01.2025 06:00;11.01.2025 07:00;88,13
11.01.2025 07:00;11.01.2025 08:00;94,68
11.01.2025 08:00;11.01.2025 09:00;107,65
11.01.2025 09:00;11.01.2025 10:00;103,14
11.01.2025 10:00;11.01.2025 11:00;101,13
11.01.2025 11:00;11.01.2025 12:00;99,56
11.01.2025 12:00;11.01.2025 13:00;96,74
11.01.2025 13:00;11.01.2025 14:00;93,15
11.01.2025 14:00;11.01.2025 15:00;94,9
11.01.2025 15:00;11.01.2025 16:00;104,89
11.01.2025 16:00;11.01.2025 17:00;112,12
11.01.2025 17:00;11.01.2025 18:00;119,8
11.01.2025 18:00;11.01.2025 19:00;122,34
11.01.2025 19:00;11.01.2025 20:00;114,85
11.01.2025 20:00;11.01.2025 21:00;111,19
11.01.2025 21:00;11.01.2025 22:00;104,8
11.01.2025 22:00;11.01.2025 23:00;103,07
11.01.2025 23:00;12.01.2025 00:00;105,69
12.01.2025 00:00;12.01.2025 01:00;83,58
12.01.2025 01:00;12.01.2025 02:00;83,79
12.01.2025 02:00;12.01.2025 03:00;86,75
12.01.2025 03:00;12.01.2025 04:00;84,2
12.01.2025 04:00;12.01.2025 05:00;85,0
12.01.2025 05:00;12.01.2025 06:00;83,75
12.01.2025 06:00;12.01.2025 07:00;85,9
12.01.2025 07:00;12.01.2025 08:00;101,75
12.01.2025 08:00;12.01.2025 09:00;114,67
12.01.2025 09:00;12.01.2025 10:00;120,07
12.01.2025 10:00;12.01.2025 11:00;117,77
12.01.2025 11:00;12.01.2025 12:00;105,61
12.01.2025 12:00;12.01.2025 13:00;102,99
12.01.2025 13:00;12.01.2025 14:00;99,61
12.01.2025 14:00;12.01.2025 15:00;104,74
12.01.2025 15:00;12.01.2025 16:00;118,7
12.01.2025 16:00;12.01.2025 17:00;132,92
12.01.2025 17:00;12.01.2025 18:00;141,0
12.01.2025 18:00;12.01.2025 19:00;146,66
12.01.2025 19:00;12.01.2025 20:00;143,66
12.01.2025 20:00;12.01.2025 21:00;134,86
12.01.2025 21:00;12.01.2025 22:00;127,49
12.01.2025 22:00;12.01.2025 23:00;121,2
12.01.2025 23:00;13.01.2025 00:00;114,9
13.01.2025 00:00;13.01.2025 01:00;112,39
13.01.2025 01:00;13.01.2025 02:00;105,07
13.01.2025 02:00;13.01.2025 03:00;104,46
13.01.2025 03:00;13.01.2025 04:00;100,37
13.01.2025 04:00;13.01.2025 05:00;100,0
13.01.2025 05:00;13.01.2025 06:00;110,11
13.01.2025 06:00;13.01.2025 07:00;140,28
13.01.2025 07:00;13.01.2025 08:00;181,92
13.01.2025 08:00;13.01.2025 09:00;223,09
13.01.2025 09:00;13.01.2025 10:00;174,09
13.01.2025 10:00;13.01.2025 11:00;141,69
13.01.2025 11:00;13.01.2025 12:00;115,73
13.01.2025 12:00;13.01.2025 13:00;104,1
13.01.2025 13:00;13.01.2025 14:00;103,04
13.01.2025 14:00;13.01.2025 15:00;104,67
13.01.2025 15:00;13.01.2025 16:00;138,2
13.01.2025 16:00;13.01.2025 17:00;142,62
13.01.2025 17:00;13.01.2025 18:00;149,0
13.01.2025 18:00;13.01.2025 19:00;149,0
13.01.2025 19:00;13.01.2025 20:00;139,73
13.01.2025 20:00;13.01.2025 21:00;123,18
13.01.2025 21:00;13.01.2025 22:00;120,22
13.01.2025 22:00;13.01.2025 23:00;115,57
13.01.2025 23:00;14.01.2025 00:00;102,31
14.01.2025 00:00;14.01.2025 01:00;106,38
14.01.2025 01:00;14.01.2025 02:00;103,7
14.01.2025 02:00;14.01.2025 03:00;99,08
14.01.2025 03:00;14.01.2025 04:00;97,99
14.01.2025 04:00;14.01.2025 05:00;101,88
14.01.2025 05:00;14.01.2025 06:00;107,64
14.01.2025 06:00;14.01.2025 07:00;123,4
14.01.2025 07:00;14.01.2025 08:00;156,62
14.01.2025 08:00;14.01.2025 09:00;184,03
14.01.2025 09:00;14.01.2025 10:00;151,86
14.01.2025 10:00;14.01.2025 11:00;117,62
14.01.2025 11:00;14.01.2025 12:00;109,31
14.01.2025 12:00;14.01.2025 13:00;103,11
14.01.2025 13:00;14.01.2025 14:00;108,11
14.01.2025 14:00;14.01.2025 15:00;115,35
14.01.2025 15:00;14.01.2025 16:00;125,35
14.01.2025 16:00;14.01.2025 17:00;141,97
14.01.2025 17:00;14.01.2025 18:00;165,86
14.01.2025 18:00;14.01.2025 19:00;170,07
14.01.2025 19:00;14.01.2025 20:00;158,38
14.01.2025 20:00;14.01.2025 21:00;135,46
14.01.2025 21:00;14.01.2025 22:00;117,69
14.01.2025 22:00;14.01.2025 23:00;121,0
14.01.2025 23:00;15.01.2025 00:00;121,76
15.01.2025 00:00;15.01.2025 01:00;108,28
15.01.2025 01:00;15.01.2025 02:00;107,72
15.01.2025 02:00;15.01.2025 03:00;108,41
15.01.2025 03:00;15.01.2025 04:00;108,04
15.01.2025 04:00;15.01.2025 05:00;108,75
15.01.2025 05:00;15.01.2025 06:00;114,92
15.01.2025 06:00;15.01.2025 07:00;134,49
15.01.2025 07:00;15.01.2025 08:00;191,79
15.01.2025 08:00;15.01.2025 09:00;307,24
15.01.2025 09:00;15.01.2025 10:00;315,02
15.01.2025 10:00;15.01.2025 11:00;311,03
15.01.2025 11:00;15.01.2025 12:00;304,8
15.01.2025 12:00;15.01.2025 13:00;311,02
15.01.2025 13:00;15.01.2025 14:00;309,34
15.01.2025 14:00;15.01.2025 15:00;285,83
15.01.2025 15:00;15.01.2025 16:00;301,74
15.01.2025 16:00;15.01.2025 17:00;333,52
15.01.2025 17:00;15.01.2025 18:00;377,99
15.01.2025 18:00;15.01.2025 19:00;324,74
15.01.2025 19:00;15.01.2025 20:00;270,09
15.01.2025 20:00;15.01.2025 21:00;181,66
15.01.2025 21:00;15.01.2025 22:00;150,87
15.01.2025 22:00;15.01.2025 23:00;141,16
15.01.2025 23:00;16.01.2025 00:00;123,9
16.01.2025 00:00;16.01.2025 01:00;126,33
16.01.2025 01:00;16.01.2025 02:00;119,12
16.01.2025 02:00;16.01.2025 03:00;117,62
16.01.2025 03:00;16.01.2025 04:00;115,03
16.01.2025 04:00;16.01.2025 05:00;115,75
16.01.2025 05:00;16.01.2025 06:00;123,27
16.01.2025 06:00;16.01.2025 07:00;138,7
16.01.2025 07:00;16.01.2025 08:00;173,04
16.01.2025 08:00;16.01.2025 09:00;199,65
16.01.2025 09:00;16.01.2025 10:00;175,0
16.01.2025 10:00;16.01.2025 11:00;151,9
16.01.2025 11:00;16.01.2025 12:00;140,64
16.01.2025 12:00;16.01.2025 13:00;131,13
16.01.2025 13:00;16.01.2025 14:00;130,58
16.01.2025 14:00;16.01.2025 15:00;138,42
16.01.2025 15:00;16.01.2025 16:00;163,04
16.01.2025 16:00;16.01.2025 17:00;179,2
16.01.2025 17:00;16.01.2025 18:00;191,56
16.01.2025 18:00;16.01.2025 19:00;184,32
16.01.2025 19:00;16.01.2025 20:00;179,97
16.01.2025 20:00;16.01.2025 21:00;159,6
16.01.2025 21:00;16.01.2025 22:00;141,6
16.01.2025 22:00;16.01.2025 23:00;135,29
16.01.2025 23:00;17.01.2025 00:00;123,75
17.01.2025 00:00;17.01.2025 01:00;118,87
17.01.2025 01:00;17.01.2025 02:00;118,39
17.01.2025 02:00;17.01.2025 03:00;115,71
17.01.2025 03:00;17.01.2025 04:00;114,72
17.01.2025 04:00;17.01.2025 05:00;115,48
17.01.2025 05:00;17.01.2025 06:00;122,16
17.01.2025 06:00;17.01.2025 07:00;140,8
17.01.2025 07:00;17.01.2025 08:00;175,01
17.01.2025 08:00;17.01.2025 09:00;208,13
17.01.2025 09:00;17.01.2025 10:00;175,34
17.01.2025 10:00;17.01.2025 11:00;158,0
17.01.2025 11:00;17.01.2025 12:00;140,73
17.01.2025 12:00;17.01.2025 13:00;126,44
17.01.2025 13:00;17.01.2025 14:00;124,03
17.01.2025 14:00;17.01.2025 15:00;132,99
17.01.2025 15:00;17.01.2025 16:00;151,98
17.01.2025 16:00;17.01.2025 17:00;170,21
17.01.2025 17:00;17.01.2025 18:00;178,79
17.01.2025 18:00;17.01.2025 19:00;179,92
17.01.2025 19:00;17.01.2025 20:00;174,22
17.01.2025 20:00;17.01.2025 21:00;157,91
17.01.2025 21:00;17.01.2025 22:00;145,0
17.01.2025 22:00;17.01.2025 23:00;139,97
17.01.2025 23:00;18.01.2025 00:00;126,84
18.01.2025 00:00;18.01.2025 01:00;125,29
18.01.2025 01:00;18.01.2025 02:00;121,05
18.01.2025 02:00;18.01.2025 03:00;120,98
18.01.2025 03:00;18.01.2025 04:00;118,85
18.01.2025 04:00;18.01.2025 05:00;116,46
18.01.2025 05:00;18.01.2025 06:00;119,77
18.01.2025 06:00;18.01.2025 07:00;119,75
18.01.2025 07:00;18.01.2025 08:00;133,39
18.01.2025 08:00;18.01.2025 09:00;145,63
18.01.2025 09:00;18.01.2025 10:00;144,1
18.01.2025 10:00;18.01.2025 11:00;131,21
18.01.2025 11:00;18.01.2025 12:00;121,56
18.01.2025 12:00;18.01.2025 13:00;118,87
18.01.2025 13:00;18.01.2025 14:00;115,01
18.01.2025 14:00;18.01.2025 15:00;119,32
18.01.2025 15:00;18.01.2025 16:00;133,32
18.01.2025 16:00;18.01.2025 17:00;149,71
18.01.2025 17:00;18.01.2025 18:00;164,59
18.01.2025 18:00;18.01.2025 19:00;167,57
18.01.2025 19:00;18.01.2025 20:00;167,85
18.01.2025 20:00;18.01.2025 21:00;156,12
18.01.2025 21:00;18.01.2025 22:00;143,42
18.01.2025 22:00;18.01.2025 23:00;136,4
18.01.2025 23:00;19.01.2025 00:00;129,36
19.01.2025 00:00;19.01.2025 01:00;129,73
19.01.2025 01:00;19.01.2025 02:00;124,2
19.01.2025 02:00;19.01.2025 03:00;123,05
19.01.2025 03:00;19.01.2025 04:00;121,24
19.01.2025 04:00;19.01.2025 05:00;120,18
19.01.2025 05:00;19.01.2025 06:00;120,0
19.01.2025 06:00;19.01.2025 07:00;121,57
19.01.2025 07:00;19.01.2025 08:00;123,33
19.01.2025 08:00;19.01.2025 09:00;123,6
19.01.2025 09:00;19.01.2025 10:00;125,16
19.01.2025 10:00;19.01.2025 11:00;125,19
19.01.2025 11:00;19.01.2025 12:00;121,56
19.01.2025 12:00;19.01.2025 13:00;112,25
19.01.2025 13:00;19.01.2025 14:00;107,51
19.01.2025 14:00;19.01.2025 15:00;116,81
19.01.2025 15:00;19.01.2025 16:00;126,29
19.01.2025 16:00;19.01.2025 17:00;140,15
19.01.2025 17:00;19.01.2025 18:00;149,67
19.01.2025 18:00;19.01.2025 19:00;159,04
19.01.2025 19:00;19.01.2025 20:00;156,6
19.01.2025 20:00;19.01.2025 21:00;149,06
19.01.2025 21:00;19.01.2025 22:00;139,26
19.01.2025 22:00;19.01.2025 23:00;130,99
19.01.2025 23:00;20.01.2025 00:00;122,94
20.01.2025 00:00;20.01.2025 01:00;122,27
20.01.2025 01:00;20.01.2025 02:00;119,44
20.01.2025 02:00;20.01.2025 03:00;116,56
20.01.2025 03:00;20.01.2025 04:00;114,41
20.01.2025 04:00;20.01.2025 05:00;115,45
20.01.2025 05:00;20.01.2025 06:00;127,54
20.01.2025 06:00;20.01.2025 07:00;161,71
20.01.2025 07:00;20.01.2025 08:00;276,48
20.01.2025 08:00;20.01.2025 09:00;431,99
20.01.2025 09:00;20.01.2025 10:00;291,7
20.01.2025 10:00;20.01.2025 11:00;236,29
20.01.2025 11:00;20.01.2025 12:00;187,48
20.01.2025 12:00;20.01.2025 13:00;176,0
20.01.2025 13:00;20.01.2025 14:00;171,39
20.01.2025 14:00;20.01.2025 15:00;191,85
20.01.2025 15:00;20.01.2025 16:00;277,17
20.01.2025 16:00;20.01.2025 17:00;402,12
20.01.2025 17:00;20.01.2025 18:00;583,4
20.01.2025 18:00;20.01.2025 19:00;473,28
20.01.2025 19:00;20.01.2025 20:00;295,57
20.01.2025 20:00;20.01.2025 21:00;220,0
20.01.2025 21:00;20.01.2025 22:00;170,0
20.01.2025 22:00;20.01.2025 23:00;152,51
20.01.2025 23:00;21.01.2025 00:00;137,98
21.01.2025 00:00;21.01.2025 01:00;127,52
21.01.2025 01:00;21.01.2025 02:00;121,65
21.01.2025 02:00;21.01.2025 03:00;116,67
21.01.2025 03:00;21.01.2025 04:00;113,86
21.01.2025 04:00;21.01.2025 05:00;113,54
21.01.2025 05:00;21.01.2025 06:00;122,34
21.01.2025 06:00;21.01.2025 07:00;142,2
21.01.2025 07:00;21.01.2025 08:00;190,06
21.01.2025 08:00;21.01.2025 09:00;248,32
21.01.2025 09:00;21.01.2025 10:00;211,68
21.01.2025 10:00;21.01.2025 11:00;198,05
21.01.2025 11:00;21.01.2025 12:00;161,5
21.01.2025 12:00;21.01.2025 13:00;147,44
21.01.2025 13:00;21.01.2025 14:00;142,83
21.01.2025 14:00;21.01.2025 15:00;150,05
21.01.2025 15:00;21.01.2025 16:00;173,43
21.01.2025 16:00;21.01.2025 17:00;212,13
21.01.2025 17:00;21.01.2025 18:00;301,15
21.01.2025 18:00;21.01.2025 19:00;251,93
21.01.2025 19:00;21.01.2025 20:00;202,68
21.01.2025 20:00;21.01.2025 21:00;174,84
21.01.2025 21:00;21.01.2025 22:00;155,19
21.01.2025 22:00;21.01.2025 23:00;138,6
21.01.2025 23:00;22.01.2025 00:00;125,29
22.01.2025 00:00;22.01.2025 01:00;128,0
22.01.2025 01:00;22.01.2025 02:00;125,06
22.01.2025 02:00;22.01.2025 03:00;122,22
22.01.2025 03:00;22.01.2025 04:00;121,66
22.01.2025 04:00;22.01.2025 05:00;123,16
22.01.2025 05:00;22.01.2025 06:00;128,32
22.01.2025 06:00;22.01.2025 07:00;156,92
22.01.2025 07:00;22.01.2025 08:00;208,25
22.01.2025 08:00;22.01.2025 09:00;238,6
22.01.2025 09:00;22.01.2025 10:00;199,41
22.01.2025 10:00;22.01.2025 11:00;179,06
22.01.2025 11:00;22.01.2025 12:00;172,94
22.01.2025 12:00;22.01.2025 13:00;165,0
22.01.2025 13:00;22.01.2025 14:00;170,0
22.01.2025 14:00;22.01.2025 15:00;179,92
22.01.2025 15:00;22.01.2025 16:00;195,67
22.01.2025 16:00;22.01.2025 17:00;199,04
22.01.2025 17:00;22.01.2025 18:00;208,99
22.01.2025 18:00;22.01.2025 19:00;180,43
22.01.2025 19:00;22.01.2025 20:00;167,08
22.01.2025 20:00;22.01.2025 21:00;134,49
22.01.2025 21:00;22.01.2025 22:00;127,78
22.01.2025 22:00;22.01.2025 23:00;128,09
22.01.2025 23:00;23.01.2025 00:00;114,68
23.01.2025 00:00;23.01.2025 01:00;113,7
23.01.2025 01:00;23.01.2025 02:00;108,88
23.01.2025 02:00;23.01.2025 03:00;105,58
23.01.2025 03:00;23.01.2025 04:00;100,01
23.01.2025 04:00;23.01.2025 05:00;97,59
23.01.2025 05:00;23.01.2025 06:00;100,01
23.01.2025 06:00;23.01.2025 07:00;106,41
23.01.2025 07:00;23.01.2025 08:00;136,6
23.01.2025 08:00;23.01.2025 09:00;159,03
23.01.2025 09:00;23.01.2025 10:00;155,42
23.01.2025 10:00;23.01.2025 11:00;130,94
23.01.2025 11:00;23.01.2025 12:00;116,1
23.01.2025 12:00;23.01.2025 13:00;94,93
23.01.2025 13:00;23.01.2025 14:00;88,56
23.01.2025 14:00;23.01.2025 15:00;85,86
23.01.2025 15:00;23.01.2025 16:00;89,8
23.01.2025 16:00;23.01.2025 17:00;89,87
23.01.2025 17:00;23.01.2025 18:00;106,75
23.01.2025 18:00;23.01.2025 19:00;112,0
23.01.2025 19:00;23.01.2025 20:00;101,87
23.01.2025 20:00;23.01.2025 21:00;86,36
23.01.2025 21:00;23.01.2025 22:00;74,28
23.01.2025 22:00;23.01.2025 23:00;75,68
23.01.2025 23:00;24.01.2025 00:00;58,23
24.01.2025 00:00;24.01.2025 01:00;69,03
24.01.2025 01:00;24.01.2025 02:00;58,16
24.01.2025 02:00;24.01.2025 03:00;45,05
24.01.2025 03:00;24.01.2025 04:00;40,6
24.01.2025 04:00;24.01.2025 05:00;50,17
24.01.2025 05:00;24.01.2025 06:00;73,2
24.01.2025 06:00;24.01.2025 07:00;85,44
24.01.2025 07:00;24.01.2025 08:00;109,16
24.01.2025 08:00;24.01.2025 09:00;116,23
24.01.2025 09:00;24.01.2025 10:00;96,34
24.01.2025 10:00;24.01.2025 11:00;88,9
24.01.2025 11:00;24.01.2025 12:00;78,44
24.01.2025 12:00;24.01.2025 13:00;76,48
24.01.2025 13:00;24.01.2025 14:00;74,69
24.01.2025 14:00;24.01.2025 15:00;74,51
24.01.2025 15:00;24.01.2025 16:00;74,51
24.01.2025 16:00;24.01.2025 17:00;75,25
24.01.2025 17:00;24.01.2025 18:00;83,02
24.01.2025 18:00;24.01.2025 19:00;88,59
24.01.2025 19:00;24.01.2025 20:00;91,78
24.01.2025 20:00;24.01.2025 21:00;84,99
24.01.2025 21:00;24.01.2025 22:00;80,79
24.01.2025 22:00;24.01.2025 23:00;91,97
24.01.2025 23:00;25.01.2025 00:00;86,29
25.01.2025 00:00;25.01.2025 01:00;59,04
25.01.2025 01:00;25.01.2025 02:00;64,96
25.01.2025 02:00;25.01.2025 03:00;63,55
25.01.2025 03:00;25.01.2025 04:00;67,17
25.01.2025 04:00;25.01.2025 05:00;76,77
25.01.2025 05:00;25.01.2025 06:00;76,89
25.01.2025 06:00;25.01.2025 07:00;79,32
25.01.2025 07:00;25.01.2025 08:00;76,89
25.01.2025 08:00;25.01.2025 09:00;88,99
25.01.2025 09:00;25.01.2025 10:00;87,31
25.01.2025 10:00;25.01.2025 11:00;86,32
25.01.2025 11:00;25.01.2025 12:00;88,15
25.01.2025 12:00;25.01.2025 13:00;82,55
25.01.2025 13:00;25.01.2025 14:00;81,98
25.01.2025 14:00;25.01.2025 15:00;89,0
25.01.2025 15:00;25.01.2025 16:00;111,07
25.01.2025 16:00;25.01.2025 17:00;132,97
25.01.2025 17:00;25.01.2025 18:00;145,85
25.01.2025 18:00;25.01.2025 19:00;151,0
25.01.2025 19:00;25.01.2025 20:00;147,53
25.01.2025 20:00;25.01.2025 21:00;137,6
25.01.2025 21:00;25.01.2025 22:00;134,61
25.01.2025 22:00;25.01.2025 23:00;132,26
25.01.2025 23:00;26.01.2025 00:00;122,03
26.01.2025 00:00;26.01.2025 01:00;126,21
26.01.2025 01:00;26.01.2025 02:00;115,79
26.01.2025 02:00;26.01.2025 03:00;111,3
26.01.2025 03:00;26.01.2025 04:00;106,85
26.01.2025 04:00;26.01.2025 05:00;105,43
26.01.2025 05:00;26.01.2025 06:00;107,86
26.01.2025 06:00;26.01.2025 07:00;110,6
26.01.2025 07:00;26.01.2025 08:00;117,62
26.01.2025 08:00;26.01.2025 09:00;124,17
26.01.2025 09:00;26.01.2025 10:00;121,97
26.01.2025 10:00;26.01.2025 11:00;105,51
26.01.2025 11:00;26.01.2025 12:00;102,57
26.01.2025 12:00;26.01.2025 13:00;96,73
26.01.2025 13:00;26.01.2025 14:00;90,02
26.01.2025 14:00;26.01.2025 15:00;92,52
26.01.2025 15:00;26.01.2025 16:00;111,63
26.01.2025 16:00;26.01.2025 17:00;125,92
26.01.2025 17:00;26.01.2025 18:00;132,77
26.01.2025 18:00;26.01.2025 19:00;118,94
26.01.2025 19:00;26.01.2025 20:00;90,32
26.01.2025 20:00;26.01.2025 21:00;78,93
26.01.2025 21:00;26.01.2025 22:00;68,26
26.01.2025 22:00;26.01.2025 23:00;49,25
26.01.2025 23:00;27.01.2025 00:00;23,89
27.01.2025 00:00;27.01.2025 01:00;40,14
27.01.2025 01:00;27.01.2025 02:00;35,26
27.01.2025 02:00;27.01.2025 03:00;26,38
27.01.2025 03:00;27.01.2025 04:00;14,07
27.01.2025 04:00;27.01.2025 05:00;10,1
27.01.2025 05:00;27.01.2025 06:00;21,52
27.01.2025 06:00;27.01.2025 07:00;34,1
27.01.2025 07:00;27.01.2025 08:00;56,99
27.01.2025 08:00;27.01.2025 09:00;71,76
27.01.2025 09:00;27.01.2025 10:00;62,96
27.01.2025 10:00;27.01.2025 11:00;45,57
27.01.2025 11:00;27.01.2025 12:00;40,11
27.01.2025 12:00;27.01.2025 13:00;35,66
27.01.2025 13:00;27.01.2025 14:00;38,37
27.01.2025 14:00;27.01.2025 15:00;53,95
27.01.2025 15:00;27.01.2025 16:00;86,79
27.01.2025 16:00;27.01.2025 17:00;102,46
27.01.2025 17:00;27.01.2025 18:00;118,56
27.01.2025 18:00;27.01.2025 19:00;118,67
27.01.2025 19:00;27.01.2025 20:00;100,05
27.01.2025 20:00;27.01.2025 21:00;94,07
27.01.2025 21:00;27.01.2025 22:00;85,08
27.01.2025 22:00;27.01.2025 23:00;82,26
27.01.2025 23:00;28.01.2025 00:00;69,28
28.01.2025 00:00;28.01.2025 01:00;76,92
28.01.2025 01:00;28.01.2025 02:00;71,53
28.01.2025 02:00;28.01.2025 03:00;57,33
28.01.2025 03:00;28.01.2025 04:00;69,28
28.01.2025 04:00;28.01.2025 05:00;76,92
28.01.2025 05:00;28.01.2025 06:00;77,59
28.01.2025 06:00;28.01.2025 07:00;98,22
28.01.2025 07:00;28.01.2025 08:00;125,45
28.01.2025 08:00;28.01.2025 09:00;147,5
28.01.2025 09:00;28.01.2025 10:00;135,3
28.01.2025 10:00;28.01.2025 11:00;120,53
28.01.2025 11:00;28.01.2025 12:00;116,34
28.01.2025 12:00;28.01.2025 13:00;114,75
28.01.2025 13:00;28.01.2025 14:00;117,39
28.01.2025 14:00;28.01.2025 15:00;121,33
28.01.2025 15:00;28.01.2025 16:00;139,91
28.01.2025 16:00;28.01.2025 17:00;147,0
28.01.2025 17:00;28.01.2025 18:00;149,6
28.01.2025 18:00;28.01.2025 19:00;134,94
28.01.2025 19:00;28.01.2025 20:00;128,9
28.01.2025 20:00;28.01.2025 21:00;94,76
28.01.2025 21:00;28.01.2025 22:00;87,26
28.01.2025 22:00;28.01.2025 23:00;79,8
28.01.2025 23:00;29.01.2025 00:00;64,43
29.01.2025 00:00;29.01.2025 01:00;87,72
29.01.2025 01:00;29.01.2025 02:00;83,39
29.01.2025 02:00;29.01.2025 03:00;78,16
29.01.2025 03:00;29.01.2025 04:00;75,64
29.01.2025 04:00;29.01.2025 05:00;79,01
29.01.2025 05:00;29.01.2025 06:00;86,98
29.01.2025 06:00;29.01.2025 07:00;93,14
29.01.2025 07:00;29.01.2025 08:00;141,42
29.01.2025 08:00;29.01.2025 09:00;142,54
29.01.2025 09:00;29.01.2025 10:00;130,45
29.01.2025 10:00;29.01.2025 11:00;105,05
29.01.2025 11:00;29.01.2025 12:00;89,25
29.01.2025 12:00;29.01.2025 13:00;85,0
29.01.2025 13:00;29.01.2025 14:00;85,53
29.01.2025 14:00;29.01.2025 15:00;87,67
29.01.2025 15:00;29.01.2025 16:00;102,75
29.01.2025 16:00;29.01.2025 17:00;132,66
29.01.2025 17:00;29.01.2025 18:00;149,57
29.01.2025 18:00;29.01.2025 19:00;150,09
29.01.2025 19:00;29.01.2025 20:00;146,3
29.01.2025 20:00;29.01.2025 21:00;131,95
29.01.2025 21:00;29.01.2025 22:00;119,65
29.01.2025 22:00;29.01.2025 23:00;111,99
29.01.2025 23:00;30.01.2025 00:00;99,33
30.01.2025 00:00;30.01.2025 01:00;92,41
30.01.2025 01:00;30.01.2025 02:00;92,43
30.01.2025 02:00;30.01.2025 03:00;93,33
30.01.2025 03:00;30.01.2025 04:00;92,95
30.01.2025 04:00;30.01.2025 05:00;92,43
30.01.2025 05:00;30.01.2025 06:00;108,65
30.01.2025 06:00;30.01.2025 07:00;139,83
30.01.2025 07:00;30.01.2025 08:00;152,64
30.01.2025 08:00;30.01.2025 09:00;160,3
30.01.2025 09:00;30.01.2025 10:00;151,51
30.01.2025 10:00;30.01.2025 11:00;135,09
30.01.2025 11:00;30.01.2025 12:00;123,25
30.01.2025 12:00;30.01.2025 13:00;115,89
30.01.2025 13:00;30.01.2025 14:00;113,3
30.01.2025 14:00;30.01.2025 15:00;129,41
30.01.2025 15:00;30.01.2025 16:00;153,22
30.01.2025 16:00;30.01.2025 17:00;160,87
30.01.2025 17:00;30.01.2025 18:00;180,36
30.01.2025 18:00;30.01.2025 19:00;176,58
30.01.2025 19:00;30.01.2025 20:00;161,28
30.01.2025 20:00;30.01.2025 21:00;150,2
30.01.2025 21:00;30.01.2025 22:00;134,17
30.01.2025 22:00;30.01.2025 23:00;126,46
30.01.2025 23:00;31.01.2025 00:00;120,2
31.01.2025 00:00;31.01.2025 01:00;120,0
31.01.2025 01:00;31.01.2025 02:00;117,08
31.01.2025 02:00;31.01.2025 03:00;113,89
31.01.2025 03:00;31.01.2025 04:00;113,12
31.01.2025 04:00;31.01.2025 05:00;115,98
31.01.2025 05:00;31.01.2025 06:00;120,74
31.01.2025 06:00;31.01.2025 07:00;131,87
31.01.2025 07:00;31.01.2025 08:00;157,97
31.01.2025 08:00;31.01.2025 09:00;163,7
31.01.2025 09:00;31.01.2025 10:00;154,82
31.01.2025 10:00;31.01.2025 11:00;130,1
31.01.2025 11:00;31.01.2025 12:00;126,2
31.01.2025 12:00;31.01.2025 13:00;120,06
31.01.2025 13:00;31.01.2025 14:00;121,19
31.01.2025 14:00;31.01.2025 15:00;119,76
31.01.2025 15:00;31.01.2025 16:00;149,87
31.01.2025 16:00;31.01.2025 17:00;168,26
31.01.2025 17:00;31.01.2025 18:00;185,26
31.01.2025 18:00;31.01.2025 19:00;184,48
31.01.2025 19:00;31.01.2025 20:00;178,99
31.01.2025 20:00;31.01.2025 21:00;162,66
31.01.2025 21:00;31.01.2025 22:00;152,7
31.01.2025 22:00;31.01.2025 23:00;144,31
31.01.2025 23:00;01.02.2025 00:00;131,41
01.02.2025 00:00;01.02.2025 01:00;136,93
01.02.2025 01:00;01.02.2025 02:00;129,42
01.02.2025 02:00;01.02.2025 03:00;124,24
01.02.2025 03:00;01.02.2025 04:00;119,12
01.02.2025 04:00;01.02.2025 05:00;118,86
01.02.2025 05:00;01.02.2025 06:00;120,54
01.02.2025 06:00;01.02.2025 07:00;127,1
01.02.2025 07:00;01.02.2025 08:00;144,74
01.02.2025 08:00;01.02.2025 09:00;153,46
01.02.2025 09:00;01.02.2025 10:00;142,44
01.02.2025 10:00;01.02.2025 11:00;128,4
01.02.2025 11:00;01.02.2025 12:00;120,08
01.02.2025 12:00;01.02.2025 13:00;110,29
01.02.2025 13:00;01.02.2025 14:00;103,4
01.02.2025 14:00;01.02.2025 15:00;113,7
01.02.2025 15:00;01.02.2025 16:00;129,49
01.02.2025 16:00;01.02.2025 17:00;154,43
01.02.2025 17:00;01.02.2025 18:00;168,27
01.02.2025 18:00;01.02.2025 19:00;167,51
01.02.2025 19:00;01.02.2025 20:00;162,98
01.02.2025 20:00;01.02.2025 21:00;156,6
01.02.2025 21:00;01.02.2025 22:00;145,24
01.02.2025 22:00;01.02.2025 23:00;141,73
01.02.2025 23:00;02.02.2025 00:00;131,74
02.02.2025 00:00;02.02.2025 01:00;133,26
02.02.2025 01:00;02.02.2025 02:00;126,91
02.02.2025 02:00;02.02.2025 03:00;122,99
02.02.2025 03:00;02.02.2025 04:00;120,66
02.02.2025 04:00;02.02.2025 05:00;122,34
02.02.2025 05:00;02.02.2025 06:00;123,41
02.02.2025 06:00;02.02.2025 07:00;128,09
02.02.2025 07:00;02.02.2025 08:00;135,9
02.02.2025 08:00;02.02.2025 09:00;137,3
02.02.2025 09:00;02.02.2025 10:00;137,7
02.02.2025 10:00;02.02.2025 11:00;130,04
02.02.2025 11:00;02.02.2025 12:00;129,33
02.02.2025 12:00;02.02.2025 13:00;122,24
02.02.2025 13:00;02.02.2025 14:00;111,88
02.02.2025 14:00;02.02.2025 15:00;116,42
02.02.2025 15:00;02.02.2025 16:00;127,97
02.02.2025 16:00;02.02.2025 17:00;151,21
02.02.2025 17:00;02.02.2025 18:00;164,03
02.02.2025 18:00;02.02.2025 19:00;172,49
02.02.2025 19:00;02.02.2025 20:00;173,95
02.02.2025 20:00;02.02.2025 21:00;165,5
02.02.2025 21:00;02.02.2025 22:00;155,77
02.02.2025 22:00;02.02.2025 23:00;148,44
02.02.2025 23:00;03.02.2025 00:00;133,24
03.02.2025 00:00;03.02.2025 01:00;129,54
03.02.2025 01:00;03.02.2025 02:00;126,63
03.02.2025 02:00;03.02.2025 03:00;124,72
03.02.2025 03:00;03.02.2025 04:00;120,04
03.02.2025 04:00;03.02.2025 05:00;123,24
03.02.2025 05:00;03.02.2025 06:00;127,77
03.02.2025 06:00;03.02.2025 07:00;159,18
03.02.2025 07:00;03.02.2025 08:00;207,88
03.02.2025 08:00;03.02.2025 09:00;243,23
03.02.2025 09:00;03.02.2025 10:00;178,04
03.02.2025 10:00;03.02.2025 11:00;149,95
03.02.2025 11:00;03.02.2025 12:00;126,05
03.02.2025 12:00;03.02.2025 13:00;117,27
03.02.2025 13:00;03.02.2025 14:00;115,29
03.02.2025 14:00;03.02.2025 15:00;124,18
03.02.2025 15:00;03.02.2025 16:00;145,86
03.02.2025 16:00;03.02.2025 17:00;170,71
03.02.2025 17:00;03.02.2025 18:00;216,0
03.02.2025 18:00;03.02.2025 19:00;200,73
03.02.2025 19:00;03.02.2025 20:00;201,1
03.02.2025 20:00;03.02.2025 21:00;167,74
03.02.2025 21:00;03.02.2025 22:00;153,0
03.02.2025 22:00;03.02.2025 23:00;144,23
03.02.2025 23:00;04.02.2025 00:00;135,81
04.02.2025 00:00;04.02.2025 01:00;132,4
04.02.2025 01:00;04.02.2025 02:00;125,54
04.02.2025 02:00;04.02.2025 03:00;123,18
04.02.2025 03:00;04.02.2025 04:00;123,99
04.02.2025 04:00;04.02.2025 05:00;123,25
04.02.2025 05:00;04.02.2025 06:00;127,63
04.02.2025 06:00;04.02.2025 07:00;155,42
04.02.2025 07:00;04.02.2025 08:00;192,24
04.02.2025 08:00;04.02.2025 09:00;211,99
04.02.2025 09:00;04.02.2025 10:00;163,31
04.02.2025 10:00;04.02.2025 11:00;136,53
04.02.2025 11:00;04.02.2025 12:00;126,57
04.02.2025 12:00;04.02.2025 13:00;116,89
04.02.2025 13:00;04.02.2025 14:00;113,17
04.02.2025 14:00;04.02.2025 15:00;120,09
04.02.2025 15:00;04.02.2025 16:00;127,47
04.02.2025 16:00;04.02.2025 17:00;164,81
04.02.2025 17:00;04.02.2025 18:00;168,99
04.02.2025 18:00;04.02.2025 19:00;175,0
04.02.2025 19:00;04.02.2025 20:00;162,04
04.02.2025 20:00;04.02.2025 21:00;145,01
04.02.2025 21:00;04.02.2025 22:00;132,43
04.02.2025 22:00;04.02.2025 23:00;129,42
04.02.2025 23:00;05.02.2025 00:00;120,62
05.02.2025 00:00;05.02.2025 01:00;113,34
05.02.2025 01:00;05.02.2025 02:00;109,67
05.02.2025 02:00;05.02.2025 03:00;109,4
05.02.2025 03:00;05.02.2025 04:00;108,18
05.02.2025 04:00;05.02.2025 05:00;115,17
05.02.2025 05:00;05.02.2025 06:00;122,42
05.02.2025 06:00;05.02.2025 07:00;139,81
05.02.2025 07:00;05.02.2025 08:00;165,32
05.02.2025 08:00;05.02.2025 09:00;180,81
05.02.2025 09:00;05.02.2025 10:00;159,33
05.02.2025 10:00;05.02.2025 11:00;132,19
05.02.2025 11:00;05.02.2025 12:00;119,96
05.02.2025 12:00;05.02.2025 13:00;115,46
05.02.2025 13:00;05.02.2025 14:00;118,8
05.02.2025 14:00;05.02.2025 15:00;128,85
05.02.2025 15:00;05.02.2025 16:00;144,12
05.02.2025 16:00;05.02.2025 17:00;160,58
05.02.2025 17:00;05.02.2025 18:00;177,19
05.02.2025 18:00;05.02.2025 19:00;189,9
05.02.2025 19:00;05.02.2025 20:00;189,63
05.02.2025 20:00;05.02.2025 21:00;170,0
05.02.2025 21:00;05.02.2025 22:00;155,42
05.02.2025 22:00;05.02.2025 23:00;143,7
05.02.2025 23:00;06.02.2025 00:00;133,21
06.02.2025 00:00;06.02.2025 01:00;133,67
06.02.2025 01:00;06.02.2025 02:00;129,57
06.02.2025 02:00;06.02.2025 03:00;125,87
06.02.2025 03:00;06.02.2025 04:00;125,0
06.02.2025 04:00;06.02.2025 05:00;125,01
06.02.2025 05:00;06.02.2025 06:00;135,28
06.02.2025 06:00;06.02.2025 07:00;156,12
06.02.2025 07:00;06.02.2025 08:00;180,09
06.02.2025 08:00;06.02.2025 09:00;219,42
06.02.2025 09:00;06.02.2025 10:00;178,99
06.02.2025 10:00;06.02.2025 11:00;160,14
06.02.2025 11:00;06.02.2025 12:00;152,56
06.02.2025 12:00;06.02.2025 13:00;147,89
06.02.2025 13:00;06.02.2025 14:00;145,48
06.02.2025 14:00;06.02.2025 15:00;137,79
06.02.2025 15:00;06.02.2025 16:00;150,8
06.02.2025 16:00;06.02.2025 17:00;164,89
06.02.2025 17:00;06.02.2025 18:00;171,59
06.02.2025 18:00;06.02.2025 19:00;170,48
06.02.2025 19:00;06.02.2025 20:00;162,95
06.02.2025 20:00;06.02.2025 21:00;141,33
06.02.2025 21:00;06.02.2025 22:00;131,26
06.02.2025 22:00;06.02.2025 23:00;134,0
06.02.2025 23:00;07.02.2025 00:00;121,95
07.02.2025 00:00;07.02.2025 01:00;126,05
07.02.2025 01:00;07.02.2025 02:00;112,7
07.02.2025 02:00;07.02.2025 03:00;108,82
07.02.2025 03:00;07.02.2025 04:00;105,0
07.02.2025 04:00;07.02.2025 05:00;104,81
07.02.2025 05:00;07.02.2025 06:00;105,07
07.02.2025 06:00;07.02.2025 07:00;112,39
07.02.2025 07:00;07.02.2025 08:00;141,66
07.02.2025 08:00;07.02.2025 09:00;164,21
07.02.2025 09:00;07.02.2025 10:00;150,36
07.02.2025 10:00;07.02.2025 11:00;133,88
07.02.2025 11:00;07.02.2025 12:00;115,14
07.02.2025 12:00;07.02.2025 13:00;111,49
07.02.2025 13:00;07.02.2025 14:00;106,77
07.02.2025 14:00;07.02.2025 15:00;109,59
07.02.2025 15:00;07.02.2025 16:00;111,68
07.02.2025 16:00;07.02.2025 17:00;126,61
07.02.2025 17:00;07.02.2025 18:00;142,85
07.02.2025 18:00;07.02.2025 19:00;149,05
07.02.2025 19:00;07.02.2025 20:00;144,32
07.02.2025 20:00;07.02.2025 21:00;126,93
07.02.2025 21:00;07.02.2025 22:00;100,0
07.02.2025 22:00;07.02.2025 23:00;98,72
07.02.2025 23:00;08.02.2025 00:00;100,14
08.02.2025 00:00;08.02.2025 01:00;81,34
08.02.2025 01:00;08.02.2025 02:00;84,85
08.02.2025 02:00;08.02.2025 03:00;85,8
08.02.2025 03:00;08.02.2025 04:00;87,08
08.02.2025 04:00;08.02.2025 05:00;89,69
08.02.2025 05:00;08.02.2025 06:00;90,99
08.02.2025 06:00;08.02.2025 07:00;90,8
08.02.2025 07:00;08.02.2025 08:00;95,31
08.02.2025 08:00;08.02.2025 09:00;111,11
08.02.2025 09:00;08.02.2025 10:00;92,68
08.02.2025 10:00;08.02.2025 11:00;79,42
08.02.2025 11:00;08.02.2025 12:00;68,75
08.02.2025 12:00;08.02.2025 13:00;67,71
08.02.2025 13:00;08.02.2025 14:00;79,85
08.02.2025 14:00;08.02.2025 15:00;89,85
08.02.2025 15:00;08.02.2025 16:00;118,0
08.02.2025 16:00;08.02.2025 17:00;140,87
08.02.2025 17:00;08.02.2025 18:00;150,0
08.02.2025 18:00;08.02.2025 19:00;160,49
08.02.2025 19:00;08.02.2025 20:00;161,1
08.02.2025 20:00;08.02.2025 21:00;156,42
08.02.2025 21:00;08.02.2025 22:00;149,0
08.02.2025 22:00;08.02.2025 23:00;144,0
08.02.2025 23:00;09.02.2025 00:00;136,31
09.02.2025 00:00;09.02.2025 01:00;135,0
09.02.2025 01:00;09.02.2025 02:00;134,51
09.02.2025 02:00;09.02.2025 03:00;130,18
09.02.2025 03:00;09.02.2025 04:00;119,3
09.02.2025 04:00;09.02.2025 05:00;116,79
09.02.2025 05:00;09.02.2025 06:00;117,0
09.02.2025 06:00;09.02.2025 07:00;117,0
09.02.2025 07:00;09.02.2025 08:00;133,43
09.02.2025 08:00;09.02.2025 09:00;136,77
09.02.2025 09:00;09.02.2025 10:00;123,97
09.02.2025 10:00;09.02.2025 11:00;114,79
09.02.2025 11:00;09.02.2025 12:00;105,65
09.02.2025 12:00;09.02.2025 13:00;98,71
09.02.2025 13:00;09.02.2025 14:00;95,53
09.02.2025 14:00;09.02.2025 15:00;109,9
09.02.2025 15:00;09.02.2025 16:00;120,4
09.02.2025 16:00;09.02.2025 17:00;141,96
09.02.2025 17:00;09.02.2025 18:00;148,58
09.02.2025 18:00;09.02.2025 19:00;161,93
09.02.2025 19:00;09.02.2025 20:00;156,13
09.02.2025 20:00;09.02.2025 21:00;150,65
09.02.2025 21:00;09.02.2025 22:00;142,92
09.02.2025 22:00;09.02.2025 23:00;143,0
09.02.2025 23:00;10.02.2025 00:00;127,97
10.02.2025 00:00;10.02.2025 01:00;118,58
10.02.2025 01:00;10.02.2025 02:00;111,82
10.02.2025 02:00;10.02.2025 03:00;109,22
10.02.2025 03:00;10.02.2025 04:00;106,29
10.02.2025 04:00;10.02.2025 05:00;105,85
10.02.2025 05:00;10.02.2025 06:00;112,0
10.02.2025 06:00;10.02.2025 07:00;145,38
10.02.2025 07:00;10.02.2025 08:00;162,02
10.02.2025 08:00;10.02.2025 09:00;181,36
10.02.2025 09:00;10.02.2025 10:00;163,18
10.02.2025 10:00;10.02.2025 11:00;135,9
10.02.2025 11:00;10.02.2025 12:00;115,28
10.02.2025 12:00;10.02.2025 13:00;109,36
10.02.2025 13:00;10.02.2025 14:00;109,74
10.02.2025 14:00;10.02.2025 15:00;123,07
10.02.2025 15:00;10.02.2025 16:00;128,54
10.02.2025 16:00;10.02.2025 17:00;133,58
10.02.2025 17:00;10.02.2025 18:00;133,82
10.02.2025 18:00;10.02.2025 19:00;142,11
10.02.2025 19:00;10.02.2025 20:00;114,85
10.02.2025 20:00;10.02.2025 21:00;94,37
10.02.2025 21:00;10.02.2025 22:00;91,48
10.02.2025 22:00;10.02.2025 23:00;88,87
10.02.2025 23:00;11.02.2025 00:00;87,38
11.02.2025 00:00;11.02.2025 01:00;77,45
11.02.2025 01:00;11.02.2025 02:00;71,1
11.02.2025 02:00;11.02.2025 03:00;71,62
11.02.2025 03:00;11.02.2025 04:00;74,89
11.02.2025 04:00;11.02.2025 05:00;77,45
11.02.2025 05:00;11.02.2025 06:00;87,44
11.02.2025 06:00;11.02.2025 07:00;100,46
11.02.2025 07:00;11.02.2025 08:00;134,93
11.02.2025 08:00;11.02.2025 09:00;155,53
11.02.2025 09:00;11.02.2025 10:00;141,42
11.02.2025 10:00;11.02.2025 11:00;96,65
11.02.2025 11:00;11.02.2025 12:00;92,78
11.02.2025 12:00;11.02.2025 13:00;97,68
11.02.2025 13:00;11.02.2025 14:00;111,11
11.02.2025 14:00;11.02.2025 15:00;123,46
11.02.2025 15:00;11.02.2025 16:00;143,69
11.02.2025 16:00;11.02.2025 17:00;144,47
11.02.2025 17:00;11.02.2025 18:00;159,97
11.02.2025 18:00;11.02.2025 19:00;168,19
11.02.2025 19:00;11.02.2025 20:00;167,45
11.02.2025 20:00;11.02.2025 21:00;162,63
11.02.2025 21:00;11.02.2025 22:00;148,75
11.02.2025 22:00;11.02.2025 23:00;142,95
11.02.2025 23:00;12.02.2025 00:00;128,24
12.02.2025 00:00;12.02.2025 01:00;129,13
12.02.2025 01:00;12.02.2025 02:00;127,77
12.02.2025 02:00;12.02.2025 03:00;126,82
12.02.2025 03:00;12.02.2025 04:00;126,59
12.02.2025 04:00;12.02.2025 05:00;128,74
12.02.2025 05:00;12.02.2025 06:00;131,24
12.02.2025 06:00;12.02.2025 07:00;151,13
12.02.2025 07:00;12.02.2025 08:00;163,64
12.02.2025 08:00;12.02.2025 09:00;180,0
12.02.2025 09:00;12.02.2025 10:00;174,92
12.02.2025 10:00;12.02.2025 11:00;162,05
12.02.2025 11:00;12.02.2025 12:00;144,01
12.02.2025 12:00;12.02.2025 13:00;137,28
12.02.2025 13:00;12.02.2025 14:00;142,03
12.02.2025 14:00;12.02.2025 15:00;149,4
12.02.2025 15:00;12.02.2025 16:00;159,67
12.02.2025 16:00;12.02.2025 17:00;173,21
12.02.2025 17:00;12.02.2025 18:00;184,59
12.02.2025 18:00;12.02.2025 19:00;197,13
12.02.2025 19:00;12.02.2025 20:00;192,57
12.02.2025 20:00;12.02.2025 21:00;173,9
12.02.2025 21:00;12.02.2025 22:00;155,78
12.02.2025 22:00;12.02.2025 23:00;150,38
12.02.2025 23:00;13.02.2025 00:00;141,81
13.02.2025 00:00;13.02.2025 01:00;140,33
13.02.2025 01:00;13.02.2025 02:00;137,75
13.02.2025 02:00;13.02.2025 03:00;140,79
13.02.2025 03:00;13.02.2025 04:00;136,59
13.02.2025 04:00;13.02.2025 05:00;140,0
13.02.2025 05:00;13.02.2025 06:00;142,0
13.02.2025 06:00;13.02.2025 07:00;159,99
13.02.2025 07:00;13.02.2025 08:00;190,33
13.02.2025 08:00;13.02.2025 09:00;222,36
13.02.2025 09:00;13.02.2025 10:00;220,05
13.02.2025 10:00;13.02.2025 11:00;203,89
13.02.2025 11:00;13.02.2025 12:00;184,68
13.02.2025 12:00;13.02.2025 13:00;174,52
13.02.2025 13:00;13.02.2025 14:00;170,1
13.02.2025 14:00;13.02.2025 15:00;166,7
13.02.2025 15:00;13.02.2025 16:00;170,1
13.02.2025 16:00;13.02.2025 17:00;182,0
13.02.2025 17:00;13.02.2025 18:00;213,05
13.02.2025 18:00;13.02.2025 19:00;207,17
13.02.2025 19:00;13.02.2025 20:00;196,52
13.02.2025 20:00;13.02.2025 21:00;177,03
13.02.2025 21:00;13.02.2025 22:00;162,92
13.02.2025 22:00;13.02.2025 23:00;153,12
13.02.2025 23:00;14.02.2025 00:00;138,97
14.02.2025 00:00;14.02.2025 01:00;139,21
14.02.2025 01:00;14.02.2025 02:00;132,8
14.02.2025 02:00;14.02.2025 03:00;128,5
14.02.2025 03:00;14.02.2025 04:00;127,65
14.02.2025 04:00;14.02.2025 05:00;129,58
14.02.2025 05:00;14.02.2025 06:00;139,59
14.02.2025 06:00;14.02.2025 07:00;162,89
14.02.2025 07:00;14.02.2025 08:00;227,08
14.02.2025 08:00;14.02.2025 09:00;265,64
14.02.2025 09:00;14.02.2025 10:00;215,11
14.02.2025 10:00;14.02.2025 11:00;181,03
14.02.2025 11:00;14.02.2025 12:00;163,01
14.02.2025 12:00;14.02.2025 13:00;149,86
14.02.2025 13:00;14.02.2025 14:00;148,61
14.02.2025 14:00;14.02.2025 15:00;155,8
14.02.2025 15:00;14.02.2025 16:00;175,06
14.02.2025 16:00;14.02.2025 17:00;200,0
14.02.2025 17:00;14.02.2025 18:00;298,91
14.02.2025 18:00;14.02.2025 19:00;293,06
14.02.2025 19:00;14.02.2025 20:00;225,7
14.02.2025 20:00;14.02.2025 21:00;183,55
14.02.2025 21:00;14.02.2025 22:00;163,79
14.02.2025 22:00;14.02.2025 23:00;153,0
14.02.2025 23:00;15.02.2025 00:00;140,03
15.02.2025 00:00;15.02.2025 01:00;135,29
15.02.2025 01:00;15.02.2025 02:00;130,34
15.02.2025 02:00;15.02.2025 03:00;120,0
15.02.2025 03:00;15.02.2025 04:00;118,24
15.02.2025 04:00;15.02.2025 05:00;118,45
15.02.2025 05:00;15.02.2025 06:00;120,37
15.02.2025 06:00;15.02.2025 07:00;133,74
15.02.2025 07:00;15.02.2025 08:00;148,58
15.02.2025 08:00;15.02.2025 09:00;150,67
15.02.2025 09:00;15.02.2025 10:00;137,01
15.02.2025 10:00;15.02.2025 11:00;124,59
15.02.2025 11:00;15.02.2025 12:00;118,36
15.02.2025 12:00;15.02.2025 13:00;112,39
15.02.2025 13:00;15.02.2025 14:00;110,01
15.02.2025 14:00;15.02.2025 15:00;116,15
15.02.2025 15:00;15.02.2025 16:00;128,83
15.02.2025 16:00;15.02.2025 17:00;145,89
15.02.2025 17:00;15.02.2025 18:00;164,54
15.02.2025 18:00;15.02.2025 19:00;174,7
15.02.2025 19:00;15.02.2025 20:00;164,76
15.02.2025 20:00;15.02.2025 21:00;149,65
15.02.2025 21:00;15.02.2025 22:00;128,31
15.02.2025 22:00;15.02.2025 23:00;132,37
15.02.2025 23:00;16.02.2025 00:00;124,54
16.02.2025 00:00;16.02.2025 01:00;134,11
16.02.2025 01:00;16.02.2025 02:00;128,9
16.02.2025 02:00;16.02.2025 03:00;123,57
16.02.2025 03:00;16.02.2025 04:00;119,9
16.02.2025 04:00;16.02.2025 05:00;119,57
16.02.2025 05:00;16.02.2025 06:00;120,18
16.02.2025 06:00;16.02.2025 07:00;119,92
16.02.2025 07:00;16.02.2025 08:00;127,51
16.02.2025 08:00;16.02.2025 09:00;129,6
16.02.2025 09:00;16.02.2025 10:00;130,49
16.02.2025 10:00;16.02.2025 11:00;127,7
16.02.2025 11:00;16.02.2025 12:00;124,03
16.02.2025 12:00;16.02.2025 13:00;124,67
16.02.2025 13:00;16.02.2025 14:00;118,77
16.02.2025 14:00;16.02.2025 15:00;121,02
16.02.2025 15:00;16.02.2025 16:00;129,55
16.02.2025 16:00;16.02.2025 17:00;137,68
16.02.2025 17:00;16.02.2025 18:00;153,98
16.02.2025 18:00;16.02.2025 19:00;169,98
16.02.2025 19:00;16.02.2025 20:00;160,29
16.02.2025 20:00;16.02.2025 21:00;153,72
16.02.2025 21:00;16.02.2025 22:00;139,34
16.02.2025 22:00;16.02.2025 23:00;137,62
16.02.2025 23:00;17.02.2025 00:00;131,51
17.02.2025 00:00;17.02.2025 01:00;128,05
17.02.2025 01:00;17.02.2025 02:00;121,06
17.02.2025 02:00;17.02.2025 03:00;120,34
17.02.2025 03:00;17.02.2025 04:00;125,52
17.02.2025 04:00;17.02.2025 05:00;128,94
17.02.2025 05:00;17.02.2025 06:00;131,54
17.02.2025 06:00;17.02.2025 07:00;153,16
17.02.2025 07:00;17.02.2025 08:00;204,74
17.02.2025 08:00;17.02.2025 09:00;209,79
17.02.2025 09:00;17.02.2025 10:00;171,3
17.02.2025 10:00;17.02.2025 11:00;139,67
17.02.2025 11:00;17.02.2025 12:00;117,19
17.02.2025 12:00;17.02.2025 13:00;109,47
17.02.2025 13:00;17.02.2025 14:00;106,78
17.02.2025 14:00;17.02.2025 15:00;111,89
17.02.2025 15:00;17.02.2025 16:00;132,27
17.02.2025 16:00;17.02.2025 17:00;158,96
17.02.2025 17:00;17.02.2025 18:00;222,92
17.02.2025 18:00;17.02.2025 19:00;271,0
17.02.2025 19:00;17.02.2025 20:00;215,36
17.02.2025 20:00;17.02.2025 21:00;177,86
17.02.2025 21:00;17.02.2025 22:00;155,19
17.02.2025 22:00;17.02.2025 23:00;139,39
17.02.2025 23:00;18.02.2025 00:00;129,57
18.02.2025 00:00;18.02.2025 01:00;132,95
18.02.2025 01:00;18.02.2025 02:00;125,0
18.02.2025 02:00;18.02.2025 03:00;123,56
18.02.2025 03:00;18.02.2025 04:00;117,11
18.02.2025 04:00;18.02.2025 05:00;115,66
18.02.2025 05:00;18.02.2025 06:00;121,93
18.02.2025 06:00;18.02.2025 07:00;143,61
18.02.2025 07:00;18.02.2025 08:00;190,34
18.02.2025 08:00;18.02.2025 09:00;193,8
18.02.2025 09:00;18.02.2025 10:00;143,53
18.02.2025 10:00;18.02.2025 11:00;124,24
18.02.2025 11:00;18.02.2025 12:00;109,71
18.02.2025 12:00;18.02.2025 13:00;96,41
18.02.2025 13:00;18.02.2025 14:00;88,53
18.02.2025 14:00;18.02.2025 15:00;98,35
18.02.2025 15:00;18.02.2025 16:00;110,0
18.02.2025 16:00;18.02.2025 17:00;128,16
18.02.2025 17:00;18.02.2025 18:00;177,61
18.02.2025 18:00;18.02.2025 19:00;174,32
18.02.2025 19:00;18.02.2025 20:00;155,91
18.02.2025 20:00;18.02.2025 21:00;142,42
18.02.2025 21:00;18.02.2025 22:00;129,41
18.02.2025 22:00;18.02.2025 23:00;121,9
18.02.2025 23:00;19.02.2025 00:00;114,45
19.02.2025 00:00;19.02.2025 01:00;104,54
19.02.2025 01:00;19.02.2025 02:00;99,29
19.02.2025 02:00;19.02.2025 03:00;99,6
19.02.2025 03:00;19.02.2025 04:00;97,29
19.02.2025 04:00;19.02.2025 05:00;94,5
19.02.2025 05:00;19.02.2025 06:00;97,48
19.02.2025 06:00;19.02.2025 07:00;115,0
19.02.2025 07:00;19.02.2025 08:00;149,5
19.02.2025 08:00;19.02.2025 09:00;166,37
19.02.2025 09:00;19.02.2025 10:00;128,76
19.02.2025 10:00;19.02.2025 11:00;107,91
19.02.2025 11:00;19.02.2025 12:00;89,28
19.02.2025 12:00;19.02.2025 13:00;81,52
19.02.2025 13:00;19.02.2025 14:00;82,74
19.02.2025 14:00;19.02.2025 15:00;85,2
19.02.2025 15:00;19.02.2025 16:00;90,63
19.02.2025 16:00;19.02.2025 17:00;110,03
19.02.2025 17:00;19.02.2025 18:00;131,28
19.02.2025 18:00;19.02.2025 19:00;142,98
19.02.2025 19:00;19.02.2025 20:00;144,42
19.02.2025 20:00;19.02.2025 21:00;120,9
19.02.2025 21:00;19.02.2025 22:00;113,75
19.02.2025 22:00;19.02.2025 23:00;107,13
19.02.2025 23:00;20.02.2025 00:00;99,81
20.02.2025 00:00;20.02.2025 01:00;86,17
20.02.2025 01:00;20.02.2025 02:00;85,2
20.02.2025 02:00;20.02.2025 03:00;84,56
20.02.2025 03:00;20.02.2025 04:00;83,64
20.02.2025 04:00;20.02.2025 05:00;82,18
20.02.2025 05:00;20.02.2025 06:00;83,84
20.02.2025 06:00;20.02.2025 07:00;86,31
20.02.2025 07:00;20.02.2025 08:00;110,41
20.02.2025 08:00;20.02.2025 09:00;127,98
20.02.2025 09:00;20.02.2025 10:00;105,87
20.02.2025 10:00;20.02.2025 11:00;93,72
20.02.2025 11:00;20.02.2025 12:00;87,23
20.02.2025 12:00;20.02.2025 13:00;86,87
20.02.2025 13:00;20.02.2025 14:00;84,51
20.02.2025 14:00;20.02.2025 15:00;84,78
20.02.2025 15:00;20.02.2025 16:00;90,05
20.02.2025 16:00;20.02.2025 17:00;98,34
20.02.2025 17:00;20.02.2025 18:00;110,13
20.02.2025 18:00;20.02.2025 19:00;112,38
20.02.2025 19:00;20.02.2025 20:00;122,45
20.02.2025 20:00;20.02.2025 21:00;105,91
20.02.2025 21:00;20.02.2025 22:00;92,41
20.02.2025 22:00;20.02.2025 23:00;90,84
20.02.2025 23:00;21.02.2025 00:00;83,0
21.02.2025 00:00;21.02.2025 01:00;75,51
21.02.2025 01:00;21.02.2025 02:00;74,99
21.02.2025 02:00;21.02.2025 03:00;79,8
21.02.2025 03:00;21.02.2025 04:00;83,4
21.02.2025 04:00;21.02.2025 05:00;82,4
21.02.2025 05:00;21.02.2025 06:00;82,03
21.02.2025 06:00;21.02.2025 07:00;106,47
21.02.2025 07:00;21.02.2025 08:00;152,5
21.02.2025 08:00;21.02.2025 09:00;145,21
21.02.2025 09:00;21.02.2025 10:00;120,98
21.02.2025 10:00;21.02.2025 11:00;98,68
21.02.2025 11:00;21.02.2025 12:00;83,4
21.02.2025 12:00;21.02.2025 13:00;78,0
21.02.2025 13:00;21.02.2025 14:00;76,41
21.02.2025 14:00;21.02.2025 15:00;79,52
21.02.2025 15:00;21.02.2025 16:00;82,94
21.02.2025 16:00;21.02.2025 17:00;103,47
21.02.2025 17:00;21.02.2025 18:00;103,45
21.02.2025 18:00;21.02.2025 19:00;101,98
21.02.2025 19:00;21.02.2025 20:00;81,95
21.02.2025 20:00;21.02.2025 21:00;80,25
21.02.2025 21:00;21.02.2025 22:00;70,85
21.02.2025 22:00;21.02.2025 23:00;70,64
21.02.2025 23:00;22.02.2025 00:00;64,33
22.02.2025 00:00;22.02.2025 01:00;50,99
22.02.2025 01:00;22.02.2025 02:00;48,62
22.02.2025 02:00;22.02.2025 03:00;47,96
22.02.2025 03:00;22.02.2025 04:00;42,62
22.02.2025 04:00;22.02.2025 05:00;41,2
22.02.2025 05:00;22.02.2025 06:00;49,15
22.02.2025 06:00;22.02.2025 07:00;49,11
22.02.2025 07:00;22.02.2025 08:00;61,22
22.02.2025 08:00;22.02.2025 09:00;68,25
22.02.2025 09:00;22.02.2025 10:00;67,74
22.02.2025 10:00;22.02.2025 11:00;53,21
22.02.2025 11:00;22.02.2025 12:00;47,13
22.02.2025 12:00;22.02.2025 13:00;40,4
22.02.2025 13:00;22.02.2025 14:00;52,69
22.02.2025 14:00;22.02.2025 15:00;68,0
22.02.2025 15:00;22.02.2025 16:00;85,6
22.02.2025 16:00;22.02.2025 17:00;100,95
22.02.2025 17:00;22.02.2025 18:00;108,38
22.02.2025 18:00;22.02.2025 19:00;106,98
22.02.2025 19:00;22.02.2025 20:00;115,18
22.02.2025 20:00;22.02.2025 21:00;103,0
22.02.2025 21:00;22.02.2025 22:00;101,58
22.02.2025 22:00;22.02.2025 23:00;94,27
22.02.2025 23:00;23.02.2025 00:00;83,51
23.02.2025 00:00;23.02.2025 01:00;91,1
23.02.2025 01:00;23.02.2025 02:00;84,99
23.02.2025 02:00;23.02.2025 03:00;86,21
23.02.2025 03:00;23.02.2025 04:00;83,63
23.02.2025 04:00;23.02.2025 05:00;85,77
23.02.2025 05:00;23.02.2025 06:00;87,33
23.02.2025 06:00;23.02.2025 07:00;87,7
23.02.2025 07:00;23.02.2025 08:00;108,0
23.02.2025 08:00;23.02.2025 09:00;112,24
23.02.2025 09:00;23.02.2025 10:00;99,35
23.02.2025 10:00;23.02.2025 11:00;83,0
23.02.2025 11:00;23.02.2025 12:00;81,5
23.02.2025 12:00;23.02.2025 13:00;71,12
23.02.2025 13:00;23.02.2025 14:00;69,2
23.02.2025 14:00;23.02.2025 15:00;64,75
23.02.2025 15:00;23.02.2025 16:00;69,11
23.02.2025 16:00;23.02.2025 17:00;84,7
23.02.2025 17:00;23.02.2025 18:00;150,45
23.02.2025 18:00;23.02.2025 19:00;154,69
23.02.2025 19:00;23.02.2025 20:00;117,02
23.02.2025 20:00;23.02.2025 21:00;96,03
23.02.2025 21:00;23.02.2025 22:00;77,32
23.02.2025 22:00;23.02.2025 23:00;73,81
23.02.2025 23:00;24.02.2025 00:00;65,99
24.02.2025 00:00;24.02.2025 01:00;70,83
24.02.2025 01:00;24.02.2025 02:00;67,99
24.02.2025 02:00;24.02.2025 03:00;40,98
24.02.2025 03:00;24.02.2025 04:00;37,1
24.02.2025 04:00;24.02.2025 05:00;65,34
24.02.2025 05:00;24.02.2025 06:00;70,03
24.02.2025 06:00;24.02.2025 07:00;81,0
24.02.2025 07:00;24.02.2025 08:00;84,8
24.02.2025 08:00;24.02.2025 09:00;106,68
24.02.2025 09:00;24.02.2025 10:00;93,26
24.02.2025 10:00;24.02.2025 11:00;79,04
24.02.2025 11:00;24.02.2025 12:00;83,44
24.02.2025 12:00;24.02.2025 13:00;81,63
24.02.2025 13:00;24.02.2025 14:00;83,0
24.02.2025 14:00;24.02.2025 15:00;86,4
24.02.2025 15:00;24.02.2025 16:00;92,55
24.02.2025 16:00;24.02.2025 17:00;100,7
24.02.2025 17:00;24.02.2025 18:00;112,94
24.02.2025 18:00;24.02.2025 19:00;137,81
24.02.2025 19:00;24.02.2025 20:00;148,71
24.02.2025 20:00;24.02.2025 21:00;129,27
24.02.2025 21:00;24.02.2025 22:00;112,29
24.02.2025 22:00;24.02.2025 23:00;112,9
24.02.2025 23:00;25.02.2025 00:00;106,48
25.02.2025 00:00;25.02.2025 01:00;90,6
25.02.2025 01:00;25.02.2025 02:00;89,91
25.02.2025 02:00;25.02.2025 03:00;93,39
25.02.2025 03:00;25.02.2025 04:00;93,86
25.02.2025 04:00;25.02.2025 05:00;97,43
25.02.2025 05:00;25.02.2025 06:00;105,78
25.02.2025 06:00;25.02.2025 07:00;144,87
25.02.2025 07:00;25.02.2025 08:00;167,16
25.02.2025 08:00;25.02.2025 09:00;173,34
25.02.2025 09:00;25.02.2025 10:00;153,73
25.02.2025 10:00;25.02.2025 11:00;140,36
25.02.2025 11:00;25.02.2025 12:00;126,75
25.02.2025 12:00;25.02.2025 13:00;124,63
25.02.2025 13:00;25.02.2025 14:00;125,81
25.02.2025 14:00;25.02.2025 15:00;134,38
25.02.2025 15:00;25.02.2025 16:00;148,34
25.02.2025 16:00;25.02.2025 17:00;170,68
25.02.2025 17:00;25.02.2025 18:00;207,97
25.02.2025 18:00;25.02.2025 19:00;233,05
25.02.2025 19:00;25.02.2025 20:00;188,09
25.02.2025 20:00;25.02.2025 21:00;156,96
25.02.2025 21:00;25.02.2025 22:00;142,47
25.02.2025 22:00;25.02.2025 23:00;129,46
25.02.2025 23:00;26.02.2025 00:00;115,13
26.02.2025 00:00;26.02.2025 01:00;122,99
26.02.2025 01:00;26.02.2025 02:00;119,82
26.02.2025 02:00;26.02.2025 03:00;116,94
26.02.2025 03:00;26.02.2025 04:00;115,98
26.02.2025 04:00;26.02.2025 05:00;116,56
26.02.2025 05:00;26.02.2025 06:00;117,27
26.02.2025 06:00;26.02.2025 07:00;132,65
26.02.2025 07:00;26.02.2025 08:00;159,93
26.02.2025 08:00;26.02.2025 09:00;175,19
26.02.2025 09:00;26.02.2025 10:00;160,22
26.02.2025 10:00;26.02.2025 11:00;141,37
26.02.2025 11:00;26.02.2025 12:00;129,95
26.02.2025 12:00;26.02.2025 13:00;120,53
26.02.2025 13:00;26.02.2025 14:00;119,89
26.02.2025 14:00;26.02.2025 15:00;125,12
26.02.2025 15:00;26.02.2025 16:00;132,9
26.02.2025 16:00;26.02.2025 17:00;149,75
26.02.2025 17:00;26.02.2025 18:00;165,01
26.02.2025 18:00;26.02.2025 19:00;172,57
26.02.2025 19:00;26.02.2025 20:00;162,82
26.02.2025 20:00;26.02.2025 21:00;147,38
26.02.2025 21:00;26.02.2025 22:00;118,44
26.02.2025 22:00;26.02.2025 23:00;120,94
26.02.2025 23:00;27.02.2025 00:00;112,46
27.02.2025 00:00;27.02.2025 01:00;101,48
27.02.2025 01:00;27.02.2025 02:00;103,81
27.02.2025 02:00;27.02.2025 03:00;101,24
27.02.2025 03:00;27.02.2025 04:00;99,6
27.02.2025 04:00;27.02.2025 05:00;100,43
27.02.2025 05:00;27.02.2025 06:00;105,87
27.02.2025 06:00;27.02.2025 07:00;115,18
27.02.2025 07:00;27.02.2025 08:00;152,32
27.02.2025 08:00;27.02.2025 09:00;159,05
27.02.2025 09:00;27.02.2025 10:00;142,58
27.02.2025 10:00;27.02.2025 11:00;129,94
27.02.2025 11:00;27.02.2025 12:00;110,0
27.02.2025 12:00;27.02.2025 13:00;101,1
27.02.2025 13:00;27.02.2025 14:00;109,25
27.02.2025 14:00;27.02.2025 15:00;110,0
27.02.2025 15:00;27.02.2025 16:00;123,0
27.02.2025 16:00;27.02.2025 17:00;142,62
27.02.2025 17:00;27.02.2025 18:00;158,69
27.02.2025 18:00;27.02.2025 19:00;174,71
27.02.2025 19:00;27.02.2025 20:00;163,17
27.02.2025 20:00;27.02.2025 21:00;144,61
27.02.2025 21:00;27.02.2025 22:00;136,54
27.02.2025 22:00;27.02.2025 23:00;124,69
27.02.2025 23:00;28.02.2025 00:00;114,89
28.02.2025 00:00;28.02.2025 01:00;115,47
28.02.2025 01:00;28.02.2025 02:00;110,54
28.02.2025 02:00;28.02.2025 03:00;109,38
28.02.2025 03:00;28.02.2025 04:00;106,93
28.02.2025 04:00;28.02.2025 05:00;112,03
28.02.2025 05:00;28.02.2025 06:00;112,63
28.02.2025 06:00;28.02.2025 07:00;135,99
28.02.2025 07:00;28.02.2025 08:00;150,0
28.02.2025 08:00;28.02.2025 09:00;161,82
28.02.2025 09:00;28.02.2025 10:00;145,5
28.02.2025 10:00;28.02.2025 11:00;127,7
28.02.2025 11:00;28.02.2025 12:00;115,97
28.02.2025 12:00;28.02.2025 13:00;109,51
28.02.2025 13:00;28.02.2025 14:00;108,57
28.02.2025 14:00;28.02.2025 15:00;111,58
28.02.2025 15:00;28.02.2025 16:00;125,57
28.02.2025 16:00;28.02.2025 17:00;135,05
28.02.2025 17:00;28.02.2025 18:00;152,85
28.02.2025 18:00;28.02.2025 19:00;161,24
28.02.2025 19:00;28.02.2025 20:00;158,86
28.02.2025 20:00;28.02.2025 21:00;143,96
28.02.2025 21:00;28.02.2025 22:00;132,94
28.02.2025 22:00;28.02.2025 23:00;127,43
28.02.2025 23:00;01.03.2025 00:00;119,03
01.03.2025 00:00;01.03.2025 01:00;128,19
01.03.2025 01:00;01.03.2025 02:00;120,38
01.03.2025 02:00;01.03.2025 03:00;117,09
01.03.2025 03:00;01.03.2025 04:00;112,15
01.03.2025 04:00;01.03.2025 05:00;109,75
01.03.2025 05:00;01.03.2025 06:00;114,38
01.03.2025 06:00;01.03.2025 07:00;118,86
01.03.2025 07:00;01.03.2025 08:00;135,79
01.03.2025 08:00;01.03.2025 09:00;138,79
01.03.2025 09:00;01.03.2025 10:00;137,74
01.03.2025 10:00;01.03.2025 11:00;125,08
01.03.2025 11:00;01.03.2025 12:00;112,11
01.03.2025 12:00;01.03.2025 13:00;102,21
01.03.2025 13:00;01.03.2025 14:00;97,27
01.03.2025 14:00;01.03.2025 15:00;99,39
01.03.2025 15:00;01.03.2025 16:00;109,23
01.03.2025 16:00;01.03.2025 17:00;125,41
01.03.2025 17:00;01.03.2025 18:00;145,0
01.03.2025 18:00;01.03.2025 19:00;158,55
01.03.2025 19:00;01.03.2025 20:00;150,78
01.03.2025 20:00;01.03.2025 21:00;137,29
01.03.2025 21:00;01.03.2025 22:00;128,6
01.03.2025 22:00;01.03.2025 23:00;123,57
01.03.2025 23:00;02.03.2025 00:00;119,92
02.03.2025 00:00;02.03.2025 01:00;123,94
02.03.2025 01:00;02.03.2025 02:00;107,54
02.03.2025 02:00;02.03.2025 03:00;99,32
02.03.2025 03:00;02.03.2025 04:00;93,01
02.03.2025 04:00;02.03.2025 05:00;94,23
02.03.2025 05:00;02.03.2025 06:00;93,98
02.03.2025 06:00;02.03.2025 07:00;95,89
02.03.2025 07:00;02.03.2025 08:00;102,6
02.03.2025 08:00;02.03.2025 09:00;103,11
02.03.2025 09:00;02.03.2025 10:00;89,0
02.03.2025 10:00;02.03.2025 11:00;68,3
02.03.2025 11:00;02.03.2025 12:00;49,0
02.03.2025 12:00;02.03.2025 13:00;27,5
02.03.2025 13:00;02.03.2025 14:00;3,13
02.03.2025 14:00;02.03.2025 15:00;2,84
02.03.2025 15:00;02.03.2025 16:00;50,73
02.03.2025 16:00;02.03.2025 17:00;80,43
02.03.2025 17:00;02.03.2025 18:00;126,55
02.03.2025 18:00;02.03.2025 19:00;143,09
02.03.2025 19:00;02.03.2025 20:00;146,1
02.03.2025 20:00;02.03.2025 21:00;132,98
02.03.2025 21:00;02.03.2025 22:00;120,0
02.03.2025 22:00;02.03.2025 23:00;120,79
02.03.2025 23:00;03.03.2025 00:00;112,78
03.03.2025 00:00;03.03.2025 01:00;108,01
03.03.2025 01:00;03.03.2025 02:00;103,69
03.03.2025 02:00;03.03.2025 03:00;102,79
03.03.2025 03:00;03.03.2025 04:00;99,7
03.03.2025 04:00;03.03.2025 05:00;103,37
03.03.2025 05:00;03.03.2025 06:00;116,7
03.03.2025 06:00;03.03.2025 07:00;137,51
03.03.2025 07:00;03.03.2025 08:00;163,0
03.03.2025 08:00;03.03.2025 09:00;147,52
03.03.2025 09:00;03.03.2025 10:00;106,74
03.03.2025 10:00;03.03.2025 11:00;72,39
03.03.2025 11:00;03.03.2025 12:00;6,4
03.03.2025 12:00;03.03.2025 13:00;0,33
03.03.2025 13:00;03.03.2025 14:00;0,01
03.03.2025 14:00;03.03.2025 15:00;61,4
03.03.2025 15:00;03.03.2025 16:00;84,1
03.03.2025 16:00;03.03.2025 17:00;106,36
03.03.2025 17:00;03.03.2025 18:00;148,79
03.03.2025 18:00;03.03.2025 19:00;183,95
03.03.2025 19:00;03.03.2025 20:00;175,93
03.03.2025 20:00;03.03.2025 21:00;150,49
03.03.2025 21:00;03.03.2025 22:00;128,21
03.03.2025 22:00;03.03.2025 23:00;124,93
03.03.2025 23:00;04.03.2025 00:00;122,46
04.03.2025 00:00;04.03.2025 01:00;121,0
04.03.2025 01:00;04.03.2025 02:00;109,44
04.03.2025 02:00;04.03.2025 03:00;103,79
04.03.2025 03:00;04.03.2025 04:00;104,82
04.03.2025 04:00;04.03.2025 05:00;100,28
04.03.2025 05:00;04.03.2025 06:00;111,51
04.03.2025 06:00;04.03.2025 07:00;141,86
04.03.2025 07:00;04.03.2025 08:00;169,61
04.03.2025 08:00;04.03.2025 09:00;141,95
04.03.2025 09:00;04.03.2025 10:00;110,98
04.03.2025 10:00;04.03.2025 11:00;80,02
04.03.2025 11:00;04.03.2025 12:00;48,58
04.03.2025 12:00;04.03.2025 13:00;20,53
04.03.2025 13:00;04.03.2025 14:00;14,34
04.03.2025 14:00;04.03.2025 15:00;52,31
04.03.2025 15:00;04.03.2025 16:00;81,29
04.03.2025 16:00;04.03.2025 17:00;111,15
04.03.2025 17:00;04.03.2025 18:00;148,61
04.03.2025 18:00;04.03.2025 19:00;180,92
04.03.2025 19:00;04.03.2025 20:00;163,67
04.03.2025 20:00;04.03.2025 21:00;134,13
04.03.2025 21:00;04.03.2025 22:00;114,38
04.03.2025 22:00;04.03.2025 23:00;114,41
04.03.2025 23:00;05.03.2025 00:00;106,81
05.03.2025 00:00;05.03.2025 01:00;90,05
05.03.2025 01:00;05.03.2025 02:00;83,07
05.03.2025 02:00;05.03.2025 03:00;83,01
05.03.2025 03:00;05.03.2025 04:00;79,71
05.03.2025 04:00;05.03.2025 05:00;81,63
05.03.2025 05:00;05.03.2025 06:00;91,94
05.03.2025 06:00;05.03.2025 07:00;115,57
05.03.2025 07:00;05.03.2025 08:00;140,16
05.03.2025 08:00;05.03.2025 09:00;85,64
05.03.2025 09:00;05.03.2025 10:00;41,63
05.03.2025 10:00;05.03.2025 11:00;0,02
05.03.2025 11:00;05.03.2025 12:00;-0,07
05.03.2025 12:00;05.03.2025 13:00;-4,28
05.03.2025 13:00;05.03.2025 14:00;-3,7
05.03.2025 14:00;05.03.2025 15:00;0,05
05.03.2025 15:00;05.03.2025 16:00;48,5
05.03.2025 16:00;05.03.2025 17:00;89,89
05.03.2025 17:00;05.03.2025 18:00;133,13
05.03.2025 18:00;05.03.2025 19:00;146,23
05.03.2025 19:00;05.03.2025 20:00;145,89
05.03.2025 20:00;05.03.2025 21:00;123,0
05.03.2025 21:00;05.03.2025 22:00;108,12
05.03.2025 22:00;05.03.2025 23:00;109,12
05.03.2025 23:00;06.03.2025 00:00;96,98
06.03.2025 00:00;06.03.2025 01:00;83,9
06.03.2025 01:00;06.03.2025 02:00;84,84
06.03.2025 02:00;06.03.2025 03:00;87,0
06.03.2025 03:00;06.03.2025 04:00;88,12
06.03.2025 04:00;06.03.2025 05:00;94,56
06.03.2025 05:00;06.03.2025 06:00;95,91
06.03.2025 06:00;06.03.2025 07:00;139,28
06.03.2025 07:00;06.03.2025 08:00;151,32
06.03.2025 08:00;06.03.2025 09:00;108,5
06.03.2025 09:00;06.03.2025 10:00;78,7
06.03.2025 10:00;06.03.2025 11:00;50,47
06.03.2025 11:00;06.03.2025 12:00;4,02
06.03.2025 12:00;06.03.2025 13:00;0,08
06.03.2025 13:00;06.03.2025 14:00;0,02
06.03.2025 14:00;06.03.2025 15:00;13,16
06.03.2025 15:00;06.03.2025 16:00;71,0
06.03.2025 16:00;06.03.2025 17:00;116,52
06.03.2025 17:00;06.03.2025 18:00;148,95
06.03.2025 18:00;06.03.2025 19:00;165,36
06.03.2025 19:00;06.03.2025 20:00;149,1
06.03.2025 20:00;06.03.2025 21:00;125,64
06.03.2025 21:00;06.03.2025 22:00;106,63
06.03.2025 22:00;06.03.2025 23:00;101,47
06.03.2025 23:00;07.03.2025 00:00;91,11
07.03.2025 00:00;07.03.2025 01:00;90,27
07.03.2025 01:00;07.03.2025 02:00;90,27
07.03.2025 02:00;07.03.2025 03:00;91,38
07.03.2025 03:00;07.03.2025 04:00;91,69
07.03.2025 04:00;07.03.2025 05:00;99,0
07.03.2025 05:00;07.03.2025 06:00;115,17
07.03.2025 06:00;07.03.2025 07:00;135,67
07.03.2025 07:00;07.03.2025 08:00;147,7
07.03.2025 08:00;07.03.2025 09:00;122,23
07.03.2025 09:00;07.03.2025 10:00;83,0
07.03.2025 10:00;07.03.2025 11:00;65,3
07.03.2025 11:00;07.03.2025 12:00;31,81
07.03.2025 12:00;07.03.2025 13:00;12,79
07.03.2025 13:00;07.03.2025 14:00;8,08
07.03.2025 14:00;07.03.2025 15:00;37,06
07.03.2025 15:00;07.03.2025 16:00;90,15
07.03.2025 16:00;07.03.2025 17:00;126,99
07.03.2025 17:00;07.03.2025 18:00;149,91
07.03.2025 18:00;07.03.2025 19:00;216,64
07.03.2025 19:00;07.03.2025 20:00;178,68
07.03.2025 20:00;07.03.2025 21:00;148,7
07.03.2025 21:00;07.03.2025 22:00;132,4
07.03.2025 22:00;07.03.2025 23:00;119,11
07.03.2025 23:00;08.03.2025 00:00;111,83
08.03.2025 00:00;08.03.2025 01:00;124,97
08.03.2025 01:00;08.03.2025 02:00;113,94
08.03.2025 02:00;08.03.2025 03:00;117,22
08.03.2025 03:00;08.03.2025 04:00;116,76
08.03.2025 04:00;08.03.2025 05:00;118,42
08.03.2025 05:00;08.03.2025 06:00;121,3
08.03.2025 06:00;08.03.2025 07:00;127,82
08.03.2025 07:00;08.03.2025 08:00;120,59
08.03.2025 08:00;08.03.2025 09:00;98,04
08.03.2025 09:00;08.03.2025 10:00;72,54
08.03.2025 10:00;08.03.2025 11:00;18,05
08.03.2025 11:00;08.03.2025 12:00;2,07
08.03.2025 12:00;08.03.2025 13:00;-0,34
08.03.2025 13:00;08.03.2025 14:00;-0,1
08.03.2025 14:00;08.03.2025 15:00;0,07
08.03.2025 15:00;08.03.2025 16:00;56,2
08.03.2025 16:00;08.03.2025 17:00;100,86
08.03.2025 17:00;08.03.2025 18:00;145,58
08.03.2025 18:00;08.03.2025 19:00;174,05
08.03.2025 19:00;08.03.2025 20:00;140,03
08.03.2025 20:00;08.03.2025 21:00;111,21
08.03.2025 21:00;08.03.2025 22:00;100,0
08.03.2025 22:00;08.03.2025 23:00;99,24
08.03.2025 23:00;09.03.2025 00:00;97,94
09.03.2025 00:00;09.03.2025 01:00;95,19
09.03.2025 01:00;09.03.2025 02:00;94,81
09.03.2025 02:00;09.03.2025 03:00;94,44
09.03.2025 03:00;09.03.2025 04:00;96,51
09.03.2025 04:00;09.03.2025 05:00;98,67
09.03.2025 05:00;09.03.2025 06:00;101,51
09.03.2025 06:00;09.03.2025 07:00;100,0
09.03.2025 07:00;09.03.2025 08:00;93,01
09.03.2025 08:00;09.03.2025 09:00;65,4
09.03.2025 09:00;09.03.2025 10:00;29,27
09.03.2025 10:00;09.03.2025 11:00;10,1
09.03.2025 11:00;09.03.2025 12:00;0,03
09.03.2025 12:00;09.03.2025 13:00;-2,26
09.03.2025 13:00;09.03.2025 14:00;-2,04
09.03.2025 14:00;09.03.2025 15:00;0,09
09.03.2025 15:00;09.03.2025 16:00;17,39
09.03.2025 16:00;09.03.2025 17:00;90,56
09.03.2025 17:00;09.03.2025 18:00;125,74
09.03.2025 18:00;09.03.2025 19:00;135,37
09.03.2025 19:00;09.03.2025 20:00;136,7
09.03.2025 20:00;09.03.2025 21:00;130,2
09.03.2025 21:00;09.03.2025 22:00;122,7
09.03.2025 22:00;09.03.2025 23:00;112,8
09.03.2025 23:00;10.03.2025 00:00;106,83
10.03.2025 00:00;10.03.2025 01:00;96,83
10.03.2025 01:00;10.03.2025 02:00;94,92
10.03.2025 02:00;10.03.2025 03:00;96,7
10.03.2025 03:00;10.03.2025 04:00;96,87
10.03.2025 04:00;10.03.2025 05:00;94,65
10.03.2025 05:00;10.03.2025 06:00;106,37
10.03.2025 06:00;10.03.2025 07:00;148,49
10.03.2025 07:00;10.03.2025 08:00;159,75
10.03.2025 08:00;10.03.2025 09:00;133,96
10.03.2025 09:00;10.03.2025 10:00;98,88
10.03.2025 10:00;10.03.2025 11:00;84,38
10.03.2025 11:00;10.03.2025 12:00;77,88
10.03.2025 12:00;10.03.2025 13:00;76,02
10.03.2025 13:00;10.03.2025 14:00;77,32
10.03.2025 14:00;10.03.2025 15:00;83,91
10.03.2025 15:00;10.03.2025 16:00;97,47
10.03.2025 16:00;10.03.2025 17:00;127,47
10.03.2025 17:00;10.03.2025 18:00;147,97
10.03.2025 18:00;10.03.2025 19:00;174,92
10.03.2025 19:00;10.03.2025 20:00;160,24
10.03.2025 20:00;10.03.2025 21:00;142,14
10.03.2025 21:00;10.03.2025 22:00;126,59
10.03.2025 22:00;10.03.2025 23:00;106,88
10.03.2025 23:00;11.03.2025 00:00;97,97
11.03.2025 00:00;11.03.2025 01:00;104,39
11.03.2025 01:00;11.03.2025 02:00;101,8
11.03.2025 02:00;11.03.2025 03:00;99,73
11.03.2025 03:00;11.03.2025 04:00;100,5
11.03.2025 04:00;11.03.2025 05:00;102,53
11.03.2025 05:00;11.03.2025 06:00;110,86
11.03.2025 06:00;11.03.2025 07:00;148,04
11.03.2025 07:00;11.03.2025 08:00;152,98
11.03.2025 08:00;11.03.2025 09:00;146,49
11.03.2025 09:00;11.03.2025 10:00;128,53
11.03.2025 10:00;11.03.2025 11:00;102,0
11.03.2025 11:00;11.03.2025 12:00;97,48
11.03.2025 12:00;11.03.2025 13:00;96,44
11.03.2025 13:00;11.03.2025 14:00;98,38
11.03.2025 14:00;11.03.2025 15:00;102,35
11.03.2025 15:00;11.03.2025 16:00;112,84
11.03.2025 16:00;11.03.2025 17:00;132,86
11.03.2025 17:00;11.03.2025 18:00;171,95
11.03.2025 18:00;11.03.2025 19:00;205,02
11.03.2025 19:00;11.03.2025 20:00;180,95
11.03.2025 20:00;11.03.2025 21:00;149,43
11.03.2025 21:00;11.03.2025 22:00;133,0
11.03.2025 22:00;11.03.2025 23:00;121,25
11.03.2025 23:00;12.03.2025 00:00;107,34
12.03.2025 00:00;12.03.2025 01:00;101,73
12.03.2025 01:00;12.03.2025 02:00;100,09
12.03.2025 02:00;12.03.2025 03:00;97,79
12.03.2025 03:00;12.03.2025 04:00;97,38
12.03.2025 04:00;12.03.2025 05:00;101,8
12.03.2025 05:00;12.03.2025 06:00;110,31
12.03.2025 06:00;12.03.2025 07:00;144,54
12.03.2025 07:00;12.03.2025 08:00;161,64
12.03.2025 08:00;12.03.2025 09:00;148,41
12.03.2025 09:00;12.03.2025 10:00;125,0
12.03.2025 10:00;12.03.2025 11:00;102,62
12.03.2025 11:00;12.03.2025 12:00;99,69
12.03.2025 12:00;12.03.2025 13:00;98,07
12.03.2025 13:00;12.03.2025 14:00;99,91
12.03.2025 14:00;12.03.2025 15:00;101,65
12.03.2025 15:00;12.03.2025 16:00;117,74
12.03.2025 16:00;12.03.2025 17:00;142,1
12.03.2025 17:00;12.03.2025 18:00;157,03
12.03.2025 18:00;12.03.2025 19:00;199,75
12.03.2025 19:00;12.03.2025 20:00;179,49
12.03.2025 20:00;12.03.2025 21:00;148,05
12.03.2025 21:00;12.03.2025 22:00;132,2
12.03.2025 22:00;12.03.2025 23:00;120,0
12.03.2025 23:00;13.03.2025 00:00;109,91
13.03.2025 00:00;13.03.2025 01:00;108,52
13.03.2025 01:00;13.03.2025 02:00;102,25
13.03.2025 02:00;13.03.2025 03:00;98,98
13.03.2025 03:00;13.03.2025 04:00;96,71
13.03.2025 04:00;13.03.2025 05:00;98,35
13.03.2025 05:00;13.03.2025 06:00;105,88
13.03.2025 06:00;13.03.2025 07:00;132,99
13.03.2025 07:00;13.03.2025 08:00;159,87
13.03.2025 08:00;13.03.2025 09:00;158,03
13.03.2025 09:00;13.03.2025 10:00;148,13
13.03.2025 10:00;13.03.2025 11:00;123,77
13.03.2025 11:00;13.03.2025 12:00;110,7
13.03.2025 12:00;13.03.2025 13:00;110,01
13.03.2025 13:00;13.03.2025 14:00;108,22
13.03.2025 14:00;13.03.2025 15:00;107,54
13.03.2025 15:00;13.03.2025 16:00;109,99
13.03.2025 16:00;13.03.2025 17:00;121,47
13.03.2025 17:00;13.03.2025 18:00;142,65
13.03.2025 18:00;13.03.2025 19:00;166,05
13.03.2025 19:00;13.03.2025 20:00;173,47
13.03.2025 20:00;13.03.2025 21:00;149,0
13.03.2025 21:00;13.03.2025 22:00;135,69
13.03.2025 22:00;13.03.2025 23:00;123,48
13.03.2025 23:00;14.03.2025 00:00;111,63
14.03.2025 00:00;14.03.2025 01:00;109,09
14.03.2025 01:00;14.03.2025 02:00;106,0
14.03.2025 02:00;14.03.2025 03:00;105,9
14.03.2025 03:00;14.03.2025 04:00;103,83
14.03.2025 04:00;14.03.2025 05:00;105,3
14.03.2025 05:00;14.03.2025 06:00;113,99
14.03.2025 06:00;14.03.2025 07:00;143,02
14.03.2025 07:00;14.03.2025 08:00;155,11
14.03.2025 08:00;14.03.2025 09:00;155,0
14.03.2025 09:00;14.03.2025 10:00;132,09
14.03.2025 10:00;14.03.2025 11:00;112,0
14.03.2025 11:00;14.03.2025 12:00;106,35
14.03.2025 12:00;14.03.2025 13:00;104,5
14.03.2025 13:00;14.03.2025 14:00;104,59
14.03.2025 14:00;14.03.2025 15:00;105,38
14.03.2025 15:00;14.03.2025 16:00;109,39
14.03.2025 16:00;14.03.2025 17:00;124,84
14.03.2025 17:00;14.03.2025 18:00;146,44
14.03.2025 18:00;14.03.2025 19:00;155,33
14.03.2025 19:00;14.03.2025 20:00;150,91
14.03.2025 20:00;14.03.2025 21:00;130,01
14.03.2025 21:00;14.03.2025 22:00;111,39
14.03.2025 22:00;14.03.2025 23:00;114,0
14.03.2025 23:00;15.03.2025 00:00;105,17
15.03.2025 00:00;15.03.2025 01:00;112,15
15.03.2025 01:00;15.03.2025 02:00;103,14
15.03.2025 02:00;15.03.2025 03:00;96,0
15.03.2025 03:00;15.03.2025 04:00;89,9
15.03.2025 04:00;15.03.2025 05:00;86,9
15.03.2025 05:00;15.03.2025 06:00;90,55
15.03.2025 06:00;15.03.2025 07:00;97,01
15.03.2025 07:00;15.03.2025 08:00;99,42
15.03.2025 08:00;15.03.2025 09:00;98,77
15.03.2025 09:00;15.03.2025 10:00;86,4
15.03.2025 10:00;15.03.2025 11:00;72,39
15.03.2025 11:00;15.03.2025 12:00;67,16
15.03.2025 12:00;15.03.2025 13:00;57,32
15.03.2025 13:00;15.03.2025 14:00;48,0
15.03.2025 14:00;15.03.2025 15:00;54,51
15.03.2025 15:00;15.03.2025 16:00;70,8
15.03.2025 16:00;15.03.2025 17:00;84,24
15.03.2025 17:00;15.03.2025 18:00;121,91
15.03.2025 18:00;15.03.2025 19:00;130,3
15.03.2025 19:00;15.03.2025 20:00;132,96
15.03.2025 20:00;15.03.2025 21:00;121,46
15.03.2025 21:00;15.03.2025 22:00;108,5
15.03.2025 22:00;15.03.2025 23:00;105,02
15.03.2025 23:00;16.03.2025 00:00;95,25
16.03.2025 00:00;16.03.2025 01:00;90,01
16.03.2025 01:00;16.03.2025 02:00;85,79
16.03.2025 02:00;16.03.2025 03:00;79,62
16.03.2025 03:00;16.03.2025 04:00;78,18
16.03.2025 04:00;16.03.2025 05:00;78,6
16.03.2025 05:00;16.03.2025 06:00;80,51
16.03.2025 06:00;16.03.2025 07:00;85,14
16.03.2025 07:00;16.03.2025 08:00;82,07
16.03.2025 08:00;16.03.2025 09:00;77,95
16.03.2025 09:00;16.03.2025 10:00;56,9
16.03.2025 10:00;16.03.2025 11:00;24,09
16.03.2025 11:00;16.03.2025 12:00;2,9
16.03.2025 12:00;16.03.2025 13:00;1,01
16.03.2025 13:00;16.03.2025 14:00;0,19
16.03.2025 14:00;16.03.2025 15:00;2,53
16.03.2025 15:00;16.03.2025 16:00;31,0
16.03.2025 16:00;16.03.2025 17:00;71,11
16.03.2025 17:00;16.03.2025 18:00;116,81
16.03.2025 18:00;16.03.2025 19:00;130,84
16.03.2025 19:00;16.03.2025 20:00;140,0
16.03.2025 20:00;16.03.2025 21:00;125,28
16.03.2025 21:00;16.03.2025 22:00;107,73
16.03.2025 22:00;16.03.2025 23:00;100,8
16.03.2025 23:00;17.03.2025 00:00;79,71
17.03.2025 00:00;17.03.2025 01:00;78,1
17.03.2025 01:00;17.03.2025 02:00;79,01
17.03.2025 02:00;17.03.2025 03:00;78,79
17.03.2025 03:00;17.03.2025 04:00;80,91
17.03.2025 04:00;17.03.2025 05:00;85,85
17.03.2025 05:00;17.03.2025 06:00;103,3
17.03.2025 06:00;17.03.2025 07:00;135,18
17.03.2025 07:00;17.03.2025 08:00;152,87
17.03.2025 08:00;17.03.2025 09:00;135,24
17.03.2025 09:00;17.03.2025 10:00;100,73
17.03.2025 10:00;17.03.2025 11:00;68,21
17.03.2025 11:00;17.03.2025 12:00;50,56
17.03.2025 12:00;17.03.2025 13:00;31,17
17.03.2025 13:00;17.03.2025 14:00;27,95
17.03.2025 14:00;17.03.2025 15:00;50,14
17.03.2025 15:00;17.03.2025 16:00;70,01
17.03.2025 16:00;17.03.2025 17:00;98,55
17.03.2025 17:00;17.03.2025 18:00;143,05
17.03.2025 18:00;17.03.2025 19:00;177,33
17.03.2025 19:00;17.03.2025 20:00;170,0
17.03.2025 20:00;17.03.2025 21:00;141,5
17.03.2025 21:00;17.03.2025 22:00;118,85
17.03.2025 22:00;17.03.2025 23:00;107,86
17.03.2025 23:00;18.03.2025 00:00;93,5
18.03.2025 00:00;18.03.2025 01:00;92,2
18.03.2025 01:00;18.03.2025 02:00;89,99
18.03.2025 02:00;18.03.2025 03:00;92,37
18.03.2025 03:00;18.03.2025 04:00;89,2
18.03.2025 04:00;18.03.2025 05:00;95,25
18.03.2025 05:00;18.03.2025 06:00;110,74
18.03.2025 06:00;18.03.2025 07:00;138,9
18.03.2025 07:00;18.03.2025 08:00;136,68
18.03.2025 08:00;18.03.2025 09:00;106,52
18.03.2025 09:00;18.03.2025 10:00;71,53
18.03.2025 10:00;18.03.2025 11:00;25,27
18.03.2025 11:00;18.03.2025 12:00;0,68
18.03.2025 12:00;18.03.2025 13:00;-1,46
18.03.2025 13:00;18.03.2025 14:00;-0,3
18.03.2025 14:00;18.03.2025 15:00;5,72
18.03.2025 15:00;18.03.2025 16:00;50,28
18.03.2025 16:00;18.03.2025 17:00;95,94
18.03.2025 17:00;18.03.2025 18:00;140,9
18.03.2025 18:00;18.03.2025 19:00;170,91
18.03.2025 19:00;18.03.2025 20:00;167,46
18.03.2025 20:00;18.03.2025 21:00;142,39
18.03.2025 21:00;18.03.2025 22:00;123,04
18.03.2025 22:00;18.03.2025 23:00;115,97
18.03.2025 23:00;19.03.2025 00:00;103,29
19.03.2025 00:00;19.03.2025 01:00;107,29
19.03.2025 01:00;19.03.2025 02:00;102,4
19.03.2025 02:00;19.03.2025 03:00;101,19
19.03.2025 03:00;19.03.2025 04:00;102,0
19.03.2025 04:00;19.03.2025 05:00;106,59
19.03.2025 05:00;19.03.2025 06:00;122,52
19.03.2025 06:00;19.03.2025 07:00;158,05
19.03.2025 07:00;19.03.2025 08:00;147,74
19.03.2025 08:00;19.03.2025 09:00;108,23
19.03.2025 09:00;19.03.2025 10:00;79,5
19.03.2025 10:00;19.03.2025 11:00;26,52
19.03.2025 11:00;19.03.2025 12:00;-0,04
19.03.2025 12:00;19.03.2025 13:00;-0,56
19.03.2025 13:00;19.03.2025 14:00;-0,25
19.03.2025 14:00;19.03.2025 15:00;0,99
19.03.2025 15:00;19.03.2025 16:00;66,73
19.03.2025 16:00;19.03.2025 17:00;109,85
19.03.2025 17:00;19.03.2025 18:00;147,56
19.03.2025 18:00;19.03.2025 19:00;248,18
19.03.2025 19:00;19.03.2025 20:00;220,3
19.03.2025 20:00;19.03.2025 21:00;176,68
19.03.2025 21:00;19.03.2025 22:00;138,24
19.03.2025 22:00;19.03.2025 23:00;124,45
19.03.2025 23:00;20.03.2025 00:00;111,14
20.03.2025 00:00;20.03.2025 01:00;117,17
20.03.2025 01:00;20.03.2025 02:00;102,86
20.03.2025 02:00;20.03.2025 03:00;99,56
20.03.2025 03:00;20.03.2025 04:00;100,08
20.03.2025 04:00;20.03.2025 05:00;102,83
20.03.2025 05:00;20.03.2025 06:00;119,7
20.03.2025 06:00;20.03.2025 07:00;144,84
20.03.2025 07:00;20.03.2025 08:00;141,21
20.03.2025 08:00;20.03.2025 09:00;99,87
20.03.2025 09:00;20.03.2025 10:00;79,45
20.03.2025 10:00;20.03.2025 11:00;37,51
20.03.2025 11:00;20.03.2025 12:00;3,42
20.03.2025 12:00;20.03.2025 13:00;0,43
20.03.2025 13:00;20.03.2025 14:00;0,65
20.03.2025 14:00;20.03.2025 15:00;16,6
20.03.2025 15:00;20.03.2025 16:00;79,42
20.03.2025 16:00;20.03.2025 17:00;120,76
20.03.2025 17:00;20.03.2025 18:00;155,14
20.03.2025 18:00;20.03.2025 19:00;280,07
20.03.2025 19:00;20.03.2025 20:00;253,85
20.03.2025 20:00;20.03.2025 21:00;164,0
20.03.2025 21:00;20.03.2025 22:00;136,82
20.03.2025 22:00;20.03.2025 23:00;125,03
20.03.2025 23:00;21.03.2025 00:00;117,91
21.03.2025 00:00;21.03.2025 01:00;125,07
21.03.2025 01:00;21.03.2025 02:00;116,41
21.03.2025 02:00;21.03.2025 03:00;112,74
21.03.2025 03:00;21.03.2025 04:00;105,81
21.03.2025 04:00;21.03.2025 05:00;109,1
21.03.2025 05:00;21.03.2025 06:00;127,49
21.03.2025 06:00;21.03.2025 07:00;156,0
21.03.2025 07:00;21.03.2025 08:00;148,27
21.03.2025 08:00;21.03.2025 09:00;110,73
21.03.2025 09:00;21.03.2025 10:00;73,31
21.03.2025 10:00;21.03.2025 11:00;43,25
21.03.2025 11:00;21.03.2025 12:00;7,35
21.03.2025 12:00;21.03.2025 13:00;0,81
21.03.2025 13:00;21.03.2025 14:00;0,0
21.03.2025 14:00;21.03.2025 15:00;2,49
21.03.2025 15:00;21.03.2025 16:00;12,36
21.03.2025 16:00;21.03.2025 17:00;46,22
21.03.2025 17:00;21.03.2025 18:00;100,24
21.03.2025 18:00;21.03.2025 19:00;120,65
21.03.2025 19:00;21.03.2025 20:00;83,5
21.03.2025 20:00;21.03.2025 21:00;70,0
21.03.2025 21:00;21.03.2025 22:00;47,19
21.03.2025 22:00;21.03.2025 23:00;27,13
21.03.2025 23:00;22.03.2025 00:00;18,45
22.03.2025 00:00;22.03.2025 01:00;26,93
22.03.2025 01:00;22.03.2025 02:00;12,57
22.03.2025 02:00;22.03.2025 03:00;9,07
22.03.2025 03:00;22.03.2025 04:00;6,88
22.03.2025 04:00;22.03.2025 05:00;10,12
22.03.2025 05:00;22.03.2025 06:00;12,95
22.03.2025 06:00;22.03.2025 07:00;13,01
22.03.2025 07:00;22.03.2025 08:00;13,04
22.03.2025 08:00;22.03.2025 09:00;3,11
22.03.2025 09:00;22.03.2025 10:00;0,0
22.03.2025 10:00;22.03.2025 11:00;-1,86
22.03.2025 11:00;22.03.2025 12:00;-6,31
22.03.2025 12:00;22.03.2025 13:00;-15,18
22.03.2025 13:00;22.03.2025 14:00;-15,04
22.03.2025 14:00;22.03.2025 15:00;-6,79
22.03.2025 15:00;22.03.2025 16:00;-1,51
22.03.2025 16:00;22.03.2025 17:00;1,01
22.03.2025 17:00;22.03.2025 18:00;34,99
22.03.2025 18:00;22.03.2025 19:00;60,03
22.03.2025 19:00;22.03.2025 20:00;50,95
22.03.2025 20:00;22.03.2025 21:00;42,15
22.03.2025 21:00;22.03.2025 22:00;36,12
22.03.2025 22:00;22.03.2025 23:00;37,14
22.03.2025 23:00;23.03.2025 00:00;35,69
23.03.2025 00:00;23.03.2025 01:00;13,69
23.03.2025 01:00;23.03.2025 02:00;19,01
23.03.2025 02:00;23.03.2025 03:00;23,65
23.03.2025 03:00;23.03.2025 04:00;23,49
23.03.2025 04:00;23.03.2025 05:00;24,82
23.03.2025 05:00;23.03.2025 06:00;25,01
23.03.2025 06:00;23.03.2025 07:00;24,84
23.03.2025 07:00;23.03.2025 08:00;24,26
23.03.2025 08:00;23.03.2025 09:00;18,99
23.03.2025 09:00;23.03.2025 10:00;23,09
23.03.2025 10:00;23.03.2025 11:00;13,78
23.03.2025 11:00;23.03.2025 12:00;9,6
23.03.2025 12:00;23.03.2025 13:00;13,49
23.03.2025 13:00;23.03.2025 14:00;5,01
23.03.2025 14:00;23.03.2025 15:00;11,46
23.03.2025 15:00;23.03.2025 16:00;42,5
23.03.2025 16:00;23.03.2025 17:00;84,42
23.03.2025 17:00;23.03.2025 18:00;124,23
23.03.2025 18:00;23.03.2025 19:00;140,0
23.03.2025 19:00;23.03.2025 20:00;142,51
23.03.2025 20:00;23.03.2025 21:00;140,58
23.03.2025 21:00;23.03.2025 22:00;130,0
23.03.2025 22:00;23.03.2025 23:00;126,47
23.03.2025 23:00;24.03.2025 00:00;114,24
24.03.2025 00:00;24.03.2025 01:00;110,45
24.03.2025 01:00;24.03.2025 02:00;107,29
24.03.2025 02:00;24.03.2025 03:00;101,91
24.03.2025 03:00;24.03.2025 04:00;98,94
24.03.2025 04:00;24.03.2025 05:00;101,99
24.03.2025 05:00;24.03.2025 06:00;119,82
24.03.2025 06:00;24.03.2025 07:00;141,5
24.03.2025 07:00;24.03.2025 08:00;164,28
24.03.2025 08:00;24.03.2025 09:00;161,86
24.03.2025 09:00;24.03.2025 10:00;135,38
24.03.2025 10:00;24.03.2025 11:00;111,16
24.03.2025 11:00;24.03.2025 12:00;107,36
24.03.2025 12:00;24.03.2025 13:00;100,75
24.03.2025 13:00;24.03.2025 14:00;100,87
24.03.2025 14:00;24.03.2025 15:00;106,57
24.03.2025 15:00;24.03.2025 16:00;115,85
24.03.2025 16:00;24.03.2025 17:00;130,95
24.03.2025 17:00;24.03.2025 18:00;154,15
24.03.2025 18:00;24.03.2025 19:00;211,99
24.03.2025 19:00;24.03.2025 20:00;193,0
24.03.2025 20:00;24.03.2025 21:00;161,84
24.03.2025 21:00;24.03.2025 22:00;138,55
24.03.2025 22:00;24.03.2025 23:00;125,58
24.03.2025 23:00;25.03.2025 00:00;115,16
25.03.2025 00:00;25.03.2025 01:00;102,07
25.03.2025 01:00;25.03.2025 02:00;101,76
25.03.2025 02:00;25.03.2025 03:00;100,2
25.03.2025 03:00;25.03.2025 04:00;102,67
25.03.2025 04:00;25.03.2025 05:00;101,96
25.03.2025 05:00;25.03.2025 06:00;107,39
25.03.2025 06:00;25.03.2025 07:00;136,05
25.03.2025 07:00;25.03.2025 08:00;142,13
25.03.2025 08:00;25.03.2025 09:00;133,36
25.03.2025 09:00;25.03.2025 10:00;106,41
25.03.2025 10:00;25.03.2025 11:00;92,03
25.03.2025 11:00;25.03.2025 12:00;78,8
25.03.2025 12:00;25.03.2025 13:00;68,45
25.03.2025 13:00;25.03.2025 14:00;69,23
25.03.2025 14:00;25.03.2025 15:00;81,7
25.03.2025 15:00;25.03.2025 16:00;95,52
25.03.2025 16:00;25.03.2025 17:00;108,84
25.03.2025 17:00;25.03.2025 18:00;138,81
25.03.2025 18:00;25.03.2025 19:00;161,14
25.03.2025 19:00;25.03.2025 20:00;166,36
25.03.2025 20:00;25.03.2025 21:00;148,6
25.03.2025 21:00;25.03.2025 22:00;122,36
25.03.2025 22:00;25.03.2025 23:00;114,83
25.03.2025 23:00;26.03.2025 00:00;102,05
26.03.2025 00:00;26.03.2025 01:00;101,02
26.03.2025 01:00;26.03.2025 02:00;97,96
26.03.2025 02:00;26.03.2025 03:00;97,36
26.03.2025 03:00;26.03.2025 04:00;97,39
26.03.2025 04:00;26.03.2025 05:00;95,72
26.03.2025 05:00;26.03.2025 06:00;98,85
26.03.2025 06:00;26.03.2025 07:00;128,76
26.03.2025 07:00;26.03.2025 08:00;141,95
26.03.2025 08:00;26.03.2025 09:00;137,09
26.03.2025 09:00;26.03.2025 10:00;111,86
26.03.2025 10:00;26.03.2025 11:00;100,0
26.03.2025 11:00;26.03.2025 12:00;96,39
26.03.2025 12:00;26.03.2025 13:00;94,81
26.03.2025 13:00;26.03.2025 14:00;84,5
26.03.2025 14:00;26.03.2025 15:00;90,79
26.03.2025 15:00;26.03.2025 16:00;94,36
26.03.2025 16:00;26.03.2025 17:00;101,45
26.03.2025 17:00;26.03.2025 18:00;135,16
26.03.2025 18:00;26.03.2025 19:00;162,0
26.03.2025 19:00;26.03.2025 20:00;169,54
26.03.2025 20:00;26.03.2025 21:00;153,27
26.03.2025 21:00;26.03.2025 22:00;129,4
26.03.2025 22:00;26.03.2025 23:00;120,27
26.03.2025 23:00;27.03.2025 00:00;108,91
27.03.2025 00:00;27.03.2025 01:00;104,93
27.03.2025 01:00;27.03.2025 02:00;98,98
27.03.2025 02:00;27.03.2025 03:00;97,8
27.03.2025 03:00;27.03.2025 04:00;98,85
27.03.2025 04:00;27.03.2025 05:00;97,07
27.03.2025 05:00;27.03.2025 06:00;104,9
27.03.2025 06:00;27.03.2025 07:00;129,83
27.03.2025 07:00;27.03.2025 08:00;140,0
27.03.2025 08:00;27.03.2025 09:00;123,5
27.03.2025 09:00;27.03.2025 10:00;89,92
27.03.2025 10:00;27.03.2025 11:00;77,61
27.03.2025 11:00;27.03.2025 12:00;45,48
27.03.2025 12:00;27.03.2025 13:00;24,81
27.03.2025 13:00;27.03.2025 14:00;6,67
27.03.2025 14:00;27.03.2025 15:00;30,34
27.03.2025 15:00;27.03.2025 16:00;74,93
27.03.2025 16:00;27.03.2025 17:00;93,74
27.03.2025 17:00;27.03.2025 18:00;127,25
27.03.2025 18:00;27.03.2025 19:00;157,9
27.03.2025 19:00;27.03.2025 20:00;170,7
27.03.2025 20:00;27.03.2025 21:00;141,61
27.03.2025 21:00;27.03.2025 22:00;124,42
27.03.2025 22:00;27.03.2025 23:00;113,1
27.03.2025 23:00;28.03.2025 00:00;100,91
28.03.2025 00:00;28.03.2025 01:00;90,0
28.03.2025 01:00;28.03.2025 02:00;79,38
28.03.2025 02:00;28.03.2025 03:00;79,02
28.03.2025 03:00;28.03.2025 04:00;79,38
28.03.2025 04:00;28.03.2025 05:00;79,84
28.03.2025 05:00;28.03.2025 06:00;103,51
28.03.2025 06:00;28.03.2025 07:00;128,52
28.03.2025 07:00;28.03.2025 08:00;122,2
28.03.2025 08:00;28.03.2025 09:00;102,08
28.03.2025 09:00;28.03.2025 10:00;75,57
28.03.2025 10:00;28.03.2025 11:00;25,77
28.03.2025 11:00;28.03.2025 12:00;1,68
28.03.2025 12:00;28.03.2025 13:00;-0,01
28.03.2025 13:00;28.03.2025 14:00;-0,03
28.03.2025 14:00;28.03.2025 15:00;14,48
28.03.2025 15:00;28.03.2025 16:00;70,1
28.03.2025 16:00;28.03.2025 17:00;104,19
28.03.2025 17:00;28.03.2025 18:00;132,0
28.03.2025 18:00;28.03.2025 19:00;165,99
28.03.2025 19:00;28.03.2025 20:00;165,9
28.03.2025 20:00;28.03.2025 21:00;148,03
28.03.2025 21:00;28.03.2025 22:00;124,56
28.03.2025 22:00;28.03.2025 23:00;117,94
28.03.2025 23:00;29.03.2025 00:00;110,12
29.03.2025 00:00;29.03.2025 01:00;113,62
29.03.2025 01:00;29.03.2025 02:00;103,91
29.03.2025 02:00;29.03.2025 03:00;96,54
29.03.2025 03:00;29.03.2025 04:00;96,22
29.03.2025 04:00;29.03.2025 05:00;96,5
29.03.2025 05:00;29.03.2025 06:00;92,74
29.03.2025 06:00;29.03.2025 07:00;96,73
29.03.2025 07:00;29.03.2025 08:00;98,44
29.03.2025 08:00;29.03.2025 09:00;91,86
29.03.2025 09:00;29.03.2025 10:00;76,14
29.03.2025 10:00;29.03.2025 11:00;65,67
29.03.2025 11:00;29.03.2025 12:00;65,34
29.03.2025 12:00;29.03.2025 13:00;65,33
29.03.2025 13:00;29.03.2025 14:00;2,06
29.03.2025 14:00;29.03.2025 15:00;3,94
29.03.2025 15:00;29.03.2025 16:00;25,27
29.03.2025 16:00;29.03.2025 17:00;66,26
29.03.2025 17:00;29.03.2025 18:00;100,1
29.03.2025 18:00;29.03.2025 19:00;146,91
29.03.2025 19:00;29.03.2025 20:00;152,22
29.03.2025 20:00;29.03.2025 21:00;121,07
29.03.2025 21:00;29.03.2025 22:00;100,42
29.03.2025 22:00;29.03.2025 23:00;82,75
29.03.2025 23:00;30.03.2025 00:00;68,27
30.03.2025 00:00;30.03.2025 01:00;46,31
30.03.2025 01:00;29.03.2025 02:00;15,89
30.03.2025 03:00;30.03.2025 04:00;5,1
30.03.2025 04:00;30.03.2025 05:00;1,2
30.03.2025 05:00;30.03.2025 06:00;0,09
30.03.2025 06:00;30.03.2025 07:00;0,03
30.03.2025 07:00;30.03.2025 08:00;0,0
30.03.2025 08:00;30.03.2025 09:00;-0,01
30.03.2025 09:00;30.03.2025 10:00;-0,04
30.03.2025 10:00;30.03.2025 11:00;-3,47
30.03.2025 11:00;30.03.2025 12:00;-11,34
30.03.2025 12:00;30.03.2025 13:00;-18,5
30.03.2025 13:00;30.03.2025 14:00;-25,76
30.03.2025 14:00;30.03.2025 15:00;-26,07
30.03.2025 15:00;30.03.2025 16:00;-12,96
30.03.2025 16:00;30.03.2025 17:00;-4,01
30.03.2025 17:00;30.03.2025 18:00;-0,01
30.03.2025 18:00;30.03.2025 19:00;14,41
30.03.2025 19:00;30.03.2025 20:00;60,83
30.03.2025 20:00;30.03.2025 21:00;58,86
30.03.2025 21:00;30.03.2025 22:00;50,01
30.03.2025 22:00;30.03.2025 23:00;61,71
30.03.2025 23:00;31.03.2025 00:00;56,44
31.03.2025 00:00;31.03.2025 01:00;65,57
31.03.2025 01:00;31.03.2025 02:00;63,25
31.03.2025 02:00;31.03.2025 03:00;64,41
31.03.2025 03:00;31.03.2025 04:00;67,22
31.03.2025 04:00;31.03.2025 05:00;68,97
31.03.2025 05:00;31.03.2025 06:00;88,0
31.03.2025 06:00;31.03.2025 07:00;109,27
31.03.2025 07:00;31.03.2025 08:00;143,54
31.03.2025 08:00;31.03.2025 09:00;174,23
31.03.2025 09:00;31.03.2025 10:00;133,17
31.03.2025 10:00;31.03.2025 11:00;110,27
31.03.2025 11:00;31.03.2025 12:00;99,04
31.03.2025 12:00;31.03.2025 13:00;83,54
31.03.2025 13:00;31.03.2025 14:00;74,1
31.03.2025 14:00;31.03.2025 15:00;73,58
31.03.2025 15:00;31.03.2025 16:00;69,55
31.03.2025 16:00;31.03.2025 17:00;76,24
31.03.2025 17:00;31.03.2025 18:00;100,83
31.03.2025 18:00;31.03.2025 19:00;131,57
31.03.2025 19:00;31.03.2025 20:00;183,96
31.03.2025 20:00;31.03.2025 21:00;172,73
31.03.2025 21:00;31.03.2025 22:00;135,03
31.03.2025 22:00;31.03.2025 23:00;115,25
31.03.2025 23:00;01.04.2025 00:00;102,34
01.04.2025 00:00;01.04.2025 01:00;101,56
01.04.2025 01:00;01.04.2025 02:00;95,02
01.04.2025 02:00;01.04.2025 03:00;92,91
01.04.2025 03:00;01.04.2025 04:00;93,5
01.04.2025 04:00;01.04.2025 05:00;91,43
01.04.2025 05:00;01.04.2025 06:00;100,71
01.04.2025 06:00;01.04.2025 07:00;129,46
01.04.2025 07:00;01.04.2025 08:00;179,96
01.04.2025 08:00;01.04.2025 09:00;159,37
01.04.2025 09:00;01.04.2025 10:00;108,47
01.04.2025 10:00;01.04.2025 11:00;86,17
01.04.2025 11:00;01.04.2025 12:00;70,26
01.04.2025 12:00;01.04.2025 13:00;53,15
01.04.2025 13:00;01.04.2025 14:00;11,57
01.04.2025 14:00;01.04.2025 15:00;10,89
01.04.2025 15:00;01.04.2025 16:00;26,7
01.04.2025 16:00;01.04.2025 17:00;65,23
01.04.2025 17:00;01.04.2025 18:00;82,8
01.04.2025 18:00;01.04.2025 19:00;122,39
01.04.2025 19:00;01.04.2025 20:00;155,72
01.04.2025 20:00;01.04.2025 21:00;138,0
01.04.2025 21:00;01.04.2025 22:00;110,9
01.04.2025 22:00;01.04.2025 23:00;95,64
01.04.2025 23:00;02.04.2025 00:00;79,45
02.04.2025 00:00;02.04.2025 01:00;68,06
02.04.2025 01:00;02.04.2025 02:00;66,93
02.04.2025 02:00;02.04.2025 03:00;66,8
02.04.2025 03:00;02.04.2025 04:00;67,97
02.04.2025 04:00;02.04.2025 05:00;68,9
02.04.2025 05:00;02.04.2025 06:00;82,18
02.04.2025 06:00;02.04.2025 07:00;113,84
02.04.2025 07:00;02.04.2025 08:00;150,31
02.04.2025 08:00;02.04.2025 09:00;124,7
02.04.2025 09:00;02.04.2025 10:00;84,74
02.04.2025 10:00;02.04.2025 11:00;48,38
02.04.2025 11:00;02.04.2025 12:00;0,0
02.04.2025 12:00;02.04.2025 13:00;-4,92
02.04.2025 13:00;02.04.2025 14:00;-20,06
02.04.2025 14:00;02.04.2025 15:00;-21,02
02.04.2025 15:00;02.04.2025 16:00;-10,0
02.04.2025 16:00;02.04.2025 17:00;-1,73
02.04.2025 17:00;02.04.2025 18:00;15,37
02.04.2025 18:00;02.04.2025 19:00;88,84
02.04.2025 19:00;02.04.2025 20:00;125,35
02.04.2025 20:00;02.04.2025 21:00;114,0
02.04.2025 21:00;02.04.2025 22:00;96,07
02.04.2025 22:00;02.04.2025 23:00;82,63
02.04.2025 23:00;03.04.2025 00:00;71,43
03.04.2025 00:00;03.04.2025 01:00;67,0
03.04.2025 01:00;03.04.2025 02:00;67,0
03.04.2025 02:00;03.04.2025 03:00;67,0
03.04.2025 03:00;03.04.2025 04:00;68,95
03.04.2025 04:00;03.04.2025 05:00;71,0
03.04.2025 05:00;03.04.2025 06:00;86,22
03.04.2025 06:00;03.04.2025 07:00;129,71
03.04.2025 07:00;03.04.2025 08:00;162,77
03.04.2025 08:00;03.04.2025 09:00;133,3
03.04.2025 09:00;03.04.2025 10:00;79,11
03.04.2025 10:00;03.04.2025 11:00;40,47
03.04.2025 11:00;03.04.2025 12:00;-0,16
03.04.2025 12:00;03.04.2025 13:00;-1,19
03.04.2025 13:00;03.04.2025 14:00;-8,4
03.04.2025 14:00;03.04.2025 15:00;-5,85
03.04.2025 15:00;03.04.2025 16:00;-0,27
03.04.2025 16:00;03.04.2025 17:00;16,09
03.04.2025 17:00;03.04.2025 18:00;75,0
03.04.2025 18:00;03.04.2025 19:00;138,0
03.04.2025 19:00;03.04.2025 20:00;163,48
03.04.2025 20:00;03.04.2025 21:00;155,88
03.04.2025 21:00;03.04.2025 22:00;137,03
03.04.2025 22:00;03.04.2025 23:00;113,21
03.04.2025 23:00;04.04.2025 00:00;104,63
04.04.2025 00:00;04.04.2025 01:00;108,34
04.04.2025 01:00;04.04.2025 02:00;103,04
04.04.2025 02:00;04.04.2025 03:00;102,89
04.04.2025 03:00;04.04.2025 04:00;103,61
04.04.2025 04:00;04.04.2025 05:00;105,95
04.04.2025 05:00;04.04.2025 06:00;112,55
04.04.2025 06:00;04.04.2025 07:00;152,67
04.04.2025 07:00;04.04.2025 08:00;180,17
04.04.2025 08:00;04.04.2025 09:00;139,4
04.04.2025 09:00;04.04.2025 10:00;95,68
04.04.2025 10:00;04.04.2025 11:00;65,0
04.04.2025 11:00;04.04.2025 12:00;7,82
04.04.2025 12:00;04.04.2025 13:00;0,0
04.04.2025 13:00;04.04.2025 14:00;-1,31
04.04.2025 14:00;04.04.2025 15:00;-1,21
04.04.2025 15:00;04.04.2025 16:00;-0,13
04.04.2025 16:00;04.04.2025 17:00;29,7
04.04.2025 17:00;04.04.2025 18:00;79,87
04.04.2025 18:00;04.04.2025 19:00;126,35
04.04.2025 19:00;04.04.2025 20:00;167,64
04.04.2025 20:00;04.04.2025 21:00;155,99
04.04.2025 21:00;04.04.2025 22:00;120,67
04.04.2025 22:00;04.04.2025 23:00;106,15
04.04.2025 23:00;05.04.2025 00:00;96,97
05.04.2025 00:00;05.04.2025 01:00;109,23
05.04.2025 01:00;05.04.2025 02:00;102,76
05.04.2025 02:00;05.04.2025 03:00;99,39
05.04.2025 03:00;05.04.2025 04:00;99,4
05.04.2025 04:00;05.04.2025 05:00;98,31
05.04.2025 05:00;05.04.2025 06:00;97,5
05.04.2025 06:00;05.04.2025 07:00;102,98
05.04.2025 07:00;05.04.2025 08:00;105,9
05.04.2025 08:00;05.04.2025 09:00;98,3
05.04.2025 09:00;05.04.2025 10:00;57,16
05.04.2025 10:00;05.04.2025 11:00;0,66
05.04.2025 11:00;05.04.2025 12:00;-0,94
05.04.2025 12:00;05.04.2025 13:00;-24,09
05.04.2025 13:00;05.04.2025 14:00;-47,73
05.04.2025 14:00;05.04.2025 15:00;-49,1
05.04.2025 15:00;05.04.2025 16:00;-29,91
05.04.2025 16:00;05.04.2025 17:00;-4,3
05.04.2025 17:00;05.04.2025 18:00;0,0
05.04.2025 18:00;05.04.2025 19:00;70,0
05.04.2025 19:00;05.04.2025 20:00;99,4
05.04.2025 20:00;05.04.2025 21:00;98,9
05.04.2025 21:00;05.04.2025 22:00;84,25
05.04.2025 22:00;05.04.2025 23:00;78,99
05.04.2025 23:00;06.04.2025 00:00;68,75
06.04.2025 00:00;06.04.2025 01:00;70,45
06.04.2025 01:00;06.04.2025 02:00;61,0
06.04.2025 02:00;06.04.2025 03:00;62,72
06.04.2025 03:00;06.04.2025 04:00;68,28
06.04.2025 04:00;06.04.2025 05:00;69,95
06.04.2025 05:00;06.04.2025 06:00;77,43
06.04.2025 06:00;06.04.2025 07:00;76,54
06.04.2025 07:00;06.04.2025 08:00;78,11
06.04.2025 08:00;06.04.2025 09:00;41,79
06.04.2025 09:00;06.04.2025 10:00;0,1
06.04.2025 10:00;06.04.2025 11:00;-2,0
06.04.2025 11:00;06.04.2025 12:00;-27,56
06.04.2025 12:00;06.04.2025 13:00;-60,01
06.04.2025 13:00;06.04.2025 14:00;-106,31
06.04.2025 14:00;06.04.2025 15:00;-114,57
06.04.2025 15:00;06.04.2025 16:00;-70,0
06.04.2025 16:00;06.04.2025 17:00;-18,95
06.04.2025 17:00;06.04.2025 18:00;1,76
06.04.2025 18:00;06.04.2025 19:00;112,41
06.04.2025 19:00;06.04.2025 20:00;131,56
06.04.2025 20:00;06.04.2025 21:00;132,9
06.04.2025 21:00;06.04.2025 22:00;121,38
06.04.2025 22:00;06.04.2025 23:00;111,84
06.04.2025 23:00;07.04.2025 00:00;100,03
07.04.2025 00:00;07.04.2025 01:00;86,71
07.04.2025 01:00;07.04.2025 02:00;85,0
07.04.2025 02:00;07.04.2025 03:00;81,73
07.04.2025 03:00;07.04.2025 04:00;83,53
07.04.2025 04:00;07.04.2025 05:00;85,45
07.04.2025 05:00;07.04.2025 06:00;98,74
07.04.2025 06:00;07.04.2025 07:00;131,1
07.04.2025 07:00;07.04.2025 08:00;175,97
07.04.2025 08:00;07.04.2025 09:00;144,61
07.04.2025 09:00;07.04.2025 10:00;107,1
07.04.2025 10:00;07.04.2025 11:00;83,37
07.04.2025 11:00;07.04.2025 12:00;65,0
07.04.2025 12:00;07.04.2025 13:00;11,8
07.04.2025 13:00;07.04.2025 14:00;2,19
07.04.2025 14:00;07.04.2025 15:00;3,94
07.04.2025 15:00;07.04.2025 16:00;60,98
07.04.2025 16:00;07.04.2025 17:00;72,0
07.04.2025 17:00;07.04.2025 18:00;102,43
07.04.2025 18:00;07.04.2025 19:00;127,6
07.04.2025 19:00;07.04.2025 20:00;168,45
07.04.2025 20:00;07.04.2025 21:00;165,05
07.04.2025 21:00;07.04.2025 22:00;138,2
07.04.2025 22:00;07.04.2025 23:00;121,02
07.04.2025 23:00;08.04.2025 00:00;105,21
08.04.2025 00:00;08.04.2025 01:00;94,93
08.04.2025 01:00;08.04.2025 02:00;87,83
08.04.2025 02:00;08.04.2025 03:00;89,06
08.04.2025 03:00;08.04.2025 04:00;89,9
08.04.2025 04:00;08.04.2025 05:00;91,62
08.04.2025 05:00;08.04.2025 06:00;105,73
08.04.2025 06:00;08.04.2025 07:00;142,97
08.04.2025 07:00;08.04.2025 08:00;180,55
08.04.2025 08:00;08.04.2025 09:00;136,77
08.04.2025 09:00;08.04.2025 10:00;91,3
08.04.2025 10:00;08.04.2025 11:00;76,47
08.04.2025 11:00;08.04.2025 12:00;61,09
08.04.2025 12:00;08.04.2025 13:00;19,57
08.04.2025 13:00;08.04.2025 14:00;16,83
08.04.2025 14:00;08.04.2025 15:00;28,59
08.04.2025 15:00;08.04.2025 16:00;57,47
08.04.2025 16:00;08.04.2025 17:00;73,33
08.04.2025 17:00;08.04.2025 18:00;90,34
08.04.2025 18:00;08.04.2025 19:00;118,26
08.04.2025 19:00;08.04.2025 20:00;180,4
08.04.2025 20:00;08.04.2025 21:00;171,31
08.04.2025 21:00;08.04.2025 22:00;140,0
08.04.2025 22:00;08.04.2025 23:00;120,47
08.04.2025 23:00;09.04.2025 00:00;105,12
09.04.2025 00:00;09.04.2025 01:00;104,99
09.04.2025 01:00;09.04.2025 02:00;95,99
09.04.2025 02:00;09.04.2025 03:00;94,67
09.04.2025 03:00;09.04.2025 04:00;94,45
09.04.2025 04:00;09.04.2025 05:00;95,79
09.04.2025 05:00;09.04.2025 06:00;109,45
09.04.2025 06:00;09.04.2025 07:00;152,68
09.04.2025 07:00;09.04.2025 08:00;175,56
09.04.2025 08:00;09.04.2025 09:00;131,56
09.04.2025 09:00;09.04.2025 10:00;99,51
09.04.2025 10:00;09.04.2025 11:00;82,71
09.04.2025 11:00;09.04.2025 12:00;59,69
09.04.2025 12:00;09.04.2025 13:00;13,61
09.04.2025 13:00;09.04.2025 14:00;6,72
09.04.2025 14:00;09.04.2025 15:00;13,27
09.04.2025 15:00;09.04.2025 16:00;34,87
09.04.2025 16:00;09.04.2025 17:00;62,98
09.04.2025 17:00;09.04.2025 18:00;83,5
09.04.2025 18:00;09.04.2025 19:00;103,48
09.04.2025 19:00;09.04.2025 20:00;131,57
09.04.2025 20:00;09.04.2025 21:00;138,73
09.04.2025 21:00;09.04.2025 22:00;111,23
09.04.2025 22:00;09.04.2025 23:00;101,94
09.04.2025 23:00;10.04.2025 00:00;98,51
10.04.2025 00:00;10.04.2025 01:00;92,9
10.04.2025 01:00;10.04.2025 02:00;89,55
10.04.2025 02:00;10.04.2025 03:00;88,9
10.04.2025 03:00;10.04.2025 04:00;87,92
10.04.2025 04:00;10.04.2025 05:00;90,0
10.04.2025 05:00;10.04.2025 06:00;97,54
10.04.2025 06:00;10.04.2025 07:00;132,44
10.04.2025 07:00;10.04.2025 08:00;170,59
10.04.2025 08:00;10.04.2025 09:00;135,44
10.04.2025 09:00;10.04.2025 10:00;102,4
10.04.2025 10:00;10.04.2025 11:00;85,71
10.04.2025 11:00;10.04.2025 12:00;66,34
10.04.2025 12:00;10.04.2025 13:00;34,95
10.04.2025 13:00;10.04.2025 14:00;2,18
10.04.2025 14:00;10.04.2025 15:00;0,08
10.04.2025 15:00;10.04.2025 16:00;1,18
10.04.2025 16:00;10.04.2025 17:00;54,44
10.04.2025 17:00;10.04.2025 18:00;70,0
10.04.2025 18:00;10.04.2025 19:00;101,68
10.04.2025 19:00;10.04.2025 20:00;140,42
10.04.2025 20:00;10.04.2025 21:00;137,17
10.04.2025 21:00;10.04.2025 22:00;97,56
10.04.2025 22:00;10.04.2025 23:00;92,05
10.04.2025 23:00;11.04.2025 00:00;81,11
11.04.2025 00:00;11.04.2025 01:00;65,32
11.04.2025 01:00;11.04.2025 02:00;60,75
11.04.2025 02:00;11.04.2025 03:00;58,44
11.04.2025 03:00;11.04.2025 04:00;58,43
11.04.2025 04:00;11.04.2025 05:00;61,93
11.04.2025 05:00;11.04.2025 06:00;71,99
11.04.2025 06:00;11.04.2025 07:00;94,2
11.04.2025 07:00;11.04.2025 08:00;111,4
11.04.2025 08:00;11.04.2025 09:00;85,9
11.04.2025 09:00;11.04.2025 10:00;58,89
11.04.2025 10:00;11.04.2025 11:00;11,31
11.04.2025 11:00;11.04.2025 12:00;0,0
11.04.2025 12:00;11.04.2025 13:00;-3,0
11.04.2025 13:00;11.04.2025 14:00;-4,99
11.04.2025 14:00;11.04.2025 15:00;-3,61
11.04.2025 15:00;11.04.2025 16:00;-0,1
11.04.2025 16:00;11.04.2025 17:00;0,0
11.04.2025 17:00;11.04.2025 18:00;70,15
11.04.2025 18:00;11.04.2025 19:00;110,69
11.04.2025 19:00;11.04.2025 20:00;133,4
11.04.2025 20:00;11.04.2025 21:00;155,0
11.04.2025 21:00;11.04.2025 22:00;130,46
11.04.2025 22:00;11.04.2025 23:00;119,1
11.04.2025 23:00;12.04.2025 00:00;105,49
12.04.2025 00:00;12.04.2025 01:00;107,84
12.04.2025 01:00;12.04.2025 02:00;104,41
12.04.2025 02:00;12.04.2025 03:00;100,93
12.04.2025 03:00;12.04.2025 04:00;98,15
12.04.2025 04:00;12.04.2025 05:00;98,99
12.04.2025 05:00;12.04.2025 06:00;99,08
12.04.2025 06:00;12.04.2025 07:00;104,42
12.04.2025 07:00;12.04.2025 08:00;99,74
12.04.2025 08:00;12.04.2025 09:00;95,49
12.04.2025 09:00;12.04.2025 10:00;67,26
12.04.2025 10:00;12.04.2025 11:00;20,19
12.04.2025 11:00;12.04.2025 12:00;0,0
12.04.2025 12:00;12.04.2025 13:00;-9,23
12.04.2025 13:00;12.04.2025 14:00;-40,04
12.04.2025 14:00;12.04.2025 15:00;-42,01
12.04.2025 15:00;12.04.2025 16:00;-18,68
12.04.2025 16:00;12.04.2025 17:00;-0,08
12.04.2025 17:00;12.04.2025 18:00;59,47
12.04.2025 18:00;12.04.2025 19:00;111,31
12.04.2025 19:00;12.04.2025 20:00;150,06
12.04.2025 20:00;12.04.2025 21:00;120,89
12.04.2025 21:00;12.04.2025 22:00;91,0
12.04.2025 22:00;12.04.2025 23:00;86,27
12.04.2025 23:00;13.04.2025 00:00;64,27
13.04.2025 00:00;13.04.2025 01:00;63,99
13.04.2025 01:00;13.04.2025 02:00;56,0
13.04.2025 02:00;13.04.2025 03:00;42,36
13.04.2025 03:00;13.04.2025 04:00;29,5
13.04.2025 04:00;13.04.2025 05:00;32,06
13.04.2025 05:00;13.04.2025 06:00;34,48
13.04.2025 06:00;13.04.2025 07:00;29,41
13.04.2025 07:00;13.04.2025 08:00;27,75
13.04.2025 08:00;13.04.2025 09:00;12,87
13.04.2025 09:00;13.04.2025 10:00;8,43
13.04.2025 10:00;13.04.2025 11:00;0,0
13.04.2025 11:00;13.04.2025 12:00;-0,02
13.04.2025 12:00;13.04.2025 13:00;-3,02
13.04.2025 13:00;13.04.2025 14:00;-18,84
13.04.2025 14:00;13.04.2025 15:00;-25,38
13.04.2025 15:00;13.04.2025 16:00;-9,93
13.04.2025 16:00;13.04.2025 17:00;-0,01
13.04.2025 17:00;13.04.2025 18:00;17,56
13.04.2025 18:00;13.04.2025 19:00;98,63
13.04.2025 19:00;13.04.2025 20:00;120,65
13.04.2025 20:00;13.04.2025 21:00;118,01
13.04.2025 21:00;13.04.2025 22:00;108,06
13.04.2025 22:00;13.04.2025 23:00;103,35
13.04.2025 23:00;14.04.2025 00:00;94,98
14.04.2025 00:00;14.04.2025 01:00;87,56
14.04.2025 01:00;14.04.2025 02:00;82,69
14.04.2025 02:00;14.04.2025 03:00;82,11
14.04.2025 03:00;14.04.2025 04:00;82,29
14.04.2025 04:00;14.04.2025 05:00;84,52
14.04.2025 05:00;14.04.2025 06:00;97,1
14.04.2025 06:00;14.04.2025 07:00;124,34
14.04.2025 07:00;14.04.2025 08:00;152,03
14.04.2025 08:00;14.04.2025 09:00;143,7
14.04.2025 09:00;14.04.2025 10:00;104,7
14.04.2025 10:00;14.04.2025 11:00;91,02
14.04.2025 11:00;14.04.2025 12:00;77,07
14.04.2025 12:00;14.04.2025 13:00;62,35
14.04.2025 13:00;14.04.2025 14:00;61,64
14.04.2025 14:00;14.04.2025 15:00;64,36
14.04.2025 15:00;14.04.2025 16:00;75,29
14.04.2025 16:00;14.04.2025 17:00;84,6
14.04.2025 17:00;14.04.2025 18:00;97,02
14.04.2025 18:00;14.04.2025 19:00;119,35
14.04.2025 19:00;14.04.2025 20:00;180,0
14.04.2025 20:00;14.04.2025 21:00;140,61
14.04.2025 21:00;14.04.2025 22:00;102,83
14.04.2025 22:00;14.04.2025 23:00;82,59
14.04.2025 23:00;15.04.2025 00:00;76,0
15.04.2025 00:00;15.04.2025 01:00;72,93
15.04.2025 01:00;15.04.2025 02:00;73,2
15.04.2025 02:00;15.04.2025 03:00;67,38
15.04.2025 03:00;15.04.2025 04:00;64,29
15.04.2025 04:00;15.04.2025 05:00;66,3
15.04.2025 05:00;15.04.2025 06:00;70,42
15.04.2025 06:00;15.04.2025 07:00;83,03
15.04.2025 07:00;15.04.2025 08:00;96,99
15.04.2025 08:00;15.04.2025 09:00;98,56
15.04.2025 09:00;15.04.2025 10:00;65,0
15.04.2025 10:00;15.04.2025 11:00;48,93
15.04.2025 11:00;15.04.2025 12:00;2,92
15.04.2025 12:00;15.04.2025 13:00;0,08
15.04.2025 13:00;15.04.2025 14:00;0,0
15.04.2025 14:00;15.04.2025 15:00;0,1
15.04.2025 15:00;15.04.2025 16:00;29,27
15.04.2025 16:00;15.04.2025 17:00;68,08
15.04.2025 17:00;15.04.2025 18:00;86,57
15.04.2025 18:00;15.04.2025 19:00;105,28
15.04.2025 19:00;15.04.2025 20:00;133,58
15.04.2025 20:00;15.04.2025 21:00;141,54
15.04.2025 21:00;15.04.2025 22:00;110,58
15.04.2025 22:00;15.04.2025 23:00;102,21
15.04.2025 23:00;16.04.2025 00:00;93,76
16.04.2025 00:00;16.04.2025 01:00;88,01
16.04.2025 01:00;16.04.2025 02:00;82,04
16.04.2025 02:00;16.04.2025 03:00;82,2
16.04.2025 03:00;16.04.2025 04:00;81,4
16.04.2025 04:00;16.04.2025 05:00;82,99
16.04.2025 05:00;16.04.2025 06:00;99,4
16.04.2025 06:00;16.04.2025 07:00;121,0
16.04.2025 07:00;16.04.2025 08:00;135,14
16.04.2025 08:00;16.04.2025 09:00;109,94
16.04.2025 09:00;16.04.2025 10:00;94,82
16.04.2025 10:00;16.04.2025 11:00;79,75
16.04.2025 11:00;16.04.2025 12:00;64,08
16.04.2025 12:00;16.04.2025 13:00;35,3
16.04.2025 13:00;16.04.2025 14:00;22,4
16.04.2025 14:00;16.04.2025 15:00;24,94
16.04.2025 15:00;16.04.2025 16:00;55,0
16.04.2025 16:00;16.04.2025 17:00;68,0
16.04.2025 17:00;16.04.2025 18:00;93,16
16.04.2025 18:00;16.04.2025 19:00;118,0
16.04.2025 19:00;16.04.2025 20:00;146,52
16.04.2025 20:00;16.04.2025 21:00;136,48
16.04.2025 21:00;16.04.2025 22:00;121,0
16.04.2025 22:00;16.04.2025 23:00;109,69
16.04.2025 23:00;17.04.2025 00:00;98,59
17.04.2025 00:00;17.04.2025 01:00;88,99
17.04.2025 01:00;17.04.2025 02:00;83,99
17.04.2025 02:00;17.04.2025 03:00;81,67
17.04.2025 03:00;17.04.2025 04:00;80,07
17.04.2025 04:00;17.04.2025 05:00;81,28
17.04.2025 05:00;17.04.2025 06:00;87,43
17.04.2025 06:00;17.04.2025 07:00;108,02
17.04.2025 07:00;17.04.2025 08:00;122,8
17.04.2025 08:00;17.04.2025 09:00;130,0
17.04.2025 09:00;17.04.2025 10:00;121,0
17.04.2025 10:00;17.04.2025 11:00;110,0
17.04.2025 11:00;17.04.2025 12:00;95,03
17.04.2025 12:00;17.04.2025 13:00;80,84
17.04.2025 13:00;17.04.2025 14:00;81,04
17.04.2025 14:00;17.04.2025 15:00;77,75
17.04.2025 15:00;17.04.2025 16:00;77,65
17.04.2025 16:00;17.04.2025 17:00;83,87
17.04.2025 17:00;17.04.2025 18:00;97,63
17.04.2025 18:00;17.04.2025 19:00;112,65
17.04.2025 19:00;17.04.2025 20:00;129,0
17.04.2025 20:00;17.04.2025 21:00;122,79
17.04.2025 21:00;17.04.2025 22:00;114,76
17.04.2025 22:00;17.04.2025 23:00;98,9
17.04.2025 23:00;18.04.2025 00:00;96,52
18.04.2025 00:00;18.04.2025 01:00;91,0
18.04.2025 01:00;18.04.2025 02:00;81,3
18.04.2025 02:00;18.04.2025 03:00;79,12
18.04.2025 03:00;18.04.2025 04:00;77,94
18.04.2025 04:00;18.04.2025 05:00;76,34
18.04.2025 05:00;18.04.2025 06:00;76,35
18.04.2025 06:00;18.04.2025 07:00;79,39
18.04.2025 07:00;18.04.2025 08:00;87,98
18.04.2025 08:00;18.04.2025 09:00;91,25
18.04.2025 09:00;18.04.2025 10:00;90,14
18.04.2025 10:00;18.04.2025 11:00;88,3
18.04.2025 11:00;18.04.2025 12:00;83,28
18.04.2025 12:00;18.04.2025 13:00;75,03
18.04.2025 13:00;18.04.2025 14:00;63,75
18.04.2025 14:00;18.04.2025 15:00;62,64
18.04.2025 15:00;18.04.2025 16:00;65,36
18.04.2025 16:00;18.04.2025 17:00;76,61
18.04.2025 17:00;18.04.2025 18:00;88,64
18.04.2025 18:00;18.04.2025 19:00;103,5
18.04.2025 19:00;18.04.2025 20:00;123,12
18.04.2025 20:00;18.04.2025 21:00;126,52
18.04.2025 21:00;18.04.2025 22:00;116,52
18.04.2025 22:00;18.04.2025 23:00;106,35
18.04.2025 23:00;19.04.2025 00:00;99,12
19.04.2025 00:00;19.04.2025 01:00;89,32
19.04.2025 01:00;19.04.2025 02:00;80,01
19.04.2025 02:00;19.04.2025 03:00;84,45
19.04.2025 03:00;19.04.2025 04:00;82,39
19.04.2025 04:00;19.04.2025 05:00;84,98
19.04.2025 05:00;19.04.2025 06:00;90,62
19.04.2025 06:00;19.04.2025 07:00;95,2
19.04.2025 07:00;19.04.2025 08:00;91,67
19.04.2025 08:00;19.04.2025 09:00;83,89
19.04.2025 09:00;19.04.2025 10:00;76,43
19.04.2025 10:00;19.04.2025 11:00;29,99
19.04.2025 11:00;19.04.2025 12:00;4,54
19.04.2025 12:00;19.04.2025 13:00;0,0
19.04.2025 13:00;19.04.2025 14:00;-3,01
19.04.2025 14:00;19.04.2025 15:00;-7,26
19.04.2025 15:00;19.04.2025 16:00;-0,86
19.04.2025 16:00;19.04.2025 17:00;0,2
19.04.2025 17:00;19.04.2025 18:00;64,01
19.04.2025 18:00;19.04.2025 19:00;102,77
19.04.2025 19:00;19.04.2025 20:00;126,84
19.04.2025 20:00;19.04.2025 21:00;142,71
19.04.2025 21:00;19.04.2025 22:00;127,36
19.04.2025 22:00;19.04.2025 23:00;109,55
19.04.2025 23:00;20.04.2025 00:00;98,27
20.04.2025 00:00;20.04.2025 01:00;100,41
20.04.2025 01:00;20.04.2025 02:00;94,9
20.04.2025 02:00;20.04.2025 03:00;98,98
20.04.2025 03:00;20.04.2025 04:00;97,41
20.04.2025 04:00;20.04.2025 05:00;98,83
20.04.2025 05:00;20.04.2025 06:00;108,64
20.04.2025 06:00;20.04.2025 07:00;109,38
20.04.2025 07:00;20.04.2025 08:00;94,32
20.04.2025 08:00;20.04.2025 09:00;68,6
20.04.2025 09:00;20.04.2025 10:00;18,63
20.04.2025 10:00;20.04.2025 11:00;0,0
20.04.2025 11:00;20.04.2025 12:00;-5,72
20.04.2025 12:00;20.04.2025 13:00;-34,99
20.04.2025 13:00;20.04.2025 14:00;-52,42
20.04.2025 14:00;20.04.2025 15:00;-40,05
20.04.2025 15:00;20.04.2025 16:00;-4,76
20.04.2025 16:00;20.04.2025 17:00;0,0
20.04.2025 17:00;20.04.2025 18:00;72,42
20.04.2025 18:00;20.04.2025 19:00;106,81
20.04.2025 19:00;20.04.2025 20:00;119,94
20.04.2025 20:00;20.04.2025 21:00;144,95
20.04.2025 21:00;20.04.2025 22:00;137,56
20.04.2025 22:00;20.04.2025 23:00;121,82
20.04.2025 23:00;21.04.2025 00:00;110,68
21.04.2025 00:00;21.04.2025 01:00;108,58
21.04.2025 01:00;21.04.2025 02:00;97,59
21.04.2025 02:00;21.04.2025 03:00;96,47
21.04.2025 03:00;21.04.2025 04:00;96,84
21.04.2025 04:00;21.04.2025 05:00;97,98
21.04.2025 05:00;21.04.2025 06:00;98,54
21.04.2025 06:00;21.04.2025 07:00;97,07
21.04.2025 07:00;21.04.2025 08:00;91,31
21.04.2025 08:00;21.04.2025 09:00;88,5
21.04.2025 09:00;21.04.2025 10:00;87,99
21.04.2025 10:00;21.04.2025 11:00;65,24
21.04.2025 11:00;21.04.2025 12:00;33,88
21.04.2025 12:00;21.04.2025 13:00;17,19
21.04.2025 13:00;21.04.2025 14:00;8,91
21.04.2025 14:00;21.04.2025 15:00;8,43
21.04.2025 15:00;21.04.2025 16:00;10,01
21.04.2025 16:00;21.04.2025 17:00;50,05
21.04.2025 17:00;21.04.2025 18:00;88,77
21.04.2025 18:00;21.04.2025 19:00;101,95
21.04.2025 19:00;21.04.2025 20:00;121,95
21.04.2025 20:00;21.04.2025 21:00;139,14
21.04.2025 21:00;21.04.2025 22:00;132,1
21.04.2025 22:00;21.04.2025 23:00;122,77
21.04.2025 23:00;22.04.2025 00:00;106,54
22.04.2025 00:00;22.04.2025 01:00;96,21
22.04.2025 01:00;22.04.2025 02:00;88,8
22.04.2025 02:00;22.04.2025 03:00;87,4
22.04.2025 03:00;22.04.2025 04:00;85,01
22.04.2025 04:00;22.04.2025 05:00;84,58
22.04.2025 05:00;22.04.2025 06:00;97,39
22.04.2025 06:00;22.04.2025 07:00;120,76
22.04.2025 07:00;22.04.2025 08:00;151,54
22.04.2025 08:00;22.04.2025 09:00;147,0
22.04.2025 09:00;22.04.2025 10:00;111,88
22.04.2025 10:00;22.04.2025 11:00;95,2
22.04.2025 11:00;22.04.2025 12:00;89,97
22.04.2025 12:00;22.04.2025 13:00;79,92
22.04.2025 13:00;22.04.2025 14:00;67,66
22.04.2025 14:00;22.04.2025 15:00;71,47
22.04.2025 15:00;22.04.2025 16:00;78,45
22.04.2025 16:00;22.04.2025 17:00;83,07
22.04.2025 17:00;22.04.2025 18:00;100,04
22.04.2025 18:00;22.04.2025 19:00;122,38
22.04.2025 19:00;22.04.2025 20:00;192,32
22.04.2025 20:00;22.04.2025 21:00;263,2
22.04.2025 21:00;22.04.2025 22:00;157,28
22.04.2025 22:00;22.04.2025 23:00;122,28
22.04.2025 23:00;23.04.2025 00:00;109,6
23.04.2025 00:00;23.04.2025 01:00;106,72
23.04.2025 01:00;23.04.2025 02:00;99,4
23.04.2025 02:00;23.04.2025 03:00;96,84
23.04.2025 03:00;23.04.2025 04:00;96,7
23.04.2025 04:00;23.04.2025 05:00;101,2
23.04.2025 05:00;23.04.2025 06:00;108,23
23.04.2025 06:00;23.04.2025 07:00;137,09
23.04.2025 07:00;23.04.2025 08:00;152,0
23.04.2025 08:00;23.04.2025 09:00;128,84
23.04.2025 09:00;23.04.2025 10:00;100,0
23.04.2025 10:00;23.04.2025 11:00;92,0
23.04.2025 11:00;23.04.2025 12:00;94,39
23.04.2025 12:00;23.04.2025 13:00;81,04
23.04.2025 13:00;23.04.2025 14:00;80,29
23.04.2025 14:00;23.04.2025 15:00;88,0
23.04.2025 15:00;23.04.2025 16:00;92,35
23.04.2025 16:00;23.04.2025 17:00;99,05
23.04.2025 17:00;23.04.2025 18:00;108,28
23.04.2025 18:00;23.04.2025 19:00;128,9
23.04.2025 19:00;23.04.2025 20:00;155,97
23.04.2025 20:00;23.04.2025 21:00;148,67
23.04.2025 21:00;23.04.2025 22:00;126,11
23.04.2025 22:00;23.04.2025 23:00;108,2
23.04.2025 23:00;24.04.2025 00:00;97,15
24.04.2025 00:00;24.04.2025 01:00;94,17
24.04.2025 01:00;24.04.2025 02:00;88,3
24.04.2025 02:00;24.04.2025 03:00;86,7
24.04.2025 03:00;24.04.2025 04:00;85,65
24.04.2025 04:00;24.04.2025 05:00;84,35
24.04.2025 05:00;24.04.2025 06:00;90,93
24.04.2025 06:00;24.04.2025 07:00;110,34
24.04.2025 07:00;24.04.2025 08:00;118,51
24.04.2025 08:00;24.04.2025 09:00;117,65
24.04.2025 09:00;24.04.2025 10:00;108,91
24.04.2025 10:00;24.04.2025 11:00;96,67
24.04.2025 11:00;24.04.2025 12:00;93,55
24.04.2025 12:00;24.04.2025 13:00;81,56
24.04.2025 13:00;24.04.2025 14:00;78,95
24.04.2025 14:00;24.04.2025 15:00;78,04
24.04.2025 15:00;24.04.2025 16:00;78,72
24.04.2025 16:00;24.04.2025 17:00;83,37
24.04.2025 17:00;24.04.2025 18:00;95,36
24.04.2025 18:00;24.04.2025 19:00;101,02
24.04.2025 19:00;24.04.2025 20:00;114,64
24.04.2025 20:00;24.04.2025 21:00;121,61
24.04.2025 21:00;24.04.2025 22:00;114,48
24.04.2025 22:00;24.04.2025 23:00;106,53
24.04.2025 23:00;25.04.2025 00:00;93,1
25.04.2025 00:00;25.04.2025 01:00;91,03
25.04.2025 01:00;25.04.2025 02:00;82,92
25.04.2025 02:00;25.04.2025 03:00;82,23
25.04.2025 03:00;25.04.2025 04:00;83,4
25.04.2025 04:00;25.04.2025 05:00;84,95
25.04.2025 05:00;25.04.2025 06:00;94,64
25.04.2025 06:00;25.04.2025 07:00;104,41
25.04.2025 07:00;25.04.2025 08:00;113,39
25.04.2025 08:00;25.04.2025 09:00;111,0
25.04.2025 09:00;25.04.2025 10:00;99,41
25.04.2025 10:00;25.04.2025 11:00;88,17
25.04.2025 11:00;25.04.2025 12:00;75,45
25.04.2025 12:00;25.04.2025 13:00;66,61
25.04.2025 13:00;25.04.2025 14:00;48,03
25.04.2025 14:00;25.04.2025 15:00;40,99
25.04.2025 15:00;25.04.2025 16:00;59,47
25.04.2025 16:00;25.04.2025 17:00;73,04
25.04.2025 17:00;25.04.2025 18:00;84,19
25.04.2025 18:00;25.04.2025 19:00;99,43
25.04.2025 19:00;25.04.2025 20:00;115,99
25.04.2025 20:00;25.04.2025 21:00;123,78
25.04.2025 21:00;25.04.2025 22:00;109,63
25.04.2025 22:00;25.04.2025 23:00;100,37
25.04.2025 23:00;26.04.2025 00:00;92,09
26.04.2025 00:00;26.04.2025 01:00;100,0
26.04.2025 01:00;26.04.2025 02:00;92,19
26.04.2025 02:00;26.04.2025 03:00;91,02
26.04.2025 03:00;26.04.2025 04:00;89,66
26.04.2025 04:00;26.04.2025 05:00;89,01
26.04.2025 05:00;26.04.2025 06:00;90,86
26.04.2025 06:00;26.04.2025 07:00;93,01
26.04.2025 07:00;26.04.2025 08:00;86,33
26.04.2025 08:00;26.04.2025 09:00;72,19
26.04.2025 09:00;26.04.2025 10:00;34,45
26.04.2025 10:00;26.04.2025 11:00;2,55
26.04.2025 11:00;26.04.2025 12:00;-0,01
26.04.2025 12:00;26.04.2025 13:00;-7,63
26.04.2025 13:00;26.04.2025 14:00;-14,85
26.04.2025 14:00;26.04.2025 15:00;-10,77
26.04.2025 15:00;26.04.2025 16:00;-2,19
26.04.2025 16:00;26.04.2025 17:00;-0,02
26.04.2025 17:00;26.04.2025 18:00;30,99
26.04.2025 18:00;26.04.2025 19:00;79,0
26.04.2025 19:00;26.04.2025 20:00;99,81
26.04.2025 20:00;26.04.2025 21:00;107,4
26.04.2025 21:00;26.04.2025 22:00;96,85
26.04.2025 22:00;26.04.2025 23:00;85,26
26.04.2025 23:00;27.04.2025 00:00;72,31
27.04.2025 00:00;27.04.2025 01:00;67,71
27.04.2025 01:00;27.04.2025 02:00;62,91
27.04.2025 02:00;27.04.2025 03:00;57,96
27.04.2025 03:00;27.04.2025 04:00;59,12
27.04.2025 04:00;27.04.2025 05:00;61,94
27.04.2025 05:00;27.04.2025 06:00;69,05
27.04.2025 06:00;27.04.2025 07:00;69,14
27.04.2025 07:00;27.04.2025 08:00;63,72
27.04.2025 08:00;27.04.2025 09:00;34,95
27.04.2025 09:00;27.04.2025 10:00;0,04
27.04.2025 10:00;27.04.2025 11:00;-3,0
27.04.2025 11:00;27.04.2025 12:00;-33,88
27.04.2025 12:00;27.04.2025 13:00;-101,04
27.04.2025 13:00;27.04.2025 14:00;-129,81
27.04.2025 14:00;27.04.2025 15:00;-116,61
27.04.2025 15:00;27.04.2025 16:00;-50,0
27.04.2025 16:00;27.04.2025 17:00;-5,17
27.04.2025 17:00;27.04.2025 18:00;18,35
27.04.2025 18:00;27.04.2025 19:00;91,98
27.04.2025 19:00;27.04.2025 20:00;110,83
27.04.2025 20:00;27.04.2025 21:00;124,23
27.04.2025 21:00;27.04.2025 22:00;109,24
27.04.2025 22:00;27.04.2025 23:00;99,0
27.04.2025 23:00;28.04.2025 00:00;93,77
28.04.2025 00:00;28.04.2025 01:00;92,24
28.04.2025 01:00;28.04.2025 02:00;86,49
28.04.2025 02:00;28.04.2025 03:00;83,1
28.04.2025 03:00;28.04.2025 04:00;85,41
28.04.2025 04:00;28.04.2025 05:00;91,19
28.04.2025 05:00;28.04.2025 06:00;99,49
28.04.2025 06:00;28.04.2025 07:00;140,0
28.04.2025 07:00;28.04.2025 08:00;131,09
28.04.2025 08:00;28.04.2025 09:00;96,85
28.04.2025 09:00;28.04.2025 10:00;67,37
28.04.2025 10:00;28.04.2025 11:00;10,03
28.04.2025 11:00;28.04.2025 12:00;-0,01
28.04.2025 12:00;28.04.2025 13:00;-4,02
28.04.2025 13:00;28.04.2025 14:00;-5,9
28.04.2025 14:00;28.04.2025 15:00;-6,18
28.04.2025 15:00;28.04.2025 16:00;-1,54
28.04.2025 16:00;28.04.2025 17:00;2,01
28.04.2025 17:00;28.04.2025 18:00;71,83
28.04.2025 18:00;28.04.2025 19:00;101,92
28.04.2025 19:00;28.04.2025 20:00;149,9
28.04.2025 20:00;28.04.2025 21:00;194,81
28.04.2025 21:00;28.04.2025 22:00;128,83
28.04.2025 22:00;28.04.2025 23:00;106,24
28.04.2025 23:00;29.04.2025 00:00;96,83
29.04.2025 00:00;29.04.2025 01:00;90,64
29.04.2025 01:00;29.04.2025 02:00;86,86
29.04.2025 02:00;29.04.2025 03:00;81,76
29.04.2025 03:00;29.04.2025 04:00;79,17
29.04.2025 04:00;29.04.2025 05:00;80,03
29.04.2025 05:00;29.04.2025 06:00;90,57
29.04.2025 06:00;29.04.2025 07:00;107,0
29.04.2025 07:00;29.04.2025 08:00;113,13
29.04.2025 08:00;29.04.2025 09:00;99,98
29.04.2025 09:00;29.04.2025 10:00;78,0
29.04.2025 10:00;29.04.2025 11:00;9,31
29.04.2025 11:00;29.04.2025 12:00;0,0
29.04.2025 12:00;29.04.2025 13:00;-0,76
29.04.2025 13:00;29.04.2025 14:00;-1,9
29.04.2025 14:00;29.04.2025 15:00;-1,67
29.04.2025 15:00;29.04.2025 16:00;-0,01
29.04.2025 16:00;29.04.2025 17:00;14,82
29.04.2025 17:00;29.04.2025 18:00;77,6
29.04.2025 18:00;29.04.2025 19:00;102,0
29.04.2025 19:00;29.04.2025 20:00;139,83
29.04.2025 20:00;29.04.2025 21:00;174,75
29.04.2025 21:00;29.04.2025 22:00;129,11
29.04.2025 22:00;29.04.2025 23:00;108,83
29.04.2025 23:00;30.04.2025 00:00;97,82
30.04.2025 00:00;30.04.2025 01:00;95,0
30.04.2025 01:00;30.04.2025 02:00;90,0
30.04.2025 02:00;30.04.2025 03:00;87,59
30.04.2025 03:00;30.04.2025 04:00;88,25
30.04.2025 04:00;30.04.2025 05:00;91,4
30.04.2025 05:00;30.04.2025 06:00;95,83
30.04.2025 06:00;30.04.2025 07:00;115,27
30.04.2025 07:00;30.04.2025 08:00;120,3
30.04.2025 08:00;30.04.2025 09:00;99,9
30.04.2025 09:00;30.04.2025 10:00;76,7
30.04.2025 10:00;30.04.2025 11:00;7,08
30.04.2025 11:00;30.04.2025 12:00;0,0
30.04.2025 12:00;30.04.2025 13:00;-1,0
30.04.2025 13:00;30.04.2025 14:00;-6,21
30.04.2025 14:00;30.04.2025 15:00;-3,0
30.04.2025 15:00;30.04.2025 16:00;-0,02
30.04.2025 16:00;30.04.2025 17:00;19,91
30.04.2025 17:00;30.04.2025 18:00;78,39
30.04.2025 18:00;30.04.2025 19:00;101,8
30.04.2025 19:00;30.04.2025 20:00;130,37
30.04.2025 20:00;30.04.2025 21:00;176,43
30.04.2025 21:00;30.04.2025 22:00;128,0
30.04.2025 22:00;30.04.2025 23:00;108,33
30.04.2025 23:00;01.05.2025 00:00;98,68
01.05.2025 00:00;01.05.2025 01:00;97,51
01.05.2025 01:00;01.05.2025 02:00;91,78
01.05.2025 02:00;01.05.2025 03:00;90,46
01.05.2025 03:00;01.05.2025 04:00;90,63
01.05.2025 04:00;01.05.2025 05:00;90,5
01.05.2025 05:00;01.05.2025 06:00;84,16
01.05.2025 06:00;01.05.2025 07:00;83,94
01.05.2025 07:00;01.05.2025 08:00;78,04
01.05.2025 08:00;01.05.2025 09:00;62,1
01.05.2025 09:00;01.05.2025 10:00;0,0
01.05.2025 10:00;01.05.2025 11:00;-3,0
01.05.2025 11:00;01.05.2025 12:00;-40,1
01.05.2025 12:00;01.05.2025 13:00;-85,01
01.05.2025 13:00;01.05.2025 14:00;-129,99
01.05.2025 14:00;01.05.2025 15:00;-118,11
01.05.2025 15:00;01.05.2025 16:00;-49,99
01.05.2025 16:00;01.05.2025 17:00;-5,17
01.05.2025 17:00;01.05.2025 18:00;40,77
01.05.2025 18:00;01.05.2025 19:00;96,14
01.05.2025 19:00;01.05.2025 20:00;129,87
01.05.2025 20:00;01.05.2025 21:00;164,38
01.05.2025 21:00;01.05.2025 22:00;122,45
01.05.2025 22:00;01.05.2025 23:00;100,73
01.05.2025 23:00;02.05.2025 00:00;87,1
02.05.2025 00:00;02.05.2025 01:00;89,92
02.05.2025 01:00;02.05.2025 02:00;77,12
02.05.2025 02:00;02.05.2025 03:00;66,9
02.05.2025 03:00;02.05.2025 04:00;63,91
02.05.2025 04:00;02.05.2025 05:00;66,0
02.05.2025 05:00;02.05.2025 06:00;74,01
02.05.2025 06:00;02.05.2025 07:00;86,83
02.05.2025 07:00;02.05.2025 08:00;88,55
02.05.2025 08:00;02.05.2025 09:00;84,9
02.05.2025 09:00;02.05.2025 10:00;55,0
02.05.2025 10:00;02.05.2025 11:00;0,85
02.05.2025 11:00;02.05.2025 12:00;-0,01
02.05.2025 12:00;02.05.2025 13:00;-0,8
02.05.2025 13:00;02.05.2025 14:00;-3,0
02.05.2025 14:00;02.05.2025 15:00;-4,0
02.05.2025 15:00;02.05.2025 16:00;-0,08
02.05.2025 16:00;02.05.2025 17:00;0,3
02.05.2025 17:00;02.05.2025 18:00;67,5
02.05.2025 18:00;02.05.2025 19:00;99,9
02.05.2025 19:00;02.05.2025 20:00;118,39
02.05.2025 20:00;02.05.2025 21:00;150,4
02.05.2025 21:00;02.05.2025 22:00;121,24
02.05.2025 22:00;02.05.2025 23:00;106,72
02.05.2025 23:00;03.05.2025 00:00;96,44
03.05.2025 00:00;03.05.2025 01:00;97,81
03.05.2025 01:00;03.05.2025 02:00;93,34
03.05.2025 02:00;03.05.2025 03:00;92,2
03.05.2025 03:00;03.05.2025 04:00;92,0
03.05.2025 04:00;03.05.2025 05:00;91,23
03.05.2025 05:00;03.05.2025 06:00;91,84
03.05.2025 06:00;03.05.2025 07:00;92,86
03.05.2025 07:00;03.05.2025 08:00;87,73
03.05.2025 08:00;03.05.2025 09:00;79,9
03.05.2025 09:00;03.05.2025 10:00;13,53
03.05.2025 10:00;03.05.2025 11:00;0,01
03.05.2025 11:00;03.05.2025 12:00;-0,01
03.05.2025 12:00;03.05.2025 13:00;-1,16
03.05.2025 13:00;03.05.2025 14:00;-3,04
03.05.2025 14:00;03.05.2025 15:00;-2,69
03.05.2025 15:00;03.05.2025 16:00;-0,03
03.05.2025 16:00;03.05.2025 17:00;0,0
03.05.2025 17:00;03.05.2025 18:00;28,87
03.05.2025 18:00;03.05.2025 19:00;68,11
03.05.2025 19:00;03.05.2025 20:00;77,54
03.05.2025 20:00;03.05.2025 21:00;90,27
03.05.2025 21:00;03.05.2025 22:00;87,02
03.05.2025 22:00;03.05.2025 23:00;78,63
03.05.2025 23:00;04.05.2025 00:00;65,91
04.05.2025 00:00;04.05.2025 01:00;60,3
04.05.2025 01:00;04.05.2025 02:00;44,9
04.05.2025 02:00;04.05.2025 03:00;31,47
04.05.2025 03:00;04.05.2025 04:00;20,39
04.05.2025 04:00;04.05.2025 05:00;20,02
04.05.2025 05:00;04.05.2025 06:00;15,58
04.05.2025 06:00;04.05.2025 07:00;13,62
04.05.2025 07:00;04.05.2025 08:00;7,83
04.05.2025 08:00;04.05.2025 09:00;2,93
04.05.2025 09:00;04.05.2025 10:00;0,0
04.05.2025 10:00;04.05.2025 11:00;-0,01
04.05.2025 11:00;04.05.2025 12:00;-0,01
04.05.2025 12:00;04.05.2025 13:00;-0,02
04.05.2025 13:00;04.05.2025 14:00;-2,0
04.05.2025 14:00;04.05.2025 15:00;-5,01
04.05.2025 15:00;04.05.2025 16:00;-1,59
04.05.2025 16:00;04.05.2025 17:00;-0,01
04.05.2025 17:00;04.05.2025 18:00;10,07
04.05.2025 18:00;04.05.2025 19:00;80,08
04.05.2025 19:00;04.05.2025 20:00;95,95
04.05.2025 20:00;04.05.2025 21:00;109,0
04.05.2025 21:00;04.05.2025 22:00;112,38
04.05.2025 22:00;04.05.2025 23:00;101,79
04.05.2025 23:00;05.05.2025 00:00;87,35
05.05.2025 00:00;05.05.2025 01:00;75,18
05.05.2025 01:00;05.05.2025 02:00;70,51
05.05.2025 02:00;05.05.2025 03:00;72,25
05.05.2025 03:00;05.05.2025 04:00;75,15
05.05.2025 04:00;05.05.2025 05:00;74,98
05.05.2025 05:00;05.05.2025 06:00;89,49
05.05.2025 06:00;05.05.2025 07:00;110,92
05.05.2025 07:00;05.05.2025 08:00;122,57
05.05.2025 08:00;05.05.2025 09:00;106,69
05.05.2025 09:00;05.05.2025 10:00;90,82
05.05.2025 10:00;05.05.2025 11:00;80,0
05.05.2025 11:00;05.05.2025 12:00;61,65
05.05.2025 12:00;05.05.2025 13:00;53,83
05.05.2025 13:00;05.05.2025 14:00;49,66
05.05.2025 14:00;05.05.2025 15:00;59,3
05.05.2025 15:00;05.05.2025 16:00;70,42
05.05.2025 16:00;05.05.2025 17:00;78,88
05.05.2025 17:00;05.05.2025 18:00;89,22
05.05.2025 18:00;05.05.2025 19:00;100,1
05.05.2025 19:00;05.05.2025 20:00;128,92
05.05.2025 20:00;05.05.2025 21:00;128,0
05.05.2025 21:00;05.05.2025 22:00;113,17
05.05.2025 22:00;05.05.2025 23:00;101,52
05.05.2025 23:00;06.05.2025 00:00;94,46
06.05.2025 00:00;06.05.2025 01:00;87,22
06.05.2025 01:00;06.05.2025 02:00;81,68
06.05.2025 02:00;06.05.2025 03:00;81,29
06.05.2025 03:00;06.05.2025 04:00;79,96
06.05.2025 04:00;06.05.2025 05:00;82,39
06.05.2025 05:00;06.05.2025 06:00;97,08
06.05.2025 06:00;06.05.2025 07:00;114,57
06.05.2025 07:00;06.05.2025 08:00;121,86
06.05.2025 08:00;06.05.2025 09:00;108,37
06.05.2025 09:00;06.05.2025 10:00;83,08
06.05.2025 10:00;06.05.2025 11:00;72,27
06.05.2025 11:00;06.05.2025 12:00;59,89
06.05.2025 12:00;06.05.2025 13:00;42,81
06.05.2025 13:00;06.05.2025 14:00;38,17
06.05.2025 14:00;06.05.2025 15:00;45,44
06.05.2025 15:00;06.05.2025 16:00;65,0
06.05.2025 16:00;06.05.2025 17:00;73,73
06.05.2025 17:00;06.05.2025 18:00;89,99
06.05.2025 18:00;06.05.2025 19:00;106,89
06.05.2025 19:00;06.05.2025 20:00;134,09
06.05.2025 20:00;06.05.2025 21:00;161,18
06.05.2025 21:00;06.05.2025 22:00;136,6
06.05.2025 22:00;06.05.2025 23:00;118,28
06.05.2025 23:00;07.05.2025 00:00;101,27
07.05.2025 00:00;07.05.2025 01:00;92,67
07.05.2025 01:00;07.05.2025 02:00;87,05
07.05.2025 02:00;07.05.2025 03:00;85,63
07.05.2025 03:00;07.05.2025 04:00;88,6
07.05.2025 04:00;07.05.2025 05:00;95,16
07.05.2025 05:00;07.05.2025 06:00;108,57
07.05.2025 06:00;07.05.2025 07:00;131,68
07.05.2025 07:00;07.05.2025 08:00;143,95
07.05.2025 08:00;07.05.2025 09:00;125,0
07.05.2025 09:00;07.05.2025 10:00;96,43
07.05.2025 10:00;07.05.2025 11:00;82,41
07.05.2025 11:00;07.05.2025 12:00;73,3
07.05.2025 12:00;07.05.2025 13:00;64,43
07.05.2025 13:00;07.05.2025 14:00;63,92
07.05.2025 14:00;07.05.2025 15:00;68,04
07.05.2025 15:00;07.05.2025 16:00;75,0
07.05.2025 16:00;07.05.2025 17:00;81,8
07.05.2025 17:00;07.05.2025 18:00;95,85
07.05.2025 18:00;07.05.2025 19:00;108,49
07.05.2025 19:00;07.05.2025 20:00;128,93
07.05.2025 20:00;07.05.2025 21:00;147,15
07.05.2025 21:00;07.05.2025 22:00;125,18
07.05.2025 22:00;07.05.2025 23:00;108,49
07.05.2025 23:00;08.05.2025 00:00;96,59
08.05.2025 00:00;08.05.2025 01:00;95,86
08.05.2025 01:00;08.05.2025 02:00;91,66
08.05.2025 02:00;08.05.2025 03:00;91,51
08.05.2025 03:00;08.05.2025 04:00;93,18
08.05.2025 04:00;08.05.2025 05:00;96,09
08.05.2025 05:00;08.05.2025 06:00;109,25
08.05.2025 06:00;08.05.2025 07:00;124,27
08.05.2025 07:00;08.05.2025 08:00;138,73
08.05.2025 08:00;08.05.2025 09:00;124,11
08.05.2025 09:00;08.05.2025 10:00;101,13
08.05.2025 10:00;08.05.2025 11:00;87,81
08.05.2025 11:00;08.05.2025 12:00;75,34
08.05.2025 12:00;08.05.2025 13:00;64,25
08.05.2025 13:00;08.05.2025 14:00;63,75
08.05.2025 14:00;08.05.2025 15:00;70,05
08.05.2025 15:00;08.05.2025 16:00;78,77
08.05.2025 16:00;08.05.2025 17:00;85,3
08.05.2025 17:00;08.05.2025 18:00;91,63
08.05.2025 18:00;08.05.2025 19:00;109,09
08.05.2025 19:00;08.05.2025 20:00;134,96
08.05.2025 20:00;08.05.2025 21:00;185,08
08.05.2025 21:00;08.05.2025 22:00;143,18
08.05.2025 22:00;08.05.2025 23:00;114,77
08.05.2025 23:00;09.05.2025 00:00;106,48
09.05.2025 00:00;09.05.2025 01:00;102,27
09.05.2025 01:00;09.05.2025 02:00;96,55
09.05.2025 02:00;09.05.2025 03:00;93,76
09.05.2025 03:00;09.05.2025 04:00;95,09
09.05.2025 04:00;09.05.2025 05:00;100,28
09.05.2025 05:00;09.05.2025 06:00;112,4
09.05.2025 06:00;09.05.2025 07:00;141,0
09.05.2025 07:00;09.05.2025 08:00;136,03
09.05.2025 08:00;09.05.2025 09:00;100,61
09.05.2025 09:00;09.05.2025 10:00;82,0
09.05.2025 10:00;09.05.2025 11:00;51,6
09.05.2025 11:00;09.05.2025 12:00;0,1
09.05.2025 12:00;09.05.2025 13:00;-0,74
09.05.2025 13:00;09.05.2025 14:00;-0,04
09.05.2025 14:00;09.05.2025 15:00;-0,01
09.05.2025 15:00;09.05.2025 16:00;0,09
09.05.2025 16:00;09.05.2025 17:00;52,66
09.05.2025 17:00;09.05.2025 18:00;79,06
09.05.2025 18:00;09.05.2025 19:00;98,9
09.05.2025 19:00;09.05.2025 20:00;120,0
09.05.2025 20:00;09.05.2025 21:00;149,13
09.05.2025 21:00;09.05.2025 22:00;130,35
09.05.2025 22:00;09.05.2025 23:00;107,32
09.05.2025 23:00;10.05.2025 00:00;98,32
10.05.2025 00:00;10.05.2025 01:00;105,22
10.05.2025 01:00;10.05.2025 02:00;102,91
10.05.2025 02:00;10.05.2025 03:00;98,78
10.05.2025 03:00;10.05.2025 04:00;96,28
10.05.2025 04:00;10.05.2025 05:00;100,9
10.05.2025 05:00;10.05.2025 06:00;100,47
10.05.2025 06:00;10.05.2025 07:00;97,73
10.05.2025 07:00;10.05.2025 08:00;93,91
10.05.2025 08:00;10.05.2025 09:00;73,72
10.05.2025 09:00;10.05.2025 10:00;9,02
10.05.2025 10:00;10.05.2025 11:00;-0,07
10.05.2025 11:00;10.05.2025 12:00;-22,88
10.05.2025 12:00;10.05.2025 13:00;-58,48
10.05.2025 13:00;10.05.2025 14:00;-114,53
10.05.2025 14:00;10.05.2025 15:00;-110,51
10.05.2025 15:00;10.05.2025 16:00;-49,52
10.05.2025 16:00;10.05.2025 17:00;-5,94
10.05.2025 17:00;10.05.2025 18:00;23,99
10.05.2025 18:00;10.05.2025 19:00;95,27
10.05.2025 19:00;10.05.2025 20:00;124,04
10.05.2025 20:00;10.05.2025 21:00;163,2
10.05.2025 21:00;10.05.2025 22:00;129,49
10.05.2025 22:00;10.05.2025 23:00;107,72
10.05.2025 23:00;11.05.2025 00:00;94,49
11.05.2025 00:00;11.05.2025 01:00;97,8
11.05.2025 01:00;11.05.2025 02:00;95,1
11.05.2025 02:00;11.05.2025 03:00;94,51
11.05.2025 03:00;11.05.2025 04:00;95,42
11.05.2025 04:00;11.05.2025 05:00;95,39
11.05.2025 05:00;11.05.2025 06:00;95,45
11.05.2025 06:00;11.05.2025 07:00;87,61
11.05.2025 07:00;11.05.2025 08:00;65,76
11.05.2025 08:00;11.05.2025 09:00;4,96
11.05.2025 09:00;11.05.2025 10:00;-0,1
11.05.2025 10:00;11.05.2025 11:00;-12,02
11.05.2025 11:00;11.05.2025 12:00;-51,95
11.05.2025 12:00;11.05.2025 13:00;-212,82
11.05.2025 13:00;11.05.2025 14:00;-250,32
11.05.2025 14:00;11.05.2025 15:00;-230,98
11.05.2025 15:00;11.05.2025 16:00;-110,06
11.05.2025 16:00;11.05.2025 17:00;-18,52
11.05.2025 17:00;11.05.2025 18:00;-0,08
11.05.2025 18:00;11.05.2025 19:00;85,96
11.05.2025 19:00;11.05.2025 20:00;117,11
11.05.2025 20:00;11.05.2025 21:00;124,86
11.05.2025 21:00;11.05.2025 22:00;109,55
11.05.2025 22:00;11.05.2025 23:00;98,45
11.05.2025 23:00;12.05.2025 00:00;84,68
12.05.2025 00:00;12.05.2025 01:00;86,0
12.05.2025 01:00;12.05.2025 02:00;81,28
12.05.2025 02:00;12.05.2025 03:00;80,95
12.05.2025 03:00;12.05.2025 04:00;81,48
12.05.2025 04:00;12.05.2025 05:00;84,65
12.05.2025 05:00;12.05.2025 06:00;97,71
12.05.2025 06:00;12.05.2025 07:00;137,05
12.05.2025 07:00;12.05.2025 08:00;141,15
12.05.2025 08:00;12.05.2025 09:00;108,49
12.05.2025 09:00;12.05.2025 10:00;69,74
12.05.2025 10:00;12.05.2025 11:00;0,49
12.05.2025 11:00;12.05.2025 12:00;-3,91
12.05.2025 12:00;12.05.2025 13:00;-25,0
12.05.2025 13:00;12.05.2025 14:00;-35,0
12.05.2025 14:00;12.05.2025 15:00;-29,9
12.05.2025 15:00;12.05.2025 16:00;-8,59
12.05.2025 16:00;12.05.2025 17:00;-0,01
12.05.2025 17:00;12.05.2025 18:00;72,58
12.05.2025 18:00;12.05.2025 19:00;107,12
12.05.2025 19:00;12.05.2025 20:00;141,41
12.05.2025 20:00;12.05.2025 21:00;172,7
12.05.2025 21:00;12.05.2025 22:00;117,25
12.05.2025 22:00;12.05.2025 23:00;100,11
12.05.2025 23:00;13.05.2025 00:00;92,97
13.05.2025 00:00;13.05.2025 01:00;89,87
13.05.2025 01:00;13.05.2025 02:00;88,55
13.05.2025 02:00;13.05.2025 03:00;89,2
13.05.2025 03:00;13.05.2025 04:00;93,94
13.05.2025 04:00;13.05.2025 05:00;96,71
13.05.2025 05:00;13.05.2025 06:00;104,0
13.05.2025 06:00;13.05.2025 07:00;136,77
13.05.2025 07:00;13.05.2025 08:00;128,33
13.05.2025 08:00;13.05.2025 09:00;100,42
13.05.2025 09:00;13.05.2025 10:00;79,36
13.05.2025 10:00;13.05.2025 11:00;16,09
13.05.2025 11:00;13.05.2025 12:00;-0,75
13.05.2025 12:00;13.05.2025 13:00;-6,0
13.05.2025 13:00;13.05.2025 14:00;-16,0
13.05.2025 14:00;13.05.2025 15:00;-6,55
13.05.2025 15:00;13.05.2025 16:00;-3,83
13.05.2025 16:00;13.05.2025 17:00;0,55
13.05.2025 17:00;13.05.2025 18:00;74,0
13.05.2025 18:00;13.05.2025 19:00;105,23
13.05.2025 19:00;13.05.2025 20:00;151,07
13.05.2025 20:00;13.05.2025 21:00;223,58
13.05.2025 21:00;13.05.2025 22:00;148,96
13.05.2025 22:00;13.05.2025 23:00;111,97
13.05.2025 23:00;14.05.2025 00:00;102,63
14.05.2025 00:00;14.05.2025 01:00;102,78
14.05.2025 01:00;14.05.2025 02:00;97,3
14.05.2025 02:00;14.05.2025 03:00;95,41
14.05.2025 03:00;14.05.2025 04:00;96,96
14.05.2025 04:00;14.05.2025 05:00;98,56
14.05.2025 05:00;14.05.2025 06:00;103,94
14.05.2025 06:00;14.05.2025 07:00;128,58
14.05.2025 07:00;14.05.2025 08:00;122,51
14.05.2025 08:00;14.05.2025 09:00;99,56
14.05.2025 09:00;14.05.2025 10:00;70,92
14.05.2025 10:00;14.05.2025 11:00;0,2
14.05.2025 11:00;14.05.2025 12:00;-1,67
14.05.2025 12:00;14.05.2025 13:00;-18,16
14.05.2025 13:00;14.05.2025 14:00;-29,91
14.05.2025 14:00;14.05.2025 15:00;-31,82
14.05.2025 15:00;14.05.2025 16:00;-12,79
14.05.2025 16:00;14.05.2025 17:00;-1,33
14.05.2025 17:00;14.05.2025 18:00;30,94
14.05.2025 18:00;14.05.2025 19:00;91,6
14.05.2025 19:00;14.05.2025 20:00;114,0
14.05.2025 20:00;14.05.2025 21:00;158,45
14.05.2025 21:00;14.05.2025 22:00;132,59
14.05.2025 22:00;14.05.2025 23:00;109,08
14.05.2025 23:00;15.05.2025 00:00;99,86
15.05.2025 00:00;15.05.2025 01:00;98,06
15.05.2025 01:00;15.05.2025 02:00;89,88
15.05.2025 02:00;15.05.2025 03:00;87,8
15.05.2025 03:00;15.05.2025 04:00;87,63
15.05.2025 04:00;15.05.2025 05:00;90,28
15.05.2025 05:00;15.05.2025 06:00;98,94
15.05.2025 06:00;15.05.2025 07:00;119,9
15.05.2025 07:00;15.05.2025 08:00;119,91
15.05.2025 08:00;15.05.2025 09:00;102,06
15.05.2025 09:00;15.05.2025 10:00;75,65
15.05.2025 10:00;15.05.2025 11:00;4,58
15.05.2025 11:00;15.05.2025 12:00;-0,08
15.05.2025 12:00;15.05.2025 13:00;-4,97
15.05.2025 13:00;15.05.2025 14:00;-14,76
15.05.2025 14:00;15.05.2025 15:00;-14,25
15.05.2025 15:00;15.05.2025 16:00;-6,62
15.05.2025 16:00;15.05.2025 17:00;-0,6
15.05.2025 17:00;15.05.2025 18:00;3,83
15.05.2025 18:00;15.05.2025 19:00;76,11
15.05.2025 19:00;15.05.2025 20:00;108,97
15.05.2025 20:00;15.05.2025 21:00;130,74
15.05.2025 21:00;15.05.2025 22:00;125,13
15.05.2025 22:00;15.05.2025 23:00;110,49
15.05.2025 23:00;16.05.2025 00:00;101,0
16.05.2025 00:00;16.05.2025 01:00;94,5
16.05.2025 01:00;16.05.2025 02:00;88,47
16.05.2025 02:00;16.05.2025 03:00;84,91
16.05.2025 03:00;16.05.2025 04:00;85,0
16.05.2025 04:00;16.05.2025 05:00;88,76
16.05.2025 05:00;16.05.2025 06:00;98,26
16.05.2025 06:00;16.05.2025 07:00;113,18
16.05.2025 07:00;16.05.2025 08:00;117,6
16.05.2025 08:00;16.05.2025 09:00;106,66
16.05.2025 09:00;16.05.2025 10:00;78,99
16.05.2025 10:00;16.05.2025 11:00;11,11
16.05.2025 11:00;16.05.2025 12:00;-0,01
16.05.2025 12:00;16.05.2025 13:00;-3,15
16.05.2025 13:00;16.05.2025 14:00;-1,97
16.05.2025 14:00;16.05.2025 15:00;-1,55
16.05.2025 15:00;16.05.2025 16:00;-0,01
16.05.2025 16:00;16.05.2025 17:00;2,98
16.05.2025 17:00;16.05.2025 18:00;69,79
16.05.2025 18:00;16.05.2025 19:00;100,05
16.05.2025 19:00;16.05.2025 20:00;111,81
16.05.2025 20:00;16.05.2025 21:00;154,91
16.05.2025 21:00;16.05.2025 22:00;143,23
16.05.2025 22:00;16.05.2025 23:00;116,08
16.05.2025 23:00;17.05.2025 00:00;102,08
17.05.2025 00:00;17.05.2025 01:00;93,0
17.05.2025 01:00;17.05.2025 02:00;93,48
17.05.2025 02:00;17.05.2025 03:00;88,93
17.05.2025 03:00;17.05.2025 04:00;88,9
17.05.2025 04:00;17.05.2025 05:00;89,89
17.05.2025 05:00;17.05.2025 06:00;93,46
17.05.2025 06:00;17.05.2025 07:00;91,56
17.05.2025 07:00;17.05.2025 08:00;89,85
17.05.2025 08:00;17.05.2025 09:00;59,11
17.05.2025 09:00;17.05.2025 10:00;0,86
17.05.2025 10:00;17.05.2025 11:00;-0,06
17.05.2025 11:00;17.05.2025 12:00;-4,49
17.05.2025 12:00;17.05.2025 13:00;-4,96
17.05.2025 13:00;17.05.2025 14:00;-10,02
17.05.2025 14:00;17.05.2025 15:00;-11,27
17.05.2025 15:00;17.05.2025 16:00;-5,8
17.05.2025 16:00;17.05.2025 17:00;-0,8
17.05.2025 17:00;17.05.2025 18:00;5,01
17.05.2025 18:00;17.05.2025 19:00;78,77
17.05.2025 19:00;17.05.2025 20:00;99,64
17.05.2025 20:00;17.05.2025 21:00;121,38
17.05.2025 21:00;17.05.2025 22:00;130,21
17.05.2025 22:00;17.05.2025 23:00;129,9
17.05.2025 23:00;18.05.2025 00:00;111,6
18.05.2025 00:00;18.05.2025 01:00;106,73
18.05.2025 01:00;18.05.2025 02:00;101,49
18.05.2025 02:00;18.05.2025 03:00;98,57
18.05.2025 03:00;18.05.2025 04:00;97,4
18.05.2025 04:00;18.05.2025 05:00;98,41
18.05.2025 05:00;18.05.2025 06:00;97,98
18.05.2025 06:00;18.05.2025 07:00;91,3
18.05.2025 07:00;18.05.2025 08:00;87,16
18.05.2025 08:00;18.05.2025 09:00;67,86
18.05.2025 09:00;18.05.2025 10:00;10,1
18.05.2025 10:00;18.05.2025 11:00;0,0
18.05.2025 11:00;18.05.2025 12:00;-0,2
18.05.2025 12:00;18.05.2025 13:00;-2,0
18.05.2025 13:00;18.05.2025 14:00;-7,37
18.05.2025 14:00;18.05.2025 15:00;-15,0
18.05.2025 15:00;18.05.2025 16:00;-8,97
18.05.2025 16:00;18.05.2025 17:00;-0,2
18.05.2025 17:00;18.05.2025 18:00;9,67
18.05.2025 18:00;18.05.2025 19:00;91,38
18.05.2025 19:00;18.05.2025 20:00;108,4
18.05.2025 20:00;18.05.2025 21:00;125,17
18.05.2025 21:00;18.05.2025 22:00;130,47
18.05.2025 22:00;18.05.2025 23:00;118,41
18.05.2025 23:00;19.05.2025 00:00;103,62
19.05.2025 00:00;19.05.2025 01:00;110,48
19.05.2025 01:00;19.05.2025 02:00;102,62
19.05.2025 02:00;19.05.2025 03:00;96,1
19.05.2025 03:00;19.05.2025 04:00;92,95
19.05.2025 04:00;19.05.2025 05:00;98,03
19.05.2025 05:00;19.05.2025 06:00;109,39
19.05.2025 06:00;19.05.2025 07:00;131,22
19.05.2025 07:00;19.05.2025 08:00;137,22
19.05.2025 08:00;19.05.2025 09:00;113,41
19.05.2025 09:00;19.05.2025 10:00;93,69
19.05.2025 10:00;19.05.2025 11:00;69,59
19.05.2025 11:00;19.05.2025 12:00;28,56
19.05.2025 12:00;19.05.2025 13:00;12,77
19.05.2025 13:00;19.05.2025 14:00;5,0
19.05.2025 14:00;19.05.2025 15:00;8,0
19.05.2025 15:00;19.05.2025 16:00;28,15
19.05.2025 16:00;19.05.2025 17:00;72,98
19.05.2025 17:00;19.05.2025 18:00;97,09
19.05.2025 18:00;19.05.2025 19:00;114,49
19.05.2025 19:00;19.05.2025 20:00;148,45
19.05.2025 20:00;19.05.2025 21:00;229,11
19.05.2025 21:00;19.05.2025 22:00;154,86
19.05.2025 22:00;19.05.2025 23:00;126,81
19.05.2025 23:00;20.05.2025 00:00;111,88
20.05.2025 00:00;20.05.2025 01:00;114,95
20.05.2025 01:00;20.05.2025 02:00;106,03
20.05.2025 02:00;20.05.2025 03:00;102,5
20.05.2025 03:00;20.05.2025 04:00;104,04
20.05.2025 04:00;20.05.2025 05:00;109,14
20.05.2025 05:00;20.05.2025 06:00;118,96
20.05.2025 06:00;20.05.2025 07:00;143,21
20.05.2025 07:00;20.05.2025 08:00;130,81
20.05.2025 08:00;20.05.2025 09:00;100,0
20.05.2025 09:00;20.05.2025 10:00;85,2
20.05.2025 10:00;20.05.2025 11:00;61,58
20.05.2025 11:00;20.05.2025 12:00;15,95
20.05.2025 12:00;20.05.2025 13:00;0,17
20.05.2025 13:00;20.05.2025 14:00;0,01
20.05.2025 14:00;20.05.2025 15:00;0,09
20.05.2025 15:00;20.05.2025 16:00;7,61
20.05.2025 16:00;20.05.2025 17:00;67,87
20.05.2025 17:00;20.05.2025 18:00;97,15
20.05.2025 18:00;20.05.2025 19:00;111,79
20.05.2025 19:00;20.05.2025 20:00;141,23
20.05.2025 20:00;20.05.2025 21:00;192,25
20.05.2025 21:00;20.05.2025 22:00;148,97
20.05.2025 22:00;20.05.2025 23:00;120,0
20.05.2025 23:00;21.05.2025 00:00;107,93
21.05.2025 00:00;21.05.2025 01:00;107,93
21.05.2025 01:00;21.05.2025 02:00;102,33
21.05.2025 02:00;21.05.2025 03:00;97,9
21.05.2025 03:00;21.05.2025 04:00;94,9
21.05.2025 04:00;21.05.2025 05:00;93,7
21.05.2025 05:00;21.05.2025 06:00;102,49
21.05.2025 06:00;21.05.2025 07:00;112,48
21.05.2025 07:00;21.05.2025 08:00;116,54
21.05.2025 08:00;21.05.2025 09:00;107,82
21.05.2025 09:00;21.05.2025 10:00;84,82
21.05.2025 10:00;21.05.2025 11:00;42,22
21.05.2025 11:00;21.05.2025 12:00;0,15
21.05.2025 12:00;21.05.2025 13:00;-0,1
21.05.2025 13:00;21.05.2025 14:00;-2,2
21.05.2025 14:00;21.05.2025 15:00;-1,53
21.05.2025 15:00;21.05.2025 16:00;-0,01
21.05.2025 16:00;21.05.2025 17:00;2,06
21.05.2025 17:00;21.05.2025 18:00;49,08
21.05.2025 18:00;21.05.2025 19:00;86,32
21.05.2025 19:00;21.05.2025 20:00;100,1
21.05.2025 20:00;21.05.2025 21:00;114,35
21.05.2025 21:00;21.05.2025 22:00;110,27
21.05.2025 22:00;21.05.2025 23:00;100,72
21.05.2025 23:00;22.05.2025 00:00;90,0
22.05.2025 00:00;22.05.2025 01:00;98,54
22.05.2025 01:00;22.05.2025 02:00;88,28
22.05.2025 02:00;22.05.2025 03:00;83,65
22.05.2025 03:00;22.05.2025 04:00;81,5
22.05.2025 04:00;22.05.2025 05:00;83,34
22.05.2025 05:00;22.05.2025 06:00;90,0
22.05.2025 06:00;22.05.2025 07:00;107,67
22.05.2025 07:00;22.05.2025 08:00;106,01
22.05.2025 08:00;22.05.2025 09:00;98,16
22.05.2025 09:00;22.05.2025 10:00;54,54
22.05.2025 10:00;22.05.2025 11:00;1,66
22.05.2025 11:00;22.05.2025 12:00;0,01
22.05.2025 12:00;22.05.2025 13:00;-1,91
22.05.2025 13:00;22.05.2025 14:00;-12,77
22.05.2025 14:00;22.05.2025 15:00;-15,4
22.05.2025 15:00;22.05.2025 16:00;-10,9
22.05.2025 16:00;22.05.2025 17:00;-2,99
22.05.2025 17:00;22.05.2025 18:00;-0,01
22.05.2025 18:00;22.05.2025 19:00;50,0
22.05.2025 19:00;22.05.2025 20:00;106,84
22.05.2025 20:00;22.05.2025 21:00;115,0
22.05.2025 21:00;22.05.2025 22:00;127,25
22.05.2025 22:00;22.05.2025 23:00;117,48
22.05.2025 23:00;23.05.2025 00:00;103,23
23.05.2025 00:00;23.05.2025 01:00;101,1
23.05.2025 01:00;23.05.2025 02:00;93,16
23.05.2025 02:00;23.05.2025 03:00;87,12
23.05.2025 03:00;23.05.2025 04:00;86,56
23.05.2025 04:00;23.05.2025 05:00;93,08
23.05.2025 05:00;23.05.2025 06:00;106,82
23.05.2025 06:00;23.05.2025 07:00;128,49
23.05.2025 07:00;23.05.2025 08:00;132,8
23.05.2025 08:00;23.05.2025 09:00;114,67
23.05.2025 09:00;23.05.2025 10:00;85,9
23.05.2025 10:00;23.05.2025 11:00;70,0
23.05.2025 11:00;23.05.2025 12:00;54,05
23.05.2025 12:00;23.05.2025 13:00;13,44
23.05.2025 13:00;23.05.2025 14:00;0,62
23.05.2025 14:00;23.05.2025 15:00;0,0
23.05.2025 15:00;23.05.2025 16:00;0,0
23.05.2025 16:00;23.05.2025 17:00;25,33
23.05.2025 17:00;23.05.2025 18:00;71,91
23.05.2025 18:00;23.05.2025 19:00;97,6
23.05.2025 19:00;23.05.2025 20:00;114,36
23.05.2025 20:00;23.05.2025 21:00;130,47
23.05.2025 21:00;23.05.2025 22:00;139,29
23.05.2025 22:00;23.05.2025 23:00;126,93
23.05.2025 23:00;24.05.2025 00:00;108,0
24.05.2025 00:00;24.05.2025 01:00;98,99
24.05.2025 01:00;24.05.2025 02:00;94,76
24.05.2025 02:00;24.05.2025 03:00;88,74
24.05.2025 03:00;24.05.2025 04:00;84,22
24.05.2025 04:00;24.05.2025 05:00;82,93
24.05.2025 05:00;24.05.2025 06:00;80,71
24.05.2025 06:00;24.05.2025 07:00;82,07
24.05.2025 07:00;24.05.2025 08:00;76,9
24.05.2025 08:00;24.05.2025 09:00;62,09
24.05.2025 09:00;24.05.2025 10:00;12,26
24.05.2025 10:00;24.05.2025 11:00;-0,01
24.05.2025 11:00;24.05.2025 12:00;-0,11
24.05.2025 12:00;24.05.2025 13:00;-0,15
24.05.2025 13:00;24.05.2025 14:00;-0,19
24.05.2025 14:00;24.05.2025 15:00;-0,39
24.05.2025 15:00;24.05.2025 16:00;-1,77
24.05.2025 16:00;24.05.2025 17:00;-0,39
24.05.2025 17:00;24.05.2025 18:00;48,67
24.05.2025 18:00;24.05.2025 19:00;85,34
24.05.2025 19:00;24.05.2025 20:00;109,08
24.05.2025 20:00;24.05.2025 21:00;111,0
24.05.2025 21:00;24.05.2025 22:00;107,92
24.05.2025 22:00;24.05.2025 23:00;92,06
24.05.2025 23:00;25.05.2025 00:00;79,67
25.05.2025 00:00;25.05.2025 01:00;23,82
25.05.2025 01:00;25.05.2025 02:00;22,9
25.05.2025 02:00;25.05.2025 03:00;14,39
25.05.2025 03:00;25.05.2025 04:00;8,38
25.05.2025 04:00;25.05.2025 05:00;3,9
25.05.2025 05:00;25.05.2025 06:00;2,11
25.05.2025 06:00;25.05.2025 07:00;1,17
25.05.2025 07:00;25.05.2025 08:00;1,21
25.05.2025 08:00;25.05.2025 09:00;0,03
25.05.2025 09:00;25.05.2025 10:00;0,0
25.05.2025 10:00;25.05.2025 11:00;-0,61
25.05.2025 11:00;25.05.2025 12:00;-0,6
25.05.2025 12:00;25.05.2025 13:00;-0,25
25.05.2025 13:00;25.05.2025 14:00;-3,19
25.05.2025 14:00;25.05.2025 15:00;-5,05
25.05.2025 15:00;25.05.2025 16:00;-4,95
25.05.2025 16:00;25.05.2025 17:00;-1,37
25.05.2025 17:00;25.05.2025 18:00;0,0
25.05.2025 18:00;25.05.2025 19:00;11,72
25.05.2025 19:00;25.05.2025 20:00;92,95
25.05.2025 20:00;25.05.2025 21:00;100,0
25.05.2025 21:00;25.05.2025 22:00;107,41
25.05.2025 22:00;25.05.2025 23:00;102,23
25.05.2025 23:00;26.05.2025 00:00;92,92
26.05.2025 00:00;26.05.2025 01:00;88,13
26.05.2025 01:00;26.05.2025 02:00;79,12
26.05.2025 02:00;26.05.2025 03:00;73,21
26.05.2025 03:00;26.05.2025 04:00;71,83
26.05.2025 04:00;26.05.2025 05:00;76,7
26.05.2025 05:00;26.05.2025 06:00;85,48
26.05.2025 06:00;26.05.2025 07:00;116,2
26.05.2025 07:00;26.05.2025 08:00;143,17
26.05.2025 08:00;26.05.2025 09:00;129,91
26.05.2025 09:00;26.05.2025 10:00;91,41
26.05.2025 10:00;26.05.2025 11:00;16,17
26.05.2025 11:00;26.05.2025 12:00;0,05
26.05.2025 12:00;26.05.2025 13:00;-0,42
26.05.2025 13:00;26.05.2025 14:00;-1,45
26.05.2025 14:00;26.05.2025 15:00;-1,18
26.05.2025 15:00;26.05.2025 16:00;-0,82
26.05.2025 16:00;26.05.2025 17:00;0,0
26.05.2025 17:00;26.05.2025 18:00;17,65
26.05.2025 18:00;26.05.2025 19:00;95,76
26.05.2025 19:00;26.05.2025 20:00;119,33
26.05.2025 20:00;26.05.2025 21:00;169,87
26.05.2025 21:00;26.05.2025 22:00;161,57
26.05.2025 22:00;26.05.2025 23:00;119,38
26.05.2025 23:00;27.05.2025 00:00;98,86
27.05.2025 00:00;27.05.2025 01:00;88,51
27.05.2025 01:00;27.05.2025 02:00;73,92
27.05.2025 02:00;27.05.2025 03:00;62,02
27.05.2025 03:00;27.05.2025 04:00;61,98
27.05.2025 04:00;27.05.2025 05:00;67,7
27.05.2025 05:00;27.05.2025 06:00;62,2
27.05.2025 06:00;27.05.2025 07:00;67,7
27.05.2025 07:00;27.05.2025 08:00;73,9
27.05.2025 08:00;27.05.2025 09:00;68,63
27.05.2025 09:00;27.05.2025 10:00;50,17
27.05.2025 10:00;27.05.2025 11:00;4,26
27.05.2025 11:00;27.05.2025 12:00;3,19
27.05.2025 12:00;27.05.2025 13:00;0,03
27.05.2025 13:00;27.05.2025 14:00;0,02
27.05.2025 14:00;27.05.2025 15:00;0,09
27.05.2025 15:00;27.05.2025 16:00;3,14
27.05.2025 16:00;27.05.2025 17:00;55,17
27.05.2025 17:00;27.05.2025 18:00;84,55
27.05.2025 18:00;27.05.2025 19:00;103,0
27.05.2025 19:00;27.05.2025 20:00;122,64
27.05.2025 20:00;27.05.2025 21:00;137,6
27.05.2025 21:00;27.05.2025 22:00;111,16
27.05.2025 22:00;27.05.2025 23:00;100,34
27.05.2025 23:00;28.05.2025 00:00;82,41
28.05.2025 00:00;28.05.2025 01:00;76,43
28.05.2025 01:00;28.05.2025 02:00;69,01
28.05.2025 02:00;28.05.2025 03:00;67,39
28.05.2025 03:00;28.05.2025 04:00;61,01
28.05.2025 04:00;28.05.2025 05:00;65,19
28.05.2025 05:00;28.05.2025 06:00;72,52
28.05.2025 06:00;28.05.2025 07:00;92,85
28.05.2025 07:00;28.05.2025 08:00;100,09
28.05.2025 08:00;28.05.2025 09:00;95,0
28.05.2025 09:00;28.05.2025 10:00;90,0
28.05.2025 10:00;28.05.2025 11:00;76,48
28.05.2025 11:00;28.05.2025 12:00;71,46
28.05.2025 12:00;28.05.2025 13:00;65,67
28.05.2025 13:00;28.05.2025 14:00;58,03
28.05.2025 14:00;28.05.2025 15:00;53,21
28.05.2025 15:00;28.05.2025 16:00;42,1
28.05.2025 16:00;28.05.2025 17:00;67,28
28.05.2025 17:00;28.05.2025 18:00;83,7
28.05.2025 18:00;28.05.2025 19:00;94,99
28.05.2025 19:00;28.05.2025 20:00;114,83
28.05.2025 20:00;28.05.2025 21:00;134,83
28.05.2025 21:00;28.05.2025 22:00;139,91
28.05.2025 22:00;28.05.2025 23:00;124,29
28.05.2025 23:00;29.05.2025 00:00;104,27
29.05.2025 00:00;29.05.2025 01:00;99,13
29.05.2025 01:00;29.05.2025 02:00;94,8
29.05.2025 02:00;29.05.2025 03:00;92,06
29.05.2025 03:00;29.05.2025 04:00;91,55
29.05.2025 04:00;29.05.2025 05:00;91,54
29.05.2025 05:00;29.05.2025 06:00;91,36
29.05.2025 06:00;29.05.2025 07:00;89,46
29.05.2025 07:00;29.05.2025 08:00;86,49
29.05.2025 08:00;29.05.2025 09:00;82,95
29.05.2025 09:00;29.05.2025 10:00;62,83
29.05.2025 10:00;29.05.2025 11:00;19,93
29.05.2025 11:00;29.05.2025 12:00;1,71
29.05.2025 12:00;29.05.2025 13:00;0,03
29.05.2025 13:00;29.05.2025 14:00;-1,68
29.05.2025 14:00;29.05.2025 15:00;-1,99
29.05.2025 15:00;29.05.2025 16:00;-1,98
29.05.2025 16:00;29.05.2025 17:00;-1,09
29.05.2025 17:00;29.05.2025 18:00;23,13
29.05.2025 18:00;29.05.2025 19:00;65,5
29.05.2025 19:00;29.05.2025 20:00;80,2
29.05.2025 20:00;29.05.2025 21:00;77,17
29.05.2025 21:00;29.05.2025 22:00;73,73
29.05.2025 22:00;29.05.2025 23:00;76,66
29.05.2025 23:00;30.05.2025 00:00;57,5
30.05.2025 00:00;30.05.2025 01:00;45,42
30.05.2025 01:00;30.05.2025 02:00;25,67
30.05.2025 02:00;30.05.2025 03:00;32,99
30.05.2025 03:00;30.05.2025 04:00;33,95
30.05.2025 04:00;30.05.2025 05:00;37,39
30.05.2025 05:00;30.05.2025 06:00;55,08
30.05.2025 06:00;30.05.2025 07:00;69,73
30.05.2025 07:00;30.05.2025 08:00;68,38
30.05.2025 08:00;30.05.2025 09:00;53,01
30.05.2025 09:00;30.05.2025 10:00;29,13
30.05.2025 10:00;30.05.2025 11:00;1,83
30.05.2025 11:00;30.05.2025 12:00;-0,02
30.05.2025 12:00;30.05.2025 13:00;-1,01
30.05.2025 13:00;30.05.2025 14:00;-3,1
30.05.2025 14:00;30.05.2025 15:00;-3,0
30.05.2025 15:00;30.05.2025 16:00;-1,34
30.05.2025 16:00;30.05.2025 17:00;-0,04
30.05.2025 17:00;30.05.2025 18:00;5,88
30.05.2025 18:00;30.05.2025 19:00;73,52
30.05.2025 19:00;30.05.2025 20:00;111,84
30.05.2025 20:00;30.05.2025 21:00;136,95
30.05.2025 21:00;30.05.2025 22:00;145,89
30.05.2025 22:00;30.05.2025 23:00;130,19
30.05.2025 23:00;31.05.2025 00:00;108,15
31.05.2025 00:00;31.05.2025 01:00;107,0
31.05.2025 01:00;31.05.2025 02:00;99,94
31.05.2025 02:00;31.05.2025 03:00;98,75
31.05.2025 03:00;31.05.2025 04:00;99,07
31.05.2025 04:00;31.05.2025 05:00;99,91
31.05.2025 05:00;31.05.2025 06:00;98,29
31.05.2025 06:00;31.05.2025 07:00;94,79
31.05.2025 07:00;31.05.2025 08:00;84,61
31.05.2025 08:00;31.05.2025 09:00;55,0
31.05.2025 09:00;31.05.2025 10:00;1,0
31.05.2025 10:00;31.05.2025 11:00;-0,02
31.05.2025 11:00;31.05.2025 12:00;-1,0
31.05.2025 12:00;31.05.2025 13:00;-3,07
31.05.2025 13:00;31.05.2025 14:00;-13,17
31.05.2025 14:00;31.05.2025 15:00;-7,75
31.05.2025 15:00;31.05.2025 16:00;-3,0
31.05.2025 16:00;31.05.2025 17:00;-0,05
31.05.2025 17:00;31.05.2025 18:00;41,4
31.05.2025 18:00;31.05.2025 19:00;88,85
31.05.2025 19:00;31.05.2025 20:00;131,41
31.05.2025 20:00;31.05.2025 21:00;192,35
31.05.2025 21:00;31.05.2025 22:00;192,37
31.05.2025 22:00;31.05.2025 23:00;133,49
31.05.2025 23:00;01.06.2025 00:00;102,06
01.06.2025 00:00;01.06.2025 01:00;92,53
01.06.2025 01:00;01.06.2025 02:00;85,22
01.06.2025 02:00;01.06.2025 03:00;77,13
01.06.2025 03:00;01.06.2025 04:00;74,09
01.06.2025 04:00;01.06.2025 05:00;72,66
01.06.2025 05:00;01.06.2025 06:00;66,11
01.06.2025 06:00;01.06.2025 07:00;35,84
01.06.2025 07:00;01.06.2025 08:00;13,0
01.06.2025 08:00;01.06.2025 09:00;2,4
01.06.2025 09:00;01.06.2025 10:00;-0,01
01.06.2025 10:00;01.06.2025 11:00;-0,6
01.06.2025 11:00;01.06.2025 12:00;-2,11
01.06.2025 12:00;01.06.2025 13:00;-5,48
01.06.2025 13:00;01.06.2025 14:00;-12,93
01.06.2025 14:00;01.06.2025 15:00;-20,41
01.06.2025 15:00;01.06.2025 16:00;-15,61
01.06.2025 16:00;01.06.2025 17:00;-6,0
01.06.2025 17:00;01.06.2025 18:00;-0,99
01.06.2025 18:00;01.06.2025 19:00;19,23
01.06.2025 19:00;01.06.2025 20:00;78,85
01.06.2025 20:00;01.06.2025 21:00;93,66
01.06.2025 21:00;01.06.2025 22:00;106,86
01.06.2025 22:00;01.06.2025 23:00;105,93
01.06.2025 23:00;02.06.2025 00:00;90,49
02.06.2025 00:00;02.06.2025 01:00;81,76
02.06.2025 01:00;02.06.2025 02:00;75,31
02.06.2025 02:00;02.06.2025 03:00;75,0
02.06.2025 03:00;02.06.2025 04:00;77,75
02.06.2025 04:00;02.06.2025 05:00;83,05
02.06.2025 05:00;02.06.2025 06:00;91,93
02.06.2025 06:00;02.06.2025 07:00;108,15
02.06.2025 07:00;02.06.2025 08:00;117,9
02.06.2025 08:00;02.06.2025 09:00;102,36
02.06.2025 09:00;02.06.2025 10:00;85,6
02.06.2025 10:00;02.06.2025 11:00;57,47
02.06.2025 11:00;02.06.2025 12:00;33,21
02.06.2025 12:00;02.06.2025 13:00;20,0
02.06.2025 13:00;02.06.2025 14:00;12,78
02.06.2025 14:00;02.06.2025 15:00;11,0
02.06.2025 15:00;02.06.2025 16:00;19,75
02.06.2025 16:00;02.06.2025 17:00;55,84
02.06.2025 17:00;02.06.2025 18:00;82,8
02.06.2025 18:00;02.06.2025 19:00;94,95
02.06.2025 19:00;02.06.2025 20:00;109,32
02.06.2025 20:00;02.06.2025 21:00;195,91
02.06.2025 21:00;02.06.2025 22:00;245,37
02.06.2025 22:00;02.06.2025 23:00;141,66
02.06.2025 23:00;03.06.2025 00:00;110,04
03.06.2025 00:00;03.06.2025 01:00;111,49
03.06.2025 01:00;03.06.2025 02:00;109,91
03.06.2025 02:00;03.06.2025 03:00;102,02
03.06.2025 03:00;03.06.2025 04:00;99,23
03.06.2025 04:00;03.06.2025 05:00;94,89
03.06.2025 05:00;03.06.2025 06:00;107,6
03.06.2025 06:00;03.06.2025 07:00;130,76
03.06.2025 07:00;03.06.2025 08:00;116,85
03.06.2025 08:00;03.06.2025 09:00;85,98
03.06.2025 09:00;03.06.2025 10:00;59,46
03.06.2025 10:00;03.06.2025 11:00;2,0
03.06.2025 11:00;03.06.2025 12:00;-0,05
03.06.2025 12:00;03.06.2025 13:00;-1,01
03.06.2025 13:00;03.06.2025 14:00;-3,0
03.06.2025 14:00;03.06.2025 15:00;-4,32
03.06.2025 15:00;03.06.2025 16:00;-1,33
03.06.2025 16:00;03.06.2025 17:00;0,0
03.06.2025 17:00;03.06.2025 18:00;66,0
03.06.2025 18:00;03.06.2025 19:00;87,79
03.06.2025 19:00;03.06.2025 20:00;109,41
03.06.2025 20:00;03.06.2025 21:00;132,9
03.06.2025 21:00;03.06.2025 22:00;112,29
03.06.2025 22:00;03.06.2025 23:00;106,12
03.06.2025 23:00;04.06.2025 00:00;95,49
04.06.2025 00:00;04.06.2025 01:00;74,95
04.06.2025 01:00;04.06.2025 02:00;67,25
04.06.2025 02:00;04.06.2025 03:00;64,78
04.06.2025 03:00;04.06.2025 04:00;65,0
04.06.2025 04:00;04.06.2025 05:00;68,32
04.06.2025 05:00;04.06.2025 06:00;80,32
04.06.2025 06:00;04.06.2025 07:00;99,77
04.06.2025 07:00;04.06.2025 08:00;113,74
04.06.2025 08:00;04.06.2025 09:00;112,4
04.06.2025 09:00;04.06.2025 10:00;79,08
04.06.2025 10:00;04.06.2025 11:00;72,4
04.06.2025 11:00;04.06.2025 12:00;48,36
04.06.2025 12:00;04.06.2025 13:00;20,12
04.06.2025 13:00;04.06.2025 14:00;9,69
04.06.2025 14:00;04.06.2025 15:00;18,26
04.06.2025 15:00;04.06.2025 16:00;43,35
04.06.2025 16:00;04.06.2025 17:00;72,4
04.06.2025 17:00;04.06.2025 18:00;91,45
04.06.2025 18:00;04.06.2025 19:00;108,91
04.06.2025 19:00;04.06.2025 20:00;145,98
04.06.2025 20:00;04.06.2025 21:00;192,85
04.06.2025 21:00;04.06.2025 22:00;138,82
04.06.2025 22:00;04.06.2025 23:00;112,43
04.06.2025 23:00;05.06.2025 00:00;94,08
05.06.2025 00:00;05.06.2025 01:00;97,67
05.06.2025 01:00;05.06.2025 02:00;92,7
05.06.2025 02:00;05.06.2025 03:00;86,84
05.06.2025 03:00;05.06.2025 04:00;86,1
05.06.2025 04:00;05.06.2025 05:00;87,01
05.06.2025 05:00;05.06.2025 06:00;88,09
05.06.2025 06:00;05.06.2025 07:00;113,78
05.06.2025 07:00;05.06.2025 08:00;129,03
05.06.2025 08:00;05.06.2025 09:00;116,6
05.06.2025 09:00;05.06.2025 10:00;83,03
05.06.2025 10:00;05.06.2025 11:00;66,0
05.06.2025 11:00;05.06.2025 12:00;46,18
05.06.2025 12:00;05.06.2025 13:00;20,0
05.06.2025 13:00;05.06.2025 14:00;11,03
05.06.2025 14:00;05.06.2025 15:00;7,07
05.06.2025 15:00;05.06.2025 16:00;19,87
05.06.2025 16:00;05.06.2025 17:00;57,5
05.06.2025 17:00;05.06.2025 18:00;81,08
05.06.2025 18:00;05.06.2025 19:00;100,94
05.06.2025 19:00;05.06.2025 20:00;112,19
05.06.2025 20:00;05.06.2025 21:00;136,4
05.06.2025 21:00;05.06.2025 22:00;106,95
05.06.2025 22:00;05.06.2025 23:00;96,37
05.06.2025 23:00;06.06.2025 00:00;81,36
06.06.2025 00:00;06.06.2025 01:00;76,29
06.06.2025 01:00;06.06.2025 02:00;66,12
06.06.2025 02:00;06.06.2025 03:00;60,86
06.06.2025 03:00;06.06.2025 04:00;55,27
06.06.2025 04:00;06.06.2025 05:00;52,78
06.06.2025 05:00;06.06.2025 06:00;63,7
06.06.2025 06:00;06.06.2025 07:00;67,02
06.06.2025 07:00;06.06.2025 08:00;74,43
06.06.2025 08:00;06.06.2025 09:00;59,61
06.06.2025 09:00;06.06.2025 10:00;3,94
06.06.2025 10:00;06.06.2025 11:00;-0,01
06.06.2025 11:00;06.06.2025 12:00;-0,27
06.06.2025 12:00;06.06.2025 13:00;-2,07
06.06.2025 13:00;06.06.2025 14:00;-4,93
06.06.2025 14:00;06.06.2025 15:00;-5,06
06.06.2025 15:00;06.06.2025 16:00;-4,96
06.06.2025 16:00;06.06.2025 17:00;-1,0
06.06.2025 17:00;06.06.2025 18:00;0,0
06.06.2025 18:00;06.06.2025 19:00;50,47
06.06.2025 19:00;06.06.2025 20:00;84,19
06.06.2025 20:00;06.06.2025 21:00;112,57
06.06.2025 21:00;06.06.2025 22:00;129,29
06.06.2025 22:00;06.06.2025 23:00;125,72
06.06.2025 23:00;07.06.2025 00:00;103,24
07.06.2025 00:00;07.06.2025 01:00;87,61
07.06.2025 01:00;07.06.2025 02:00;83,5
07.06.2025 02:00;07.06.2025 03:00;78,02
07.06.2025 03:00;07.06.2025 04:00;81,89
07.06.2025 04:00;07.06.2025 05:00;82,27
07.06.2025 05:00;07.06.2025 06:00;81,99
07.06.2025 06:00;07.06.2025 07:00;85,47
07.06.2025 07:00;07.06.2025 08:00;86,74
07.06.2025 08:00;07.06.2025 09:00;79,86
07.06.2025 09:00;07.06.2025 10:00;65,3
07.06.2025 10:00;07.06.2025 11:00;30,53
07.06.2025 11:00;07.06.2025 12:00;9,44
07.06.2025 12:00;07.06.2025 13:00;1,19
07.06.2025 13:00;07.06.2025 14:00;-0,01
07.06.2025 14:00;07.06.2025 15:00;-0,02
07.06.2025 15:00;07.06.2025 16:00;-0,02
07.06.2025 16:00;07.06.2025 17:00;-0,87
07.06.2025 17:00;07.06.2025 18:00;26,91
07.06.2025 18:00;07.06.2025 19:00;70,1
07.06.2025 19:00;07.06.2025 20:00;85,01
07.06.2025 20:00;07.06.2025 21:00;109,9
07.06.2025 21:00;07.06.2025 22:00;110,26
07.06.2025 22:00;07.06.2025 23:00;98,01
07.06.2025 23:00;08.06.2025 00:00;80,09
08.06.2025 00:00;08.06.2025 01:00;93,84
08.06.2025 01:00;08.06.2025 02:00;83,0
08.06.2025 02:00;08.06.2025 03:00;76,86
08.06.2025 03:00;08.06.2025 04:00;69,74
08.06.2025 04:00;08.06.2025 05:00;67,02
08.06.2025 05:00;08.06.2025 06:00;55,66
08.06.2025 06:00;08.06.2025 07:00;39,02
08.06.2025 07:00;08.06.2025 08:00;3,71
08.06.2025 08:00;08.06.2025 09:00;0,0
08.06.2025 09:00;08.06.2025 10:00;-0,5
08.06.2025 10:00;08.06.2025 11:00;-2,0
08.06.2025 11:00;08.06.2025 12:00;-8,21
08.06.2025 12:00;08.06.2025 13:00;-19,92
08.06.2025 13:00;08.06.2025 14:00;-39,98
08.06.2025 14:00;08.06.2025 15:00;-52,56
08.06.2025 15:00;08.06.2025 16:00;-53,06
08.06.2025 16:00;08.06.2025 17:00;-38,89
08.06.2025 17:00;08.06.2025 18:00;-16,71
08.06.2025 18:00;08.06.2025 19:00;-0,01
08.06.2025 19:00;08.06.2025 20:00;39,65
08.06.2025 20:00;08.06.2025 21:00;60,88
08.06.2025 21:00;08.06.2025 22:00;69,55
08.06.2025 22:00;08.06.2025 23:00;65,07
08.06.2025 23:00;09.06.2025 00:00;51,13
09.06.2025 00:00;09.06.2025 01:00;4,8
09.06.2025 01:00;09.06.2025 02:00;4,15
09.06.2025 02:00;09.06.2025 03:00;4,19
09.06.2025 03:00;09.06.2025 04:00;4,27
09.06.2025 04:00;09.06.2025 05:00;13,42
09.06.2025 05:00;09.06.2025 06:00;32,2
09.06.2025 06:00;09.06.2025 07:00;44,97
09.06.2025 07:00;09.06.2025 08:00;40,04
09.06.2025 08:00;09.06.2025 09:00;2,97
09.06.2025 09:00;09.06.2025 10:00;-0,62
09.06.2025 10:00;09.06.2025 11:00;-1,14
09.06.2025 11:00;09.06.2025 12:00;-4,14
09.06.2025 12:00;09.06.2025 13:00;-10,0
09.06.2025 13:00;09.06.2025 14:00;-19,33
09.06.2025 14:00;09.06.2025 15:00;-15,76
09.06.2025 15:00;09.06.2025 16:00;-4,5
09.06.2025 16:00;09.06.2025 17:00;-1,0
09.06.2025 17:00;09.06.2025 18:00;0,09
09.06.2025 18:00;09.06.2025 19:00;69,54
09.06.2025 19:00;09.06.2025 20:00;117,79
09.06.2025 20:00;09.06.2025 21:00;141,4
09.06.2025 21:00;09.06.2025 22:00;148,42
09.06.2025 22:00;09.06.2025 23:00;126,52
09.06.2025 23:00;10.06.2025 00:00;101,19
10.06.2025 00:00;10.06.2025 01:00;86,65
10.06.2025 01:00;10.06.2025 02:00;78,07
10.06.2025 02:00;10.06.2025 03:00;69,66
10.06.2025 03:00;10.06.2025 04:00;59,95
10.06.2025 04:00;10.06.2025 05:00;54,16
10.06.2025 05:00;10.06.2025 06:00;62,18
10.06.2025 06:00;10.06.2025 07:00;74,62
10.06.2025 07:00;10.06.2025 08:00;82,79
10.06.2025 08:00;10.06.2025 09:00;83,17
10.06.2025 09:00;10.06.2025 10:00;69,0
10.06.2025 10:00;10.06.2025 11:00;22,21
10.06.2025 11:00;10.06.2025 12:00;0,1
10.06.2025 12:00;10.06.2025 13:00;-0,19
10.06.2025 13:00;10.06.2025 14:00;-2,33
10.06.2025 14:00;10.06.2025 15:00;-4,26
10.06.2025 15:00;10.06.2025 16:00;-1,04
10.06.2025 16:00;10.06.2025 17:00;0,03
10.06.2025 17:00;10.06.2025 18:00;53,99
10.06.2025 18:00;10.06.2025 19:00;69,6
10.06.2025 19:00;10.06.2025 20:00;82,08
10.06.2025 20:00;10.06.2025 21:00;83,97
10.06.2025 21:00;10.06.2025 22:00;91,28
10.06.2025 22:00;10.06.2025 23:00;97,94
10.06.2025 23:00;11.06.2025 00:00;85,31
11.06.2025 00:00;11.06.2025 01:00;73,01
11.06.2025 01:00;11.06.2025 02:00;71,38
11.06.2025 02:00;11.06.2025 03:00;70,58
11.06.2025 03:00;11.06.2025 04:00;69,86
11.06.2025 04:00;11.06.2025 05:00;73,59
11.06.2025 05:00;11.06.2025 06:00;83,6
11.06.2025 06:00;11.06.2025 07:00;101,26
11.06.2025 07:00;11.06.2025 08:00;107,8
11.06.2025 08:00;11.06.2025 09:00;85,09
11.06.2025 09:00;11.06.2025 10:00;66,7
11.06.2025 10:00;11.06.2025 11:00;22,98
11.06.2025 11:00;11.06.2025 12:00;1,3
11.06.2025 12:00;11.06.2025 13:00;-0,36
11.06.2025 13:00;11.06.2025 14:00;-0,97
11.06.2025 14:00;11.06.2025 15:00;-3,4
11.06.2025 15:00;11.06.2025 16:00;-2,4
11.06.2025 16:00;11.06.2025 17:00;-0,01
11.06.2025 17:00;11.06.2025 18:00;66,47
11.06.2025 18:00;11.06.2025 19:00;89,34
11.06.2025 19:00;11.06.2025 20:00;132,28
11.06.2025 20:00;11.06.2025 21:00;217,0
11.06.2025 21:00;11.06.2025 22:00;180,0
11.06.2025 22:00;11.06.2025 23:00;119,34
11.06.2025 23:00;12.06.2025 00:00;94,07
12.06.2025 00:00;12.06.2025 01:00;92,91
12.06.2025 01:00;12.06.2025 02:00;87,7
12.06.2025 02:00;12.06.2025 03:00;85,43
12.06.2025 03:00;12.06.2025 04:00;84,85
12.06.2025 04:00;12.06.2025 05:00;89,06
12.06.2025 05:00;12.06.2025 06:00;92,0
12.06.2025 06:00;12.06.2025 07:00;114,85
12.06.2025 07:00;12.06.2025 08:00;104,3
12.06.2025 08:00;12.06.2025 09:00;78,86
12.06.2025 09:00;12.06.2025 10:00;36,09
12.06.2025 10:00;12.06.2025 11:00;0,0
12.06.2025 11:00;12.06.2025 12:00;-2,0
12.06.2025 12:00;12.06.2025 13:00;-15,91
12.06.2025 13:00;12.06.2025 14:00;-27,9
12.06.2025 14:00;12.06.2025 15:00;-25,47
12.06.2025 15:00;12.06.2025 16:00;-11,57
12.06.2025 16:00;12.06.2025 17:00;-2,78
12.06.2025 17:00;12.06.2025 18:00;14,9
12.06.2025 18:00;12.06.2025 19:00;79,96
12.06.2025 19:00;12.06.2025 20:00;112,55
12.06.2025 20:00;12.06.2025 21:00;132,0
12.06.2025 21:00;12.06.2025 22:00;111,0
12.06.2025 22:00;12.06.2025 23:00;105,0
12.06.2025 23:00;13.06.2025 00:00;86,9
13.06.2025 00:00;13.06.2025 01:00;70,29
13.06.2025 01:00;13.06.2025 02:00;55,25
13.06.2025 02:00;13.06.2025 03:00;58,61
13.06.2025 03:00;13.06.2025 04:00;63,42
13.06.2025 04:00;13.06.2025 05:00;63,84
13.06.2025 05:00;13.06.2025 06:00;70,71
13.06.2025 06:00;13.06.2025 07:00;83,68
13.06.2025 07:00;13.06.2025 08:00;87,26
13.06.2025 08:00;13.06.2025 09:00;77,39
13.06.2025 09:00;13.06.2025 10:00;40,03
13.06.2025 10:00;13.06.2025 11:00;4,1
13.06.2025 11:00;13.06.2025 12:00;-0,03
13.06.2025 12:00;13.06.2025 13:00;-2,05
13.06.2025 13:00;13.06.2025 14:00;-6,09
13.06.2025 14:00;13.06.2025 15:00;-6,01
13.06.2025 15:00;13.06.2025 16:00;-2,38
13.06.2025 16:00;13.06.2025 17:00;-0,01
13.06.2025 17:00;13.06.2025 18:00;35,9
13.06.2025 18:00;13.06.2025 19:00;80,04
13.06.2025 19:00;13.06.2025 20:00;108,9
13.06.2025 20:00;13.06.2025 21:00;111,19
13.06.2025 21:00;13.06.2025 22:00;94,9
13.06.2025 22:00;13.06.2025 23:00;90,0
13.06.2025 23:00;14.06.2025 00:00;71,3
14.06.2025 00:00;14.06.2025 01:00;73,99
14.06.2025 01:00;14.06.2025 02:00;71,2
14.06.2025 02:00;14.06.2025 03:00;66,15
14.06.2025 03:00;14.06.2025 04:00;66,88
14.06.2025 04:00;14.06.2025 05:00;68,06
14.06.2025 05:00;14.06.2025 06:00;64,52
14.06.2025 06:00;14.06.2025 07:00;54,68
14.06.2025 07:00;14.06.2025 08:00;20,3
14.06.2025 08:00;14.06.2025 09:00;7,74
14.06.2025 09:00;14.06.2025 10:00;0,0
14.06.2025 10:00;14.06.2025 11:00;-2,02
14.06.2025 11:00;14.06.2025 12:00;-9,08
14.06.2025 12:00;14.06.2025 13:00;-35,72
14.06.2025 13:00;14.06.2025 14:00;-38,0
14.06.2025 14:00;14.06.2025 15:00;-25,75
14.06.2025 15:00;14.06.2025 16:00;-6,7
14.06.2025 16:00;14.06.2025 17:00;-0,37
14.06.2025 17:00;14.06.2025 18:00;8,86
14.06.2025 18:00;14.06.2025 19:00;83,38
14.06.2025 19:00;14.06.2025 20:00;121,55
14.06.2025 20:00;14.06.2025 21:00;127,27
14.06.2025 21:00;14.06.2025 22:00;117,68
14.06.2025 22:00;14.06.2025 23:00;121,39
14.06.2025 23:00;15.06.2025 00:00;109,0
15.06.2025 00:00;15.06.2025 01:00;91,93
15.06.2025 01:00;15.06.2025 02:00;88,87
15.06.2025 02:00;15.06.2025 03:00;87,23
15.06.2025 03:00;15.06.2025 04:00;90,94
15.06.2025 04:00;15.06.2025 05:00;91,99
15.06.2025 05:00;15.06.2025 06:00;92,15
15.06.2025 06:00;15.06.2025 07:00;84,99
15.06.2025 07:00;15.06.2025 08:00;66,21
15.06.2025 08:00;15.06.2025 09:00;53,86
15.06.2025 09:00;15.06.2025 10:00;5,55
15.06.2025 10:00;15.06.2025 11:00;0,0
15.06.2025 11:00;15.06.2025 12:00;-0,02
15.06.2025 12:00;15.06.2025 13:00;-1,22
15.06.2025 13:00;15.06.2025 14:00;-5,61
15.06.2025 14:00;15.06.2025 15:00;-5,0
15.06.2025 15:00;15.06.2025 16:00;-2,0
15.06.2025 16:00;15.06.2025 17:00;-0,01
15.06.2025 17:00;15.06.2025 18:00;54,79
15.06.2025 18:00;15.06.2025 19:00;96,43
15.06.2025 19:00;15.06.2025 20:00;109,0
15.06.2025 20:00;15.06.2025 21:00;114,59
15.06.2025 21:00;15.06.2025 22:00;135,43
15.06.2025 22:00;15.06.2025 23:00;127,63
15.06.2025 23:00;16.06.2025 00:00;106,54
16.06.2025 00:00;16.06.2025 01:00;105,72
16.06.2025 01:00;16.06.2025 02:00;91,64
16.06.2025 02:00;16.06.2025 03:00;86,94
16.06.2025 03:00;16.06.2025 04:00;84,0
16.06.2025 04:00;16.06.2025 05:00;83,28
16.06.2025 05:00;16.06.2025 06:00;88,39
16.06.2025 06:00;16.06.2025 07:00;112,43
16.06.2025 07:00;16.06.2025 08:00;123,49
16.06.2025 08:00;16.06.2025 09:00;108,92
16.06.2025 09:00;16.06.2025 10:00;84,49
16.06.2025 10:00;16.06.2025 11:00;60,28
16.06.2025 11:00;16.06.2025 12:00;14,02
16.06.2025 12:00;16.06.2025 13:00;1,62
16.06.2025 13:00;16.06.2025 14:00;0,07
16.06.2025 14:00;16.06.2025 15:00;0,0
16.06.2025 15:00;16.06.2025 16:00;0,0
16.06.2025 16:00;16.06.2025 17:00;13,61
16.06.2025 17:00;16.06.2025 18:00;70,0
16.06.2025 18:00;16.06.2025 19:00;89,24
16.06.2025 19:00;16.06.2025 20:00;116,0
16.06.2025 20:00;16.06.2025 21:00;186,1
16.06.2025 21:00;16.06.2025 22:00;190,0
16.06.2025 22:00;16.06.2025 23:00;129,18
16.06.2025 23:00;17.06.2025 00:00;106,9
17.06.2025 00:00;17.06.2025 01:00;103,98
17.06.2025 01:00;17.06.2025 02:00;98,26
17.06.2025 02:00;17.06.2025 03:00;94,95
17.06.2025 03:00;17.06.2025 04:00;94,19
17.06.2025 04:00;17.06.2025 05:00;95,24
17.06.2025 05:00;17.06.2025 06:00;102,51
17.06.2025 06:00;17.06.2025 07:00;118,76
17.06.2025 07:00;17.06.2025 08:00;107,01
17.06.2025 08:00;17.06.2025 09:00;98,59
17.06.2025 09:00;17.06.2025 10:00;70,74
17.06.2025 10:00;17.06.2025 11:00;4,34
17.06.2025 11:00;17.06.2025 12:00;-0,61
17.06.2025 12:00;17.06.2025 13:00;-0,86
17.06.2025 13:00;17.06.2025 14:00;-4,91
17.06.2025 14:00;17.06.2025 15:00;-6,2
17.06.2025 15:00;17.06.2025 16:00;-2,56
17.06.2025 16:00;17.06.2025 17:00;8,65
17.06.2025 17:00;17.06.2025 18:00;79,23
17.06.2025 18:00;17.06.2025 19:00;103,36
17.06.2025 19:00;17.06.2025 20:00;129,08
17.06.2025 20:00;17.06.2025 21:00;241,8
17.06.2025 21:00;17.06.2025 22:00;241,38
17.06.2025 22:00;17.06.2025 23:00;138,19
17.06.2025 23:00;18.06.2025 00:00;116,36
18.06.2025 00:00;18.06.2025 01:00;113,0
18.06.2025 01:00;18.06.2025 02:00;106,8
18.06.2025 02:00;18.06.2025 03:00;101,5
18.06.2025 03:00;18.06.2025 04:00;95,84
18.06.2025 04:00;18.06.2025 05:00;97,01
18.06.2025 05:00;18.06.2025 06:00;103,57
18.06.2025 06:00;18.06.2025 07:00;112,35
18.06.2025 07:00;18.06.2025 08:00;114,9
18.06.2025 08:00;18.06.2025 09:00;111,39
18.06.2025 09:00;18.06.2025 10:00;78,97
18.06.2025 10:00;18.06.2025 11:00;21,77
18.06.2025 11:00;18.06.2025 12:00;1,17
18.06.2025 12:00;18.06.2025 13:00;-0,23
18.06.2025 13:00;18.06.2025 14:00;-1,04
18.06.2025 14:00;18.06.2025 15:00;-2,3
18.06.2025 15:00;18.06.2025 16:00;-2,17
18.06.2025 16:00;18.06.2025 17:00;0,99
18.06.2025 17:00;18.06.2025 18:00;74,0
18.06.2025 18:00;18.06.2025 19:00;107,15
18.06.2025 19:00;18.06.2025 20:00;116,4
18.06.2025 20:00;18.06.2025 21:00;140,99
18.06.2025 21:00;18.06.2025 22:00;175,32
18.06.2025 22:00;18.06.2025 23:00;133,06
18.06.2025 23:00;19.06.2025 00:00;115,35
19.06.2025 00:00;19.06.2025 01:00;112,2
19.06.2025 01:00;19.06.2025 02:00;106,4
19.06.2025 02:00;19.06.2025 03:00;105,29
19.06.2025 03:00;19.06.2025 04:00;99,51
19.06.2025 04:00;19.06.2025 05:00;100,94
19.06.2025 05:00;19.06.2025 06:00;95,68
19.06.2025 06:00;19.06.2025 07:00;101,51
19.06.2025 07:00;19.06.2025 08:00;89,25
19.06.2025 08:00;19.06.2025 09:00;71,25
19.06.2025 09:00;19.06.2025 10:00;0,86
19.06.2025 10:00;19.06.2025 11:00;-1,33
19.06.2025 11:00;19.06.2025 12:00;-29,98
19.06.2025 12:00;19.06.2025 13:00;-52,21
19.06.2025 13:00;19.06.2025 14:00;-65,44
19.06.2025 14:00;19.06.2025 15:00;-64,95
19.06.2025 15:00;19.06.2025 16:00;-39,79
19.06.2025 16:00;19.06.2025 17:00;-4,95
19.06.2025 17:00;19.06.2025 18:00;2,3
19.06.2025 18:00;19.06.2025 19:00;80,33
19.06.2025 19:00;19.06.2025 20:00;118,47
19.06.2025 20:00;19.06.2025 21:00;138,85
19.06.2025 21:00;19.06.2025 22:00;141,8
19.06.2025 22:00;19.06.2025 23:00;129,66
19.06.2025 23:00;20.06.2025 00:00;108,89
20.06.2025 00:00;20.06.2025 01:00;109,49
20.06.2025 01:00;20.06.2025 02:00;104,57
20.06.2025 02:00;20.06.2025 03:00;103,24
20.06.2025 03:00;20.06.2025 04:00;105,01
20.06.2025 04:00;20.06.2025 05:00;104,27
20.06.2025 05:00;20.06.2025 06:00;109,04
20.06.2025 06:00;20.06.2025 07:00;120,9
20.06.2025 07:00;20.06.2025 08:00;118,66
20.06.2025 08:00;20.06.2025 09:00;110,98
20.06.2025 09:00;20.06.2025 10:00;81,69
20.06.2025 10:00;20.06.2025 11:00;15,83
20.06.2025 11:00;20.06.2025 12:00;4,03
20.06.2025 12:00;20.06.2025 13:00;0,0
20.06.2025 13:00;20.06.2025 14:00;-1,0
20.06.2025 14:00;20.06.2025 15:00;-0,17
20.06.2025 15:00;20.06.2025 16:00;0,91
20.06.2025 16:00;20.06.2025 17:00;28,99
20.06.2025 17:00;20.06.2025 18:00;87,35
20.06.2025 18:00;20.06.2025 19:00;111,01
20.06.2025 19:00;20.06.2025 20:00;136,13
20.06.2025 20:00;20.06.2025 21:00;201,29
20.06.2025 21:00;20.06.2025 22:00;178,63
20.06.2025 22:00;20.06.2025 23:00;137,05
20.06.2025 23:00;21.06.2025 00:00;121,38
21.06.2025 00:00;21.06.2025 01:00;118,52
21.06.2025 01:00;21.06.2025 02:00;110,48
21.06.2025 02:00;21.06.2025 03:00;108,15
21.06.2025 03:00;21.06.2025 04:00;106,76
21.06.2025 04:00;21.06.2025 05:00;109,1
21.06.2025 05:00;21.06.2025 06:00;104,45
21.06.2025 06:00;21.06.2025 07:00;100,71
21.06.2025 07:00;21.06.2025 08:00;90,74
21.06.2025 08:00;21.06.2025 09:00;75,93
21.06.2025 09:00;21.06.2025 10:00;23,4
21.06.2025 10:00;21.06.2025 11:00;0,19
21.06.2025 11:00;21.06.2025 12:00;-2,01
21.06.2025 12:00;21.06.2025 13:00;-13,96
21.06.2025 13:00;21.06.2025 14:00;-29,98
21.06.2025 14:00;21.06.2025 15:00;-26,31
21.06.2025 15:00;21.06.2025 16:00;-4,42
21.06.2025 16:00;21.06.2025 17:00;0,09
21.06.2025 17:00;21.06.2025 18:00;59,99
21.06.2025 18:00;21.06.2025 19:00;100,95
21.06.2025 19:00;21.06.2025 20:00;127,9
21.06.2025 20:00;21.06.2025 21:00;156,74
21.06.2025 21:00;21.06.2025 22:00;165,3
21.06.2025 22:00;21.06.2025 23:00;140,78
21.06.2025 23:00;22.06.2025 00:00;119,2
22.06.2025 00:00;22.06.2025 01:00;108,15
22.06.2025 01:00;22.06.2025 02:00;101,07
22.06.2025 02:00;22.06.2025 03:00;97,46
22.06.2025 03:00;22.06.2025 04:00;92,12
22.06.2025 04:00;22.06.2025 05:00;89,69
22.06.2025 05:00;22.06.2025 06:00;87,95
22.06.2025 06:00;22.06.2025 07:00;71,98
22.06.2025 07:00;22.06.2025 08:00;26,44
22.06.2025 08:00;22.06.2025 09:00;0,0
22.06.2025 09:00;22.06.2025 10:00;-0,09
22.06.2025 10:00;22.06.2025 11:00;-11,11
22.06.2025 11:00;22.06.2025 12:00;-38,56
22.06.2025 12:00;22.06.2025 13:00;-67,41
22.06.2025 13:00;22.06.2025 14:00;-99,01
22.06.2025 14:00;22.06.2025 15:00;-81,0
22.06.2025 15:00;22.06.2025 16:00;-40,09
22.06.2025 16:00;22.06.2025 17:00;-7,68
22.06.2025 17:00;22.06.2025 18:00;-0,01
22.06.2025 18:00;22.06.2025 19:00;69,75
22.06.2025 19:00;22.06.2025 20:00;109,33
22.06.2025 20:00;22.06.2025 21:00;123,9
22.06.2025 21:00;22.06.2025 22:00;134,33
22.06.2025 22:00;22.06.2025 23:00;126,32
22.06.2025 23:00;23.06.2025 00:00;101,63
23.06.2025 00:00;23.06.2025 01:00;70,3
23.06.2025 01:00;23.06.2025 02:00;63,8
23.06.2025 02:00;23.06.2025 03:00;63,79
23.06.2025 03:00;23.06.2025 04:00;64,51
23.06.2025 04:00;23.06.2025 05:00;72,5
23.06.2025 05:00;23.06.2025 06:00;84,92
23.06.2025 06:00;23.06.2025 07:00;89,12
23.06.2025 07:00;23.06.2025 08:00;92,24
23.06.2025 08:00;23.06.2025 09:00;78,96
23.06.2025 09:00;23.06.2025 10:00;18,64
23.06.2025 10:00;23.06.2025 11:00;-0,01
23.06.2025 11:00;23.06.2025 12:00;-6,11
23.06.2025 12:00;23.06.2025 13:00;-12,76
23.06.2025 13:00;23.06.2025 14:00;-26,45
23.06.2025 14:00;23.06.2025 15:00;-32,75
23.06.2025 15:00;23.06.2025 16:00;-32,69
23.06.2025 16:00;23.06.2025 17:00;-25,0
23.06.2025 17:00;23.06.2025 18:00;-13,11
23.06.2025 18:00;23.06.2025 19:00;-1,01
23.06.2025 19:00;23.06.2025 20:00;20,0
23.06.2025 20:00;23.06.2025 21:00;83,5
23.06.2025 21:00;23.06.2025 22:00;90,0
23.06.2025 22:00;23.06.2025 23:00;97,78
23.06.2025 23:00;24.06.2025 00:00;89,53
24.06.2025 00:00;24.06.2025 01:00;77,08
24.06.2025 01:00;24.06.2025 02:00;66,79
24.06.2025 02:00;24.06.2025 03:00;63,79
24.06.2025 03:00;24.06.2025 04:00;58,12
24.06.2025 04:00;24.06.2025 05:00;66,52
24.06.2025 05:00;24.06.2025 06:00;69,75
24.06.2025 06:00;24.06.2025 07:00;88,15
24.06.2025 07:00;24.06.2025 08:00;88,02
24.06.2025 08:00;24.06.2025 09:00;41,27
24.06.2025 09:00;24.06.2025 10:00;-0,01
24.06.2025 10:00;24.06.2025 11:00;-4,01
24.06.2025 11:00;24.06.2025 12:00;-12,41
24.06.2025 12:00;24.06.2025 13:00;-20,09
24.06.2025 13:00;24.06.2025 14:00;-22,75
24.06.2025 14:00;24.06.2025 15:00;-19,27
24.06.2025 15:00;24.06.2025 16:00;-7,56
24.06.2025 16:00;24.06.2025 17:00;-3,06
24.06.2025 17:00;24.06.2025 18:00;2,09
24.06.2025 18:00;24.06.2025 19:00;61,77
24.06.2025 19:00;24.06.2025 20:00;97,25
24.06.2025 20:00;24.06.2025 21:00;123,9
24.06.2025 21:00;24.06.2025 22:00;122,49
24.06.2025 22:00;24.06.2025 23:00;97,41
24.06.2025 23:00;25.06.2025 00:00;98,02
25.06.2025 00:00;25.06.2025 01:00;78,85
25.06.2025 01:00;25.06.2025 02:00;67,63
25.06.2025 02:00;25.06.2025 03:00;70,02
25.06.2025 03:00;25.06.2025 04:00;69,07
25.06.2025 04:00;25.06.2025 05:00;70,01
25.06.2025 05:00;25.06.2025 06:00;82,77
25.06.2025 06:00;25.06.2025 07:00;105,72
25.06.2025 07:00;25.06.2025 08:00;112,36
25.06.2025 08:00;25.06.2025 09:00;97,87
25.06.2025 09:00;25.06.2025 10:00;70,02
25.06.2025 10:00;25.06.2025 11:00;10,07
25.06.2025 11:00;25.06.2025 12:00;0,07
25.06.2025 12:00;25.06.2025 13:00;-0,02
25.06.2025 13:00;25.06.2025 14:00;-0,14
25.06.2025 14:00;25.06.2025 15:00;-0,51
25.06.2025 15:00;25.06.2025 16:00;0,0
25.06.2025 16:00;25.06.2025 17:00;17,84
25.06.2025 17:00;25.06.2025 18:00;84,47
25.06.2025 18:00;25.06.2025 19:00;105,8
25.06.2025 19:00;25.06.2025 20:00;134,19
25.06.2025 20:00;25.06.2025 21:00;200,0
25.06.2025 21:00;25.06.2025 22:00;247,02
25.06.2025 22:00;25.06.2025 23:00;173,62
25.06.2025 23:00;26.06.2025 00:00;126,84
26.06.2025 00:00;26.06.2025 01:00;119,95
26.06.2025 01:00;26.06.2025 02:00;107,63
26.06.2025 02:00;26.06.2025 03:00;102,83
26.06.2025 03:00;26.06.2025 04:00;98,62
26.06.2025 04:00;26.06.2025 05:00;98,79
26.06.2025 05:00;26.06.2025 06:00;102,91
26.06.2025 06:00;26.06.2025 07:00;119,9
26.06.2025 07:00;26.06.2025 08:00;120,91
26.06.2025 08:00;26.06.2025 09:00;106,79
26.06.2025 09:00;26.06.2025 10:00;96,45
26.06.2025 10:00;26.06.2025 11:00;88,95
26.06.2025 11:00;26.06.2025 12:00;77,88
26.06.2025 12:00;26.06.2025 13:00;70,25
26.06.2025 13:00;26.06.2025 14:00;59,25
26.06.2025 14:00;26.06.2025 15:00;51,12
26.06.2025 15:00;26.06.2025 16:00;48,99
26.06.2025 16:00;26.06.2025 17:00;63,04
26.06.2025 17:00;26.06.2025 18:00;70,3
26.06.2025 18:00;26.06.2025 19:00;89,23
26.06.2025 19:00;26.06.2025 20:00;93,95
26.06.2025 20:00;26.06.2025 21:00;99,14
26.06.2025 21:00;26.06.2025 22:00;100,0
26.06.2025 22:00;26.06.2025 23:00;108,64
26.06.2025 23:00;27.06.2025 00:00;97,23
27.06.2025 00:00;27.06.2025 01:00;84,5
27.06.2025 01:00;27.06.2025 02:00;78,83
27.06.2025 02:00;27.06.2025 03:00;75,67
27.06.2025 03:00;27.06.2025 04:00;80,41
27.06.2025 04:00;27.06.2025 05:00;82,39
27.06.2025 05:00;27.06.2025 06:00;88,9
27.06.2025 06:00;27.06.2025 07:00;105,58
27.06.2025 07:00;27.06.2025 08:00;113,2
27.06.2025 08:00;27.06.2025 09:00;107,7
27.06.2025 09:00;27.06.2025 10:00;90,94
27.06.2025 10:00;27.06.2025 11:00;79,12
27.06.2025 11:00;27.06.2025 12:00;67,45
27.06.2025 12:00;27.06.2025 13:00;54,53
27.06.2025 13:00;27.06.2025 14:00;28,3
27.06.2025 14:00;27.06.2025 15:00;7,87
27.06.2025 15:00;27.06.2025 16:00;9,88
27.06.2025 16:00;27.06.2025 17:00;29,92
27.06.2025 17:00;27.06.2025 18:00;70,68
27.06.2025 18:00;27.06.2025 19:00;91,73
27.06.2025 19:00;27.06.2025 20:00;107,15
27.06.2025 20:00;27.06.2025 21:00;124,86
27.06.2025 21:00;27.06.2025 22:00;134,94
27.06.2025 22:00;27.06.2025 23:00;126,24
27.06.2025 23:00;28.06.2025 00:00;107,7
28.06.2025 00:00;28.06.2025 01:00;94,7
28.06.2025 01:00;28.06.2025 02:00;89,61
28.06.2025 02:00;28.06.2025 03:00;82,02
28.06.2025 03:00;28.06.2025 04:00;76,59
28.06.2025 04:00;28.06.2025 05:00;70,27
28.06.2025 05:00;28.06.2025 06:00;75,4
28.06.2025 06:00;28.06.2025 07:00;74,0
28.06.2025 07:00;28.06.2025 08:00;58,84
28.06.2025 08:00;28.06.2025 09:00;27,8
28.06.2025 09:00;28.06.2025 10:00;2,34
28.06.2025 10:00;28.06.2025 11:00;0,01
28.06.2025 11:00;28.06.2025 12:00;-0,04
28.06.2025 12:00;28.06.2025 13:00;-1,0
28.06.2025 13:00;28.06.2025 14:00;-2,01
28.06.2025 14:00;28.06.2025 15:00;-3,09
28.06.2025 15:00;28.06.2025 16:00;-1,01
28.06.2025 16:00;28.06.2025 17:00;-1,0
28.06.2025 17:00;28.06.2025 18:00;2,97
28.06.2025 18:00;28.06.2025 19:00;62,73
28.06.2025 19:00;28.06.2025 20:00;95,03
28.06.2025 20:00;28.06.2025 21:00;108,99
28.06.2025 21:00;28.06.2025 22:00;123,86
28.06.2025 22:00;28.06.2025 23:00;119,84
28.06.2025 23:00;29.06.2025 00:00;103,5
29.06.2025 00:00;29.06.2025 01:00;95,07
29.06.2025 01:00;29.06.2025 02:00;89,42
29.06.2025 02:00;29.06.2025 03:00;89,66
29.06.2025 03:00;29.06.2025 04:00;86,82
29.06.2025 04:00;29.06.2025 05:00;85,31
29.06.2025 05:00;29.06.2025 06:00;85,3
29.06.2025 06:00;29.06.2025 07:00;86,39
29.06.2025 07:00;29.06.2025 08:00;74,92
29.06.2025 08:00;29.06.2025 09:00;47,52
29.06.2025 09:00;29.06.2025 10:00;1,99
29.06.2025 10:00;29.06.2025 11:00;0,0
29.06.2025 11:00;29.06.2025 12:00;-0,26
29.06.2025 12:00;29.06.2025 13:00;-5,4
29.06.2025 13:00;29.06.2025 14:00;-20,1
29.06.2025 14:00;29.06.2025 15:00;-24,01
29.06.2025 15:00;29.06.2025 16:00;-15,45
29.06.2025 16:00;29.06.2025 17:00;-2,69
29.06.2025 17:00;29.06.2025 18:00;0,01
29.06.2025 18:00;29.06.2025 19:00;77,44
29.06.2025 19:00;29.06.2025 20:00;102,14
29.06.2025 20:00;29.06.2025 21:00;111,98
29.06.2025 21:00;29.06.2025 22:00;118,07
29.06.2025 22:00;29.06.2025 23:00;113,73
29.06.2025 23:00;30.06.2025 00:00;101,0
30.06.2025 00:00;30.06.2025 01:00;98,73
30.06.2025 01:00;30.06.2025 02:00;89,03
30.06.2025 02:00;30.06.2025 03:00;85,03
30.06.2025 03:00;30.06.2025 04:00;84,13
30.06.2025 04:00;30.06.2025 05:00;86,51
30.06.2025 05:00;30.06.2025 06:00;97,41
30.06.2025 06:00;30.06.2025 07:00;114,9
30.06.2025 07:00;30.06.2025 08:00;111,7
30.06.2025 08:00;30.06.2025 09:00;108,52
30.06.2025 09:00;30.06.2025 10:00;91,77
30.06.2025 10:00;30.06.2025 11:00;74,65
30.06.2025 11:00;30.06.2025 12:00;43,73
30.06.2025 12:00;30.06.2025 13:00;19,05
30.06.2025 13:00;30.06.2025 14:00;9,96
30.06.2025 14:00;30.06.2025 15:00;19,65
30.06.2025 15:00;30.06.2025 16:00;60,0
30.06.2025 16:00;30.06.2025 17:00;80,5
30.06.2025 17:00;30.06.2025 18:00;91,98
30.06.2025 18:00;30.06.2025 19:00;110,01
30.06.2025 19:00;30.06.2025 20:00;178,94
30.06.2025 20:00;30.06.2025 21:00;288,97
30.06.2025 21:00;30.06.2025 22:00;233,35
30.06.2025 22:00;30.06.2025 23:00;157,0
30.06.2025 23:00;01.07.2025 00:00;122,65
01.07.2025 00:00;01.07.2025 01:00;111,28
01.07.2025 01:00;01.07.2025 02:00;95,29
01.07.2025 02:00;01.07.2025 03:00;89,1
01.07.2025 03:00;01.07.2025 04:00;88,08
01.07.2025 04:00;01.07.2025 05:00;90,01
01.07.2025 05:00;01.07.2025 06:00;96,5
01.07.2025 06:00;01.07.2025 07:00;114,97
01.07.2025 07:00;01.07.2025 08:00;120,11
01.07.2025 08:00;01.07.2025 09:00;114,72
01.07.2025 09:00;01.07.2025 10:00;91,19
01.07.2025 10:00;01.07.2025 11:00;84,31
01.07.2025 11:00;01.07.2025 12:00;69,56
01.07.2025 12:00;01.07.2025 13:00;44,54
01.07.2025 13:00;01.07.2025 14:00;42,47
01.07.2025 14:00;01.07.2025 15:00;57,65
01.07.2025 15:00;01.07.2025 16:00;78,14
01.07.2025 16:00;01.07.2025 17:00;90,8
01.07.2025 17:00;01.07.2025 18:00;102,02
01.07.2025 18:00;01.07.2025 19:00;152,08
01.07.2025 19:00;01.07.2025 20:00;307,27
01.07.2025 20:00;01.07.2025 21:00;476,19
01.07.2025 21:00;01.07.2025 22:00;406,81
01.07.2025 22:00;01.07.2025 23:00;250,01
01.07.2025 23:00;02.07.2025 00:00;147,65
02.07.2025 00:00;02.07.2025 01:00;119,29
02.07.2025 01:00;02.07.2025 02:00;102,7
02.07.2025 02:00;02.07.2025 03:00;92,54
02.07.2025 03:00;02.07.2025 04:00;92,08
02.07.2025 04:00;02.07.2025 05:00;91,71
02.07.2025 05:00;02.07.2025 06:00;100,55
02.07.2025 06:00;02.07.2025 07:00;116,43
02.07.2025 07:00;02.07.2025 08:00;110,42
02.07.2025 08:00;02.07.2025 09:00;104,52
02.07.2025 09:00;02.07.2025 10:00;92,62
02.07.2025 10:00;02.07.2025 11:00;81,06
02.07.2025 11:00;02.07.2025 12:00;69,93
02.07.2025 12:00;02.07.2025 13:00;36,12
02.07.2025 13:00;02.07.2025 14:00;32,59
02.07.2025 14:00;02.07.2025 15:00;46,61
02.07.2025 15:00;02.07.2025 16:00;71,49
02.07.2025 16:00;02.07.2025 17:00;79,6
02.07.2025 17:00;02.07.2025 18:00;89,27
02.07.2025 18:00;02.07.2025 19:00;113,99
02.07.2025 19:00;02.07.2025 20:00;186,01
02.07.2025 20:00;02.07.2025 21:00;240,07
02.07.2025 21:00;02.07.2025 22:00;180,21
02.07.2025 22:00;02.07.2025 23:00;134,93
02.07.2025 23:00;03.07.2025 00:00;108,5
03.07.2025 00:00;03.07.2025 01:00;83,49
03.07.2025 01:00;03.07.2025 02:00;81,15
03.07.2025 02:00;03.07.2025 03:00;79,0
03.07.2025 03:00;03.07.2025 04:00;78,93
03.07.2025 04:00;03.07.2025 05:00;80,88
03.07.2025 05:00;03.07.2025 06:00;86,45
03.07.2025 06:00;03.07.2025 07:00;104,92
03.07.2025 07:00;03.07.2025 08:00;108,03
03.07.2025 08:00;03.07.2025 09:00;104,9
03.07.2025 09:00;03.07.2025 10:00;90,45
03.07.2025 10:00;03.07.2025 11:00;75,06
03.07.2025 11:00;03.07.2025 12:00;57,35
03.07.2025 12:00;03.07.2025 13:00;42,16
03.07.2025 13:00;03.07.2025 14:00;33,91
03.07.2025 14:00;03.07.2025 15:00;24,72
03.07.2025 15:00;03.07.2025 16:00;37,86
03.07.2025 16:00;03.07.2025 17:00;58,57
03.07.2025 17:00;03.07.2025 18:00;81,0
03.07.2025 18:00;03.07.2025 19:00;95,19
03.07.2025 19:00;03.07.2025 20:00;107,2
03.07.2025 20:00;03.07.2025 21:00;146,96
03.07.2025 21:00;03.07.2025 22:00;166,67
03.07.2025 22:00;03.07.2025 23:00;133,3
03.07.2025 23:00;04.07.2025 00:00;117,03
04.07.2025 00:00;04.07.2025 01:00;111,01
04.07.2025 01:00;04.07.2025 02:00;105,45
04.07.2025 02:00;04.07.2025 03:00;101,31
04.07.2025 03:00;04.07.2025 04:00;98,44
04.07.2025 04:00;04.07.2025 05:00;103,2
04.07.2025 05:00;04.07.2025 06:00;106,63
04.07.2025 06:00;04.07.2025 07:00;122,38
04.07.2025 07:00;04.07.2025 08:00;116,46
04.07.2025 08:00;04.07.2025 09:00;100,0
04.07.2025 09:00;04.07.2025 10:00;91,15
04.07.2025 10:00;04.07.2025 11:00;70,01
04.07.2025 11:00;04.07.2025 12:00;6,69
04.07.2025 12:00;04.07.2025 13:00;-0,05
04.07.2025 13:00;04.07.2025 14:00;-1,56
04.07.2025 14:00;04.07.2025 15:00;-1,37
04.07.2025 15:00;04.07.2025 16:00;-0,61
04.07.2025 16:00;04.07.2025 17:00;2,39
04.07.2025 17:00;04.07.2025 18:00;62,04
04.07.2025 18:00;04.07.2025 19:00;88,68
04.07.2025 19:00;04.07.2025 20:00;110,0
04.07.2025 20:00;04.07.2025 21:00;130,74
04.07.2025 21:00;04.07.2025 22:00;150,1
04.07.2025 22:00;04.07.2025 23:00;129,68
04.07.2025 23:00;05.07.2025 00:00;107,99
05.07.2025 00:00;05.07.2025 01:00;104,2
05.07.2025 01:00;05.07.2025 02:00;94,98
05.07.2025 02:00;05.07.2025 03:00;96,5
05.07.2025 03:00;05.07.2025 04:00;93,4
05.07.2025 04:00;05.07.2025 05:00;94,5
05.07.2025 05:00;05.07.2025 06:00;83,49
05.07.2025 06:00;05.07.2025 07:00;84,47
05.07.2025 07:00;05.07.2025 08:00;43,77
05.07.2025 08:00;05.07.2025 09:00;17,86
05.07.2025 09:00;05.07.2025 10:00;3,34
05.07.2025 10:00;05.07.2025 11:00;0,0
05.07.2025 11:00;05.07.2025 12:00;-0,08
05.07.2025 12:00;05.07.2025 13:00;-1,01
05.07.2025 13:00;05.07.2025 14:00;-2,05
05.07.2025 14:00;05.07.2025 15:00;-2,11
05.07.2025 15:00;05.07.2025 16:00;-2,01
05.07.2025 16:00;05.07.2025 17:00;-2,26
05.07.2025 17:00;05.07.2025 18:00;0,0
05.07.2025 18:00;05.07.2025 19:00;41,25
05.07.2025 19:00;05.07.2025 20:00;85,0
05.07.2025 20:00;05.07.2025 21:00;111,01
05.07.2025 21:00;05.07.2025 22:00;122,96
05.07.2025 22:00;05.07.2025 23:00;117,14
05.07.2025 23:00;06.07.2025 00:00;108,21
06.07.2025 00:00;06.07.2025 01:00;95,15
06.07.2025 01:00;06.07.2025 02:00;89,5
06.07.2025 02:00;06.07.2025 03:00;85,94
06.07.2025 03:00;06.07.2025 04:00;83,95
06.07.2025 04:00;06.07.2025 05:00;82,6
06.07.2025 05:00;06.07.2025 06:00;82,0
06.07.2025 06:00;06.07.2025 07:00;78,46
06.07.2025 07:00;06.07.2025 08:00;77,57
06.07.2025 08:00;06.07.2025 09:00;70,57
06.07.2025 09:00;06.07.2025 10:00;38,81
06.07.2025 10:00;06.07.2025 11:00;19,21
06.07.2025 11:00;06.07.2025 12:00;13,19
06.07.2025 12:00;06.07.2025 13:00;10,26
06.07.2025 13:00;06.07.2025 14:00;5,85
06.07.2025 14:00;06.07.2025 15:00;11,2
06.07.2025 15:00;06.07.2025 16:00;50,57
06.07.2025 16:00;06.07.2025 17:00;70,77
06.07.2025 17:00;06.07.2025 18:00;100,29
06.07.2025 18:00;06.07.2025 19:00;107,37
06.07.2025 19:00;06.07.2025 20:00;112,16
06.07.2025 20:00;06.07.2025 21:00;120,32
06.07.2025 21:00;06.07.2025 22:00;125,04
06.07.2025 22:00;06.07.2025 23:00;122,21
06.07.2025 23:00;07.07.2025 00:00;110,78
07.07.2025 00:00;07.07.2025 01:00;118,84
07.07.2025 01:00;07.07.2025 02:00;107,42
07.07.2025 02:00;07.07.2025 03:00;101,92
07.07.2025 03:00;07.07.2025 04:00;99,12
07.07.2025 04:00;07.07.2025 05:00;101,0
07.07.2025 05:00;07.07.2025 06:00;108,22
07.07.2025 06:00;07.07.2025 07:00;134,2
07.07.2025 07:00;07.07.2025 08:00;143,67
07.07.2025 08:00;07.07.2025 09:00;152,29
07.07.2025 09:00;07.07.2025 10:00;131,99
07.07.2025 10:00;07.07.2025 11:00;108,64
07.07.2025 11:00;07.07.2025 12:00;108,98
07.07.2025 12:00;07.07.2025 13:00;90,24
07.07.2025 13:00;07.07.2025 14:00;71,0
07.07.2025 14:00;07.07.2025 15:00;53,02
07.07.2025 15:00;07.07.2025 16:00;50,67
07.07.2025 16:00;07.07.2025 17:00;52,51
07.07.2025 17:00;07.07.2025 18:00;72,3
07.07.2025 18:00;07.07.2025 19:00;87,95
07.07.2025 19:00;07.07.2025 20:00;92,27
07.07.2025 20:00;07.07.2025 21:00;97,28
07.07.2025 21:00;07.07.2025 22:00;109,92
07.07.2025 22:00;07.07.2025 23:00;110,09
07.07.2025 23:00;08.07.2025 00:00;95,82
08.07.2025 00:00;08.07.2025 01:00;103,83
08.07.2025 01:00;08.07.2025 02:00;92,9
08.07.2025 02:00;08.07.2025 03:00;86,13
08.07.2025 03:00;08.07.2025 04:00;84,78
08.07.2025 04:00;08.07.2025 05:00;85,37
08.07.2025 05:00;08.07.2025 06:00;91,14
08.07.2025 06:00;08.07.2025 07:00;107,99
08.07.2025 07:00;08.07.2025 08:00;118,65
08.07.2025 08:00;08.07.2025 09:00;117,76
08.07.2025 09:00;08.07.2025 10:00;94,06
08.07.2025 10:00;08.07.2025 11:00;81,78
08.07.2025 11:00;08.07.2025 12:00;78,44
08.07.2025 12:00;08.07.2025 13:00;60,15
08.07.2025 13:00;08.07.2025 14:00;54,72
08.07.2025 14:00;08.07.2025 15:00;53,04
08.07.2025 15:00;08.07.2025 16:00;54,65
08.07.2025 16:00;08.07.2025 17:00;65,2
08.07.2025 17:00;08.07.2025 18:00;79,98
08.07.2025 18:00;08.07.2025 19:00;83,92
08.07.2025 19:00;08.07.2025 20:00;102,1
08.07.2025 20:00;08.07.2025 21:00;122,77
08.07.2025 21:00;08.07.2025 22:00;123,34
08.07.2025 22:00;08.07.2025 23:00;116,65
08.07.2025 23:00;09.07.2025 00:00;100,95
09.07.2025 00:00;09.07.2025 01:00;97,15
09.07.2025 01:00;09.07.2025 02:00;86,85
09.07.2025 02:00;09.07.2025 03:00;83,86
09.07.2025 03:00;09.07.2025 04:00;84,65
09.07.2025 04:00;09.07.2025 05:00;85,1
09.07.2025 05:00;09.07.2025 06:00;96,15
09.07.2025 06:00;09.07.2025 07:00;113,66
09.07.2025 07:00;09.07.2025 08:00;116,46
09.07.2025 08:00;09.07.2025 09:00;113,59
09.07.2025 09:00;09.07.2025 10:00;95,66
09.07.2025 10:00;09.07.2025 11:00;84,68
09.07.2025 11:00;09.07.2025 12:00;77,77
09.07.2025 12:00;09.07.2025 13:00;65,67
09.07.2025 13:00;09.07.2025 14:00;46,69
09.07.2025 14:00;09.07.2025 15:00;37,78
09.07.2025 15:00;09.07.2025 16:00;48,32
09.07.2025 16:00;09.07.2025 17:00;71,13
09.07.2025 17:00;09.07.2025 18:00;84,73
09.07.2025 18:00;09.07.2025 19:00;99,01
09.07.2025 19:00;09.07.2025 20:00;115,98
09.07.2025 20:00;09.07.2025 21:00;135,34
09.07.2025 21:00;09.07.2025 22:00;138,24
09.07.2025 22:00;09.07.2025 23:00;119,79
09.07.2025 23:00;10.07.2025 00:00;104,9
10.07.2025 00:00;10.07.2025 01:00;100,91
10.07.2025 01:00;10.07.2025 02:00;95,73
10.07.2025 02:00;10.07.2025 03:00;89,1
10.07.2025 03:00;10.07.2025 04:00;86,45
10.07.2025 04:00;10.07.2025 05:00;87,97
10.07.2025 05:00;10.07.2025 06:00;98,62
10.07.2025 06:00;10.07.2025 07:00;107,61
10.07.2025 07:00;10.07.2025 08:00;107,23
10.07.2025 08:00;10.07.2025 09:00;105,35
10.07.2025 09:00;10.07.2025 10:00;88,9
10.07.2025 10:00;10.07.2025 11:00;82,0
10.07.2025 11:00;10.07.2025 12:00;65,33
10.07.2025 12:00;10.07.2025 13:00;45,22
10.07.2025 13:00;10.07.2025 14:00;39,51
10.07.2025 14:00;10.07.2025 15:00;39,55
10.07.2025 15:00;10.07.2025 16:00;56,71
10.07.2025 16:00;10.07.2025 17:00;76,8
10.07.2025 17:00;10.07.2025 18:00;86,4
10.07.2025 18:00;10.07.2025 19:00;100,2
10.07.2025 19:00;10.07.2025 20:00;114,39
10.07.2025 20:00;10.07.2025 21:00;134,67
10.07.2025 21:00;10.07.2025 22:00;132,7
10.07.2025 22:00;10.07.2025 23:00;120,88
10.07.2025 23:00;11.07.2025 00:00;107,69
11.07.2025 00:00;11.07.2025 01:00;104,75
11.07.2025 01:00;11.07.2025 02:00;99,57
11.07.2025 02:00;11.07.2025 03:00;95,0
11.07.2025 03:00;11.07.2025 04:00;90,69
11.07.2025 04:00;11.07.2025 05:00;91,53
11.07.2025 05:00;11.07.2025 06:00;99,4
11.07.2025 06:00;11.07.2025 07:00;107,41
11.07.2025 07:00;11.07.2025 08:00;105,92
11.07.2025 08:00;11.07.2025 09:00;105,18
11.07.2025 09:00;11.07.2025 10:00;93,3
11.07.2025 10:00;11.07.2025 11:00;82,9
11.07.2025 11:00;11.07.2025 12:00;73,15
11.07.2025 12:00;11.07.2025 13:00;63,82
11.07.2025 13:00;11.07.2025 14:00;42,16
11.07.2025 14:00;11.07.2025 15:00;32,04
11.07.2025 15:00;11.07.2025 16:00;38,1
11.07.2025 16:00;11.07.2025 17:00;59,55
11.07.2025 17:00;11.07.2025 18:00;83,15
11.07.2025 18:00;11.07.2025 19:00;86,44
11.07.2025 19:00;11.07.2025 20:00;101,93
11.07.2025 20:00;11.07.2025 21:00;117,5
11.07.2025 21:00;11.07.2025 22:00;118,08
11.07.2025 22:00;11.07.2025 23:00;113,8
11.07.2025 23:00;12.07.2025 00:00;103,82
12.07.2025 00:00;12.07.2025 01:00;112,23
12.07.2025 01:00;12.07.2025 02:00;104,57
12.07.2025 02:00;12.07.2025 03:00;103,68
12.07.2025 03:00;12.07.2025 04:00;97,4
12.07.2025 04:00;12.07.2025 05:00;93,33
12.07.2025 05:00;12.07.2025 06:00;89,94
12.07.2025 06:00;12.07.2025 07:00;85,27
12.07.2025 07:00;12.07.2025 08:00;87,98
12.07.2025 08:00;12.07.2025 09:00;83,8
12.07.2025 09:00;12.07.2025 10:00;59,86
12.07.2025 10:00;12.07.2025 11:00;18,19
12.07.2025 11:00;12.07.2025 12:00;3,0
12.07.2025 12:00;12.07.2025 13:00;0,22
12.07.2025 13:00;12.07.2025 14:00;0,0
12.07.2025 14:00;12.07.2025 15:00;0,0
12.07.2025 15:00;12.07.2025 16:00;0,22
12.07.2025 16:00;12.07.2025 17:00;19,73
12.07.2025 17:00;12.07.2025 18:00;73,89
12.07.2025 18:00;12.07.2025 19:00;106,2
12.07.2025 19:00;12.07.2025 20:00;109,2
12.07.2025 20:00;12.07.2025 21:00;120,0
12.07.2025 21:00;12.07.2025 22:00;125,02
12.07.2025 22:00;12.07.2025 23:00;125,0
12.07.2025 23:00;13.07.2025 00:00;115,42
13.07.2025 00:00;13.07.2025 01:00;115,35
13.07.2025 01:00;13.07.2025 02:00;109,14
13.07.2025 02:00;13.07.2025 03:00;108,42
13.07.2025 03:00;13.07.2025 04:00;107,35
13.07.2025 04:00;13.07.2025 05:00;104,64
13.07.2025 05:00;13.07.2025 06:00;100,85
13.07.2025 06:00;13.07.2025 07:00;95,8
13.07.2025 07:00;13.07.2025 08:00;92,18
13.07.2025 08:00;13.07.2025 09:00;87,94
13.07.2025 09:00;13.07.2025 10:00;57,62
13.07.2025 10:00;13.07.2025 11:00;4,28
13.07.2025 11:00;13.07.2025 12:00;0,05
13.07.2025 12:00;13.07.2025 13:00;0,0
13.07.2025 13:00;13.07.2025 14:00;0,0
13.07.2025 14:00;13.07.2025 15:00;0,0
13.07.2025 15:00;13.07.2025 16:00;0,0
13.07.2025 16:00;13.07.2025 17:00;2,36
13.07.2025 17:00;13.07.2025 18:00;73,4
13.07.2025 18:00;13.07.2025 19:00;100,61
13.07.2025 19:00;13.07.2025 20:00;113,74
13.07.2025 20:00;13.07.2025 21:00;120,0
13.07.2025 21:00;13.07.2025 22:00;127,7
13.07.2025 22:00;13.07.2025 23:00;126,94
13.07.2025 23:00;14.07.2025 00:00;115,41
14.07.2025 00:00;14.07.2025 01:00;114,02
14.07.2025 01:00;14.07.2025 02:00;104,01
14.07.2025 02:00;14.07.2025 03:00;98,17
14.07.2025 03:00;14.07.2025 04:00;94,94
14.07.2025 04:00;14.07.2025 05:00;99,32
14.07.2025 05:00;14.07.2025 06:00;108,93
14.07.2025 06:00;14.07.2025 07:00;117,87
14.07.2025 07:00;14.07.2025 08:00;121,62
14.07.2025 08:00;14.07.2025 09:00;112,06
14.07.2025 09:00;14.07.2025 10:00;92,43
14.07.2025 10:00;14.07.2025 11:00;84,58
14.07.2025 11:00;14.07.2025 12:00;79,67
14.07.2025 12:00;14.07.2025 13:00;70,98
14.07.2025 13:00;14.07.2025 14:00;64,17
14.07.2025 14:00;14.07.2025 15:00;57,15
14.07.2025 15:00;14.07.2025 16:00;55,82
14.07.2025 16:00;14.07.2025 17:00;71,1
14.07.2025 17:00;14.07.2025 18:00;84,58
14.07.2025 18:00;14.07.2025 19:00;98,94
14.07.2025 19:00;14.07.2025 20:00;110,11
14.07.2025 20:00;14.07.2025 21:00;139,99
14.07.2025 21:00;14.07.2025 22:00;141,57
14.07.2025 22:00;14.07.2025 23:00;126,14
14.07.2025 23:00;15.07.2025 00:00;115,15
15.07.2025 00:00;15.07.2025 01:00;106,1
15.07.2025 01:00;15.07.2025 02:00;103,06
15.07.2025 02:00;15.07.2025 03:00;93,86
15.07.2025 03:00;15.07.2025 04:00;88,28
15.07.2025 04:00;15.07.2025 05:00;87,12
15.07.2025 05:00;15.07.2025 06:00;93,0
15.07.2025 06:00;15.07.2025 07:00;110,33
15.07.2025 07:00;15.07.2025 08:00;113,41
15.07.2025 08:00;15.07.2025 09:00;106,86
15.07.2025 09:00;15.07.2025 10:00;90,82
15.07.2025 10:00;15.07.2025 11:00;77,67
15.07.2025 11:00;15.07.2025 12:00;65,0
15.07.2025 12:00;15.07.2025 13:00;59,19
15.07.2025 13:00;15.07.2025 14:00;47,26
15.07.2025 14:00;15.07.2025 15:00;40,2
15.07.2025 15:00;15.07.2025 16:00;42,57
15.07.2025 16:00;15.07.2025 17:00;65,0
15.07.2025 17:00;15.07.2025 18:00;84,87
15.07.2025 18:00;15.07.2025 19:00;101,54
15.07.2025 19:00;15.07.2025 20:00;108,15
15.07.2025 20:00;15.07.2025 21:00;119,78
15.07.2025 21:00;15.07.2025 22:00;141,99
15.07.2025 22:00;15.07.2025 23:00;121,28
15.07.2025 23:00;16.07.2025 00:00;112,45
16.07.2025 00:00;16.07.2025 01:00;97,63
16.07.2025 01:00;16.07.2025 02:00;93,99
16.07.2025 02:00;16.07.2025 03:00;86,67
16.07.2025 03:00;16.07.2025 04:00;83,43
16.07.2025 04:00;16.07.2025 05:00;84,26
16.07.2025 05:00;16.07.2025 06:00;90,41
16.07.2025 06:00;16.07.2025 07:00;105,74
16.07.2025 07:00;16.07.2025 08:00;112,63
16.07.2025 08:00;16.07.2025 09:00;111,92
16.07.2025 09:00;16.07.2025 10:00;104,21
16.07.2025 10:00;16.07.2025 11:00;89,8
16.07.2025 11:00;16.07.2025 12:00;85,65
16.07.2025 12:00;16.07.2025 13:00;81,96
16.07.2025 13:00;16.07.2025 14:00;78,62
16.07.2025 14:00;16.07.2025 15:00;68,06
16.07.2025 15:00;16.07.2025 16:00;69,2
16.07.2025 16:00;16.07.2025 17:00;80,86
16.07.2025 17:00;16.07.2025 18:00;89,09
16.07.2025 18:00;16.07.2025 19:00;95,49
16.07.2025 19:00;16.07.2025 20:00;108,37
16.07.2025 20:00;16.07.2025 21:00;119,72
16.07.2025 21:00;16.07.2025 22:00;129,04
16.07.2025 22:00;16.07.2025 23:00;120,71
16.07.2025 23:00;17.07.2025 00:00;110,55
17.07.2025 00:00;17.07.2025 01:00;103,76
17.07.2025 01:00;17.07.2025 02:00;98,33
17.07.2025 02:00;17.07.2025 03:00;89,96
17.07.2025 03:00;17.07.2025 04:00;84,81
17.07.2025 04:00;17.07.2025 05:00;85,76
17.07.2025 05:00;17.07.2025 06:00;89,0
17.07.2025 06:00;17.07.2025 07:00;104,05
17.07.2025 07:00;17.07.2025 08:00;110,33
17.07.2025 08:00;17.07.2025 09:00;105,92
17.07.2025 09:00;17.07.2025 10:00;93,1
17.07.2025 10:00;17.07.2025 11:00;85,0
17.07.2025 11:00;17.07.2025 12:00;77,07
17.07.2025 12:00;17.07.2025 13:00;70,17
17.07.2025 13:00;17.07.2025 14:00;55,26
17.07.2025 14:00;17.07.2025 15:00;49,78
17.07.2025 15:00;17.07.2025 16:00;66,18
17.07.2025 16:00;17.07.2025 17:00;74,79
17.07.2025 17:00;17.07.2025 18:00;82,71
17.07.2025 18:00;17.07.2025 19:00;94,98
17.07.2025 19:00;17.07.2025 20:00;109,73
17.07.2025 20:00;17.07.2025 21:00;120,75
17.07.2025 21:00;17.07.2025 22:00;132,0
17.07.2025 22:00;17.07.2025 23:00;125,07
17.07.2025 23:00;18.07.2025 00:00;114,18
18.07.2025 00:00;18.07.2025 01:00;106,8
18.07.2025 01:00;18.07.2025 02:00;99,15
18.07.2025 02:00;18.07.2025 03:00;95,36
18.07.2025 03:00;18.07.2025 04:00;96,37
18.07.2025 04:00;18.07.2025 05:00;98,66
18.07.2025 05:00;18.07.2025 06:00;108,23
18.07.2025 06:00;18.07.2025 07:00;115,92
18.07.2025 07:00;18.07.2025 08:00;116,17
18.07.2025 08:00;18.07.2025 09:00;109,39
18.07.2025 09:00;18.07.2025 10:00;98,13
18.07.2025 10:00;18.07.2025 11:00;84,98
18.07.2025 11:00;18.07.2025 12:00;82,02
18.07.2025 12:00;18.07.2025 13:00;80,0
18.07.2025 13:00;18.07.2025 14:00;73,02
18.07.2025 14:00;18.07.2025 15:00;71,2
18.07.2025 15:00;18.07.2025 16:00;72,68
18.07.2025 16:00;18.07.2025 17:00;79,99
18.07.2025 17:00;18.07.2025 18:00;84,07
18.07.2025 18:00;18.07.2025 19:00;99,92
18.07.2025 19:00;18.07.2025 20:00;120,0
18.07.2025 20:00;18.07.2025 21:00;146,55
18.07.2025 21:00;18.07.2025 22:00;144,44
18.07.2025 22:00;18.07.2025 23:00;125,88
18.07.2025 23:00;19.07.2025 00:00;113,48
19.07.2025 00:00;19.07.2025 01:00;107,6
19.07.2025 01:00;19.07.2025 02:00;105,35
19.07.2025 02:00;19.07.2025 03:00;103,19
19.07.2025 03:00;19.07.2025 04:00;101,63
19.07.2025 04:00;19.07.2025 05:00;98,38
19.07.2025 05:00;19.07.2025 06:00;93,69
19.07.2025 06:00;19.07.2025 07:00;98,39
19.07.2025 07:00;19.07.2025 08:00;86,89
19.07.2025 08:00;19.07.2025 09:00;78,89
19.07.2025 09:00;19.07.2025 10:00;52,98
19.07.2025 10:00;19.07.2025 11:00;10,0
19.07.2025 11:00;19.07.2025 12:00;0,65
19.07.2025 12:00;19.07.2025 13:00;0,0
19.07.2025 13:00;19.07.2025 14:00;-0,01
19.07.2025 14:00;19.07.2025 15:00;0,0
19.07.2025 15:00;19.07.2025 16:00;2,08
19.07.2025 16:00;19.07.2025 17:00;29,33
19.07.2025 17:00;19.07.2025 18:00;76,85
19.07.2025 18:00;19.07.2025 19:00;98,4
19.07.2025 19:00;19.07.2025 20:00;114,47
19.07.2025 20:00;19.07.2025 21:00;112,87
19.07.2025 21:00;19.07.2025 22:00;108,08
19.07.2025 22:00;19.07.2025 23:00;105,63
19.07.2025 23:00;20.07.2025 00:00;98,07
20.07.2025 00:00;20.07.2025 01:00;91,29
20.07.2025 01:00;20.07.2025 02:00;88,94
20.07.2025 02:00;20.07.2025 03:00;89,27
20.07.2025 03:00;20.07.2025 04:00;100,41
20.07.2025 04:00;20.07.2025 05:00;101,7
20.07.2025 05:00;20.07.2025 06:00;98,27
20.07.2025 06:00;20.07.2025 07:00;97,2
20.07.2025 07:00;20.07.2025 08:00;80,59
20.07.2025 08:00;20.07.2025 09:00;77,86
20.07.2025 09:00;20.07.2025 10:00;44,58
20.07.2025 10:00;20.07.2025 11:00;9,04
20.07.2025 11:00;20.07.2025 12:00;2,07
20.07.2025 12:00;20.07.2025 13:00;0,0
20.07.2025 13:00;20.07.2025 14:00;-0,01
20.07.2025 14:00;20.07.2025 15:00;0,0
20.07.2025 15:00;20.07.2025 16:00;9,09
20.07.2025 16:00;20.07.2025 17:00;69,33
20.07.2025 17:00;20.07.2025 18:00;92,74
20.07.2025 18:00;20.07.2025 19:00;100,26
20.07.2025 19:00;20.07.2025 20:00;112,0
20.07.2025 20:00;20.07.2025 21:00;116,0
20.07.2025 21:00;20.07.2025 22:00;115,01
20.07.2025 22:00;20.07.2025 23:00;114,85
20.07.2025 23:00;21.07.2025 00:00;105,05
21.07.2025 00:00;21.07.2025 01:00;87,08
21.07.2025 01:00;21.07.2025 02:00;79,73
21.07.2025 02:00;21.07.2025 03:00;83,48
21.07.2025 03:00;21.07.2025 04:00;83,3
21.07.2025 04:00;21.07.2025 05:00;83,49
21.07.2025 05:00;21.07.2025 06:00;96,22
21.07.2025 06:00;21.07.2025 07:00;113,96
21.07.2025 07:00;21.07.2025 08:00;126,56
21.07.2025 08:00;21.07.2025 09:00;123,91
21.07.2025 09:00;21.07.2025 10:00;109,64
21.07.2025 10:00;21.07.2025 11:00;105,99
21.07.2025 11:00;21.07.2025 12:00;98,88
21.07.2025 12:00;21.07.2025 13:00;84,9
21.07.2025 13:00;21.07.2025 14:00;81,73
21.07.2025 14:00;21.07.2025 15:00;85,79
21.07.2025 15:00;21.07.2025 16:00;87,96
21.07.2025 16:00;21.07.2025 17:00;90,95
21.07.2025 17:00;21.07.2025 18:00;104,3
21.07.2025 18:00;21.07.2025 19:00;105,82
21.07.2025 19:00;21.07.2025 20:00;119,69
21.07.2025 20:00;21.07.2025 21:00;123,25
21.07.2025 21:00;21.07.2025 22:00;120,09
21.07.2025 22:00;21.07.2025 23:00;108,76
21.07.2025 23:00;22.07.2025 00:00;100,04
22.07.2025 00:00;22.07.2025 01:00;92,79
22.07.2025 01:00;22.07.2025 02:00;87,2
22.07.2025 02:00;22.07.2025 03:00;85,48
22.07.2025 03:00;22.07.2025 04:00;82,0
22.07.2025 04:00;22.07.2025 05:00;81,0
22.07.2025 05:00;22.07.2025 06:00;89,28
22.07.2025 06:00;22.07.2025 07:00;108,8
22.07.2025 07:00;22.07.2025 08:00;109,28
22.07.2025 08:00;22.07.2025 09:00;102,49
22.07.2025 09:00;22.07.2025 10:00;91,29
22.07.2025 10:00;22.07.2025 11:00;81,73
22.07.2025 11:00;22.07.2025 12:00;68,41
22.07.2025 12:00;22.07.2025 13:00;39,63
22.07.2025 13:00;22.07.2025 14:00;10,0
22.07.2025 14:00;22.07.2025 15:00;0,17
22.07.2025 15:00;22.07.2025 16:00;4,16
22.07.2025 16:00;22.07.2025 17:00;36,9
22.07.2025 17:00;22.07.2025 18:00;75,79
22.07.2025 18:00;22.07.2025 19:00;88,98
22.07.2025 19:00;22.07.2025 20:00;108,57
22.07.2025 20:00;22.07.2025 21:00;112,56
22.07.2025 21:00;22.07.2025 22:00;113,22
22.07.2025 22:00;22.07.2025 23:00;108,48
22.07.2025 23:00;23.07.2025 00:00;102,93
23.07.2025 00:00;23.07.2025 01:00;87,65
23.07.2025 01:00;23.07.2025 02:00;79,47
23.07.2025 02:00;23.07.2025 03:00;78,5
23.07.2025 03:00;23.07.2025 04:00;76,04
23.07.2025 04:00;23.07.2025 05:00;77,69
23.07.2025 05:00;23.07.2025 06:00;80,64
23.07.2025 06:00;23.07.2025 07:00;91,35
23.07.2025 07:00;23.07.2025 08:00;99,87
23.07.2025 08:00;23.07.2025 09:00;96,5
23.07.2025 09:00;23.07.2025 10:00;81,69
23.07.2025 10:00;23.07.2025 11:00;67,3
23.07.2025 11:00;23.07.2025 12:00;53,5
23.07.2025 12:00;23.07.2025 13:00;33,72
23.07.2025 13:00;23.07.2025 14:00;23,73
23.07.2025 14:00;23.07.2025 15:00;26,82
23.07.2025 15:00;23.07.2025 16:00;40,3
23.07.2025 16:00;23.07.2025 17:00;67,81
23.07.2025 17:00;23.07.2025 18:00;78,05
23.07.2025 18:00;23.07.2025 19:00;86,07
23.07.2025 19:00;23.07.2025 20:00;105,0
23.07.2025 20:00;23.07.2025 21:00;112,98
23.07.2025 21:00;23.07.2025 22:00;119,74
23.07.2025 22:00;23.07.2025 23:00;110,54
23.07.2025 23:00;24.07.2025 00:00;103,06
24.07.2025 00:00;24.07.2025 01:00;97,82
24.07.2025 01:00;24.07.2025 02:00;94,08
24.07.2025 02:00;24.07.2025 03:00;89,29
24.07.2025 03:00;24.07.2025 04:00;89,29
24.07.2025 04:00;24.07.2025 05:00;93,45
24.07.2025 05:00;24.07.2025 06:00;102,65
24.07.2025 06:00;24.07.2025 07:00;112,05
24.07.2025 07:00;24.07.2025 08:00;117,22
24.07.2025 08:00;24.07.2025 09:00;110,4
24.07.2025 09:00;24.07.2025 10:00;96,22
24.07.2025 10:00;24.07.2025 11:00;89,17
24.07.2025 11:00;24.07.2025 12:00;84,39
24.07.2025 12:00;24.07.2025 13:00;82,17
24.07.2025 13:00;24.07.2025 14:00;80,43
24.07.2025 14:00;24.07.2025 15:00;82,05
24.07.2025 15:00;24.07.2025 16:00;84,77
24.07.2025 16:00;24.07.2025 17:00;93,34
24.07.2025 17:00;24.07.2025 18:00;100,6
24.07.2025 18:00;24.07.2025 19:00;109,2
24.07.2025 19:00;24.07.2025 20:00;130,0
24.07.2025 20:00;24.07.2025 21:00;154,16
24.07.2025 21:00;24.07.2025 22:00;140,64
24.07.2025 22:00;24.07.2025 23:00;118,38
24.07.2025 23:00;25.07.2025 00:00;109,39
25.07.2025 00:00;25.07.2025 01:00;111,27
25.07.2025 01:00;25.07.2025 02:00;103,67
25.07.2025 02:00;25.07.2025 03:00;97,05
25.07.2025 03:00;25.07.2025 04:00;92,94
25.07.2025 04:00;25.07.2025 05:00;96,97
25.07.2025 05:00;25.07.2025 06:00;98,2
25.07.2025 06:00;25.07.2025 07:00;108,87
25.07.2025 07:00;25.07.2025 08:00;112,95
25.07.2025 08:00;25.07.2025 09:00;110,85
25.07.2025 09:00;25.07.2025 10:00;98,2
25.07.2025 10:00;25.07.2025 11:00;94,08
25.07.2025 11:00;25.07.2025 12:00;85,15
25.07.2025 12:00;25.07.2025 13:00;83,09
25.07.2025 13:00;25.07.2025 14:00;78,7
25.07.2025 14:00;25.07.2025 15:00;76,31
25.07.2025 15:00;25.07.2025 16:00;79,27
25.07.2025 16:00;25.07.2025 17:00;81,09
25.07.2025 17:00;25.07.2025 18:00;84,02
25.07.2025 18:00;25.07.2025 19:00;90,45
25.07.2025 19:00;25.07.2025 20:00;101,81
25.07.2025 20:00;25.07.2025 21:00;109,28
25.07.2025 21:00;25.07.2025 22:00;121,21
25.07.2025 22:00;25.07.2025 23:00;112,6
25.07.2025 23:00;26.07.2025 00:00;110,25
26.07.2025 00:00;26.07.2025 01:00;106,76
26.07.2025 01:00;26.07.2025 02:00;100,7
26.07.2025 02:00;26.07.2025 03:00;97,73
26.07.2025 03:00;26.07.2025 04:00;96,65
26.07.2025 04:00;26.07.2025 05:00;96,45
26.07.2025 05:00;26.07.2025 06:00;94,89
26.07.2025 06:00;26.07.2025 07:00;97,13
26.07.2025 07:00;26.07.2025 08:00;96,1
26.07.2025 08:00;26.07.2025 09:00;87,96
26.07.2025 09:00;26.07.2025 10:00;85,85
26.07.2025 10:00;26.07.2025 11:00;79,59
26.07.2025 11:00;26.07.2025 12:00;75,2
26.07.2025 12:00;26.07.2025 13:00;66,42
26.07.2025 13:00;26.07.2025 14:00;49,87
26.07.2025 14:00;26.07.2025 15:00;50,09
26.07.2025 15:00;26.07.2025 16:00;68,07
26.07.2025 16:00;26.07.2025 17:00;74,81
26.07.2025 17:00;26.07.2025 18:00;84,2
26.07.2025 18:00;26.07.2025 19:00;98,2
26.07.2025 19:00;26.07.2025 20:00;106,6
26.07.2025 20:00;26.07.2025 21:00;121,95
26.07.2025 21:00;26.07.2025 22:00;127,07
26.07.2025 22:00;26.07.2025 23:00;116,72
26.07.2025 23:00;27.07.2025 00:00;108,8
27.07.2025 00:00;27.07.2025 01:00;104,64
27.07.2025 01:00;27.07.2025 02:00;99,47
27.07.2025 02:00;27.07.2025 03:00;95,01
27.07.2025 03:00;27.07.2025 04:00;92,07
27.07.2025 04:00;27.07.2025 05:00;91,99
27.07.2025 05:00;27.07.2025 06:00;89,88
27.07.2025 06:00;27.07.2025 07:00;88,79
27.07.2025 07:00;27.07.2025 08:00;86,58
27.07.2025 08:00;27.07.2025 09:00;83,76
27.07.2025 09:00;27.07.2025 10:00;81,71
27.07.2025 10:00;27.07.2025 11:00;75,91
27.07.2025 11:00;27.07.2025 12:00;70,52
27.07.2025 12:00;27.07.2025 13:00;45,93
27.07.2025 13:00;27.07.2025 14:00;15,04
27.07.2025 14:00;27.07.2025 15:00;8,85
27.07.2025 15:00;27.07.2025 16:00;17,3
27.07.2025 16:00;27.07.2025 17:00;45,74
27.07.2025 17:00;27.07.2025 18:00;82,36
27.07.2025 18:00;27.07.2025 19:00;95,66
27.07.2025 19:00;27.07.2025 20:00;102,47
27.07.2025 20:00;27.07.2025 21:00;107,95
27.07.2025 21:00;27.07.2025 22:00;114,71
27.07.2025 22:00;27.07.2025 23:00;107,33
27.07.2025 23:00;28.07.2025 00:00;102,69
28.07.2025 00:00;28.07.2025 01:00;100,0
28.07.2025 01:00;28.07.2025 02:00;88,77
28.07.2025 02:00;28.07.2025 03:00;83,5
28.07.2025 03:00;28.07.2025 04:00;79,67
28.07.2025 04:00;28.07.2025 05:00;79,51
28.07.2025 05:00;28.07.2025 06:00;89,52
28.07.2025 06:00;28.07.2025 07:00;108,88
28.07.2025 07:00;28.07.2025 08:00;121,97
28.07.2025 08:00;28.07.2025 09:00;118,37
28.07.2025 09:00;28.07.2025 10:00;105,45
28.07.2025 10:00;28.07.2025 11:00;97,25
28.07.2025 11:00;28.07.2025 12:00;90,96
28.07.2025 12:00;28.07.2025 13:00;81,79
28.07.2025 13:00;28.07.2025 14:00;77,52
28.07.2025 14:00;28.07.2025 15:00;68,33
28.07.2025 15:00;28.07.2025 16:00;73,97
28.07.2025 16:00;28.07.2025 17:00;77,28
28.07.2025 17:00;28.07.2025 18:00;88,12
28.07.2025 18:00;28.07.2025 19:00;97,2
28.07.2025 19:00;28.07.2025 20:00;103,59
28.07.2025 20:00;28.07.2025 21:00;114,14
28.07.2025 21:00;28.07.2025 22:00;114,34
28.07.2025 22:00;28.07.2025 23:00;105,26
28.07.2025 23:00;29.07.2025 00:00;92,43
29.07.2025 00:00;29.07.2025 01:00;87,51
29.07.2025 01:00;29.07.2025 02:00;84,1
29.07.2025 02:00;29.07.2025 03:00;82,9
29.07.2025 03:00;29.07.2025 04:00;82,1
29.07.2025 04:00;29.07.2025 05:00;83,89
29.07.2025 05:00;29.07.2025 06:00;92,88
29.07.2025 06:00;29.07.2025 07:00;101,07
29.07.2025 07:00;29.07.2025 08:00;109,25
29.07.2025 08:00;29.07.2025 09:00;99,02
29.07.2025 09:00;29.07.2025 10:00;80,2
29.07.2025 10:00;29.07.2025 11:00;66,37
29.07.2025 11:00;29.07.2025 12:00;54,0
29.07.2025 12:00;29.07.2025 13:00;25,6
29.07.2025 13:00;29.07.2025 14:00;4,34
29.07.2025 14:00;29.07.2025 15:00;1,07
29.07.2025 15:00;29.07.2025 16:00;6,2
29.07.2025 16:00;29.07.2025 17:00;44,41
29.07.2025 17:00;29.07.2025 18:00;78,24
29.07.2025 18:00;29.07.2025 19:00;94,81
29.07.2025 19:00;29.07.2025 20:00;105,32
29.07.2025 20:00;29.07.2025 21:00;123,56
29.07.2025 21:00;29.07.2025 22:00;126,01
29.07.2025 22:00;29.07.2025 23:00;111,94
29.07.2025 23:00;30.07.2025 00:00;102,07
30.07.2025 00:00;30.07.2025 01:00;94,92
30.07.2025 01:00;30.07.2025 02:00;90,88
30.07.2025 02:00;30.07.2025 03:00;86,93
30.07.2025 03:00;30.07.2025 04:00;83,24
30.07.2025 04:00;30.07.2025 05:00;84,89
30.07.2025 05:00;30.07.2025 06:00;94,72
30.07.2025 06:00;30.07.2025 07:00;100,38
30.07.2025 07:00;30.07.2025 08:00;97,47
30.07.2025 08:00;30.07.2025 09:00;93,88
30.07.2025 09:00;30.07.2025 10:00;79,02
30.07.2025 10:00;30.07.2025 11:00;63,29
30.07.2025 11:00;30.07.2025 12:00;40,43
30.07.2025 12:00;30.07.2025 13:00;24,79
30.07.2025 13:00;30.07.2025 14:00;17,69
30.07.2025 14:00;30.07.2025 15:00;10,7
30.07.2025 15:00;30.07.2025 16:00;28,03
30.07.2025 16:00;30.07.2025 17:00;45,61
30.07.2025 17:00;30.07.2025 18:00;75,68
30.07.2025 18:00;30.07.2025 19:00;93,97
30.07.2025 19:00;30.07.2025 20:00;101,86
30.07.2025 20:00;30.07.2025 21:00;109,07
30.07.2025 21:00;30.07.2025 22:00;109,0
30.07.2025 22:00;30.07.2025 23:00;104,0
30.07.2025 23:00;31.07.2025 00:00;92,41
31.07.2025 00:00;31.07.2025 01:00;88,93
31.07.2025 01:00;31.07.2025 02:00;82,11
31.07.2025 02:00;31.07.2025 03:00;79,0
31.07.2025 03:00;31.07.2025 04:00;77,27
31.07.2025 04:00;31.07.2025 05:00;78,51
31.07.2025 05:00;31.07.2025 06:00;85,43
31.07.2025 06:00;31.07.2025 07:00;98,14
31.07.2025 07:00;31.07.2025 08:00;100,46
31.07.2025 08:00;31.07.2025 09:00;94,09
31.07.2025 09:00;31.07.2025 10:00;88,91
31.07.2025 10:00;31.07.2025 11:00;74,17
31.07.2025 11:00;31.07.2025 12:00;70,04
31.07.2025 12:00;31.07.2025 13:00;61,15
31.07.2025 13:00;31.07.2025 14:00;48,05
31.07.2025 14:00;31.07.2025 15:00;35,06
31.07.2025 15:00;31.07.2025 16:00;55,07
31.07.2025 16:00;31.07.2025 17:00;72,43
31.07.2025 17:00;31.07.2025 18:00;84,56
31.07.2025 18:00;31.07.2025 19:00;96,9
31.07.2025 19:00;31.07.2025 20:00;111,92
31.07.2025 20:00;31.07.2025 21:00;128,27
31.07.2025 21:00;31.07.2025 22:00;125,11
31.07.2025 22:00;31.07.2025 23:00;114,16
31.07.2025 23:00;01.08.2025 00:00;102,79
01.08.2025 00:00;01.08.2025 01:00;105,31
01.08.2025 01:00;01.08.2025 02:00;98,54
01.08.2025 02:00;01.08.2025 03:00;92,15
01.08.2025 03:00;01.08.2025 04:00;89,17
01.08.2025 04:00;01.08.2025 05:00;94,21
01.08.2025 05:00;01.08.2025 06:00;100,58
01.08.2025 06:00;01.08.2025 07:00;106,69
01.08.2025 07:00;01.08.2025 08:00;110,71
01.08.2025 08:00;01.08.2025 09:00;106,64
01.08.2025 09:00;01.08.2025 10:00;103,67
01.08.2025 10:00;01.08.2025 11:00;97,95
01.08.2025 11:00;01.08.2025 12:00;84,1
01.08.2025 12:00;01.08.2025 13:00;77,05
01.08.2025 13:00;01.08.2025 14:00;61,97
01.08.2025 14:00;01.08.2025 15:00;49,06
01.08.2025 15:00;01.08.2025 16:00;49,1
01.08.2025 16:00;01.08.2025 17:00;69,93
01.08.2025 17:00;01.08.2025 18:00;83,59
01.08.2025 18:00;01.08.2025 19:00;96,45
01.08.2025 19:00;01.08.2025 20:00;109,51
01.08.2025 20:00;01.08.2025 21:00;119,23
01.08.2025 21:00;01.08.2025 22:00;117,51
01.08.2025 22:00;01.08.2025 23:00;110,72
01.08.2025 23:00;02.08.2025 00:00;102,73
02.08.2025 00:00;02.08.2025 01:00;104,47
02.08.2025 01:00;02.08.2025 02:00;100,32
02.08.2025 02:00;02.08.2025 03:00;97,79
02.08.2025 03:00;02.08.2025 04:00;92,16
02.08.2025 04:00;02.08.2025 05:00;91,29
02.08.2025 05:00;02.08.2025 06:00;90,77
02.08.2025 06:00;02.08.2025 07:00;89,67
02.08.2025 07:00;02.08.2025 08:00;84,7
02.08.2025 08:00;02.08.2025 09:00;78,4
02.08.2025 09:00;02.08.2025 10:00;65,68
02.08.2025 10:00;02.08.2025 11:00;31,09
02.08.2025 11:00;02.08.2025 12:00;5,68
02.08.2025 12:00;02.08.2025 13:00;2,95
02.08.2025 13:00;02.08.2025 14:00;0,0
02.08.2025 14:00;02.08.2025 15:00;0,0
02.08.2025 15:00;02.08.2025 16:00;0,0
02.08.2025 16:00;02.08.2025 17:00;5,3
02.08.2025 17:00;02.08.2025 18:00;60,69
02.08.2025 18:00;02.08.2025 19:00;91,32
02.08.2025 19:00;02.08.2025 20:00;102,0
02.08.2025 20:00;02.08.2025 21:00;109,49
02.08.2025 21:00;02.08.2025 22:00;108,42
02.08.2025 22:00;02.08.2025 23:00;104,34
02.08.2025 23:00;03.08.2025 00:00;95,0
03.08.2025 00:00;03.08.2025 01:00;85,09
03.08.2025 01:00;03.08.2025 02:00;77,52
03.08.2025 02:00;03.08.2025 03:00;71,95
03.08.2025 03:00;03.08.2025 04:00;68,14
03.08.2025 04:00;03.08.2025 05:00;65,77
03.08.2025 05:00;03.08.2025 06:00;59,98
03.08.2025 06:00;03.08.2025 07:00;46,8
03.08.2025 07:00;03.08.2025 08:00;26,0
03.08.2025 08:00;03.08.2025 09:00;6,16
03.08.2025 09:00;03.08.2025 10:00;0,0
03.08.2025 10:00;03.08.2025 11:00;-1,01
03.08.2025 11:00;03.08.2025 12:00;-2,1
03.08.2025 12:00;03.08.2025 13:00;-3,0
03.08.2025 13:00;03.08.2025 14:00;-9,9
03.08.2025 14:00;03.08.2025 15:00;-10,08
03.08.2025 15:00;03.08.2025 16:00;-4,98
03.08.2025 16:00;03.08.2025 17:00;-1,5
03.08.2025 17:00;03.08.2025 18:00;3,61
03.08.2025 18:00;03.08.2025 19:00;71,13
03.08.2025 19:00;03.08.2025 20:00;88,13
03.08.2025 20:00;03.08.2025 21:00;97,87
03.08.2025 21:00;03.08.2025 22:00;95,99
03.08.2025 22:00;03.08.2025 23:00;97,3
03.08.2025 23:00;04.08.2025 00:00;85,09
04.08.2025 00:00;04.08.2025 01:00;81,05
04.08.2025 01:00;04.08.2025 02:00;70,07
04.08.2025 02:00;04.08.2025 03:00;69,97
04.08.2025 03:00;04.08.2025 04:00;70,62
04.08.2025 04:00;04.08.2025 05:00;74,03
04.08.2025 05:00;04.08.2025 06:00;82,94
04.08.2025 06:00;04.08.2025 07:00;95,12
04.08.2025 07:00;04.08.2025 08:00;102,72
04.08.2025 08:00;04.08.2025 09:00;101,44
04.08.2025 09:00;04.08.2025 10:00;97,05
04.08.2025 10:00;04.08.2025 11:00;80,05
04.08.2025 11:00;04.08.2025 12:00;56,33
04.08.2025 12:00;04.08.2025 13:00;14,84
04.08.2025 13:00;04.08.2025 14:00;4,05
04.08.2025 14:00;04.08.2025 15:00;0,66
04.08.2025 15:00;04.08.2025 16:00;0,02
04.08.2025 16:00;04.08.2025 17:00;22,09
04.08.2025 17:00;04.08.2025 18:00;67,24
04.08.2025 18:00;04.08.2025 19:00;80,91
04.08.2025 19:00;04.08.2025 20:00;84,54
04.08.2025 20:00;04.08.2025 21:00;80,21
04.08.2025 21:00;04.08.2025 22:00;72,7
04.08.2025 22:00;04.08.2025 23:00;66,63
04.08.2025 23:00;05.08.2025 00:00;47,69
05.08.2025 00:00;05.08.2025 01:00;21,52
05.08.2025 01:00;05.08.2025 02:00;15,34
05.08.2025 02:00;05.08.2025 03:00;15,9
05.08.2025 03:00;05.08.2025 04:00;23,96
05.08.2025 04:00;05.08.2025 05:00;54,47
05.08.2025 05:00;05.08.2025 06:00;76,19
05.08.2025 06:00;05.08.2025 07:00;92,25
05.08.2025 07:00;05.08.2025 08:00;92,08
05.08.2025 08:00;05.08.2025 09:00;74,74
05.08.2025 09:00;05.08.2025 10:00;3,89
05.08.2025 10:00;05.08.2025 11:00;-0,21
05.08.2025 11:00;05.08.2025 12:00;-2,01
05.08.2025 12:00;05.08.2025 13:00;-4,94
05.08.2025 13:00;05.08.2025 14:00;-9,5
05.08.2025 14:00;05.08.2025 15:00;-11,83
05.08.2025 15:00;05.08.2025 16:00;-9,92
05.08.2025 16:00;05.08.2025 17:00;-5,07
05.08.2025 17:00;05.08.2025 18:00;-0,52
05.08.2025 18:00;05.08.2025 19:00;1,07
05.08.2025 19:00;05.08.2025 20:00;72,48
05.08.2025 20:00;05.08.2025 21:00;89,97
05.08.2025 21:00;05.08.2025 22:00;107,15
05.08.2025 22:00;05.08.2025 23:00;87,18
05.08.2025 23:00;06.08.2025 00:00;81,0
06.08.2025 00:00;06.08.2025 01:00;75,13
06.08.2025 01:00;06.08.2025 02:00;59,89
06.08.2025 02:00;06.08.2025 03:00;60,76
06.08.2025 03:00;06.08.2025 04:00;61,01
06.08.2025 04:00;06.08.2025 05:00;60,35
06.08.2025 05:00;06.08.2025 06:00;81,7
06.08.2025 06:00;06.08.2025 07:00;103,77
06.08.2025 07:00;06.08.2025 08:00;102,94
06.08.2025 08:00;06.08.2025 09:00;83,94
06.08.2025 09:00;06.08.2025 10:00;27,74
06.08.2025 10:00;06.08.2025 11:00;-0,01
06.08.2025 11:00;06.08.2025 12:00;-2,05
06.08.2025 12:00;06.08.2025 13:00;-8,47
06.08.2025 13:00;06.08.2025 14:00;-11,79
06.08.2025 14:00;06.08.2025 15:00;-6,0
06.08.2025 15:00;06.08.2025 16:00;-3,11
06.08.2025 16:00;06.08.2025 17:00;-1,01
06.08.2025 17:00;06.08.2025 18:00;52,15
06.08.2025 18:00;06.08.2025 19:00;97,19
06.08.2025 19:00;06.08.2025 20:00;113,7
06.08.2025 20:00;06.08.2025 21:00;170,16
06.08.2025 21:00;06.08.2025 22:00;157,08
06.08.2025 22:00;06.08.2025 23:00;110,0
06.08.2025 23:00;07.08.2025 00:00;101,6
07.08.2025 00:00;07.08.2025 01:00;97,58
07.08.2025 01:00;07.08.2025 02:00;97,04
07.08.2025 02:00;07.08.2025 03:00;91,44
07.08.2025 03:00;07.08.2025 04:00;88,79
07.08.2025 04:00;07.08.2025 05:00;88,93
07.08.2025 05:00;07.08.2025 06:00;92,85
07.08.2025 06:00;07.08.2025 07:00;107,46
07.08.2025 07:00;07.08.2025 08:00;106,5
07.08.2025 08:00;07.08.2025 09:00;100,48
07.08.2025 09:00;07.08.2025 10:00;77,63
07.08.2025 10:00;07.08.2025 11:00;22,23
07.08.2025 11:00;07.08.2025 12:00;0,0
07.08.2025 12:00;07.08.2025 13:00;-0,12
07.08.2025 13:00;07.08.2025 14:00;-1,99
07.08.2025 14:00;07.08.2025 15:00;-0,29
07.08.2025 15:00;07.08.2025 16:00;-0,01
07.08.2025 16:00;07.08.2025 17:00;2,0
07.08.2025 17:00;07.08.2025 18:00;65,59
07.08.2025 18:00;07.08.2025 19:00;94,23
07.08.2025 19:00;07.08.2025 20:00;111,95
07.08.2025 20:00;07.08.2025 21:00;141,94
07.08.2025 21:00;07.08.2025 22:00;127,5
07.08.2025 22:00;07.08.2025 23:00;110,0
07.08.2025 23:00;08.08.2025 00:00;101,28
08.08.2025 00:00;08.08.2025 01:00;93,9
08.08.2025 01:00;08.08.2025 02:00;89,49
08.08.2025 02:00;08.08.2025 03:00;86,13
08.08.2025 03:00;08.08.2025 04:00;82,66
08.08.2025 04:00;08.08.2025 05:00;81,45
08.08.2025 05:00;08.08.2025 06:00;91,14
08.08.2025 06:00;08.08.2025 07:00;100,43
08.08.2025 07:00;08.08.2025 08:00;103,05
08.08.2025 08:00;08.08.2025 09:00;109,14
08.08.2025 09:00;08.08.2025 10:00;89,9
08.08.2025 10:00;08.08.2025 11:00;66,0
08.08.2025 11:00;08.08.2025 12:00;8,39
08.08.2025 12:00;08.08.2025 13:00;0,0
08.08.2025 13:00;08.08.2025 14:00;-0,01
08.08.2025 14:00;08.08.2025 15:00;-0,02
08.08.2025 15:00;08.08.2025 16:00;-0,01
08.08.2025 16:00;08.08.2025 17:00;10,49
08.08.2025 17:00;08.08.2025 18:00;71,74
08.08.2025 18:00;08.08.2025 19:00;103,86
08.08.2025 19:00;08.08.2025 20:00;113,97
08.08.2025 20:00;08.08.2025 21:00;144,62
08.08.2025 21:00;08.08.2025 22:00;151,51
08.08.2025 22:00;08.08.2025 23:00;121,59
08.08.2025 23:00;09.08.2025 00:00;108,46
09.08.2025 00:00;09.08.2025 01:00;101,93
09.08.2025 01:00;09.08.2025 02:00;100,43
09.08.2025 02:00;09.08.2025 03:00;99,94
09.08.2025 03:00;09.08.2025 04:00;97,8
09.08.2025 04:00;09.08.2025 05:00;96,87
09.08.2025 05:00;09.08.2025 06:00;97,01
09.08.2025 06:00;09.08.2025 07:00;97,26
09.08.2025 07:00;09.08.2025 08:00;93,45
09.08.2025 08:00;09.08.2025 09:00;70,19
09.08.2025 09:00;09.08.2025 10:00;15,34
09.08.2025 10:00;09.08.2025 11:00;-0,02
09.08.2025 11:00;09.08.2025 12:00;-1,0
09.08.2025 12:00;09.08.2025 13:00;-6,63
09.08.2025 13:00;09.08.2025 14:00;-15,14
09.08.2025 14:00;09.08.2025 15:00;-15,37
09.08.2025 15:00;09.08.2025 16:00;-4,1
09.08.2025 16:00;09.08.2025 17:00;-0,04
09.08.2025 17:00;09.08.2025 18:00;6,29
09.08.2025 18:00;09.08.2025 19:00;85,9
09.08.2025 19:00;09.08.2025 20:00;104,2
09.08.2025 20:00;09.08.2025 21:00;127,62
09.08.2025 21:00;09.08.2025 22:00;119,31
09.08.2025 22:00;09.08.2025 23:00;107,89
09.08.2025 23:00;10.08.2025 00:00;94,97
10.08.2025 00:00;10.08.2025 01:00;84,79
10.08.2025 01:00;10.08.2025 02:00;83,23
10.08.2025 02:00;10.08.2025 03:00;83,1
10.08.2025 03:00;10.08.2025 04:00;77,95
10.08.2025 04:00;10.08.2025 05:00;80,68
10.08.2025 05:00;10.08.2025 06:00;83,69
10.08.2025 06:00;10.08.2025 07:00;82,27
10.08.2025 07:00;10.08.2025 08:00;74,7
10.08.2025 08:00;10.08.2025 09:00;26,36
10.08.2025 09:00;10.08.2025 10:00;-0,01
10.08.2025 10:00;10.08.2025 11:00;-3,11
10.08.2025 11:00;10.08.2025 12:00;-15,6
10.08.2025 12:00;10.08.2025 13:00;-40,03
10.08.2025 13:00;10.08.2025 14:00;-61,08
10.08.2025 14:00;10.08.2025 15:00;-50,94
10.08.2025 15:00;10.08.2025 16:00;-22,12
10.08.2025 16:00;10.08.2025 17:00;-1,21
10.08.2025 17:00;10.08.2025 18:00;2,13
10.08.2025 18:00;10.08.2025 19:00;82,64
10.08.2025 19:00;10.08.2025 20:00;108,55
10.08.2025 20:00;10.08.2025 21:00;118,95
10.08.2025 21:00;10.08.2025 22:00;122,45
10.08.2025 22:00;10.08.2025 23:00;106,98
10.08.2025 23:00;11.08.2025 00:00;98,9
11.08.2025 00:00;11.08.2025 01:00;99,82
11.08.2025 01:00;11.08.2025 02:00;91,97
11.08.2025 02:00;11.08.2025 03:00;87,44
11.08.2025 03:00;11.08.2025 04:00;85,19
11.08.2025 04:00;11.08.2025 05:00;92,85
11.08.2025 05:00;11.08.2025 06:00;103,51
11.08.2025 06:00;11.08.2025 07:00;129,22
11.08.2025 07:00;11.08.2025 08:00;133,49
11.08.2025 08:00;11.08.2025 09:00;105,35
11.08.2025 09:00;11.08.2025 10:00;90,75
11.08.2025 10:00;11.08.2025 11:00;50,0
11.08.2025 11:00;11.08.2025 12:00;2,54
11.08.2025 12:00;11.08.2025 13:00;0,0
11.08.2025 13:00;11.08.2025 14:00;0,0
11.08.2025 14:00;11.08.2025 15:00;0,0
11.08.2025 15:00;11.08.2025 16:00;9,0
11.08.2025 16:00;11.08.2025 17:00;56,14
11.08.2025 17:00;11.08.2025 18:00;92,25
11.08.2025 18:00;11.08.2025 19:00;108,26
11.08.2025 19:00;11.08.2025 20:00;154,0
11.08.2025 20:00;11.08.2025 21:00;191,95
11.08.2025 21:00;11.08.2025 22:00;138,88
11.08.2025 22:00;11.08.2025 23:00;108,87
11.08.2025 23:00;12.08.2025 00:00;96,0
12.08.2025 00:00;12.08.2025 01:00;93,0
12.08.2025 01:00;12.08.2025 02:00;89,67
12.08.2025 02:00;12.08.2025 03:00;85,41
12.08.2025 03:00;12.08.2025 04:00;85,13
12.08.2025 04:00;12.08.2025 05:00;86,48
12.08.2025 05:00;12.08.2025 06:00;93,97
12.08.2025 06:00;12.08.2025 07:00;106,91
12.08.2025 07:00;12.08.2025 08:00;104,63
12.08.2025 08:00;12.08.2025 09:00;98,71
12.08.2025 09:00;12.08.2025 10:00;92,49
12.08.2025 10:00;12.08.2025 11:00;79,53
12.08.2025 11:00;12.08.2025 12:00;40,41
12.08.2025 12:00;12.08.2025 13:00;8,38
12.08.2025 13:00;12.08.2025 14:00;3,0
12.08.2025 14:00;12.08.2025 15:00;5,15
12.08.2025 15:00;12.08.2025 16:00;35,05
12.08.2025 16:00;12.08.2025 17:00;73,12
12.08.2025 17:00;12.08.2025 18:00;94,06
12.08.2025 18:00;12.08.2025 19:00;106,1
12.08.2025 19:00;12.08.2025 20:00;149,31
12.08.2025 20:00;12.08.2025 21:00;156,16
12.08.2025 21:00;12.08.2025 22:00;140,4
12.08.2025 22:00;12.08.2025 23:00;114,07
12.08.2025 23:00;13.08.2025 00:00;97,73
13.08.2025 00:00;13.08.2025 01:00;95,72
13.08.2025 01:00;13.08.2025 02:00;90,0
13.08.2025 02:00;13.08.2025 03:00;86,89
13.08.2025 03:00;13.08.2025 04:00;84,71
13.08.2025 04:00;13.08.2025 05:00;87,07
13.08.2025 05:00;13.08.2025 06:00;93,3
13.08.2025 06:00;13.08.2025 07:00;108,87
13.08.2025 07:00;13.08.2025 08:00;107,52
13.08.2025 08:00;13.08.2025 09:00;105,87
13.08.2025 09:00;13.08.2025 10:00;93,6
13.08.2025 10:00;13.08.2025 11:00;89,26
13.08.2025 11:00;13.08.2025 12:00;68,2
13.08.2025 12:00;13.08.2025 13:00;44,29
13.08.2025 13:00;13.08.2025 14:00;27,89
13.08.2025 14:00;13.08.2025 15:00;41,66
13.08.2025 15:00;13.08.2025 16:00;70,9
13.08.2025 16:00;13.08.2025 17:00;84,3
13.08.2025 17:00;13.08.2025 18:00;96,64
13.08.2025 18:00;13.08.2025 19:00;115,34
13.08.2025 19:00;13.08.2025 20:00;193,3
13.08.2025 20:00;13.08.2025 21:00;226,64
13.08.2025 21:00;13.08.2025 22:00;154,52
13.08.2025 22:00;13.08.2025 23:00;123,21
13.08.2025 23:00;14.08.2025 00:00;106,27
14.08.2025 00:00;14.08.2025 01:00;98,1
14.08.2025 01:00;14.08.2025 02:00;92,0
14.08.2025 02:00;14.08.2025 03:00;88,45
14.08.2025 03:00;14.08.2025 04:00;88,2
14.08.2025 04:00;14.08.2025 05:00;88,53
14.08.2025 05:00;14.08.2025 06:00;97,52
14.08.2025 06:00;14.08.2025 07:00;107,94
14.08.2025 07:00;14.08.2025 08:00;109,92
14.08.2025 08:00;14.08.2025 09:00;99,51
14.08.2025 09:00;14.08.2025 10:00;91,1
14.08.2025 10:00;14.08.2025 11:00;81,26
14.08.2025 11:00;14.08.2025 12:00;67,57
14.08.2025 12:00;14.08.2025 13:00;54,09
14.08.2025 13:00;14.08.2025 14:00;41,02
14.08.2025 14:00;14.08.2025 15:00;54,9
14.08.2025 15:00;14.08.2025 16:00;69,43
14.08.2025 16:00;14.08.2025 17:00;78,99
14.08.2025 17:00;14.08.2025 18:00;97,22
14.08.2025 18:00;14.08.2025 19:00;115,54
14.08.2025 19:00;14.08.2025 20:00;233,8
14.08.2025 20:00;14.08.2025 21:00;283,89
14.08.2025 21:00;14.08.2025 22:00;155,84
14.08.2025 22:00;14.08.2025 23:00;120,71
14.08.2025 23:00;15.08.2025 00:00;105,95
15.08.2025 00:00;15.08.2025 01:00;99,59
15.08.2025 01:00;15.08.2025 02:00;98,97
15.08.2025 02:00;15.08.2025 03:00;93,9
15.08.2025 03:00;15.08.2025 04:00;90,33
15.08.2025 04:00;15.08.2025 05:00;92,0
15.08.2025 05:00;15.08.2025 06:00;96,91
15.08.2025 06:00;15.08.2025 07:00;101,66
15.08.2025 07:00;15.08.2025 08:00;101,31
15.08.2025 08:00;15.08.2025 09:00;96,6
15.08.2025 09:00;15.08.2025 10:00;83,47
15.08.2025 10:00;15.08.2025 11:00;43,9
15.08.2025 11:00;15.08.2025 12:00;3,0
15.08.2025 12:00;15.08.2025 13:00;0,08
15.08.2025 13:00;15.08.2025 14:00;0,0
15.08.2025 14:00;15.08.2025 15:00;0,0
15.08.2025 15:00;15.08.2025 16:00;1,72
15.08.2025 16:00;15.08.2025 17:00;27,66
15.08.2025 17:00;15.08.2025 18:00;77,96
15.08.2025 18:00;15.08.2025 19:00;105,89
15.08.2025 19:00;15.08.2025 20:00;114,38
15.08.2025 20:00;15.08.2025 21:00;124,01
15.08.2025 21:00;15.08.2025 22:00;111,5
15.08.2025 22:00;15.08.2025 23:00;105,94
15.08.2025 23:00;16.08.2025 00:00;95,96
16.08.2025 00:00;16.08.2025 01:00;96,11
16.08.2025 01:00;16.08.2025 02:00;90,92
16.08.2025 02:00;16.08.2025 03:00;89,78
16.08.2025 03:00;16.08.2025 04:00;85,35
16.08.2025 04:00;16.08.2025 05:00;84,05
16.08.2025 05:00;16.08.2025 06:00;87,09
16.08.2025 06:00;16.08.2025 07:00;91,01
16.08.2025 07:00;16.08.2025 08:00;90,02
16.08.2025 08:00;16.08.2025 09:00;80,99
16.08.2025 09:00;16.08.2025 10:00;67,94
16.08.2025 10:00;16.08.2025 11:00;25,12
16.08.2025 11:00;16.08.2025 12:00;3,8
16.08.2025 12:00;16.08.2025 13:00;0,17
16.08.2025 13:00;16.08.2025 14:00;-0,01
16.08.2025 14:00;16.08.2025 15:00;-0,01
16.08.2025 15:00;16.08.2025 16:00;-0,01
16.08.2025 16:00;16.08.2025 17:00;0,71
16.08.2025 17:00;16.08.2025 18:00;16,21
16.08.2025 18:00;16.08.2025 19:00;69,92
16.08.2025 19:00;16.08.2025 20:00;95,0
16.08.2025 20:00;16.08.2025 21:00;102,62
16.08.2025 21:00;16.08.2025 22:00;100,61
16.08.2025 22:00;16.08.2025 23:00;95,0
16.08.2025 23:00;17.08.2025 00:00;90,0
17.08.2025 00:00;17.08.2025 01:00;91,28
17.08.2025 01:00;17.08.2025 02:00;85,34
17.08.2025 02:00;17.08.2025 03:00;86,86
17.08.2025 03:00;17.08.2025 04:00;86,63
17.08.2025 04:00;17.08.2025 05:00;87,73
17.08.2025 05:00;17.08.2025 06:00;89,93
17.08.2025 06:00;17.08.2025 07:00;89,89
17.08.2025 07:00;17.08.2025 08:00;81,03
17.08.2025 08:00;17.08.2025 09:00;76,24
17.08.2025 09:00;17.08.2025 10:00;32,59
17.08.2025 10:00;17.08.2025 11:00;9,96
17.08.2025 11:00;17.08.2025 12:00;0,1
17.08.2025 12:00;17.08.2025 13:00;-0,2
17.08.2025 13:00;17.08.2025 14:00;-0,93
17.08.2025 14:00;17.08.2025 15:00;-1,25
17.08.2025 15:00;17.08.2025 16:00;0,65
17.08.2025 16:00;17.08.2025 17:00;13,81
17.08.2025 17:00;17.08.2025 18:00;72,4
17.08.2025 18:00;17.08.2025 19:00;96,69
17.08.2025 19:00;17.08.2025 20:00;110,0
17.08.2025 20:00;17.08.2025 21:00;110,66
17.08.2025 21:00;17.08.2025 22:00;110,14
17.08.2025 22:00;17.08.2025 23:00;105,1
17.08.2025 23:00;18.08.2025 00:00;102,54
18.08.2025 00:00;18.08.2025 01:00;91,99
18.08.2025 01:00;18.08.2025 02:00;87,13
18.08.2025 02:00;18.08.2025 03:00;84,33
18.08.2025 03:00;18.08.2025 04:00;83,85
18.08.2025 04:00;18.08.2025 05:00;89,46
18.08.2025 05:00;18.08.2025 06:00;99,27
18.08.2025 06:00;18.08.2025 07:00;118,51
18.08.2025 07:00;18.08.2025 08:00;130,13
18.08.2025 08:00;18.08.2025 09:00;109,87
18.08.2025 09:00;18.08.2025 10:00;88,84
18.08.2025 10:00;18.08.2025 11:00;72,06
18.08.2025 11:00;18.08.2025 12:00;45,93
18.08.2025 12:00;18.08.2025 13:00;20,04
18.08.2025 13:00;18.08.2025 14:00;14,23
18.08.2025 14:00;18.08.2025 15:00;18,34
18.08.2025 15:00;18.08.2025 16:00;54,56
18.08.2025 16:00;18.08.2025 17:00;70,94
18.08.2025 17:00;18.08.2025 18:00;90,32
18.08.2025 18:00;18.08.2025 19:00;109,87
18.08.2025 19:00;18.08.2025 20:00;185,5
18.08.2025 20:00;18.08.2025 21:00;197,42
18.08.2025 21:00;18.08.2025 22:00;124,67
18.08.2025 22:00;18.08.2025 23:00;107,49
18.08.2025 23:00;19.08.2025 00:00;102,0
19.08.2025 00:00;19.08.2025 01:00;101,01
19.08.2025 01:00;19.08.2025 02:00;94,82
19.08.2025 02:00;19.08.2025 03:00;88,2
19.08.2025 03:00;19.08.2025 04:00;86,37
19.08.2025 04:00;19.08.2025 05:00;90,09
19.08.2025 05:00;19.08.2025 06:00;102,5
19.08.2025 06:00;19.08.2025 07:00;111,1
19.08.2025 07:00;19.08.2025 08:00;109,95
19.08.2025 08:00;19.08.2025 09:00;98,05
19.08.2025 09:00;19.08.2025 10:00;88,57
19.08.2025 10:00;19.08.2025 11:00;69,64
19.08.2025 11:00;19.08.2025 12:00;43,23
19.08.2025 12:00;19.08.2025 13:00;22,85
19.08.2025 13:00;19.08.2025 14:00;8,97
19.08.2025 14:00;19.08.2025 15:00;15,26
19.08.2025 15:00;19.08.2025 16:00;30,89
19.08.2025 16:00;19.08.2025 17:00;60,6
19.08.2025 17:00;19.08.2025 18:00;91,48
19.08.2025 18:00;19.08.2025 19:00;101,91
19.08.2025 19:00;19.08.2025 20:00;120,51
19.08.2025 20:00;19.08.2025 21:00;128,62
19.08.2025 21:00;19.08.2025 22:00;111,06
19.08.2025 22:00;19.08.2025 23:00;104,41
19.08.2025 23:00;20.08.2025 00:00;97,2
20.08.2025 00:00;20.08.2025 01:00;97,7
20.08.2025 01:00;20.08.2025 02:00;93,18
20.08.2025 02:00;20.08.2025 03:00;87,64
20.08.2025 03:00;20.08.2025 04:00;85,78
20.08.2025 04:00;20.08.2025 05:00;89,66
20.08.2025 05:00;20.08.2025 06:00;98,8
20.08.2025 06:00;20.08.2025 07:00;108,84
20.08.2025 07:00;20.08.2025 08:00;110,12
20.08.2025 08:00;20.08.2025 09:00;103,91
20.08.2025 09:00;20.08.2025 10:00;90,05
20.08.2025 10:00;20.08.2025 11:00;80,98
20.08.2025 11:00;20.08.2025 12:00;69,06
20.08.2025 12:00;20.08.2025 13:00;49,07
20.08.2025 13:00;20.08.2025 14:00;35,0
20.08.2025 14:00;20.08.2025 15:00;42,03
20.08.2025 15:00;20.08.2025 16:00;73,02
20.08.2025 16:00;20.08.2025 17:00;81,45
20.08.2025 17:00;20.08.2025 18:00;101,69
20.08.2025 18:00;20.08.2025 19:00;109,16
20.08.2025 19:00;20.08.2025 20:00;135,15
20.08.2025 20:00;20.08.2025 21:00;126,11
20.08.2025 21:00;20.08.2025 22:00;114,95
20.08.2025 22:00;20.08.2025 23:00;103,49
20.08.2025 23:00;21.08.2025 00:00;97,34
21.08.2025 00:00;21.08.2025 01:00;96,11
21.08.2025 01:00;21.08.2025 02:00;90,73
21.08.2025 02:00;21.08.2025 03:00;87,52
21.08.2025 03:00;21.08.2025 04:00;90,88
21.08.2025 04:00;21.08.2025 05:00;92,37
21.08.2025 05:00;21.08.2025 06:00;108,59
21.08.2025 06:00;21.08.2025 07:00;115,6
21.08.2025 07:00;21.08.2025 08:00;116,89
21.08.2025 08:00;21.08.2025 09:00;107,79
21.08.2025 09:00;21.08.2025 10:00;97,32
21.08.2025 10:00;21.08.2025 11:00;85,85
21.08.2025 11:00;21.08.2025 12:00;77,64
21.08.2025 12:00;21.08.2025 13:00;69,49
21.08.2025 13:00;21.08.2025 14:00;66,09
21.08.2025 14:00;21.08.2025 15:00;56,26
21.08.2025 15:00;21.08.2025 16:00;68,2
21.08.2025 16:00;21.08.2025 17:00;72,39
21.08.2025 17:00;21.08.2025 18:00;92,88
21.08.2025 18:00;21.08.2025 19:00;103,2
21.08.2025 19:00;21.08.2025 20:00;106,39
21.08.2025 20:00;21.08.2025 21:00;110,73
21.08.2025 21:00;21.08.2025 22:00;110,73
21.08.2025 22:00;21.08.2025 23:00;105,0
21.08.2025 23:00;22.08.2025 00:00;95,78
22.08.2025 00:00;22.08.2025 01:00;89,27
22.08.2025 01:00;22.08.2025 02:00;81,99
22.08.2025 02:00;22.08.2025 03:00;78,59
22.08.2025 03:00;22.08.2025 04:00;77,52
22.08.2025 04:00;22.08.2025 05:00;77,65
22.08.2025 05:00;22.08.2025 06:00;87,9
22.08.2025 06:00;22.08.2025 07:00;105,76
22.08.2025 07:00;22.08.2025 08:00;107,45
22.08.2025 08:00;22.08.2025 09:00;102,32
22.08.2025 09:00;22.08.2025 10:00;90,02
22.08.2025 10:00;22.08.2025 11:00;72,44
22.08.2025 11:00;22.08.2025 12:00;42,5
22.08.2025 12:00;22.08.2025 13:00;14,07
22.08.2025 13:00;22.08.2025 14:00;3,84
22.08.2025 14:00;22.08.2025 15:00;0,02
22.08.2025 15:00;22.08.2025 16:00;4,01
22.08.2025 16:00;22.08.2025 17:00;40,64
22.08.2025 17:00;22.08.2025 18:00;73,14
22.08.2025 18:00;22.08.2025 19:00;95,17
22.08.2025 19:00;22.08.2025 20:00;106,07
22.08.2025 20:00;22.08.2025 21:00;113,0
22.08.2025 21:00;22.08.2025 22:00;107,63
22.08.2025 22:00;22.08.2025 23:00;103,09
22.08.2025 23:00;23.08.2025 00:00;94,37
23.08.2025 00:00;23.08.2025 01:00;95,33
23.08.2025 01:00;23.08.2025 02:00;89,32
23.08.2025 02:00;23.08.2025 03:00;87,76
23.08.2025 03:00;23.08.2025 04:00;85,21
23.08.2025 04:00;23.08.2025 05:00;85,56
23.08.2025 05:00;23.08.2025 06:00;85,6
23.08.2025 06:00;23.08.2025 07:00;86,67
23.08.2025 07:00;23.08.2025 08:00;86,78
23.08.2025 08:00;23.08.2025 09:00;83,57
23.08.2025 09:00;23.08.2025 10:00;62,9
23.08.2025 10:00;23.08.2025 11:00;14,69
23.08.2025 11:00;23.08.2025 12:00;3,29
23.08.2025 12:00;23.08.2025 13:00;1,32
23.08.2025 13:00;23.08.2025 14:00;0,06
23.08.2025 14:00;23.08.2025 15:00;0,07
23.08.2025 15:00;23.08.2025 16:00;3,52
23.08.2025 16:00;23.08.2025 17:00;12,1
23.08.2025 17:00;23.08.2025 18:00;72,19
23.08.2025 18:00;23.08.2025 19:00;100,31
23.08.2025 19:00;23.08.2025 20:00;112,22
23.08.2025 20:00;23.08.2025 21:00;123,67
23.08.2025 21:00;23.08.2025 22:00;120,43
23.08.2025 22:00;23.08.2025 23:00;111,16
23.08.2025 23:00;24.08.2025 00:00;105,28
24.08.2025 00:00;24.08.2025 01:00;100,5
24.08.2025 01:00;24.08.2025 02:00;95,13
24.08.2025 02:00;24.08.2025 03:00;94,41
24.08.2025 03:00;24.08.2025 04:00;92,13
24.08.2025 04:00;24.08.2025 05:00;91,2
24.08.2025 05:00;24.08.2025 06:00;90,97
24.08.2025 06:00;24.08.2025 07:00;90,0
24.08.2025 07:00;24.08.2025 08:00;85,01
24.08.2025 08:00;24.08.2025 09:00;72,84
24.08.2025 09:00;24.08.2025 10:00;4,8
24.08.2025 10:00;24.08.2025 11:00;-0,01
24.08.2025 11:00;24.08.2025 12:00;-0,07
24.08.2025 12:00;24.08.2025 13:00;-1,98
24.08.2025 13:00;24.08.2025 14:00;-7,45
24.08.2025 14:00;24.08.2025 15:00;-7,4
24.08.2025 15:00;24.08.2025 16:00;-0,1
24.08.2025 16:00;24.08.2025 17:00;0,0
24.08.2025 17:00;24.08.2025 18:00;63,36
24.08.2025 18:00;24.08.2025 19:00;99,81
24.08.2025 19:00;24.08.2025 20:00;110,5
24.08.2025 20:00;24.08.2025 21:00;117,31
24.08.2025 21:00;24.08.2025 22:00;114,32
24.08.2025 22:00;24.08.2025 23:00;107,5
24.08.2025 23:00;25.08.2025 00:00;100,52
25.08.2025 00:00;25.08.2025 01:00;95,28
25.08.2025 01:00;25.08.2025 02:00;87,03
25.08.2025 02:00;25.08.2025 03:00;84,02
25.08.2025 03:00;25.08.2025 04:00;82,9
25.08.2025 04:00;25.08.2025 05:00;83,46
25.08.2025 05:00;25.08.2025 06:00;102,46
25.08.2025 06:00;25.08.2025 07:00;115,38
25.08.2025 07:00;25.08.2025 08:00;125,0
25.08.2025 08:00;25.08.2025 09:00;110,04
25.08.2025 09:00;25.08.2025 10:00;91,97
25.08.2025 10:00;25.08.2025 11:00;72,98
25.08.2025 11:00;25.08.2025 12:00;35,02
25.08.2025 12:00;25.08.2025 13:00;10,0
25.08.2025 13:00;25.08.2025 14:00;5,93
25.08.2025 14:00;25.08.2025 15:00;6,78
25.08.2025 15:00;25.08.2025 16:00;25,2
25.08.2025 16:00;25.08.2025 17:00;56,43
25.08.2025 17:00;25.08.2025 18:00;86,67
25.08.2025 18:00;25.08.2025 19:00;111,54
25.08.2025 19:00;25.08.2025 20:00;159,03
25.08.2025 20:00;25.08.2025 21:00;232,82
25.08.2025 21:00;25.08.2025 22:00;138,04
25.08.2025 22:00;25.08.2025 23:00;115,04
25.08.2025 23:00;26.08.2025 00:00;105,15
26.08.2025 00:00;26.08.2025 01:00;105,8
26.08.2025 01:00;26.08.2025 02:00;100,44
26.08.2025 02:00;26.08.2025 03:00;96,58
26.08.2025 03:00;26.08.2025 04:00;94,79
26.08.2025 04:00;26.08.2025 05:00;96,27
26.08.2025 05:00;26.08.2025 06:00;106,6
26.08.2025 06:00;26.08.2025 07:00;124,59
26.08.2025 07:00;26.08.2025 08:00;123,45
26.08.2025 08:00;26.08.2025 09:00;106,79
26.08.2025 09:00;26.08.2025 10:00;90,0
26.08.2025 10:00;26.08.2025 11:00;77,47
26.08.2025 11:00;26.08.2025 12:00;61,6
26.08.2025 12:00;26.08.2025 13:00;41,95
26.08.2025 13:00;26.08.2025 14:00;26,28
26.08.2025 14:00;26.08.2025 15:00;38,05
26.08.2025 15:00;26.08.2025 16:00;72,39
26.08.2025 16:00;26.08.2025 17:00;88,26
26.08.2025 17:00;26.08.2025 18:00;105,05
26.08.2025 18:00;26.08.2025 19:00;131,09
26.08.2025 19:00;26.08.2025 20:00;196,88
26.08.2025 20:00;26.08.2025 21:00;180,17
26.08.2025 21:00;26.08.2025 22:00;123,3
26.08.2025 22:00;26.08.2025 23:00;109,47
26.08.2025 23:00;27.08.2025 00:00;97,67
27.08.2025 00:00;27.08.2025 01:00;96,59
27.08.2025 01:00;27.08.2025 02:00;89,98
27.08.2025 02:00;27.08.2025 03:00;86,52
27.08.2025 03:00;27.08.2025 04:00;87,25
27.08.2025 04:00;27.08.2025 05:00;90,0
27.08.2025 05:00;27.08.2025 06:00;97,73
27.08.2025 06:00;27.08.2025 07:00;110,0
27.08.2025 07:00;27.08.2025 08:00;115,19
27.08.2025 08:00;27.08.2025 09:00;113,64
27.08.2025 09:00;27.08.2025 10:00;101,63
27.08.2025 10:00;27.08.2025 11:00;86,0
27.08.2025 11:00;27.08.2025 12:00;79,29
27.08.2025 12:00;27.08.2025 13:00;64,38
27.08.2025 13:00;27.08.2025 14:00;50,68
27.08.2025 14:00;27.08.2025 15:00;50,94
27.08.2025 15:00;27.08.2025 16:00;76,18
27.08.2025 16:00;27.08.2025 17:00;85,1
27.08.2025 17:00;27.08.2025 18:00;104,94
27.08.2025 18:00;27.08.2025 19:00;134,63
27.08.2025 19:00;27.08.2025 20:00;222,07
27.08.2025 20:00;27.08.2025 21:00;222,04
27.08.2025 21:00;27.08.2025 22:00;128,87
27.08.2025 22:00;27.08.2025 23:00;113,63
27.08.2025 23:00;28.08.2025 00:00;103,57
28.08.2025 00:00;28.08.2025 01:00;97,15
28.08.2025 01:00;28.08.2025 02:00;91,92
28.08.2025 02:00;28.08.2025 03:00;87,89
28.08.2025 03:00;28.08.2025 04:00;87,09
28.08.2025 04:00;28.08.2025 05:00;90,23
28.08.2025 05:00;28.08.2025 06:00;98,72
28.08.2025 06:00;28.08.2025 07:00;121,63
28.08.2025 07:00;28.08.2025 08:00;143,79
28.08.2025 08:00;28.08.2025 09:00;143,95
28.08.2025 09:00;28.08.2025 10:00;121,84
28.08.2025 10:00;28.08.2025 11:00;112,27
28.08.2025 11:00;28.08.2025 12:00;108,13
28.08.2025 12:00;28.08.2025 13:00;100,89
28.08.2025 13:00;28.08.2025 14:00;100,96
28.08.2025 14:00;28.08.2025 15:00;100,89
28.08.2025 15:00;28.08.2025 16:00;100,66
28.08.2025 16:00;28.08.2025 17:00;96,1
28.08.2025 17:00;28.08.2025 18:00;129,84
28.08.2025 18:00;28.08.2025 19:00;160,85
28.08.2025 19:00;28.08.2025 20:00;210,0
28.08.2025 20:00;28.08.2025 21:00;153,16
28.08.2025 21:00;28.08.2025 22:00;124,18
28.08.2025 22:00;28.08.2025 23:00;107,11
28.08.2025 23:00;29.08.2025 00:00;92,15
29.08.2025 00:00;29.08.2025 01:00;85,04
29.08.2025 01:00;29.08.2025 02:00;83,27
29.08.2025 02:00;29.08.2025 03:00;83,1
29.08.2025 03:00;29.08.2025 04:00;81,59
29.08.2025 04:00;29.08.2025 05:00;83,01
29.08.2025 05:00;29.08.2025 06:00;91,0
29.08.2025 06:00;29.08.2025 07:00;117,55
29.08.2025 07:00;29.08.2025 08:00;121,39
29.08.2025 08:00;29.08.2025 09:00;120,0
29.08.2025 09:00;29.08.2025 10:00;110,36
29.08.2025 10:00;29.08.2025 11:00;84,25
29.08.2025 11:00;29.08.2025 12:00;78,08
29.08.2025 12:00;29.08.2025 13:00;67,44
29.08.2025 13:00;29.08.2025 14:00;53,96
29.08.2025 14:00;29.08.2025 15:00;59,64
29.08.2025 15:00;29.08.2025 16:00;73,06
29.08.2025 16:00;29.08.2025 17:00;85,0
29.08.2025 17:00;29.08.2025 18:00;104,82
29.08.2025 18:00;29.08.2025 19:00;118,51
29.08.2025 19:00;29.08.2025 20:00;147,68
29.08.2025 20:00;29.08.2025 21:00;116,5
29.08.2025 21:00;29.08.2025 22:00;111,96
29.08.2025 22:00;29.08.2025 23:00;95,7
29.08.2025 23:00;30.08.2025 00:00;86,07
30.08.2025 00:00;30.08.2025 01:00;92,5
30.08.2025 01:00;30.08.2025 02:00;86,56
30.08.2025 02:00;30.08.2025 03:00;83,3
30.08.2025 03:00;30.08.2025 04:00;81,51
30.08.2025 04:00;30.08.2025 05:00;83,39
30.08.2025 05:00;30.08.2025 06:00;87,72
30.08.2025 06:00;30.08.2025 07:00;95,02
30.08.2025 07:00;30.08.2025 08:00;98,09
30.08.2025 08:00;30.08.2025 09:00;89,64
30.08.2025 09:00;30.08.2025 10:00;78,6
30.08.2025 10:00;30.08.2025 11:00;36,46
30.08.2025 11:00;30.08.2025 12:00;5,23
30.08.2025 12:00;30.08.2025 13:00;0,0
30.08.2025 13:00;30.08.2025 14:00;-0,01
30.08.2025 14:00;30.08.2025 15:00;-0,01
30.08.2025 15:00;30.08.2025 16:00;-0,38
30.08.2025 16:00;30.08.2025 17:00;9,48
30.08.2025 17:00;30.08.2025 18:00;81,1
30.08.2025 18:00;30.08.2025 19:00;103,9
30.08.2025 19:00;30.08.2025 20:00;127,07
30.08.2025 20:00;30.08.2025 21:00;129,98
30.08.2025 21:00;30.08.2025 22:00;120,39
30.08.2025 22:00;30.08.2025 23:00;104,94
30.08.2025 23:00;31.08.2025 00:00;90,3
31.08.2025 00:00;31.08.2025 01:00;88,74
31.08.2025 01:00;31.08.2025 02:00;78,91
31.08.2025 02:00;31.08.2025 03:00;70,53
31.08.2025 03:00;31.08.2025 04:00;67,02
31.08.2025 04:00;31.08.2025 05:00;63,79
31.08.2025 05:00;31.08.2025 06:00;64,56
31.08.2025 06:00;31.08.2025 07:00;65,0
31.08.2025 07:00;31.08.2025 08:00;62,13
31.08.2025 08:00;31.08.2025 09:00;22,3
31.08.2025 09:00;31.08.2025 10:00;5,2
31.08.2025 10:00;31.08.2025 11:00;-0,01
31.08.2025 11:00;31.08.2025 12:00;-0,02
31.08.2025 12:00;31.08.2025 13:00;-0,11
31.08.2025 13:00;31.08.2025 14:00;-1,0
31.08.2025 14:00;31.08.2025 15:00;-0,61
31.08.2025 15:00;31.08.2025 16:00;0,0
31.08.2025 16:00;31.08.2025 17:00;25,47
31.08.2025 17:00;31.08.2025 18:00;79,74
31.08.2025 18:00;31.08.2025 19:00;117,59
31.08.2025 19:00;31.08.2025 20:00;135,1
31.08.2025 20:00;31.08.2025 21:00;132,07
31.08.2025 21:00;31.08.2025 22:00;114,15
31.08.2025 22:00;31.08.2025 23:00;102,63
31.08.2025 23:00;01.09.2025 00:00;89,76
01.09.2025 00:00;01.09.2025 01:00;84,08
01.09.2025 01:00;01.09.2025 02:00;81,43
01.09.2025 02:00;01.09.2025 03:00;80,97
01.09.2025 03:00;01.09.2025 04:00;80,03
01.09.2025 04:00;01.09.2025 05:00;81,37
01.09.2025 05:00;01.09.2025 06:00;92,58
01.09.2025 06:00;01.09.2025 07:00;120,43
01.09.2025 07:00;01.09.2025 08:00;125,67
01.09.2025 08:00;01.09.2025 09:00;116,1
01.09.2025 09:00;01.09.2025 10:00;98,19
01.09.2025 10:00;01.09.2025 11:00;82,0
01.09.2025 11:00;01.09.2025 12:00;69,4
01.09.2025 12:00;01.09.2025 13:00;38,27
01.09.2025 13:00;01.09.2025 14:00;25,03
01.09.2025 14:00;01.09.2025 15:00;42,73
01.09.2025 15:00;01.09.2025 16:00;67,76
01.09.2025 16:00;01.09.2025 17:00;84,67
01.09.2025 17:00;01.09.2025 18:00;109,7
01.09.2025 18:00;01.09.2025 19:00;155,32
01.09.2025 19:00;01.09.2025 20:00;250,65
01.09.2025 20:00;01.09.2025 21:00;210,56
01.09.2025 21:00;01.09.2025 22:00;125,2
01.09.2025 22:00;01.09.2025 23:00;112,4
01.09.2025 23:00;02.09.2025 00:00;100,53
02.09.2025 00:00;02.09.2025 01:00;95,01
02.09.2025 01:00;02.09.2025 02:00;90,11
02.09.2025 02:00;02.09.2025 03:00;90,84
02.09.2025 03:00;02.09.2025 04:00;92,5
02.09.2025 04:00;02.09.2025 05:00;94,8
02.09.2025 05:00;02.09.2025 06:00;106,85
02.09.2025 06:00;02.09.2025 07:00;134,39
02.09.2025 07:00;02.09.2025 08:00;153,67
02.09.2025 08:00;02.09.2025 09:00;147,48
02.09.2025 09:00;02.09.2025 10:00;121,05
02.09.2025 10:00;02.09.2025 11:00;102,14
02.09.2025 11:00;02.09.2025 12:00;84,66
02.09.2025 12:00;02.09.2025 13:00;78,94
02.09.2025 13:00;02.09.2025 14:00;79,73
02.09.2025 14:00;02.09.2025 15:00;78,54
02.09.2025 15:00;02.09.2025 16:00;84,37
02.09.2025 16:00;02.09.2025 17:00;95,0
02.09.2025 17:00;02.09.2025 18:00;108,97
02.09.2025 18:00;02.09.2025 19:00;173,16
02.09.2025 19:00;02.09.2025 20:00;311,51
02.09.2025 20:00;02.09.2025 21:00;263,79
02.09.2025 21:00;02.09.2025 22:00;140,92
02.09.2025 22:00;02.09.2025 23:00;110,47
02.09.2025 23:00;03.09.2025 00:00;91,21
03.09.2025 00:00;03.09.2025 01:00;97,25
03.09.2025 01:00;03.09.2025 02:00;90,74
03.09.2025 02:00;03.09.2025 03:00;85,95
03.09.2025 03:00;03.09.2025 04:00;81,72
03.09.2025 04:00;03.09.2025 05:00;81,23
03.09.2025 05:00;03.09.2025 06:00;86,97
03.09.2025 06:00;03.09.2025 07:00;103,2
03.09.2025 07:00;03.09.2025 08:00;112,34
03.09.2025 08:00;03.09.2025 09:00;109,13
03.09.2025 09:00;03.09.2025 10:00;85,3
03.09.2025 10:00;03.09.2025 11:00;29,04
03.09.2025 11:00;03.09.2025 12:00;0,03
03.09.2025 12:00;03.09.2025 13:00;-0,1
03.09.2025 13:00;03.09.2025 14:00;-0,1
03.09.2025 14:00;03.09.2025 15:00;-0,28
03.09.2025 15:00;03.09.2025 16:00;0,0
03.09.2025 16:00;03.09.2025 17:00;3,89
03.09.2025 17:00;03.09.2025 18:00;63,46
03.09.2025 18:00;03.09.2025 19:00;102,35
03.09.2025 19:00;03.09.2025 20:00;110,92
03.09.2025 20:00;03.09.2025 21:00;104,0
03.09.2025 21:00;03.09.2025 22:00;94,17
03.09.2025 22:00;03.09.2025 23:00;80,68
03.09.2025 23:00;04.09.2025 00:00;54,25
04.09.2025 00:00;04.09.2025 01:00;21,65
04.09.2025 01:00;04.09.2025 02:00;17,7
04.09.2025 02:00;04.09.2025 03:00;17,87
04.09.2025 03:00;04.09.2025 04:00;30,02
04.09.2025 04:00;04.09.2025 05:00;59,92
04.09.2025 05:00;04.09.2025 06:00;83,89
04.09.2025 06:00;04.09.2025 07:00;107,87
04.09.2025 07:00;04.09.2025 08:00;120,0
04.09.2025 08:00;04.09.2025 09:00;108,09
04.09.2025 09:00;04.09.2025 10:00;77,81
04.09.2025 10:00;04.09.2025 11:00;41,45
04.09.2025 11:00;04.09.2025 12:00;5,79
04.09.2025 12:00;04.09.2025 13:00;3,2
04.09.2025 13:00;04.09.2025 14:00;3,36
04.09.2025 14:00;04.09.2025 15:00;34,89
04.09.2025 15:00;04.09.2025 16:00;71,0
04.09.2025 16:00;04.09.2025 17:00;90,05
04.09.2025 17:00;04.09.2025 18:00;109,13
04.09.2025 18:00;04.09.2025 19:00;191,8
04.09.2025 19:00;04.09.2025 20:00;350,0
04.09.2025 20:00;04.09.2025 21:00;218,82
04.09.2025 21:00;04.09.2025 22:00;124,93
04.09.2025 22:00;04.09.2025 23:00;112,14
04.09.2025 23:00;05.09.2025 00:00;101,3
05.09.2025 00:00;05.09.2025 01:00;95,25
05.09.2025 01:00;05.09.2025 02:00;86,1
05.09.2025 02:00;05.09.2025 03:00;85,26
05.09.2025 03:00;05.09.2025 04:00;85,2
05.09.2025 04:00;05.09.2025 05:00;85,6
05.09.2025 05:00;05.09.2025 06:00;97,36
05.09.2025 06:00;05.09.2025 07:00;119,16
05.09.2025 07:00;05.09.2025 08:00;132,13
05.09.2025 08:00;05.09.2025 09:00;125,75
05.09.2025 09:00;05.09.2025 10:00;100,4
05.09.2025 10:00;05.09.2025 11:00;87,83
05.09.2025 11:00;05.09.2025 12:00;84,15
05.09.2025 12:00;05.09.2025 13:00;78,25
05.09.2025 13:00;05.09.2025 14:00;72,19
05.09.2025 14:00;05.09.2025 15:00;70,17
05.09.2025 15:00;05.09.2025 16:00;77,53
05.09.2025 16:00;05.09.2025 17:00;85,0
05.09.2025 17:00;05.09.2025 18:00;90,96
05.09.2025 18:00;05.09.2025 19:00;108,95
05.09.2025 19:00;05.09.2025 20:00;154,53
05.09.2025 20:00;05.09.2025 21:00;150,75
05.09.2025 21:00;05.09.2025 22:00;117,1
05.09.2025 22:00;05.09.2025 23:00;107,71
05.09.2025 23:00;06.09.2025 00:00;100,7
06.09.2025 00:00;06.09.2025 01:00;101,21
06.09.2025 01:00;06.09.2025 02:00;100,59
06.09.2025 02:00;06.09.2025 03:00;99,57
06.09.2025 03:00;06.09.2025 04:00;97,84
06.09.2025 04:00;06.09.2025 05:00;96,96
06.09.2025 05:00;06.09.2025 06:00;98,01
06.09.2025 06:00;06.09.2025 07:00;102,6
06.09.2025 07:00;06.09.2025 08:00;100,91
06.09.2025 08:00;06.09.2025 09:00;95,98
06.09.2025 09:00;06.09.2025 10:00;79,11
06.09.2025 10:00;06.09.2025 11:00;11,35
06.09.2025 11:00;06.09.2025 12:00;0,0
06.09.2025 12:00;06.09.2025 13:00;-0,02
06.09.2025 13:00;06.09.2025 14:00;-0,86
06.09.2025 14:00;06.09.2025 15:00;-0,99
06.09.2025 15:00;06.09.2025 16:00;-0,01
06.09.2025 16:00;06.09.2025 17:00;40,99
06.09.2025 17:00;06.09.2025 18:00;87,6
06.09.2025 18:00;06.09.2025 19:00;116,47
06.09.2025 19:00;06.09.2025 20:00;158,39
06.09.2025 20:00;06.09.2025 21:00;139,54
06.09.2025 21:00;06.09.2025 22:00;109,95
06.09.2025 22:00;06.09.2025 23:00;92,95
06.09.2025 23:00;07.09.2025 00:00;82,56
07.09.2025 00:00;07.09.2025 01:00;89,72
07.09.2025 01:00;07.09.2025 02:00;85,02
07.09.2025 02:00;07.09.2025 03:00;80,77
07.09.2025 03:00;07.09.2025 04:00;83,4
07.09.2025 04:00;07.09.2025 05:00;82,92
07.09.2025 05:00;07.09.2025 06:00;82,67
07.09.2025 06:00;07.09.2025 07:00;81,5
07.09.2025 07:00;07.09.2025 08:00;55,48
07.09.2025 08:00;07.09.2025 09:00;0,0
07.09.2025 09:00;07.09.2025 10:00;-0,09
07.09.2025 10:00;07.09.2025 11:00;-4,0
07.09.2025 11:00;07.09.2025 12:00;-20,09
07.09.2025 12:00;07.09.2025 13:00;-40,02
07.09.2025 13:00;07.09.2025 14:00;-53,4
07.09.2025 14:00;07.09.2025 15:00;-49,99
07.09.2025 15:00;07.09.2025 16:00;-21,21
07.09.2025 16:00;07.09.2025 17:00;-2,47
07.09.2025 17:00;07.09.2025 18:00;3,36
07.09.2025 18:00;07.09.2025 19:00;95,91
07.09.2025 19:00;07.09.2025 20:00;108,3
07.09.2025 20:00;07.09.2025 21:00;96,25
07.09.2025 21:00;07.09.2025 22:00;86,02
07.09.2025 22:00;07.09.2025 23:00;85,01
07.09.2025 23:00;08.09.2025 00:00;86,06
08.09.2025 00:00;08.09.2025 01:00;79,66
08.09.2025 01:00;08.09.2025 02:00;85,74
08.09.2025 02:00;08.09.2025 03:00;84,7
08.09.2025 03:00;08.09.2025 04:00;82,27
08.09.2025 04:00;08.09.2025 05:00;83,79
08.09.2025 05:00;08.09.2025 06:00;95,6
08.09.2025 06:00;08.09.2025 07:00;109,9
08.09.2025 07:00;08.09.2025 08:00;148,14
08.09.2025 08:00;08.09.2025 09:00;125,53
08.09.2025 09:00;08.09.2025 10:00;102,05
08.09.2025 10:00;08.09.2025 11:00;85,83
08.09.2025 11:00;08.09.2025 12:00;76,14
08.09.2025 12:00;08.09.2025 13:00;65,35
08.09.2025 13:00;08.09.2025 14:00;60,84
08.09.2025 14:00;08.09.2025 15:00;69,65
08.09.2025 15:00;08.09.2025 16:00;78,46
08.09.2025 16:00;08.09.2025 17:00;99,72
08.09.2025 17:00;08.09.2025 18:00;124,28
08.09.2025 18:00;08.09.2025 19:00;196,61
08.09.2025 19:00;08.09.2025 20:00;413,66
08.09.2025 20:00;08.09.2025 21:00;308,52
08.09.2025 21:00;08.09.2025 22:00;152,0
08.09.2025 22:00;08.09.2025 23:00;123,93
08.09.2025 23:00;09.09.2025 00:00;113,12
09.09.2025 00:00;09.09.2025 01:00;114,52
09.09.2025 01:00;09.09.2025 02:00;112,46
09.09.2025 02:00;09.09.2025 03:00;110,35
09.09.2025 03:00;09.09.2025 04:00;109,8
09.09.2025 04:00;09.09.2025 05:00;110,86
09.09.2025 05:00;09.09.2025 06:00;118,18
09.09.2025 06:00;09.09.2025 07:00;182,39
09.09.2025 07:00;09.09.2025 08:00;300,0
09.09.2025 08:00;09.09.2025 09:00;196,98
09.09.2025 09:00;09.09.2025 10:00;127,59
09.09.2025 10:00;09.09.2025 11:00;101,73
09.09.2025 11:00;09.09.2025 12:00;99,25
09.09.2025 12:00;09.09.2025 13:00;87,18
09.09.2025 13:00;09.09.2025 14:00;85,69
09.09.2025 14:00;09.09.2025 15:00;85,51
09.09.2025 15:00;09.09.2025 16:00;92,49
09.09.2025 16:00;09.09.2025 17:00;103,35
09.09.2025 17:00;09.09.2025 18:00;127,41
09.09.2025 18:00;09.09.2025 19:00;192,68
09.09.2025 19:00;09.09.2025 20:00;386,4
09.09.2025 20:00;09.09.2025 21:00;215,59
09.09.2025 21:00;09.09.2025 22:00;133,37
09.09.2025 22:00;09.09.2025 23:00;115,79
09.09.2025 23:00;10.09.2025 00:00;109,3
10.09.2025 00:00;10.09.2025 01:00;106,93
10.09.2025 01:00;10.09.2025 02:00;107,29
10.09.2025 02:00;10.09.2025 03:00;103,73
10.09.2025 03:00;10.09.2025 04:00;104,81
10.09.2025 04:00;10.09.2025 05:00;104,55
10.09.2025 05:00;10.09.2025 06:00;114,28
10.09.2025 06:00;10.09.2025 07:00;133,35
10.09.2025 07:00;10.09.2025 08:00;223,39
10.09.2025 08:00;10.09.2025 09:00;171,94
10.09.2025 09:00;10.09.2025 10:00;129,46
10.09.2025 10:00;10.09.2025 11:00;107,33
10.09.2025 11:00;10.09.2025 12:00;102,39
10.09.2025 12:00;10.09.2025 13:00;88,85
10.09.2025 13:00;10.09.2025 14:00;86,09
10.09.2025 14:00;10.09.2025 15:00;87,8
10.09.2025 15:00;10.09.2025 16:00;90,8
10.09.2025 16:00;10.09.2025 17:00;105,07
10.09.2025 17:00;10.09.2025 18:00;127,78
10.09.2025 18:00;10.09.2025 19:00;170,59
10.09.2025 19:00;10.09.2025 20:00;275,19
10.09.2025 20:00;10.09.2025 21:00;169,07
10.09.2025 21:00;10.09.2025 22:00;122,94
10.09.2025 22:00;10.09.2025 23:00;101,58
10.09.2025 23:00;11.09.2025 00:00;87,63
11.09.2025 00:00;11.09.2025 01:00;88,21
11.09.2025 01:00;11.09.2025 02:00;85,0
11.09.2025 02:00;11.09.2025 03:00;77,13
11.09.2025 03:00;11.09.2025 04:00;70,67
11.09.2025 04:00;11.09.2025 05:00;70,67
11.09.2025 05:00;11.09.2025 06:00;79,05
11.09.2025 06:00;11.09.2025 07:00;111,18
11.09.2025 07:00;11.09.2025 08:00;125,33
11.09.2025 08:00;11.09.2025 09:00;120,36
11.09.2025 09:00;11.09.2025 10:00;102,05
11.09.2025 10:00;11.09.2025 11:00;73,64
11.09.2025 11:00;11.09.2025 12:00;8,23
11.09.2025 12:00;11.09.2025 13:00;-0,01
11.09.2025 13:00;11.09.2025 14:00;-0,07
11.09.2025 14:00;11.09.2025 15:00;-0,72
11.09.2025 15:00;11.09.2025 16:00;0,0
11.09.2025 16:00;11.09.2025 17:00;8,96
11.09.2025 17:00;11.09.2025 18:00;75,82
11.09.2025 18:00;11.09.2025 19:00;118,57
11.09.2025 19:00;11.09.2025 20:00;132,86
11.09.2025 20:00;11.09.2025 21:00;125,25
11.09.2025 21:00;11.09.2025 22:00;111,45
11.09.2025 22:00;11.09.2025 23:00;84,81
11.09.2025 23:00;12.09.2025 00:00;63,89
12.09.2025 00:00;12.09.2025 01:00;32,83
12.09.2025 01:00;12.09.2025 02:00;33,23
12.09.2025 02:00;12.09.2025 03:00;20,94
12.09.2025 03:00;12.09.2025 04:00;16,35
12.09.2025 04:00;12.09.2025 05:00;29,15
12.09.2025 05:00;12.09.2025 06:00;51,84
12.09.2025 06:00;12.09.2025 07:00;95,29
12.09.2025 07:00;12.09.2025 08:00;105,73
12.09.2025 08:00;12.09.2025 09:00;102,01
12.09.2025 09:00;12.09.2025 10:00;48,07
12.09.2025 10:00;12.09.2025 11:00;1,85
12.09.2025 11:00;12.09.2025 12:00;-1,66
12.09.2025 12:00;12.09.2025 13:00;-5,11
12.09.2025 13:00;12.09.2025 14:00;-8,66
12.09.2025 14:00;12.09.2025 15:00;-6,19
12.09.2025 15:00;12.09.2025 16:00;-4,0
12.09.2025 16:00;12.09.2025 17:00;-0,01
12.09.2025 17:00;12.09.2025 18:00;57,69
12.09.2025 18:00;12.09.2025 19:00;108,71
12.09.2025 19:00;12.09.2025 20:00;155,36
12.09.2025 20:00;12.09.2025 21:00;152,24
12.09.2025 21:00;12.09.2025 22:00;113,96
12.09.2025 22:00;12.09.2025 23:00;102,85
12.09.2025 23:00;13.09.2025 00:00;96,66
13.09.2025 00:00;13.09.2025 01:00;85,89
13.09.2025 01:00;13.09.2025 02:00;72,75
13.09.2025 02:00;13.09.2025 03:00;72,45
13.09.2025 03:00;13.09.2025 04:00;72,45
13.09.2025 04:00;13.09.2025 05:00;69,79
13.09.2025 05:00;13.09.2025 06:00;72,75
13.09.2025 06:00;13.09.2025 07:00;74,71
13.09.2025 07:00;13.09.2025 08:00;74,11
13.09.2025 08:00;13.09.2025 09:00;72,45
13.09.2025 09:00;13.09.2025 10:00;53,85
13.09.2025 10:00;13.09.2025 11:00;14,3
13.09.2025 11:00;13.09.2025 12:00;2,37
13.09.2025 12:00;13.09.2025 13:00;0,0
13.09.2025 13:00;13.09.2025 14:00;-0,01
13.09.2025 14:00;13.09.2025 15:00;-0,01
13.09.2025 15:00;13.09.2025 16:00;-0,01
13.09.2025 16:00;13.09.2025 17:00;3,88
13.09.2025 17:00;13.09.2025 18:00;74,11
13.09.2025 18:00;13.09.2025 19:00;108,1
13.09.2025 19:00;13.09.2025 20:00;121,9
13.09.2025 20:00;13.09.2025 21:00;118,77
13.09.2025 21:00;13.09.2025 22:00;111,17
13.09.2025 22:00;13.09.2025 23:00;100,0
13.09.2025 23:00;14.09.2025 00:00;87,18
14.09.2025 00:00;14.09.2025 01:00;85,69
14.09.2025 01:00;14.09.2025 02:00;77,57
14.09.2025 02:00;14.09.2025 03:00;80,61
14.09.2025 03:00;14.09.2025 04:00;85,93
14.09.2025 04:00;14.09.2025 05:00;93,77
14.09.2025 05:00;14.09.2025 06:00;99,82
14.09.2025 06:00;14.09.2025 07:00;100,75
14.09.2025 07:00;14.09.2025 08:00;105,36
14.09.2025 08:00;14.09.2025 09:00;108,48
14.09.2025 09:00;14.09.2025 10:00;87,78
14.09.2025 10:00;14.09.2025 11:00;61,68
14.09.2025 11:00;14.09.2025 12:00;17,58
14.09.2025 12:00;14.09.2025 13:00;6,52
14.09.2025 13:00;14.09.2025 14:00;0,0
14.09.2025 14:00;14.09.2025 15:00;-0,01
14.09.2025 15:00;14.09.2025 16:00;0,0
14.09.2025 16:00;14.09.2025 17:00;19,33
14.09.2025 17:00;14.09.2025 18:00;98,2
14.09.2025 18:00;14.09.2025 19:00;124,34
14.09.2025 19:00;14.09.2025 20:00;153,29
14.09.2025 20:00;14.09.2025 21:00;126,01
14.09.2025 21:00;14.09.2025 22:00;97,37
14.09.2025 22:00;14.09.2025 23:00;77,02
14.09.2025 23:00;15.09.2025 00:00;14,27
15.09.2025 00:00;15.09.2025 01:00;20,0
15.09.2025 01:00;15.09.2025 02:00;3,87
15.09.2025 02:00;15.09.2025 03:00;1,39
15.09.2025 03:00;15.09.2025 04:00;0,01
15.09.2025 04:00;15.09.2025 05:00;0,0
15.09.2025 05:00;15.09.2025 06:00;0,9
15.09.2025 06:00;15.09.2025 07:00;20,27
15.09.2025 07:00;15.09.2025 08:00;54,31
15.09.2025 08:00;15.09.2025 09:00;40,4
15.09.2025 09:00;15.09.2025 10:00;0,9
15.09.2025 10:00;15.09.2025 11:00;-0,47
15.09.2025 11:00;15.09.2025 12:00;-2,61
15.09.2025 12:00;15.09.2025 13:00;-8,0
15.09.2025 13:00;15.09.2025 14:00;-14,27
15.09.2025 14:00;15.09.2025 15:00;-13,7
15.09.2025 15:00;15.09.2025 16:00;-8,9
15.09.2025 16:00;15.09.2025 17:00;-5,24
15.09.2025 17:00;15.09.2025 18:00;-0,53
15.09.2025 18:00;15.09.2025 19:00;14,01
15.09.2025 19:00;15.09.2025 20:00;53,93
15.09.2025 20:00;15.09.2025 21:00;47,37
15.09.2025 21:00;15.09.2025 22:00;5,33
15.09.2025 22:00;15.09.2025 23:00;2,91
15.09.2025 23:00;16.09.2025 00:00;0,06
16.09.2025 00:00;16.09.2025 01:00;-0,01
16.09.2025 01:00;16.09.2025 02:00;-0,09
16.09.2025 02:00;16.09.2025 03:00;-0,23
16.09.2025 03:00;16.09.2025 04:00;-1,05
16.09.2025 04:00;16.09.2025 05:00;-1,33
16.09.2025 05:00;16.09.2025 06:00;-0,01
16.09.2025 06:00;16.09.2025 07:00;2,32
16.09.2025 07:00;16.09.2025 08:00;16,21
16.09.2025 08:00;16.09.2025 09:00;3,81
16.09.2025 09:00;16.09.2025 10:00;-1,01
16.09.2025 10:00;16.09.2025 11:00;-5,11
16.09.2025 11:00;16.09.2025 12:00;-10,38
16.09.2025 12:00;16.09.2025 13:00;-20,05
16.09.2025 13:00;16.09.2025 14:00;-18,03
16.09.2025 14:00;16.09.2025 15:00;-11,17
16.09.2025 15:00;16.09.2025 16:00;-9,99
16.09.2025 16:00;16.09.2025 17:00;-3,24
16.09.2025 17:00;16.09.2025 18:00;0,0
16.09.2025 18:00;16.09.2025 19:00;72,64
16.09.2025 19:00;16.09.2025 20:00;103,33
16.09.2025 20:00;16.09.2025 21:00;112,97
16.09.2025 21:00;16.09.2025 22:00;92,97
16.09.2025 22:00;16.09.2025 23:00;80,55
16.09.2025 23:00;17.09.2025 00:00;65,44
17.09.2025 00:00;17.09.2025 01:00;70,8
17.09.2025 01:00;17.09.2025 02:00;63,47
17.09.2025 02:00;17.09.2025 03:00;50,95
17.09.2025 03:00;17.09.2025 04:00;48,53
17.09.2025 04:00;17.09.2025 05:00;60,01
17.09.2025 05:00;17.09.2025 06:00;73,82
17.09.2025 06:00;17.09.2025 07:00;98,85
17.09.2025 07:00;17.09.2025 08:00;117,34
17.09.2025 08:00;17.09.2025 09:00;112,74
17.09.2025 09:00;17.09.2025 10:00;95,14
17.09.2025 10:00;17.09.2025 11:00;69,14
17.09.2025 11:00;17.09.2025 12:00;41,38
17.09.2025 12:00;17.09.2025 13:00;10,5
17.09.2025 13:00;17.09.2025 14:00;7,88
17.09.2025 14:00;17.09.2025 15:00;10,59
17.09.2025 15:00;17.09.2025 16:00;43,09
17.09.2025 16:00;17.09.2025 17:00;81,17
17.09.2025 17:00;17.09.2025 18:00;110,0
17.09.2025 18:00;17.09.2025 19:00;123,31
17.09.2025 19:00;17.09.2025 20:00;142,58
17.09.2025 20:00;17.09.2025 21:00;123,52
17.09.2025 21:00;17.09.2025 22:00;94,2
17.09.2025 22:00;17.09.2025 23:00;86,1
17.09.2025 23:00;18.09.2025 00:00;73,07
18.09.2025 00:00;18.09.2025 01:00;53,12
18.09.2025 01:00;18.09.2025 02:00;48,29
18.09.2025 02:00;18.09.2025 03:00;38,47
18.09.2025 03:00;18.09.2025 04:00;37,96
18.09.2025 04:00;18.09.2025 05:00;48,12
18.09.2025 05:00;18.09.2025 06:00;74,15
18.09.2025 06:00;18.09.2025 07:00;105,81
18.09.2025 07:00;18.09.2025 08:00;117,21
18.09.2025 08:00;18.09.2025 09:00;111,28
18.09.2025 09:00;18.09.2025 10:00;90,8
18.09.2025 10:00;18.09.2025 11:00;65,1
18.09.2025 11:00;18.09.2025 12:00;5,89
18.09.2025 12:00;18.09.2025 13:00;0,2
18.09.2025 13:00;18.09.2025 14:00;0,0
18.09.2025 14:00;18.09.2025 15:00;0,0
18.09.2025 15:00;18.09.2025 16:00;0,52
18.09.2025 16:00;18.09.2025 17:00;15,31
18.09.2025 17:00;18.09.2025 18:00;89,79
18.09.2025 18:00;18.09.2025 19:00;115,45
18.09.2025 19:00;18.09.2025 20:00;134,23
18.09.2025 20:00;18.09.2025 21:00;128,68
18.09.2025 21:00;18.09.2025 22:00;110,0
18.09.2025 22:00;18.09.2025 23:00;98,94
18.09.2025 23:00;19.09.2025 00:00;88,2
19.09.2025 00:00;19.09.2025 01:00;74,09
19.09.2025 01:00;19.09.2025 02:00;72,47
19.09.2025 02:00;19.09.2025 03:00;73,45
19.09.2025 03:00;19.09.2025 04:00;73,7
19.09.2025 04:00;19.09.2025 05:00;74,02
19.09.2025 05:00;19.09.2025 06:00;89,59
19.09.2025 06:00;19.09.2025 07:00;118,92
19.09.2025 07:00;19.09.2025 08:00;143,42
19.09.2025 08:00;19.09.2025 09:00;118,29
19.09.2025 09:00;19.09.2025 10:00;95,18
19.09.2025 10:00;19.09.2025 11:00;53,7
19.09.2025 11:00;19.09.2025 12:00;13,03
19.09.2025 12:00;19.09.2025 13:00;0,99
19.09.2025 13:00;19.09.2025 14:00;0,0
19.09.2025 14:00;19.09.2025 15:00;0,0
19.09.2025 15:00;19.09.2025 16:00;11,97
19.09.2025 16:00;19.09.2025 17:00;74,46
19.09.2025 17:00;19.09.2025 18:00;119,44
19.09.2025 18:00;19.09.2025 19:00;255,21
19.09.2025 19:00;19.09.2025 20:00;409,24
19.09.2025 20:00;19.09.2025 21:00;167,59
19.09.2025 21:00;19.09.2025 22:00;111,82
19.09.2025 22:00;19.09.2025 23:00;86,04
19.09.2025 23:00;20.09.2025 00:00;78,93
20.09.2025 00:00;20.09.2025 01:00;87,24
20.09.2025 01:00;20.09.2025 02:00;77,91
20.09.2025 02:00;20.09.2025 03:00;74,99
20.09.2025 03:00;20.09.2025 04:00;74,8
20.09.2025 04:00;20.09.2025 05:00;74,79
20.09.2025 05:00;20.09.2025 06:00;80,21
20.09.2025 06:00;20.09.2025 07:00;88,51
20.09.2025 07:00;20.09.2025 08:00;86,97
20.09.2025 08:00;20.09.2025 09:00;75,29
20.09.2025 09:00;20.09.2025 10:00;24,9
20.09.2025 10:00;20.09.2025 11:00;3,02
20.09.2025 11:00;20.09.2025 12:00;-0,28
20.09.2025 12:00;20.09.2025 13:00;-6,1
20.09.2025 13:00;20.09.2025 14:00;-10,86
20.09.2025 14:00;20.09.2025 15:00;-5,1
20.09.2025 15:00;20.09.2025 16:00;-0,04
20.09.2025 16:00;20.09.2025 17:00;26,36
20.09.2025 17:00;20.09.2025 18:00;93,84
20.09.2025 18:00;20.09.2025 19:00;124,58
20.09.2025 19:00;20.09.2025 20:00;134,1
20.09.2025 20:00;20.09.2025 21:00;99,08
20.09.2025 21:00;20.09.2025 22:00;81,95
20.09.2025 22:00;20.09.2025 23:00;74,5
20.09.2025 23:00;21.09.2025 00:00;48,3
21.09.2025 00:00;21.09.2025 01:00;8,07
21.09.2025 01:00;21.09.2025 02:00;3,7
21.09.2025 02:00;21.09.2025 03:00;3,46
21.09.2025 03:00;21.09.2025 04:00;1,65
21.09.2025 04:00;21.09.2025 05:00;2,08
21.09.2025 05:00;21.09.2025 06:00;3,23
21.09.2025 06:00;21.09.2025 07:00;4,41
21.09.2025 07:00;21.09.2025 08:00;5,23
21.09.2025 08:00;21.09.2025 09:00;3,01
21.09.2025 09:00;21.09.2025 10:00;1,31
21.09.2025 10:00;21.09.2025 11:00;0,0
21.09.2025 11:00;21.09.2025 12:00;-0,09
21.09.2025 12:00;21.09.2025 13:00;-1,2
21.09.2025 13:00;21.09.2025 14:00;-2,02
21.09.2025 14:00;21.09.2025 15:00;-1,31
21.09.2025 15:00;21.09.2025 16:00;-0,01
21.09.2025 16:00;21.09.2025 17:00;9,47
21.09.2025 17:00;21.09.2025 18:00;85,18
21.09.2025 18:00;21.09.2025 19:00;113,96
21.09.2025 19:00;21.09.2025 20:00;120,57
21.09.2025 20:00;21.09.2025 21:00;118,84
21.09.2025 21:00;21.09.2025 22:00;104,68
21.09.2025 22:00;21.09.2025 23:00;96,35
21.09.2025 23:00;22.09.2025 00:00;91,68
22.09.2025 00:00;22.09.2025 01:00;87,33
22.09.2025 01:00;22.09.2025 02:00;83,57
22.09.2025 02:00;22.09.2025 03:00;79,21
22.09.2025 03:00;22.09.2025 04:00;79,21
22.09.2025 04:00;22.09.2025 05:00;80,35
22.09.2025 05:00;22.09.2025 06:00;93,59
22.09.2025 06:00;22.09.2025 07:00;118,69
22.09.2025 07:00;22.09.2025 08:00;130,0
22.09.2025 08:00;22.09.2025 09:00;130,0
22.09.2025 09:00;22.09.2025 10:00;108,57
22.09.2025 10:00;22.09.2025 11:00;91,82
22.09.2025 11:00;22.09.2025 12:00;77,86
22.09.2025 12:00;22.09.2025 13:00;74,04
22.09.2025 13:00;22.09.2025 14:00;71,17
22.09.2025 14:00;22.09.2025 15:00;70,23
22.09.2025 15:00;22.09.2025 16:00;78,39
22.09.2025 16:00;22.09.2025 17:00;84,79
22.09.2025 17:00;22.09.2025 18:00;100,13
22.09.2025 18:00;22.09.2025 19:00;128,08
22.09.2025 19:00;22.09.2025 20:00;140,92
22.09.2025 20:00;22.09.2025 21:00;130,0
22.09.2025 21:00;22.09.2025 22:00;114,24
22.09.2025 22:00;22.09.2025 23:00;97,72
22.09.2025 23:00;23.09.2025 00:00;89,99
23.09.2025 00:00;23.09.2025 01:00;88,6
23.09.2025 01:00;23.09.2025 02:00;90,0
23.09.2025 02:00;23.09.2025 03:00;89,73
23.09.2025 03:00;23.09.2025 04:00;89,93
23.09.2025 04:00;23.09.2025 05:00;91,34
23.09.2025 05:00;23.09.2025 06:00;98,11
23.09.2025 06:00;23.09.2025 07:00;122,01
23.09.2025 07:00;23.09.2025 08:00;172,36
23.09.2025 08:00;23.09.2025 09:00;162,8
23.09.2025 09:00;23.09.2025 10:00;125,76
23.09.2025 10:00;23.09.2025 11:00;93,92
23.09.2025 11:00;23.09.2025 12:00;85,51
23.09.2025 12:00;23.09.2025 13:00;77,54
23.09.2025 13:00;23.09.2025 14:00;74,24
23.09.2025 14:00;23.09.2025 15:00;74,25
23.09.2025 15:00;23.09.2025 16:00;84,11
23.09.2025 16:00;23.09.2025 17:00;85,76
23.09.2025 17:00;23.09.2025 18:00;102,9
23.09.2025 18:00;23.09.2025 19:00;136,83
23.09.2025 19:00;23.09.2025 20:00;149,58
23.09.2025 20:00;23.09.2025 21:00;115,81
23.09.2025 21:00;23.09.2025 22:00;94,0
23.09.2025 22:00;23.09.2025 23:00;84,91
23.09.2025 23:00;24.09.2025 00:00;84,1
24.09.2025 00:00;24.09.2025 01:00;82,67
24.09.2025 01:00;24.09.2025 02:00;82,32
24.09.2025 02:00;24.09.2025 03:00;81,61
24.09.2025 03:00;24.09.2025 04:00;77,95
24.09.2025 04:00;24.09.2025 05:00;78,59
24.09.2025 05:00;24.09.2025 06:00;82,67
24.09.2025 06:00;24.09.2025 07:00;109,76
24.09.2025 07:00;24.09.2025 08:00;118,01
24.09.2025 08:00;24.09.2025 09:00;120,45
24.09.2025 09:00;24.09.2025 10:00;107,0
24.09.2025 10:00;24.09.2025 11:00;85,54
24.09.2025 11:00;24.09.2025 12:00;70,09
24.09.2025 12:00;24.09.2025 13:00;27,1
24.09.2025 13:00;24.09.2025 14:00;10,66
24.09.2025 14:00;24.09.2025 15:00;9,9
24.09.2025 15:00;24.09.2025 16:00;15,0
24.09.2025 16:00;24.09.2025 17:00;66,1
24.09.2025 17:00;24.09.2025 18:00;85,69
24.09.2025 18:00;24.09.2025 19:00;113,08
24.09.2025 19:00;24.09.2025 20:00;115,93
24.09.2025 20:00;24.09.2025 21:00;113,95
24.09.2025 21:00;24.09.2025 22:00;91,29
24.09.2025 22:00;24.09.2025 23:00;85,5
24.09.2025 23:00;25.09.2025 00:00;69,68
25.09.2025 00:00;25.09.2025 01:00;73,3
25.09.2025 01:00;25.09.2025 02:00;69,69
25.09.2025 02:00;25.09.2025 03:00;67,81
25.09.2025 03:00;25.09.2025 04:00;68,09
25.09.2025 04:00;25.09.2025 05:00;71,69
25.09.2025 05:00;25.09.2025 06:00;77,33
25.09.2025 06:00;25.09.2025 07:00;108,55
25.09.2025 07:00;25.09.2025 08:00;124,26
25.09.2025 08:00;25.09.2025 09:00;124,99
25.09.2025 09:00;25.09.2025 10:00;104,88
25.09.2025 10:00;25.09.2025 11:00;77,95
25.09.2025 11:00;25.09.2025 12:00;69,24
25.09.2025 12:00;25.09.2025 13:00;38,18
25.09.2025 13:00;25.09.2025 14:00;16,03
25.09.2025 14:00;25.09.2025 15:00;20,1
25.09.2025 15:00;25.09.2025 16:00;43,66
25.09.2025 16:00;25.09.2025 17:00;75,0
25.09.2025 17:00;25.09.2025 18:00;88,79
25.09.2025 18:00;25.09.2025 19:00;117,04
25.09.2025 19:00;25.09.2025 20:00;121,47
25.09.2025 20:00;25.09.2025 21:00;123,75
25.09.2025 21:00;25.09.2025 22:00;105,83
25.09.2025 22:00;25.09.2025 23:00;94,77
25.09.2025 23:00;26.09.2025 00:00;81,09
26.09.2025 00:00;26.09.2025 01:00;78,48
26.09.2025 01:00;26.09.2025 02:00;75,0
26.09.2025 02:00;26.09.2025 03:00;73,17
26.09.2025 03:00;26.09.2025 04:00;73,18
26.09.2025 04:00;26.09.2025 05:00;74,93
26.09.2025 05:00;26.09.2025 06:00;82,0
26.09.2025 06:00;26.09.2025 07:00;107,74
26.09.2025 07:00;26.09.2025 08:00;120,33
26.09.2025 08:00;26.09.2025 09:00;123,56
26.09.2025 09:00;26.09.2025 10:00;110,41
26.09.2025 10:00;26.09.2025 11:00;89,84
26.09.2025 11:00;26.09.2025 12:00;85,36
26.09.2025 12:00;26.09.2025 13:00;78,96
26.09.2025 13:00;26.09.2025 14:00;73,16
26.09.2025 14:00;26.09.2025 15:00;75,05
26.09.2025 15:00;26.09.2025 16:00;79,99
26.09.2025 16:00;26.09.2025 17:00;98,81
26.09.2025 17:00;26.09.2025 18:00;109,8
26.09.2025 18:00;26.09.2025 19:00;123,65
26.09.2025 19:00;26.09.2025 20:00;133,02
26.09.2025 20:00;26.09.2025 21:00;119,61
26.09.2025 21:00;26.09.2025 22:00;106,21
26.09.2025 22:00;26.09.2025 23:00;96,9
26.09.2025 23:00;27.09.2025 00:00;89,9
27.09.2025 00:00;27.09.2025 01:00;84,99
27.09.2025 01:00;27.09.2025 02:00;83,26
27.09.2025 02:00;27.09.2025 03:00;82,7
27.09.2025 03:00;27.09.2025 04:00;82,51
27.09.2025 04:00;27.09.2025 05:00;85,28
27.09.2025 05:00;27.09.2025 06:00;89,19
27.09.2025 06:00;27.09.2025 07:00;90,57
27.09.2025 07:00;27.09.2025 08:00;105,45
27.09.2025 08:00;27.09.2025 09:00;109,71
27.09.2025 09:00;27.09.2025 10:00;96,92
27.09.2025 10:00;27.09.2025 11:00;87,86
27.09.2025 11:00;27.09.2025 12:00;75,0
27.09.2025 12:00;27.09.2025 13:00;59,77
27.09.2025 13:00;27.09.2025 14:00;36,11
27.09.2025 14:00;27.09.2025 15:00;48,54
27.09.2025 15:00;27.09.2025 16:00;78,22
27.09.2025 16:00;27.09.2025 17:00;93,1
27.09.2025 17:00;27.09.2025 18:00;112,01
27.09.2025 18:00;27.09.2025 19:00;133,35
27.09.2025 19:00;27.09.2025 20:00;148,61
27.09.2025 20:00;27.09.2025 21:00;122,53
27.09.2025 21:00;27.09.2025 22:00;114,4
27.09.2025 22:00;27.09.2025 23:00;107,56
27.09.2025 23:00;28.09.2025 00:00;99,54
28.09.2025 00:00;28.09.2025 01:00;97,56
28.09.2025 01:00;28.09.2025 02:00;95,31
28.09.2025 02:00;28.09.2025 03:00;94,32
28.09.2025 03:00;28.09.2025 04:00;91,47
28.09.2025 04:00;28.09.2025 05:00;97,77
28.09.2025 05:00;28.09.2025 06:00;97,58
28.09.2025 06:00;28.09.2025 07:00;100,91
28.09.2025 07:00;28.09.2025 08:00;105,79
28.09.2025 08:00;28.09.2025 09:00;98,77
28.09.2025 09:00;28.09.2025 10:00;95,04
28.09.2025 10:00;28.09.2025 11:00;82,08
28.09.2025 11:00;28.09.2025 12:00;37,47
28.09.2025 12:00;28.09.2025 13:00;17,11
28.09.2025 13:00;28.09.2025 14:00;8,53
28.09.2025 14:00;28.09.2025 15:00;13,0
28.09.2025 15:00;28.09.2025 16:00;61,33
28.09.2025 16:00;28.09.2025 17:00;86,0
28.09.2025 17:00;28.09.2025 18:00;105,89
28.09.2025 18:00;28.09.2025 19:00;131,02
28.09.2025 19:00;28.09.2025 20:00;137,97
28.09.2025 20:00;28.09.2025 21:00;125,93
28.09.2025 21:00;28.09.2025 22:00;113,51
28.09.2025 22:00;28.09.2025 23:00;102,29
28.09.2025 23:00;29.09.2025 00:00;95,74
29.09.2025 00:00;29.09.2025 01:00;90,95
29.09.2025 01:00;29.09.2025 02:00;88,76
29.09.2025 02:00;29.09.2025 03:00;87,88
29.09.2025 03:00;29.09.2025 04:00;87,94
29.09.2025 04:00;29.09.2025 05:00;88,31
29.09.2025 05:00;29.09.2025 06:00;98,37
29.09.2025 06:00;29.09.2025 07:00;134,98
29.09.2025 07:00;29.09.2025 08:00;222,1
29.09.2025 08:00;29.09.2025 09:00;166,91
29.09.2025 09:00;29.09.2025 10:00;122,06
29.09.2025 10:00;29.09.2025 11:00;90,21
29.09.2025 11:00;29.09.2025 12:00;84,95
29.09.2025 12:00;29.09.2025 13:00;78,71
29.09.2025 13:00;29.09.2025 14:00;77,08
29.09.2025 14:00;29.09.2025 15:00;83,33
29.09.2025 15:00;29.09.2025 16:00;87,4
29.09.2025 16:00;29.09.2025 17:00;99,98
29.09.2025 17:00;29.09.2025 18:00;140,79
29.09.2025 18:00;29.09.2025 19:00;302,65
29.09.2025 19:00;29.09.2025 20:00;406,78
29.09.2025 20:00;29.09.2025 21:00;167,6
29.09.2025 21:00;29.09.2025 22:00;123,85
29.09.2025 22:00;29.09.2025 23:00;108,3
29.09.2025 23:00;30.09.2025 00:00;93,68
30.09.2025 00:00;30.09.2025 01:00;101,1
30.09.2025 01:00;30.09.2025 02:00;98,43
30.09.2025 02:00;30.09.2025 03:00;98,93
30.09.2025 03:00;30.09.2025 04:00;94,99
30.09.2025 04:00;30.09.2025 05:00;99,12
30.09.2025 05:00;30.09.2025 06:00;112,08
30.09.2025 06:00;30.09.2025 07:00;141,86
30.09.2025 07:00;30.09.2025 08:00;244,0
30.09.2025 08:00;30.09.2025 09:00;209,23
30.09.2025 09:00;30.09.2025 10:00;141,85
30.09.2025 10:00;30.09.2025 11:00;115,2
30.09.2025 11:00;30.09.2025 12:00;96,72
30.09.2025 12:00;30.09.2025 13:00;87,91
30.09.2025 13:00;30.09.2025 14:00;86,04
30.09.2025 14:00;30.09.2025 15:00;87,26
30.09.2025 15:00;30.09.2025 16:00;96,8
30.09.2025 16:00;30.09.2025 17:00;104,03
30.09.2025 17:00;30.09.2025 18:00;142,64
30.09.2025 18:00;30.09.2025 19:00;294,54
30.09.2025 19:00;30.09.2025 20:00;357,77
30.09.2025 20:00;30.09.2025 21:00;147,28
30.09.2025 21:00;30.09.2025 22:00;116,04
30.09.2025 22:00;30.09.2025 23:00;101,63
30.09.2025 23:00;01.10.2025 00:00;92,54
01.10.2025 00:00;01.10.2025 01:00;91,57
01.10.2025 01:00;01.10.2025 02:00;86,29
01.10.2025 02:00;01.10.2025 03:00;84,87
01.10.2025 03:00;01.10.2025 04:00;88,33
01.10.2025 04:00;01.10.2025 05:00;87,66
01.10.2025 05:00;01.10.2025 06:00;95,33
01.10.2025 06:00;01.10.2025 07:00;124,96
01.10.2025 07:00;01.10.2025 08:00;173,3
01.10.2025 08:00;01.10.2025 09:00;139,09
01.10.2025 09:00;01.10.2025 10:00;105,25
01.10.2025 10:00;01.10.2025 11:00;86,04
01.10.2025 11:00;01.10.2025 12:00;70,57
01.10.2025 12:00;01.10.2025 13:00;66,03
01.10.2025 13:00;01.10.2025 14:00;68,4
01.10.2025 14:00;01.10.2025 15:00;72,63
01.10.2025 15:00;01.10.2025 16:00;81,72
01.10.2025 16:00;01.10.2025 17:00;92,87
01.10.2025 17:00;01.10.2025 18:00;135,4
01.10.2025 18:00;01.10.2025 19:00;253,24
01.10.2025 19:00;01.10.2025 20:00;339,99
01.10.2025 20:00;01.10.2025 21:00;152,02
01.10.2025 21:00;01.10.2025 22:00;113,04
01.10.2025 22:00;01.10.2025 23:00;98,51
01.10.2025 23:00;02.10.2025 00:00;90,65
02.10.2025 00:00;02.10.2025 01:00;90,8
02.10.2025 01:00;02.10.2025 02:00;88,0
02.10.2025 02:00;02.10.2025 03:00;86,52
02.10.2025 03:00;02.10.2025 04:00;88,56
02.10.2025 04:00;02.10.2025 05:00;90,81
02.10.2025 05:00;02.10.2025 06:00;95,97
02.10.2025 06:00;02.10.2025 07:00;128,72
02.10.2025 07:00;02.10.2025 08:00;181,09
02.10.2025 08:00;02.10.2025 09:00;136,68
02.10.2025 09:00;02.10.2025 10:00;100,51
02.10.2025 10:00;02.10.2025 11:00;91,48
02.10.2025 11:00;02.10.2025 12:00;78,29
02.10.2025 12:00;02.10.2025 13:00;65,77
02.10.2025 13:00;02.10.2025 14:00;60,5
02.10.2025 14:00;02.10.2025 15:00;71,29
02.10.2025 15:00;02.10.2025 16:00;80,66
02.10.2025 16:00;02.10.2025 17:00;91,45
02.10.2025 17:00;02.10.2025 18:00;113,32
02.10.2025 18:00;02.10.2025 19:00;167,93
02.10.2025 19:00;02.10.2025 20:00;176,84
02.10.2025 20:00;02.10.2025 21:00;109,92
02.10.2025 21:00;02.10.2025 22:00;90,85
02.10.2025 22:00;02.10.2025 23:00;96,66
02.10.2025 23:00;03.10.2025 00:00;82,09
03.10.2025 00:00;03.10.2025 01:00;85,93
03.10.2025 01:00;03.10.2025 02:00;77,14
03.10.2025 02:00;03.10.2025 03:00;71,75
03.10.2025 03:00;03.10.2025 04:00;73,91
03.10.2025 04:00;03.10.2025 05:00;76,29
03.10.2025 05:00;03.10.2025 06:00;77,98
03.10.2025 06:00;03.10.2025 07:00;93,78
03.10.2025 07:00;03.10.2025 08:00;100,42
03.10.2025 08:00;03.10.2025 09:00;103,68
03.10.2025 09:00;03.10.2025 10:00;83,9
03.10.2025 10:00;03.10.2025 11:00;60,0
03.10.2025 11:00;03.10.2025 12:00;40,5
03.10.2025 12:00;03.10.2025 13:00;26,35
03.10.2025 13:00;03.10.2025 14:00;16,5
03.10.2025 14:00;03.10.2025 15:00;26,2
03.10.2025 15:00;03.10.2025 16:00;49,88
03.10.2025 16:00;03.10.2025 17:00;63,39
03.10.2025 17:00;03.10.2025 18:00;89,9
03.10.2025 18:00;03.10.2025 19:00;120,76
03.10.2025 19:00;03.10.2025 20:00;109,01
03.10.2025 20:00;03.10.2025 21:00;75,04
03.10.2025 21:00;03.10.2025 22:00;43,44
03.10.2025 22:00;03.10.2025 23:00;25,4
03.10.2025 23:00;04.10.2025 00:00;11,11
04.10.2025 00:00;04.10.2025 01:00;0,73
04.10.2025 01:00;04.10.2025 02:00;-0,01
04.10.2025 02:00;04.10.2025 03:00;-0,04
04.10.2025 03:00;04.10.2025 04:00;-0,1
04.10.2025 04:00;04.10.2025 05:00;-1,13
04.10.2025 05:00;04.10.2025 06:00;-1,91
04.10.2025 06:00;04.10.2025 07:00;-1,92
04.10.2025 07:00;04.10.2025 08:00;-0,78
04.10.2025 08:00;04.10.2025 09:00;-0,3
04.10.2025 09:00;04.10.2025 10:00;-0,16
04.10.2025 10:00;04.10.2025 11:00;-0,09
04.10.2025 11:00;04.10.2025 12:00;-0,1
04.10.2025 12:00;04.10.2025 13:00;-0,08
04.10.2025 13:00;04.10.2025 14:00;-0,44
04.10.2025 14:00;04.10.2025 15:00;-2,05
04.10.2025 15:00;04.10.2025 16:00;-2,61
04.10.2025 16:00;04.10.2025 17:00;-0,1
04.10.2025 17:00;04.10.2025 18:00;-0,09
04.10.2025 18:00;04.10.2025 19:00;1,11
04.10.2025 19:00;04.10.2025 20:00;3,23
04.10.2025 20:00;04.10.2025 21:00;0,32
04.10.2025 21:00;04.10.2025 22:00;-0,09
04.10.2025 22:00;04.10.2025 23:00;-0,05
04.10.2025 23:00;05.10.2025 00:00;-0,34
05.10.2025 00:00;05.10.2025 01:00;-0,75
05.10.2025 01:00;05.10.2025 02:00;-1,4
05.10.2025 02:00;05.10.2025 03:00;-4,19
05.10.2025 03:00;05.10.2025 04:00;-4,38
05.10.2025 04:00;05.10.2025 05:00;-4,98
05.10.2025 05:00;05.10.2025 06:00;-4,46
05.10.2025 06:00;05.10.2025 07:00;-3,76
05.10.2025 07:00;05.10.2025 08:00;-1,51
05.10.2025 08:00;05.10.2025 09:00;-0,09
05.10.2025 09:00;05.10.2025 10:00;-1,39
05.10.2025 10:00;05.10.2025 11:00;-3,33
05.10.2025 11:00;05.10.2025 12:00;-2,02
05.10.2025 12:00;05.10.2025 13:00;-3,42
05.10.2025 13:00;05.10.2025 14:00;-3,39
05.10.2025 14:00;05.10.2025 15:00;-2,94
05.10.2025 15:00;05.10.2025 16:00;-2,39
05.10.2025 16:00;05.10.2025 17:00;-0,69
05.10.2025 17:00;05.10.2025 18:00;0,85
05.10.2025 18:00;05.10.2025 19:00;16,08
05.10.2025 19:00;05.10.2025 20:00;35,05
05.10.2025 20:00;05.10.2025 21:00;19,83
05.10.2025 21:00;05.10.2025 22:00;5,48
05.10.2025 22:00;05.10.2025 23:00;5,2
05.10.2025 23:00;06.10.2025 00:00;4,08
06.10.2025 00:00;06.10.2025 01:00;20,85
06.10.2025 01:00;06.10.2025 02:00;10,05
06.10.2025 02:00;06.10.2025 03:00;9,1
06.10.2025 03:00;06.10.2025 04:00;10,73
06.10.2025 04:00;06.10.2025 05:00;16,8
06.10.2025 05:00;06.10.2025 06:00;22,6
06.10.2025 06:00;06.10.2025 07:00;68,59
06.10.2025 07:00;06.10.2025 08:00;105,05
06.10.2025 08:00;06.10.2025 09:00;121,77
06.10.2025 09:00;06.10.2025 10:00;121,12
06.10.2025 10:00;06.10.2025 11:00;100,53
06.10.2025 11:00;06.10.2025 12:00;89,3
06.10.2025 12:00;06.10.2025 13:00;87,33
06.10.2025 13:00;06.10.2025 14:00;84,6
06.10.2025 14:00;06.10.2025 15:00;92,33
06.10.2025 15:00;06.10.2025 16:00;94,55
06.10.2025 16:00;06.10.2025 17:00;104,77
06.10.2025 17:00;06.10.2025 18:00;120,29
06.10.2025 18:00;06.10.2025 19:00;141,59
06.10.2025 19:00;06.10.2025 20:00;168,32
06.10.2025 20:00;06.10.2025 21:00;133,68
06.10.2025 21:00;06.10.2025 22:00;120,2
06.10.2025 22:00;06.10.2025 23:00;118,66
06.10.2025 23:00;07.10.2025 00:00;105,5
07.10.2025 00:00;07.10.2025 01:00;100,26
07.10.2025 01:00;07.10.2025 02:00;93,99
07.10.2025 02:00;07.10.2025 03:00;89,82
07.10.2025 03:00;07.10.2025 04:00;89,55
07.10.2025 04:00;07.10.2025 05:00;92,98
07.10.2025 05:00;07.10.2025 06:00;96,74
07.10.2025 06:00;07.10.2025 07:00;134,89
07.10.2025 07:00;07.10.2025 08:00;228,56
07.10.2025 08:00;07.10.2025 09:00;287,67
07.10.2025 09:00;07.10.2025 10:00;212,18
07.10.2025 10:00;07.10.2025 11:00;154,66
07.10.2025 11:00;07.10.2025 12:00;129,91
07.10.2025 12:00;07.10.2025 13:00;110,94
07.10.2025 13:00;07.10.2025 14:00;106,18
07.10.2025 14:00;07.10.2025 15:00;105,35
07.10.2025 15:00;07.10.2025 16:00;113,16
07.10.2025 16:00;07.10.2025 17:00;122,1
07.10.2025 17:00;07.10.2025 18:00;151,84
07.10.2025 18:00;07.10.2025 19:00;202,42
07.10.2025 19:00;07.10.2025 20:00;213,28
07.10.2025 20:00;07.10.2025 21:00;146,34
07.10.2025 21:00;07.10.2025 22:00;123,24
07.10.2025 22:00;07.10.2025 23:00;107,42
07.10.2025 23:00;08.10.2025 00:00;97,48
08.10.2025 00:00;08.10.2025 01:00;93,45
08.10.2025 01:00;08.10.2025 02:00;88,44
08.10.2025 02:00;08.10.2025 03:00;87,56
08.10.2025 03:00;08.10.2025 04:00;86,98
08.10.2025 04:00;08.10.2025 05:00;89,67
08.10.2025 05:00;08.10.2025 06:00;97,39
08.10.2025 06:00;08.10.2025 07:00;117,11
08.10.2025 07:00;08.10.2025 08:00;155,58
08.10.2025 08:00;08.10.2025 09:00;166,4
08.10.2025 09:00;08.10.2025 10:00;135,18
08.10.2025 10:00;08.10.2025 11:00;118,45
08.10.2025 11:00;08.10.2025 12:00;103,33
08.10.2025 12:00;08.10.2025 13:00;90,82
08.10.2025 13:00;08.10.2025 14:00;89,34
08.10.2025 14:00;08.10.2025 15:00;90,44
08.10.2025 15:00;08.10.2025 16:00;99,43
08.10.2025 16:00;08.10.2025 17:00;117,47
08.10.2025 17:00;08.10.2025 18:00;149,48
08.10.2025 18:00;08.10.2025 19:00;183,81
08.10.2025 19:00;08.10.2025 20:00;199,0
08.10.2025 20:00;08.10.2025 21:00;141,7
08.10.2025 21:00;08.10.2025 22:00;114,74
08.10.2025 22:00;08.10.2025 23:00;108,24
08.10.2025 23:00;09.10.2025 00:00;97,83
09.10.2025 00:00;09.10.2025 01:00;97,22
09.10.2025 01:00;09.10.2025 02:00;92,58
09.10.2025 02:00;09.10.2025 03:00;93,26
09.10.2025 03:00;09.10.2025 04:00;90,82
09.10.2025 04:00;09.10.2025 05:00;92,7
09.10.2025 05:00;09.10.2025 06:00;101,15
09.10.2025 06:00;09.10.2025 07:00;125,58
09.10.2025 07:00;09.10.2025 08:00;145,0
09.10.2025 08:00;09.10.2025 09:00;149,9
09.10.2025 09:00;09.10.2025 10:00;132,49
09.10.2025 10:00;09.10.2025 11:00;109,69
09.10.2025 11:00;09.10.2025 12:00;96,96
09.10.2025 12:00;09.10.2025 13:00;91,02
09.10.2025 13:00;09.10.2025 14:00;83,35
09.10.2025 14:00;09.10.2025 15:00;83,2
09.10.2025 15:00;09.10.2025 16:00;88,83
09.10.2025 16:00;09.10.2025 17:00;92,08
09.10.2025 17:00;09.10.2025 18:00;110,01
09.10.2025 18:00;09.10.2025 19:00;122,91
09.10.2025 19:00;09.10.2025 20:00;123,11
09.10.2025 20:00;09.10.2025 21:00;112,36
09.10.2025 21:00;09.10.2025 22:00;98,09
09.10.2025 22:00;09.10.2025 23:00;96,83
09.10.2025 23:00;10.10.2025 00:00;88,7
10.10.2025 00:00;10.10.2025 01:00;88,01
10.10.2025 01:00;10.10.2025 02:00;84,97
10.10.2025 02:00;10.10.2025 03:00;80,09
10.10.2025 03:00;10.10.2025 04:00;78,29
10.10.2025 04:00;10.10.2025 05:00;79,21
10.10.2025 05:00;10.10.2025 06:00;86,07
10.10.2025 06:00;10.10.2025 07:00;102,64
10.10.2025 07:00;10.10.2025 08:00;119,33
10.10.2025 08:00;10.10.2025 09:00;122,61
10.10.2025 09:00;10.10.2025 10:00;107,77
10.10.2025 10:00;10.10.2025 11:00;93,01
10.10.2025 11:00;10.10.2025 12:00;82,12
10.10.2025 12:00;10.10.2025 13:00;77,53
10.10.2025 13:00;10.10.2025 14:00;75,69
10.10.2025 14:00;10.10.2025 15:00;77,26
10.10.2025 15:00;10.10.2025 16:00;88,9
10.10.2025 16:00;10.10.2025 17:00;97,86
10.10.2025 17:00;10.10.2025 18:00;118,2
10.10.2025 18:00;10.10.2025 19:00;120,61
10.10.2025 19:00;10.10.2025 20:00;123,29
10.10.2025 20:00;10.10.2025 21:00;115,39
10.10.2025 21:00;10.10.2025 22:00;103,92
10.10.2025 22:00;10.10.2025 23:00;97,74
10.10.2025 23:00;11.10.2025 00:00;93,35
11.10.2025 00:00;11.10.2025 01:00;92,97
11.10.2025 01:00;11.10.2025 02:00;88,84
11.10.2025 02:00;11.10.2025 03:00;87,39
11.10.2025 03:00;11.10.2025 04:00;84,18
11.10.2025 04:00;11.10.2025 05:00;82,03
11.10.2025 05:00;11.10.2025 06:00;84,76
11.10.2025 06:00;11.10.2025 07:00;90,27
11.10.2025 07:00;11.10.2025 08:00;96,75
11.10.2025 08:00;11.10.2025 09:00;100,4
11.10.2025 09:00;11.10.2025 10:00;92,96
11.10.2025 10:00;11.10.2025 11:00;82,43
11.10.2025 11:00;11.10.2025 12:00;74,02
11.10.2025 12:00;11.10.2025 13:00;55,42
11.10.2025 13:00;11.10.2025 14:00;46,77
11.10.2025 14:00;11.10.2025 15:00;51,03
11.10.2025 15:00;11.10.2025 16:00;76,94
11.10.2025 16:00;11.10.2025 17:00;83,65
11.10.2025 17:00;11.10.2025 18:00;114,01
11.10.2025 18:00;11.10.2025 19:00;126,44
11.10.2025 19:00;11.10.2025 20:00;130,17
11.10.2025 20:00;11.10.2025 21:00;120,64
11.10.2025 21:00;11.10.2025 22:00;112,54
11.10.2025 22:00;11.10.2025 23:00;106,91
11.10.2025 23:00;12.10.2025 00:00;95,1
12.10.2025 00:00;12.10.2025 01:00;96,18
12.10.2025 01:00;12.10.2025 02:00;92,17
12.10.2025 02:00;12.10.2025 03:00;88,86
12.10.2025 03:00;12.10.2025 04:00;85,13
12.10.2025 04:00;12.10.2025 05:00;86,41
12.10.2025 05:00;12.10.2025 06:00;86,66
12.10.2025 06:00;12.10.2025 07:00;88,3
12.10.2025 07:00;12.10.2025 08:00;89,17
12.10.2025 08:00;12.10.2025 09:00;88,66
12.10.2025 09:00;12.10.2025 10:00;83,06
12.10.2025 10:00;12.10.2025 11:00;76,21
12.10.2025 11:00;12.10.2025 12:00;71,9
12.10.2025 12:00;12.10.2025 13:00;66,89
12.10.2025 13:00;12.10.2025 14:00;52,16
12.10.2025 14:00;12.10.2025 15:00;62,47
12.10.2025 15:00;12.10.2025 16:00;79,99
12.10.2025 16:00;12.10.2025 17:00;88,0
12.10.2025 17:00;12.10.2025 18:00;105,55
12.10.2025 18:00;12.10.2025 19:00;108,9
12.10.2025 19:00;12.10.2025 20:00;116,64
12.10.2025 20:00;12.10.2025 21:00;115,53
12.10.2025 21:00;12.10.2025 22:00;110,45
12.10.2025 22:00;12.10.2025 23:00;107,79
12.10.2025 23:00;13.10.2025 00:00;93,45
13.10.2025 00:00;13.10.2025 01:00;93,45
13.10.2025 01:00;13.10.2025 02:00;90,26
13.10.2025 02:00;13.10.2025 03:00;90,83
13.10.2025 03:00;13.10.2025 04:00;89,12
13.10.2025 04:00;13.10.2025 05:00;93,45
13.10.2025 05:00;13.10.2025 06:00;98,1
13.10.2025 06:00;13.10.2025 07:00;131,41
13.10.2025 07:00;13.10.2025 08:00;218,64
13.10.2025 08:00;13.10.2025 09:00;199,56
13.10.2025 09:00;13.10.2025 10:00;150,19
13.10.2025 10:00;13.10.2025 11:00;125,1
13.10.2025 11:00;13.10.2025 12:00;110,0
13.10.2025 12:00;13.10.2025 13:00;95,1
13.10.2025 13:00;13.10.2025 14:00;89,86
13.10.2025 14:00;13.10.2025 15:00;92,1
13.10.2025 15:00;13.10.2025 16:00;101,84
13.10.2025 16:00;13.10.2025 17:00;117,9
13.10.2025 17:00;13.10.2025 18:00;180,6
13.10.2025 18:00;13.10.2025 19:00;305,74
13.10.2025 19:00;13.10.2025 20:00;306,58
13.10.2025 20:00;13.10.2025 21:00;186,95
13.10.2025 21:00;13.10.2025 22:00;137,18
13.10.2025 22:00;13.10.2025 23:00;121,99
13.10.2025 23:00;14.10.2025 00:00;111,28
14.10.2025 00:00;14.10.2025 01:00;109,18
14.10.2025 01:00;14.10.2025 02:00;103,01
14.10.2025 02:00;14.10.2025 03:00;99,52
14.10.2025 03:00;14.10.2025 04:00;98,87
14.10.2025 04:00;14.10.2025 05:00;100,05
14.10.2025 05:00;14.10.2025 06:00;101,45
14.10.2025 06:00;14.10.2025 07:00;123,29
14.10.2025 07:00;14.10.2025 08:00;160,2
14.10.2025 08:00;14.10.2025 09:00;190,82
14.10.2025 09:00;14.10.2025 10:00;156,45
14.10.2025 10:00;14.10.2025 11:00;134,73
14.10.2025 11:00;14.10.2025 12:00;119,85
14.10.2025 12:00;14.10.2025 13:00;107,65
14.10.2025 13:00;14.10.2025 14:00;103,0
14.10.2025 14:00;14.10.2025 15:00;105,27
14.10.2025 15:00;14.10.2025 16:00;122,28
14.10.2025 16:00;14.10.2025 17:00;146,6
14.10.2025 17:00;14.10.2025 18:00;219,2
14.10.2025 18:00;14.10.2025 19:00;404,96
14.10.2025 19:00;14.10.2025 20:00;407,21
14.10.2025 20:00;14.10.2025 21:00;225,48
14.10.2025 21:00;14.10.2025 22:00;163,04
14.10.2025 22:00;14.10.2025 23:00;129,86
14.10.2025 23:00;15.10.2025 00:00;115,36
15.10.2025 00:00;15.10.2025 01:00;115,46
15.10.2025 01:00;15.10.2025 02:00;111,87
15.10.2025 02:00;15.10.2025 03:00;107,68
15.10.2025 03:00;15.10.2025 04:00;103,62
15.10.2025 04:00;15.10.2025 05:00;106,48
15.10.2025 05:00;15.10.2025 06:00;114,4
15.10.2025 06:00;15.10.2025 07:00;151,96
15.10.2025 07:00;15.10.2025 08:00;278,74
15.10.2025 08:00;15.10.2025 09:00;276,2
15.10.2025 09:00;15.10.2025 10:00;181,05
15.10.2025 10:00;15.10.2025 11:00;142,36
15.10.2025 11:00;15.10.2025 12:00;126,1
15.10.2025 12:00;15.10.2025 13:00;119,43
15.10.2025 13:00;15.10.2025 14:00;112,88
15.10.2025 14:00;15.10.2025 15:00;115,39
15.10.2025 15:00;15.10.2025 16:00;122,64
15.10.2025 16:00;15.10.2025 17:00;135,69
15.10.2025 17:00;15.10.2025 18:00;170,0
15.10.2025 18:00;15.10.2025 19:00;221,88
15.10.2025 19:00;15.10.2025 20:00;220,0
15.10.2025 20:00;15.10.2025 21:00;152,85
15.10.2025 21:00;15.10.2025 22:00;124,34
15.10.2025 22:00;15.10.2025 23:00;98,21
15.10.2025 23:00;16.10.2025 00:00;88,17
16.10.2025 00:00;16.10.2025 01:00;88,16
16.10.2025 01:00;16.10.2025 02:00;85,81
16.10.2025 02:00;16.10.2025 03:00;88,0
16.10.2025 03:00;16.10.2025 04:00;86,66
16.10.2025 04:00;16.10.2025 05:00;88,34
16.10.2025 05:00;16.10.2025 06:00;85,05
16.10.2025 06:00;16.10.2025 07:00;96,19
16.10.2025 07:00;16.10.2025 08:00;116,12
16.10.2025 08:00;16.10.2025 09:00;132,77
16.10.2025 09:00;16.10.2025 10:00;119,93
16.10.2025 10:00;16.10.2025 11:00;92,24
16.10.2025 11:00;16.10.2025 12:00;88,31
16.10.2025 12:00;16.10.2025 13:00;83,4
16.10.2025 13:00;16.10.2025 14:00;81,48
16.10.2025 14:00;16.10.2025 15:00;82,98
16.10.2025 15:00;16.10.2025 16:00;83,03
16.10.2025 16:00;16.10.2025 17:00;89,03
16.10.2025 17:00;16.10.2025 18:00;120,92
16.10.2025 18:00;16.10.2025 19:00;130,0
16.10.2025 19:00;16.10.2025 20:00;140,59
16.10.2025 20:00;16.10.2025 21:00;125,59
16.10.2025 21:00;16.10.2025 22:00;102,23
16.10.2025 22:00;16.10.2025 23:00;99,86
16.10.2025 23:00;17.10.2025 00:00;93,36
17.10.2025 00:00;17.10.2025 01:00;88,15
17.10.2025 01:00;17.10.2025 02:00;88,31
17.10.2025 02:00;17.10.2025 03:00;89,06
17.10.2025 03:00;17.10.2025 04:00;88,46
17.10.2025 04:00;17.10.2025 05:00;90,59
17.10.2025 05:00;17.10.2025 06:00;94,51
17.10.2025 06:00;17.10.2025 07:00;107,91
17.10.2025 07:00;17.10.2025 08:00;129,49
17.10.2025 08:00;17.10.2025 09:00;144,84
17.10.2025 09:00;17.10.2025 10:00;129,02
17.10.2025 10:00;17.10.2025 11:00;117,18
17.10.2025 11:00;17.10.2025 12:00;99,04
17.10.2025 12:00;17.10.2025 13:00;88,14
17.10.2025 13:00;17.10.2025 14:00;86,72
17.10.2025 14:00;17.10.2025 15:00;87,81
17.10.2025 15:00;17.10.2025 16:00;88,64
17.10.2025 16:00;17.10.2025 17:00;95,0
17.10.2025 17:00;17.10.2025 18:00;117,17
17.10.2025 18:00;17.10.2025 19:00;129,31
17.10.2025 19:00;17.10.2025 20:00;130,69
17.10.2025 20:00;17.10.2025 21:00;116,99
17.10.2025 21:00;17.10.2025 22:00;104,05
17.10.2025 22:00;17.10.2025 23:00;102,18
17.10.2025 23:00;18.10.2025 00:00;92,5
18.10.2025 00:00;18.10.2025 01:00;94,62
18.10.2025 01:00;18.10.2025 02:00;89,86
18.10.2025 02:00;18.10.2025 03:00;89,81
18.10.2025 03:00;18.10.2025 04:00;88,34
18.10.2025 04:00;18.10.2025 05:00;88,35
18.10.2025 05:00;18.10.2025 06:00;88,32
18.10.2025 06:00;18.10.2025 07:00;91,96
18.10.2025 07:00;18.10.2025 08:00;109,47
18.10.2025 08:00;18.10.2025 09:00;114,54
18.10.2025 09:00;18.10.2025 10:00;102,24
18.10.2025 10:00;18.10.2025 11:00;91,47
18.10.2025 11:00;18.10.2025 12:00;80,79
18.10.2025 12:00;18.10.2025 13:00;73,94
18.10.2025 13:00;18.10.2025 14:00;67,53
18.10.2025 14:00;18.10.2025 15:00;72,3
18.10.2025 15:00;18.10.2025 16:00;83,5
18.10.2025 16:00;18.10.2025 17:00;96,55
18.10.2025 17:00;18.10.2025 18:00;120,64
18.10.2025 18:00;18.10.2025 19:00;133,24
18.10.2025 19:00;18.10.2025 20:00;124,82
18.10.2025 20:00;18.10.2025 21:00;113,0
18.10.2025 21:00;18.10.2025 22:00;92,55
18.10.2025 22:00;18.10.2025 23:00;95,58
18.10.2025 23:00;19.10.2025 00:00;94,35
19.10.2025 00:00;19.10.2025 01:00;92,34
19.10.2025 01:00;19.10.2025 02:00;87,59
19.10.2025 02:00;19.10.2025 03:00;82,29
19.10.2025 03:00;19.10.2025 04:00;82,14
19.10.2025 04:00;19.10.2025 05:00;83,21
19.10.2025 05:00;19.10.2025 06:00;83,5
19.10.2025 06:00;19.10.2025 07:00;85,25
19.10.2025 07:00;19.10.2025 08:00;85,26
19.10.2025 08:00;19.10.2025 09:00;87,16
19.10.2025 09:00;19.10.2025 10:00;78,43
19.10.2025 10:00;19.10.2025 11:00;69,64
19.10.2025 11:00;19.10.2025 12:00;60,3
19.10.2025 12:00;19.10.2025 13:00;34,57
19.10.2025 13:00;19.10.2025 14:00;20,3
19.10.2025 14:00;19.10.2025 15:00;36,22
19.10.2025 15:00;19.10.2025 16:00;66,77
19.10.2025 16:00;19.10.2025 17:00;89,93
19.10.2025 17:00;19.10.2025 18:00;106,07
19.10.2025 18:00;19.10.2025 19:00;107,69
19.10.2025 19:00;19.10.2025 20:00;85,62
19.10.2025 20:00;19.10.2025 21:00;75,5
19.10.2025 21:00;19.10.2025 22:00;73,15
19.10.2025 22:00;19.10.2025 23:00;74,74
19.10.2025 23:00;20.10.2025 00:00;60,86
20.10.2025 00:00;20.10.2025 01:00;70,04
20.10.2025 01:00;20.10.2025 02:00;63,98
20.10.2025 02:00;20.10.2025 03:00;60,98
20.10.2025 03:00;20.10.2025 04:00;60,0
20.10.2025 04:00;20.10.2025 05:00;60,6
20.10.2025 05:00;20.10.2025 06:00;74,81
20.10.2025 06:00;20.10.2025 07:00;76,25
20.10.2025 07:00;20.10.2025 08:00;91,87
20.10.2025 08:00;20.10.2025 09:00;125,1
20.10.2025 09:00;20.10.2025 10:00;92,19
20.10.2025 10:00;20.10.2025 11:00;73,15
20.10.2025 11:00;20.10.2025 12:00;69,94
20.10.2025 12:00;20.10.2025 13:00;60,29
20.10.2025 13:00;20.10.2025 14:00;65,27
20.10.2025 14:00;20.10.2025 15:00;76,09
20.10.2025 15:00;20.10.2025 16:00;97,14
20.10.2025 16:00;20.10.2025 17:00;119,51
20.10.2025 17:00;20.10.2025 18:00;131,12
20.10.2025 18:00;20.10.2025 19:00;125,09
20.10.2025 19:00;20.10.2025 20:00;103,0
20.10.2025 20:00;20.10.2025 21:00;82,29
20.10.2025 21:00;20.10.2025 22:00;76,25
20.10.2025 22:00;20.10.2025 23:00;68,38
20.10.2025 23:00;21.10.2025 00:00;51,0
21.10.2025 00:00;21.10.2025 01:00;61,48
21.10.2025 01:00;21.10.2025 02:00;43,83
21.10.2025 02:00;21.10.2025 03:00;33,07
21.10.2025 03:00;21.10.2025 04:00;22,28
21.10.2025 04:00;21.10.2025 05:00;25,91
21.10.2025 05:00;21.10.2025 06:00;47,46
21.10.2025 06:00;21.10.2025 07:00;75,1
21.10.2025 07:00;21.10.2025 08:00;88,12
21.10.2025 08:00;21.10.2025 09:00;91,58
21.10.2025 09:00;21.10.2025 10:00;84,72
21.10.2025 10:00;21.10.2025 11:00;74,27
21.10.2025 11:00;21.10.2025 12:00;65,11
21.10.2025 12:00;21.10.2025 13:00;47,46
21.10.2025 13:00;21.10.2025 14:00;31,58
21.10.2025 14:00;21.10.2025 15:00;33,06
21.10.2025 15:00;21.10.2025 16:00;60,23
21.10.2025 16:00;21.10.2025 17:00;68,2
21.10.2025 17:00;21.10.2025 18:00;100,0
21.10.2025 18:00;21.10.2025 19:00;121,8
21.10.2025 19:00;21.10.2025 20:00;115,38
21.10.2025 20:00;21.10.2025 21:00;99,67
21.10.2025 21:00;21.10.2025 22:00;81,06
21.10.2025 22:00;21.10.2025 23:00;81,68
21.10.2025 23:00;22.10.2025 00:00;74,33
22.10.2025 00:00;22.10.2025 01:00;87,84
22.10.2025 01:00;22.10.2025 02:00;87,49
22.10.2025 02:00;22.10.2025 03:00;85,41
22.10.2025 03:00;22.10.2025 04:00;89,35
22.10.2025 04:00;22.10.2025 05:00;89,5
22.10.2025 05:00;22.10.2025 06:00;90,18
22.10.2025 06:00;22.10.2025 07:00;99,39
22.10.2025 07:00;22.10.2025 08:00;100,18
22.10.2025 08:00;22.10.2025 09:00;113,76
22.10.2025 09:00;22.10.2025 10:00;125,72
22.10.2025 10:00;22.10.2025 11:00;105,73
22.10.2025 11:00;22.10.2025 12:00;91,21
22.10.2025 12:00;22.10.2025 13:00;87,1
22.10.2025 13:00;22.10.2025 14:00;86,0
22.10.2025 14:00;22.10.2025 15:00;93,46
22.10.2025 15:00;22.10.2025 16:00;110,66
22.10.2025 16:00;22.10.2025 17:00;135,0
22.10.2025 17:00;22.10.2025 18:00;198,05
22.10.2025 18:00;22.10.2025 19:00;296,48
22.10.2025 19:00;22.10.2025 20:00;279,76
22.10.2025 20:00;22.10.2025 21:00;185,31
22.10.2025 21:00;22.10.2025 22:00;133,95
22.10.2025 22:00;22.10.2025 23:00;122,07
22.10.2025 23:00;23.10.2025 00:00;108,09
23.10.2025 00:00;23.10.2025 01:00;101,38
23.10.2025 01:00;23.10.2025 02:00;98,74
23.10.2025 02:00;23.10.2025 03:00;95,07
23.10.2025 03:00;23.10.2025 04:00;79,92
23.10.2025 04:00;23.10.2025 05:00;71,0
23.10.2025 05:00;23.10.2025 06:00;67,52
23.10.2025 06:00;23.10.2025 07:00;72,25
23.10.2025 07:00;23.10.2025 08:00;82,28
23.10.2025 08:00;23.10.2025 09:00;90,0
23.10.2025 09:00;23.10.2025 10:00;83,02
23.10.2025 10:00;23.10.2025 11:00;79,7
23.10.2025 11:00;23.10.2025 12:00;69,6
23.10.2025 12:00;23.10.2025 13:00;66,1
23.10.2025 13:00;23.10.2025 14:00;64,11
23.10.2025 14:00;23.10.2025 15:00;63,54
23.10.2025 15:00;23.10.2025 16:00;75,61
23.10.2025 16:00;23.10.2025 17:00;85,5
23.10.2025 17:00;23.10.2025 18:00;98,12
23.10.2025 18:00;23.10.2025 19:00;114,93
23.10.2025 19:00;23.10.2025 20:00;107,91
23.10.2025 20:00;23.10.2025 21:00;87,71
23.10.2025 21:00;23.10.2025 22:00;82,81
23.10.2025 22:00;23.10.2025 23:00;77,66
23.10.2025 23:00;24.10.2025 00:00;60,08
24.10.2025 00:00;24.10.2025 01:00;14,34
24.10.2025 01:00;24.10.2025 02:00;9,84
24.10.2025 02:00;24.10.2025 03:00;6,52
24.10.2025 03:00;24.10.2025 04:00;1,03
24.10.2025 04:00;24.10.2025 05:00;2,19
24.10.2025 05:00;24.10.2025 06:00;7,53
24.10.2025 06:00;24.10.2025 07:00;23,28
24.10.2025 07:00;24.10.2025 08:00;64,99
24.10.2025 08:00;24.10.2025 09:00;84,87
24.10.2025 09:00;24.10.2025 10:00;76,55
24.10.2025 10:00;24.10.2025 11:00;58,3
24.10.2025 11:00;24.10.2025 12:00;33,0
24.10.2025 12:00;24.10.2025 13:00;1,25
24.10.2025 13:00;24.10.2025 14:00;-0,01
24.10.2025 14:00;24.10.2025 15:00;-0,01
24.10.2025 15:00;24.10.2025 16:00;1,81
24.10.2025 16:00;24.10.2025 17:00;37,32
24.10.2025 17:00;24.10.2025 18:00;66,26
24.10.2025 18:00;24.10.2025 19:00;74,61
24.10.2025 19:00;24.10.2025 20:00;74,61
24.10.2025 20:00;24.10.2025 21:00;57,05
24.10.2025 21:00;24.10.2025 22:00;41,51
24.10.2025 22:00;24.10.2025 23:00;28,92
24.10.2025 23:00;25.10.2025 00:00;9,97
25.10.2025 00:00;25.10.2025 01:00;3,52
25.10.2025 01:00;25.10.2025 02:00;1,32
25.10.2025 02:00;25.10.2025 03:00;0,92
25.10.2025 03:00;25.10.2025 04:00;0,0
25.10.2025 04:00;25.10.2025 05:00;-0,01
25.10.2025 05:00;25.10.2025 06:00;0,16
25.10.2025 06:00;25.10.2025 07:00;0,52
25.10.2025 07:00;25.10.2025 08:00;0,99
25.10.2025 08:00;25.10.2025 09:00;4,0
25.10.2025 09:00;25.10.2025 10:00;7,58
25.10.2025 10:00;25.10.2025 11:00;6,73
25.10.2025 11:00;25.10.2025 12:00;4,77
25.10.2025 12:00;25.10.2025 13:00;6,1
25.10.2025 13:00;25.10.2025 14:00;4,37
25.10.2025 14:00;25.10.2025 15:00;4,03
25.10.2025 15:00;25.10.2025 16:00;3,95
25.10.2025 16:00;25.10.2025 17:00;5,56
25.10.2025 17:00;25.10.2025 18:00;25,31
25.10.2025 18:00;25.10.2025 19:00;55,25
25.10.2025 19:00;25.10.2025 20:00;61,27
25.10.2025 20:00;25.10.2025 21:00;34,0
25.10.2025 21:00;25.10.2025 22:00;14,11
25.10.2025 22:00;25.10.2025 23:00;16,68
25.10.2025 23:00;26.10.2025 00:00;8,17
26.10.2025 00:00;26.10.2025 01:00;5,57
26.10.2025 01:00;26.10.2025 02:00;3,7
26.10.2025 02:00;26.10.2025 03:00;2,02
26.10.2025 03:00;26.10.2025 04:00;0,34
26.10.2025 04:00;26.10.2025 05:00;0,1
26.10.2025 05:00;26.10.2025 06:00;0,11
26.10.2025 06:00;26.10.2025 07:00;0,11
26.10.2025 07:00;26.10.2025 08:00;0,1
26.10.2025 08:00;26.10.2025 09:00;-0,01
26.10.2025 09:00;26.10.2025 10:00;-0,31
26.10.2025 10:00;26.10.2025 11:00;-0,07
26.10.2025 11:00;26.10.2025 12:00;-0,08
26.10.2025 12:00;26.10.2025 13:00;-0,07
26.10.2025 13:00;26.10.2025 14:00;-0,54
26.10.2025 14:00;26.10.2025 15:00;-0,73
26.10.2025 15:00;26.10.2025 16:00;-0,01
26.10.2025 16:00;26.10.2025 17:00;3,04
26.10.2025 17:00;26.10.2025 18:00;30,0
26.10.2025 18:00;26.10.2025 19:00;42,02
26.10.2025 19:00;26.10.2025 20:00;34,73
26.10.2025 20:00;26.10.2025 21:00;16,64
26.10.2025 21:00;26.10.2025 22:00;3,07
26.10.2025 22:00;26.10.2025 23:00;14,91
26.10.2025 23:00;27.10.2025 00:00;5,06
27.10.2025 00:00;27.10.2025 01:00;1,34
27.10.2025 01:00;27.10.2025 02:00;1,83
27.10.2025 02:00;27.10.2025 03:00;1,25
27.10.2025 03:00;27.10.2025 04:00;0,0
27.10.2025 04:00;27.10.2025 05:00;1,31
27.10.2025 05:00;27.10.2025 06:00;10,78
27.10.2025 06:00;27.10.2025 07:00;55,0
27.10.2025 07:00;27.10.2025 08:00;86,07
27.10.2025 08:00;27.10.2025 09:00;100,15
27.10.2025 09:00;27.10.2025 10:00;101,86
27.10.2025 10:00;27.10.2025 11:00;96,74
27.10.2025 11:00;27.10.2025 12:00;94,63
27.10.2025 12:00;27.10.2025 13:00;82,7
27.10.2025 13:00;27.10.2025 14:00;81,12
27.10.2025 14:00;27.10.2025 15:00;83,35
27.10.2025 15:00;27.10.2025 16:00;83,66
27.10.2025 16:00;27.10.2025 17:00;99,23
27.10.2025 17:00;27.10.2025 18:00;110,71
27.10.2025 18:00;27.10.2025 19:00;126,54
27.10.2025 19:00;27.10.2025 20:00;113,5
27.10.2025 20:00;27.10.2025 21:00;95,04
27.10.2025 21:00;27.10.2025 22:00;77,94
27.10.2025 22:00;27.10.2025 23:00;74,48
27.10.2025 23:00;28.10.2025 00:00;62,43
28.10.2025 00:00;28.10.2025 01:00;44,11
28.10.2025 01:00;28.10.2025 02:00;28,88
28.10.2025 02:00;28.10.2025 03:00;18,54
28.10.2025 03:00;28.10.2025 04:00;10,22
28.10.2025 04:00;28.10.2025 05:00;10,95
28.10.2025 05:00;28.10.2025 06:00;30,41
28.10.2025 06:00;28.10.2025 07:00;59,52
28.10.2025 07:00;28.10.2025 08:00;80,38
28.10.2025 08:00;28.10.2025 09:00;89,4
28.10.2025 09:00;28.10.2025 10:00;87,37
28.10.2025 10:00;28.10.2025 11:00;81,0
28.10.2025 11:00;28.10.2025 12:00;75,42
28.10.2025 12:00;28.10.2025 13:00;67,56
28.10.2025 13:00;28.10.2025 14:00;62,3
28.10.2025 14:00;28.10.2025 15:00;64,42
28.10.2025 15:00;28.10.2025 16:00;73,1
28.10.2025 16:00;28.10.2025 17:00;80,07
28.10.2025 17:00;28.10.2025 18:00;93,83
28.10.2025 18:00;28.10.2025 19:00;110,23
28.10.2025 19:00;28.10.2025 20:00;106,91
28.10.2025 20:00;28.10.2025 21:00;91,92
28.10.2025 21:00;28.10.2025 22:00;80,84
28.10.2025 22:00;28.10.2025 23:00;79,58
28.10.2025 23:00;29.10.2025 00:00;73,22
29.10.2025 00:00;29.10.2025 01:00;58,8
29.10.2025 01:00;29.10.2025 02:00;54,04
29.10.2025 02:00;29.10.2025 03:00;54,16
29.10.2025 03:00;29.10.2025 04:00;56,35
29.10.2025 04:00;29.10.2025 05:00;54,73
29.10.2025 05:00;29.10.2025 06:00;66,62
29.10.2025 06:00;29.10.2025 07:00;95,43
29.10.2025 07:00;29.10.2025 08:00;107,53
29.10.2025 08:00;29.10.2025 09:00;100,27
29.10.2025 09:00;29.10.2025 10:00;85,81
29.10.2025 10:00;29.10.2025 11:00;71,95
29.10.2025 11:00;29.10.2025 12:00;70,21
29.10.2025 12:00;29.10.2025 13:00;70,84
29.10.2025 13:00;29.10.2025 14:00;77,11
29.10.2025 14:00;29.10.2025 15:00;88,85
29.10.2025 15:00;29.10.2025 16:00;116,36
29.10.2025 16:00;29.10.2025 17:00;126,23
29.10.2025 17:00;29.10.2025 18:00;126,98
29.10.2025 18:00;29.10.2025 19:00;128,74
29.10.2025 19:00;29.10.2025 20:00;113,54
29.10.2025 20:00;29.10.2025 21:00;102,65
29.10.2025 21:00;29.10.2025 22:00;96,5
29.10.2025 22:00;29.10.2025 23:00;94,42
29.10.2025 23:00;30.10.2025 00:00;87,14
30.10.2025 00:00;30.10.2025 01:00;75,25
30.10.2025 01:00;30.10.2025 02:00;70,11
30.10.2025 02:00;30.10.2025 03:00;65,53
30.10.2025 03:00;30.10.2025 04:00;60,42
30.10.2025 04:00;30.10.2025 05:00;57,15
30.10.2025 05:00;30.10.2025 06:00;60,01
30.10.2025 06:00;30.10.2025 07:00;69,18
30.10.2025 07:00;30.10.2025 08:00;79,94
30.10.2025 08:00;30.10.2025 09:00;85,3
30.10.2025 09:00;30.10.2025 10:00;66,72
30.10.2025 10:00;30.10.2025 11:00;42,9
30.10.2025 11:00;30.10.2025 12:00;7,08
30.10.2025 12:00;30.10.2025 13:00;0,0
30.10.2025 13:00;30.10.2025 14:00;0,0
30.10.2025 14:00;30.10.2025 15:00;31,29
30.10.2025 15:00;30.10.2025 16:00;69,8
30.10.2025 16:00;30.10.2025 17:00;85,3
30.10.2025 17:00;30.10.2025 18:00;117,93
30.10.2025 18:00;30.10.2025 19:00;117,7
30.10.2025 19:00;30.10.2025 20:00;117,67
30.10.2025 20:00;30.10.2025 21:00;105,29
30.10.2025 21:00;30.10.2025 22:00;98,04
30.10.2025 22:00;30.10.2025 23:00;98,44
30.10.2025 23:00;31.10.2025 00:00;84,83
31.10.2025 00:00;31.10.2025 01:00;87,74
31.10.2025 01:00;31.10.2025 02:00;78,16
31.10.2025 02:00;31.10.2025 03:00;74,74
31.10.2025 03:00;31.10.2025 04:00;75,68
31.10.2025 04:00;31.10.2025 05:00;79,76
31.10.2025 05:00;31.10.2025 06:00;91,83
31.10.2025 06:00;31.10.2025 07:00;120,39
31.10.2025 07:00;31.10.2025 08:00;119,57
31.10.2025 08:00;31.10.2025 09:00;108,77
31.10.2025 09:00;31.10.2025 10:00;83,01
31.10.2025 10:00;31.10.2025 11:00;75,67
31.10.2025 11:00;31.10.2025 12:00;74,09
31.10.2025 12:00;31.10.2025 13:00;75,99
31.10.2025 13:00;31.10.2025 14:00;84,21
31.10.2025 14:00;31.10.2025 15:00;106,7
31.10.2025 15:00;31.10.2025 16:00;127,08
31.10.2025 16:00;31.10.2025 17:00;132,05
31.10.2025 17:00;31.10.2025 18:00;122,18
31.10.2025 18:00;31.10.2025 19:00;107,28
31.10.2025 19:00;31.10.2025 20:00;90,01
31.10.2025 20:00;31.10.2025 21:00;86,05
31.10.2025 21:00;31.10.2025 22:00;87,47
31.10.2025 22:00;31.10.2025 23:00;81,85
31.10.2025 23:00;01.11.2025 00:00;67,6
01.11.2025 00:00;01.11.2025 01:00;54,71
01.11.2025 01:00;01.11.2025 02:00;38,12
01.11.2025 02:00;01.11.2025 03:00;28,27
01.11.2025 03:00;01.11.2025 04:00;29,96
01.11.2025 04:00;01.11.2025 05:00;19,9
01.11.2025 05:00;01.11.2025 06:00;15,33
01.11.2025 06:00;01.11.2025 07:00;11,63
01.11.2025 07:00;01.11.2025 08:00;17,61
01.11.2025 08:00;01.11.2025 09:00;29,95
01.11.2025 09:00;01.11.2025 10:00;27,04
01.11.2025 10:00;01.11.2025 11:00;18,3
01.11.2025 11:00;01.11.2025 12:00;15,76
01.11.2025 12:00;01.11.2025 13:00;21,02
01.11.2025 13:00;01.11.2025 14:00;31,74
01.11.2025 14:00;01.11.2025 15:00;54,0
01.11.2025 15:00;01.11.2025 16:00;59,07
01.11.2025 16:00;01.11.2025 17:00;76,59
01.11.2025 17:00;01.11.2025 18:00;88,79
01.11.2025 18:00;01.11.2025 19:00;89,06
01.11.2025 19:00;01.11.2025 20:00;86,4
01.11.2025 20:00;01.11.2025 21:00;86,2
01.11.2025 21:00;01.11.2025 22:00;83,28
01.11.2025 22:00;01.11.2025 23:00;82,93
01.11.2025 23:00;02.11.2025 00:00;77,51
02.11.2025 00:00;02.11.2025 01:00;64,29
02.11.2025 01:00;02.11.2025 02:00;60,33
02.11.2025 02:00;02.11.2025 03:00;60,98
02.11.2025 03:00;02.11.2025 04:00;62,73
02.11.2025 04:00;02.11.2025 05:00;67,02
02.11.2025 05:00;02.11.2025 06:00;68,81
02.11.2025 06:00;02.11.2025 07:00;70,35
02.11.2025 07:00;02.11.2025 08:00;75,53
02.11.2025 08:00;02.11.2025 09:00;77,12
02.11.2025 09:00;02.11.2025 10:00;78,46
02.11.2025 10:00;02.11.2025 11:00;74,99
02.11.2025 11:00;02.11.2025 12:00;74,98
02.11.2025 12:00;02.11.2025 13:00;75,21
02.11.2025 13:00;02.11.2025 14:00;83,16
02.11.2025 14:00;02.11.2025 15:00;92,55
02.11.2025 15:00;02.11.2025 16:00;110,65
02.11.2025 16:00;02.11.2025 17:00;116,5
02.11.2025 17:00;02.11.2025 18:00;132,07
02.11.2025 18:00;02.11.2025 19:00;130,41
02.11.2025 19:00;02.11.2025 20:00;113,61
02.11.2025 20:00;02.11.2025 21:00;98,6
02.11.2025 21:00;02.11.2025 22:00;95,33
02.11.2025 22:00;02.11.2025 23:00;93,18
02.11.2025 23:00;03.11.2025 00:00;85,04
03.11.2025 00:00;03.11.2025 01:00;82,44
03.11.2025 01:00;03.11.2025 02:00;80,11
03.11.2025 02:00;03.11.2025 03:00;75,0
03.11.2025 03:00;03.11.2025 04:00;73,14
03.11.2025 04:00;03.11.2025 05:00;74,97
03.11.2025 05:00;03.11.2025 06:00;75,0
03.11.2025 06:00;03.11.2025 07:00;95,33
03.11.2025 07:00;03.11.2025 08:00;117,26
03.11.2025 08:00;03.11.2025 09:00;105,0
03.11.2025 09:00;03.11.2025 10:00;85,76
03.11.2025 10:00;03.11.2025 11:00;75,45
03.11.2025 11:00;03.11.2025 12:00;71,68
03.11.2025 12:00;03.11.2025 13:00;67,99
03.11.2025 13:00;03.11.2025 14:00;71,93
03.11.2025 14:00;03.11.2025 15:00;74,98
03.11.2025 15:00;03.11.2025 16:00;82,61
03.11.2025 16:00;03.11.2025 17:00;92,74
03.11.2025 17:00;03.11.2025 18:00;92,52
03.11.2025 18:00;03.11.2025 19:00;90,56
03.11.2025 19:00;03.11.2025 20:00;81,57
03.11.2025 20:00;03.11.2025 21:00;71,63
03.11.2025 21:00;03.11.2025 22:00;60,01
03.11.2025 22:00;03.11.2025 23:00;52,71
03.11.2025 23:00;04.11.2025 00:00;28,72
04.11.2025 00:00;04.11.2025 01:00;16,53
04.11.2025 01:00;04.11.2025 02:00;7,26
04.11.2025 02:00;04.11.2025 03:00;4,93
04.11.2025 03:00;04.11.2025 04:00;6,31
04.11.2025 04:00;04.11.2025 05:00;21,2
04.11.2025 05:00;04.11.2025 06:00;58,43
04.11.2025 06:00;04.11.2025 07:00;81,04
04.11.2025 07:00;04.11.2025 08:00;114,31
04.11.2025 08:00;04.11.2025 09:00;110,0
04.11.2025 09:00;04.11.2025 10:00;80,85
04.11.2025 10:00;04.11.2025 11:00;60,65
04.11.2025 11:00;04.11.2025 12:00;52,87
04.11.2025 12:00;04.11.2025 13:00;50,15
04.11.2025 13:00;04.11.2025 14:00;66,94
04.11.2025 14:00;04.11.2025 15:00;81,05
04.11.2025 15:00;04.11.2025 16:00;116,26
04.11.2025 16:00;04.11.2025 17:00;127,48
04.11.2025 17:00;04.11.2025 18:00;129,1
04.11.2025 18:00;04.11.2025 19:00;122,76
04.11.2025 19:00;04.11.2025 20:00;106,7
04.11.2025 20:00;04.11.2025 21:00;96,75
04.11.2025 21:00;04.11.2025 22:00;91,37
04.11.2025 22:00;04.11.2025 23:00;86,24
04.11.2025 23:00;05.11.2025 00:00;76,12
05.11.2025 00:00;05.11.2025 01:00;77,33
05.11.2025 01:00;05.11.2025 02:00;75,82
05.11.2025 02:00;05.11.2025 03:00;74,36
05.11.2025 03:00;05.11.2025 04:00;74,68
05.11.2025 04:00;05.11.2025 05:00;78,88
05.11.2025 05:00;05.11.2025 06:00;85,0
05.11.2025 06:00;05.11.2025 07:00;91,36
05.11.2025 07:00;05.11.2025 08:00;115,9
05.11.2025 08:00;05.11.2025 09:00;107,12
05.11.2025 09:00;05.11.2025 10:00;74,54
05.11.2025 10:00;05.11.2025 11:00;62,88
05.11.2025 11:00;05.11.2025 12:00;62,01
05.11.2025 12:00;05.11.2025 13:00;62,07
05.11.2025 13:00;05.11.2025 14:00;77,33
05.11.2025 14:00;05.11.2025 15:00;96,19
05.11.2025 15:00;05.11.2025 16:00;115,4
05.11.2025 16:00;05.11.2025 17:00;141,38
05.11.2025 17:00;05.11.2025 18:00;147,42
05.11.2025 18:00;05.11.2025 19:00;127,58
05.11.2025 19:00;05.11.2025 20:00;114,76
05.11.2025 20:00;05.11.2025 21:00;104,79
05.11.2025 21:00;05.11.2025 22:00;98,92
05.11.2025 22:00;05.11.2025 23:00;88,85
05.11.2025 23:00;06.11.2025 00:00;87,7
06.11.2025 00:00;06.11.2025 01:00;93,37
06.11.2025 01:00;06.11.2025 02:00;90,83
06.11.2025 02:00;06.11.2025 03:00;91,4
06.11.2025 03:00;06.11.2025 04:00;90,51
06.11.2025 04:00;06.11.2025 05:00;91,9
06.11.2025 05:00;06.11.2025 06:00;92,17
06.11.2025 06:00;06.11.2025 07:00;118,35
06.11.2025 07:00;06.11.2025 08:00;130,23
06.11.2025 08:00;06.11.2025 09:00;119,68
06.11.2025 09:00;06.11.2025 10:00;93,21
06.11.2025 10:00;06.11.2025 11:00;85,16
06.11.2025 11:00;06.11.2025 12:00;83,7
06.11.2025 12:00;06.11.2025 13:00;83,99
06.11.2025 13:00;06.11.2025 14:00;87,18
06.11.2025 14:00;06.11.2025 15:00;99,49
06.11.2025 15:00;06.11.2025 16:00;128,24
06.11.2025 16:00;06.11.2025 17:00;147,5
06.11.2025 17:00;06.11.2025 18:00;154,26
06.11.2025 18:00;06.11.2025 19:00;137,45
06.11.2025 19:00;06.11.2025 20:00;126,46
06.11.2025 20:00;06.11.2025 21:00;114,97
06.11.2025 21:00;06.11.2025 22:00;100,98
06.11.2025 22:00;06.11.2025 23:00;97,49
06.11.2025 23:00;07.11.2025 00:00;90,55
07.11.2025 00:00;07.11.2025 01:00;90,18
07.11.2025 01:00;07.11.2025 02:00;88,82
07.11.2025 02:00;07.11.2025 03:00;89,6
07.11.2025 03:00;07.11.2025 04:00;89,61
07.11.2025 04:00;07.11.2025 05:00;90,41
07.11.2025 05:00;07.11.2025 06:00;94,21
07.11.2025 06:00;07.11.2025 07:00;112,27
07.11.2025 07:00;07.11.2025 08:00;133,88
07.11.2025 08:00;07.11.2025 09:00;128,05
07.11.2025 09:00;07.11.2025 10:00;108,1
07.11.2025 10:00;07.11.2025 11:00;93,38
07.11.2025 11:00;07.11.2025 12:00;89,99
07.11.2025 12:00;07.11.2025 13:00;88,8
07.11.2025 13:00;07.11.2025 14:00;92,05
07.11.2025 14:00;07.11.2025 15:00;103,1
07.11.2025 15:00;07.11.2025 16:00;129,62
07.11.2025 16:00;07.11.2025 17:00;165,12
07.11.2025 17:00;07.11.2025 18:00;178,54
07.11.2025 18:00;07.11.2025 19:00;145,68
07.11.2025 19:00;07.11.2025 20:00;131,48
07.11.2025 20:00;07.11.2025 21:00;119,43
07.11.2025 21:00;07.11.2025 22:00;106,65
07.11.2025 22:00;07.11.2025 23:00;98,28
07.11.2025 23:00;08.11.2025 00:00;92,05
08.11.2025 00:00;08.11.2025 01:00;96,53
08.11.2025 01:00;08.11.2025 02:00;96,32
08.11.2025 02:00;08.11.2025 03:00;94,0
08.11.2025 03:00;08.11.2025 04:00;93,97
08.11.2025 04:00;08.11.2025 05:00;95,04
08.11.2025 05:00;08.11.2025 06:00;94,2
08.11.2025 06:00;08.11.2025 07:00;95,28
08.11.2025 07:00;08.11.2025 08:00;103,84
08.11.2025 08:00;08.11.2025 09:00;105,5
08.11.2025 09:00;08.11.2025 10:00;103,62
08.11.2025 10:00;08.11.2025 11:00;102,18
08.11.2025 11:00;08.11.2025 12:00;96,95
08.11.2025 12:00;08.11.2025 13:00;95,16
08.11.2025 13:00;08.11.2025 14:00;95,91
08.11.2025 14:00;08.11.2025 15:00;101,54
08.11.2025 15:00;08.11.2025 16:00;117,62
08.11.2025 16:00;08.11.2025 17:00;124,64
08.11.2025 17:00;08.11.2025 18:00;134,92
08.11.2025 18:00;08.11.2025 19:00;136,53
08.11.2025 19:00;08.11.2025 20:00;131,98
08.11.2025 20:00;08.11.2025 21:00;122,97
08.11.2025 21:00;08.11.2025 22:00;113,3
08.11.2025 22:00;08.11.2025 23:00;106,26
08.11.2025 23:00;09.11.2025 00:00;96,91
09.11.2025 00:00;09.11.2025 01:00;96,35
09.11.2025 01:00;09.11.2025 02:00;94,56
09.11.2025 02:00;09.11.2025 03:00;92,83
09.11.2025 03:00;09.11.2025 04:00;91,13
09.11.2025 04:00;09.11.2025 05:00;91,65
09.11.2025 05:00;09.11.2025 06:00;91,69
09.11.2025 06:00;09.11.2025 07:00;89,94
09.11.2025 07:00;09.11.2025 08:00;88,62
09.11.2025 08:00;09.11.2025 09:00;97,27
09.11.2025 09:00;09.11.2025 10:00;97,62
09.11.2025 10:00;09.11.2025 11:00;97,03
09.11.2025 11:00;09.11.2025 12:00;97,3
09.11.2025 12:00;09.11.2025 13:00;97,84
09.11.2025 13:00;09.11.2025 14:00;96,4
09.11.2025 14:00;09.11.2025 15:00;97,32
09.11.2025 15:00;09.11.2025 16:00;97,79
09.11.2025 16:00;09.11.2025 17:00;109,85
09.11.2025 17:00;09.11.2025 18:00;125,1
09.11.2025 18:00;09.11.2025 19:00;126,1
09.11.2025 19:00;09.11.2025 20:00;117,96
09.11.2025 20:00;09.11.2025 21:00;106,0
09.11.2025 21:00;09.11.2025 22:00;93,54
09.11.2025 22:00;09.11.2025 23:00;92,32
09.11.2025 23:00;10.11.2025 00:00;89,93
10.11.2025 00:00;10.11.2025 01:00;88,98
10.11.2025 01:00;10.11.2025 02:00;87,64
10.11.2025 02:00;10.11.2025 03:00;88,9
10.11.2025 03:00;10.11.2025 04:00;87,52
10.11.2025 04:00;10.11.2025 05:00;87,18
10.11.2025 05:00;10.11.2025 06:00;92,31
10.11.2025 06:00;10.11.2025 07:00;113,45
10.11.2025 07:00;10.11.2025 08:00;143,0
10.11.2025 08:00;10.11.2025 09:00;157,88
10.11.2025 09:00;10.11.2025 10:00;144,3
10.11.2025 10:00;10.11.2025 11:00;126,27
10.11.2025 11:00;10.11.2025 12:00;115,25
10.11.2025 12:00;10.11.2025 13:00;105,92
10.11.2025 13:00;10.11.2025 14:00;108,41
10.11.2025 14:00;10.11.2025 15:00;115,57
10.11.2025 15:00;10.11.2025 16:00;126,25
10.11.2025 16:00;10.11.2025 17:00;133,36
10.11.2025 17:00;10.11.2025 18:00;139,4
10.11.2025 18:00;10.11.2025 19:00;120,73
10.11.2025 19:00;10.11.2025 20:00;103,66
10.11.2025 20:00;10.11.2025 21:00;90,11
10.11.2025 21:00;10.11.2025 22:00;88,99
10.11.2025 22:00;10.11.2025 23:00;88,39
10.11.2025 23:00;11.11.2025 00:00;83,87
11.11.2025 00:00;11.11.2025 01:00;83,19
11.11.2025 01:00;11.11.2025 02:00;79,98
11.11.2025 02:00;11.11.2025 03:00;75,8
11.11.2025 03:00;11.11.2025 04:00;74,87
11.11.2025 04:00;11.11.2025 05:00;75,5
11.11.2025 05:00;11.11.2025 06:00;77,07
11.11.2025 06:00;11.11.2025 07:00;86,79
11.11.2025 07:00;11.11.2025 08:00;105,21
11.11.2025 08:00;11.11.2025 09:00;113,8
11.11.2025 09:00;11.11.2025 10:00;103,12
11.11.2025 10:00;11.11.2025 11:00;91,47
11.11.2025 11:00;11.11.2025 12:00;87,92
11.11.2025 12:00;11.11.2025 13:00;86,66
11.11.2025 13:00;11.11.2025 14:00;89,93
11.11.2025 14:00;11.11.2025 15:00;101,24
11.11.2025 15:00;11.11.2025 16:00;124,28
11.11.2025 16:00;11.11.2025 17:00;143,07
11.11.2025 17:00;11.11.2025 18:00;143,26
11.11.2025 18:00;11.11.2025 19:00;115,0
11.11.2025 19:00;11.11.2025 20:00;105,03
11.11.2025 20:00;11.11.2025 21:00;98,18
11.11.2025 21:00;11.11.2025 22:00;96,38
11.11.2025 22:00;11.11.2025 23:00;92,06
11.11.2025 23:00;12.11.2025 00:00;75,5
12.11.2025 00:00;12.11.2025 01:00;74,98
12.11.2025 01:00;12.11.2025 02:00;68,32
12.11.2025 02:00;12.11.2025 03:00;64,41
12.11.2025 03:00;12.11.2025 04:00;62,4
12.11.2025 04:00;12.11.2025 05:00;62,3
12.11.2025 05:00;12.11.2025 06:00;69,3
12.11.2025 06:00;12.11.2025 07:00;77,0
12.11.2025 07:00;12.11.2025 08:00;107,26
12.11.2025 08:00;12.11.2025 09:00;100,72
12.11.2025 09:00;12.11.2025 10:00;78,11
12.11.2025 10:00;12.11.2025 11:00;71,53
12.11.2025 11:00;12.11.2025 12:00;60,0
12.11.2025 12:00;12.11.2025 13:00;59,14
12.11.2025 13:00;12.11.2025 14:00;73,77
12.11.2025 14:00;12.11.2025 15:00;80,43
12.11.2025 15:00;12.11.2025 16:00;104,97
12.11.2025 16:00;12.11.2025 17:00;113,63
12.11.2025 17:00;12.11.2025 18:00;115,4
12.11.2025 18:00;12.11.2025 19:00;104,87
12.11.2025 19:00;12.11.2025 20:00;88,93
12.11.2025 20:00;12.11.2025 21:00;80,95
12.11.2025 21:00;12.11.2025 22:00;76,91
12.11.2025 22:00;12.11.2025 23:00;75,55
12.11.2025 23:00;13.11.2025 00:00;56,93
13.11.2025 00:00;13.11.2025 01:00;32,92
13.11.2025 01:00;13.11.2025 02:00;18,97
13.11.2025 02:00;13.11.2025 03:00;11,19
13.11.2025 03:00;13.11.2025 04:00;7,78
13.11.2025 04:00;13.11.2025 05:00;6,0
13.11.2025 05:00;13.11.2025 06:00;25,97
13.11.2025 06:00;13.11.2025 07:00;50,89
13.11.2025 07:00;13.11.2025 08:00;76,85
13.11.2025 08:00;13.11.2025 09:00;66,08
13.11.2025 09:00;13.11.2025 10:00;53,61
13.11.2025 10:00;13.11.2025 11:00;50,32
13.11.2025 11:00;13.11.2025 12:00;42,96
13.11.2025 12:00;13.11.2025 13:00;48,09
13.11.2025 13:00;13.11.2025 14:00;60,57
13.11.2025 14:00;13.11.2025 15:00;77,34
13.11.2025 15:00;13.11.2025 16:00;101,66
13.11.2025 16:00;13.11.2025 17:00;111,51
13.11.2025 17:00;13.11.2025 18:00;130,1
13.11.2025 18:00;13.11.2025 19:00;131,8
13.11.2025 19:00;13.11.2025 20:00;129,89
13.11.2025 20:00;13.11.2025 21:00;111,85
13.11.2025 21:00;13.11.2025 22:00;116,61
13.11.2025 22:00;13.11.2025 23:00;110,59
13.11.2025 23:00;14.11.2025 00:00;102,77
14.11.2025 00:00;14.11.2025 01:00;98,44
14.11.2025 01:00;14.11.2025 02:00;95,8
14.11.2025 02:00;14.11.2025 03:00;94,93
14.11.2025 03:00;14.11.2025 04:00;91,53
14.11.2025 04:00;14.11.2025 05:00;92,13
14.11.2025 05:00;14.11.2025 06:00;91,6
14.11.2025 06:00;14.11.2025 07:00;112,78
14.11.2025 07:00;14.11.2025 08:00;138,35
14.11.2025 08:00;14.11.2025 09:00;136,39
14.11.2025 09:00;14.11.2025 10:00;120,9
14.11.2025 10:00;14.11.2025 11:00;112,03
14.11.2025 11:00;14.11.2025 12:00;106,04
14.11.2025 12:00;14.11.2025 13:00;101,23
14.11.2025 13:00;14.11.2025 14:00;105,42
14.11.2025 14:00;14.11.2025 15:00;107,06
14.11.2025 15:00;14.11.2025 16:00;115,39
14.11.2025 16:00;14.11.2025 17:00;115,97
14.11.2025 17:00;14.11.2025 18:00;131,57
14.11.2025 18:00;14.11.2025 19:00;119,81
14.11.2025 19:00;14.11.2025 20:00;106,49
14.11.2025 20:00;14.11.2025 21:00;98,92
14.11.2025 21:00;14.11.2025 22:00;93,16
14.11.2025 22:00;14.11.2025 23:00;97,02
14.11.2025 23:00;15.11.2025 00:00;78,65
15.11.2025 00:00;15.11.2025 01:00;77,38
15.11.2025 01:00;15.11.2025 02:00;77,95
15.11.2025 02:00;15.11.2025 03:00;74,72
15.11.2025 03:00;15.11.2025 04:00;73,03
15.11.2025 04:00;15.11.2025 05:00;72,2
15.11.2025 05:00;15.11.2025 06:00;70,62
15.11.2025 06:00;15.11.2025 07:00;68,16
15.11.2025 07:00;15.11.2025 08:00;77,06
15.11.2025 08:00;15.11.2025 09:00;80,07
15.11.2025 09:00;15.11.2025 10:00;85,24
15.11.2025 10:00;15.11.2025 11:00;85,61
15.11.2025 11:00;15.11.2025 12:00;85,42
15.11.2025 12:00;15.11.2025 13:00;84,19
15.11.2025 13:00;15.11.2025 14:00;90,67
15.11.2025 14:00;15.11.2025 15:00;94,65
15.11.2025 15:00;15.11.2025 16:00;101,19
15.11.2025 16:00;15.11.2025 17:00;109,79
15.11.2025 17:00;15.11.2025 18:00;121,8
15.11.2025 18:00;15.11.2025 19:00;121,52
15.11.2025 19:00;15.11.2025 20:00;114,07
15.11.2025 20:00;15.11.2025 21:00;109,13
15.11.2025 21:00;15.11.2025 22:00;102,89
15.11.2025 22:00;15.11.2025 23:00;101,72
15.11.2025 23:00;16.11.2025 00:00;97,87
16.11.2025 00:00;16.11.2025 01:00;93,75
16.11.2025 01:00;16.11.2025 02:00;95,0
16.11.2025 02:00;16.11.2025 03:00;93,35
16.11.2025 03:00;16.11.2025 04:00;91,45
16.11.2025 04:00;16.11.2025 05:00;88,22
16.11.2025 05:00;16.11.2025 06:00;91,13
16.11.2025 06:00;16.11.2025 07:00;85,67
16.11.2025 07:00;16.11.2025 08:00;92,49
16.11.2025 08:00;16.11.2025 09:00;98,49
16.11.2025 09:00;16.11.2025 10:00;101,19
16.11.2025 10:00;16.11.2025 11:00;99,28
16.11.2025 11:00;16.11.2025 12:00;102,57
16.11.2025 12:00;16.11.2025 13:00;102,47
16.11.2025 13:00;16.11.2025 14:00;104,0
16.11.2025 14:00;16.11.2025 15:00;109,27
16.11.2025 15:00;16.11.2025 16:00;116,72
16.11.2025 16:00;16.11.2025 17:00;124,5
16.11.2025 17:00;16.11.2025 18:00;129,37
16.11.2025 18:00;16.11.2025 19:00;125,21
16.11.2025 19:00;16.11.2025 20:00;115,33
16.11.2025 20:00;16.11.2025 21:00;102,72
16.11.2025 21:00;16.11.2025 22:00;91,41
16.11.2025 22:00;16.11.2025 23:00;94,39
16.11.2025 23:00;17.11.2025 00:00;86,53
17.11.2025 00:00;17.11.2025 01:00;88,29
17.11.2025 01:00;17.11.2025 02:00;80,56
17.11.2025 02:00;17.11.2025 03:00;74,09
17.11.2025 03:00;17.11.2025 04:00;71,32
17.11.2025 04:00;17.11.2025 05:00;74,1
17.11.2025 05:00;17.11.2025 06:00;83,6
17.11.2025 06:00;17.11.2025 07:00;89,59
17.11.2025 07:00;17.11.2025 08:00;114,87
17.11.2025 08:00;17.11.2025 09:00;126,99
17.11.2025 09:00;17.11.2025 10:00;121,69
17.11.2025 10:00;17.11.2025 11:00;105,22
17.11.2025 11:00;17.11.2025 12:00;84,39
17.11.2025 12:00;17.11.2025 13:00;77,81
17.11.2025 13:00;17.11.2025 14:00;77,79
17.11.2025 14:00;17.11.2025 15:00;87,04
17.11.2025 15:00;17.11.2025 16:00;97,52
17.11.2025 16:00;17.11.2025 17:00;107,32
17.11.2025 17:00;17.11.2025 18:00;117,36
17.11.2025 18:00;17.11.2025 19:00;116,49
17.11.2025 19:00;17.11.2025 20:00;110,7
17.11.2025 20:00;17.11.2025 21:00;102,89
17.11.2025 21:00;17.11.2025 22:00;92,7
17.11.2025 22:00;17.11.2025 23:00;89,71
17.11.2025 23:00;18.11.2025 00:00;81,14
18.11.2025 00:00;18.11.2025 01:00;84,88
18.11.2025 01:00;18.11.2025 02:00;82,83
18.11.2025 02:00;18.11.2025 03:00;79,04
18.11.2025 03:00;18.11.2025 04:00;77,72
18.11.2025 04:00;18.11.2025 05:00;80,51
18.11.2025 05:00;18.11.2025 06:00;83,47
18.11.2025 06:00;18.11.2025 07:00;91,05
18.11.2025 07:00;18.11.2025 08:00;104,74
18.11.2025 08:00;18.11.2025 09:00;119,84
18.11.2025 09:00;18.11.2025 10:00;107,45
18.11.2025 10:00;18.11.2025 11:00;92,13
18.11.2025 11:00;18.11.2025 12:00;88,8
18.11.2025 12:00;18.11.2025 13:00;89,2
18.11.2025 13:00;18.11.2025 14:00;90,6
18.11.2025 14:00;18.11.2025 15:00;96,58
18.11.2025 15:00;18.11.2025 16:00;120,6
18.11.2025 16:00;18.11.2025 17:00;141,91
18.11.2025 17:00;18.11.2025 18:00;151,66
18.11.2025 18:00;18.11.2025 19:00;143,8
18.11.2025 19:00;18.11.2025 20:00;131,15
18.11.2025 20:00;18.11.2025 21:00;107,13
18.11.2025 21:00;18.11.2025 22:00;94,64
18.11.2025 22:00;18.11.2025 23:00;97,48
18.11.2025 23:00;19.11.2025 00:00;89,96
19.11.2025 00:00;19.11.2025 01:00;87,38
19.11.2025 01:00;19.11.2025 02:00;86,23
19.11.2025 02:00;19.11.2025 03:00;84,17
19.11.2025 03:00;19.11.2025 04:00;83,19
19.11.2025 04:00;19.11.2025 05:00;84,39
19.11.2025 05:00;19.11.2025 06:00;87,0
19.11.2025 06:00;19.11.2025 07:00;99,03
19.11.2025 07:00;19.11.2025 08:00;127,03
19.11.2025 08:00;19.11.2025 09:00;136,67
19.11.2025 09:00;19.11.2025 10:00;115,16
19.11.2025 10:00;19.11.2025 11:00;97,52
19.11.2025 11:00;19.11.2025 12:00;91,62
19.11.2025 12:00;19.11.2025 13:00;89,59
19.11.2025 13:00;19.11.2025 14:00;93,6
19.11.2025 14:00;19.11.2025 15:00;104,62
19.11.2025 15:00;19.11.2025 16:00;113,05
19.11.2025 16:00;19.11.2025 17:00;117,81
19.11.2025 17:00;19.11.2025 18:00;127,57
19.11.2025 18:00;19.11.2025 19:00;119,19
19.11.2025 19:00;19.11.2025 20:00;119,05
19.11.2025 20:00;19.11.2025 21:00;105,69
19.11.2025 21:00;19.11.2025 22:00;100,23
19.11.2025 22:00;19.11.2025 23:00;99,17
19.11.2025 23:00;20.11.2025 00:00;91,89
20.11.2025 00:00;20.11.2025 01:00;90,63
20.11.2025 01:00;20.11.2025 02:00;88,09
20.11.2025 02:00;20.11.2025 03:00;87,03
20.11.2025 03:00;20.11.2025 04:00;86,8
20.11.2025 04:00;20.11.2025 05:00;87,13
20.11.2025 05:00;20.11.2025 06:00;90,5
20.11.2025 06:00;20.11.2025 07:00;103,68
20.11.2025 07:00;20.11.2025 08:00;144,41
20.11.2025 08:00;20.11.2025 09:00;155,72
20.11.2025 09:00;20.11.2025 10:00;153,66
20.11.2025 10:00;20.11.2025 11:00;141,27
20.11.2025 11:00;20.11.2025 12:00;129,3
20.11.2025 12:00;20.11.2025 13:00;125,05
20.11.2025 13:00;20.11.2025 14:00;126,1
20.11.2025 14:00;20.11.2025 15:00;134,2
20.11.2025 15:00;20.11.2025 16:00;149,69
20.11.2025 16:00;20.11.2025 17:00;175,83
20.11.2025 17:00;20.11.2025 18:00;175,47
20.11.2025 18:00;20.11.2025 19:00;163,25
20.11.2025 19:00;20.11.2025 20:00;156,02
20.11.2025 20:00;20.11.2025 21:00;137,1
20.11.2025 21:00;20.11.2025 22:00;120,75
20.11.2025 22:00;20.11.2025 23:00;108,24
20.11.2025 23:00;21.11.2025 00:00;93,76
21.11.2025 00:00;21.11.2025 01:00;101,55
21.11.2025 01:00;21.11.2025 02:00;94,14
21.11.2025 02:00;21.11.2025 03:00;90,28
21.11.2025 03:00;21.11.2025 04:00;90,19
21.11.2025 04:00;21.11.2025 05:00;93,63
21.11.2025 05:00;21.11.2025 06:00;101,87
21.11.2025 06:00;21.11.2025 07:00;133,53
21.11.2025 07:00;21.11.2025 08:00;180,42
21.11.2025 08:00;21.11.2025 09:00;205,38
21.11.2025 09:00;21.11.2025 10:00;181,83
21.11.2025 10:00;21.11.2025 11:00;151,02
21.11.2025 11:00;21.11.2025 12:00;137,72
21.11.2025 12:00;21.11.2025 13:00;130,34
21.11.2025 13:00;21.11.2025 14:00;135,58
21.11.2025 14:00;21.11.2025 15:00;153,75
21.11.2025 15:00;21.11.2025 16:00;196,84
21.11.2025 16:00;21.11.2025 17:00;251,87
21.11.2025 17:00;21.11.2025 18:00;250,01
21.11.2025 18:00;21.11.2025 19:00;205,09
21.11.2025 19:00;21.11.2025 20:00;171,37
21.11.2025 20:00;21.11.2025 21:00;141,95
21.11.2025 21:00;21.11.2025 22:00;117,31
21.11.2025 22:00;21.11.2025 23:00;104,9
21.11.2025 23:00;22.11.2025 00:00;95,03
22.11.2025 00:00;22.11.2025 01:00;102,25
22.11.2025 01:00;22.11.2025 02:00;94,6
22.11.2025 02:00;22.11.2025 03:00;88,44
22.11.2025 03:00;22.11.2025 04:00;85,28
22.11.2025 04:00;22.11.2025 05:00;86,1
22.11.2025 05:00;22.11.2025 06:00;85,28
22.11.2025 06:00;22.11.2025 07:00;90,52
22.11.2025 07:00;22.11.2025 08:00;106,75
22.11.2025 08:00;22.11.2025 09:00;104,21
22.11.2025 09:00;22.11.2025 10:00;89,12
22.11.2025 10:00;22.11.2025 11:00;82,01
22.11.2025 11:00;22.11.2025 12:00;78,58
22.11.2025 12:00;22.11.2025 13:00;76,28
22.11.2025 13:00;22.11.2025 14:00;75,37
22.11.2025 14:00;22.11.2025 15:00;81,65
22.11.2025 15:00;22.11.2025 16:00;88,97
22.11.2025 16:00;22.11.2025 17:00;105,0
22.11.2025 17:00;22.11.2025 18:00;114,46
22.11.2025 18:00;22.11.2025 19:00;109,25
22.11.2025 19:00;22.11.2025 20:00;98,33
22.11.2025 20:00;22.11.2025 21:00;86,61
22.11.2025 21:00;22.11.2025 22:00;89,25
22.11.2025 22:00;22.11.2025 23:00;89,43
22.11.2025 23:00;23.11.2025 00:00;82,23
23.11.2025 00:00;23.11.2025 01:00;81,53
23.11.2025 01:00;23.11.2025 02:00;74,35
23.11.2025 02:00;23.11.2025 03:00;70,44
23.11.2025 03:00;23.11.2025 04:00;63,23
23.11.2025 04:00;23.11.2025 05:00;60,89
23.11.2025 05:00;23.11.2025 06:00;64,21
23.11.2025 06:00;23.11.2025 07:00;62,03
23.11.2025 07:00;23.11.2025 08:00;67,98
23.11.2025 08:00;23.11.2025 09:00;67,83
23.11.2025 09:00;23.11.2025 10:00;65,96
23.11.2025 10:00;23.11.2025 11:00;65,99
23.11.2025 11:00;23.11.2025 12:00;66,69
23.11.2025 12:00;23.11.2025 13:00;67,86
23.11.2025 13:00;23.11.2025 14:00;65,46
23.11.2025 14:00;23.11.2025 15:00;69,43
23.11.2025 15:00;23.11.2025 16:00;77,29
23.11.2025 16:00;23.11.2025 17:00;77,89
23.11.2025 17:00;23.11.2025 18:00;80,84
23.11.2025 18:00;23.11.2025 19:00;82,54
23.11.2025 19:00;23.11.2025 20:00;83,8
23.11.2025 20:00;23.11.2025 21:00;77,41
23.11.2025 21:00;23.11.2025 22:00;74,16
23.11.2025 22:00;23.11.2025 23:00;75,17
23.11.2025 23:00;24.11.2025 00:00;71,26
24.11.2025 00:00;24.11.2025 01:00;72,46
24.11.2025 01:00;24.11.2025 02:00;70,06
24.11.2025 02:00;24.11.2025 03:00;72,26
24.11.2025 03:00;24.11.2025 04:00;73,28
24.11.2025 04:00;24.11.2025 05:00;73,76
24.11.2025 05:00;24.11.2025 06:00;80,07
24.11.2025 06:00;24.11.2025 07:00;90,31
24.11.2025 07:00;24.11.2025 08:00;104,39
24.11.2025 08:00;24.11.2025 09:00;107,79
24.11.2025 09:00;24.11.2025 10:00;110,26
24.11.2025 10:00;24.11.2025 11:00;117,45
24.11.2025 11:00;24.11.2025 12:00;128,04
24.11.2025 12:00;24.11.2025 13:00;134,24
24.11.2025 13:00;24.11.2025 14:00;149,99
24.11.2025 14:00;24.11.2025 15:00;173,54
24.11.2025 15:00;24.11.2025 16:00;195,81
24.11.2025 16:00;24.11.2025 17:00;225,78
24.11.2025 17:00;24.11.2025 18:00;263,48
24.11.2025 18:00;24.11.2025 19:00;230,59
24.11.2025 19:00;24.11.2025 20:00;188,3
24.11.2025 20:00;24.11.2025 21:00;151,19
24.11.2025 21:00;24.11.2025 22:00;135,24
24.11.2025 22:00;24.11.2025 23:00;123,04
24.11.2025 23:00;25.11.2025 00:00;105,41
25.11.2025 00:00;25.11.2025 01:00;100,9
25.11.2025 01:00;25.11.2025 02:00;99,15
25.11.2025 02:00;25.11.2025 03:00;97,59
25.11.2025 03:00;25.11.2025 04:00;96,1
25.11.2025 04:00;25.11.2025 05:00;99,51
25.11.2025 05:00;25.11.2025 06:00;106,73
25.11.2025 06:00;25.11.2025 07:00;122,41
25.11.2025 07:00;25.11.2025 08:00;291,02
25.11.2025 08:00;25.11.2025 09:00;333,28
25.11.2025 09:00;25.11.2025 10:00;292,65
25.11.2025 10:00;25.11.2025 11:00;273,09
25.11.2025 11:00;25.11.2025 12:00;326,63
25.11.2025 12:00;25.11.2025 13:00;351,0
25.11.2025 13:00;25.11.2025 14:00;317,65
25.11.2025 14:00;25.11.2025 15:00;300,0
25.11.2025 15:00;25.11.2025 16:00;310,0
25.11.2025 16:00;25.11.2025 17:00;325,08
25.11.2025 17:00;25.11.2025 18:00;373,31
25.11.2025 18:00;25.11.2025 19:00;297,91
25.11.2025 19:00;25.11.2025 20:00;249,37
25.11.2025 20:00;25.11.2025 21:00;172,83
25.11.2025 21:00;25.11.2025 22:00;135,02
25.11.2025 22:00;25.11.2025 23:00;119,16
25.11.2025 23:00;26.11.2025 00:00;102,04
26.11.2025 00:00;26.11.2025 01:00;92,85
26.11.2025 01:00;26.11.2025 02:00;89,95
26.11.2025 02:00;26.11.2025 03:00;88,33
26.11.2025 03:00;26.11.2025 04:00;89,44
26.11.2025 04:00;26.11.2025 05:00;89,8
26.11.2025 05:00;26.11.2025 06:00;97,25
26.11.2025 06:00;26.11.2025 07:00;129,82
26.11.2025 07:00;26.11.2025 08:00;191,17
26.11.2025 08:00;26.11.2025 09:00;237,22
26.11.2025 09:00;26.11.2025 10:00;211,85
26.11.2025 10:00;26.11.2025 11:00;197,14
26.11.2025 11:00;26.11.2025 12:00;170,5
26.11.2025 12:00;26.11.2025 13:00;164,68
26.11.2025 13:00;26.11.2025 14:00;168,24
26.11.2025 14:00;26.11.2025 15:00;184,49
26.11.2025 15:00;26.11.2025 16:00;223,72
26.11.2025 16:00;26.11.2025 17:00;294,38
26.11.2025 17:00;26.11.2025 18:00;294,61
26.11.2025 18:00;26.11.2025 19:00;228,93
26.11.2025 19:00;26.11.2025 20:00;183,67
26.11.2025 20:00;26.11.2025 21:00;141,26
26.11.2025 21:00;26.11.2025 22:00;114,95
26.11.2025 22:00;26.11.2025 23:00;101,99
26.11.2025 23:00;27.11.2025 00:00;90,19
27.11.2025 00:00;27.11.2025 01:00;89,95
27.11.2025 01:00;27.11.2025 02:00;84,27
27.11.2025 02:00;27.11.2025 03:00;79,95
27.11.2025 03:00;27.11.2025 04:00;77,34
27.11.2025 04:00;27.11.2025 05:00;79,95
27.11.2025 05:00;27.11.2025 06:00;82,08
27.11.2025 06:00;27.11.2025 07:00;112,22
27.11.2025 07:00;27.11.2025 08:00;122,0
27.11.2025 08:00;27.11.2025 09:00;123,1
27.11.2025 09:00;27.11.2025 10:00;106,95
27.11.2025 10:00;27.11.2025 11:00;90,95
27.11.2025 11:00;27.11.2025 12:00;88,66
27.11.2025 12:00;27.11.2025 13:00;87,06
27.11.2025 13:00;27.11.2025 14:00;85,76
27.11.2025 14:00;27.11.2025 15:00;89,25
27.11.2025 15:00;27.11.2025 16:00;90,6
27.11.2025 16:00;27.11.2025 17:00;90,43
27.11.2025 17:00;27.11.2025 18:00;97,51
27.11.2025 18:00;27.11.2025 19:00;101,39
27.11.2025 19:00;27.11.2025 20:00;88,27
27.11.2025 20:00;27.11.2025 21:00;85,4
27.11.2025 21:00;27.11.2025 22:00;80,63
27.11.2025 22:00;27.11.2025 23:00;85,1
27.11.2025 23:00;28.11.2025 00:00;69,46
28.11.2025 00:00;28.11.2025 01:00;60,84
28.11.2025 01:00;28.11.2025 02:00;55,0
28.11.2025 02:00;28.11.2025 03:00;52,93
28.11.2025 03:00;28.11.2025 04:00;47,88
28.11.2025 04:00;28.11.2025 05:00;58,38
28.11.2025 05:00;28.11.2025 06:00;61,04
28.11.2025 06:00;28.11.2025 07:00;82,86
28.11.2025 07:00;28.11.2025 08:00;87,82
28.11.2025 08:00;28.11.2025 09:00;100,48
28.11.2025 09:00;28.11.2025 10:00;103,4
28.11.2025 10:00;28.11.2025 11:00;97,85
28.11.2025 11:00;28.11.2025 12:00;102,82
28.11.2025 12:00;28.11.2025 13:00;98,71
28.11.2025 13:00;28.11.2025 14:00;99,45
28.11.2025 14:00;28.11.2025 15:00;98,79
28.11.2025 15:00;28.11.2025 16:00;104,67
28.11.2025 16:00;28.11.2025 17:00;103,4
28.11.2025 17:00;28.11.2025 18:00;96,16
28.11.2025 18:00;28.11.2025 19:00;98,13
28.11.2025 19:00;28.11.2025 20:00;93,32
28.11.2025 20:00;28.11.2025 21:00;88,46
28.11.2025 21:00;28.11.2025 22:00;85,41
28.11.2025 22:00;28.11.2025 23:00;85,54
28.11.2025 23:00;29.11.2025 00:00;77,83
29.11.2025 00:00;29.11.2025 01:00;81,73
29.11.2025 01:00;29.11.2025 02:00;80,9
29.11.2025 02:00;29.11.2025 03:00;81,34
29.11.2025 03:00;29.11.2025 04:00;82,56
29.11.2025 04:00;29.11.2025 05:00;85,7
29.11.2025 05:00;29.11.2025 06:00;90,0
29.11.2025 06:00;29.11.2025 07:00;90,89
29.11.2025 07:00;29.11.2025 08:00;96,18
29.11.2025 08:00;29.11.2025 09:00;89,15
29.11.2025 09:00;29.11.2025 10:00;101,58
29.11.2025 10:00;29.11.2025 11:00;101,44
29.11.2025 11:00;29.11.2025 12:00;95,26
29.11.2025 12:00;29.11.2025 13:00;86,1
29.11.2025 13:00;29.11.2025 14:00;87,96
29.11.2025 14:00;29.11.2025 15:00;91,73
29.11.2025 15:00;29.11.2025 16:00;102,72
29.11.2025 16:00;29.11.2025 17:00;102,65
29.11.2025 17:00;29.11.2025 18:00;107,09
29.11.2025 18:00;29.11.2025 19:00;98,13
29.11.2025 19:00;29.11.2025 20:00;88,43
29.11.2025 20:00;29.11.2025 21:00;81,11
29.11.2025 21:00;29.11.2025 22:00;80,8
29.11.2025 22:00;29.11.2025 23:00;83,49
29.11.2025 23:00;30.11.2025 00:00;77,73
30.11.2025 00:00;30.11.2025 01:00;75,97
30.11.2025 01:00;30.11.2025 02:00;69,78
30.11.2025 02:00;30.11.2025 03:00;67,44
30.11.2025 03:00;30.11.2025 04:00;65,36
30.11.2025 04:00;30.11.2025 05:00;67,0
30.11.2025 05:00;30.11.2025 06:00;74,29
30.11.2025 06:00;30.11.2025 07:00;75,58
30.11.2025 07:00;30.11.2025 08:00;75,98
30.11.2025 08:00;30.11.2025 09:00;79,84
30.11.2025 09:00;30.11.2025 10:00;80,65
30.11.2025 10:00;30.11.2025 11:00;84,42
30.11.2025 11:00;30.11.2025 12:00;81,54
30.11.2025 12:00;30.11.2025 13:00;80,7
30.11.2025 13:00;30.11.2025 14:00;82,52
30.11.2025 14:00;30.11.2025 15:00;87,55
30.11.2025 15:00;30.11.2025 16:00;93,58
30.11.2025 16:00;30.11.2025 17:00;92,81
30.11.2025 17:00;30.11.2025 18:00;104,05
30.11.2025 18:00;30.11.2025 19:00;106,21
30.11.2025 19:00;30.11.2025 20:00;104,13
30.11.2025 20:00;30.11.2025 21:00;97,52
30.11.2025 21:00;30.11.2025 22:00;92,93
30.11.2025 22:00;30.11.2025 23:00;92,6
30.11.2025 23:00;01.12.2025 00:00;87,13
01.12.2025 00:00;01.12.2025 01:00;88,0
01.12.2025 01:00;01.12.2025 02:00;86,02
01.12.2025 02:00;01.12.2025 03:00;81,34
01.12.2025 03:00;01.12.2025 04:00;85,14
01.12.2025 04:00;01.12.2025 05:00;80,26
01.12.2025 05:00;01.12.2025 06:00;88,75
01.12.2025 06:00;01.12.2025 07:00;88,63
01.12.2025 07:00;01.12.2025 08:00;127,86
01.12.2025 08:00;01.12.2025 09:00;139,33
01.12.2025 09:00;01.12.2025 10:00;105,1
01.12.2025 10:00;01.12.2025 11:00;93,73
01.12.2025 11:00;01.12.2025 12:00;85,96
01.12.2025 12:00;01.12.2025 13:00;85,02
01.12.2025 13:00;01.12.2025 14:00;90,07
01.12.2025 14:00;01.12.2025 15:00;107,22
01.12.2025 15:00;01.12.2025 16:00;120,32
01.12.2025 16:00;01.12.2025 17:00;112,97
01.12.2025 17:00;01.12.2025 18:00;94,41
01.12.2025 18:00;01.12.2025 19:00;88,99
01.12.2025 19:00;01.12.2025 20:00;86,77
01.12.2025 20:00;01.12.2025 21:00;82,3
01.12.2025 21:00;01.12.2025 22:00;75,95
01.12.2025 22:00;01.12.2025 23:00;76,43
01.12.2025 23:00;02.12.2025 00:00;71,8
02.12.2025 00:00;02.12.2025 01:00;65,78
02.12.2025 01:00;02.12.2025 02:00;58,82
02.12.2025 02:00;02.12.2025 03:00;54,93
02.12.2025 03:00;02.12.2025 04:00;53,73
02.12.2025 04:00;02.12.2025 05:00;50,47
02.12.2025 05:00;02.12.2025 06:00;64,59
02.12.2025 06:00;02.12.2025 07:00;78,51
02.12.2025 07:00;02.12.2025 08:00;87,79
02.12.2025 08:00;02.12.2025 09:00;87,65
02.12.2025 09:00;02.12.2025 10:00;88,28
02.12.2025 10:00;02.12.2025 11:00;85,83
02.12.2025 11:00;02.12.2025 12:00;86,72
02.12.2025 12:00;02.12.2025 13:00;87,45
02.12.2025 13:00;02.12.2025 14:00;97,04
02.12.2025 14:00;02.12.2025 15:00;105,01
02.12.2025 15:00;02.12.2025 16:00;140,37
02.12.2025 16:00;02.12.2025 17:00;136,34
02.12.2025 17:00;02.12.2025 18:00;151,64
02.12.2025 18:00;02.12.2025 19:00;162,14
02.12.2025 19:00;02.12.2025 20:00;163,2
02.12.2025 20:00;02.12.2025 21:00;154,89
02.12.2025 21:00;02.12.2025 22:00;129,35
02.12.2025 22:00;02.12.2025 23:00;119,22
02.12.2025 23:00;03.12.2025 00:00;99,14
03.12.2025 00:00;03.12.2025 01:00;90,84
03.12.2025 01:00;03.12.2025 02:00;89,07
03.12.2025 02:00;03.12.2025 03:00;90,26
03.12.2025 03:00;03.12.2025 04:00;89,88
03.12.2025 04:00;03.12.2025 05:00;90,02
03.12.2025 05:00;03.12.2025 06:00;98,98
03.12.2025 06:00;03.12.2025 07:00;150,95
03.12.2025 07:00;03.12.2025 08:00;200,0
03.12.2025 08:00;03.12.2025 09:00;250,0
03.12.2025 09:00;03.12.2025 10:00;219,89
03.12.2025 10:00;03.12.2025 11:00;187,18
03.12.2025 11:00;03.12.2025 12:00;173,37
03.12.2025 12:00;03.12.2025 13:00;167,73
03.12.2025 13:00;03.12.2025 14:00;181,41
03.12.2025 14:00;03.12.2025 15:00;199,94
03.12.2025 15:00;03.12.2025 16:00;242,56
03.12.2025 16:00;03.12.2025 17:00;308,35
03.12.2025 17:00;03.12.2025 18:00;259,6
03.12.2025 18:00;03.12.2025 19:00;204,12
03.12.2025 19:00;03.12.2025 20:00;172,63
03.12.2025 20:00;03.12.2025 21:00;146,24
03.12.2025 21:00;03.12.2025 22:00;124,82
03.12.2025 22:00;03.12.2025 23:00;113,41
03.12.2025 23:00;04.12.2025 00:00;104,14
04.12.2025 00:00;04.12.2025 01:00;97,38
04.12.2025 01:00;04.12.2025 02:00;93,88
04.12.2025 02:00;04.12.2025 03:00;90,83
04.12.2025 03:00;04.12.2025 04:00;90,36
04.12.2025 04:00;04.12.2025 05:00;92,33
04.12.2025 05:00;04.12.2025 06:00;96,76
04.12.2025 06:00;04.12.2025 07:00;124,87
04.12.2025 07:00;04.12.2025 08:00;128,41
04.12.2025 08:00;04.12.2025 09:00;144,7
04.12.2025 09:00;04.12.2025 10:00;163,98
04.12.2025 10:00;04.12.2025 11:00;138,41
04.12.2025 11:00;04.12.2025 12:00;148,09
04.12.2025 12:00;04.12.2025 13:00;141,96
04.12.2025 13:00;04.12.2025 14:00;145,18
04.12.2025 14:00;04.12.2025 15:00;152,07
04.12.2025 15:00;04.12.2025 16:00;150,99
04.12.2025 16:00;04.12.2025 17:00;145,2
04.12.2025 17:00;04.12.2025 18:00;144,7
04.12.2025 18:00;04.12.2025 19:00;142,33
04.12.2025 19:00;04.12.2025 20:00;134,99
04.12.2025 20:00;04.12.2025 21:00;118,6
04.12.2025 21:00;04.12.2025 22:00;103,35
04.12.2025 22:00;04.12.2025 23:00;109,04
04.12.2025 23:00;05.12.2025 00:00;98,26
05.12.2025 00:00;05.12.2025 01:00;95,74
05.12.2025 01:00;05.12.2025 02:00;93,86
05.12.2025 02:00;05.12.2025 03:00;90,92
05.12.2025 03:00;05.12.2025 04:00;90,57
05.12.2025 04:00;05.12.2025 05:00;94,03
05.12.2025 05:00;05.12.2025 06:00;100,87
05.12.2025 06:00;05.12.2025 07:00;123,99
05.12.2025 07:00;05.12.2025 08:00;162,42
05.12.2025 08:00;05.12.2025 09:00;184,43
05.12.2025 09:00;05.12.2025 10:00;184,14
05.12.2025 10:00;05.12.2025 11:00;171,35
05.12.2025 11:00;05.12.2025 12:00;167,52
05.12.2025 12:00;05.12.2025 13:00;161,56
05.12.2025 13:00;05.12.2025 14:00;157,45
05.12.2025 14:00;05.12.2025 15:00;161,18
05.12.2025 15:00;05.12.2025 16:00;162,35
05.12.2025 16:00;05.12.2025 17:00;169,5
05.12.2025 17:00;05.12.2025 18:00;158,31
05.12.2025 18:00;05.12.2025 19:00;147,25
05.12.2025 19:00;05.12.2025 20:00;131,54
05.12.2025 20:00;05.12.2025 21:00;115,15
05.12.2025 21:00;05.12.2025 22:00;97,55
05.12.2025 22:00;05.12.2025 23:00;93,08
05.12.2025 23:00;06.12.2025 00:00;84,12
06.12.2025 00:00;06.12.2025 01:00;82,08
06.12.2025 01:00;06.12.2025 02:00;76,97
06.12.2025 02:00;06.12.2025 03:00;73,63
06.12.2025 03:00;06.12.2025 04:00;70,01
06.12.2025 04:00;06.12.2025 05:00;67,43
06.12.2025 05:00;06.12.2025 06:00;64,97
06.12.2025 06:00;06.12.2025 07:00;64,59
06.12.2025 07:00;06.12.2025 08:00;67,87
06.12.2025 08:00;06.12.2025 09:00;78,61
06.12.2025 09:00;06.12.2025 10:00;80,94
06.12.2025 10:00;06.12.2025 11:00;82,3
06.12.2025 11:00;06.12.2025 12:00;80,61
06.12.2025 12:00;06.12.2025 13:00;80,62
06.12.2025 13:00;06.12.2025 14:00;81,33
06.12.2025 14:00;06.12.2025 15:00;86,17
06.12.2025 15:00;06.12.2025 16:00;91,02
06.12.2025 16:00;06.12.2025 17:00;95,59
06.12.2025 17:00;06.12.2025 18:00;95,12
06.12.2025 18:00;06.12.2025 19:00;89,18
06.12.2025 19:00;06.12.2025 20:00;89,66
06.12.2025 20:00;06.12.2025 21:00;83,39
06.12.2025 21:00;06.12.2025 22:00;80,61
06.12.2025 22:00;06.12.2025 23:00;76,5
06.12.2025 23:00;07.12.2025 00:00;71,57
07.12.2025 00:00;07.12.2025 01:00;67,32
07.12.2025 01:00;07.12.2025 02:00;61,0
07.12.2025 02:00;07.12.2025 03:00;59,42
07.12.2025 03:00;07.12.2025 04:00;58,56
07.12.2025 04:00;07.12.2025 05:00;62,08
07.12.2025 05:00;07.12.2025 06:00;62,0
07.12.2025 06:00;07.12.2025 07:00;63,72
07.12.2025 07:00;07.12.2025 08:00;71,84
07.12.2025 08:00;07.12.2025 09:00;78,0
07.12.2025 09:00;07.12.2025 10:00;85,56
07.12.2025 10:00;07.12.2025 11:00;90,53
07.12.2025 11:00;07.12.2025 12:00;91,92
07.12.2025 12:00;07.12.2025 13:00;97,44
07.12.2025 13:00;07.12.2025 14:00;99,57
07.12.2025 14:00;07.12.2025 15:00;104,15
07.12.2025 15:00;07.12.2025 16:00;105,74
07.12.2025 16:00;07.12.2025 17:00;109,61
07.12.2025 17:00;07.12.2025 18:00;111,82
07.12.2025 18:00;07.12.2025 19:00;96,88
07.12.2025 19:00;07.12.2025 20:00;87,46
07.12.2025 20:00;07.12.2025 21:00;83,76
07.12.2025 21:00;07.12.2025 22:00;73,72
07.12.2025 22:00;07.12.2025 23:00;65,6
07.12.2025 23:00;08.12.2025 00:00;41,74
08.12.2025 00:00;08.12.2025 01:00;19,27
08.12.2025 01:00;08.12.2025 02:00;11,09
08.12.2025 02:00;08.12.2025 03:00;11,66
08.12.2025 03:00;08.12.2025 04:00;5,59
08.12.2025 04:00;08.12.2025 05:00;12,89
08.12.2025 05:00;08.12.2025 06:00;28,66
08.12.2025 06:00;08.12.2025 07:00;64,32
08.12.2025 07:00;08.12.2025 08:00;82,84
08.12.2025 08:00;08.12.2025 09:00;100,0
08.12.2025 09:00;08.12.2025 10:00;98,34
08.12.2025 10:00;08.12.2025 11:00;86,04
08.12.2025 11:00;08.12.2025 12:00;79,99
08.12.2025 12:00;08.12.2025 13:00;79,35
08.12.2025 13:00;08.12.2025 14:00;86,85
08.12.2025 14:00;08.12.2025 15:00;94,08
08.12.2025 15:00;08.12.2025 16:00;100,15
08.12.2025 16:00;08.12.2025 17:00;101,07
08.12.2025 17:00;08.12.2025 18:00;109,85
08.12.2025 18:00;08.12.2025 19:00;100,26
08.12.2025 19:00;08.12.2025 20:00;96,64
08.12.2025 20:00;08.12.2025 21:00;89,35
08.12.2025 21:00;08.12.2025 22:00;83,52
08.12.2025 22:00;08.12.2025 23:00;80,21
08.12.2025 23:00;09.12.2025 00:00;73,25
09.12.2025 00:00;09.12.2025 01:00;73,7
09.12.2025 01:00;09.12.2025 02:00;72,79
09.12.2025 02:00;09.12.2025 03:00;73,71
09.12.2025 03:00;09.12.2025 04:00;74,85
09.12.2025 04:00;09.12.2025 05:00;73,72
09.12.2025 05:00;09.12.2025 06:00;80,21
09.12.2025 06:00;09.12.2025 07:00;98,85
09.12.2025 07:00;09.12.2025 08:00;105,79
09.12.2025 08:00;09.12.2025 09:00;129,75
09.12.2025 09:00;09.12.2025 10:00;111,34
09.12.2025 10:00;09.12.2025 11:00;103,06
09.12.2025 11:00;09.12.2025 12:00;103,34
09.12.2025 12:00;09.12.2025 13:00;97,83
09.12.2025 13:00;09.12.2025 14:00;101,1
09.12.2025 14:00;09.12.2025 15:00;100,22
09.12.2025 15:00;09.12.2025 16:00;110,88
09.12.2025 16:00;09.12.2025 17:00;108,3
09.12.2025 17:00;09.12.2025 18:00;104,57
09.12.2025 18:00;09.12.2025 19:00;96,91
09.12.2025 19:00;09.12.2025 20:00;85,1
09.12.2025 20:00;09.12.2025 21:00;83,67
09.12.2025 21:00;09.12.2025 22:00;79,35
09.12.2025 22:00;09.12.2025 23:00;73,33
09.12.2025 23:00;10.12.2025 00:00;55,42
10.12.2025 00:00;10.12.2025 01:00;43,9
10.12.2025 01:00;10.12.2025 02:00;36,48
10.12.2025 02:00;10.12.2025 03:00;31,0
10.12.2025 03:00;10.12.2025 04:00;35,11
10.12.2025 04:00;10.12.2025 05:00;48,09
10.12.2025 05:00;10.12.2025 06:00;69,65
10.12.2025 06:00;10.12.2025 07:00;79,12
10.12.2025 07:00;10.12.2025 08:00;87,51
10.12.2025 08:00;10.12.2025 09:00;94,33
10.12.2025 09:00;10.12.2025 10:00;94,23
10.12.2025 10:00;10.12.2025 11:00;87,73
10.12.2025 11:00;10.12.2025 12:00;81,0
10.12.2025 12:00;10.12.2025 13:00;79,5
10.12.2025 13:00;10.12.2025 14:00;81,44
10.12.2025 14:00;10.12.2025 15:00;90,22
10.12.2025 15:00;10.12.2025 16:00;100,67
10.12.2025 16:00;10.12.2025 17:00;104,0
10.12.2025 17:00;10.12.2025 18:00;105,67
10.12.2025 18:00;10.12.2025 19:00;104,7
10.12.2025 19:00;10.12.2025 20:00;96,77
10.12.2025 20:00;10.12.2025 21:00;87,75
10.12.2025 21:00;10.12.2025 22:00;86,31
10.12.2025 22:00;10.12.2025 23:00;82,49
10.12.2025 23:00;11.12.2025 00:00;76,43
11.12.2025 00:00;11.12.2025 01:00;73,98
11.12.2025 01:00;11.12.2025 02:00;73,42
11.12.2025 02:00;11.12.2025 03:00;72,52
11.12.2025 03:00;11.12.2025 04:00;75,21
11.12.2025 04:00;11.12.2025 05:00;76,91
11.12.2025 05:00;11.12.2025 06:00;80,59
11.12.2025 06:00;11.12.2025 07:00;90,09
11.12.2025 07:00;11.12.2025 08:00;98,11
11.12.2025 08:00;11.12.2025 09:00;110,36
11.12.2025 09:00;11.12.2025 10:00;106,17
11.12.2025 10:00;11.12.2025 11:00;93,18
11.12.2025 11:00;11.12.2025 12:00;91,92
11.12.2025 12:00;11.12.2025 13:00;89,4
11.12.2025 13:00;11.12.2025 14:00;90,22
11.12.2025 14:00;11.12.2025 15:00;97,79
11.12.2025 15:00;11.12.2025 16:00;111,27
11.12.2025 16:00;11.12.2025 17:00;114,7
11.12.2025 17:00;11.12.2025 18:00;115,41
11.12.2025 18:00;11.12.2025 19:00;112,57
11.12.2025 19:00;11.12.2025 20:00;107,79
11.12.2025 20:00;11.12.2025 21:00;103,64
11.12.2025 21:00;11.12.2025 22:00;94,39
11.12.2025 22:00;11.12.2025 23:00;93,59
11.12.2025 23:00;12.12.2025 00:00;93,74
12.12.2025 00:00;12.12.2025 01:00;83,78
12.12.2025 01:00;12.12.2025 02:00;86,22
12.12.2025 02:00;12.12.2025 03:00;87,9
12.12.2025 03:00;12.12.2025 04:00;90,18
12.12.2025 04:00;12.12.2025 05:00;90,71
12.12.2025 05:00;12.12.2025 06:00;92,21
12.12.2025 06:00;12.12.2025 07:00;101,23
12.12.2025 07:00;12.12.2025 08:00;121,32
12.12.2025 08:00;12.12.2025 09:00;130,85
12.12.2025 09:00;12.12.2025 10:00;126,9
12.12.2025 10:00;12.12.2025 11:00;121,96
12.12.2025 11:00;12.12.2025 12:00;118,3
12.12.2025 12:00;12.12.2025 13:00;113,07
12.12.2025 13:00;12.12.2025 14:00;118,26
12.12.2025 14:00;12.12.2025 15:00;126,82
12.12.2025 15:00;12.12.2025 16:00;131,95
12.12.2025 16:00;12.12.2025 17:00;145,49
12.12.2025 17:00;12.12.2025 18:00;146,83
12.12.2025 18:00;12.12.2025 19:00;133,1
12.12.2025 19:00;12.12.2025 20:00;128,06
12.12.2025 20:00;12.12.2025 21:00;117,0
12.12.2025 21:00;12.12.2025 22:00;114,93
12.12.2025 22:00;12.12.2025 23:00;103,82
12.12.2025 23:00;13.12.2025 00:00;91,75
13.12.2025 00:00;13.12.2025 01:00;92,28
13.12.2025 01:00;13.12.2025 02:00;90,5
13.12.2025 02:00;13.12.2025 03:00;87,39
13.12.2025 03:00;13.12.2025 04:00;87,04
13.12.2025 04:00;13.12.2025 05:00;85,0
13.12.2025 05:00;13.12.2025 06:00;84,67
13.12.2025 06:00;13.12.2025 07:00;79,14
13.12.2025 07:00;13.12.2025 08:00;81,14
13.12.2025 08:00;13.12.2025 09:00;95,95
13.12.2025 09:00;13.12.2025 10:00;106,77
13.12.2025 10:00;13.12.2025 11:00;102,59
13.12.2025 11:00;13.12.2025 12:00;98,09
13.12.2025 12:00;13.12.2025 13:00;93,76
13.12.2025 13:00;13.12.2025 14:00;92,94
13.12.2025 14:00;13.12.2025 15:00;95,76
13.12.2025 15:00;13.12.2025 16:00;114,66
13.12.2025 16:00;13.12.2025 17:00;119,71
13.12.2025 17:00;13.12.2025 18:00;118,45
13.12.2025 18:00;13.12.2025 19:00;112,26
13.12.2025 19:00;13.12.2025 20:00;103,63
13.12.2025 20:00;13.12.2025 21:00;91,71
13.12.2025 21:00;13.12.2025 22:00;90,56
13.12.2025 22:00;13.12.2025 23:00;93,69
13.12.2025 23:00;14.12.2025 00:00;84,39
14.12.2025 00:00;14.12.2025 01:00;91,2
14.12.2025 01:00;14.12.2025 02:00;90,52
14.12.2025 02:00;14.12.2025 03:00;81,9
14.12.2025 03:00;14.12.2025 04:00;79,95
14.12.2025 04:00;14.12.2025 05:00;77,31
14.12.2025 05:00;14.12.2025 06:00;78,76
14.12.2025 06:00;14.12.2025 07:00;77,18
14.12.2025 07:00;14.12.2025 08:00;77,47
14.12.2025 08:00;14.12.2025 09:00;81,76
14.12.2025 09:00;14.12.2025 10:00;82,35
14.12.2025 10:00;14.12.2025 11:00;80,01
14.12.2025 11:00;14.12.2025 12:00;84,08
14.12.2025 12:00;14.12.2025 13:00;87,27
14.12.2025 13:00;14.12.2025 14:00;86,96
14.12.2025 14:00;14.12.2025 15:00;88,65
14.12.2025 15:00;14.12.2025 16:00;92,1
14.12.2025 16:00;14.12.2025 17:00;99,28
14.12.2025 17:00;14.12.2025 18:00;102,79
14.12.2025 18:00;14.12.2025 19:00;103,29
14.12.2025 19:00;14.12.2025 20:00;92,99
14.12.2025 20:00;14.12.2025 21:00;90,4
14.12.2025 21:00;14.12.2025 22:00;84,4
14.12.2025 22:00;14.12.2025 23:00;82,65
14.12.2025 23:00;15.12.2025 00:00;75,75
15.12.2025 00:00;15.12.2025 01:00;72,5
15.12.2025 01:00;15.12.2025 02:00;71,88
15.12.2025 02:00;15.12.2025 03:00;71,04
15.12.2025 03:00;15.12.2025 04:00;70,67
15.12.2025 04:00;15.12.2025 05:00;75,28
15.12.2025 05:00;15.12.2025 06:00;76,8
15.12.2025 06:00;15.12.2025 07:00;86,53
15.12.2025 07:00;15.12.2025 08:00;98,79
15.12.2025 08:00;15.12.2025 09:00;101,13
15.12.2025 09:00;15.12.2025 10:00;96,65
15.12.2025 10:00;15.12.2025 11:00;89,62
15.12.2025 11:00;15.12.2025 12:00;79,72
15.12.2025 12:00;15.12.2025 13:00;79,77
15.12.2025 13:00;15.12.2025 14:00;88,26
15.12.2025 14:00;15.12.2025 15:00;95,44
15.12.2025 15:00;15.12.2025 16:00;107,3
15.12.2025 16:00;15.12.2025 17:00;108,66
15.12.2025 17:00;15.12.2025 18:00;104,21
15.12.2025 18:00;15.12.2025 19:00;98,16
15.12.2025 19:00;15.12.2025 20:00;90,42
15.12.2025 20:00;15.12.2025 21:00;84,25
15.12.2025 21:00;15.12.2025 22:00;85,17
15.12.2025 22:00;15.12.2025 23:00;84,98
15.12.2025 23:00;16.12.2025 00:00;80,46
16.12.2025 00:00;16.12.2025 01:00;80,67
16.12.2025 01:00;16.12.2025 02:00;79,05
16.12.2025 02:00;16.12.2025 03:00;77,1
16.12.2025 03:00;16.12.2025 04:00;79,05
16.12.2025 04:00;16.12.2025 05:00;80,39
16.12.2025 05:00;16.12.2025 06:00;82,31
16.12.2025 06:00;16.12.2025 07:00;88,4
16.12.2025 07:00;16.12.2025 08:00;91,39
16.12.2025 08:00;16.12.2025 09:00;100,47
16.12.2025 09:00;16.12.2025 10:00;101,27
16.12.2025 10:00;16.12.2025 11:00;92,34
16.12.2025 11:00;16.12.2025 12:00;90,61
16.12.2025 12:00;16.12.2025 13:00;91,51
16.12.2025 13:00;16.12.2025 14:00;99,88
16.12.2025 14:00;16.12.2025 15:00;124,4
16.12.2025 15:00;16.12.2025 16:00;139,38
16.12.2025 16:00;16.12.2025 17:00;155,31
16.12.2025 17:00;16.12.2025 18:00;162,2
16.12.2025 18:00;16.12.2025 19:00;142,25
16.12.2025 19:00;16.12.2025 20:00;137,1
16.12.2025 20:00;16.12.2025 21:00;128,85
16.12.2025 21:00;16.12.2025 22:00;118,94
16.12.2025 22:00;16.12.2025 23:00;115,58
16.12.2025 23:00;17.12.2025 00:00;103,42
17.12.2025 00:00;17.12.2025 01:00;89,0
17.12.2025 01:00;17.12.2025 02:00;89,79
17.12.2025 02:00;17.12.2025 03:00;86,49
17.12.2025 03:00;17.12.2025 04:00;85,03
17.12.2025 04:00;17.12.2025 05:00;88,08
17.12.2025 05:00;17.12.2025 06:00;90,5
17.12.2025 06:00;17.12.2025 07:00;95,49
17.12.2025 07:00;17.12.2025 08:00;108,82
17.12.2025 08:00;17.12.2025 09:00;133,46
17.12.2025 09:00;17.12.2025 10:00;126,3
17.12.2025 10:00;17.12.2025 11:00;124,54
17.12.2025 11:00;17.12.2025 12:00;118,15
17.12.2025 12:00;17.12.2025 13:00;111,9
17.12.2025 13:00;17.12.2025 14:00;122,66
17.12.2025 14:00;17.12.2025 15:00;129,97
17.12.2025 15:00;17.12.2025 16:00;127,5
17.12.2025 16:00;17.12.2025 17:00;126,5
17.12.2025 17:00;17.12.2025 18:00;122,82
17.12.2025 18:00;17.12.2025 19:00;111,4
17.12.2025 19:00;17.12.2025 20:00;97,51
17.12.2025 20:00;17.12.2025 21:00;94,71
17.12.2025 21:00;17.12.2025 22:00;94,7
17.12.2025 22:00;17.12.2025 23:00;93,22
17.12.2025 23:00;18.12.2025 00:00;85,0
18.12.2025 00:00;18.12.2025 01:00;77,76
18.12.2025 01:00;18.12.2025 02:00;69,07
18.12.2025 02:00;18.12.2025 03:00;60,13
18.12.2025 03:00;18.12.2025 04:00;48,89
18.12.2025 04:00;18.12.2025 05:00;44,82
18.12.2025 05:00;18.12.2025 06:00;50,83
18.12.2025 06:00;18.12.2025 07:00;63,24
18.12.2025 07:00;18.12.2025 08:00;81,53
18.12.2025 08:00;18.12.2025 09:00;90,74
18.12.2025 09:00;18.12.2025 10:00;88,56
18.12.2025 10:00;18.12.2025 11:00;78,28
18.12.2025 11:00;18.12.2025 12:00;78,29
18.12.2025 12:00;18.12.2025 13:00;77,42
18.12.2025 13:00;18.12.2025 14:00;79,48
18.12.2025 14:00;18.12.2025 15:00;103,76
18.12.2025 15:00;18.12.2025 16:00;114,49
18.12.2025 16:00;18.12.2025 17:00;110,88
18.12.2025 17:00;18.12.2025 18:00;103,42
18.12.2025 18:00;18.12.2025 19:00;88,26
18.12.2025 19:00;18.12.2025 20:00;80,14
18.12.2025 20:00;18.12.2025 21:00;67,68
18.12.2025 21:00;18.12.2025 22:00;53,25
18.12.2025 22:00;18.12.2025 23:00;51,8
18.12.2025 23:00;19.12.2025 00:00;18,65
19.12.2025 00:00;19.12.2025 01:00;9,84
19.12.2025 01:00;19.12.2025 02:00;5,86
19.12.2025 02:00;19.12.2025 03:00;4,33
19.12.2025 03:00;19.12.2025 04:00;3,51
19.12.2025 04:00;19.12.2025 05:00;4,12
19.12.2025 05:00;19.12.2025 06:00;10,78
19.12.2025 06:00;19.12.2025 07:00;40,28
19.12.2025 07:00;19.12.2025 08:00;76,71
19.12.2025 08:00;19.12.2025 09:00;89,54
19.12.2025 09:00;19.12.2025 10:00;89,38
19.12.2025 10:00;19.12.2025 11:00;89,23
19.12.2025 11:00;19.12.2025 12:00;87,49
19.12.2025 12:00;19.12.2025 13:00;84,57
19.12.2025 13:00;19.12.2025 14:00;87,63
19.12.2025 14:00;19.12.2025 15:00;93,35
19.12.2025 15:00;19.12.2025 16:00;97,4
19.12.2025 16:00;19.12.2025 17:00;100,33
19.12.2025 17:00;19.12.2025 18:00;106,9
19.12.2025 18:00;19.12.2025 19:00;107,48
19.12.2025 19:00;19.12.2025 20:00;105,12
19.12.2025 20:00;19.12.2025 21:00;102,91
19.12.2025 21:00;19.12.2025 22:00;98,46
19.12.2025 22:00;19.12.2025 23:00;96,28
19.12.2025 23:00;20.12.2025 00:00;90,18
20.12.2025 00:00;20.12.2025 01:00;84,81
20.12.2025 01:00;20.12.2025 02:00;83,4
20.12.2025 02:00;20.12.2025 03:00;85,0
20.12.2025 03:00;20.12.2025 04:00;87,49
20.12.2025 04:00;20.12.2025 05:00;88,46
20.12.2025 05:00;20.12.2025 06:00;89,92
20.12.2025 06:00;20.12.2025 07:00;95,98
20.12.2025 07:00;20.12.2025 08:00;104,0
20.12.2025 08:00;20.12.2025 09:00;113,21
20.12.2025 09:00;20.12.2025 10:00;114,8
20.12.2025 10:00;20.12.2025 11:00;112,67
20.12.2025 11:00;20.12.2025 12:00;110,99
20.12.2025 12:00;20.12.2025 13:00;110,27
20.12.2025 13:00;20.12.2025 14:00;114,98
20.12.2025 14:00;20.12.2025 15:00;119,48
20.12.2025 15:00;20.12.2025 16:00;120,64
20.12.2025 16:00;20.12.2025 17:00;120,2
20.12.2025 17:00;20.12.2025 18:00;122,39
20.12.2025 18:00;20.12.2025 19:00;118,27
20.12.2025 19:00;20.12.2025 20:00;104,11
20.12.2025 20:00;20.12.2025 21:00;96,38
20.12.2025 21:00;20.12.2025 22:00;93,01
20.12.2025 22:00;20.12.2025 23:00;92,24
20.12.2025 23:00;21.12.2025 00:00;90,67
21.12.2025 00:00;21.12.2025 01:00;95,7
21.12.2025 01:00;21.12.2025 02:00;90,05
21.12.2025 02:00;21.12.2025 03:00;86,49
21.12.2025 03:00;21.12.2025 04:00;85,4
21.12.2025 04:00;21.12.2025 05:00;85,63
21.12.2025 05:00;21.12.2025 06:00;86,83
21.12.2025 06:00;21.12.2025 07:00;88,14
21.12.2025 07:00;21.12.2025 08:00;92,85
21.12.2025 08:00;21.12.2025 09:00;102,15
21.12.2025 09:00;21.12.2025 10:00;107,01
21.12.2025 10:00;21.12.2025 11:00;102,58
21.12.2025 11:00;21.12.2025 12:00;101,3
21.12.2025 12:00;21.12.2025 13:00;98,48
21.12.2025 13:00;21.12.2025 14:00;94,87
21.12.2025 14:00;21.12.2025 15:00;98,89
21.12.2025 15:00;21.12.2025 16:00;100,87
21.12.2025 16:00;21.12.2025 17:00;97,52
21.12.2025 17:00;21.12.2025 18:00;97,07
21.12.2025 18:00;21.12.2025 19:00;90,8
21.12.2025 19:00;21.12.2025 20:00;86,14
21.12.2025 20:00;21.12.2025 21:00;81,66
21.12.2025 21:00;21.12.2025 22:00;78,86
21.12.2025 22:00;21.12.2025 23:00;77,5
21.12.2025 23:00;22.12.2025 00:00;70,91
22.12.2025 00:00;22.12.2025 01:00;70,23
22.12.2025 01:00;22.12.2025 02:00;68,83
22.12.2025 02:00;22.12.2025 03:00;67,79
22.12.2025 03:00;22.12.2025 04:00;66,31
22.12.2025 04:00;22.12.2025 05:00;71,52
22.12.2025 05:00;22.12.2025 06:00;74,11
22.12.2025 06:00;22.12.2025 07:00;78,19
22.12.2025 07:00;22.12.2025 08:00;90,45
22.12.2025 08:00;22.12.2025 09:00;93,34
22.12.2025 09:00;22.12.2025 10:00;90,79
22.12.2025 10:00;22.12.2025 11:00;89,25
22.12.2025 11:00;22.12.2025 12:00;85,0
22.12.2025 12:00;22.12.2025 13:00;86,34
22.12.2025 13:00;22.12.2025 14:00;88,62
22.12.2025 14:00;22.12.2025 15:00;92,12
22.12.2025 15:00;22.12.2025 16:00;99,54
22.12.2025 16:00;22.12.2025 17:00;101,18
22.12.2025 17:00;22.12.2025 18:00;107,89
22.12.2025 18:00;22.12.2025 19:00;100,9
22.12.2025 19:00;22.12.2025 20:00;93,79
22.12.2025 20:00;22.12.2025 21:00;89,48
22.12.2025 21:00;22.12.2025 22:00;84,86
22.12.2025 22:00;22.12.2025 23:00;84,82
22.12.2025 23:00;23.12.2025 00:00;77,97
23.12.2025 00:00;23.12.2025 01:00;72,23
23.12.2025 01:00;23.12.2025 02:00;65,03
23.12.2025 02:00;23.12.2025 03:00;62,01
23.12.2025 03:00;23.12.2025 04:00;59,06
23.12.2025 04:00;23.12.2025 05:00;58,11
23.12.2025 05:00;23.12.2025 06:00;59,02
23.12.2025 06:00;23.12.2025 07:00;67,85
23.12.2025 07:00;23.12.2025 08:00;78,02
23.12.2025 08:00;23.12.2025 09:00;83,88
23.12.2025 09:00;23.12.2025 10:00;85,47
23.12.2025 10:00;23.12.2025 11:00;83,84
23.12.2025 11:00;23.12.2025 12:00;81,87
23.12.2025 12:00;23.12.2025 13:00;80,49
23.12.2025 13:00;23.12.2025 14:00;79,21
23.12.2025 14:00;23.12.2025 15:00;79,22
23.12.2025 15:00;23.12.2025 16:00;81,83
23.12.2025 16:00;23.12.2025 17:00;83,69
23.12.2025 17:00;23.12.2025 18:00;82,47
23.12.2025 18:00;23.12.2025 19:00;83,95
23.12.2025 19:00;23.12.2025 20:00;82,47
23.12.2025 20:00;23.12.2025 21:00;78,01
23.12.2025 21:00;23.12.2025 22:00;69,93
23.12.2025 22:00;23.12.2025 23:00;71,84
23.12.2025 23:00;24.12.2025 00:00;64,09
24.12.2025 00:00;24.12.2025 01:00;60,25
24.12.2025 01:00;24.12.2025 02:00;55,86
24.12.2025 02:00;24.12.2025 03:00;56,8
24.12.2025 03:00;24.12.2025 04:00;55,84
24.12.2025 04:00;24.12.2025 05:00;55,85
24.12.2025 05:00;24.12.2025 06:00;55,85
24.12.2025 06:00;24.12.2025 07:00;57,21
24.12.2025 07:00;24.12.2025 08:00;67,45
24.12.2025 08:00;24.12.2025 09:00;81,0
24.12.2025 09:00;24.12.2025 10:00;82,47
24.12.2025 10:00;24.12.2025 11:00;76,02
24.12.2025 11:00;24.12.2025 12:00;69,29
24.12.2025 12:00;24.12.2025 13:00;68,51
24.12.2025 13:00;24.12.2025 14:00;67,99
24.12.2025 14:00;24.12.2025 15:00;73,76
24.12.2025 15:00;24.12.2025 16:00;83,05
24.12.2025 16:00;24.12.2025 17:00;87,9
24.12.2025 17:00;24.12.2025 18:00;89,13
24.12.2025 18:00;24.12.2025 19:00;78,91
24.12.2025 19:00;24.12.2025 20:00;71,77
24.12.2025 20:00;24.12.2025 21:00;68,16
24.12.2025 21:00;24.12.2025 22:00;67,99
24.12.2025 22:00;24.12.2025 23:00;69,01
24.12.2025 23:00;25.12.2025 00:00;65,16
25.12.2025 00:00;25.12.2025 01:00;63,22
25.12.2025 01:00;25.12.2025 02:00;58,44
25.12.2025 02:00;25.12.2025 03:00;56,86
25.12.2025 03:00;25.12.2025 04:00;55,85
25.12.2025 04:00;25.12.2025 05:00;54,53
25.12.2025 05:00;25.12.2025 06:00;52,61
25.12.2025 06:00;25.12.2025 07:00;49,17
25.12.2025 07:00;25.12.2025 08:00;54,03
25.12.2025 08:00;25.12.2025 09:00;64,21
25.12.2025 09:00;25.12.2025 10:00;64,71
25.12.2025 10:00;25.12.2025 11:00;53,77
25.12.2025 11:00;25.12.2025 12:00;48,98
25.12.2025 12:00;25.12.2025 13:00;48,49
25.12.2025 13:00;25.12.2025 14:00;47,87
25.12.2025 14:00;25.12.2025 15:00;68,55
25.12.2025 15:00;25.12.2025 16:00;89,41
25.12.2025 16:00;25.12.2025 17:00;92,24
25.12.2025 17:00;25.12.2025 18:00;94,01
25.12.2025 18:00;25.12.2025 19:00;94,06
25.12.2025 19:00;25.12.2025 20:00;91,71
25.12.2025 20:00;25.12.2025 21:00;91,03
25.12.2025 21:00;25.12.2025 22:00;92,7
25.12.2025 22:00;25.12.2025 23:00;96,15
25.12.2025 23:00;26.12.2025 00:00;91,47
26.12.2025 00:00;26.12.2025 01:00;97,1
26.12.2025 01:00;26.12.2025 02:00;91,05
26.12.2025 02:00;26.12.2025 03:00;85,82
26.12.2025 03:00;26.12.2025 04:00;83,05
26.12.2025 04:00;26.12.2025 05:00;82,39
26.12.2025 05:00;26.12.2025 06:00;82,84
26.12.2025 06:00;26.12.2025 07:00;85,02
26.12.2025 07:00;26.12.2025 08:00;93,12
26.12.2025 08:00;26.12.2025 09:00;98,9
26.12.2025 09:00;26.12.2025 10:00;96,73
26.12.2025 10:00;26.12.2025 11:00;89,25
26.12.2025 11:00;26.12.2025 12:00;84,99
26.12.2025 12:00;26.12.2025 13:00;82,31
26.12.2025 13:00;26.12.2025 14:00;83,1
26.12.2025 14:00;26.12.2025 15:00;92,7
26.12.2025 15:00;26.12.2025 16:00;109,14
26.12.2025 16:00;26.12.2025 17:00;116,77
26.12.2025 17:00;26.12.2025 18:00;120,47
26.12.2025 18:00;26.12.2025 19:00;116,97
26.12.2025 19:00;26.12.2025 20:00;116,26
26.12.2025 20:00;26.12.2025 21:00;113,73
26.12.2025 21:00;26.12.2025 22:00;111,5
26.12.2025 22:00;26.12.2025 23:00;108,26
26.12.2025 23:00;27.12.2025 00:00;99,37
27.12.2025 00:00;27.12.2025 01:00;96,69
27.12.2025 01:00;27.12.2025 02:00;91,73
27.12.2025 02:00;27.12.2025 03:00;84,71
27.12.2025 03:00;27.12.2025 04:00;82,72
27.12.2025 04:00;27.12.2025 05:00;84,0
27.12.2025 05:00;27.12.2025 06:00;83,17
27.12.2025 06:00;27.12.2025 07:00;88,02
27.12.2025 07:00;27.12.2025 08:00;99,51
27.12.2025 08:00;27.12.2025 09:00;102,32
27.12.2025 09:00;27.12.2025 10:00;93,81
27.12.2025 10:00;27.12.2025 11:00;80,03
27.12.2025 11:00;27.12.2025 12:00;75,4
27.12.2025 12:00;27.12.2025 13:00;74,54
27.12.2025 13:00;27.12.2025 14:00;76,74
27.12.2025 14:00;27.12.2025 15:00;81,2
27.12.2025 15:00;27.12.2025 16:00;94,54
27.12.2025 16:00;27.12.2025 17:00;103,01
27.12.2025 17:00;27.12.2025 18:00;105,93
27.12.2025 18:00;27.12.2025 19:00;108,43
27.12.2025 19:00;27.12.2025 20:00;105,0
27.12.2025 20:00;27.12.2025 21:00;102,59
27.12.2025 21:00;27.12.2025 22:00;93,9
27.12.2025 22:00;27.12.2025 23:00;95,42
27.12.2025 23:00;28.12.2025 00:00;91,3
28.12.2025 00:00;28.12.2025 01:00;84,34
28.12.2025 01:00;28.12.2025 02:00;83,37
28.12.2025 02:00;28.12.2025 03:00;79,96
28.12.2025 03:00;28.12.2025 04:00;78,82
28.12.2025 04:00;28.12.2025 05:00;80,45
28.12.2025 05:00;28.12.2025 06:00;83,61
28.12.2025 06:00;28.12.2025 07:00;86,48
28.12.2025 07:00;28.12.2025 08:00;92,15
28.12.2025 08:00;28.12.2025 09:00;97,36
28.12.2025 09:00;28.12.2025 10:00;96,57
28.12.2025 10:00;28.12.2025 11:00;88,21
28.12.2025 11:00;28.12.2025 12:00;88,37
28.12.2025 12:00;28.12.2025 13:00;80,02
28.12.2025 13:00;28.12.2025 14:00;80,03
28.12.2025 14:00;28.12.2025 15:00;86,68
28.12.2025 15:00;28.12.2025 16:00;100,87
28.12.2025 16:00;28.12.2025 17:00;110,88
28.12.2025 17:00;28.12.2025 18:00;113,7
28.12.2025 18:00;28.12.2025 19:00;114,46
28.12.2025 19:00;28.12.2025 20:00;109,33
28.12.2025 20:00;28.12.2025 21:00;105,01
28.12.2025 21:00;28.12.2025 22:00;99,03
28.12.2025 22:00;28.12.2025 23:00;98,28
28.12.2025 23:00;29.12.2025 00:00;88,44
29.12.2025 00:00;29.12.2025 01:00;89,88
29.12.2025 01:00;29.12.2025 02:00;84,98
29.12.2025 02:00;29.12.2025 03:00;84,18
29.12.2025 03:00;29.12.2025 04:00;82,19
29.12.2025 04:00;29.12.2025 05:00;83,62
29.12.2025 05:00;29.12.2025 06:00;90,79
29.12.2025 06:00;29.12.2025 07:00;96,33
29.12.2025 07:00;29.12.2025 08:00;104,72
29.12.2025 08:00;29.12.2025 09:00;113,88
29.12.2025 09:00;29.12.2025 10:00;111,01
29.12.2025 10:00;29.12.2025 11:00;97,65
29.12.2025 11:00;29.12.2025 12:00;90,35
29.12.2025 12:00;29.12.2025 13:00;87,66
29.12.2025 13:00;29.12.2025 14:00;88,52
29.12.2025 14:00;29.12.2025 15:00;96,1
29.12.2025 15:00;29.12.2025 16:00;103,51
29.12.2025 16:00;29.12.2025 17:00;108,66
29.12.2025 17:00;29.12.2025 18:00;107,01
29.12.2025 18:00;29.12.2025 19:00;103,31
29.12.2025 19:00;29.12.2025 20:00;95,15
29.12.2025 20:00;29.12.2025 21:00;90,37
29.12.2025 21:00;29.12.2025 22:00;83,25
29.12.2025 22:00;29.12.2025 23:00;87,91
29.12.2025 23:00;30.12.2025 00:00;83,34
30.12.2025 00:00;30.12.2025 01:00;77,86
30.12.2025 01:00;30.12.2025 02:00;73,22
30.12.2025 02:00;30.12.2025 03:00;71,86
30.12.2025 03:00;30.12.2025 04:00;69,36
30.12.2025 04:00;30.12.2025 05:00;68,54
30.12.2025 05:00;30.12.2025 06:00;71,99
30.12.2025 06:00;30.12.2025 07:00;80,02
30.12.2025 07:00;30.12.2025 08:00;87,97
30.12.2025 08:00;30.12.2025 09:00;94,88
30.12.2025 09:00;30.12.2025 10:00;94,39
30.12.2025 10:00;30.12.2025 11:00;85,82
30.12.2025 11:00;30.12.2025 12:00;79,38
30.12.2025 12:00;30.12.2025 13:00;76,16
30.12.2025 13:00;30.12.2025 14:00;76,76
30.12.2025 14:00;30.12.2025 15:00;88,97
30.12.2025 15:00;30.12.2025 16:00;102,33
30.12.2025 16:00;30.12.2025 17:00;109,1
30.12.2025 17:00;30.12.2025 18:00;110,71
30.12.2025 18:00;30.12.2025 19:00;109,12
30.12.2025 19:00;30.12.2025 20:00;105,61
30.12.2025 20:00;30.12.2025 21:00;101,04
30.12.2025 21:00;30.12.2025 22:00;93,32
30.12.2025 22:00;30.12.2025 23:00;92,05
30.12.2025 23:00;31.12.2025 00:00;85,81
31.12.2025 00:00;31.12.2025 01:00;88,08
31.12.2025 01:00;31.12.2025 02:00;84,34
31.12.2025 02:00;31.12.2025 03:00;80,21
31.12.2025 03:00;31.12.2025 04:00;76,58
31.12.2025 04:00;31.12.2025 05:00;74,93
31.12.2025 05:00;31.12.2025 06:00;77,38
31.12.2025 06:00;31.12.2025 07:00;81,87
31.12.2025 07:00;31.12.2025 08:00;85,28
31.12.2025 08:00;31.12.2025 09:00;95,79
31.12.2025 09:00;31.12.2025 10:00;95,34
31.12.2025 10:00;31.12.2025 11:00;89,26
31.12.2025 11:00;31.12.2025 12:00;83,48
31.12.2025 12:00;31.12.2025 13:00;83,05
31.12.2025 13:00;31.12.2025 14:00;85,17
31.12.2025 14:00;31.12.2025 15:00;85,18
31.12.2025 15:00;31.12.2025 16:00;90,83
31.12.2025 16:00;31.12.2025 17:00;100,71
31.12.2025 17:00;31.12.2025 18:00;110,1
31.12.2025 18:00;31.12.2025 19:00;107,53
31.12.2025 19:00;31.12.2025 20:00;95,99
31.12.2025 20:00;31.12.2025 21:00;86,8
31.12.2025 21:00;31.12.2025 22:00;79,8
31.12.2025 22:00;31.12.2025 23:00;81,39
31.12.2025 23:00;01.01.2026 00:00;76,45
